game_id,time,P0_species,P0_Ability,P0_AddToControlGroup,P0_Camera,P0_ControlGroup,P0_GetControlGroup,P0_RightClick,P0_Selection,P0_SetControlGr6oup,P1_species,P1_Ability,P1_AddToControlGroup,P1_Camera,P1_ControlGroup,P1_GetControlGroup,P1_RightClick,P1_Selection,P1_SetControlGr6oup,winner,diff_Ability,diff_AddToControlGroup,diff_Camera,diff_ControlGroup,diff_GetControlGroup,diff_RightClick,diff_Selection,diff_SetControlGr6oup
0,7.24,T,34,2,444,0,24,35,50,3,T,34,0,425,0,3,28,57,1,1,0,-2,-19,0,-21,-7,7,-2
1,9.59,P,77,1,627,0,162,160,186,10,T,67,0,858,0,31,131,116,8,1,-10,-1,231,0,-131,-29,-70,-2
2,9.59,P,69,6,413,0,99,160,90,14,Z,85,5,725,2,109,204,232,9,0,16,-1,312,2,10,44,142,-5
3,9.59,T,82,0,713,0,132,276,180,6,P,89,0,388,0,710,268,148,19,0,7,0,-325,0,578,-8,-32,13
4,5.39,T,57,1,430,0,224,177,67,10,Z,36,4,272,0,99,106,126,8,0,-21,3,-158,0,-125,-71,59,-2
5,9.59,P,66,0,210,0,21,337,138,3,P,51,0,687,0,0,77,62,0,0,-15,0,477,0,-21,-260,-76,-3
6,7.07,P,39,0,324,0,27,131,76,12,T,55,5,265,0,842,141,155,4,1,16,5,-59,0,815,10,79,-8
7,7.28,Z,53,0,315,0,43,79,148,17,P,64,6,508,0,192,303,87,5,0,11,6,193,0,149,224,-61,-12
8,9.54,T,45,4,327,0,13,35,63,0,Z,52,3,236,0,15,39,177,1,1,7,-1,-91,0,2,4,114,1
9,3.49,P,18,3,171,0,111,108,139,2,Z,19,5,246,0,17,36,51,0,1,1,2,75,0,-94,-72,-88,-2
10,9.58,P,79,0,477,0,52,218,189,4,T,84,3,551,0,566,156,104,1,0,5,3,74,0,514,-62,-85,-3
11,9.58,Z,42,5,804,0,25,139,120,0,T,54,0,491,0,0,52,98,0,1,12,-5,-313,0,-25,-87,-22,0
12,6.41,T,37,0,419,0,5,73,78,14,Z,39,1,198,0,82,79,132,2,1,2,1,-221,0,77,6,54,-12
13,10.32,P,49,4,621,0,19,219,85,4,Z,51,2,899,0,25,127,197,0,1,2,-2,278,0,6,-92,112,-4
14,4.27,P,18,1,288,0,3,86,36,2,P,24,0,262,0,322,111,91,5,1,6,-1,-26,0,319,25,55,3
15,3.39,T,23,2,81,0,156,39,64,8,T,20,0,338,0,20,98,44,4,0,-3,-2,257,0,-136,59,-20,-4
16,9.59,T,42,6,855,0,8,159,85,0,P,64,10,523,0,138,409,91,1,0,22,4,-332,0,130,250,6,1
17,4.35,T,32,11,242,0,542,89,114,6,P,23,3,237,0,2,114,31,0,0,-9,-8,-5,0,-540,25,-83,-6
18,4.55,Z,26,0,228,0,47,68,103,5,Z,42,0,82,0,41,126,95,7,1,16,0,-146,0,-6,58,-8,2
19,9.59,T,86,1,769,0,306,246,104,14,Z,78,3,543,0,333,190,272,4,1,-8,2,-226,0,27,-56,168,-10
20,10.18,Z,61,2,346,0,58,259,250,3,T,94,0,526,0,50,305,180,9,0,33,-2,180,0,-8,46,-70,6
21,10.32,Z,64,0,657,0,54,228,182,2,P,69,1,935,0,12,155,78,0,1,5,1,278,0,-42,-73,-104,-2
22,9.59,T,73,0,513,0,95,65,119,6,Z,68,0,485,0,59,170,187,2,1,-5,0,-28,0,-36,105,68,-4
23,7.4,P,43,5,673,0,486,144,71,4,T,60,3,505,0,220,140,92,5,1,17,-2,-168,0,-266,-4,21,1
24,6.1,Z,40,0,313,0,33,87,108,2,T,42,6,418,0,35,96,41,0,1,2,6,105,0,2,9,-67,-2
25,5.55,T,49,1,352,0,54,138,60,1,Z,36,1,250,0,35,73,120,0,0,-13,0,-102,0,-19,-65,60,-1
26,3.11,T,11,0,313,0,0,21,25,0,Z,14,0,280,0,16,14,65,13,0,3,0,-33,0,16,-7,40,13
27,3.22,P,27,0,110,0,54,151,60,7,P,23,0,95,0,2,44,28,4,1,-4,0,-15,0,-52,-107,-32,-3
28,9.59,P,81,4,650,0,536,208,64,13,T,142,5,761,0,1145,266,205,9,0,61,1,111,0,609,58,141,-4
29,7.08,T,66,0,252,0,492,200,231,3,T,73,3,252,0,82,242,127,17,0,7,3,0,0,-410,42,-104,14
30,4.2,P,28,0,188,0,45,198,45,7,Z,22,0,148,0,97,159,109,5,1,-6,0,-40,0,52,-39,64,-2
31,5.22,T,17,1,161,0,11,62,33,2,P,24,0,348,0,81,158,66,4,0,7,-1,187,0,70,96,33,2
32,2.08,Z,10,1,28,0,112,28,87,2,Z,6,3,12,0,122,44,29,0,1,-4,2,-16,0,10,16,-58,-2
33,3.22,Z,14,1,105,0,183,98,88,7,Z,15,4,78,0,305,31,92,1,0,1,3,-27,0,122,-67,4,-6
34,9.12,P,66,0,493,0,65,195,93,9,Z,79,1,656,0,157,289,295,6,0,13,1,163,0,92,94,202,-3
35,9.59,Z,45,0,194,0,408,317,560,2,T,63,0,587,0,184,129,139,8,1,18,0,393,0,-224,-188,-421,6
36,8.31,Z,63,0,665,0,22,136,160,4,T,36,0,642,0,60,119,72,2,1,-27,0,-23,0,38,-17,-88,-2
37,9.24,P,35,0,907,1,4,293,50,0,Z,35,0,584,0,7,55,169,1,0,0,0,-323,-1,3,-238,119,1
38,7.37,Z,54,2,326,0,61,54,133,4,T,59,5,431,0,31,177,132,4,1,5,3,105,0,-30,123,-1,0
39,4,T,15,0,261,0,190,129,57,4,T,25,0,238,0,89,76,46,6,0,10,0,-23,0,-101,-53,-11,2
40,4.05,Z,20,0,99,0,0,24,58,1,T,23,0,152,0,226,61,116,3,1,3,0,53,0,226,37,58,2
41,5.13,P,22,0,137,0,0,36,25,0,T,19,0,250,0,7,49,42,2,0,-3,0,113,0,7,13,17,2
42,9.58,T,52,0,760,0,37,53,68,6,T,30,0,524,0,0,33,62,0,0,-22,0,-236,0,-37,-20,-6,-6
43,9.58,P,33,0,331,0,0,59,76,1,Z,28,0,255,0,0,59,110,0,0,-5,0,-76,0,0,0,34,-1
44,5.44,P,22,0,426,0,23,34,40,1,Z,22,0,82,0,0,60,74,0,0,0,0,-344,0,-23,26,34,-1
45,5.06,T,41,0,211,0,186,160,82,16,Z,28,0,412,0,57,128,162,6,1,-13,0,201,0,-129,-32,80,-10
46,7.37,Z,46,0,513,0,63,61,136,3,Z,45,1,364,0,125,184,226,10,1,-1,1,-149,0,62,123,90,7
47,9.59,Z,74,8,548,0,49,204,237,0,P,83,2,490,0,57,367,95,5,1,9,-6,-58,0,8,163,-142,5
48,5.02,P,21,2,441,0,26,57,30,4,T,24,0,297,0,27,133,39,1,1,3,-2,-144,0,1,76,9,-3
49,2.5,Z,7,0,131,0,6,34,35,6,Z,12,2,156,0,375,15,27,2,1,5,2,25,0,369,-19,-8,-4
50,8.25,T,93,1,355,0,186,182,116,7,Z,52,9,330,0,227,244,397,8,1,-41,8,-25,0,41,62,281,1
51,6.59,Z,34,3,190,0,65,43,160,9,P,36,0,611,0,5,75,59,7,0,2,-3,421,0,-60,32,-101,-2
52,6.21,P,38,6,301,0,20,65,45,0,P,36,7,403,0,71,119,67,1,1,-2,1,102,0,51,54,22,1
53,6.5,T,50,4,175,0,45,59,130,0,P,36,0,339,0,60,123,39,12,1,-14,-4,164,0,15,64,-91,12
54,3.13,T,15,0,164,0,5,16,24,2,Z,11,2,29,0,316,20,40,1,1,-4,2,-135,0,311,4,16,-1
55,5.38,T,30,4,134,0,222,53,276,0,T,38,0,263,0,276,203,87,14,0,8,-4,129,0,54,150,-189,14
56,10.41,Z,69,3,401,0,36,104,256,0,P,44,0,579,0,0,135,93,2,1,-25,-3,178,0,-36,31,-163,2
57,9.59,T,67,3,663,0,54,247,89,4,P,46,3,447,0,11,190,88,0,0,-21,0,-216,0,-43,-57,-1,-4
58,8.21,P,34,0,372,0,12,167,102,2,P,46,0,359,0,72,84,45,5,0,12,0,-13,0,60,-83,-57,3
59,5.15,P,28,0,344,0,9,180,39,5,P,36,0,423,0,105,144,58,6,0,8,0,79,0,96,-36,19,1
60,9.59,P,39,0,362,0,19,57,52,1,T,38,0,408,0,0,32,51,0,0,-1,0,46,0,-19,-25,-1,-1
61,5.56,Z,30,3,215,0,31,215,264,2,P,34,3,390,0,85,96,89,0,1,4,0,175,0,54,-119,-175,-2
62,9.59,P,58,7,700,0,144,145,103,1,Z,40,0,679,0,40,188,128,8,0,-18,-7,-21,0,-104,43,25,7
63,9.59,T,76,0,674,0,39,202,161,12,T,76,9,364,0,24,182,117,2,0,0,9,-310,0,-15,-20,-44,-10
64,10.59,T,80,5,439,0,136,133,110,6,P,53,1,505,0,6,283,95,1,1,-27,-4,66,0,-130,150,-15,-5
65,2.17,Z,7,0,87,0,11,41,19,3,Z,5,0,43,0,1,40,55,1,1,-2,0,-44,0,-10,-1,36,-2
66,7.35,T,39,1,745,0,3,190,57,1,T,29,0,402,0,0,71,64,0,0,-10,-1,-343,0,-3,-119,7,-1
67,4.32,Z,27,0,147,0,352,141,134,6,P,35,0,281,0,417,158,73,14,1,8,0,134,0,65,17,-61,8
68,6.05,T,28,0,186,0,3,68,120,1,Z,24,0,284,0,0,43,76,0,0,-4,0,98,0,-3,-25,-44,-1
69,9.59,P,36,0,943,0,0,138,82,0,T,55,1,699,0,167,167,61,0,1,19,1,-244,0,167,29,-21,0
70,7.52,P,61,0,249,0,83,295,197,3,Z,40,0,263,0,144,182,199,6,1,-21,0,14,0,61,-113,2,3
71,6.45,T,35,0,382,0,0,51,79,0,T,36,0,138,0,4,49,49,3,1,1,0,-244,0,4,-2,-30,3
72,9.59,T,65,0,537,0,4,116,107,1,P,43,0,248,0,3,88,63,2,0,-22,0,-289,0,-1,-28,-44,1
73,9.42,P,55,0,452,0,10,259,47,4,Z,61,2,636,0,16,191,186,0,1,6,2,184,0,6,-68,139,-4
74,9.59,T,84,0,784,0,184,220,151,9,T,79,6,325,0,145,141,322,6,1,-5,6,-459,0,-39,-79,171,-3
75,3.24,P,16,2,168,0,90,77,17,0,Z,11,0,207,0,11,21,34,1,1,-5,-2,39,0,-79,-56,17,1
76,4.03,P,18,3,174,0,161,157,35,0,T,25,0,179,0,7,42,35,3,1,7,-3,5,0,-154,-115,0,3
77,9.59,Z,34,1,367,0,13,86,135,3,T,45,0,480,0,18,81,90,4,1,11,-1,113,0,5,-5,-45,1
78,7.27,Z,53,6,335,0,138,168,183,3,Z,56,3,516,0,55,186,137,1,0,3,-3,181,0,-83,18,-46,-2
79,5.12,P,27,0,291,0,2,101,35,3,P,27,0,189,0,75,122,64,8,0,0,0,-102,0,73,21,29,5
80,5.51,T,29,2,500,0,1,134,141,0,P,24,0,325,1,1,56,40,0,0,-5,-2,-175,1,0,-78,-101,0
81,8.13,Z,74,8,416,0,528,350,264,9,P,102,3,453,0,328,279,259,6,1,28,-5,37,0,-200,-71,-5,-3
82,3.32,T,9,0,162,0,0,19,15,2,P,6,0,358,0,0,25,15,0,0,-3,0,196,0,0,6,0,-2
83,5.18,P,24,0,198,0,1,32,35,4,T,19,0,124,0,1,58,51,3,1,-5,0,-74,0,0,26,16,-1
84,8.32,T,58,3,315,0,25,127,68,2,P,21,0,286,0,0,25,49,0,0,-37,-3,-29,0,-25,-102,-19,-2
85,10.51,Z,65,4,462,0,46,246,225,0,Z,70,0,813,0,112,211,206,10,1,5,-4,351,0,66,-35,-19,10
86,9.59,T,72,10,505,0,72,82,84,0,T,81,4,769,0,343,146,107,4,0,9,-6,264,0,271,64,23,4
87,7.52,Z,62,7,347,0,662,125,206,2,T,75,0,487,0,248,109,71,8,1,13,-7,140,0,-414,-16,-135,6
88,1.02,P,3,0,16,0,1,8,3,2,T,3,0,31,0,0,7,5,0,0,0,0,15,0,-1,-1,2,-2
89,8.02,P,71,3,484,0,217,272,163,6,P,101,12,503,0,351,280,160,15,0,30,9,19,0,134,8,-3,9
90,4.24,P,26,0,120,0,122,92,32,1,Z,19,0,92,0,11,61,70,0,1,-7,0,-28,0,-111,-31,38,-1
91,10.28,T,66,2,465,0,59,220,87,5,Z,64,10,684,0,82,308,277,5,1,-2,8,219,0,23,88,190,0
92,4,Z,25,2,198,0,55,54,61,6,Z,27,0,430,0,40,196,58,8,0,2,-2,232,0,-15,142,-3,2
93,3.32,Z,13,1,117,0,6,85,60,5,Z,16,2,123,0,122,49,114,3,0,3,1,6,0,116,-36,54,-2
94,4.19,T,33,0,187,0,328,163,203,8,Z,25,3,198,0,39,105,101,1,0,-8,3,11,0,-289,-58,-102,-7
95,6.55,Z,33,0,224,0,31,204,130,1,P,44,3,574,0,23,272,119,1,1,11,3,350,0,-8,68,-11,0
96,8.26,Z,67,0,378,0,41,159,225,8,T,88,0,358,0,223,201,132,11,1,21,0,-20,0,182,42,-93,3
97,9.51,Z,72,17,517,0,179,373,283,3,T,98,4,952,1,131,422,128,4,0,26,-13,435,1,-48,49,-155,1
98,6.56,P,47,2,325,0,326,149,89,7,P,44,5,542,0,185,224,80,11,0,-3,3,217,0,-141,75,-9,4
99,4.31,Z,22,0,238,0,56,129,90,6,Z,37,3,162,0,81,271,163,9,0,15,3,-76,0,25,142,73,3
100,8.06,P,31,0,271,0,171,51,36,6,P,29,0,510,0,0,130,53,0,1,-2,0,239,0,-171,79,17,-6
101,9.59,P,37,6,416,0,14,166,65,0,P,22,0,266,0,0,93,52,2,0,-15,-6,-150,0,-14,-73,-13,2
102,9.59,P,103,0,534,18,314,379,202,1,Z,98,0,1077,0,85,194,232,14,0,-5,0,543,-18,-229,-185,30,13
103,9.59,Z,85,7,370,0,140,221,293,0,P,81,6,420,0,311,275,80,10,1,-4,-1,50,0,171,54,-213,10
104,9.59,T,88,4,342,0,553,293,99,8,P,69,0,317,0,45,142,81,9,1,-19,-4,-25,0,-508,-151,-18,1
105,6.16,Z,34,2,342,0,28,227,145,2,Z,28,0,406,15,306,148,229,2,0,-6,-2,64,15,278,-79,84,0
106,9.59,P,61,3,537,0,7,137,115,0,Z,55,1,170,0,21,84,150,3,1,-6,-2,-367,0,14,-53,35,3
107,3.14,T,15,0,133,0,12,100,24,6,P,14,0,174,0,3,57,26,2,1,-1,0,41,0,-9,-43,2,-4
108,6.44,P,47,1,224,0,263,103,95,10,Z,50,0,197,0,112,88,120,7,1,3,-1,-27,0,-151,-15,25,-3
109,4.54,T,31,0,260,0,8,83,53,4,P,26,5,98,0,80,72,74,0,1,-5,5,-162,0,72,-11,21,-4
110,9.34,Z,56,2,727,0,29,91,138,0,T,49,0,663,0,23,182,115,12,0,-7,-2,-64,0,-6,91,-23,12
111,8.42,Z,53,5,595,0,509,225,224,8,Z,71,10,312,1,130,198,125,4,0,18,5,-283,1,-379,-27,-99,-4
112,9.07,Z,62,0,467,0,31,162,228,12,P,80,5,636,0,285,264,183,8,0,18,5,169,0,254,102,-45,-4
113,6.33,P,29,0,342,0,0,132,42,1,T,29,0,402,0,0,67,90,0,1,0,0,60,0,0,-65,48,-1
114,9.59,Z,64,7,944,0,12,270,167,3,P,57,6,441,0,14,132,95,10,1,-7,-1,-503,0,2,-138,-72,7
115,10.29,Z,55,0,785,0,33,142,168,2,T,59,5,834,0,37,171,164,0,0,4,5,49,0,4,29,-4,-2
116,9.59,T,95,11,538,1,615,320,216,9,T,118,7,664,0,733,280,117,11,0,23,-4,126,-1,118,-40,-99,2
117,4.22,P,24,0,180,0,0,50,45,0,P,17,2,144,0,9,41,24,1,1,-7,2,-36,0,9,-9,-21,1
118,2.58,Z,12,2,124,0,132,81,46,0,P,23,0,225,0,8,53,39,1,0,11,-2,101,0,-124,-28,-7,1
119,9.59,P,93,0,427,0,252,237,116,22,T,122,14,470,0,361,522,263,2,1,29,14,43,0,109,285,147,-20
120,7.2,P,45,6,440,0,22,175,53,0,Z,37,3,503,1,5,76,128,0,0,-8,-3,63,1,-17,-99,75,0
121,8.22,P,55,0,269,0,13,162,77,3,Z,52,0,830,0,46,70,420,1,1,-3,0,561,0,33,-92,343,-2
122,9.59,Z,55,0,584,0,14,161,193,3,P,50,0,544,0,6,133,76,2,1,-5,0,-40,0,-8,-28,-117,-1
123,6.59,T,47,0,237,0,188,204,180,11,T,66,3,347,0,616,240,147,9,0,19,3,110,0,428,36,-33,-2
124,9.59,T,81,1,414,0,59,205,112,11,Z,67,0,455,0,527,311,342,6,0,-14,-1,41,0,468,106,230,-5
125,9.59,T,91,5,869,0,44,191,188,4,T,78,2,391,0,30,233,149,8,1,-13,-3,-478,0,-14,42,-39,4
126,4.13,Z,14,0,161,0,0,24,46,1,T,15,1,112,0,9,10,25,4,1,1,1,-49,0,9,-14,-21,3
127,2.49,T,18,0,59,0,27,80,29,3,T,13,0,70,0,116,93,25,6,0,-5,0,11,0,89,13,-4,3
128,4.02,P,11,0,90,0,0,15,12,0,P,11,0,232,0,0,19,14,0,1,0,0,142,0,0,4,2,0
129,10.08,P,52,5,802,0,15,283,97,1,T,75,6,383,0,218,197,145,6,1,23,1,-419,0,203,-86,48,5
130,8.27,Z,53,0,207,0,162,256,294,7,Z,39,0,362,0,426,43,132,10,0,-14,0,155,0,264,-213,-162,3
131,4.4,Z,25,3,399,0,8,31,52,0,P,25,3,178,0,95,133,106,0,1,0,0,-221,0,87,102,54,0
132,4.27,Z,22,0,216,10,278,62,121,1,P,32,1,110,1,475,97,67,8,1,10,1,-106,-9,197,35,-54,7
133,8.21,Z,66,3,389,0,482,223,301,3,P,78,3,686,0,75,327,123,5,0,12,0,297,0,-407,104,-178,2
134,9.59,T,88,1,431,0,613,353,144,9,P,68,0,508,0,45,219,92,25,1,-20,-1,77,0,-568,-134,-52,16
135,9.59,T,68,0,711,0,12,137,163,15,P,79,0,729,0,115,267,138,12,1,11,0,18,0,103,130,-25,-3
136,9.59,T,67,0,723,0,23,261,103,5,T,88,3,698,0,5,313,208,0,0,21,3,-25,0,-18,52,105,-5
137,9.58,P,42,0,425,0,0,62,68,1,P,38,0,343,0,2,67,55,4,0,-4,0,-82,0,2,5,-13,3
138,5.27,P,25,1,178,0,40,87,102,2,P,30,0,288,0,295,127,38,4,0,5,-1,110,0,255,40,-64,2
139,3.45,Z,14,0,136,0,1,35,59,2,P,17,0,83,0,4,33,30,2,0,3,0,-53,0,3,-2,-29,0
140,7.58,P,12,0,270,0,0,31,23,0,T,52,1,692,0,46,118,80,3,1,40,1,422,0,46,87,57,3
141,3.2,Z,18,0,244,0,162,84,103,10,P,17,1,218,0,111,99,44,2,0,-1,1,-26,0,-51,15,-59,-8
142,3.02,Z,7,1,340,0,7,24,38,0,Z,9,0,37,0,12,11,26,1,0,2,-1,-303,0,5,-13,-12,1
143,1.32,Z,9,0,72,0,55,63,27,3,P,7,0,83,0,1,39,9,2,1,-2,0,11,0,-54,-24,-18,-1
144,9.59,Z,63,3,277,0,94,105,239,4,P,58,0,510,0,160,221,171,7,1,-5,-3,233,0,66,116,-68,3
145,10.56,Z,76,0,969,0,88,209,236,3,P,46,0,816,0,3,182,108,9,0,-30,0,-153,0,-85,-27,-128,6
146,8.37,P,24,0,254,0,0,173,53,1,P,34,2,679,0,9,83,52,0,1,10,2,425,0,9,-90,-1,-1
147,6.56,P,39,0,217,0,19,99,43,4,T,71,0,292,0,321,232,151,8,1,32,0,75,0,302,133,108,4
148,6.22,Z,54,5,131,0,302,193,198,5,P,66,0,252,0,314,297,108,8,1,12,-5,121,0,12,104,-90,3
149,4.23,Z,21,0,454,0,72,119,134,6,P,22,0,242,0,83,148,91,3,0,1,0,-212,0,11,29,-43,-3
150,9.59,P,58,0,464,1,48,215,64,7,Z,57,3,425,0,24,91,221,0,1,-1,3,-39,-1,-24,-124,157,-7
151,9.57,T,41,0,582,0,0,69,59,0,T,25,0,639,0,0,27,39,0,1,-16,0,57,0,0,-42,-20,0
152,9.59,P,50,0,259,0,12,125,90,10,T,91,4,517,0,271,224,295,6,0,41,4,258,0,259,99,205,-4
153,3.48,Z,20,0,354,0,246,196,159,8,Z,14,1,255,3,31,68,73,0,0,-6,1,-99,3,-215,-128,-86,-8
154,4.06,P,22,0,36,0,1,32,36,2,T,26,0,340,0,7,54,38,3,0,4,0,304,0,6,22,2,1
155,6.43,T,39,0,326,0,0,27,63,0,P,22,0,232,0,0,13,34,0,1,-17,0,-94,0,0,-14,-29,0
156,9.58,P,44,3,466,0,3,206,126,2,Z,59,0,571,0,36,271,215,9,1,15,-3,105,0,33,65,89,7
157,5.4,T,61,2,248,0,500,139,98,7,P,33,0,164,0,833,101,62,5,0,-28,-2,-84,0,333,-38,-36,-2
158,4.54,Z,33,0,173,0,76,57,147,7,Z,22,0,497,0,48,77,92,1,1,-11,0,324,0,-28,20,-55,-6
159,4.02,Z,9,0,80,0,0,13,34,0,Z,15,1,50,0,0,50,101,0,1,6,1,-30,0,0,37,67,0
160,9.58,P,78,0,302,0,33,239,93,9,T,52,0,817,0,0,165,121,1,0,-26,0,515,0,-33,-74,28,-8
161,10.06,P,71,1,375,0,888,254,256,9,P,72,0,332,0,51,239,146,9,1,1,-1,-43,0,-837,-15,-110,0
162,5.23,P,27,0,246,0,146,149,112,4,T,37,0,413,0,7,125,47,4,1,10,0,167,0,-139,-24,-65,0
163,6.02,T,68,3,134,0,2,222,57,0,P,48,3,263,0,224,138,48,7,1,-20,0,129,0,222,-84,-9,7
164,3.32,T,19,1,59,0,386,64,80,3,T,22,0,108,0,127,121,60,9,0,3,-1,49,0,-259,57,-20,6
165,4.36,Z,17,0,225,0,10,54,136,4,T,26,2,106,0,85,56,80,4,1,9,2,-119,0,75,2,-56,0
166,5.41,Z,32,0,312,0,37,18,89,2,Z,31,4,209,0,38,65,95,0,0,-1,4,-103,0,1,47,6,-2
167,9.59,Z,46,1,566,0,30,110,185,0,Z,57,0,515,0,9,155,145,2,1,11,-1,-51,0,-21,45,-40,2
168,6.53,T,54,0,371,0,541,215,214,9,P,53,2,310,3,231,251,184,0,1,-1,2,-61,3,-310,36,-30,-9
169,9.59,T,120,3,366,0,610,303,291,7,Z,122,16,423,0,823,286,325,14,1,2,13,57,0,213,-17,34,7
170,9.57,T,49,0,324,0,17,45,57,2,P,55,8,784,6,47,188,74,10,0,6,8,460,6,30,143,17,8
171,3.37,T,22,3,137,0,1,38,14,0,T,22,0,194,0,93,45,26,3,0,0,-3,57,0,92,7,12,3
172,9.59,Z,73,0,273,12,1406,292,318,2,T,111,6,394,2,592,251,151,6,1,38,6,121,-10,-814,-41,-167,4
173,6.42,T,21,0,166,0,0,14,42,0,T,11,0,398,0,0,11,28,0,0,-10,0,232,0,0,-3,-14,0
174,3.25,T,19,0,109,0,117,120,115,4,T,24,0,146,0,26,154,17,3,1,5,0,37,0,-91,34,-98,-1
175,6.35,P,29,0,415,0,91,98,43,3,Z,31,0,291,0,78,220,143,4,0,2,0,-124,0,-13,122,100,1
176,9.59,Z,90,2,861,0,75,213,229,0,T,117,2,548,0,121,370,127,9,0,27,0,-313,0,46,157,-102,9
177,7.01,T,49,2,554,0,19,92,55,2,T,45,4,307,0,21,105,53,2,1,-4,2,-247,0,2,13,-2,0
178,9.59,T,36,0,564,0,0,74,52,0,P,38,0,523,0,0,68,87,0,1,2,0,-41,0,0,-6,35,0
179,7.24,Z,46,4,241,0,517,204,250,4,T,73,4,546,0,587,154,112,3,0,27,0,305,0,70,-50,-138,-1
180,9.58,P,56,5,499,0,11,178,67,0,P,47,0,501,0,11,189,93,3,0,-9,-5,2,0,0,11,26,3
181,9.45,Z,64,0,490,0,0,83,199,0,T,76,5,443,0,137,40,77,3,0,12,5,-47,0,137,-43,-122,3
182,1.56,T,7,0,47,0,0,40,11,1,T,11,0,86,0,23,60,23,5,1,4,0,39,0,23,20,12,4
183,7.01,P,47,0,259,0,110,113,175,4,T,44,5,212,0,9,56,79,2,0,-3,5,-47,0,-101,-57,-96,-2
184,7.42,Z,62,0,390,0,68,186,173,6,T,79,3,383,0,386,217,169,6,0,17,3,-7,0,318,31,-4,0
185,5.14,T,32,3,439,0,11,194,84,4,P,23,0,291,0,0,47,38,0,0,-9,-3,-148,0,-11,-147,-46,-4
186,10.44,P,106,0,247,0,181,277,206,11,Z,78,9,362,0,157,248,324,3,0,-28,9,115,0,-24,-29,118,-8
187,0.3,Z,3,0,22,0,8,5,25,7,Z,3,0,0,0,7,7,12,1,0,0,0,-22,0,-1,2,-13,-6
188,4.2,T,28,1,256,0,20,56,50,0,P,15,0,203,0,0,98,23,0,0,-13,-1,-53,0,-20,42,-27,0
189,3.51,P,13,0,281,0,0,19,17,0,T,30,0,126,0,89,58,71,6,1,17,0,-155,0,89,39,54,6
190,9.09,T,84,10,505,0,574,254,156,7,T,78,5,643,0,922,196,417,10,0,-6,-5,138,0,348,-58,261,3
191,4.46,T,60,0,197,0,96,204,85,4,Z,30,6,139,0,104,166,102,6,0,-30,6,-58,0,8,-38,17,2
192,9.59,T,92,1,435,0,378,187,253,11,Z,74,2,671,0,163,442,278,4,1,-18,1,236,0,-215,255,25,-7
193,8.41,T,71,0,465,0,182,299,259,12,T,53,0,492,0,72,204,85,7,0,-18,0,27,0,-110,-95,-174,-5
194,9.44,T,89,0,339,0,123,109,100,9,P,64,0,325,0,30,174,91,8,0,-25,0,-14,0,-93,65,-9,-1
195,5.23,Z,22,3,275,0,19,35,62,0,Z,24,0,376,0,0,61,120,0,1,2,-3,101,0,-19,26,58,0
196,4.42,P,24,0,129,0,277,105,219,6,P,26,0,199,0,322,112,83,10,1,2,0,70,0,45,7,-136,4
197,9.59,Z,90,11,457,0,389,294,308,13,Z,67,5,467,0,444,297,254,6,0,-23,-6,10,0,55,3,-54,-7
198,9.58,T,94,0,1199,0,773,134,160,8,Z,74,1,299,0,30,256,296,0,0,-20,1,-900,0,-743,122,136,-8
199,8.39,Z,130,6,490,0,441,378,285,21,P,116,10,381,0,154,419,218,7,0,-14,4,-109,0,-287,41,-67,-14
200,0.08,P,0,0,59,0,0,0,0,0,P,1,0,2,0,8,1,2,2,1,1,0,-57,0,8,1,2,2
201,8.47,P,32,0,671,0,0,126,202,0,P,21,2,253,0,0,139,29,0,0,-11,2,-418,0,0,13,-173,0
202,10.28,T,51,0,566,0,0,38,102,0,T,71,3,745,0,212,72,104,3,1,20,3,179,0,212,34,2,3
203,9.59,T,64,0,449,0,34,116,86,9,T,89,6,683,1,1191,284,120,17,1,25,6,234,1,1157,168,34,8
204,5.18,T,27,0,268,0,83,50,96,7,P,31,1,218,0,136,74,207,0,0,4,1,-50,0,53,24,111,-7
205,3.42,P,24,0,110,0,293,206,47,6,P,19,0,127,0,4,81,141,1,0,-5,0,17,0,-289,-125,94,-5
206,9.59,T,92,0,658,0,39,114,96,8,T,94,0,733,0,74,246,182,9,1,2,0,75,0,35,132,86,1
207,9.17,T,84,11,534,0,528,262,298,1,T,57,1,562,0,49,216,114,2,0,-27,-10,28,0,-479,-46,-184,1
208,8.41,Z,44,2,675,0,20,85,128,8,P,65,0,481,8,118,150,92,1,1,21,-2,-194,8,98,65,-36,-7
209,6.31,Z,28,4,658,0,46,70,98,0,Z,41,3,263,0,119,167,238,4,0,13,-1,-395,0,73,97,140,4
210,4.43,T,32,1,223,0,219,113,63,7,P,32,0,177,0,89,194,72,10,1,0,-1,-46,0,-130,81,9,3
211,10.37,T,78,0,377,17,87,285,189,3,T,80,1,889,0,76,277,97,3,0,2,1,512,-17,-11,-8,-92,0
212,3.17,Z,12,1,148,0,51,117,44,2,Z,12,0,126,12,454,67,114,0,1,0,-1,-22,12,403,-50,70,-2
213,10.16,Z,61,2,509,0,79,156,245,5,Z,60,0,418,0,211,209,251,7,0,-1,-2,-91,0,132,53,6,2
214,8.52,T,56,0,651,0,12,126,150,2,Z,37,0,627,0,2,139,109,1,0,-19,0,-24,0,-10,13,-41,-1
215,10.17,Z,55,5,976,0,184,305,310,0,Z,81,0,563,0,34,204,234,9,0,26,-5,-413,0,-150,-101,-76,9
216,7.21,Z,34,1,286,0,64,258,122,3,Z,41,11,445,0,46,197,148,3,1,7,10,159,0,-18,-61,26,0
217,9.49,T,40,0,466,0,1,130,74,0,T,27,0,454,0,0,64,77,0,0,-13,0,-12,0,-1,-66,3,0
218,9.59,T,107,0,684,0,807,257,157,17,T,82,5,471,0,201,206,177,1,0,-25,5,-213,0,-606,-51,20,-16
219,8.03,Z,53,0,370,0,11,209,244,2,Z,35,1,395,0,35,240,116,3,1,-18,1,25,0,24,31,-128,1
220,5.25,P,26,0,347,0,4,99,210,2,P,26,1,147,0,5,144,45,2,0,0,1,-200,0,1,45,-165,0
221,9.45,P,87,2,435,0,574,431,72,12,T,106,4,661,0,914,268,282,12,0,19,2,226,0,340,-163,210,0
222,6.08,P,21,1,499,0,4,107,157,3,P,27,4,262,0,2,76,49,0,1,6,3,-237,0,-2,-31,-108,-3
223,9.58,P,53,4,562,0,51,90,80,0,P,25,0,349,0,6,73,55,1,0,-28,-4,-213,0,-45,-17,-25,1
224,5.32,Z,18,0,296,0,537,81,117,7,T,39,3,158,0,317,105,55,6,0,21,3,-138,0,-220,24,-62,-1
225,6.2,T,74,0,309,0,542,225,132,11,P,71,0,269,0,403,258,64,14,0,-3,0,-40,0,-139,33,-68,3
226,2.27,Z,9,0,42,0,0,15,47,0,T,11,0,40,0,81,19,14,1,1,2,0,-2,0,81,4,-33,1
227,9.59,T,150,0,756,0,786,262,253,13,Z,46,0,588,0,0,78,211,0,0,-104,0,-168,0,-786,-184,-42,-13
228,9.41,Z,62,3,330,0,56,91,159,3,T,82,2,385,0,78,119,98,0,0,20,-1,55,0,22,28,-61,-3
229,10.45,Z,57,0,299,0,26,153,212,2,Z,84,0,1094,0,201,175,375,1,1,27,0,795,0,175,22,163,-1
230,9.59,Z,63,7,483,0,101,155,207,4,T,69,5,840,0,92,215,119,1,1,6,-2,357,0,-9,60,-88,-3
231,9.16,T,98,1,458,0,79,435,136,20,Z,64,0,708,0,42,104,178,7,0,-34,-1,250,0,-37,-331,42,-13
232,7.03,T,54,7,413,5,199,147,105,0,Z,31,0,152,0,49,67,132,9,0,-23,-7,-261,-5,-150,-80,27,9
233,7.5,P,56,5,527,0,381,167,66,6,T,74,0,388,0,470,214,161,5,1,18,-5,-139,0,89,47,95,-1
234,9.58,Z,52,0,186,0,0,40,220,0,T,22,0,358,0,0,19,67,0,0,-30,0,172,0,0,-21,-153,0
235,8.5,Z,52,0,350,0,601,128,142,7,P,51,0,540,0,210,295,184,11,0,-1,0,190,0,-391,167,42,4
236,9.59,Z,50,0,427,0,21,84,170,4,T,51,0,917,0,0,61,78,0,0,1,0,490,0,-21,-23,-92,-4
237,3.44,T,7,0,105,0,0,12,14,0,Z,11,0,105,0,124,20,48,4,1,4,0,0,0,124,8,34,4
238,9.58,T,92,0,530,0,2,191,214,1,T,69,0,407,0,33,78,105,6,0,-23,0,-123,0,31,-113,-109,5
239,7.33,P,41,7,364,0,247,220,194,0,T,54,7,270,0,490,240,141,1,1,13,0,-94,0,243,20,-53,1
240,9.59,Z,86,8,452,0,585,249,342,4,Z,87,0,643,6,385,250,498,1,1,1,-8,191,6,-200,1,156,-3
241,9.58,Z,74,0,408,0,77,270,189,7,T,83,6,476,0,482,258,143,3,0,9,6,68,0,405,-12,-46,-4
242,9.59,T,126,3,452,0,634,344,145,14,T,87,5,392,0,761,158,125,7,0,-39,2,-60,0,127,-186,-20,-7
243,9.59,Z,69,4,308,0,79,193,202,4,T,78,0,207,12,38,165,100,0,0,9,-4,-101,12,-41,-28,-102,-4
244,8.33,Z,45,3,468,0,69,20,148,4,T,58,0,796,0,0,46,146,0,1,13,-3,328,0,-69,26,-2,-4
245,8.55,Z,109,9,440,0,248,197,221,7,T,91,0,588,0,141,257,142,10,0,-18,-9,148,0,-107,60,-79,3
246,9.59,T,75,8,461,0,329,103,371,1,T,86,0,306,0,572,229,192,19,0,11,-8,-155,0,243,126,-179,18
247,10.37,Z,63,4,673,0,42,163,239,1,T,70,14,951,0,13,272,215,1,1,7,10,278,0,-29,109,-24,0
248,9.55,P,69,2,599,0,21,159,108,1,T,101,2,362,0,825,278,171,19,1,32,0,-237,0,804,119,63,18
249,4.2,Z,20,5,106,0,25,44,118,0,Z,21,0,216,4,13,39,67,0,1,1,-5,110,4,-12,-5,-51,0
250,1.46,T,6,0,23,0,0,4,12,0,P,10,0,81,0,26,55,12,4,1,4,0,58,0,26,51,0,4
251,3.56,Z,17,0,258,0,51,77,52,3,Z,17,0,202,0,11,43,53,4,0,0,0,-56,0,-40,-34,1,1
252,3.28,Z,11,3,185,0,4,11,42,0,Z,14,1,111,0,16,48,56,2,1,3,-2,-74,0,12,37,14,2
253,7.14,T,22,0,467,0,0,64,44,0,T,34,0,134,0,3,32,45,6,1,12,0,-333,0,3,-32,1,6
254,7.04,T,61,0,426,0,35,192,106,4,T,34,0,532,0,0,112,63,0,0,-27,0,106,0,-35,-80,-43,-4
255,4.02,P,17,0,119,0,277,50,100,10,Z,23,0,145,0,15,20,73,1,1,6,0,26,0,-262,-30,-27,-9
256,9.59,P,50,2,290,0,24,156,87,3,Z,43,0,540,0,37,270,202,10,0,-7,-2,250,0,13,114,115,7
257,9.59,P,68,4,579,0,41,323,143,6,P,62,0,642,0,40,409,117,4,1,-6,-4,63,0,-1,86,-26,-2
258,5.12,P,14,0,356,0,0,18,25,0,P,17,2,514,0,3,156,25,2,1,3,2,158,0,3,138,0,2
259,5.02,Z,19,1,571,0,672,63,73,4,P,19,1,292,0,11,168,51,4,0,0,0,-279,0,-661,105,-22,0
260,9.59,Z,69,6,288,0,41,189,206,2,T,42,3,537,0,5,52,63,1,0,-27,-3,249,0,-36,-137,-143,-1
261,6.21,Z,40,4,257,0,111,168,215,1,Z,41,0,274,0,85,71,201,5,1,1,-4,17,0,-26,-97,-14,4
262,6.47,Z,37,1,206,0,293,130,145,6,T,55,4,442,0,73,129,105,5,1,18,3,236,0,-220,-1,-40,-1
263,9.59,T,70,3,819,0,119,116,157,0,P,57,2,705,0,19,140,45,0,0,-13,-1,-114,0,-100,24,-112,0
264,3.24,T,15,0,110,0,15,53,21,3,Z,10,1,231,0,14,20,43,1,1,-5,1,121,0,-1,-33,22,-2
265,8.13,Z,54,7,480,1,96,346,205,13,T,136,10,286,0,193,303,171,13,1,82,3,-194,-1,97,-43,-34,0
266,9.58,Z,57,0,430,0,0,270,227,0,T,91,0,771,0,61,171,79,15,0,34,0,341,0,61,-99,-148,15
267,8.52,T,70,5,799,0,13,156,114,0,Z,54,0,512,0,220,301,151,14,1,-16,-5,-287,0,207,145,37,14
268,9.22,P,68,6,376,0,213,255,290,1,Z,73,0,601,0,118,127,213,12,0,5,-6,225,0,-95,-128,-77,11
269,3.19,Z,14,1,112,0,214,30,40,3,Z,12,0,92,0,6,19,38,0,1,-2,-1,-20,0,-208,-11,-2,-3
270,5.19,Z,35,2,240,0,366,128,118,9,P,35,0,163,0,298,289,134,6,1,0,-2,-77,0,-68,161,16,-3
271,8.17,P,41,3,429,0,19,91,40,1,T,62,5,463,0,63,221,91,1,0,21,2,34,0,44,130,51,0
272,7.1,P,38,0,250,0,19,112,24,2,Z,34,12,226,0,166,153,353,2,1,-4,12,-24,0,147,41,329,0
273,4.32,P,26,3,145,0,59,126,96,4,T,40,11,193,0,287,126,47,3,1,14,8,48,0,228,0,-49,-1
274,10.57,Z,80,2,421,0,43,256,207,17,T,109,2,688,0,192,185,95,6,0,29,0,267,0,149,-71,-112,-11
275,9.59,T,57,0,829,0,29,133,93,13,P,38,2,625,0,17,131,63,0,1,-19,2,-204,0,-12,-2,-30,-13
276,8.29,T,93,5,618,0,546,224,81,13,T,103,0,539,0,75,277,136,12,1,10,-5,-79,0,-471,53,55,-1
277,9.37,Z,64,4,415,0,35,164,202,0,P,77,4,620,0,74,199,113,6,1,13,0,205,0,39,35,-89,6
278,7.39,P,40,4,394,0,51,76,91,0,P,27,0,357,0,1,47,43,1,0,-13,-4,-37,0,-50,-29,-48,1
279,9.59,Z,55,2,581,0,96,255,179,12,Z,87,0,631,0,27,202,177,7,0,32,-2,50,0,-69,-53,-2,-5
280,9.59,P,75,4,551,0,42,291,79,2,Z,63,1,619,0,33,540,347,3,0,-12,-3,68,0,-9,249,268,1
281,9.59,Z,44,1,951,15,125,138,273,0,Z,49,2,140,0,38,78,165,9,1,5,1,-811,-15,-87,-60,-108,9
282,9.58,T,108,5,525,0,157,235,174,0,P,82,0,559,0,47,429,164,5,0,-26,-5,34,0,-110,194,-10,5
283,5.25,T,64,0,404,0,261,191,98,7,Z,23,0,229,0,141,195,143,7,0,-41,0,-175,0,-120,4,45,0
284,7.25,Z,38,3,526,0,88,121,123,3,Z,47,0,236,0,77,172,285,10,0,9,-3,-290,0,-11,51,162,7
285,7.55,T,73,5,512,0,563,173,272,9,P,62,3,498,0,298,251,126,9,0,-11,-2,-14,0,-265,78,-146,0
286,5.22,Z,28,0,204,0,5,80,158,1,P,28,3,496,0,75,73,23,0,0,0,3,292,0,70,-7,-135,-1
287,9.02,T,56,6,320,0,146,137,194,0,T,61,4,573,0,380,174,120,1,0,5,-2,253,0,234,37,-74,1
288,9.59,Z,82,8,455,5,298,432,409,6,Z,86,11,327,0,284,344,334,9,1,4,3,-128,-5,-14,-88,-75,3
289,8.31,P,30,0,601,0,36,121,75,9,P,53,2,580,0,127,192,98,6,1,23,2,-21,0,91,71,23,-3
290,6.46,P,49,0,197,0,31,224,86,7,P,56,4,233,0,296,184,66,8,1,7,4,36,0,265,-40,-20,1
291,5.46,Z,37,0,292,0,219,137,205,6,Z,34,1,255,0,330,133,183,5,1,-3,1,-37,0,111,-4,-22,-1
292,3.45,Z,15,0,339,0,0,49,41,0,Z,15,2,67,0,10,19,60,0,1,0,2,-272,0,10,-30,19,0
293,9.58,T,46,0,463,0,8,168,87,8,T,47,0,333,0,0,96,116,0,1,1,0,-130,0,-8,-72,29,-8
294,7.56,Z,85,0,438,0,199,260,237,18,T,83,1,371,0,360,235,96,3,0,-2,1,-67,0,161,-25,-141,-15
295,1.5,P,5,0,94,0,0,18,13,0,P,4,0,110,0,0,31,4,0,1,-1,0,16,0,0,13,-9,0
296,9.58,Z,57,2,407,0,57,143,354,4,T,78,0,344,0,41,189,367,4,0,21,-2,-63,0,-16,46,13,0
297,9.59,Z,47,0,528,7,44,79,203,0,P,55,2,644,0,5,97,68,0,0,8,2,116,-7,-39,18,-135,0
298,4.07,T,39,0,198,0,506,112,149,12,T,23,2,160,0,297,123,44,4,0,-16,2,-38,0,-209,11,-105,-8
299,5.31,P,32,0,330,0,727,89,23,9,Z,28,4,182,0,98,83,147,2,0,-4,4,-148,0,-629,-6,124,-7
300,6.14,T,51,2,299,0,163,176,104,5,T,37,0,308,0,48,85,61,10,1,-14,-2,9,0,-115,-91,-43,5
301,5.18,P,11,0,396,0,0,17,13,0,P,26,0,382,0,0,54,44,0,0,15,0,-14,0,0,37,31,0
302,9.59,Z,77,0,865,0,108,245,221,12,Z,99,2,590,23,302,361,347,8,1,22,2,-275,23,194,116,126,-4
303,5.22,T,27,4,266,0,11,61,45,1,P,24,0,215,0,192,47,39,4,1,-3,-4,-51,0,181,-14,-6,3
304,4.53,P,12,0,92,0,0,19,17,0,P,21,3,194,0,9,39,34,3,0,9,3,102,0,9,20,17,3
305,7.46,T,90,0,270,0,524,308,189,9,Z,79,0,460,0,114,180,206,5,1,-11,0,190,0,-410,-128,17,-4
306,9.01,T,113,10,351,0,221,269,88,7,Z,70,0,740,0,40,135,150,3,0,-43,-10,389,0,-181,-134,62,-4
307,6.36,Z,36,0,338,0,29,97,92,2,T,21,0,289,0,0,36,48,0,0,-15,0,-49,0,-29,-61,-44,-2
308,9.3,T,76,4,454,0,31,157,110,1,Z,59,9,641,0,402,245,192,7,1,-17,5,187,0,371,88,82,6
309,9.59,T,50,0,422,0,16,52,67,3,T,45,0,563,0,0,32,125,0,1,-5,0,141,0,-16,-20,58,-3
310,9.59,Z,53,6,691,0,5,58,134,1,P,38,14,563,0,41,75,49,3,0,-15,8,-128,0,36,17,-85,2
311,9.58,P,57,1,591,0,19,257,68,0,P,47,0,772,0,0,91,76,0,0,-10,-1,181,0,-19,-166,8,0
312,9.59,T,57,0,920,0,2,145,115,0,Z,36,0,1070,0,30,85,126,5,0,-21,0,150,0,28,-60,11,5
313,9.58,Z,61,13,405,0,133,176,241,4,T,120,3,472,0,81,205,109,2,0,59,-10,67,0,-52,29,-132,-2
314,6.25,T,40,4,301,0,40,87,73,3,T,38,0,240,0,21,20,37,3,1,-2,-4,-61,0,-19,-67,-36,0
315,9.58,T,63,0,735,0,8,160,81,1,T,50,0,595,0,0,83,110,0,0,-13,0,-140,0,-8,-77,29,-1
316,10.05,Z,114,6,479,3,516,479,379,25,Z,94,0,564,62,441,481,504,11,1,-20,-6,85,59,-75,2,125,-14
317,1.09,P,3,0,12,0,6,29,3,2,P,4,0,50,0,0,35,6,0,0,1,0,38,0,-6,6,3,-2
318,10.15,T,58,3,505,0,11,273,93,0,Z,63,9,516,1,28,337,206,0,1,5,6,11,1,17,64,113,0
319,4.12,T,25,1,316,0,330,157,48,5,P,18,0,179,0,19,108,67,6,0,-7,-1,-137,0,-311,-49,19,1
320,9.59,P,50,3,694,0,278,310,302,10,P,50,0,701,0,9,217,143,3,0,0,-3,7,0,-269,-93,-159,-7
321,9.5,T,103,4,538,0,169,233,319,10,Z,42,0,576,0,199,299,173,4,0,-61,-4,38,0,30,66,-146,-6
322,8.13,T,53,1,313,0,0,57,78,0,Z,37,0,175,0,39,44,110,3,1,-16,-1,-138,0,39,-13,32,3
323,7.13,P,36,3,511,0,2,50,52,0,T,49,1,569,0,54,282,164,3,1,13,-2,58,0,52,232,112,3
324,5.39,T,13,0,323,0,0,33,39,0,P,21,0,391,0,0,42,48,0,0,8,0,68,0,0,9,9,0
325,5.11,Z,27,1,438,0,42,107,101,0,P,23,1,189,0,3,123,39,0,1,-4,0,-249,0,-39,16,-62,0
326,10.54,Z,55,3,597,0,27,355,236,1,P,53,9,416,0,24,138,81,1,0,-2,6,-181,0,-3,-217,-155,0
327,10.11,Z,63,0,360,0,6,71,191,2,Z,59,0,381,0,283,154,284,3,0,-4,0,21,0,277,83,93,1
328,6.27,Z,33,4,193,0,621,154,243,0,Z,56,1,450,0,36,166,190,1,0,23,-3,257,0,-585,12,-53,1
329,6.51,P,50,1,596,0,58,236,43,5,T,37,2,305,0,1,83,247,0,1,-13,1,-291,0,-57,-153,204,-5
330,9.59,T,47,0,795,0,16,180,149,4,T,82,0,525,0,33,146,103,12,1,35,0,-270,0,17,-34,-46,8
331,8.05,Z,40,1,264,0,21,68,130,0,T,34,0,215,0,21,24,40,3,0,-6,-1,-49,0,0,-44,-90,3
332,5.59,T,30,2,261,0,32,186,108,2,T,39,3,302,0,5,80,75,0,0,9,1,41,0,-27,-106,-33,-2
333,5.28,Z,33,0,255,0,17,68,102,5,Z,28,0,244,0,15,48,128,0,0,-5,0,-11,0,-2,-20,26,-5
334,2.14,T,9,0,119,0,161,14,26,1,Z,6,0,44,0,37,13,96,4,0,-3,0,-75,0,-124,-1,70,3
335,6.28,T,39,0,354,0,22,49,49,2,P,34,1,205,0,3,73,42,0,1,-5,1,-149,0,-19,24,-7,-2
336,7.03,P,50,0,533,0,32,122,53,2,Z,43,1,307,0,237,142,207,7,0,-7,1,-226,0,205,20,154,5
337,8.17,Z,58,4,898,0,28,175,155,0,T,81,3,306,0,110,100,147,3,1,23,-1,-592,0,82,-75,-8,3
338,7.07,P,71,1,633,0,397,196,119,8,Z,36,2,341,0,157,130,240,5,0,-35,1,-292,0,-240,-66,121,-3
339,9.58,T,22,0,327,0,0,27,43,0,P,56,5,510,0,12,110,78,0,1,34,5,183,0,12,83,35,0
340,8.34,T,56,4,417,0,6,96,77,0,P,38,0,639,0,28,216,59,7,0,-18,-4,222,0,22,120,-18,7
341,4.28,T,26,0,164,0,222,102,65,5,T,50,3,210,0,299,107,82,11,1,24,3,46,0,77,5,17,6
342,10.08,T,38,6,696,0,10,65,72,0,P,53,0,556,0,22,124,59,7,1,15,-6,-140,0,12,59,-13,7
343,3.4,P,20,0,125,0,326,63,151,5,T,25,1,117,0,421,39,94,5,0,5,1,-8,0,95,-24,-57,0
344,9.59,P,72,9,637,0,82,130,97,0,T,77,1,672,0,56,178,110,13,0,5,-8,35,0,-26,48,13,13
345,4.3,Z,23,2,282,0,127,87,140,4,Z,19,0,104,1,1,47,54,0,0,-4,-2,-178,1,-126,-40,-86,-4
346,8.18,Z,31,2,219,0,16,132,180,0,P,79,6,682,0,104,173,84,2,1,48,4,463,0,88,41,-96,2
347,7.5,Z,37,6,514,0,278,201,210,0,Z,47,0,412,0,69,132,134,6,1,10,-6,-102,0,-209,-69,-76,6
348,3.08,T,18,0,93,0,9,53,53,5,T,10,0,216,0,27,46,44,3,0,-8,0,123,0,18,-7,-9,-2
349,9.26,Z,59,6,397,1,141,215,340,8,Z,58,13,321,0,371,151,218,6,0,-1,7,-76,-1,230,-64,-122,-2
350,9.59,T,67,3,961,0,11,169,95,5,Z,61,0,422,0,35,227,251,6,1,-6,-3,-539,0,24,58,156,1
351,9.23,Z,60,0,396,0,50,220,226,3,Z,43,0,451,0,99,251,354,13,0,-17,0,55,0,49,31,128,10
352,7.55,T,33,7,548,0,15,79,38,1,P,34,2,491,0,12,128,44,0,1,1,-5,-57,0,-3,49,6,-1
353,9.59,T,61,0,971,0,389,172,119,8,Z,67,5,510,0,5,200,250,0,1,6,5,-461,0,-384,28,131,-8
354,6.54,T,63,0,745,0,509,160,115,18,Z,47,0,247,0,94,121,258,6,0,-16,0,-498,0,-415,-39,143,-12
355,8.39,Z,84,8,283,1,433,235,432,6,T,110,0,397,0,147,294,136,9,1,26,-8,114,-1,-286,59,-296,3
356,2.39,T,6,0,104,0,114,57,45,4,T,13,0,104,0,486,63,73,5,0,7,0,0,0,372,6,28,1
357,3.37,T,15,0,154,0,1,38,28,0,P,12,0,178,0,0,80,23,0,0,-3,0,24,0,-1,42,-5,0
358,6.51,P,31,1,342,0,178,105,47,1,P,43,0,358,0,1,90,44,4,0,12,-1,16,0,-177,-15,-3,3
359,8.08,P,51,7,280,0,14,263,153,2,T,56,6,608,1,167,196,120,0,1,5,-1,328,1,153,-67,-33,-2
360,9.58,T,82,0,643,0,0,146,151,0,P,72,0,667,0,486,414,79,17,1,-10,0,24,0,486,268,-72,17
361,9.59,Z,65,8,815,0,33,179,214,2,T,84,7,567,0,75,304,149,0,1,19,-1,-248,0,42,125,-65,-2
362,10.38,Z,60,5,713,0,194,341,339,7,T,62,0,534,0,51,75,111,7,1,2,-5,-179,0,-143,-266,-228,0
363,7.2,T,49,0,561,0,1,183,58,1,P,39,0,359,0,18,132,190,10,1,-10,0,-202,0,17,-51,132,9
364,7.13,Z,40,0,366,0,59,225,113,5,P,34,1,637,0,18,52,51,2,0,-6,1,271,0,-41,-173,-62,-3
365,9.59,T,57,0,754,0,5,163,152,10,Z,44,1,368,0,24,58,132,0,1,-13,1,-386,0,19,-105,-20,-10
366,5.28,Z,26,1,128,0,155,72,85,5,Z,33,3,405,0,52,59,113,6,1,7,2,277,0,-103,-13,28,1
367,9.59,Z,57,2,727,0,51,128,153,6,T,76,0,841,0,7,160,132,2,0,19,-2,114,0,-44,32,-21,-4
368,6.55,Z,47,0,371,0,235,111,328,3,Z,43,0,329,0,359,49,111,5,1,-4,0,-42,0,124,-62,-217,2
369,9.55,Z,73,0,290,0,34,159,210,7,P,72,1,724,0,133,336,265,11,1,-1,1,434,0,99,177,55,4
370,9.59,P,52,0,968,0,0,92,74,0,Z,58,2,847,0,87,189,267,1,1,6,2,-121,0,87,97,193,1
371,6.06,Z,34,0,350,0,9,160,165,1,Z,32,0,158,0,320,128,114,6,0,-2,0,-192,0,311,-32,-51,5
372,9.58,P,54,7,450,0,20,118,141,0,Z,66,6,411,0,75,135,180,0,0,12,-1,-39,0,55,17,39,0
373,4.24,T,15,5,276,0,18,15,15,0,Z,21,0,127,0,224,25,100,3,1,6,-5,-149,0,206,10,85,3
374,5.44,Z,28,1,87,0,83,45,150,0,Z,21,0,181,0,22,34,69,0,1,-7,-1,94,0,-61,-11,-81,0
375,6.56,Z,33,0,262,22,86,204,154,0,P,41,0,494,0,5,183,79,11,1,8,0,232,-22,-81,-21,-75,11
376,5.04,Z,35,2,175,0,484,102,197,6,P,33,0,294,0,336,231,33,4,1,-2,-2,119,0,-148,129,-164,-2
377,3.31,P,14,0,62,0,2,38,39,1,Z,17,0,83,0,79,38,105,6,1,3,0,21,0,77,0,66,5
378,9.59,T,78,2,492,0,39,226,118,5,T,67,0,600,0,66,216,123,8,1,-11,-2,108,0,27,-10,5,3
379,9.59,Z,94,0,1012,0,103,88,254,3,T,55,0,513,0,3,108,90,4,1,-39,0,-499,0,-100,20,-164,1
380,3.15,T,11,2,205,0,0,20,18,0,T,11,0,356,0,7,76,27,1,1,0,-2,151,0,7,56,9,1
381,10.03,Z,61,0,475,0,5,244,206,1,T,85,2,478,0,67,304,142,4,1,24,2,3,0,62,60,-64,3
382,9.58,T,106,0,640,241,270,313,321,0,T,89,0,690,0,25,158,149,2,0,-17,0,50,-241,-245,-155,-172,2
383,4.1,T,17,0,335,0,0,55,59,0,P,17,0,132,0,4,78,175,1,0,0,0,-203,0,4,23,116,1
384,9.57,T,59,3,386,0,143,154,165,2,T,72,0,950,0,84,129,74,7,0,13,-3,564,0,-59,-25,-91,5
385,9.43,Z,66,0,750,0,63,274,269,11,P,46,0,686,0,5,150,85,4,0,-20,0,-64,0,-58,-124,-184,-7
386,7.17,T,52,0,458,0,20,91,97,5,T,48,0,469,0,19,82,76,9,0,-4,0,11,0,-1,-9,-21,4
387,9.59,Z,46,0,370,0,68,167,145,3,T,53,3,633,0,33,137,66,0,1,7,3,263,0,-35,-30,-79,-3
388,9.56,P,54,1,627,0,15,190,216,0,T,75,8,642,0,859,244,226,7,1,21,7,15,0,844,54,10,7
389,7.26,P,62,0,535,0,70,100,58,9,T,88,0,314,0,330,218,115,16,1,26,0,-221,0,260,118,57,7
390,7.41,T,77,3,426,0,121,111,78,6,Z,50,1,277,0,88,93,119,1,0,-27,-2,-149,0,-33,-18,41,-5
391,4.42,P,23,2,125,0,85,92,87,0,T,23,2,168,0,252,85,75,3,1,0,0,43,0,167,-7,-12,3
392,9.59,T,52,6,647,0,19,189,113,0,Z,53,0,155,0,37,91,123,6,0,1,-6,-492,0,18,-98,10,6
393,6.38,P,25,0,383,0,0,105,38,1,T,38,6,518,6,42,192,79,1,1,13,6,135,6,42,87,41,0
394,6.42,T,60,0,349,0,177,180,106,8,T,53,3,343,0,262,153,88,4,1,-7,3,-6,0,85,-27,-18,-4
395,6.53,T,64,0,472,0,143,216,87,3,P,53,3,418,0,210,177,108,7,1,-11,3,-54,0,67,-39,21,4
396,9.59,Z,45,5,551,1,67,245,164,4,P,55,0,795,0,84,275,75,8,0,10,-5,244,-1,17,30,-89,4
397,10.06,Z,88,6,458,0,768,163,319,2,T,98,0,295,0,18,157,160,6,0,10,-6,-163,0,-750,-6,-159,4
398,2.37,P,12,0,89,0,7,89,32,4,T,12,0,123,0,129,28,51,3,1,0,0,34,0,122,-61,19,-1
399,10.21,Z,76,0,380,45,377,261,397,0,Z,67,0,300,0,27,144,187,5,0,-9,0,-80,-45,-350,-117,-210,5
400,5.54,T,26,4,220,0,359,44,47,0,P,14,0,120,0,0,7,26,0,0,-12,-4,-100,0,-359,-37,-21,0
401,5.41,P,33,2,359,2,12,129,30,0,Z,28,0,255,6,24,79,105,0,0,-5,-2,-104,4,12,-50,75,0
402,10.05,P,50,3,670,0,25,252,105,7,T,53,8,720,0,10,224,183,0,0,3,5,50,0,-15,-28,78,-7
403,6.36,P,46,1,292,0,199,145,299,10,T,55,1,658,0,116,181,71,5,1,9,0,366,0,-83,36,-228,-5
404,6.5,P,30,0,400,0,347,113,61,9,P,42,3,251,1,41,98,115,8,1,12,3,-149,1,-306,-15,54,-1
405,2.3,Z,8,0,66,0,219,23,29,4,P,7,2,132,0,1,11,3,0,1,-1,2,66,0,-218,-12,-26,-4
406,9.59,T,74,1,586,0,46,211,218,9,Z,89,0,720,0,286,298,204,27,0,15,-1,134,0,240,87,-14,18
407,10.2,P,58,0,195,0,0,137,124,0,T,87,1,728,0,47,326,151,6,1,29,1,533,0,47,189,27,6
408,3.25,Z,12,0,279,0,0,46,44,0,T,13,0,137,0,142,49,27,2,0,1,0,-142,0,142,3,-17,2
409,8.56,T,62,0,513,0,21,150,125,4,P,53,1,735,0,105,85,95,4,0,-9,1,222,0,84,-65,-30,0
410,9.58,T,52,0,558,0,0,115,133,0,Z,78,16,486,0,66,290,273,1,1,26,16,-72,0,66,175,140,1
411,5.48,Z,30,0,245,0,0,35,124,0,T,32,0,161,0,52,60,28,3,1,2,0,-84,0,52,25,-96,3
412,9.16,Z,66,10,514,0,262,184,324,6,P,48,0,501,0,36,102,64,3,0,-18,-10,-13,0,-226,-82,-260,-3
413,8.58,Z,56,0,536,0,286,109,189,8,P,57,3,458,0,55,132,86,1,0,1,3,-78,0,-231,23,-103,-7
414,9.59,Z,62,5,738,0,20,55,146,0,P,30,0,1006,0,0,105,100,0,0,-32,-5,268,0,-20,50,-46,0
415,4.54,Z,28,6,191,0,175,79,146,0,T,31,0,109,0,153,70,159,6,0,3,-6,-82,0,-22,-9,13,6
416,8.38,T,53,5,327,0,5,24,68,2,P,36,1,504,0,9,64,43,2,0,-17,-4,177,0,4,40,-25,0
417,9.59,T,111,4,416,17,529,275,323,3,Z,135,7,441,0,578,212,264,7,0,24,3,25,-17,49,-63,-59,4
418,3.54,Z,17,5,373,0,93,81,132,1,Z,19,2,291,0,104,31,123,0,0,2,-3,-82,0,11,-50,-9,-1
419,9.29,Z,40,3,370,0,6,139,201,3,T,50,0,570,0,0,98,95,0,1,10,-3,200,0,-6,-41,-106,-3
420,7.59,Z,65,0,513,27,628,182,347,3,Z,66,10,302,0,260,194,227,6,0,1,10,-211,-27,-368,12,-120,3
421,5.02,Z,23,0,227,0,8,61,84,1,P,28,0,350,0,20,142,37,13,0,5,0,123,0,12,81,-47,12
422,8.55,P,49,0,321,0,9,405,106,4,T,51,0,396,0,1,210,88,0,1,2,0,75,0,-8,-195,-18,-4
423,2.32,Z,8,1,126,0,30,16,58,0,T,10,0,82,0,0,8,14,0,0,2,-1,-44,0,-30,-8,-44,0
424,4.47,Z,19,0,160,0,8,45,140,1,Z,29,3,152,0,16,94,96,0,1,10,3,-8,0,8,49,-44,-1
425,8.23,Z,49,0,374,0,61,36,138,5,T,34,0,782,0,4,30,53,1,0,-15,0,408,0,-57,-6,-85,-4
426,9.06,Z,41,5,446,0,21,56,108,0,T,61,0,365,0,8,112,101,8,0,20,-5,-81,0,-13,56,-7,8
427,9.59,T,75,1,553,0,698,171,98,6,T,85,8,629,0,89,232,246,11,0,10,7,76,0,-609,61,148,5
428,6.34,T,46,0,415,0,72,80,67,15,P,35,4,392,1,44,179,44,0,0,-11,4,-23,1,-28,99,-23,-15
429,6.03,Z,51,2,276,0,91,70,109,6,P,50,4,316,0,210,142,73,6,1,-1,2,40,0,119,72,-36,0
430,7.48,Z,39,5,229,0,39,146,118,4,P,45,1,447,0,31,165,56,3,1,6,-4,218,0,-8,19,-62,-1
431,9.49,T,111,6,770,0,600,240,363,3,Z,76,1,498,2,197,167,239,8,0,-35,-5,-272,2,-403,-73,-124,5
432,6.16,T,33,0,505,0,0,65,63,3,P,29,1,134,0,1,68,249,2,1,-4,1,-371,0,1,3,186,-1
433,9.56,T,64,1,826,0,26,155,84,5,P,36,0,643,0,0,150,81,0,0,-28,-1,-183,0,-26,-5,-3,-5
434,8.53,T,86,9,607,0,107,198,112,3,Z,54,0,448,0,65,215,176,7,0,-32,-9,-159,0,-42,17,64,4
435,9.59,T,102,0,580,0,487,265,141,16,Z,77,0,752,0,47,165,235,6,0,-25,0,172,0,-440,-100,94,-10
436,10.19,Z,81,3,758,0,84,229,250,7,P,92,5,817,0,129,252,89,6,1,11,2,59,0,45,23,-161,-1
437,9.58,T,94,1,753,0,121,248,114,13,Z,77,0,551,0,348,299,265,15,0,-17,-1,-202,0,227,51,151,2
438,9.59,P,67,0,783,0,26,263,76,3,Z,73,0,390,16,138,208,274,0,1,6,0,-393,16,112,-55,198,-3
439,5.43,P,33,1,436,0,0,205,80,0,Z,36,5,230,0,54,70,140,0,0,3,4,-206,0,54,-135,60,0
440,7.13,T,81,9,505,0,56,147,78,3,Z,50,0,234,5,47,102,139,0,0,-31,-9,-271,5,-9,-45,61,-3
441,6.22,P,43,5,248,0,385,159,50,4,P,39,0,314,0,20,137,49,6,1,-4,-5,66,0,-365,-22,-1,2
442,10.15,P,50,0,442,0,13,114,79,2,Z,54,0,558,2,80,280,241,10,0,4,0,116,2,67,166,162,8
443,4.4,Z,17,1,281,0,19,31,79,3,P,21,0,265,0,19,86,28,0,0,4,-1,-16,0,0,55,-51,-3
444,7.04,P,27,0,432,0,59,125,40,7,Z,30,5,288,0,66,58,125,4,1,3,5,-144,0,7,-67,85,-3
445,9.59,P,57,0,723,0,16,258,143,8,P,51,4,651,0,24,149,85,0,1,-6,4,-72,0,8,-109,-58,-8
446,5.26,T,42,0,349,0,39,118,47,12,P,22,1,95,0,77,28,20,2,0,-20,1,-254,0,38,-90,-27,-10
447,2.04,T,7,0,58,0,0,14,14,0,P,10,0,196,0,1,44,13,2,1,3,0,138,0,1,30,-1,2
448,5.21,Z,33,1,180,0,323,200,136,3,T,26,0,470,0,0,45,57,1,0,-7,-1,290,0,-323,-155,-79,-2
449,9.58,Z,42,0,645,7,50,67,178,2,T,79,4,289,0,372,75,194,6,1,37,4,-356,-7,322,8,16,4
450,8.1,P,40,0,523,0,96,376,71,13,P,67,0,324,0,722,307,74,18,1,27,0,-199,0,626,-69,3,5
451,10.14,P,37,4,435,0,6,64,56,2,T,17,0,199,0,0,39,30,0,1,-20,-4,-236,0,-6,-25,-26,-2
452,9.59,Z,83,0,712,0,46,138,435,9,T,102,3,622,0,237,358,154,7,0,19,3,-90,0,191,220,-281,-2
453,10.12,Z,39,12,464,0,38,100,136,2,P,50,3,374,0,43,126,65,3,0,11,-9,-90,0,5,26,-71,1
454,9.02,T,56,2,700,0,7,59,89,0,T,41,7,492,0,13,62,82,1,1,-15,5,-208,0,6,3,-7,1
455,5.07,T,25,0,70,0,7,88,47,2,Z,24,0,173,0,10,57,82,3,0,-1,0,103,0,3,-31,35,1
456,5.48,T,43,2,241,0,96,121,87,7,P,44,0,233,0,257,144,35,4,0,1,-2,-8,0,161,23,-52,-3
457,8.16,T,56,2,409,0,232,254,161,9,Z,61,6,361,0,39,203,228,1,1,5,4,-48,0,-193,-51,67,-8
458,4.58,T,24,2,193,0,4,23,49,0,T,38,0,113,0,0,96,72,1,1,14,-2,-80,0,-4,73,23,1
459,5.26,P,22,0,134,0,0,38,28,1,Z,21,0,262,0,0,32,74,0,0,-1,0,128,0,0,-6,46,-1
460,9.59,Z,84,6,536,0,675,182,229,5,P,83,0,493,15,208,324,203,1,1,-1,-6,-43,15,-467,142,-26,-4
461,9.59,P,52,0,447,0,53,281,187,10,Z,63,1,437,0,6,165,204,0,0,11,1,-10,0,-47,-116,17,-10
462,4.22,T,24,0,160,0,112,99,72,3,P,27,0,161,0,12,124,50,10,0,3,0,1,0,-100,25,-22,7
463,9.59,Z,58,0,281,0,59,99,222,1,T,89,1,760,0,433,155,111,7,1,31,1,479,0,374,56,-111,6
464,9.59,Z,61,0,532,0,196,560,281,13,Z,80,15,425,0,163,299,338,1,1,19,15,-107,0,-33,-261,57,-12
465,2.35,T,11,0,99,0,248,55,57,4,T,11,1,110,0,296,43,146,2,1,0,1,11,0,48,-12,89,-2
466,10.26,T,84,2,435,0,123,155,176,10,T,94,13,442,6,831,195,107,0,1,10,11,7,6,708,40,-69,-10
467,4.29,Z,19,0,220,0,0,75,95,2,P,17,0,395,0,0,103,34,0,1,-2,0,175,0,0,28,-61,-2
468,9.59,P,103,2,455,0,413,402,267,13,P,99,10,448,0,676,437,252,6,1,-4,8,-7,0,263,35,-15,-7
469,3.21,T,18,0,93,0,63,95,26,8,Z,11,0,34,0,26,51,67,1,1,-7,0,-59,0,-37,-44,41,-7
470,9.59,Z,60,15,244,0,101,95,186,3,T,85,3,455,0,68,122,136,0,0,25,-12,211,0,-33,27,-50,-3
471,6.59,T,61,5,452,0,173,155,157,1,P,54,0,213,0,101,312,228,11,0,-7,-5,-239,0,-72,157,71,10
472,7.47,Z,42,6,248,0,210,228,152,1,T,44,0,176,0,0,26,69,1,1,2,-6,-72,0,-210,-202,-83,0
473,5.5,P,27,0,272,0,7,185,42,2,T,41,0,456,0,5,242,67,2,0,14,0,184,0,-2,57,25,0
474,9.24,Z,50,0,654,0,0,81,178,0,P,39,0,391,0,324,90,39,3,1,-11,0,-263,0,324,9,-139,3
475,5.3,P,35,0,241,0,167,152,122,6,T,33,4,263,0,73,90,80,1,1,-2,4,22,0,-94,-62,-42,-5
476,9.58,T,47,5,709,0,9,216,121,0,P,49,1,473,0,16,103,106,0,1,2,-4,-236,0,7,-113,-15,0
477,10.52,Z,89,3,644,0,235,266,358,6,P,94,5,491,0,48,225,95,7,1,5,2,-153,0,-187,-41,-263,1
478,5.35,T,19,0,423,0,14,64,41,3,P,22,0,162,0,0,101,40,0,1,3,0,-261,0,-14,37,-1,-3
479,7.37,Z,43,6,287,0,536,203,289,8,P,46,3,512,0,79,181,82,6,0,3,-3,225,0,-457,-22,-207,-2
480,7.39,P,48,0,361,0,158,160,60,9,Z,57,4,719,0,65,168,145,4,1,9,4,358,0,-93,8,85,-5
481,9.59,T,58,3,449,0,7,249,120,0,T,93,4,702,0,177,282,161,6,1,35,1,253,0,170,33,41,6
482,8.18,T,67,8,755,0,524,137,78,4,T,63,6,849,0,13,74,78,3,0,-4,-2,94,0,-511,-63,0,-1
483,7.31,Z,38,1,593,0,32,55,97,3,T,59,0,570,0,24,70,98,4,1,21,-1,-23,0,-8,15,1,1
484,7.26,P,36,2,564,0,8,176,61,1,Z,34,3,206,0,85,130,159,8,0,-2,1,-358,0,77,-46,98,7
485,3.53,Z,18,0,74,0,4,49,112,4,T,26,0,161,0,21,64,73,3,0,8,0,87,0,17,15,-39,-1
486,5.37,Z,24,0,354,0,44,46,86,2,Z,29,0,208,0,24,97,118,4,1,5,0,-146,0,-20,51,32,2
487,6.23,T,25,0,157,0,0,73,66,0,Z,21,0,318,0,37,59,91,5,0,-4,0,161,0,37,-14,25,5
488,2.09,Z,9,4,121,0,128,37,71,0,Z,5,0,54,0,21,43,67,5,1,-4,-4,-67,0,-107,6,-4,5
489,4.21,T,26,2,82,3,53,61,43,0,P,20,0,405,0,357,100,76,2,1,-6,-2,323,-3,304,39,33,2
490,9.46,T,42,0,558,0,1,257,86,5,T,70,0,698,0,8,240,113,5,1,28,0,140,0,7,-17,27,0
491,2.51,P,8,0,134,0,194,63,88,10,P,11,0,66,0,23,44,11,1,0,3,0,-68,0,-171,-19,-77,-9
492,4.55,Z,20,1,65,0,34,44,74,3,P,20,0,174,0,0,205,19,1,1,0,-1,109,0,-34,161,-55,-2
493,9.15,T,60,0,421,9,84,281,162,0,Z,41,0,428,0,43,251,141,7,0,-19,0,7,-9,-41,-30,-21,7
494,10.55,T,95,2,522,0,542,439,188,18,T,93,4,765,0,95,281,261,11,0,-2,2,243,0,-447,-158,73,-7
495,10.2,Z,67,0,966,0,69,160,241,3,T,127,1,323,0,484,272,151,2,1,60,1,-643,0,415,112,-90,-1
496,9.59,Z,63,2,487,0,316,222,408,2,T,100,7,286,0,17,186,197,0,1,37,5,-201,0,-299,-36,-211,-2
497,3.15,Z,14,2,147,0,260,63,97,2,Z,11,0,197,0,133,54,82,3,1,-3,-2,50,0,-127,-9,-15,1
498,4.56,T,36,4,175,0,459,116,64,6,T,29,0,230,0,248,166,133,11,0,-7,-4,55,0,-211,50,69,5
499,5.53,P,40,0,337,0,144,184,116,10,P,32,2,328,0,391,116,62,11,1,-8,2,-9,0,247,-68,-54,1
500,10.05,Z,67,0,478,9,165,139,179,0,T,82,3,674,0,334,145,129,9,0,15,3,196,-9,169,6,-50,9
501,5.33,Z,27,0,182,0,183,99,175,8,Z,26,0,307,0,391,97,114,6,0,-1,0,125,0,208,-2,-61,-2
502,9.48,T,74,2,356,0,136,233,83,5,Z,64,1,507,0,32,246,174,8,1,-10,-1,151,0,-104,13,91,3
503,9.59,P,84,8,656,4,97,244,108,0,T,145,2,530,0,215,274,180,15,0,61,-6,-126,-4,118,30,72,15
504,8.18,P,41,0,296,0,16,226,99,5,P,60,0,634,0,447,189,125,5,1,19,0,338,0,431,-37,26,0
505,4.39,Z,32,1,119,0,83,201,112,2,Z,27,0,128,0,648,34,70,5,0,-5,-1,9,0,565,-167,-42,3
506,6.03,T,36,0,408,0,0,59,69,0,P,33,0,174,0,11,111,39,7,1,-3,0,-234,0,11,52,-30,7
507,6.52,Z,49,1,317,0,170,144,238,2,P,48,0,359,5,421,173,97,0,0,-1,-1,42,5,251,29,-141,-2
508,9.57,P,52,4,276,0,169,144,34,4,P,50,8,441,3,115,188,77,2,0,-2,4,165,3,-54,44,43,-2
509,9.59,T,106,0,410,0,515,458,202,18,P,136,4,640,0,459,355,393,12,0,30,4,230,0,-56,-103,191,-6
510,6.13,P,22,0,257,0,0,78,32,1,P,23,0,185,0,0,11,35,0,1,1,0,-72,0,0,-67,3,-1
511,9.29,Z,59,4,930,0,127,231,330,8,P,72,0,458,0,708,191,75,7,1,13,-4,-472,0,581,-40,-255,-1
512,7.44,Z,58,0,682,0,42,120,185,6,T,54,0,360,0,405,109,96,7,0,-4,0,-322,0,363,-11,-89,1
513,7.52,T,38,0,386,0,6,74,92,4,T,45,6,684,0,7,87,69,0,1,7,6,298,0,1,13,-23,-4
514,9.58,Z,108,12,355,0,75,180,278,6,T,102,1,844,0,86,188,100,6,0,-6,-11,489,0,11,8,-178,0
515,6.5,P,23,0,436,0,19,85,23,9,P,24,4,626,0,7,186,51,0,1,1,4,190,0,-12,101,28,-9
516,9.59,Z,61,7,409,0,106,204,209,0,P,68,0,495,0,766,212,120,16,1,7,-7,86,0,660,8,-89,16
517,7.5,Z,55,1,347,0,44,230,170,5,P,59,0,486,0,25,373,92,4,1,4,-1,139,0,-19,143,-78,-1
518,6.31,Z,34,0,215,0,46,107,160,3,T,34,4,400,0,0,49,89,0,0,0,4,185,0,-46,-58,-71,-3
519,9.59,Z,77,8,686,0,131,139,289,5,T,76,0,806,0,247,173,102,11,1,-1,-8,120,0,116,34,-187,6
520,8.23,Z,55,1,471,0,293,280,469,6,P,59,2,279,0,176,316,152,9,0,4,1,-192,0,-117,36,-317,3
521,5.14,Z,30,1,311,0,16,109,97,3,P,29,1,266,0,131,170,109,4,0,-1,0,-45,0,115,61,12,1
522,5.38,Z,20,0,267,0,20,42,91,1,P,32,0,461,0,388,115,57,4,1,12,0,194,0,368,73,-34,3
523,9.59,Z,70,0,575,0,339,257,293,7,T,78,2,721,0,232,166,82,7,1,8,2,146,0,-107,-91,-211,0
524,9.58,Z,64,2,697,0,84,182,237,2,T,71,0,445,0,34,233,129,7,1,7,-2,-252,0,-50,51,-108,5
525,9.58,T,55,0,456,0,42,177,101,6,T,44,0,973,0,0,235,112,2,0,-11,0,517,0,-42,58,11,-4
526,9.59,T,70,0,503,0,1153,217,179,20,P,74,2,599,0,80,192,150,10,0,4,2,96,0,-1073,-25,-29,-10
527,7.46,T,70,8,265,0,180,169,111,7,P,55,0,297,0,870,274,53,12,0,-15,-8,32,0,690,105,-58,5
528,7.32,T,78,2,506,0,283,167,107,9,Z,43,6,314,0,302,136,264,3,1,-35,4,-192,0,19,-31,157,-6
529,9.59,T,79,0,524,0,31,220,109,4,Z,81,13,368,0,182,250,220,1,0,2,13,-156,0,151,30,111,-3
530,9,Z,76,10,389,0,707,208,243,9,Z,68,0,445,0,324,320,313,19,1,-8,-10,56,0,-383,112,70,10
531,9.53,T,68,0,511,0,18,208,143,9,T,69,0,707,0,30,182,92,7,0,1,0,196,0,12,-26,-51,-2
532,9.59,Z,56,1,692,0,27,151,134,4,Z,32,2,457,0,22,117,156,0,0,-24,1,-235,0,-5,-34,22,-4
533,10.35,P,68,0,376,0,76,221,129,11,T,144,3,608,6,868,312,310,0,1,76,3,232,6,792,91,181,-11
534,10.17,T,124,6,855,0,843,330,171,13,T,81,0,468,0,141,219,146,6,0,-43,-6,-387,0,-702,-111,-25,-7
535,1.45,Z,5,0,13,0,0,9,23,0,Z,6,2,18,0,50,34,88,0,0,1,2,5,0,50,25,65,0
536,9.4,Z,74,10,371,0,56,143,188,3,Z,60,6,300,0,369,158,337,12,0,-14,-4,-71,0,313,15,149,9
537,9.59,T,62,1,725,0,4,140,133,1,Z,48,0,224,0,77,178,326,10,1,-14,-1,-501,0,73,38,193,9
538,5.22,P,32,4,221,0,382,222,90,1,T,52,5,298,0,104,140,61,3,1,20,1,77,0,-278,-82,-29,2
539,6.22,T,67,0,260,0,482,119,99,7,Z,44,2,330,0,361,180,137,4,0,-23,2,70,0,-121,61,38,-3
540,9.59,T,44,0,528,0,17,195,120,2,T,53,0,591,0,17,181,72,2,1,9,0,63,0,0,-14,-48,0
541,9.07,Z,45,2,591,0,33,211,204,3,P,28,0,324,0,2,29,51,2,0,-17,-2,-267,0,-31,-182,-153,-1
542,9.59,T,150,0,493,2,564,327,209,23,Z,101,8,538,0,390,286,342,0,0,-49,8,45,-2,-174,-41,133,-23
543,6.36,P,16,0,414,0,0,9,11,0,P,20,0,374,0,0,33,34,0,0,4,0,-40,0,0,24,23,0
544,3.47,Z,18,0,184,0,2,78,53,1,T,26,0,171,0,130,50,47,5,0,8,0,-13,0,128,-28,-6,4
545,8.56,T,73,6,754,0,125,109,168,2,T,93,3,568,0,709,178,170,9,0,20,-3,-186,0,584,69,2,7
546,9.53,T,56,0,607,0,33,116,87,6,Z,41,1,579,0,30,148,125,3,0,-15,1,-28,0,-3,32,38,-3
547,9.59,T,108,5,357,0,712,251,287,13,T,91,0,368,0,1224,215,225,22,0,-17,-5,11,0,512,-36,-62,9
548,9.14,Z,41,1,300,0,48,139,132,0,Z,53,2,404,0,101,178,319,4,1,12,1,104,0,53,39,187,4
549,9.29,P,110,0,342,0,187,349,297,18,T,72,10,632,1,107,280,95,0,1,-38,10,290,1,-80,-69,-202,-18
550,7.21,T,40,3,320,0,42,105,85,1,P,66,0,246,0,500,123,222,11,1,26,-3,-74,0,458,18,137,10
551,9.59,T,101,0,408,0,341,405,350,7,P,54,0,426,0,383,229,92,3,1,-47,0,18,0,42,-176,-258,-4
552,3.49,P,9,0,164,0,5,83,18,3,Z,16,0,116,0,114,67,78,5,1,7,0,-48,0,109,-16,60,2
553,9.58,P,88,11,284,0,36,204,130,3,P,59,0,530,0,82,258,167,16,0,-29,-11,246,0,46,54,37,13
554,1.31,T,11,0,104,0,82,25,10,4,Z,8,0,14,0,74,18,30,3,1,-3,0,-90,0,-8,-7,20,-1
555,1.51,T,6,0,54,0,16,25,58,8,P,15,1,53,0,64,58,17,1,0,9,1,-1,0,48,33,-41,-7
556,6.58,P,25,3,251,0,160,311,41,0,Z,29,6,336,0,20,71,91,0,1,4,3,85,0,-140,-240,50,0
557,6.57,T,25,3,611,0,5,26,46,0,T,39,0,301,0,3,25,49,3,1,14,-3,-310,0,-2,-1,3,3
558,6.53,Z,30,8,380,0,108,162,192,4,P,42,0,343,0,30,174,61,2,1,12,-8,-37,0,-78,12,-131,-2
559,9.59,P,39,0,646,0,220,113,71,7,Z,52,0,494,0,109,156,312,8,1,13,0,-152,0,-111,43,241,1
560,3.2,T,27,0,146,0,47,89,65,4,T,15,3,109,0,377,81,81,1,0,-12,3,-37,0,330,-8,16,-3
561,9.29,T,74,2,679,0,47,237,72,3,Z,78,0,559,0,440,90,209,3,1,4,-2,-120,0,393,-147,137,0
562,4.38,T,21,0,360,0,0,29,31,1,Z,31,1,204,0,32,67,92,0,1,10,1,-156,0,32,38,61,-1
563,9.58,Z,48,0,458,0,0,38,142,0,T,48,0,1019,0,0,141,80,3,0,0,0,561,0,0,103,-62,3
564,6.42,T,74,0,416,14,521,221,117,3,T,64,4,391,9,389,209,151,1,0,-10,4,-25,-5,-132,-12,34,-2
565,8.3,T,56,0,782,0,26,76,77,5,Z,48,2,479,0,45,89,163,3,0,-8,2,-303,0,19,13,86,-2
566,4.54,Z,25,0,409,0,0,105,127,0,Z,19,1,124,0,83,47,136,0,1,-6,1,-285,0,83,-58,9,0
567,7.03,Z,44,0,419,0,32,70,131,2,Z,40,1,204,0,19,92,135,1,1,-4,1,-215,0,-13,22,4,-1
568,4.52,T,19,0,321,0,6,39,46,5,Z,25,4,131,0,14,81,72,0,0,6,4,-190,0,8,42,26,-5
569,9.59,Z,31,0,338,0,17,30,91,3,P,36,0,357,7,11,105,60,0,0,5,0,19,7,-6,75,-31,-3
570,10.58,T,77,0,591,0,69,220,389,7,T,106,4,732,0,18,231,175,3,1,29,4,141,0,-51,11,-214,-4
571,9.55,P,96,0,538,0,369,317,154,15,T,116,0,475,0,547,357,143,6,1,20,0,-63,0,178,40,-11,-9
572,5.07,Z,23,0,225,0,52,63,84,7,P,23,0,290,0,449,61,164,3,0,0,0,65,0,397,-2,80,-4
573,9.06,Z,52,5,371,0,93,294,266,5,Z,76,3,390,0,149,261,266,6,1,24,-2,19,0,56,-33,0,1
574,8.35,T,37,0,554,0,0,68,100,0,P,54,7,529,2,37,98,76,0,1,17,7,-25,2,37,30,-24,0
575,6.11,Z,47,3,474,0,95,122,155,1,Z,32,1,217,0,36,151,215,4,1,-15,-2,-257,0,-59,29,60,3
576,9.58,T,53,0,688,0,27,94,90,2,T,40,0,489,0,7,64,72,3,1,-13,0,-199,0,-20,-30,-18,1
577,9.38,T,67,4,1027,0,11,156,129,0,Z,53,6,528,2,40,218,275,5,0,-14,2,-499,2,29,62,146,5
578,9.59,T,83,11,793,0,91,221,108,0,T,71,5,695,0,9,144,251,0,0,-12,-6,-98,0,-82,-77,143,0
579,5.57,P,22,0,334,0,0,69,42,4,T,33,3,374,0,4,116,83,1,1,11,3,40,0,4,47,41,-3
580,5.57,T,38,0,292,0,1,98,131,2,T,38,0,561,0,0,95,111,3,0,0,0,269,0,-1,-3,-20,1
581,9.58,T,56,3,356,0,9,114,83,5,T,67,15,516,0,465,199,105,4,1,11,12,160,0,456,85,22,-1
582,10.16,P,80,0,395,0,10,149,113,11,T,55,0,617,0,401,257,97,5,0,-25,0,222,0,391,108,-16,-6
583,5.57,Z,30,2,310,1,209,125,171,2,T,45,1,236,0,376,121,171,14,0,15,-1,-74,-1,167,-4,0,12
584,9.33,Z,92,0,428,0,71,197,234,6,Z,80,2,679,0,208,237,194,15,1,-12,2,251,0,137,40,-40,9
585,10.33,P,39,6,603,0,7,201,68,0,T,89,0,799,0,207,228,109,7,0,50,-6,196,0,200,27,41,7
586,3.52,P,18,0,368,0,4,53,27,1,Z,12,0,282,0,113,41,70,12,1,-6,0,-86,0,109,-12,43,11
587,9.59,Z,54,0,610,0,64,110,182,3,Z,75,0,537,0,65,160,273,6,1,21,0,-73,0,1,50,91,3
588,10.48,T,85,13,987,0,57,259,121,1,Z,48,8,520,0,79,255,170,0,0,-37,-5,-467,0,22,-4,49,-1
589,4.25,P,14,2,196,0,6,52,18,0,P,15,0,136,0,0,51,32,0,1,1,-2,-60,0,-6,-1,14,0
590,5.04,Z,24,0,233,0,17,115,120,4,Z,33,4,102,0,197,121,241,0,0,9,4,-131,0,180,6,121,-4
591,2.5,T,12,2,80,0,98,61,112,0,Z,11,0,90,0,4,51,45,4,1,-1,-2,10,0,-94,-10,-67,4
592,9.58,P,43,0,785,0,0,133,77,0,T,47,0,738,0,10,268,106,4,1,4,0,-47,0,10,135,29,4
593,9.59,T,59,0,241,0,3,102,95,5,Z,49,5,590,0,17,104,142,0,0,-10,5,349,0,14,2,47,-5
594,10.24,T,53,1,543,0,5,56,105,0,Z,69,0,1165,0,0,139,210,0,0,16,-1,622,0,-5,83,105,0
595,3.57,P,13,3,152,0,6,104,25,0,P,21,0,100,0,9,83,165,0,1,8,-3,-52,0,3,-21,140,0
596,10.44,Z,72,5,477,0,222,438,317,5,T,78,0,648,0,19,363,134,10,0,6,-5,171,0,-203,-75,-183,5
597,6.31,T,25,2,281,0,87,125,58,0,Z,21,0,239,0,0,10,63,0,0,-4,-2,-42,0,-87,-115,5,0
598,8.42,T,133,0,411,2,585,318,184,9,Z,80,9,314,2,117,223,265,7,0,-53,9,-97,0,-468,-95,81,-2
599,9.59,T,41,3,575,0,21,192,103,0,P,38,0,578,0,23,386,100,7,1,-3,-3,3,0,2,194,-3,7
600,9.22,T,69,0,461,0,324,174,133,11,Z,54,0,222,0,129,82,364,0,0,-15,0,-239,0,-195,-92,231,-11
601,9.55,T,81,0,822,0,11,200,107,10,T,48,1,426,0,17,79,85,7,0,-33,1,-396,0,6,-121,-22,-3
602,2.38,Z,6,0,119,0,0,69,29,0,T,9,2,81,0,4,44,24,4,1,3,2,-38,0,4,-25,-5,4
603,9.59,T,51,0,420,0,14,115,51,7,T,38,0,439,0,166,156,85,4,0,-13,0,19,0,152,41,34,-3
604,7.54,Z,65,1,208,0,111,150,225,0,P,28,0,518,0,3,173,65,1,1,-37,-1,310,0,-108,23,-160,1
605,7.06,P,35,0,415,0,3,85,45,2,Z,27,0,397,0,0,18,119,0,1,-8,0,-18,0,-3,-67,74,-2
606,9.05,T,102,1,449,1,653,272,103,12,Z,98,3,765,0,247,253,263,4,0,-4,2,316,-1,-406,-19,160,-8
607,9.59,P,62,7,673,0,19,50,45,0,Z,59,2,236,0,1,82,242,0,0,-3,-5,-437,0,-18,32,197,0
608,9.58,T,42,0,383,0,10,136,99,6,Z,38,6,267,0,120,86,198,1,0,-4,6,-116,0,110,-50,99,-5
609,9.58,P,54,0,409,0,2,96,87,2,Z,41,2,340,0,20,19,102,2,0,-13,2,-69,0,18,-77,15,0
610,8.36,P,50,0,536,0,23,235,172,3,T,87,2,725,0,140,221,107,4,1,37,2,189,0,117,-14,-65,1
611,10.24,T,72,0,641,0,353,218,67,3,Z,43,0,739,0,0,60,205,1,0,-29,0,98,0,-353,-158,138,-2
612,9.44,Z,77,0,407,0,37,53,274,3,T,73,0,465,0,3,157,144,0,0,-4,0,58,0,-34,104,-130,-3
613,7.31,T,58,2,258,0,197,241,101,5,P,65,0,281,0,577,381,90,9,1,7,-2,23,0,380,140,-11,4
614,5.28,T,37,0,244,0,294,150,33,8,T,40,0,428,0,480,244,87,9,1,3,0,184,0,186,94,54,1
615,3.38,Z,11,0,150,0,0,60,58,0,P,11,0,187,0,0,51,23,0,0,0,0,37,0,0,-9,-35,0
616,7.18,T,47,0,684,0,3,155,100,3,T,48,0,607,0,31,76,57,1,0,1,0,-77,0,28,-79,-43,-2
617,9.59,Z,63,0,446,0,86,233,285,16,Z,57,10,415,0,245,125,146,12,0,-6,10,-31,0,159,-108,-139,-4
618,2.58,T,12,1,104,0,379,42,12,3,Z,11,2,97,0,17,22,40,0,1,-1,1,-7,0,-362,-20,28,-3
619,8.44,P,55,2,284,0,38,146,126,0,Z,32,0,573,0,14,94,115,1,0,-23,-2,289,0,-24,-52,-11,1
620,7.35,P,37,0,350,0,20,59,37,7,T,43,2,503,0,173,125,67,1,1,6,2,153,0,153,66,30,-6
621,8.55,Z,63,0,427,0,238,202,318,6,P,66,0,292,0,44,188,59,7,1,3,0,-135,0,-194,-14,-259,1
622,9.59,Z,59,1,714,0,61,179,231,3,P,67,9,489,0,154,331,130,0,1,8,8,-225,0,93,152,-101,-3
623,9.07,P,51,1,344,0,66,333,127,2,T,96,0,929,0,38,261,143,4,1,45,-1,585,0,-28,-72,16,2
624,9.59,P,74,4,386,0,91,305,203,12,P,72,0,407,0,824,270,129,12,1,-2,-4,21,0,733,-35,-74,0
625,6.37,Z,26,6,249,0,142,52,196,0,T,53,0,417,0,1,236,83,9,1,27,-6,168,0,-141,184,-113,9
626,9.59,P,65,0,847,1,116,171,147,15,T,71,0,604,0,145,93,58,4,1,6,0,-243,-1,29,-78,-89,-11
627,5.22,T,30,0,262,0,8,54,36,6,Z,24,2,444,0,453,170,100,6,0,-6,2,182,0,445,116,64,0
628,4.57,Z,28,0,293,0,23,76,86,6,Z,26,1,348,0,5,35,76,0,1,-2,1,55,0,-18,-41,-10,-6
629,9.58,P,49,0,430,0,0,143,94,2,Z,51,0,287,0,18,110,164,2,0,2,0,-143,0,18,-33,70,0
630,3.13,P,14,0,77,0,114,55,47,3,T,16,2,98,0,372,36,159,6,1,2,2,21,0,258,-19,112,3
631,9.59,Z,44,7,305,0,62,299,193,1,P,63,2,455,1,10,250,102,2,1,19,-5,150,1,-52,-49,-91,1
632,9.59,P,60,0,388,0,308,258,111,17,T,67,0,727,0,76,235,204,6,0,7,0,339,0,-232,-23,93,-11
633,8.29,Z,17,0,254,0,11,51,76,3,T,73,0,215,8,208,132,89,0,1,56,0,-39,8,197,81,13,-3
634,9.43,P,39,0,527,0,15,35,49,1,P,23,0,785,0,0,69,30,0,1,-16,0,258,0,-15,34,-19,-1
635,9.59,T,48,0,813,0,0,50,80,0,P,55,2,826,0,16,100,97,0,1,7,2,13,0,16,50,17,0
636,6.15,T,60,0,224,0,133,189,85,11,P,61,6,302,0,420,272,145,16,1,1,6,78,0,287,83,60,5
637,5.32,Z,28,3,105,0,24,49,81,0,Z,21,10,254,0,24,27,75,2,1,-7,7,149,0,0,-22,-6,2
638,3.58,Z,20,2,168,0,37,59,51,0,Z,21,0,150,6,40,78,77,0,1,1,-2,-18,6,3,19,26,0
639,5.37,T,26,0,301,0,0,98,49,0,Z,26,0,215,0,12,78,74,3,1,0,0,-86,0,12,-20,25,3
640,5.39,T,36,0,232,0,414,89,67,4,P,43,2,271,0,104,164,46,9,0,7,2,39,0,-310,75,-21,5
641,2.14,Z,8,0,68,0,7,61,56,4,T,6,0,147,0,129,33,69,3,0,-2,0,79,0,122,-28,13,-1
642,3.11,P,17,4,96,0,89,79,93,2,T,13,3,287,0,11,89,29,0,0,-4,-1,191,0,-78,10,-64,-2
643,4.2,P,26,0,169,0,261,158,79,9,T,29,2,221,17,61,98,120,3,1,3,2,52,17,-200,-60,41,-6
644,6.5,T,33,0,300,0,5,129,80,4,T,34,0,172,0,33,138,83,3,0,1,0,-128,0,28,9,3,-1
645,4.39,Z,27,0,188,0,158,116,153,4,T,32,5,218,0,269,113,105,1,0,5,5,30,0,111,-3,-48,-3
646,4.07,Z,23,0,138,0,340,81,85,4,T,26,2,164,0,348,65,106,5,1,3,2,26,0,8,-16,21,1
647,3.48,T,18,0,180,0,20,80,125,5,T,21,1,76,0,453,58,28,8,1,3,1,-104,0,433,-22,-97,3
648,1.38,T,7,0,118,0,16,48,46,20,T,7,1,105,7,133,37,28,0,1,0,1,-13,7,117,-11,-18,-20
649,4.54,Z,26,0,324,7,31,62,64,0,P,28,6,234,0,11,154,27,0,0,2,6,-90,-7,-20,92,-37,0
650,10,T,90,6,356,0,110,298,163,4,P,117,0,437,0,696,286,132,13,1,27,-6,81,0,586,-12,-31,9
651,7.52,T,72,9,293,0,281,178,139,12,T,71,0,314,0,478,204,128,11,0,-1,-9,21,0,197,26,-11,-1
652,9.56,Z,27,2,526,0,0,274,146,0,T,39,0,442,0,11,77,88,1,0,12,-2,-84,0,11,-197,-58,1
653,9.07,P,111,8,391,0,570,448,207,5,T,62,5,470,0,907,239,105,10,0,-49,-3,79,0,337,-209,-102,5
654,6.13,T,40,0,300,0,221,96,69,13,P,75,0,351,0,73,155,99,4,0,35,0,51,0,-148,59,30,-9
655,9.59,Z,59,0,541,0,39,182,190,5,T,54,5,313,1,60,131,97,1,0,-5,5,-228,1,21,-51,-93,-4
656,9.59,Z,50,0,641,0,13,158,253,2,T,92,14,602,3,92,131,120,5,0,42,14,-39,3,79,-27,-133,3
657,5.26,T,18,0,252,0,0,61,28,0,T,24,1,268,0,2,14,38,2,1,6,1,16,0,2,-47,10,2
658,9.57,Z,68,3,253,0,56,122,169,3,P,73,6,510,0,378,258,110,10,1,5,3,257,0,322,136,-59,7
659,4.36,T,29,5,115,0,7,85,34,7,T,24,3,233,0,257,65,47,0,0,-5,-2,118,0,250,-20,13,-7
660,10.02,Z,75,3,834,0,218,181,367,0,T,112,7,564,0,101,316,125,1,0,37,4,-270,0,-117,135,-242,1
661,4,T,16,4,126,0,1,41,42,0,P,16,0,163,0,5,12,30,1,1,0,-4,37,0,4,-29,-12,1
662,4.47,T,47,2,128,0,30,109,43,2,Z,15,2,208,0,1,8,62,0,0,-32,0,80,0,-29,-101,19,-2
663,9.5,Z,97,5,557,0,501,229,339,8,Z,84,11,610,3,121,259,353,2,0,-13,6,53,3,-380,30,14,-6
664,6.14,P,34,0,448,0,14,94,49,6,T,56,4,560,0,454,103,207,1,1,22,4,112,0,440,9,158,-5
665,5.52,T,18,0,369,0,0,81,69,0,Z,28,0,200,0,29,39,84,2,1,10,0,-169,0,29,-42,15,2
666,5.4,T,32,0,300,0,3,84,57,3,P,21,0,172,0,8,48,48,2,1,-11,0,-128,0,5,-36,-9,-1
667,4.54,P,22,0,159,0,32,70,82,4,T,39,0,259,0,16,78,39,3,1,17,0,100,0,-16,8,-43,-1
668,3.31,P,15,0,113,0,2,17,28,1,P,13,0,81,0,0,34,15,0,0,-2,0,-32,0,-2,17,-13,-1
669,8.02,Z,37,0,695,0,24,64,173,14,P,43,4,493,0,30,289,74,1,0,6,4,-202,0,6,225,-99,-13
670,4.55,T,35,1,143,0,531,119,58,7,P,31,0,223,0,131,193,88,8,1,-4,-1,80,0,-400,74,30,1
671,9.59,T,88,8,763,1,119,220,116,7,T,76,4,936,0,746,141,142,9,0,-12,-4,173,-1,627,-79,26,2
672,0.46,T,3,1,103,0,2,5,3,0,T,3,1,20,0,12,5,15,0,0,0,0,-83,0,10,0,12,0
673,3.26,Z,14,1,156,0,341,70,107,2,P,26,1,206,0,172,169,64,4,1,12,0,50,0,-169,99,-43,2
674,1.15,T,6,0,28,0,25,24,24,4,P,3,0,50,0,3,59,2,1,1,-3,0,22,0,-22,35,-22,-3
675,1.25,T,10,0,78,0,145,35,32,8,Z,6,2,121,0,62,52,47,1,1,-4,2,43,0,-83,17,15,-7
676,8.23,T,139,7,288,0,418,266,219,6,Z,74,8,693,0,235,222,239,5,0,-65,1,405,0,-183,-44,20,-1
677,9.59,Z,44,0,610,0,65,168,162,6,T,48,2,352,0,1,31,72,0,0,4,2,-258,0,-64,-137,-90,-6
678,5.39,T,60,0,270,0,27,181,49,2,T,45,0,176,0,421,129,145,17,0,-15,0,-94,0,394,-52,96,15
679,9.59,Z,52,1,332,0,319,335,246,3,P,48,0,198,0,6,163,66,7,0,-4,-1,-134,0,-313,-172,-180,4
680,8.39,P,43,0,385,0,3,256,70,1,Z,41,6,306,2,230,207,131,4,0,-2,6,-79,2,227,-49,61,3
681,7.45,P,25,0,600,0,0,157,47,1,T,49,0,264,0,0,40,97,0,1,24,0,-336,0,0,-117,50,-1
682,5.31,T,37,0,478,0,58,134,191,4,P,30,1,440,0,26,103,55,3,1,-7,1,-38,0,-32,-31,-136,-1
683,5.06,P,21,3,475,0,14,80,45,5,P,23,0,129,0,14,32,22,3,0,2,-3,-346,0,0,-48,-23,-2
684,10.56,P,81,0,777,9,81,237,100,0,T,77,0,529,0,384,152,104,2,1,-4,0,-248,-9,303,-85,4,2
685,5.53,P,29,3,316,0,109,100,58,6,T,37,0,196,0,62,100,106,7,0,8,-3,-120,0,-47,0,48,1
686,9.19,Z,44,3,160,0,7,132,154,2,P,52,6,541,0,42,215,96,2,0,8,3,381,0,35,83,-58,0
687,6.34,T,47,4,309,0,520,209,160,4,P,31,3,493,0,55,27,27,0,0,-16,-1,184,0,-465,-182,-133,-4
688,6.35,Z,29,0,201,11,93,193,168,1,Z,37,2,310,0,27,84,104,1,0,8,2,109,-11,-66,-109,-64,0
689,10.29,Z,91,1,262,0,56,256,201,3,T,70,6,832,0,77,206,143,0,0,-21,5,570,0,21,-50,-58,-3
690,4.26,Z,15,2,378,0,121,66,155,2,Z,18,2,253,0,22,44,61,0,0,3,0,-125,0,-99,-22,-94,-2
691,2.25,Z,8,0,97,0,1,32,45,3,T,6,0,118,0,18,33,14,0,0,-2,0,21,0,17,1,-31,-3
692,9.59,P,84,11,495,0,11,184,102,0,Z,63,7,646,0,25,225,209,0,1,-21,-4,151,0,14,41,107,0
693,9.59,P,32,0,633,0,0,63,57,0,P,40,0,919,0,6,59,65,5,1,8,0,286,0,6,-4,8,5
694,3.2,Z,17,1,74,0,124,67,166,0,Z,17,0,149,0,11,52,80,1,1,0,-1,75,0,-113,-15,-86,1
695,3.31,Z,20,0,247,0,125,25,152,0,T,26,3,192,0,119,80,62,1,0,6,3,-55,0,-6,55,-90,1
696,8.27,T,67,6,401,0,93,216,218,3,P,61,2,692,0,54,186,74,0,0,-6,-4,291,0,-39,-30,-144,-3
697,9.58,P,81,7,475,0,208,293,87,10,P,68,10,404,0,366,156,68,4,0,-13,3,-71,0,158,-137,-19,-6
698,9.59,P,85,1,494,0,101,411,155,1,Z,41,1,328,0,13,108,168,0,1,-44,0,-166,0,-88,-303,13,-1
699,4.58,P,20,1,144,0,0,45,25,0,P,18,1,147,0,0,14,40,0,0,-2,0,3,0,0,-31,15,0
700,10.07,P,60,5,389,0,117,131,59,6,T,73,7,682,1,46,239,158,7,1,13,2,293,1,-71,108,99,1
701,8.59,T,80,7,525,0,138,262,152,9,Z,46,2,485,0,34,78,199,2,0,-34,-5,-40,0,-104,-184,47,-7
702,6.06,T,38,2,315,0,399,102,114,4,T,48,0,88,0,0,78,115,1,0,10,-2,-227,0,-399,-24,1,-3
703,7.01,T,40,0,416,0,3,157,124,3,Z,27,1,240,0,24,88,113,2,0,-13,1,-176,0,21,-69,-11,-1
704,6.2,Z,36,6,179,0,141,151,325,2,T,41,4,206,0,34,81,66,0,1,5,-2,27,0,-107,-70,-259,-2
705,7.12,P,30,1,165,0,34,155,61,1,T,50,0,757,0,8,99,94,1,0,20,-1,592,0,-26,-56,33,0
706,2.54,Z,11,2,94,0,172,89,88,10,Z,12,0,86,0,240,31,59,2,0,1,-2,-8,0,68,-58,-29,-8
707,2.23,Z,13,3,13,0,318,15,15,1,Z,9,1,68,0,78,6,104,0,0,-4,-2,55,0,-240,-9,89,-1
708,0.27,Z,1,0,53,0,5,7,12,2,Z,2,0,45,0,59,9,28,1,1,1,0,-8,0,54,2,16,-1
709,6.15,Z,36,7,438,0,29,66,94,3,P,32,2,204,0,14,98,45,1,1,-4,-5,-234,0,-15,32,-49,-2
710,6.38,T,64,2,255,0,366,250,192,6,Z,61,2,379,0,186,254,231,5,1,-3,0,124,0,-180,4,39,-1
711,9.59,Z,59,3,758,0,3,64,266,0,T,49,0,673,0,1,48,95,3,0,-10,-3,-85,0,-2,-16,-171,3
712,4.01,T,5,0,88,0,0,9,13,0,T,21,0,183,0,62,49,16,4,1,16,0,95,0,62,40,3,4
713,4.17,P,21,0,185,0,19,84,37,2,Z,16,2,121,0,12,70,153,0,1,-5,2,-64,0,-7,-14,116,-2
714,9.59,P,41,0,912,0,9,50,77,6,T,29,0,734,0,0,43,60,0,0,-12,0,-178,0,-9,-7,-17,-6
715,9.59,Z,82,0,686,0,89,255,237,4,T,98,1,677,0,49,292,124,7,1,16,1,-9,0,-40,37,-113,3
716,2.31,T,10,0,185,0,0,8,31,1,Z,13,0,59,0,10,25,47,2,0,3,0,-126,0,10,17,16,1
717,5.03,Z,23,2,83,0,183,58,284,4,P,22,1,216,0,12,77,66,2,1,-1,-1,133,0,-171,19,-218,-2
718,9.59,T,69,13,598,0,262,147,183,1,P,49,1,533,0,19,97,74,1,0,-20,-12,-65,0,-243,-50,-109,0
719,9.59,T,65,0,541,0,18,254,125,9,Z,77,0,652,0,25,247,178,1,0,12,0,111,0,7,-7,53,-8
720,6.44,P,71,4,309,0,275,221,81,6,T,72,0,349,0,489,214,136,22,1,1,-4,40,0,214,-7,55,16
721,5.07,T,28,2,336,0,163,82,39,5,Z,24,0,108,4,21,54,72,0,0,-4,-2,-228,4,-142,-28,33,-5
722,8.32,Z,41,3,418,0,779,236,153,4,Z,51,9,386,0,35,225,187,3,0,10,6,-32,0,-744,-11,34,-1
723,9.32,T,83,4,469,0,804,300,327,10,T,62,0,650,0,770,142,109,15,0,-21,-4,181,0,-34,-158,-218,5
724,8.31,T,59,0,624,0,153,114,216,13,T,81,2,494,0,211,204,310,7,1,22,2,-130,0,58,90,94,-6
725,10.09,Z,51,6,390,3,48,70,173,1,P,61,1,453,0,33,452,206,9,0,10,-5,63,-3,-15,382,33,8
726,2.48,Z,9,0,123,0,13,83,32,3,P,16,0,180,0,9,112,31,3,0,7,0,57,0,-4,29,-1,0
727,5.06,T,29,0,230,0,33,88,71,5,T,21,1,423,0,0,37,84,0,0,-8,1,193,0,-33,-51,13,-5
728,10.02,T,63,2,601,0,31,158,98,2,Z,50,0,553,0,15,174,171,3,1,-13,-2,-48,0,-16,16,73,1
729,7.26,P,31,0,562,0,2,81,70,3,T,38,5,516,0,6,72,70,0,1,7,5,-46,0,4,-9,0,-3
730,8.16,P,49,0,293,0,15,122,68,14,P,56,0,840,0,757,199,115,11,0,7,0,547,0,742,77,47,-3
731,6.52,Z,41,2,145,0,218,129,301,1,P,40,0,361,0,126,284,64,15,1,-1,-2,216,0,-92,155,-237,14
732,5.51,P,36,4,98,0,17,102,37,3,T,37,0,202,0,350,142,112,4,0,1,-4,104,0,333,40,75,1
733,7.29,T,53,1,543,0,43,80,30,6,T,52,0,255,17,217,225,221,0,1,-1,-1,-288,17,174,145,191,-6
734,5.04,T,35,0,428,0,265,93,67,5,P,29,0,109,0,355,155,180,22,1,-6,0,-319,0,90,62,113,17
735,5.36,Z,37,1,299,0,145,102,116,3,T,33,0,299,0,64,161,107,5,1,-4,-1,0,0,-81,59,-9,2
736,9.59,Z,58,2,1003,0,51,281,236,5,T,77,0,533,0,91,150,90,4,0,19,-2,-470,0,40,-131,-146,-1
737,6.2,Z,41,4,256,0,576,162,286,4,T,58,2,571,0,72,185,165,36,1,17,-2,315,0,-504,23,-121,32
738,10.08,T,68,0,567,0,318,143,142,9,Z,70,9,416,1,49,178,249,1,1,2,9,-151,1,-269,35,107,-8
739,9.59,Z,35,0,150,0,1,105,173,1,T,65,0,466,0,113,161,195,5,0,30,0,316,0,112,56,22,4
740,9.59,Z,93,5,469,0,330,326,451,6,T,97,0,730,0,648,216,194,7,0,4,-5,261,0,318,-110,-257,1
741,7.36,T,57,0,296,0,11,198,113,7,T,54,5,729,0,48,149,157,0,0,-3,5,433,0,37,-49,44,-7
742,3.31,P,17,0,103,0,354,44,158,2,P,19,0,101,0,7,125,49,3,0,2,0,-2,0,-347,81,-109,1
743,10.3,P,88,2,403,0,44,265,93,8,T,97,0,741,0,290,258,172,12,0,9,-2,338,0,246,-7,79,4
744,3,Z,8,2,88,3,68,58,68,0,Z,7,1,187,0,48,25,80,4,1,-1,-1,99,-3,-20,-33,12,4
745,9.02,T,67,4,502,0,86,111,68,4,P,60,0,537,0,56,220,58,9,0,-7,-4,35,0,-30,109,-10,5
746,8.31,Z,50,1,476,0,88,140,210,2,T,62,0,343,0,34,113,109,4,0,12,-1,-133,0,-54,-27,-101,2
747,0.45,Z,3,0,17,0,13,2,21,1,T,2,0,47,0,0,2,2,0,0,-1,0,30,0,-13,0,-19,-1
748,3.35,T,22,2,159,0,118,40,140,2,P,15,3,77,0,17,44,47,0,0,-7,1,-82,0,-101,4,-93,-2
749,9.44,T,103,2,429,0,387,202,145,13,T,85,11,595,5,343,243,164,2,0,-18,9,166,5,-44,41,19,-11
750,4.46,Z,17,1,265,3,137,97,154,9,Z,26,6,226,0,136,129,184,1,1,9,5,-39,-3,-1,32,30,-8
751,9.59,Z,54,4,653,0,31,128,194,3,T,39,0,598,0,0,77,81,0,0,-15,-4,-55,0,-31,-51,-113,-3
752,9.59,Z,53,2,577,0,29,151,122,0,T,75,0,601,0,217,214,146,12,1,22,-2,24,0,188,63,24,12
753,2.24,P,8,2,225,0,3,85,18,0,Z,6,0,105,0,67,58,83,3,1,-2,-2,-120,0,64,-27,65,3
754,10.59,Z,109,0,617,0,119,348,245,19,T,129,1,878,0,668,297,181,16,1,20,1,261,0,549,-51,-64,-3
755,3.37,T,16,4,186,0,1,61,39,0,T,13,2,254,0,47,35,14,3,0,-3,-2,68,0,46,-26,-25,3
756,5.07,T,64,0,101,0,336,129,101,14,P,46,0,229,0,519,167,109,8,0,-18,0,128,0,183,38,8,-6
757,9.58,P,64,2,585,0,46,300,74,8,P,69,9,676,0,79,236,128,1,0,5,7,91,0,33,-64,54,-7
758,9.59,T,87,0,781,0,42,67,91,2,Z,86,2,605,0,57,138,449,0,0,-1,2,-176,0,15,71,358,-2
759,5.32,P,35,0,375,0,191,118,95,7,Z,25,0,311,0,167,71,281,1,0,-10,0,-64,0,-24,-47,186,-6
760,7.09,Z,49,3,278,0,434,224,259,3,T,74,0,506,0,287,137,184,13,0,25,-3,228,0,-147,-87,-75,10
761,5.11,Z,31,2,251,0,559,64,199,4,P,28,7,275,6,211,118,166,8,1,-3,5,24,6,-348,54,-33,4
762,3.59,P,24,0,273,0,89,80,39,5,P,20,5,172,0,223,167,51,0,1,-4,5,-101,0,134,87,12,-5
763,5.51,P,32,0,149,9,28,69,57,0,P,34,6,398,0,41,112,45,0,1,2,6,249,-9,13,43,-12,0
764,8.33,T,83,2,707,0,139,266,305,8,Z,58,0,574,0,309,202,254,8,0,-25,-2,-133,0,170,-64,-51,0
765,9.06,Z,71,8,517,0,442,326,291,14,Z,90,5,472,0,346,306,278,13,0,19,-3,-45,0,-96,-20,-13,-1
766,5.08,T,39,10,167,0,706,88,173,4,P,14,0,142,0,0,50,57,0,0,-25,-10,-25,0,-706,-38,-116,-4
767,9.55,Z,67,9,450,0,177,383,414,12,Z,108,1,553,0,643,390,292,17,0,41,-8,103,0,466,7,-122,5
768,10.16,T,72,6,1064,0,45,141,98,0,P,63,0,396,0,21,152,109,9,0,-9,-6,-668,0,-24,11,11,9
769,10.17,Z,53,9,952,0,52,99,190,0,T,62,0,865,0,0,120,132,1,0,9,-9,-87,0,-52,21,-58,1
770,1.12,P,2,0,117,0,0,14,6,1,Z,4,0,43,0,0,7,17,1,0,2,0,-74,0,0,-7,11,0
771,8.06,P,58,2,443,0,44,258,62,6,T,67,0,435,0,175,176,172,9,0,9,-2,-8,0,131,-82,110,3
772,7.29,T,98,5,357,0,576,254,126,4,Z,57,0,282,26,289,207,324,4,0,-41,-5,-75,26,-287,-47,198,0
773,9.58,Z,59,1,274,0,44,298,266,7,Z,61,0,835,0,21,240,256,6,0,2,-1,561,0,-23,-58,-10,-1
774,9.48,T,103,7,314,0,346,267,111,11,Z,66,9,558,0,108,144,317,1,0,-37,2,244,0,-238,-123,206,-10
775,9.59,P,55,11,407,0,8,419,222,0,T,49,7,710,0,36,292,118,2,1,-6,-4,303,0,28,-127,-104,2
776,6.25,T,33,0,372,0,0,57,55,0,P,28,0,231,0,5,59,74,1,1,-5,0,-141,0,5,2,19,1
777,4.25,T,16,4,264,0,19,32,22,0,Z,20,2,429,0,7,135,43,0,1,4,-2,165,0,-12,103,21,0
778,3.31,T,17,0,69,0,9,63,117,3,T,15,2,139,0,39,68,33,0,0,-2,2,70,0,30,5,-84,-3
779,9.59,T,92,0,444,0,28,205,136,7,Z,71,4,473,0,79,170,267,7,1,-21,4,29,0,51,-35,131,0
780,9.02,T,89,4,471,0,68,288,80,0,P,52,0,578,0,7,250,76,12,1,-37,-4,107,0,-61,-38,-4,12
781,7.53,T,52,3,271,0,28,134,86,2,Z,45,7,436,0,62,55,149,2,0,-7,4,165,0,34,-79,63,0
782,6.54,Z,51,8,537,0,103,177,119,3,P,61,5,387,0,95,201,66,10,1,10,-3,-150,0,-8,24,-53,7
783,7.02,T,79,5,312,0,770,224,104,10,T,58,1,427,0,28,182,73,4,0,-21,-4,115,0,-742,-42,-31,-6
784,9.59,Z,62,9,217,0,381,129,318,5,Z,74,5,433,0,346,406,520,5,0,12,-4,216,0,-35,277,202,0
785,9.59,T,125,0,396,0,594,324,163,48,T,71,10,353,0,9,260,93,0,0,-54,10,-43,0,-585,-64,-70,-48
786,9.22,T,100,4,649,0,362,225,184,0,Z,57,0,918,0,130,101,149,7,1,-43,-4,269,0,-232,-124,-35,7
787,2.12,Z,4,0,43,0,0,2,24,0,P,6,0,164,0,0,13,11,1,1,2,0,121,0,0,11,-13,1
788,6.02,T,44,0,243,0,435,112,113,15,P,16,0,481,0,0,25,16,0,0,-28,0,238,0,-435,-87,-97,-15
789,9.56,P,58,11,445,0,53,195,110,5,Z,88,0,405,0,138,119,376,12,0,30,-11,-40,0,85,-76,266,7
790,9.59,T,81,2,547,0,25,179,421,1,P,45,1,966,0,4,167,212,0,0,-36,-1,419,0,-21,-12,-209,-1
791,6.28,P,26,0,331,0,15,63,119,3,Z,28,2,166,0,55,74,179,0,0,2,2,-165,0,40,11,60,-3
792,7.37,P,24,0,487,0,0,94,72,0,T,19,0,131,0,0,132,69,0,1,-5,0,-356,0,0,38,-3,0
793,10.47,T,111,0,602,0,36,253,229,8,T,107,5,665,0,134,308,198,12,1,-4,5,63,0,98,55,-31,4
794,9.37,P,98,1,706,0,73,305,120,2,Z,83,10,386,0,979,149,252,8,0,-15,9,-320,0,906,-156,132,6
795,6.24,T,40,4,251,0,318,176,60,6,Z,45,2,166,0,453,105,235,6,1,5,-2,-85,0,135,-71,175,0
796,7.18,P,44,1,514,0,23,122,76,2,Z,60,0,333,0,287,164,208,4,1,16,-1,-181,0,264,42,132,2
797,9.58,T,38,1,556,0,11,230,78,3,P,29,0,820,0,23,119,67,2,0,-9,-1,264,0,12,-111,-11,-1
798,10.3,T,114,13,580,8,769,163,259,6,Z,84,9,647,0,90,252,217,8,1,-30,-4,67,-8,-679,89,-42,2
799,3.11,P,19,0,111,0,134,115,98,3,Z,11,0,212,3,17,65,67,0,1,-8,0,101,3,-117,-50,-31,-3
800,3.09,T,13,0,138,0,12,62,69,3,P,11,2,239,0,6,48,80,1,0,-2,2,101,0,-6,-14,11,-2
801,5.11,Z,20,0,112,7,332,29,87,0,Z,19,1,461,0,23,146,63,3,0,-1,1,349,-7,-309,117,-24,3
802,9.59,T,63,1,366,0,6,85,104,4,P,54,7,342,0,132,153,53,6,1,-9,6,-24,0,126,68,-51,2
803,2.53,T,11,0,373,0,0,20,34,0,P,7,0,382,0,0,20,13,0,1,-4,0,9,0,0,0,-21,0
804,8.13,T,70,4,497,0,252,184,77,5,P,82,0,422,12,296,334,116,0,1,12,-4,-75,12,44,150,39,-5
805,4.4,T,35,7,187,0,308,112,78,1,Z,22,3,131,0,374,101,85,3,0,-13,-4,-56,0,66,-11,7,2
806,2.06,Z,11,2,120,0,2,39,23,0,P,7,0,113,0,2,50,12,2,1,-4,-2,-7,0,0,11,-11,2
807,8.2,T,79,6,425,0,811,169,119,6,P,42,0,503,0,23,57,46,2,0,-37,-6,78,0,-788,-112,-73,-4
808,10.34,T,94,0,647,0,920,197,157,11,T,99,0,729,0,43,201,151,6,0,5,0,82,0,-877,4,-6,-5
809,8.02,P,49,1,424,0,298,278,181,4,T,84,0,293,0,514,199,237,4,1,35,-1,-131,0,216,-79,56,0
810,9.59,T,42,0,696,0,1,219,67,2,T,60,1,583,0,72,300,97,5,1,18,1,-113,0,71,81,30,3
811,2.09,T,11,0,80,0,224,41,59,3,T,8,0,110,0,221,34,50,5,1,-3,0,30,0,-3,-7,-9,2
812,9.59,T,63,8,678,0,115,229,280,0,T,85,15,1162,0,72,166,161,4,1,22,7,484,0,-43,-63,-119,4
813,5.01,P,23,0,223,0,0,10,27,0,P,16,0,230,0,6,27,21,1,0,-7,0,7,0,6,17,-6,1
814,10.49,T,70,0,637,0,0,197,97,0,P,55,0,662,0,0,244,92,0,1,-15,0,25,0,0,47,-5,0
815,4.18,T,20,3,238,0,204,105,167,4,T,27,0,134,0,8,25,19,3,0,7,-3,-104,0,-196,-80,-148,-1
816,9.59,P,100,8,688,6,454,370,174,12,T,86,0,706,0,10,145,112,5,1,-14,-8,18,-6,-444,-225,-62,-7
817,7.28,P,39,1,218,0,7,89,52,0,T,59,3,332,0,59,204,60,5,0,20,2,114,0,52,115,8,5
818,10.54,T,70,2,560,0,7,187,99,2,T,68,0,474,0,3,204,168,3,0,-2,-2,-86,0,-4,17,69,1
819,7.34,T,54,0,480,0,300,155,169,13,T,65,0,518,0,37,132,124,12,0,11,0,38,0,-263,-23,-45,-1
820,10.4,T,72,0,858,0,19,440,493,8,Z,78,0,569,0,44,157,262,4,1,6,0,-289,0,25,-283,-231,-4
821,9.11,P,38,3,444,0,15,118,60,0,Z,60,1,258,0,24,51,151,1,0,22,-2,-186,0,9,-67,91,1
822,5.26,P,27,8,355,4,521,141,39,3,P,38,1,299,0,237,194,108,5,0,11,-7,-56,-4,-284,53,69,2
823,1.13,Z,4,0,22,0,0,13,17,1,P,3,0,80,0,0,13,4,0,0,-1,0,58,0,0,0,-13,-1
824,9.57,Z,51,4,390,0,25,52,137,0,P,40,0,197,0,0,138,102,0,1,-11,-4,-193,0,-25,86,-35,0
825,6.28,Z,14,1,171,0,4,20,56,0,P,11,0,258,0,0,23,18,0,1,-3,-1,87,0,-4,3,-38,0
826,5.19,T,30,0,323,0,23,68,106,4,T,30,0,323,0,9,115,48,2,1,0,0,0,0,-14,47,-58,-2
827,7.29,P,55,0,514,0,120,318,122,7,Z,35,0,328,0,13,118,144,1,1,-20,0,-186,0,-107,-200,22,-6
828,9.58,P,53,0,423,0,66,223,63,10,Z,70,0,381,0,88,138,307,4,0,17,0,-42,0,22,-85,244,-6
829,9.23,Z,52,5,556,0,44,144,164,0,P,47,3,603,0,159,193,74,9,0,-5,-2,47,0,115,49,-90,9
830,3.59,T,17,4,125,0,180,55,142,1,P,19,2,121,0,528,46,99,9,1,2,-2,-4,0,348,-9,-43,8
831,4.38,Z,28,0,137,0,7,50,140,3,Z,15,0,162,0,7,18,50,1,0,-13,0,25,0,0,-32,-90,-2
832,10.46,P,59,8,794,6,119,274,116,0,P,73,8,456,5,144,248,104,0,1,14,0,-338,-1,25,-26,-12,0
833,4.16,Z,20,2,145,0,4,55,65,0,Z,15,0,136,0,11,31,92,2,1,-5,-2,-9,0,7,-24,27,2
834,9.59,T,73,4,683,0,33,166,115,0,Z,57,0,940,0,129,370,219,11,0,-16,-4,257,0,96,204,104,11
835,8.56,T,76,4,559,0,38,151,134,4,Z,72,2,315,0,56,195,239,9,1,-4,-2,-244,0,18,44,105,5
836,2.55,P,11,1,217,0,7,88,17,0,Z,9,2,200,0,3,34,45,0,1,-2,1,-17,0,-4,-54,28,0
837,9.37,Z,36,4,722,0,22,58,99,0,P,80,8,518,0,1114,274,176,9,1,44,4,-204,0,1092,216,77,9
838,8.5,Z,67,0,433,0,574,181,316,21,T,115,0,468,0,633,218,212,11,1,48,0,35,0,59,37,-104,-10
839,5.11,Z,44,1,182,0,45,113,123,5,P,18,0,97,0,12,42,25,6,0,-26,-1,-85,0,-33,-71,-98,1
840,10.3,P,61,8,814,3,23,124,79,0,Z,72,0,505,0,28,182,196,4,1,11,-8,-309,-3,5,58,117,4
841,7.21,Z,52,1,290,0,51,175,246,13,P,75,0,470,0,59,190,72,6,1,23,-1,180,0,8,15,-174,-7
842,7,P,51,2,426,0,438,198,115,12,T,71,7,368,0,115,174,66,4,1,20,5,-58,0,-323,-24,-49,-8
843,1.55,P,8,0,85,0,81,65,25,8,P,15,0,36,0,1,61,33,5,1,7,0,-49,0,-80,-4,8,-3
844,6.41,P,39,0,218,0,131,150,59,9,P,39,5,328,0,209,255,195,0,1,0,5,110,0,78,105,136,-9
845,5.11,T,41,0,355,0,173,118,43,8,Z,35,5,319,3,50,133,107,0,0,-6,5,-36,3,-123,15,64,-8
846,2.47,Z,11,0,96,0,262,76,111,5,T,13,0,230,0,52,62,14,4,0,2,0,134,0,-210,-14,-97,-1
847,3.3,Z,11,1,116,0,74,53,111,0,P,23,1,118,0,25,45,42,9,1,12,0,2,0,-49,-8,-69,9
848,9.59,T,72,0,740,0,3,120,111,2,Z,41,0,429,0,24,74,104,2,0,-31,0,-311,0,21,-46,-7,0
849,4.14,T,23,0,157,0,9,98,79,3,P,21,0,193,0,28,101,35,2,1,-2,0,36,0,19,3,-44,-1
850,9.02,Z,42,0,298,0,103,179,188,2,T,61,5,228,0,377,89,214,4,1,19,5,-70,0,274,-90,26,2
851,9.13,Z,46,0,507,0,53,177,169,4,P,61,0,785,0,241,157,71,10,0,15,0,278,0,188,-20,-98,6
852,9.2,Z,74,3,617,1,167,362,264,2,P,98,0,611,0,226,372,165,20,0,24,-3,-6,-1,59,10,-99,18
853,0,Z,0,0,1,0,0,0,0,0,Z,32,0,254,0,18,46,86,1,1,32,0,253,0,18,46,86,1
854,9.59,Z,50,3,657,0,48,259,154,4,P,43,0,776,0,0,149,70,1,0,-7,-3,119,0,-48,-110,-84,-3
855,3.52,T,12,4,116,0,10,40,35,0,P,16,0,126,0,0,83,33,1,0,4,-4,10,0,-10,43,-2,1
856,9.59,Z,43,0,305,0,13,83,165,0,P,41,0,480,0,0,97,94,0,0,-2,0,175,0,-13,14,-71,0
857,9.58,T,44,0,197,0,0,40,62,2,T,30,0,687,0,0,49,81,0,0,-14,0,490,0,0,9,19,-2
858,9.59,P,69,0,476,0,83,179,146,12,Z,61,7,358,0,361,216,513,2,0,-8,7,-118,0,278,37,367,-10
859,6.39,T,45,2,256,0,1,84,59,0,P,29,0,436,0,2,145,44,1,1,-16,-2,180,0,1,61,-15,1
860,4.01,Z,14,0,192,0,11,41,44,4,Z,13,0,125,0,17,49,38,3,0,-1,0,-67,0,6,8,-6,-1
861,9.58,P,55,6,411,0,63,65,73,2,Z,41,4,627,0,66,110,151,1,1,-14,-2,216,0,3,45,78,-1
862,10.36,T,47,4,953,0,3,357,103,0,Z,39,0,522,0,9,237,181,2,1,-8,-4,-431,0,6,-120,78,2
863,7.22,T,44,0,741,0,0,223,144,2,Z,43,2,331,0,55,130,133,0,0,-1,2,-410,0,55,-93,-11,-2
864,2.52,Z,11,0,164,0,13,28,35,1,Z,11,5,63,0,164,51,40,0,1,0,5,-101,0,151,23,5,-1
865,4.58,P,18,0,185,0,0,10,28,0,Z,19,0,283,0,5,27,71,1,1,1,0,98,0,5,17,43,1
866,6.21,T,59,0,215,0,374,171,185,14,T,71,1,274,0,243,193,129,9,1,12,1,59,0,-131,22,-56,-5
867,4.11,Z,15,3,197,0,6,14,45,0,T,15,1,113,0,115,27,70,8,0,0,-2,-84,0,109,13,25,8
868,9.59,T,93,3,434,0,418,186,63,6,Z,77,3,552,0,184,258,313,9,1,-16,0,118,0,-234,72,250,3
869,9.59,P,29,0,476,0,1,68,73,1,T,74,4,390,0,14,107,119,0,1,45,4,-86,0,13,39,46,-1
870,9.59,P,40,1,656,0,14,110,82,3,Z,38,2,647,0,4,84,143,4,1,-2,1,-9,0,-10,-26,61,1
871,9.59,T,70,9,970,0,384,196,158,5,P,78,2,449,2,402,257,260,0,1,8,-7,-521,2,18,61,102,-5
872,7.22,T,31,2,684,0,7,174,71,2,T,39,0,313,6,29,97,63,0,0,8,-2,-371,6,22,-77,-8,-2
873,4.33,P,13,0,188,0,0,83,10,0,Z,18,0,175,0,1,46,77,0,1,5,0,-13,0,1,-37,67,0
874,6.48,T,64,3,526,0,7,160,102,0,Z,32,6,402,0,35,115,109,5,0,-32,3,-124,0,28,-45,7,5
875,5.26,T,32,2,143,0,36,113,47,0,P,33,0,426,0,1,99,79,4,1,1,-2,283,0,-35,-14,32,4
876,9.33,P,88,2,402,0,479,418,172,4,P,62,0,420,0,43,171,72,14,1,-26,-2,18,0,-436,-247,-100,10
877,5.22,T,28,3,177,0,7,82,47,6,P,26,0,142,0,4,54,34,4,0,-2,-3,-35,0,-3,-28,-13,-2
878,9.36,T,95,0,517,0,136,235,126,9,P,65,0,355,0,43,193,83,4,0,-30,0,-162,0,-93,-42,-43,-5
879,9.59,Z,47,5,607,0,37,44,122,1,T,97,4,578,0,97,213,123,2,0,50,-1,-29,0,60,169,1,1
880,0.57,T,2,0,24,0,0,24,6,1,Z,0,0,1,0,0,0,0,0,0,-2,0,-23,0,0,-24,-6,-1
881,9.41,Z,71,11,463,0,383,230,261,3,T,101,0,474,0,228,202,126,8,1,30,-11,11,0,-155,-28,-135,5
882,5.4,Z,21,0,259,0,58,43,117,8,Z,22,0,420,0,10,39,63,3,0,1,0,161,0,-48,-4,-54,-5
883,9.59,Z,60,0,399,0,550,106,215,4,T,48,0,465,0,0,34,67,0,1,-12,0,66,0,-550,-72,-148,-4
884,7.02,P,25,0,238,0,0,95,44,0,P,30,1,384,0,167,128,61,3,0,5,1,146,0,167,33,17,3
885,3.04,Z,11,1,76,0,3,25,44,0,T,13,0,90,0,317,79,150,9,0,2,-1,14,0,314,54,106,9
886,9.36,P,62,2,604,0,57,232,113,5,T,100,1,358,0,561,253,156,13,0,38,-1,-246,0,504,21,43,8
887,9.58,P,66,0,393,0,204,334,141,16,T,61,0,581,3,21,279,120,1,0,-5,0,188,3,-183,-55,-21,-15
888,9.59,P,90,0,406,0,793,241,226,15,Z,70,0,643,0,258,238,355,8,0,-20,0,237,0,-535,-3,129,-7
889,10.04,Z,57,5,298,0,118,154,188,9,T,75,0,728,0,5,117,81,2,0,18,-5,430,0,-113,-37,-107,-7
890,9.59,Z,89,0,462,0,285,341,549,7,T,111,3,575,0,134,220,146,11,1,22,3,113,0,-151,-121,-403,4
891,9.27,P,79,0,449,0,226,216,257,12,T,86,0,854,0,266,241,218,14,1,7,0,405,0,40,25,-39,2
892,2.05,Z,7,2,84,0,209,133,69,4,Z,9,1,25,0,223,59,101,4,0,2,-1,-59,0,14,-74,32,0
893,9.59,P,50,0,598,0,23,134,78,4,T,84,4,855,0,7,153,241,1,1,34,4,257,0,-16,19,163,-3
894,10.17,Z,71,0,794,0,175,158,266,11,T,107,7,610,0,742,370,166,11,1,36,7,-184,0,567,212,-100,0
895,2.22,P,11,0,48,1,1,44,16,0,T,10,1,103,0,211,36,79,1,1,-1,1,55,-1,210,-8,63,1
896,8.29,P,81,3,674,8,90,144,124,1,T,66,4,456,9,102,144,210,2,1,-15,1,-218,1,12,0,86,1
897,8.35,Z,59,3,871,0,98,83,132,4,P,41,5,355,0,31,113,44,3,0,-18,2,-516,0,-67,30,-88,-1
898,7.07,Z,30,0,436,0,51,128,118,3,P,51,1,337,0,65,181,52,7,0,21,1,-99,0,14,53,-66,4
899,5.47,T,25,0,483,0,13,76,84,2,P,36,9,294,0,108,243,79,1,0,11,9,-189,0,95,167,-5,-1
900,1.48,P,7,0,104,0,257,61,15,7,Z,5,0,118,0,75,84,20,8,0,-2,0,14,0,-182,23,5,1
901,9.59,P,34,0,834,0,12,184,101,9,P,54,5,666,0,39,172,55,5,0,20,5,-168,0,27,-12,-46,-4
902,4.34,T,23,0,270,0,9,97,37,0,P,26,0,201,0,63,111,108,3,0,3,0,-69,0,54,14,71,3
903,5.34,P,26,0,210,0,27,85,37,5,P,27,0,222,0,332,167,67,2,1,1,0,12,0,305,82,30,-3
904,9.59,T,125,0,394,0,159,332,86,20,Z,86,5,673,0,163,240,168,0,0,-39,5,279,0,4,-92,82,-20
905,4.54,P,21,1,331,0,10,20,20,0,P,22,1,301,0,4,47,31,1,0,1,0,-30,0,-6,27,11,1
906,9.23,P,32,0,541,0,2,56,68,2,P,45,5,818,0,12,203,154,5,1,13,5,277,0,10,147,86,3
907,5.57,Z,27,2,409,0,11,41,137,0,Z,21,0,309,0,23,105,71,1,0,-6,-2,-100,0,12,64,-66,1
908,4.54,P,17,0,373,0,1,14,34,2,P,21,1,198,0,0,22,28,0,0,4,1,-175,0,-1,8,-6,-2
909,9.59,Z,86,2,570,0,179,305,281,12,T,111,0,436,0,482,220,221,11,0,25,-2,-134,0,303,-85,-60,-1
910,2.56,Z,15,0,74,0,311,45,103,7,Z,14,0,204,0,274,24,47,2,1,-1,0,130,0,-37,-21,-56,-5
911,4.46,Z,24,0,186,0,9,46,95,0,Z,21,0,222,0,93,95,215,2,1,-3,0,36,0,84,49,120,2
912,9.58,T,44,0,515,0,0,86,87,1,T,52,0,1198,0,31,64,75,2,0,8,0,683,0,31,-22,-12,1
913,9.49,T,82,4,468,0,16,209,85,0,Z,75,2,509,0,650,186,276,11,0,-7,-2,41,0,634,-23,191,11
914,9.59,Z,51,2,582,0,6,223,169,1,P,85,1,422,0,10,223,83,1,0,34,-1,-160,0,4,0,-86,0
915,9.57,Z,59,5,445,0,153,175,342,1,P,46,10,721,0,107,256,128,10,0,-13,5,276,0,-46,81,-214,9
916,5.5,T,53,6,175,0,353,186,73,5,Z,32,0,127,0,21,106,98,3,0,-21,-6,-48,0,-332,-80,25,-2
917,3.14,T,11,0,114,0,31,48,49,6,T,13,1,76,0,6,25,25,2,0,2,1,-38,0,-25,-23,-24,-4
918,9.59,Z,43,0,464,0,1,71,138,0,T,27,0,848,0,0,117,59,1,0,-16,0,384,0,-1,46,-79,1
919,8.06,T,53,4,548,0,187,104,68,2,Z,50,7,480,0,34,183,158,1,0,-3,3,-68,0,-153,79,90,-1
920,9.26,T,55,1,627,0,39,89,69,2,T,64,6,579,0,288,116,70,4,0,9,5,-48,0,249,27,1,2
921,6.11,P,35,0,668,0,157,75,34,5,Z,29,0,427,0,64,117,152,3,0,-6,0,-241,0,-93,42,118,-2
922,7.56,T,77,8,347,0,305,122,167,7,P,53,6,355,0,39,156,208,3,0,-24,-2,8,0,-266,34,41,-4
923,9.55,P,54,3,409,0,11,167,62,0,Z,39,0,383,0,107,138,190,4,1,-15,-3,-26,0,96,-29,128,4
924,9.59,P,47,0,328,0,7,68,72,2,Z,52,0,106,0,0,25,156,0,1,5,0,-222,0,-7,-43,84,-2
925,4.46,T,27,0,230,0,8,179,42,2,Z,18,6,139,0,255,131,119,1,1,-9,6,-91,0,247,-48,77,-1
926,3.52,P,11,0,171,0,0,17,13,3,P,12,0,115,0,6,30,20,1,1,1,0,-56,0,6,13,7,-2
927,1.13,P,3,0,50,0,0,4,2,0,P,1,2,76,0,105,9,1,2,1,-2,2,26,0,105,5,-1,2
928,2.05,T,5,3,74,0,24,25,16,0,T,16,0,56,0,19,20,13,3,0,11,-3,-18,0,-5,-5,-3,3
929,6.12,Z,34,2,340,0,40,131,142,6,Z,30,5,258,0,415,123,123,3,1,-4,3,-82,0,375,-8,-19,-3
930,4.51,Z,26,1,271,0,563,86,175,6,Z,30,3,167,0,297,167,135,5,1,4,2,-104,0,-266,81,-40,-1
931,9.59,T,64,0,754,0,77,202,140,6,P,52,2,730,0,13,171,118,0,1,-12,2,-24,0,-64,-31,-22,-6
932,10.31,P,64,8,781,0,41,275,99,7,P,51,0,312,0,22,155,99,5,0,-13,-8,-469,0,-19,-120,0,-2
933,7.55,Z,45,0,492,0,0,143,168,0,T,38,2,593,0,21,81,47,2,1,-7,2,101,0,21,-62,-121,2
934,2.07,Z,6,0,16,0,0,3,21,0,T,11,0,118,0,108,78,35,10,1,5,0,102,0,108,75,14,10
935,9.34,T,67,0,479,0,7,241,78,9,Z,39,4,723,0,26,181,201,2,0,-28,4,244,0,19,-60,123,-7
936,7.49,Z,49,0,485,11,59,221,167,1,T,83,2,657,0,46,185,101,7,1,34,2,172,-11,-13,-36,-66,6
937,7.43,Z,52,0,434,0,49,209,184,1,P,56,0,205,0,174,290,78,4,1,4,0,-229,0,125,81,-106,3
938,8.11,Z,77,2,318,0,135,174,390,5,T,75,0,460,0,79,233,77,7,1,-2,-2,142,0,-56,59,-313,2
939,9.58,P,82,0,781,0,36,293,129,11,T,98,0,825,0,58,263,125,6,1,16,0,44,0,22,-30,-4,-5
940,10.02,P,39,0,655,0,0,196,93,0,T,58,0,414,0,154,184,182,5,1,19,0,-241,0,154,-12,89,5
941,9.59,P,73,0,453,0,124,322,142,8,Z,86,12,357,2,322,205,316,3,1,13,12,-96,2,198,-117,174,-5
942,9.24,P,62,2,349,0,41,94,54,8,Z,86,9,398,0,541,164,270,4,1,24,7,49,0,500,70,216,-4
943,9.59,Z,79,0,483,0,56,129,176,4,T,123,4,578,0,97,226,130,7,1,44,4,95,0,41,97,-46,3
944,8.55,T,132,0,479,0,212,414,157,11,Z,62,0,555,0,36,166,224,5,0,-70,0,76,0,-176,-248,67,-6
945,9.59,Z,56,0,491,0,0,298,179,0,T,59,5,491,0,6,133,93,4,1,3,5,0,0,6,-165,-86,4
946,5.05,T,50,2,203,0,278,269,83,5,T,29,0,276,0,296,138,32,5,0,-21,-2,73,0,18,-131,-51,0
947,9.27,T,55,5,660,0,17,48,112,0,Z,47,4,275,0,27,174,261,0,1,-8,-1,-385,0,10,126,149,0
948,9.58,P,87,0,440,0,419,336,292,8,Z,65,0,571,0,232,248,291,11,1,-22,0,131,0,-187,-88,-1,3
949,7.51,T,42,5,589,0,7,117,74,0,P,41,1,459,0,13,152,76,0,0,-1,-4,-130,0,6,35,2,0
950,6.53,Z,43,7,610,0,31,63,160,0,Z,22,0,310,0,16,76,113,4,0,-21,-7,-300,0,-15,13,-47,4
951,7.59,T,40,0,190,0,0,40,68,0,Z,48,11,339,0,74,62,128,7,0,8,11,149,0,74,22,60,7
952,4.03,P,16,0,156,0,0,158,14,1,Z,17,0,93,4,22,100,86,0,1,1,0,-63,4,22,-58,72,-1
953,9.59,T,141,0,637,0,290,334,156,23,T,166,0,438,0,506,238,182,20,0,25,0,-199,0,216,-96,26,-3
954,9.33,T,26,0,265,0,14,156,69,0,P,57,0,483,0,0,157,59,0,1,31,0,218,0,-14,1,-10,0
955,3.35,P,12,0,186,0,390,79,59,1,P,15,0,115,0,0,130,30,0,0,3,0,-71,0,-390,51,-29,-1
956,6.51,T,55,0,425,0,601,233,157,4,T,64,1,526,0,80,210,123,15,1,9,1,101,0,-521,-23,-34,11
957,5.51,T,36,0,154,0,128,72,61,3,T,46,0,215,0,544,83,120,8,1,10,0,61,0,416,11,59,5
958,9.59,P,125,4,729,0,749,369,105,12,Z,83,13,251,0,119,151,378,2,0,-42,9,-478,0,-630,-218,273,-10
959,6.36,T,45,0,255,0,96,186,60,6,T,45,7,285,3,584,97,96,9,1,0,7,30,3,488,-89,36,3
960,4.53,P,14,0,179,0,0,37,25,0,P,19,4,153,0,4,80,29,0,0,5,4,-26,0,4,43,4,0
961,5.56,P,31,0,479,0,53,178,47,4,P,27,1,272,0,9,117,48,3,1,-4,1,-207,0,-44,-61,1,-1
962,9.59,T,64,1,737,0,35,131,69,5,Z,44,6,344,0,82,51,153,0,0,-20,5,-393,0,47,-80,84,-5
963,9.59,T,84,0,710,0,38,199,90,5,Z,55,0,561,0,26,73,174,1,0,-29,0,-149,0,-12,-126,84,-4
964,4.11,Z,12,2,69,0,24,18,63,0,Z,35,8,235,1,35,65,74,1,0,23,6,166,1,11,47,11,1
965,9.58,P,36,0,428,0,20,121,74,10,T,57,2,510,0,24,271,89,0,1,21,2,82,0,4,150,15,-10
966,9.59,P,59,0,962,0,4,156,134,9,Z,50,0,223,2,23,163,171,0,0,-9,0,-739,2,19,7,37,-9
967,9.59,T,42,0,556,0,6,76,71,7,P,66,0,319,0,0,161,110,0,1,24,0,-237,0,-6,85,39,-7
968,1.15,Z,5,2,27,0,15,12,17,0,T,4,2,64,0,60,6,49,2,0,-1,0,37,0,45,-6,32,2
969,10.22,T,53,0,1072,0,42,192,158,16,P,33,0,1008,0,0,112,62,0,1,-20,0,-64,0,-42,-80,-96,-16
970,5.13,P,19,0,196,0,38,116,89,2,Z,24,3,223,0,39,229,138,2,0,5,3,27,0,1,113,49,0
971,9.59,Z,69,0,696,0,208,168,189,19,T,114,0,626,0,64,230,118,13,1,45,0,-70,0,-144,62,-71,-6
972,9.59,T,85,3,408,0,85,271,219,14,Z,48,0,459,0,258,353,321,7,0,-37,-3,51,0,173,82,102,-7
973,4.54,Z,35,3,287,0,329,142,144,4,Z,21,5,374,0,214,81,152,1,0,-14,2,87,0,-115,-61,8,-3
974,5.13,T,25,0,402,0,304,99,63,4,T,34,1,488,0,5,120,101,1,1,9,1,86,0,-299,21,38,-3
975,4.41,P,18,0,228,0,7,230,17,11,P,28,0,231,0,31,65,36,3,1,10,0,3,0,24,-165,19,-8
976,9.53,Z,51,3,466,0,70,131,200,1,Z,70,2,347,0,43,218,227,1,0,19,-1,-119,0,-27,87,27,0
977,6.07,T,67,0,273,0,14,180,50,3,P,29,1,278,0,2,140,64,0,1,-38,1,5,0,-12,-40,14,-3
978,9.59,T,38,6,427,0,14,31,50,1,P,48,10,351,2,30,49,45,7,1,10,4,-76,2,16,18,-5,6
979,9.59,P,50,0,606,0,39,333,128,13,T,47,2,734,0,4,87,90,0,1,-3,2,128,0,-35,-246,-38,-13
980,9.59,P,66,6,340,0,45,197,50,1,T,68,3,494,0,71,154,117,1,0,2,-3,154,0,26,-43,67,0
981,9.33,T,97,0,714,0,335,262,99,16,Z,67,0,599,0,458,276,161,14,0,-30,0,-115,0,123,14,62,-2
982,9.06,P,53,4,478,7,26,85,88,0,P,60,0,554,0,423,242,151,14,1,7,-4,76,-7,397,157,63,14
983,9.59,Z,69,5,588,3,104,89,308,3,P,61,0,591,0,34,87,101,5,0,-8,-5,3,-3,-70,-2,-207,2
984,7.5,P,102,6,458,0,512,234,121,3,T,72,0,425,0,304,314,150,12,0,-30,-6,-33,0,-208,80,29,9
985,0.14,Z,1,0,3,0,1,3,1,2,P,1,0,1,0,18,2,21,2,0,0,0,-2,0,17,-1,20,0
986,9.59,Z,54,1,314,0,98,149,255,3,Z,58,0,322,0,43,195,285,6,1,4,-1,8,0,-55,46,30,3
987,10.44,T,61,0,847,0,3,99,120,5,T,92,0,1011,0,22,207,162,7,1,31,0,164,0,19,108,42,2
988,10.2,P,36,2,674,0,7,183,55,1,Z,73,0,211,0,2,112,137,1,0,37,-2,-463,0,-5,-71,82,0
989,6.17,T,45,1,511,0,21,24,45,2,P,25,0,123,0,2,47,60,2,1,-20,-1,-388,0,-19,23,15,0
990,7.47,P,56,4,443,0,30,239,75,6,T,81,2,671,0,85,147,85,11,1,25,-2,228,0,55,-92,10,5
991,7.06,Z,35,0,208,1,278,163,126,7,Z,45,0,140,0,19,151,178,2,0,10,0,-68,-1,-259,-12,52,-5
992,9.59,P,51,0,740,0,26,108,53,1,T,55,4,476,0,51,156,83,0,1,4,4,-264,0,25,48,30,-1
993,9.59,P,57,0,676,0,3,225,100,1,T,87,8,404,0,7,215,156,2,0,30,8,-272,0,4,-10,56,1
994,4.29,T,22,0,316,0,184,42,56,9,Z,22,4,106,0,87,114,136,0,0,0,4,-210,0,-97,72,80,-9
995,8.17,P,71,0,577,6,149,216,107,7,Z,50,3,484,0,34,243,137,6,1,-21,3,-93,-6,-115,27,30,-1
996,9.59,Z,41,1,442,0,15,162,163,1,Z,47,2,523,0,21,217,227,0,1,6,1,81,0,6,55,64,-1
997,5.47,T,27,0,398,0,1,77,74,1,P,26,0,387,0,1,81,33,12,0,-1,0,-11,0,0,4,-41,11
998,10.45,Z,104,11,572,0,463,246,250,10,T,150,5,468,0,590,267,136,7,1,46,-6,-104,0,127,21,-114,-3
999,6.01,Z,23,2,486,0,7,60,70,0,P,27,4,556,0,71,171,51,0,1,4,2,70,0,64,111,-19,0
1000,8.13,Z,44,2,271,0,5,229,234,9,Z,50,5,677,0,66,161,183,4,0,6,3,406,0,61,-68,-51,-5
1001,7.59,T,46,0,812,0,17,110,64,2,P,35,0,482,0,1,73,55,0,0,-11,0,-330,0,-16,-37,-9,-2
1002,8.09,T,63,0,312,0,420,315,230,15,Z,49,0,167,0,49,56,98,7,0,-14,0,-145,0,-371,-259,-132,-8
1003,8,T,43,0,382,0,0,57,63,2,P,27,0,824,0,0,61,45,0,0,-16,0,442,0,0,4,-18,-2
1004,9.36,P,132,0,558,0,492,264,155,14,T,91,0,285,0,595,348,149,15,0,-41,0,-273,0,103,84,-6,1
1005,9.59,T,97,0,409,0,641,306,134,12,Z,49,1,373,0,98,209,181,9,1,-48,1,-36,0,-543,-97,47,-3
1006,2.5,Z,11,6,126,0,264,50,93,0,Z,13,0,109,0,204,92,150,2,1,2,-6,-17,0,-60,42,57,2
1007,9.16,Z,54,6,414,0,71,79,205,0,P,50,0,640,0,10,132,64,2,0,-4,-6,226,0,-61,53,-141,2
1008,9.59,Z,54,3,509,1,87,126,210,1,P,58,0,312,0,20,141,73,9,1,4,-3,-197,-1,-67,15,-137,8
1009,8.54,P,26,0,192,0,9,129,65,4,P,35,0,487,0,0,101,75,5,0,9,0,295,0,-9,-28,10,1
1010,9.59,P,149,0,670,0,659,289,181,20,T,108,0,505,0,690,225,263,16,0,-41,0,-165,0,31,-64,82,-4
1011,7.35,T,45,3,387,0,27,170,57,1,Z,35,5,614,0,24,23,97,1,1,-10,2,227,0,-3,-147,40,0
1012,7.09,Z,55,0,604,0,32,235,144,5,T,92,3,361,0,547,253,108,23,1,37,3,-243,0,515,18,-36,18
1013,6.06,Z,33,0,188,0,5,144,84,1,P,19,0,504,0,3,53,41,1,0,-14,0,316,0,-2,-91,-43,0
1014,7.46,Z,45,7,282,1,320,131,117,3,T,92,0,261,0,372,212,100,11,1,47,-7,-21,-1,52,81,-17,8
1015,7.47,P,33,8,238,0,74,121,80,0,T,51,0,633,0,1,98,79,1,1,18,-8,395,0,-73,-23,-1,1
1016,4.48,Z,11,0,116,0,7,6,42,0,P,20,0,275,0,0,17,28,0,1,9,0,159,0,-7,11,-14,0
1017,9.59,T,58,0,946,0,22,128,117,8,Z,69,0,481,14,105,150,271,0,1,11,0,-465,14,83,22,154,-8
1018,3.54,Z,15,0,118,0,3,22,38,2,Z,11,0,131,0,5,23,43,1,0,-4,0,13,0,2,1,5,-1
1019,9.32,Z,73,2,458,0,334,121,459,4,T,105,0,375,0,294,362,222,16,1,32,-2,-83,0,-40,241,-237,12
1020,1.31,P,5,0,50,0,0,33,6,1,P,7,0,69,0,14,42,13,3,1,2,0,19,0,14,9,7,2
1021,4.56,P,25,4,327,0,25,105,65,0,T,17,2,116,0,1,11,35,0,0,-8,-2,-211,0,-24,-94,-30,0
1022,10.42,Z,65,4,555,0,44,142,208,6,P,68,0,598,0,4,122,85,2,0,3,-4,43,0,-40,-20,-123,-4
1023,9.59,T,82,0,806,0,18,253,149,7,Z,57,0,307,0,12,140,307,2,1,-25,0,-499,0,-6,-113,158,-5
1024,5.42,T,56,6,347,0,66,185,42,4,Z,34,4,203,0,239,118,108,4,1,-22,-2,-144,0,173,-67,66,0
1025,9.3,P,51,1,571,0,36,260,101,3,P,48,0,784,0,0,65,73,0,1,-3,-1,213,0,-36,-195,-28,-3
1026,6.01,P,43,5,268,0,227,149,146,3,T,44,1,383,0,126,129,100,7,0,1,-4,115,0,-101,-20,-46,4
1027,9.59,T,149,3,621,0,866,311,129,24,Z,117,3,720,0,1019,314,362,9,1,-32,0,99,0,153,3,233,-15
1028,3.5,Z,24,2,68,0,366,67,87,13,Z,13,0,225,0,371,30,69,9,0,-11,-2,157,0,5,-37,-18,-4
1029,8.47,Z,66,2,476,0,336,118,424,2,Z,67,11,372,0,418,204,165,1,0,1,9,-104,0,82,86,-259,-1
1030,9.59,T,114,11,563,0,229,332,151,7,Z,101,13,491,0,139,206,424,6,1,-13,2,-72,0,-90,-126,273,-1
1031,9.59,T,53,4,488,0,115,151,106,3,Z,74,0,190,0,31,52,197,2,1,21,-4,-298,0,-84,-99,91,-1
1032,9,T,48,0,555,0,0,32,88,0,P,47,0,542,0,35,66,56,10,1,-1,0,-13,0,35,34,-32,10
1033,2.5,Z,8,0,203,0,55,61,51,4,Z,26,2,101,0,395,48,54,3,0,18,2,-102,0,340,-13,3,-1
1034,9.59,T,84,2,779,0,279,117,142,4,Z,96,0,767,0,312,192,284,13,1,12,-2,-12,0,33,75,142,9
1035,9.59,P,92,7,383,0,100,329,176,10,T,156,2,492,0,508,371,191,10,1,64,-5,109,0,408,42,15,0
1036,9.59,Z,113,11,567,12,140,271,389,6,T,121,3,605,0,901,345,168,6,1,8,-8,38,-12,761,74,-221,0
1037,9.11,P,28,4,526,0,10,82,58,0,T,88,8,613,0,88,244,154,2,1,60,4,87,0,78,162,96,2
1038,8.41,Z,33,4,682,0,551,134,716,1,T,55,0,374,9,69,235,134,0,1,22,-4,-308,9,-482,101,-582,-1
1039,5.17,T,51,5,194,0,40,219,37,0,Z,20,2,294,0,8,117,58,0,0,-31,-3,100,0,-32,-102,21,0
1040,9.59,T,75,0,567,0,15,186,90,6,P,59,0,544,24,164,185,138,3,0,-16,0,-23,24,149,-1,48,-3
1041,5.06,T,32,0,178,0,12,142,144,1,T,28,0,303,0,0,69,56,0,1,-4,0,125,0,-12,-73,-88,-1
1042,5.03,Z,26,0,112,0,268,63,84,6,T,37,1,161,0,490,199,84,2,0,11,1,49,0,222,136,0,-4
1043,8.29,Z,53,0,575,0,45,190,178,11,T,78,0,591,0,185,226,156,7,1,25,0,16,0,140,36,-22,-4
1044,9.59,Z,64,6,344,0,88,268,167,4,P,46,0,899,0,73,185,85,7,0,-18,-6,555,0,-15,-83,-82,3
1045,3.53,P,18,0,171,0,45,81,36,4,Z,16,0,216,0,40,56,71,3,1,-2,0,45,0,-5,-25,35,-1
1046,3.23,Z,17,1,117,0,134,70,85,5,T,15,1,309,0,87,64,37,2,0,-2,0,192,0,-47,-6,-48,-3
1047,4.29,T,41,3,259,0,272,153,57,5,T,20,0,422,0,310,130,72,4,1,-21,-3,163,0,38,-23,15,-1
1048,9.59,T,118,0,896,0,290,277,168,15,T,124,0,513,0,512,341,237,12,1,6,0,-383,0,222,64,69,-3
1049,9.59,Z,71,0,439,0,252,232,196,9,Z,67,0,496,0,26,173,197,4,0,-4,0,57,0,-226,-59,1,-5
1050,4.06,P,17,0,141,0,0,91,23,0,P,12,0,316,0,5,73,40,2,0,-5,0,175,0,5,-18,17,2
1051,9.59,T,109,6,417,1,690,222,146,7,Z,76,0,430,6,86,323,308,8,0,-33,-6,13,5,-604,101,162,1
1052,9.31,Z,73,0,499,0,11,156,338,4,T,78,4,535,0,83,140,92,0,0,5,4,36,0,72,-16,-246,-4
1053,9.59,P,84,0,650,0,251,405,160,12,Z,97,1,428,0,204,293,321,12,1,13,1,-222,0,-47,-112,161,0
1054,5.03,P,14,0,183,0,0,87,44,0,P,22,4,215,0,34,113,82,2,0,8,4,32,0,34,26,38,2
1055,9.58,P,25,0,495,0,0,94,41,0,P,73,0,765,0,33,152,77,7,1,48,0,270,0,33,58,36,7
1056,4.06,P,15,5,153,0,317,99,78,0,T,26,2,212,0,179,55,177,8,1,11,-3,59,0,-138,-44,99,8
1057,9.59,T,32,0,786,0,2,36,58,1,T,56,1,381,0,27,71,58,3,1,24,1,-405,0,25,35,0,2
1058,10.35,T,112,0,745,0,82,287,175,5,Z,55,0,788,0,28,272,177,2,0,-57,0,43,0,-54,-15,2,-3
1059,8.34,P,50,0,390,0,20,200,77,2,T,52,4,428,0,1,218,98,3,1,2,4,38,0,-19,18,21,1
1060,7.57,Z,32,0,235,0,31,31,96,8,T,22,0,183,0,0,17,38,0,0,-10,0,-52,0,-31,-14,-58,-8
1061,4.46,T,25,0,240,0,74,130,47,3,T,38,0,397,0,11,119,38,2,1,13,0,157,0,-63,-11,-9,-1
1062,5,P,25,0,104,0,484,65,48,5,T,30,0,211,0,486,67,176,8,1,5,0,107,0,2,2,128,3
1063,9.04,Z,47,7,354,0,66,363,254,1,P,77,4,716,0,42,249,73,2,0,30,-3,362,0,-24,-114,-181,1
1064,5.09,T,29,1,231,0,23,58,43,0,Z,20,3,428,0,123,102,146,1,1,-9,2,197,0,100,44,103,1
1065,9.59,Z,93,14,653,0,106,218,291,5,T,106,3,549,0,145,291,133,5,1,13,-11,-104,0,39,73,-158,0
1066,10.45,Z,79,0,798,0,69,112,201,18,Z,70,9,450,0,209,157,468,1,1,-9,9,-348,0,140,45,267,-17
1067,3.26,P,16,0,148,0,0,25,22,0,T,19,0,258,0,10,23,64,1,0,3,0,110,0,10,-2,42,1
1068,6.22,T,28,0,271,0,0,9,48,1,P,15,5,218,0,102,39,39,0,0,-13,5,-53,0,102,30,-9,-1
1069,3.48,Z,21,0,117,0,0,32,70,0,T,17,2,154,2,43,83,20,0,0,-4,2,37,2,43,51,-50,0
1070,8.02,P,30,0,863,0,0,158,67,1,T,33,1,413,0,7,64,61,2,0,3,1,-450,0,7,-94,-6,1
1071,1.35,Z,3,0,76,0,0,4,9,1,P,5,0,28,0,0,9,12,0,1,2,0,-48,0,0,5,3,-1
1072,7.06,P,43,0,319,0,151,135,49,9,P,41,3,352,0,362,246,84,15,0,-2,3,33,0,211,111,35,6
1073,6.16,T,16,0,443,0,0,100,62,0,P,25,0,262,0,13,201,20,1,1,9,0,-181,0,13,101,-42,1
1074,3.03,Z,14,0,238,0,0,8,46,1,T,10,0,215,0,1,32,23,3,0,-4,0,-23,0,1,24,-23,2
1075,10.07,P,67,0,576,0,69,265,194,3,P,42,0,578,0,5,96,67,5,1,-25,0,2,0,-64,-169,-127,2
1076,6.34,T,73,0,314,0,150,299,86,5,P,58,5,330,8,75,112,74,0,0,-15,5,16,8,-75,-187,-12,-5
1077,9.58,Z,85,0,558,0,125,203,389,3,P,93,1,548,0,704,279,137,15,0,8,1,-10,0,579,76,-252,12
1078,1.44,P,7,0,159,0,6,20,14,2,P,6,0,102,0,1,28,10,6,1,-1,0,-57,0,-5,8,-4,4
1079,10.01,P,30,0,513,0,0,214,68,0,Z,73,4,811,0,79,148,215,6,1,43,4,298,0,79,-66,147,6
1080,2.51,Z,11,5,57,0,7,9,30,0,Z,5,0,55,0,1,85,43,2,0,-6,-5,-2,0,-6,76,13,2
1081,8.01,P,46,1,706,0,44,50,56,3,Z,30,3,260,0,20,66,96,0,0,-16,2,-446,0,-24,16,40,-3
1082,5.58,P,18,0,225,0,0,73,14,0,P,18,0,563,0,5,110,39,2,1,0,0,338,0,5,37,25,2
1083,9.19,T,61,3,587,0,33,122,76,2,Z,64,0,470,0,33,104,196,6,1,3,-3,-117,0,0,-18,120,4
1084,4.28,T,36,2,277,0,187,85,45,6,Z,34,2,195,0,530,156,115,3,1,-2,0,-82,0,343,71,70,-3
1085,10.39,T,142,0,450,0,1074,580,310,16,Z,125,8,370,2,1010,238,372,6,0,-17,8,-80,2,-64,-342,62,-10
1086,7.13,T,55,0,556,0,32,136,101,7,P,52,0,207,0,72,237,59,9,0,-3,0,-349,0,40,101,-42,2
1087,6.1,Z,28,4,432,0,241,66,310,0,P,53,1,401,0,390,150,136,14,1,25,-3,-31,0,149,84,-174,14
1088,9.59,T,98,12,391,0,487,163,100,4,T,84,0,749,0,495,122,245,8,1,-14,-12,358,0,8,-41,145,4
1089,7.17,T,59,2,373,0,26,163,84,4,P,36,0,612,0,22,74,66,7,1,-23,-2,239,0,-4,-89,-18,3
1090,9.59,Z,51,1,689,0,44,294,172,7,T,53,2,504,0,195,158,92,5,1,2,1,-185,0,151,-136,-80,-2
1091,4.26,T,17,0,504,0,1,21,37,3,T,21,0,157,0,16,116,20,5,1,4,0,-347,0,15,95,-17,2
1092,6.19,P,44,0,272,0,9,46,66,1,P,28,0,726,0,13,116,46,3,0,-16,0,454,0,4,70,-20,2
1093,3.59,Z,16,0,266,0,9,109,113,2,P,17,0,133,0,320,152,54,12,1,1,0,-133,0,311,43,-59,10
1094,4.4,P,15,1,197,0,9,120,23,0,T,19,0,343,0,3,62,55,7,1,4,-1,146,0,-6,-58,32,7
1095,3.5,Z,18,0,75,0,0,19,70,1,T,14,0,246,0,6,19,14,2,0,-4,0,171,0,6,0,-56,1
1096,9.16,T,85,0,380,0,102,297,106,9,T,65,0,738,0,38,169,110,9,1,-20,0,358,0,-64,-128,4,0
1097,0.23,P,2,0,33,0,0,18,2,2,P,1,0,12,0,9,0,7,1,0,-1,0,-21,0,9,-18,5,-1
1098,9.58,Z,85,10,414,0,149,207,225,6,Z,81,10,422,0,209,413,312,4,0,-4,0,8,0,60,206,87,-2
1099,9.59,Z,70,2,557,0,28,288,314,6,Z,74,6,557,0,132,174,238,0,0,4,4,0,0,104,-114,-76,-6
1100,10.13,Z,48,0,257,0,32,163,167,3,P,57,6,438,0,28,129,65,0,0,9,6,181,0,-4,-34,-102,-3
1101,4.23,Z,20,5,66,0,3,18,64,1,Z,12,0,170,0,4,59,59,3,0,-8,-5,104,0,1,41,-5,2
1102,4.09,T,21,2,320,0,5,71,27,1,Z,23,3,42,0,120,54,124,0,0,2,1,-278,0,115,-17,97,-1
1103,9.58,P,34,4,577,0,5,83,62,0,T,44,0,206,0,0,149,66,0,0,10,-4,-371,0,-5,66,4,0
1104,8.53,T,81,1,882,0,37,134,144,3,P,50,0,456,0,297,174,213,12,1,-31,-1,-426,0,260,40,69,9
1105,9.53,T,143,7,508,6,376,342,184,0,Z,91,4,316,0,261,197,440,12,0,-52,-3,-192,-6,-115,-145,256,12
1106,9.4,P,47,4,387,0,11,142,79,0,P,41,8,671,0,241,282,57,0,0,-6,4,284,0,230,140,-22,0
1107,9.59,P,66,0,519,0,123,287,70,11,Z,65,0,319,0,23,215,362,22,0,-1,0,-200,0,-100,-72,292,11
1108,9.58,T,54,0,591,0,15,99,66,10,P,57,0,632,0,0,100,77,0,1,3,0,41,0,-15,1,11,-10
1109,5.26,P,24,1,350,0,386,139,98,5,T,50,0,339,0,329,205,84,6,0,26,-1,-11,0,-57,66,-14,1
1110,10.39,P,102,0,321,0,228,305,94,14,P,84,0,547,0,316,362,247,10,1,-18,0,226,0,88,57,153,-4
1111,10.12,Z,96,0,582,2,151,235,213,13,P,95,0,518,0,70,403,114,15,1,-1,0,-64,-2,-81,168,-99,2
1112,10.43,Z,70,2,548,0,599,177,231,2,P,69,13,1077,0,33,253,101,1,0,-1,11,529,0,-566,76,-130,-1
1113,9.55,T,72,7,623,0,608,186,148,2,T,66,0,464,0,275,383,84,7,0,-6,-7,-159,0,-333,197,-64,5
1114,5.05,T,39,0,432,0,522,81,107,9,T,26,0,374,0,1,67,52,1,0,-13,0,-58,0,-521,-14,-55,-8
1115,9.59,T,122,4,510,0,271,292,140,6,T,97,15,713,3,400,319,143,7,1,-25,11,203,3,129,27,3,1
1116,9.19,Z,66,0,516,0,63,201,337,10,P,38,0,432,0,0,121,46,1,0,-28,0,-84,0,-63,-80,-291,-9
1117,3.56,P,19,0,357,0,0,107,25,0,T,32,1,151,0,299,72,28,4,1,13,1,-206,0,299,-35,3,4
1118,9.58,Z,47,2,525,0,14,108,167,0,T,59,0,357,0,40,83,74,8,1,12,-2,-168,0,26,-25,-93,8
1119,9.59,T,39,4,511,0,15,92,84,0,P,47,0,993,0,10,359,82,10,0,8,-4,482,0,-5,267,-2,10
1120,4.4,Z,32,0,184,42,180,130,210,0,Z,46,3,188,0,227,126,92,9,1,14,3,4,-42,47,-4,-118,9
1121,9.59,Z,42,0,350,0,42,43,132,3,T,58,0,700,0,25,53,71,7,0,16,0,350,0,-17,10,-61,4
1122,5.03,T,24,0,315,0,82,51,23,5,Z,17,0,192,0,118,89,74,1,0,-7,0,-123,0,36,38,51,-4
1123,6.3,Z,46,4,217,0,25,126,181,0,T,62,6,366,0,236,162,263,8,1,16,2,149,0,211,36,82,8
1124,10.05,Z,50,0,393,0,39,109,243,2,P,46,0,642,0,20,133,70,3,0,-4,0,249,0,-19,24,-173,1
1125,10.25,T,80,0,750,0,0,213,134,3,Z,63,2,625,0,53,141,198,0,1,-17,2,-125,0,53,-72,64,-3
1126,10.51,P,37,0,1021,0,0,179,89,0,Z,40,0,383,0,16,78,121,4,0,3,0,-638,0,16,-101,32,4
1127,9.59,T,89,2,571,0,92,313,128,15,T,115,3,315,0,712,186,108,17,1,26,1,-256,0,620,-127,-20,2
1128,8.49,Z,42,0,591,0,7,220,180,2,Z,57,4,748,0,67,139,197,1,1,15,4,157,0,60,-81,17,-1
1129,9.59,T,82,3,404,0,60,129,88,3,T,68,6,752,0,131,139,140,3,0,-14,3,348,0,71,10,52,0
1130,9.3,T,83,4,517,0,265,300,136,7,T,84,1,580,0,403,232,206,2,1,1,-3,63,0,138,-68,70,-5
1131,9.22,P,55,0,919,0,76,387,112,9,T,53,1,1045,0,14,109,153,4,0,-2,1,126,0,-62,-278,41,-5
1132,9.59,T,107,13,399,0,184,277,288,10,T,87,1,339,0,190,214,136,15,0,-20,-12,-60,0,6,-63,-152,5
1133,10.1,Z,51,1,299,0,13,72,166,0,T,100,5,565,0,944,258,152,2,0,49,4,266,0,931,186,-14,2
1134,6.49,T,44,0,400,0,28,124,72,3,P,43,0,324,0,3,148,227,3,0,-1,0,-76,0,-25,24,155,0
1135,7.3,P,38,0,412,0,1,160,54,0,P,49,1,868,0,18,458,163,3,0,11,1,456,0,17,298,109,3
1136,3.22,Z,14,0,215,0,166,49,62,3,Z,13,1,138,0,237,75,45,2,0,-1,1,-77,0,71,26,-17,-1
1137,9.59,T,92,6,668,0,541,266,130,7,Z,74,6,581,0,118,189,357,9,1,-18,0,-87,0,-423,-77,227,2
1138,7.26,T,65,0,328,0,427,136,119,6,Z,56,0,239,0,118,173,208,7,1,-9,0,-89,0,-309,37,89,1
1139,0.15,Z,1,0,10,0,0,3,11,0,T,2,0,1,0,0,18,11,1,0,1,0,-9,0,0,15,0,1
1140,4.53,Z,17,2,193,0,26,35,53,1,P,18,0,100,0,605,70,36,2,0,1,-2,-93,0,579,35,-17,1
1141,9.59,P,62,3,406,0,11,130,134,0,T,67,0,1046,0,25,179,119,6,0,5,-3,640,0,14,49,-15,6
1142,3.45,T,11,0,225,0,7,50,24,3,P,12,0,123,0,14,69,48,0,0,1,0,-102,0,7,19,24,-3
1143,3.35,T,24,0,177,0,307,36,101,4,P,12,0,72,0,205,96,157,4,0,-12,0,-105,0,-102,60,56,0
1144,9.59,Z,47,0,541,0,48,229,189,2,Z,61,0,454,0,88,190,203,3,0,14,0,-87,0,40,-39,14,1
1145,1.49,T,7,0,61,0,1,29,23,2,P,5,1,66,0,0,10,6,0,0,-2,1,5,0,-1,-19,-17,-2
1146,8.25,T,39,0,446,0,3,78,83,3,Z,52,3,428,0,32,219,235,0,1,13,3,-18,0,29,141,152,-3
1147,6.07,T,47,1,309,0,224,178,106,12,P,29,2,278,0,31,131,40,10,0,-18,1,-31,0,-193,-47,-66,-2
1148,3.01,T,12,0,217,0,0,15,20,0,T,10,0,108,0,137,48,16,8,1,-2,0,-109,0,137,33,-4,8
1149,3.34,Z,15,2,165,0,73,50,86,0,P,18,1,199,0,6,132,24,0,0,3,-1,34,0,-67,82,-62,0
1150,6.59,P,28,2,641,0,10,50,26,0,P,39,0,457,0,218,197,99,9,0,11,-2,-184,0,208,147,73,9
1151,9.48,Z,59,0,460,0,44,86,167,5,T,69,1,877,0,310,148,137,8,0,10,1,417,0,266,62,-30,3
1152,3.59,Z,18,0,151,0,13,64,76,1,Z,16,6,112,0,3,23,51,1,1,-2,6,-39,0,-10,-41,-25,0
1153,3.21,T,9,0,219,0,1,14,14,3,Z,7,3,191,0,10,7,24,0,1,-2,3,-28,0,9,-7,10,-3
1154,5.3,Z,28,1,168,0,33,109,137,7,Z,38,0,240,0,227,67,208,9,1,10,-1,72,0,194,-42,71,2
1155,9.59,Z,71,0,910,0,0,154,184,0,P,82,1,942,0,40,190,74,2,1,11,1,32,0,40,36,-110,2
1156,6.01,P,39,0,96,0,93,162,95,9,Z,22,4,261,0,604,81,298,7,0,-17,4,165,0,511,-81,203,-2
1157,5.41,T,54,0,277,0,400,133,69,8,Z,33,0,260,0,28,56,71,4,0,-21,0,-17,0,-372,-77,2,-4
1158,9.59,T,98,0,442,0,59,276,112,17,Z,47,1,360,0,45,119,168,8,0,-51,1,-82,0,-14,-157,56,-9
1159,7.24,P,48,1,356,0,880,119,55,12,Z,42,0,174,0,80,87,116,6,1,-6,-1,-182,0,-800,-32,61,-6
1160,9.59,P,57,3,456,0,22,237,105,3,T,89,0,383,0,48,248,161,16,1,32,-3,-73,0,26,11,56,13
1161,9.44,P,42,0,673,0,115,218,178,3,Z,59,12,320,0,132,150,209,4,0,17,12,-353,0,17,-68,31,1
1162,10.35,Z,53,2,456,0,40,220,239,4,P,61,0,671,0,167,173,184,2,1,8,-2,215,0,127,-47,-55,-2
1163,9.59,Z,78,7,329,0,126,153,243,0,P,86,7,1003,0,528,269,120,6,1,8,0,674,0,402,116,-123,6
1164,2.53,T,11,0,451,0,0,13,22,5,T,10,0,315,0,1,37,15,5,1,-1,0,-136,0,1,24,-7,0
1165,10.09,T,62,6,466,11,559,183,206,2,Z,81,1,998,0,354,151,235,1,1,19,-5,532,-11,-205,-32,29,-1
1166,4.12,T,16,3,104,0,8,15,27,0,P,14,0,156,0,0,37,66,2,0,-2,-3,52,0,-8,22,39,2
1167,9.57,Z,52,0,533,0,22,67,147,2,P,30,0,230,0,14,120,53,2,1,-22,0,-303,0,-8,53,-94,0
1168,6.2,T,38,3,245,0,50,75,51,3,T,19,0,571,0,5,35,35,5,0,-19,-3,326,0,-45,-40,-16,2
1169,9.59,T,64,0,647,0,197,163,82,13,P,56,3,775,0,18,292,77,1,1,-8,3,128,0,-179,129,-5,-12
1170,9,P,36,3,584,0,6,156,50,0,Z,39,1,112,0,1,123,148,1,1,3,-2,-472,0,-5,-33,98,1
1171,9.59,T,95,6,499,0,225,168,160,3,P,27,1,557,0,1,93,59,0,0,-68,-5,58,0,-224,-75,-101,-3
1172,7.42,Z,39,7,229,0,328,122,140,0,Z,47,0,397,0,29,40,200,6,0,8,-7,168,0,-299,-82,60,6
1173,9.59,T,51,7,830,0,8,56,120,0,Z,25,0,328,0,11,63,114,1,0,-26,-7,-502,0,3,7,-6,1
1174,4.38,T,30,1,325,0,71,71,41,4,T,30,0,215,0,200,77,79,7,1,0,-1,-110,0,129,6,38,3
1175,7.24,T,44,0,483,1,15,53,46,2,P,33,0,275,0,5,128,51,3,0,-11,0,-208,-1,-10,75,5,1
1176,4.25,P,27,0,225,0,235,88,210,5,Z,16,1,127,0,118,85,152,6,0,-11,1,-98,0,-117,-3,-58,1
1177,4.03,P,18,2,261,0,39,75,62,2,P,21,1,122,0,43,58,32,0,1,3,-1,-139,0,4,-17,-30,-2
1178,9.53,P,37,2,800,0,11,74,50,0,T,67,1,1030,0,21,121,89,1,1,30,-1,230,0,10,47,39,1
1179,0.27,T,3,0,12,0,0,5,7,2,T,2,0,82,0,8,8,14,2,0,-1,0,70,0,8,3,7,0
1180,6.37,T,28,0,223,0,0,67,52,0,Z,25,3,368,0,11,100,160,0,0,-3,3,145,0,11,33,108,0
1181,7.45,T,79,0,517,0,709,206,179,10,T,63,0,326,0,125,247,114,8,0,-16,0,-191,0,-584,41,-65,-2
1182,9.59,T,69,4,499,0,91,283,204,2,P,44,7,653,0,357,213,250,4,0,-25,3,154,0,266,-70,46,2
1183,9.59,P,64,0,365,0,57,244,76,3,T,77,0,539,0,127,127,127,10,0,13,0,174,0,70,-117,51,7
1184,9.59,T,112,0,308,0,361,340,289,13,Z,82,8,736,0,106,193,244,4,0,-30,8,428,0,-255,-147,-45,-9
1185,8.3,Z,51,0,615,0,3,63,197,1,T,50,2,851,0,5,50,85,2,1,-1,2,236,0,2,-13,-112,1
1186,3.18,Z,18,4,90,1,107,95,188,8,P,17,0,127,0,32,225,29,1,0,-1,-4,37,-1,-75,130,-159,-7
1187,9.25,Z,74,4,319,0,107,391,278,0,T,90,0,517,0,45,296,136,7,0,16,-4,198,0,-62,-95,-142,7
1188,10.22,Z,60,10,500,0,88,265,193,3,T,102,0,419,0,82,283,176,9,1,42,-10,-81,0,-6,18,-17,6
1189,9.59,P,40,0,930,0,0,107,84,0,T,55,0,559,0,59,284,69,19,0,15,0,-371,0,59,177,-15,19
1190,8.02,P,42,0,345,0,14,116,81,3,T,53,0,382,0,0,142,96,0,0,11,0,37,0,-14,26,15,-3
1191,9.59,P,30,0,827,0,0,38,37,0,T,30,0,587,0,2,22,57,1,0,0,0,-240,0,2,-16,20,1
1192,9.35,Z,135,4,392,0,348,261,310,18,T,139,0,438,0,520,300,196,22,0,4,-4,46,0,172,39,-114,4
1193,7.21,P,58,0,385,0,198,190,118,5,Z,65,3,270,0,286,163,307,0,1,7,3,-115,0,88,-27,189,-5
1194,8.59,T,87,1,400,0,229,292,88,7,Z,70,5,309,0,258,261,150,0,0,-17,4,-91,0,29,-31,62,-7
1195,9.59,P,22,0,281,0,4,36,36,2,Z,64,0,339,0,0,53,197,0,1,42,0,58,0,-4,17,161,-2
1196,6.22,Z,35,1,116,0,112,58,123,7,Z,33,5,275,0,41,100,115,0,1,-2,4,159,0,-71,42,-8,-7
1197,7.41,P,35,2,633,0,6,124,54,4,P,35,0,473,0,2,241,76,1,0,0,-2,-160,0,-4,117,22,-3
1198,4.38,P,22,1,167,0,26,153,28,3,Z,19,0,319,0,20,66,49,4,1,-3,-1,152,0,-6,-87,21,1
1199,8.49,P,45,0,465,0,0,187,64,0,Z,38,0,296,0,1,33,117,1,0,-7,0,-169,0,1,-154,53,1
1200,9.59,Z,92,4,517,0,482,299,252,14,T,84,12,520,0,436,292,173,2,0,-8,8,3,0,-46,-7,-79,-12
1201,7.48,T,31,0,326,0,0,99,50,0,Z,38,9,220,0,33,134,143,1,1,7,9,-106,0,33,35,93,1
1202,9.59,P,67,8,471,0,280,190,99,0,P,67,5,424,0,89,308,97,19,0,0,-3,-47,0,-191,118,-2,19
1203,4.43,T,19,0,331,0,8,6,21,2,T,19,4,312,0,15,18,34,0,0,0,4,-19,0,7,12,13,-2
1204,6.46,Z,33,2,337,0,588,104,114,5,P,42,8,328,0,62,124,59,2,0,9,6,-9,0,-526,20,-55,-3
1205,4.03,Z,14,2,190,0,22,38,235,0,T,18,0,249,0,38,60,39,3,0,4,-2,59,0,16,22,-196,3
1206,10.27,P,69,5,544,0,35,239,95,2,T,58,0,468,0,35,199,94,9,0,-11,-5,-76,0,0,-40,-1,7
1207,8.5,T,92,4,744,0,114,165,105,3,Z,53,0,323,0,45,204,180,7,0,-39,-4,-421,0,-69,39,75,4
1208,7.02,Z,58,0,382,0,470,243,233,5,P,46,2,493,5,23,102,68,1,0,-12,2,111,5,-447,-141,-165,-4
1209,7.41,Z,29,1,138,0,24,41,102,3,Z,33,0,507,0,49,111,115,7,0,4,-1,369,0,25,70,13,4
1210,8.51,P,47,0,513,0,0,225,298,0,P,60,6,510,5,154,99,68,0,0,13,6,-3,5,154,-126,-230,0
1211,10.1,Z,71,3,518,0,103,321,258,3,Z,77,0,496,0,869,317,353,7,0,6,-3,-22,0,766,-4,95,4
1212,7.39,Z,28,2,390,0,7,45,91,2,Z,40,0,148,0,12,68,140,2,1,12,-2,-242,0,5,23,49,0
1213,0.43,Z,3,0,10,0,2,17,14,3,Z,2,0,11,3,43,3,8,0,0,-1,0,1,3,41,-14,-6,-3
1214,3.57,T,27,1,380,0,40,58,31,6,Z,13,0,143,0,15,59,81,3,1,-14,-1,-237,0,-25,1,50,-3
1215,5.53,Z,31,0,241,0,12,74,94,1,Z,43,1,333,0,34,123,94,3,0,12,1,92,0,22,49,0,2
1216,9.59,P,29,0,211,0,0,59,32,0,Z,58,2,540,0,30,111,151,2,1,29,2,329,0,30,52,119,2
1217,9.57,T,75,0,630,0,16,133,120,7,T,60,6,558,0,523,167,110,7,0,-15,6,-72,0,507,34,-10,0
1218,9.59,T,63,0,669,0,12,228,126,2,T,45,2,371,1,16,65,77,3,1,-18,2,-298,1,4,-163,-49,1
1219,3.56,P,22,4,82,0,428,87,28,1,P,17,3,65,0,10,81,39,0,1,-5,-1,-17,0,-418,-6,11,-1
1220,5.23,Z,22,3,265,0,12,108,115,2,Z,16,0,221,0,20,53,67,1,0,-6,-3,-44,0,8,-55,-48,-1
1221,6.58,P,32,3,359,0,28,88,49,4,T,42,0,232,0,42,93,91,10,0,10,-3,-127,0,14,5,42,6
1222,9.25,P,44,0,392,0,96,138,197,5,T,83,3,331,0,67,293,119,0,1,39,3,-61,0,-29,155,-78,-5
1223,3.45,P,12,0,309,0,19,62,16,3,Z,12,1,308,0,13,35,45,1,1,0,1,-1,0,-6,-27,29,-2
1224,4.28,Z,28,0,174,0,52,59,72,7,T,37,0,342,0,223,112,64,5,0,9,0,168,0,171,53,-8,-2
1225,5.09,Z,32,7,299,0,272,58,323,0,Z,26,1,136,0,181,138,283,3,1,-6,-6,-163,0,-91,80,-40,3
1226,7.29,Z,77,0,574,0,282,251,261,38,T,69,3,225,0,273,224,86,3,1,-8,3,-349,0,-9,-27,-175,-35
1227,9.58,P,78,0,423,0,139,333,278,13,T,106,0,364,0,22,141,141,4,1,28,0,-59,0,-117,-192,-137,-9
1228,8.3,T,49,1,465,0,5,111,88,2,T,46,3,593,0,13,106,45,0,1,-3,2,128,0,8,-5,-43,-2
1229,9.54,P,26,0,344,0,7,49,25,3,Z,55,2,446,0,138,161,187,5,1,29,2,102,0,131,112,162,2
1230,9.58,P,82,3,654,0,253,291,146,9,P,133,13,483,0,695,331,142,10,1,51,10,-171,0,442,40,-4,1
1231,9.59,T,67,3,516,0,363,254,110,6,P,68,1,418,0,287,215,118,20,0,1,-2,-98,0,-76,-39,8,14
1232,6.18,P,53,3,323,0,366,239,119,5,T,62,0,385,0,81,211,69,1,0,9,-3,62,0,-285,-28,-50,-4
1233,9.59,P,69,0,468,0,171,223,118,6,T,81,5,689,0,131,212,232,11,0,12,5,221,0,-40,-11,114,5
1234,5.38,T,24,0,226,0,0,32,43,0,Z,27,0,435,0,0,56,104,0,0,3,0,209,0,0,24,61,0
1235,9.59,T,54,2,846,0,17,99,83,2,T,46,0,740,0,8,56,66,3,1,-8,-2,-106,0,-9,-43,-17,1
1236,6.09,T,33,0,303,0,7,53,64,2,Z,43,2,282,0,107,205,291,13,1,10,2,-21,0,100,152,227,11
1237,7.06,Z,27,5,149,0,15,15,94,0,T,36,2,435,0,568,56,46,0,1,9,-3,286,0,553,41,-48,0
1238,9.58,P,45,0,564,0,121,240,74,6,P,52,1,864,0,16,113,82,7,1,7,1,300,0,-105,-127,8,1
1239,7.48,T,72,6,613,4,246,224,196,12,Z,54,2,333,0,110,105,263,8,1,-18,-4,-280,-4,-136,-119,67,-4
1240,7.31,T,53,5,483,0,214,314,79,0,P,58,4,356,0,28,195,98,1,0,5,-1,-127,0,-186,-119,19,1
1241,7.24,Z,46,1,283,0,18,131,168,0,T,86,0,387,0,60,145,139,9,1,40,-1,104,0,42,14,-29,9
1242,8.23,P,20,0,380,0,0,141,36,0,Z,36,6,375,0,5,95,94,0,0,16,6,-5,0,5,-46,58,0
1243,9.59,T,69,6,649,0,18,219,86,0,T,36,3,520,0,7,229,218,5,0,-33,-3,-129,0,-11,10,132,5
1244,9.58,P,30,0,486,0,0,36,69,1,T,55,0,474,0,40,167,85,3,1,25,0,-12,0,40,131,16,2
1245,9.59,T,69,5,690,0,76,272,234,8,T,70,0,735,0,83,193,127,8,1,1,-5,45,0,7,-79,-107,0
1246,10.2,T,106,6,629,0,82,277,142,0,T,61,2,419,0,32,165,81,4,0,-45,-4,-210,0,-50,-112,-61,4
1247,8.09,Z,56,3,83,0,40,67,173,1,P,62,5,211,0,229,197,77,7,1,6,2,128,0,189,130,-96,6
1248,8.54,Z,56,5,415,18,190,121,249,5,P,70,0,409,0,424,334,178,9,1,14,-5,-6,-18,234,213,-71,4
1249,7.13,P,42,0,502,0,1,157,66,3,T,47,3,344,0,33,180,176,2,1,5,3,-158,0,32,23,110,-1
1250,9.59,T,99,3,832,0,44,455,191,6,T,71,0,1134,0,0,235,115,1,1,-28,-3,302,0,-44,-220,-76,-5
1251,5.37,T,33,0,486,0,0,80,335,0,T,19,0,441,0,2,74,202,3,1,-14,0,-45,0,2,-6,-133,3
1252,3.45,Z,15,0,51,0,29,60,72,0,Z,19,0,130,0,103,123,122,4,1,4,0,79,0,74,63,50,4
1253,10.57,P,66,0,752,0,23,199,101,7,T,92,0,803,0,54,257,287,21,0,26,0,51,0,31,58,186,14
1254,10.56,Z,73,3,1018,0,18,109,240,1,P,70,0,591,0,44,303,102,5,1,-3,-3,-427,0,26,194,-138,4
1255,5.38,Z,18,4,187,0,39,43,49,0,T,32,0,533,0,4,119,54,3,0,14,-4,346,0,-35,76,5,3
1256,5.19,Z,31,7,357,0,74,145,167,7,Z,29,0,115,0,9,101,116,0,0,-2,-7,-242,0,-65,-44,-51,-7
1257,4.32,Z,16,1,139,0,2,30,49,0,Z,21,1,169,0,135,75,131,1,1,5,0,30,0,133,45,82,1
1258,0,T,0,0,1,0,0,0,0,0,T,6,0,19,0,97,9,28,2,1,6,0,18,0,97,9,28,2
1259,9.59,T,40,0,410,0,3,54,50,3,T,38,0,822,0,1,109,77,3,0,-2,0,412,0,-2,55,27,0
1260,9.4,Z,67,0,635,0,72,216,323,7,T,53,0,669,0,0,161,124,1,0,-14,0,34,0,-72,-55,-199,-6
1261,7.5,Z,36,0,435,0,28,101,84,2,P,38,0,498,0,25,32,53,10,1,2,0,63,0,-3,-69,-31,8
1262,10.5,P,111,0,519,0,249,269,106,21,Z,138,15,824,4,556,290,519,22,0,27,15,305,4,307,21,413,1
1263,2.06,Z,6,0,21,0,35,22,47,5,Z,15,1,65,0,67,37,76,3,0,9,1,44,0,32,15,29,-2
1264,7.1,T,55,0,440,0,30,267,100,6,P,47,2,329,0,246,228,67,7,1,-8,2,-111,0,216,-39,-33,1
1265,3.55,P,11,1,162,0,10,70,20,0,T,21,2,252,0,4,35,64,0,0,10,1,90,0,-6,-35,44,0
1266,9.59,T,47,0,571,0,0,331,107,1,T,52,10,1008,1,756,69,40,8,1,5,10,437,1,756,-262,-67,7
1267,3.4,P,17,1,356,0,15,140,29,1,Z,13,0,108,0,24,26,47,5,1,-4,-1,-248,0,9,-114,18,4
1268,9.59,P,47,0,643,0,5,96,75,2,T,61,0,475,0,0,71,87,0,0,14,0,-168,0,-5,-25,12,-2
1269,4.38,T,45,3,182,0,281,217,76,2,T,39,0,192,0,353,171,108,6,1,-6,-3,10,0,72,-46,32,4
1270,9.59,T,109,5,364,0,45,256,169,5,T,72,4,365,0,86,190,125,3,1,-37,-1,1,0,41,-66,-44,-2
1271,4.19,T,18,0,347,0,41,79,24,3,P,19,2,192,0,2,68,234,0,0,1,2,-155,0,-39,-11,210,-3
1272,5.23,T,26,0,260,1,0,78,43,0,T,27,0,399,0,5,143,44,1,1,1,0,139,-1,5,65,1,1
1273,9.59,T,72,4,559,0,121,243,174,4,P,57,2,301,0,22,252,48,1,0,-15,-2,-258,0,-99,9,-126,-3
1274,5.02,Z,26,3,188,0,16,47,82,0,T,28,6,447,0,54,33,39,1,1,2,3,259,0,38,-14,-43,1
1275,9.59,T,59,0,671,0,292,244,178,1,P,67,0,349,0,802,319,140,11,1,8,0,-322,0,510,75,-38,10
1276,2.37,Z,19,0,52,0,302,72,197,8,T,12,0,61,0,186,22,94,2,0,-7,0,9,0,-116,-50,-103,-6
1277,8.57,Z,58,2,462,6,193,169,202,0,T,89,0,726,0,30,236,113,9,0,31,-2,264,-6,-163,67,-89,9
1278,3.23,Z,12,6,111,2,261,144,58,1,Z,16,0,283,0,242,159,118,9,0,4,-6,172,-2,-19,15,60,8
1279,4.48,T,25,0,165,0,51,178,124,3,Z,24,4,40,0,28,38,59,1,0,-1,4,-125,0,-23,-140,-65,-2
1280,9.57,Z,116,0,510,0,215,390,420,9,Z,66,0,611,0,321,271,180,13,1,-50,0,101,0,106,-119,-240,4
1281,8.23,Z,61,0,479,0,241,176,249,21,T,99,0,350,0,574,244,147,29,1,38,0,-129,0,333,68,-102,8
1282,9.57,P,27,0,362,0,0,134,27,0,P,27,0,311,0,0,262,72,1,1,0,0,-51,0,0,128,45,1
1283,9.59,T,34,0,442,0,0,53,74,0,T,29,0,787,0,0,96,59,2,0,-5,0,345,0,0,43,-15,2
1284,9.59,T,112,8,711,0,416,317,174,2,T,125,6,681,0,879,214,177,13,0,13,-2,-30,0,463,-103,3,11
1285,5.3,P,29,0,324,0,47,140,69,9,Z,25,3,477,0,122,115,167,7,0,-4,3,153,0,75,-25,98,-2
1286,10.05,P,59,0,692,0,12,266,81,4,T,76,0,604,0,33,188,103,8,1,17,0,-88,0,21,-78,22,4
1287,5.49,T,17,0,233,0,8,24,31,2,P,22,5,285,0,8,40,36,0,1,5,5,52,0,0,16,5,-2
1288,10.19,P,65,0,383,0,12,276,95,5,Z,92,1,481,0,458,252,489,10,1,27,1,98,0,446,-24,394,5
1289,9.36,P,49,0,745,0,0,34,73,0,Z,94,1,320,0,349,134,481,1,1,45,1,-425,0,349,100,408,1
1290,8.05,Z,37,0,253,0,25,93,170,6,T,38,0,752,0,2,76,67,2,0,1,0,499,0,-23,-17,-103,-4
1291,8.59,P,38,4,602,0,21,90,42,0,Z,74,0,439,0,296,178,181,13,1,36,-4,-163,0,275,88,139,13
1292,8.45,Z,51,10,472,0,54,164,201,2,Z,54,7,475,0,65,162,189,1,1,3,-3,3,0,11,-2,-12,-1
1293,10.44,Z,101,0,530,0,55,311,214,2,T,131,0,334,0,356,332,252,12,1,30,0,-196,0,301,21,38,10
1294,7.03,P,34,0,408,0,3,151,50,1,T,24,0,263,0,1,103,45,2,0,-10,0,-145,0,-2,-48,-5,1
1295,4.18,Z,24,1,190,0,29,79,77,3,T,32,2,293,0,189,150,31,2,1,8,1,103,0,160,71,-46,-1
1296,9.5,P,42,5,353,0,24,41,47,1,P,28,0,704,0,1,37,49,1,0,-14,-5,351,0,-23,-4,2,0
1297,6.16,Z,30,0,391,0,13,188,162,4,Z,30,0,492,0,18,156,109,4,1,0,0,101,0,5,-32,-53,0
1298,4.37,P,24,0,198,0,80,77,46,6,P,33,5,333,0,26,174,106,4,1,9,5,135,0,-54,97,60,-2
1299,9.59,T,92,7,631,0,60,186,148,1,T,93,11,527,3,102,238,66,1,1,1,4,-104,3,42,52,-82,0
1300,7.27,T,102,5,340,0,320,252,99,16,P,69,0,374,0,163,266,174,10,0,-33,-5,34,0,-157,14,75,-6
1301,4.5,P,22,3,314,0,24,125,20,2,P,24,4,142,0,175,150,104,0,1,2,1,-172,0,151,25,84,-2
1302,3.12,T,21,1,178,0,165,92,32,4,T,16,0,54,0,22,72,68,2,0,-5,-1,-124,0,-143,-20,36,-2
1303,5.53,P,43,0,361,0,347,252,175,9,T,70,0,275,0,551,139,72,18,1,27,0,-86,0,204,-113,-103,9
1304,8.32,T,37,0,594,0,1,83,100,1,P,38,0,446,0,0,87,66,0,1,1,0,-148,0,-1,4,-34,-1
1305,9.59,T,66,0,564,0,400,254,213,11,T,74,0,529,0,17,344,124,4,0,8,0,-35,0,-383,90,-89,-7
1306,9.32,T,76,0,781,0,197,154,228,11,P,73,0,553,0,101,142,132,3,0,-3,0,-228,0,-96,-12,-96,-8
1307,9.59,Z,91,3,740,0,74,213,282,1,T,101,0,856,0,56,204,118,4,1,10,-3,116,0,-18,-9,-164,3
1308,10.16,P,96,3,537,0,412,438,169,6,T,115,0,690,0,124,373,117,11,1,19,-3,153,0,-288,-65,-52,5
1309,9.07,T,73,0,445,0,433,374,127,7,T,70,3,320,1,159,171,114,7,0,-3,3,-125,1,-274,-203,-13,0
1310,9.59,Z,64,26,305,0,33,176,206,1,P,68,2,687,0,32,253,89,2,1,4,-24,382,0,-1,77,-117,1
1311,4.1,Z,18,10,202,0,33,67,127,1,T,23,0,219,0,5,40,43,2,0,5,-10,17,0,-28,-27,-84,1
1312,9.58,T,74,0,781,0,0,135,118,0,P,54,0,921,0,0,113,107,0,1,-20,0,140,0,0,-22,-11,0
1313,9.59,T,94,3,443,0,472,208,214,5,Z,131,8,347,0,365,238,544,0,0,37,5,-96,0,-107,30,330,-5
1314,9.59,P,73,0,435,0,85,302,91,16,T,96,0,747,0,300,176,134,38,1,23,0,312,0,215,-126,43,22
1315,9.39,Z,103,5,382,0,245,377,361,1,Z,90,11,428,6,425,275,328,14,0,-13,6,46,6,180,-102,-33,13
1316,4.23,P,20,0,413,0,0,18,23,0,Z,14,0,102,0,0,8,64,0,1,-6,0,-311,0,0,-10,41,0
1317,3.18,Z,19,8,372,0,169,135,74,5,Z,17,3,145,2,116,79,67,17,0,-2,-5,-227,2,-53,-56,-7,12
1318,9.55,P,36,0,601,0,0,223,101,0,Z,36,7,553,0,30,177,152,1,1,0,7,-48,0,30,-46,51,1
1319,9.59,T,89,10,350,0,562,201,150,8,P,72,4,607,0,30,232,80,6,1,-17,-6,257,0,-532,31,-70,-2
1320,8.38,P,39,4,263,3,58,430,57,0,T,45,0,278,0,20,249,83,5,0,6,-4,15,-3,-38,-181,26,5
1321,9.59,P,113,0,473,44,248,311,237,1,Z,134,0,500,0,170,301,286,28,0,21,0,27,-44,-78,-10,49,27
1322,6.44,Z,29,0,272,0,52,78,110,1,Z,45,1,202,0,154,152,133,3,1,16,1,-70,0,102,74,23,2
1323,3.58,T,17,1,194,0,571,93,115,6,P,26,0,117,0,107,107,52,6,0,9,-1,-77,0,-464,14,-63,0
1324,9.11,Z,82,0,355,0,135,283,339,11,Z,87,0,608,0,488,670,399,23,0,5,0,253,0,353,387,60,12
1325,9.07,T,56,0,520,0,122,205,266,8,Z,54,0,555,0,162,159,277,7,0,-2,0,35,0,40,-46,11,-1
1326,10.17,T,81,0,610,0,222,325,146,20,Z,73,7,1068,0,62,185,189,0,1,-8,7,458,0,-160,-140,43,-20
1327,4.54,T,27,2,461,0,12,41,31,3,T,26,8,123,0,80,89,73,4,1,-1,6,-338,0,68,48,42,1
1328,3.18,Z,15,1,194,0,58,49,81,5,Z,10,0,76,0,7,24,116,1,0,-5,-1,-118,0,-51,-25,35,-4
1329,9.59,T,43,0,672,0,0,291,102,0,Z,48,2,434,0,145,176,233,1,1,5,2,-238,0,145,-115,131,1
1330,9.59,Z,54,0,374,0,68,55,226,3,Z,66,0,488,0,70,128,173,4,1,12,0,114,0,2,73,-53,1
1331,4.18,Z,16,1,83,0,8,20,49,0,T,28,0,250,0,2,31,57,4,0,12,-1,167,0,-6,11,8,4
1332,9.59,T,68,3,739,0,3,99,140,0,P,73,2,727,0,30,145,74,0,0,5,-1,-12,0,27,46,-66,0
1333,9.59,Z,63,6,530,0,116,281,273,3,P,74,9,547,0,290,472,160,3,1,11,3,17,0,174,191,-113,0
1334,5.08,T,17,2,268,0,10,76,35,1,P,19,0,176,0,0,112,29,0,0,2,-2,-92,0,-10,36,-6,-1
1335,7.21,Z,41,0,352,0,50,149,203,4,P,32,7,481,0,604,135,344,0,1,-9,7,129,0,554,-14,141,-4
1336,9.45,Z,57,3,750,0,34,158,178,2,P,60,8,797,0,223,296,127,6,0,3,5,47,0,189,138,-51,4
1337,3.44,P,28,2,152,0,47,69,45,10,Z,24,0,87,0,68,93,129,3,0,-4,-2,-65,0,21,24,84,-7
1338,9.59,P,29,0,370,0,0,253,73,0,T,70,0,504,0,4,436,108,10,1,41,0,134,0,4,183,35,10
1339,8,T,81,1,428,0,637,226,187,20,T,74,5,304,0,359,154,131,7,0,-7,4,-124,0,-278,-72,-56,-13
1340,5.18,Z,21,0,115,0,76,42,72,3,Z,19,0,202,0,20,66,82,1,1,-2,0,87,0,-56,24,10,-2
1341,9.59,T,76,0,658,0,65,169,221,7,T,103,4,453,0,626,315,128,11,1,27,4,-205,0,561,146,-93,4
1342,7.17,Z,41,0,244,0,106,148,173,10,T,45,4,440,0,174,124,85,1,1,4,4,196,0,68,-24,-88,-9
1343,6.05,Z,22,0,169,0,58,38,102,2,Z,35,0,281,0,33,67,105,3,1,13,0,112,0,-25,29,3,1
1344,9.58,Z,62,4,716,0,26,123,200,1,P,75,2,393,0,103,364,162,3,1,13,-2,-323,0,77,241,-38,2
1345,2.54,Z,11,0,176,0,203,104,173,2,T,17,0,202,0,114,56,52,4,0,6,0,26,0,-89,-48,-121,2
1346,9.58,T,72,0,541,0,73,130,114,7,P,46,2,527,0,15,178,203,2,0,-26,2,-14,0,-58,48,89,-5
1347,5,P,23,3,621,0,13,15,18,0,Z,29,0,135,0,42,152,89,3,0,6,-3,-486,0,29,137,71,3
1348,9.49,P,61,4,976,0,94,236,71,8,P,47,0,614,0,0,130,67,0,1,-14,-4,-362,0,-94,-106,-4,-8
1349,1.15,Z,7,0,21,0,1,14,26,3,P,3,0,47,0,22,19,52,3,0,-4,0,26,0,21,5,26,0
1350,9.59,P,97,0,529,0,434,281,134,16,T,103,2,713,0,440,273,186,12,0,6,2,184,0,6,-8,52,-4
1351,9.59,T,59,6,469,0,78,151,90,1,T,67,0,894,0,5,157,98,1,1,8,-6,425,0,-73,6,8,0
1352,3.2,Z,19,0,109,0,0,40,84,1,P,9,2,36,0,95,52,108,0,0,-10,2,-73,0,95,12,24,-1
1353,9.58,T,68,0,400,0,0,49,73,0,T,71,0,498,0,1,114,166,1,1,3,0,98,0,1,65,93,1
1354,9.44,P,38,0,537,0,7,226,63,3,T,57,0,395,0,12,220,198,5,1,19,0,-142,0,5,-6,135,2
1355,6.58,T,69,0,466,0,184,174,57,2,T,41,0,440,0,11,62,63,2,1,-28,0,-26,0,-173,-112,6,0
1356,9.59,Z,41,1,550,0,28,82,138,0,T,58,6,535,0,25,100,61,3,0,17,5,-15,0,-3,18,-77,3
1357,2.46,Z,6,0,123,0,6,22,52,0,Z,13,0,33,0,30,42,64,2,1,7,0,-90,0,24,20,12,2
1358,9.49,Z,72,5,623,0,111,239,217,4,Z,87,0,526,0,294,114,375,9,1,15,-5,-97,0,183,-125,158,5
1359,9.59,T,123,7,402,0,337,174,179,20,Z,78,2,636,0,267,383,453,1,0,-45,-5,234,0,-70,209,274,-19
1360,7.28,P,32,0,362,0,1,151,61,2,Z,49,1,803,0,36,152,146,0,1,17,1,441,0,35,1,85,-2
1361,9.59,T,74,7,671,0,9,198,125,4,T,74,1,629,0,824,262,212,4,0,0,-6,-42,0,815,64,87,0
1362,9.58,T,59,2,590,0,14,83,93,4,T,41,0,266,0,10,80,80,6,1,-18,-2,-324,0,-4,-3,-13,2
1363,9.59,Z,52,5,412,0,65,143,197,3,T,67,0,717,0,11,93,110,1,1,15,-5,305,0,-54,-50,-87,-2
1364,3.4,P,12,5,173,0,315,110,65,2,P,17,2,168,0,22,97,24,1,0,5,-3,-5,0,-293,-13,-41,-1
1365,7.13,Z,26,0,397,0,0,86,119,0,P,29,0,228,0,0,82,60,0,0,3,0,-169,0,0,-4,-59,0
1366,6.46,T,29,0,300,0,2,57,54,1,P,31,0,264,0,0,90,65,0,1,2,0,-36,0,-2,33,11,-1
1367,7.02,T,51,0,287,0,92,156,106,15,Z,52,6,215,0,99,114,153,2,0,1,6,-72,0,7,-42,47,-13
1368,9.39,T,140,0,463,0,443,517,93,7,Z,69,0,211,0,211,164,291,10,0,-71,0,-252,0,-232,-353,198,3
1369,9.59,P,71,5,656,0,53,212,75,5,T,60,3,949,0,31,165,78,4,1,-11,-2,293,0,-22,-47,3,-1
1370,9.59,Z,81,3,741,0,120,169,213,6,T,125,1,785,0,163,263,247,49,1,44,-2,44,0,43,94,34,43
1371,8.31,Z,55,10,512,0,291,263,268,5,Z,65,11,446,0,337,197,406,1,0,10,1,-66,0,46,-66,138,-4
1372,9.57,Z,57,0,316,0,31,137,180,4,T,56,0,754,0,17,132,129,10,0,-1,0,438,0,-14,-5,-51,6
1373,8.37,T,52,8,529,0,50,195,75,1,Z,34,3,422,0,43,99,131,0,0,-18,-5,-107,0,-7,-96,56,-1
1374,8.01,Z,32,1,770,0,5,48,179,1,P,50,0,493,0,32,160,63,9,0,18,-1,-277,0,27,112,-116,8
1375,2.56,Z,12,0,122,0,237,58,129,5,Z,8,2,76,0,368,28,125,3,0,-4,2,-46,0,131,-30,-4,-2
1376,9.59,Z,121,29,673,4,1041,391,499,29,P,112,0,676,0,735,399,186,21,1,-9,-29,3,-4,-306,8,-313,-8
1377,7.46,Z,21,0,664,0,26,125,92,2,T,40,0,646,0,0,49,92,2,1,19,0,-18,0,-26,-76,0,0
1378,5.32,Z,23,1,235,0,24,52,97,0,T,28,0,188,0,7,50,31,6,0,5,-1,-47,0,-17,-2,-66,6
1379,8.18,T,66,4,334,0,76,118,93,6,P,51,4,172,0,33,167,52,6,0,-15,0,-162,0,-43,49,-41,0
1380,9.59,T,75,0,537,0,36,191,96,5,T,71,8,872,0,810,217,234,4,0,-4,8,335,0,774,26,138,-1
1381,4.39,T,16,4,335,0,38,68,31,2,P,23,1,187,0,19,228,115,3,0,7,-3,-148,0,-19,160,84,1
1382,6.01,P,45,3,222,0,103,125,64,2,T,48,0,261,0,28,113,81,3,1,3,-3,39,0,-75,-12,17,1
1383,10.27,P,63,0,485,0,86,361,199,15,P,119,1,578,2,103,330,124,10,1,56,1,93,2,17,-31,-75,-5
1384,4.06,P,21,0,184,0,13,33,18,3,T,29,0,256,0,409,98,92,6,0,8,0,72,0,396,65,74,3
1385,6.45,P,50,0,284,0,544,160,112,10,T,56,0,405,0,144,175,63,12,1,6,0,121,0,-400,15,-49,2
1386,9.08,T,59,1,670,0,13,140,294,1,P,52,0,513,0,22,194,87,2,1,-7,-1,-157,0,9,54,-207,1
1387,3.07,P,11,2,289,0,19,27,6,0,P,13,0,44,0,0,14,15,1,0,2,-2,-245,0,-19,-13,9,1
1388,9.59,Z,91,3,726,0,260,210,262,2,T,106,4,462,0,574,239,68,11,0,15,1,-264,0,314,29,-194,9
1389,5.22,T,3,0,407,0,0,42,22,0,P,18,0,170,0,1,16,29,3,1,15,0,-237,0,1,-26,7,3
1390,7.55,P,57,0,640,0,89,193,86,6,Z,28,3,434,0,25,66,117,1,0,-29,3,-206,0,-64,-127,31,-5
1391,4.39,T,20,0,408,0,0,12,32,0,P,19,0,268,0,21,33,10,1,0,-1,0,-140,0,21,21,-22,1
1392,9.59,T,70,1,476,0,22,103,97,4,Z,49,0,398,0,2,204,149,2,0,-21,-1,-78,0,-20,101,52,-2
1393,3.24,T,11,0,268,0,3,55,39,4,P,13,0,77,0,47,60,10,1,1,2,0,-191,0,44,5,-29,-3
1394,9.59,T,68,0,905,0,18,264,128,8,T,92,0,599,0,78,405,112,10,1,24,0,-306,0,60,141,-16,2
1395,3.53,T,25,2,91,0,19,44,36,1,T,30,0,236,0,112,105,79,9,1,5,-2,145,0,93,61,43,8
1396,9.59,T,119,0,364,0,806,371,132,13,Z,70,4,603,0,86,261,288,0,0,-49,4,239,0,-720,-110,156,-13
1397,3.26,T,14,2,244,0,9,53,52,2,P,10,0,56,0,4,53,21,1,1,-4,-2,-188,0,-5,0,-31,-1
1398,10.47,T,130,0,483,0,94,293,157,5,T,88,0,1481,0,46,379,161,15,0,-42,0,998,0,-48,86,4,10
1399,8.27,P,69,0,469,0,357,221,144,13,Z,47,3,1132,0,279,144,367,0,0,-22,3,663,0,-78,-77,223,-13
1400,9.59,T,95,0,713,0,40,84,98,4,P,63,1,301,0,117,180,94,14,1,-32,1,-412,0,77,96,-4,10
1401,9.59,T,46,5,544,0,9,71,107,0,T,60,3,393,0,13,69,83,2,0,14,-2,-151,0,4,-2,-24,2
1402,4.29,P,18,0,274,0,11,119,122,5,P,11,0,298,0,0,90,31,0,0,-7,0,24,0,-11,-29,-91,-5
1403,2.16,T,9,0,56,0,162,54,59,11,Z,5,3,39,0,13,29,82,0,1,-4,3,-17,0,-149,-25,23,-11
1404,9.25,Z,61,2,462,0,104,250,255,5,Z,56,4,400,0,54,267,252,6,0,-5,2,-62,0,-50,17,-3,1
1405,7.39,T,35,0,425,0,0,82,86,0,P,28,0,258,0,207,101,99,4,0,-7,0,-167,0,207,19,13,4
1406,8.02,T,87,8,288,0,553,371,141,6,Z,57,4,308,1,582,250,250,1,0,-30,-4,20,1,29,-121,109,-5
1407,5.57,T,42,0,272,0,458,144,118,12,T,43,5,271,0,256,77,49,1,0,1,5,-1,0,-202,-67,-69,-11
1408,4.19,T,21,0,175,0,366,60,34,4,T,25,4,129,0,192,46,25,2,0,4,4,-46,0,-174,-14,-9,-2
1409,9.59,Z,54,3,202,0,176,103,318,0,T,65,0,692,0,4,71,104,0,0,11,-3,490,0,-172,-32,-214,0
1410,9.59,Z,60,2,257,0,38,82,166,7,P,32,1,494,0,14,155,37,2,0,-28,-1,237,0,-24,73,-129,-5
1411,4.07,Z,19,1,153,0,3,58,45,3,T,15,1,290,0,159,26,29,1,0,-4,0,137,0,156,-32,-16,-2
1412,5.06,P,15,0,200,0,0,33,20,0,T,15,0,249,0,0,50,18,0,0,0,0,49,0,0,17,-2,0
1413,9.59,Z,67,1,677,0,13,111,173,6,T,60,0,1022,4,18,66,135,0,0,-7,-1,345,4,5,-45,-38,-6
1414,5.42,Z,32,2,146,0,26,54,93,1,Z,30,7,164,0,21,240,136,0,1,-2,5,18,0,-5,186,43,-1
1415,9.58,Z,58,0,479,0,184,96,207,2,P,62,5,560,0,79,247,80,7,0,4,5,81,0,-105,151,-127,5
1416,6.53,P,48,0,165,0,15,159,91,10,P,34,0,360,0,6,128,35,1,0,-14,0,195,0,-9,-31,-56,-9
1417,2.58,Z,12,0,93,0,17,42,52,3,T,17,0,206,0,17,69,17,2,0,5,0,113,0,0,27,-35,-1
1418,9.59,P,36,4,581,0,10,242,68,0,P,41,6,606,0,293,119,134,3,1,5,2,25,0,283,-123,66,3
1419,9.59,P,34,0,755,2,14,219,89,0,T,35,6,609,0,31,44,48,2,1,1,6,-146,-2,17,-175,-41,2
1420,9.59,Z,91,1,273,0,240,66,331,4,T,35,1,532,0,1,141,106,0,0,-56,0,259,0,-239,75,-225,-4
1421,8.13,T,68,0,594,0,369,152,150,2,Z,51,0,798,0,0,110,150,0,0,-17,0,204,0,-369,-42,0,-2
1422,9.26,T,18,1,407,0,1,50,45,0,T,50,0,413,0,0,91,83,0,1,32,-1,6,0,-1,41,38,0
1423,4.39,Z,25,0,184,0,21,123,92,1,Z,12,0,444,0,7,98,42,2,0,-13,0,260,0,-14,-25,-50,1
1424,9.58,T,57,0,672,0,3,175,95,4,Z,32,0,231,0,13,31,112,3,1,-25,0,-441,0,10,-144,17,-1
1425,5.41,P,26,0,112,0,3,41,51,3,T,32,2,473,0,0,52,84,0,0,6,2,361,0,-3,11,33,-3
1426,9.42,T,85,5,447,0,709,182,119,3,Z,62,0,600,0,449,491,438,7,1,-23,-5,153,0,-260,309,319,4
1427,5.57,P,51,0,305,55,436,323,344,0,T,52,1,225,0,151,245,183,3,0,1,1,-80,-55,-285,-78,-161,3
1428,10.14,T,72,1,627,0,29,139,92,2,T,89,0,524,0,491,267,184,10,1,17,-1,-103,0,462,128,92,8
1429,5.56,P,24,0,160,0,11,261,131,6,P,47,4,363,0,20,203,78,0,0,23,4,203,0,9,-58,-53,-6
1430,6.52,T,77,5,371,0,407,181,107,19,P,82,0,362,0,209,288,122,9,0,5,-5,-9,0,-198,107,15,-10
1431,7.12,Z,29,0,257,0,0,31,98,0,T,36,0,208,1,9,61,72,5,1,7,0,-49,1,9,30,-26,5
1432,5.46,P,23,0,359,0,8,67,40,4,T,15,0,279,0,26,73,35,5,0,-8,0,-80,0,18,6,-5,1
1433,9.17,Z,60,1,370,0,176,306,403,4,T,90,2,266,0,285,155,188,12,0,30,1,-104,0,109,-151,-215,8
1434,5.31,P,18,0,389,0,0,25,35,0,T,23,1,240,0,3,101,47,0,1,5,1,-149,0,3,76,12,0
1435,3.56,T,21,4,226,0,15,59,20,0,P,15,0,68,0,4,36,39,2,1,-6,-4,-158,0,-11,-23,19,2
1436,9.59,T,31,0,832,0,0,51,74,0,P,73,6,324,3,116,280,146,0,1,42,6,-508,3,116,229,72,0
1437,6.14,T,36,1,432,0,1,85,156,1,P,28,0,202,0,38,68,30,3,1,-8,-1,-230,0,37,-17,-126,2
1438,9.59,Z,59,0,305,0,0,169,344,0,Z,48,0,691,0,23,76,156,6,1,-11,0,386,0,23,-93,-188,6
1439,9.54,Z,100,0,438,0,406,301,324,14,T,150,5,508,0,378,296,250,23,0,50,5,70,0,-28,-5,-74,9
1440,4.03,Z,20,0,79,0,0,22,65,0,T,23,0,157,0,0,84,73,0,1,3,0,78,0,0,62,8,0
1441,7.31,P,78,5,551,0,216,279,69,7,T,61,0,369,0,50,238,65,10,1,-17,-5,-182,0,-166,-41,-4,3
1442,5.17,Z,22,0,115,0,0,53,76,0,T,30,0,169,0,32,57,45,5,1,8,0,54,0,32,4,-31,5
1443,9.59,T,52,0,380,0,38,58,75,7,P,46,6,540,0,21,237,73,6,0,-6,6,160,0,-17,179,-2,-1
1444,9.58,P,57,3,765,0,21,168,113,3,T,52,0,751,0,4,56,69,2,0,-5,-3,-14,0,-17,-112,-44,-1
1445,4.02,P,18,0,202,0,0,33,25,1,Z,14,0,153,0,15,19,40,2,0,-4,0,-49,0,15,-14,15,1
1446,9.02,T,116,0,595,0,301,289,134,17,T,107,0,415,0,169,233,171,13,1,-9,0,-180,0,-132,-56,37,-4
1447,10.18,Z,66,3,442,0,642,259,346,10,Z,54,0,359,3,75,116,160,0,0,-12,-3,-83,3,-567,-143,-186,-10
1448,4.47,T,39,1,382,0,48,177,84,5,T,52,1,242,0,180,89,74,10,1,13,0,-140,0,132,-88,-10,5
1449,7.5,P,44,9,294,1,105,89,47,0,P,44,7,196,0,72,64,42,6,1,0,-2,-98,-1,-33,-25,-5,6
1450,9.58,P,39,0,680,3,17,118,69,0,T,43,3,618,0,6,89,62,0,1,4,3,-62,-3,-11,-29,-7,0
1451,5.34,T,36,1,249,16,45,124,133,7,Z,28,1,248,0,171,63,98,4,1,-8,0,-1,-16,126,-61,-35,-3
1452,10.53,Z,111,3,424,0,260,358,452,3,P,82,0,537,0,93,245,89,10,1,-29,-3,113,0,-167,-113,-363,7
1453,9.59,T,44,0,411,0,0,31,90,0,P,48,0,152,0,11,57,56,5,1,4,0,-259,0,11,26,-34,5
1454,10.48,T,60,0,263,0,0,164,113,0,T,64,0,330,0,12,60,98,5,1,4,0,67,0,12,-104,-15,5
1455,0.55,T,4,0,27,0,60,10,2,3,Z,3,0,67,0,12,18,25,1,1,-1,0,40,0,-48,8,23,-2
1456,7.12,P,29,5,414,0,9,70,57,0,Z,35,0,233,0,42,210,120,4,1,6,-5,-181,0,33,140,63,4
1457,2.38,T,14,0,280,0,58,55,47,3,T,15,2,90,0,7,22,15,0,0,1,2,-190,0,-51,-33,-32,-3
1458,7.03,T,55,2,415,0,686,195,154,9,P,49,0,341,0,392,182,98,11,1,-6,-2,-74,0,-294,-13,-56,2
1459,1.46,T,6,0,171,0,7,14,8,3,Z,6,2,60,0,25,60,73,2,1,0,2,-111,0,18,46,65,-1
1460,10.01,T,86,0,560,0,86,263,139,7,Z,62,6,496,0,312,216,160,7,1,-24,6,-64,0,226,-47,21,0
1461,3.57,T,25,0,232,0,0,88,47,0,T,14,0,230,0,1,46,42,1,0,-11,0,-2,0,1,-42,-5,1
1462,3.1,T,13,0,228,0,0,15,14,1,P,17,5,57,0,3,101,84,1,1,4,5,-171,0,3,86,70,0
1463,9.58,P,49,0,651,0,9,236,84,2,T,62,0,997,0,9,90,104,2,1,13,0,346,0,0,-146,20,0
1464,9.59,Z,90,10,561,1,631,141,292,6,T,139,0,573,30,853,233,225,1,1,49,-10,12,29,222,92,-67,-5
1465,8.45,P,52,3,640,0,43,203,70,5,P,66,7,230,0,81,209,114,8,0,14,4,-410,0,38,6,44,3
1466,9.57,T,28,0,790,0,5,51,51,2,P,45,0,530,0,0,38,74,0,1,17,0,-260,0,-5,-13,23,-2
1467,7.37,P,44,0,662,0,31,203,53,4,Z,62,0,759,0,50,78,130,3,0,18,0,97,0,19,-125,77,-1
1468,0.49,P,1,0,35,0,0,7,4,1,T,2,0,41,0,0,5,5,0,0,1,0,6,0,0,-2,1,-1
1469,2.55,Z,11,3,144,0,132,50,47,2,Z,12,1,29,0,212,90,86,4,1,1,-2,-115,0,80,40,39,2
1470,5.57,T,25,1,245,0,0,38,66,0,Z,28,0,398,0,2,54,82,4,0,3,-1,153,0,2,16,16,4
1471,6.47,Z,66,0,392,0,246,193,146,14,Z,46,0,392,0,52,99,131,4,0,-20,0,0,0,-194,-94,-15,-10
1472,7.31,P,45,0,155,0,16,72,46,5,T,42,0,628,0,0,133,101,0,0,-3,0,473,0,-16,61,55,-5
1473,6.58,Z,44,0,306,0,368,192,213,9,Z,41,10,70,2,41,226,147,4,1,-3,10,-236,2,-327,34,-66,-5
1474,4.09,Z,16,3,45,0,18,95,66,1,Z,20,0,294,0,14,47,57,1,0,4,-3,249,0,-4,-48,-9,0
1475,8.37,T,99,4,512,0,383,230,109,16,P,87,0,388,0,382,196,148,13,0,-12,-4,-124,0,-1,-34,39,-3
1476,7.52,Z,55,1,467,1,66,155,152,0,P,37,0,570,0,1,41,36,1,1,-18,-1,103,-1,-65,-114,-116,1
1477,7.27,T,47,0,220,0,6,40,63,1,T,45,5,488,0,94,206,117,0,0,-2,5,268,0,88,166,54,-1
1478,6.49,Z,35,2,132,0,22,53,113,0,P,35,1,357,0,162,190,57,0,0,0,-1,225,0,140,137,-56,0
1479,9.59,Z,42,1,656,0,40,84,138,1,P,44,0,320,0,6,121,57,1,1,2,-1,-336,0,-34,37,-81,0
1480,8.44,T,37,0,321,0,0,57,128,2,Z,43,7,595,0,46,224,153,0,1,6,7,274,0,46,167,25,-2
1481,9.59,Z,46,6,345,0,52,173,146,4,T,77,5,489,0,182,227,100,0,1,31,-1,144,0,130,54,-46,-4
1482,7.09,T,41,0,269,0,191,239,145,7,T,34,0,651,0,6,152,290,7,1,-7,0,382,0,-185,-87,145,0
1483,10.56,T,92,7,716,0,594,290,308,8,T,123,10,488,0,890,233,234,7,1,31,3,-228,0,296,-57,-74,-1
1484,4.02,Z,11,4,168,0,283,32,137,0,T,22,1,257,0,29,100,70,6,0,11,-3,89,0,-254,68,-67,6
1485,9.15,T,48,3,771,0,14,220,116,3,T,60,0,490,0,22,89,102,2,1,12,-3,-281,0,8,-131,-14,-1
1486,9.34,T,66,2,861,0,24,175,92,3,Z,44,10,664,0,57,57,154,0,1,-22,8,-197,0,33,-118,62,-3
1487,6.38,Z,30,0,377,0,24,88,119,2,Z,27,0,415,0,0,71,124,0,0,-3,0,38,0,-24,-17,5,-2
1488,5.18,T,35,0,152,0,270,64,129,10,T,30,1,377,0,325,110,82,3,0,-5,1,225,0,55,46,-47,-7
1489,1.43,P,7,0,45,0,0,5,8,1,Z,6,0,34,0,11,20,25,0,1,-1,0,-11,0,11,15,17,-1
1490,6.44,P,28,4,193,0,16,14,26,1,P,24,5,481,0,120,96,38,4,0,-4,1,288,0,104,82,12,3
1491,6.22,P,47,0,245,0,327,150,123,22,T,47,0,228,0,255,158,359,5,1,0,0,-17,0,-72,8,236,-17
1492,7.12,T,49,0,557,0,49,199,162,1,P,28,0,265,0,11,91,46,2,0,-21,0,-292,0,-38,-108,-116,1
1493,3,T,11,0,62,0,26,61,30,4,T,14,0,61,0,154,58,66,3,1,3,0,-1,0,128,-3,36,-1
1494,2.35,Z,7,0,38,0,16,71,43,3,Z,10,0,45,0,11,11,31,1,0,3,0,7,0,-5,-60,-12,-2
1495,10.37,Z,75,6,332,0,88,79,237,0,T,45,1,733,0,9,103,88,1,0,-30,-5,401,0,-79,24,-149,1
1496,3.53,P,18,0,326,1,1,96,39,0,P,17,1,96,0,60,60,25,2,1,-1,1,-230,-1,59,-36,-14,2
1497,8.03,P,30,1,402,0,30,62,37,4,Z,44,7,510,0,4,68,127,0,0,14,6,108,0,-26,6,90,-4
1498,6.23,T,41,0,454,0,101,231,85,7,P,36,4,612,0,11,281,74,2,0,-5,4,158,0,-90,50,-11,-5
1499,8.06,T,60,5,454,0,9,106,87,0,T,54,0,466,0,94,157,80,5,1,-6,-5,12,0,85,51,-7,5
1500,3.58,T,25,0,188,0,164,114,32,4,Z,11,3,123,0,7,42,44,0,0,-14,3,-65,0,-157,-72,12,-4
1501,9.56,T,65,0,830,0,0,81,96,0,Z,44,0,675,0,9,108,127,0,1,-21,0,-155,0,9,27,31,0
1502,3.33,P,15,2,350,0,50,119,78,3,T,18,2,79,0,150,63,77,1,0,3,0,-271,0,100,-56,-1,-2
1503,10.14,T,122,9,484,0,1081,340,132,6,Z,70,2,860,0,160,194,272,2,0,-52,-7,376,0,-921,-146,140,-4
1504,5.58,Z,40,2,236,0,30,184,201,10,P,38,0,347,0,595,217,152,8,1,-2,-2,111,0,565,33,-49,-2
1505,4.58,P,42,4,436,0,363,129,56,0,T,36,0,208,0,57,117,72,11,0,-6,-4,-228,0,-306,-12,16,11
1506,9.59,T,67,0,590,0,7,163,119,3,P,39,0,152,0,0,94,48,0,1,-28,0,-438,0,-7,-69,-71,-3
1507,2.07,T,6,0,31,0,3,26,14,0,T,10,3,95,0,202,39,67,1,1,4,3,64,0,199,13,53,1
1508,9.59,P,61,0,1131,0,39,193,86,3,P,47,0,670,0,36,211,101,11,1,-14,0,-461,0,-3,18,15,8
1509,1.11,Z,6,0,89,0,0,25,37,1,P,2,1,56,0,5,4,3,0,0,-4,1,-33,0,5,-21,-34,-1
1510,7.41,Z,25,2,724,0,75,49,162,0,P,33,0,227,0,17,54,36,5,0,8,-2,-497,0,-58,5,-126,5
1511,9.59,T,77,7,425,0,22,135,75,0,T,94,5,873,0,128,362,186,1,0,17,-2,448,0,106,227,111,1
1512,6.12,P,47,0,226,0,588,143,46,13,T,51,1,368,0,426,172,132,7,1,4,1,142,0,-162,29,86,-6
1513,6.23,T,47,0,286,0,93,144,123,5,Z,33,3,492,0,201,209,207,6,0,-14,3,206,0,108,65,84,1
1514,4.47,T,18,3,552,0,11,10,27,0,T,21,0,407,0,0,44,42,2,1,3,-3,-145,0,-11,34,15,2
1515,9.59,P,51,0,829,0,39,279,51,6,T,77,0,874,0,16,110,141,5,0,26,0,45,0,-23,-169,90,-1
1516,9.59,Z,91,8,656,0,86,170,252,2,T,134,2,677,0,406,299,174,14,0,43,-6,21,0,320,129,-78,12
1517,9.18,Z,58,0,281,0,159,354,282,5,Z,63,10,314,0,191,229,216,1,0,5,10,33,0,32,-125,-66,-4
1518,10.32,P,103,2,736,0,695,450,111,16,T,102,0,800,0,87,348,109,9,1,-1,-2,64,0,-608,-102,-2,-7
1519,9.57,Z,65,0,336,0,54,175,215,11,P,62,6,528,0,40,211,96,0,1,-3,6,192,0,-14,36,-119,-11
1520,2.01,T,12,0,96,0,45,7,61,2,T,5,0,46,0,121,36,98,6,1,-7,0,-50,0,76,29,37,4
1521,7.46,Z,26,0,544,0,53,60,125,1,Z,43,1,306,0,227,167,172,6,1,17,1,-238,0,174,107,47,5
1522,8,T,47,2,355,0,20,116,103,0,Z,44,0,298,0,174,134,183,1,0,-3,-2,-57,0,154,18,80,1
1523,9.44,P,27,0,111,0,0,52,40,0,Z,27,1,306,0,139,184,175,4,0,0,1,195,0,139,132,135,4
1524,8.07,Z,54,7,474,0,55,107,189,1,T,76,1,343,2,653,192,140,6,0,22,-6,-131,2,598,85,-49,5
1525,4.44,Z,15,0,244,0,20,39,71,2,T,19,0,221,0,0,30,43,0,1,4,0,-23,0,-20,-9,-28,-2
1526,9.59,Z,71,3,443,0,257,222,260,12,T,23,0,509,0,0,22,39,0,0,-48,-3,66,0,-257,-200,-221,-12
1527,7.21,P,34,0,544,0,20,113,162,7,Z,30,3,461,0,354,204,208,0,1,-4,3,-83,0,334,91,46,-7
1528,9.59,Z,72,11,365,0,16,73,303,0,T,76,4,780,0,32,42,85,0,0,4,-7,415,0,16,-31,-218,0
1529,7.48,Z,37,1,491,0,181,145,145,7,T,60,2,406,0,374,158,148,5,1,23,1,-85,0,193,13,3,-2
1530,5.3,Z,24,0,295,0,206,51,239,4,Z,28,0,124,0,219,53,249,2,1,4,0,-171,0,13,2,10,-2
1531,9.15,P,45,5,363,0,26,150,70,2,P,38,0,296,0,0,83,79,0,0,-7,-5,-67,0,-26,-67,9,-2
1532,6.35,T,43,0,387,0,518,205,126,9,P,36,0,403,0,244,88,84,3,0,-7,0,16,0,-274,-117,-42,-6
1533,2.17,P,9,0,42,0,0,32,8,3,T,3,0,6,0,0,1,7,0,0,-6,0,-36,0,0,-31,-1,-3
1534,4.58,Z,19,0,125,0,14,81,119,3,T,26,4,160,0,97,39,35,3,0,7,4,35,0,83,-42,-84,0
1535,3.49,T,26,0,331,0,137,35,36,4,Z,23,0,86,0,34,52,146,3,1,-3,0,-245,0,-103,17,110,-1
1536,8.45,T,44,0,727,0,64,147,190,2,P,33,6,181,0,7,78,43,0,1,-11,6,-546,0,-57,-69,-147,-2
1537,9.59,T,137,1,455,0,489,214,184,10,Z,114,4,440,0,517,355,389,25,1,-23,3,-15,0,28,141,205,15
1538,3.39,Z,19,1,105,0,2,34,58,0,P,11,0,283,0,0,95,29,0,1,-8,-1,178,0,-2,61,-29,0
1539,7.01,P,62,0,372,0,73,245,63,6,Z,54,3,390,0,422,263,234,17,1,-8,3,18,0,349,18,171,11
1540,3.16,T,10,0,106,0,54,89,49,5,Z,14,1,122,0,7,11,29,1,0,4,1,16,0,-47,-78,-20,-4
1541,5.05,P,15,0,239,0,0,59,28,0,T,24,0,453,0,0,38,42,0,0,9,0,214,0,0,-21,14,0
1542,7.35,Z,46,7,311,0,80,193,123,0,Z,29,0,279,0,7,188,97,1,0,-17,-7,-32,0,-73,-5,-26,1
1543,2.27,P,12,0,60,0,0,31,19,1,T,14,1,88,0,252,35,31,6,0,2,1,28,0,252,4,12,5
1544,3.36,T,17,0,75,0,49,103,85,3,Z,11,2,187,0,117,51,163,0,1,-6,2,112,0,68,-52,78,-3
1545,9.56,P,52,5,896,0,136,195,62,4,T,67,3,258,0,13,174,110,4,1,15,-2,-638,0,-123,-21,48,0
1546,9.59,T,66,0,418,0,62,216,136,5,Z,62,0,729,0,2,215,236,1,1,-4,0,311,0,-60,-1,100,-4
1547,10.44,T,90,4,596,0,174,213,228,7,P,59,2,991,0,19,198,150,3,0,-31,-2,395,0,-155,-15,-78,-4
1548,8.18,P,31,3,754,0,28,82,52,2,T,54,1,429,0,4,69,106,2,0,23,-2,-325,0,-24,-13,54,0
1549,7.22,T,50,3,437,0,8,89,87,0,P,37,1,417,0,31,306,45,1,0,-13,-2,-20,0,23,217,-42,1
1550,8.17,T,35,0,497,0,0,188,94,0,P,40,0,623,0,0,132,57,0,1,5,0,126,0,0,-56,-37,0
1551,4.3,T,30,0,226,0,0,75,50,4,T,17,0,615,0,0,48,39,3,0,-13,0,389,0,0,-27,-11,-1
1552,10.51,Z,75,3,483,0,194,328,405,7,T,133,8,649,0,851,515,250,4,1,58,5,166,0,657,187,-155,-3
1553,2,T,8,0,89,0,1,33,25,4,T,10,0,71,0,98,72,54,2,0,2,0,-18,0,97,39,29,-2
1554,8.16,T,65,7,792,0,373,170,145,3,T,92,0,667,0,22,125,110,6,1,27,-7,-125,0,-351,-45,-35,3
1555,7.43,T,43,0,748,0,1,190,142,3,P,38,5,298,0,113,223,100,1,0,-5,5,-450,0,112,33,-42,-2
1556,7.32,Z,33,4,506,0,56,56,115,3,P,43,0,426,0,27,155,44,3,0,10,-4,-80,0,-29,99,-71,0
1557,4.46,Z,21,2,271,0,228,94,93,1,P,28,0,353,0,337,59,80,6,1,7,-2,82,0,109,-35,-13,5
1558,4.12,T,32,2,264,0,226,103,101,5,T,25,0,128,3,123,115,58,5,0,-7,-2,-136,3,-103,12,-43,0
1559,2.42,T,7,0,108,0,82,53,70,8,Z,10,0,133,0,36,56,80,2,1,3,0,25,0,-46,3,10,-6
1560,5.33,T,63,0,358,0,86,185,41,8,T,45,0,255,0,297,102,73,10,0,-18,0,-103,0,211,-83,32,2
1561,2.22,T,8,0,177,0,99,33,49,3,T,9,0,82,0,203,11,22,3,1,1,0,-95,0,104,-22,-27,0
1562,5.17,Z,23,0,447,0,25,87,94,4,T,30,0,258,0,4,60,63,5,1,7,0,-189,0,-21,-27,-31,1
1563,1.53,Z,6,0,60,0,1,18,22,0,P,9,0,197,0,13,42,11,3,1,3,0,137,0,12,24,-11,3
1564,3.46,Z,14,0,139,0,10,14,53,1,Z,14,0,239,0,3,41,58,5,0,0,0,100,0,-7,27,5,4
1565,8.54,P,53,3,654,0,149,210,181,2,T,107,0,330,0,635,260,272,17,1,54,-3,-324,0,486,50,91,15
1566,3.15,Z,10,0,271,0,11,37,45,0,T,10,1,163,2,9,6,40,0,1,0,1,-108,2,-2,-31,-5,0
1567,6.29,T,74,0,282,0,492,245,146,20,T,69,0,290,0,520,150,177,9,0,-5,0,8,0,28,-95,31,-11
1568,8.23,T,45,0,334,0,12,77,55,6,Z,41,5,306,0,126,100,123,3,0,-4,5,-28,0,114,23,68,-3
1569,7.29,Z,44,0,328,0,2,99,128,4,T,57,4,344,0,38,112,123,5,0,13,4,16,0,36,13,-5,1
1570,6.53,T,24,0,329,0,0,14,28,0,P,36,0,881,0,9,125,61,6,1,12,0,552,0,9,111,33,6
1571,9.58,T,53,0,612,0,33,235,93,24,P,42,0,656,0,17,163,58,3,1,-11,0,44,0,-16,-72,-35,-21
1572,4,T,20,0,199,0,58,86,36,6,Z,17,1,95,0,51,128,55,4,1,-3,1,-104,0,-7,42,19,-2
1573,0,P,0,0,1,0,0,0,0,0,T,5,0,48,0,0,7,7,1,1,5,0,47,0,0,7,7,1
1574,6.1,P,22,0,262,0,0,111,54,0,T,35,0,167,0,459,82,113,7,1,13,0,-95,0,459,-29,59,7
1575,4.33,T,22,0,174,0,53,50,16,3,Z,27,2,117,0,54,93,82,4,1,5,2,-57,0,1,43,66,1
1576,10.57,P,66,0,856,0,14,221,102,1,Z,64,7,941,0,53,142,183,0,0,-2,7,85,0,39,-79,81,-1
1577,6.07,T,53,3,326,0,255,201,105,4,T,34,0,378,0,206,247,78,10,0,-19,-3,52,0,-49,46,-27,6
1578,6.26,T,58,1,151,0,154,102,143,10,Z,34,1,674,0,83,277,168,9,1,-24,0,523,0,-71,175,25,-1
1579,9.59,T,43,2,638,0,158,98,111,0,Z,56,1,493,0,37,109,222,7,1,13,-1,-145,0,-121,11,111,7
1580,6.22,P,11,3,790,0,4,57,28,0,P,32,0,320,0,18,78,47,2,1,21,-3,-470,0,14,21,19,2
1581,2.28,Z,10,1,118,0,171,65,60,4,T,11,0,93,0,153,89,68,1,1,1,-1,-25,0,-18,24,8,-3
1582,8.26,Z,55,10,374,0,60,186,173,0,T,72,5,733,0,163,144,219,2,0,17,-5,359,0,103,-42,46,2
1583,8.08,Z,52,3,307,0,23,174,130,1,Z,62,0,396,0,39,263,284,15,0,10,-3,89,0,16,89,154,14
1584,8.4,T,73,0,246,0,37,344,169,12,P,65,0,334,0,155,203,183,19,1,-8,0,88,0,118,-141,14,7
1585,8.41,Z,40,4,226,1,17,148,138,0,T,40,0,332,0,7,48,88,3,0,0,-4,106,-1,-10,-100,-50,3
1586,9.54,T,49,6,355,0,19,117,109,0,T,66,0,262,0,19,195,108,6,0,17,-6,-93,0,0,78,-1,6
1587,9.59,Z,46,2,575,0,37,198,235,1,T,67,10,649,0,29,171,81,3,1,21,8,74,0,-8,-27,-154,2
1588,3.4,P,16,1,186,0,5,54,26,1,T,22,0,250,0,328,150,135,7,1,6,-1,64,0,323,96,109,6
1589,9.59,T,78,0,845,0,56,216,132,8,T,86,4,303,0,620,243,128,13,0,8,4,-542,0,564,27,-4,5
1590,8.55,T,100,2,506,0,629,159,293,21,Z,67,4,335,0,199,241,314,1,1,-33,2,-171,0,-430,82,21,-20
1591,10.51,Z,67,1,229,0,47,94,168,6,P,47,0,305,0,29,201,65,10,1,-20,-1,76,0,-18,107,-103,4
1592,3.51,P,15,0,141,0,12,55,35,11,P,16,0,154,0,46,105,72,5,1,1,0,13,0,34,50,37,-6
1593,7.07,Z,46,0,409,0,498,182,328,1,T,60,0,572,0,636,321,207,7,1,14,0,163,0,138,139,-121,6
1594,6.17,Z,32,0,461,0,26,111,149,7,T,31,0,222,0,8,91,63,11,1,-1,0,-239,0,-18,-20,-86,4
1595,5.04,Z,31,0,99,0,33,146,112,15,Z,28,7,192,0,87,176,92,7,1,-3,7,93,0,54,30,-20,-8
1596,10.51,P,58,0,807,0,3,288,66,2,Z,71,0,263,0,0,128,230,0,0,13,0,-544,0,-3,-160,164,-2
1597,2.27,Z,6,0,163,0,130,20,116,3,T,10,0,205,0,1,36,199,2,0,4,0,42,0,-129,16,83,-1
1598,5.56,T,41,5,294,0,95,123,93,3,Z,47,0,224,11,61,125,163,1,1,6,-5,-70,11,-34,2,70,-2
1599,7.33,T,22,0,181,0,0,67,41,1,Z,44,0,194,0,6,99,117,0,1,22,0,13,0,6,32,76,-1
1600,6.41,Z,37,1,373,0,241,108,163,8,P,35,4,416,0,95,170,111,1,0,-2,3,43,0,-146,62,-52,-7
1601,3.13,P,14,2,185,0,141,53,69,1,Z,16,0,121,0,0,21,31,0,1,2,-2,-64,0,-141,-32,-38,-1
1602,6.17,Z,36,4,269,0,175,91,214,5,P,37,1,523,0,109,215,110,6,1,1,-3,254,0,-66,124,-104,1
1603,5.21,P,21,1,250,0,0,85,43,1,P,15,0,320,0,26,50,42,5,1,-6,-1,70,0,26,-35,-1,4
1604,5.18,P,39,5,346,0,29,139,42,0,Z,45,0,207,0,68,124,98,7,0,6,-5,-139,0,39,-15,56,7
1605,9.59,P,64,0,613,0,17,198,62,8,Z,71,1,697,0,412,251,314,3,1,7,1,84,0,395,53,252,-5
1606,9.59,P,58,0,725,0,1,213,97,0,T,49,0,676,0,2,160,80,0,0,-9,0,-49,0,1,-53,-17,0
1607,9.59,T,56,0,318,0,33,82,80,6,T,46,0,567,0,2,103,116,8,0,-10,0,249,0,-31,21,36,2
1608,6.14,Z,38,0,331,0,32,105,118,2,T,40,0,432,0,13,81,186,9,1,2,0,101,0,-19,-24,68,7
1609,9.56,P,57,4,578,0,92,502,96,1,T,69,0,615,0,51,164,65,3,0,12,-4,37,0,-41,-338,-31,2
1610,4.54,Z,28,0,175,0,4,74,65,5,P,27,0,267,0,8,74,30,3,0,-1,0,92,0,4,0,-35,-2
1611,5.46,T,39,0,273,0,271,241,66,9,T,45,0,547,0,2,134,116,5,1,6,0,274,0,-269,-107,50,-4
1612,1.37,Z,7,0,65,0,45,40,37,1,T,10,2,81,0,138,33,6,4,0,3,2,16,0,93,-7,-31,3
1613,4.56,T,25,0,192,8,60,134,55,0,Z,28,6,171,0,251,89,95,1,1,3,6,-21,-8,191,-45,40,1
1614,10.49,T,84,0,704,0,481,192,163,14,T,74,4,528,0,753,182,164,0,1,-10,4,-176,0,272,-10,1,-14
1615,9.59,Z,85,4,624,0,737,231,315,16,P,86,0,456,0,34,211,117,11,1,1,-4,-168,0,-703,-20,-198,-5
1616,9.56,Z,50,5,284,0,60,73,150,0,Z,73,0,683,0,92,210,283,4,0,23,-5,399,0,32,137,133,4
1617,4.21,P,12,0,198,0,0,5,11,0,T,22,0,165,0,531,101,122,17,1,10,0,-33,0,531,96,111,17
1618,4.31,P,24,3,145,5,36,77,49,0,P,32,0,170,0,7,113,86,1,0,8,-3,25,-5,-29,36,37,1
1619,9.59,Z,86,5,540,0,78,319,356,1,Z,124,12,800,9,797,467,434,20,0,38,7,260,9,719,148,78,19
1620,4.35,T,22,0,345,0,13,31,85,1,Z,18,0,210,0,23,51,69,3,0,-4,0,-135,0,10,20,-16,2
1621,7.23,T,55,7,497,0,296,99,311,2,T,63,0,679,0,42,187,129,14,0,8,-7,182,0,-254,88,-182,12
1622,7.27,T,67,0,521,0,141,233,67,8,Z,45,0,290,0,282,168,176,6,1,-22,0,-231,0,141,-65,109,-2
1623,9.53,T,29,0,737,0,0,93,96,0,P,37,0,241,0,0,37,46,0,1,8,0,-496,0,0,-56,-50,0
1624,9.59,P,66,0,578,0,76,330,113,13,T,71,0,391,8,27,168,148,5,0,5,0,-187,8,-49,-162,35,-8
1625,5.32,P,19,1,520,0,3,177,30,1,P,21,2,200,0,0,38,55,1,0,2,1,-320,0,-3,-139,25,0
1626,5.34,Z,25,0,394,0,25,73,87,3,T,30,0,274,0,0,46,61,2,0,5,0,-120,0,-25,-27,-26,-1
1627,5.58,T,45,0,761,0,388,273,72,7,T,50,0,275,0,135,247,112,9,0,5,0,-486,0,-253,-26,40,2
1628,8.26,Z,62,0,327,0,127,168,165,6,Z,60,12,511,0,298,194,368,14,0,-2,12,184,0,171,26,203,8
1629,5.2,Z,30,0,136,0,44,74,123,2,P,26,2,439,0,27,86,33,3,1,-4,2,303,0,-17,12,-90,1
1630,8.38,T,79,0,472,0,99,234,73,5,T,65,0,334,0,17,310,167,2,1,-14,0,-138,0,-82,76,94,-3
1631,6.28,Z,41,0,380,0,19,114,128,1,Z,57,4,320,0,194,255,159,6,1,16,4,-60,0,175,141,31,5
1632,9.59,T,95,10,576,0,431,205,264,6,T,92,0,559,0,951,307,169,8,0,-3,-10,-17,0,520,102,-95,2
1633,9.57,P,70,4,620,0,57,185,53,8,Z,43,0,674,0,8,140,161,1,0,-27,-4,54,0,-49,-45,108,-7
1634,9.1,P,71,0,553,0,66,348,82,12,P,56,5,441,0,429,272,109,10,0,-15,5,-112,0,363,-76,27,-2
1635,5.08,Z,29,5,260,0,631,101,198,7,Z,21,0,205,0,114,181,210,6,1,-8,-5,-55,0,-517,80,12,-1
1636,4.03,P,13,3,268,0,5,81,24,0,P,24,1,216,0,102,125,76,8,1,11,-2,-52,0,97,44,52,8
1637,10.05,P,42,0,586,0,0,218,62,2,T,31,0,724,0,0,45,70,0,0,-11,0,138,0,0,-173,8,-2
1638,9.58,Z,89,12,480,0,266,173,280,4,P,66,5,801,0,93,383,108,6,1,-23,-7,321,0,-173,210,-172,2
1639,3.49,Z,18,0,171,0,4,19,53,2,Z,17,5,197,0,320,47,195,2,1,-1,5,26,0,316,28,142,0
1640,10.14,P,61,0,596,0,8,170,119,1,P,53,3,776,0,31,232,94,7,1,-8,3,180,0,23,62,-25,6
1641,5.34,Z,33,2,228,0,54,93,100,4,Z,28,7,249,0,38,35,83,1,1,-5,5,21,0,-16,-58,-17,-3
1642,8.45,T,85,13,582,0,29,234,85,1,Z,48,4,316,0,512,228,290,5,1,-37,-9,-266,0,483,-6,205,4
1643,9.59,Z,54,2,463,0,23,108,216,1,T,54,0,290,0,0,120,80,0,0,0,-2,-173,0,-23,12,-136,-1
1644,5.48,Z,27,0,189,0,26,171,103,4,Z,34,5,195,0,55,130,101,1,1,7,5,6,0,29,-41,-2,-3
1645,7.49,P,39,3,334,0,11,73,41,2,P,45,1,679,0,41,133,76,8,0,6,-2,345,0,30,60,35,6
1646,9.59,P,122,7,451,0,443,241,79,6,Z,111,8,577,2,459,304,365,7,1,-11,1,126,2,16,63,286,1
1647,8.02,Z,53,3,578,0,193,228,233,0,T,74,1,471,0,31,160,69,7,0,21,-2,-107,0,-162,-68,-164,7
1648,9.58,P,81,0,593,0,29,209,216,9,T,95,7,768,0,796,249,147,7,0,14,7,175,0,767,40,-69,-2
1649,3,Z,11,0,5,0,605,19,25,2,T,14,0,186,0,10,17,27,1,1,3,0,181,0,-595,-2,2,-1
1650,7.38,T,58,0,464,0,56,275,108,7,T,57,7,603,0,330,215,156,6,1,-1,7,139,0,274,-60,48,-1
1651,9.59,Z,90,3,273,1,293,260,283,6,Z,66,0,645,0,209,334,259,9,0,-24,-3,372,-1,-84,74,-24,3
1652,10.17,T,85,0,314,0,135,125,116,11,Z,104,6,394,0,257,271,325,7,1,19,6,80,0,122,146,209,-4
1653,4.24,Z,16,1,139,0,46,39,202,0,P,15,0,142,0,17,57,29,4,1,-1,-1,3,0,-29,18,-173,4
1654,8.19,P,49,2,280,0,34,205,80,6,T,60,0,304,0,46,122,66,3,0,11,-2,24,0,12,-83,-14,-3
1655,9.59,T,33,0,892,0,0,69,99,0,P,17,0,959,0,0,29,24,0,1,-16,0,67,0,0,-40,-75,0
1656,8.1,Z,68,2,568,8,142,267,243,0,P,56,0,562,0,174,193,101,9,1,-12,-2,-6,-8,32,-74,-142,9
1657,9.57,Z,63,7,696,0,301,317,463,0,T,76,0,745,0,50,337,229,4,0,13,-7,49,0,-251,20,-234,4
1658,9.59,P,61,0,883,0,12,240,79,9,T,47,0,433,0,14,73,85,4,0,-14,0,-450,0,2,-167,6,-5
1659,5.29,Z,40,8,295,4,203,96,157,1,Z,38,8,193,0,151,90,181,5,0,-2,0,-102,-4,-52,-6,24,4
1660,8.23,Z,45,4,135,0,33,39,195,1,P,38,3,719,0,17,94,51,2,0,-7,-1,584,0,-16,55,-144,1
1661,7.13,P,36,0,321,0,397,45,65,8,P,43,0,224,0,481,114,206,12,1,7,0,-97,0,84,69,141,4
1662,9.59,Z,91,10,790,0,158,234,272,6,T,150,0,542,0,767,248,150,35,0,59,-10,-248,0,609,14,-122,29
1663,7.56,T,60,2,601,0,54,123,105,7,Z,60,5,574,4,936,132,204,0,0,0,3,-27,4,882,9,99,-7
1664,9.59,P,79,0,505,0,131,260,69,17,T,86,0,734,0,376,211,140,6,0,7,0,229,0,245,-49,71,-11
1665,9.59,T,104,6,390,0,1014,236,202,14,T,110,0,462,0,503,280,266,15,0,6,-6,72,0,-511,44,64,1
1666,9.59,T,143,0,462,0,658,331,257,22,T,94,0,540,0,329,347,176,12,1,-49,0,78,0,-329,16,-81,-10
1667,9.59,Z,72,0,200,0,35,69,161,3,T,35,0,519,0,0,67,47,0,0,-37,0,319,0,-35,-2,-114,-3
1668,7.42,Z,48,1,350,56,149,113,309,1,Z,52,0,331,0,286,126,249,3,1,4,-1,-19,-56,137,13,-60,2
1669,9.59,T,54,0,351,0,57,165,203,6,P,43,0,567,0,0,105,132,0,0,-11,0,216,0,-57,-60,-71,-6
1670,9.59,P,73,0,504,0,183,185,80,9,Z,66,11,241,0,119,99,247,2,0,-7,11,-263,0,-64,-86,167,-7
1671,10.49,P,50,0,648,0,25,405,140,3,T,106,7,489,0,764,491,199,9,1,56,7,-159,0,739,86,59,6
1672,0.46,T,3,0,32,0,3,3,9,4,T,3,1,78,0,2,28,4,0,0,0,1,46,0,-1,25,-5,-4
1673,9.59,P,71,0,341,0,79,145,87,10,Z,63,3,378,0,188,140,198,3,0,-8,3,37,0,109,-5,111,-7
1674,6.27,P,35,10,327,1,29,61,42,0,Z,35,0,298,6,37,44,111,0,1,0,-10,-29,5,8,-17,69,0
1675,8.52,T,124,0,333,0,406,421,170,26,T,143,3,364,0,213,357,163,29,0,19,3,31,0,-193,-64,-7,3
1676,7.59,T,68,0,594,0,237,128,261,18,T,87,0,536,0,67,220,131,7,0,19,0,-58,0,-170,92,-130,-11
1677,9.59,T,46,0,650,0,6,239,158,3,T,53,0,386,0,2,46,112,0,0,7,0,-264,0,-4,-193,-46,-3
1678,4.48,Z,27,3,194,1,282,122,116,2,Z,13,1,361,0,6,67,94,3,0,-14,-2,167,-1,-276,-55,-22,1
1679,5.28,Z,26,1,344,0,238,141,103,3,Z,33,5,209,0,92,38,129,0,0,7,4,-135,0,-146,-103,26,-3
1680,9.59,T,16,0,211,0,7,61,47,1,T,58,0,521,0,0,32,117,0,1,42,0,310,0,-7,-29,70,-1
1681,9.46,Z,46,0,510,0,20,157,185,1,T,38,0,625,0,0,107,76,0,0,-8,0,115,0,-20,-50,-109,-1
1682,2.06,T,8,0,144,0,0,25,13,0,T,0,0,1,0,0,0,0,0,0,-8,0,-143,0,0,-25,-13,0
1683,0.29,T,2,0,33,0,0,6,5,1,Z,1,0,21,0,0,0,1,0,0,-1,0,-12,0,0,-6,-4,-1
1684,9.59,T,45,2,607,0,3,25,66,0,T,59,0,657,0,16,165,112,3,0,14,-2,50,0,13,140,46,3
1685,4.23,P,12,0,376,0,0,23,23,0,Z,16,0,116,2,8,57,97,0,1,4,0,-260,2,8,34,74,0
1686,8.44,Z,59,0,322,0,18,143,176,2,P,50,3,300,0,83,150,100,3,1,-9,3,-22,0,65,7,-76,1
1687,8.17,P,38,0,676,0,23,185,98,7,T,62,0,314,0,83,175,73,9,1,24,0,-362,0,60,-10,-25,2
1688,9.59,T,73,0,640,0,319,229,97,10,Z,60,4,364,0,71,108,233,4,1,-13,4,-276,0,-248,-121,136,-6
1689,4.27,P,11,0,198,0,10,52,27,6,P,30,0,48,0,33,76,86,0,1,19,0,-150,0,23,24,59,-6
1690,9.14,P,75,0,389,52,278,317,251,2,T,121,7,452,0,576,232,153,13,1,46,7,63,-52,298,-85,-98,11
1691,9.59,P,40,0,661,0,2,173,75,3,Z,49,0,731,0,0,201,161,0,1,9,0,70,0,-2,28,86,-3
1692,9.59,Z,63,0,656,0,21,59,214,3,Z,51,18,589,0,87,212,177,0,1,-12,18,-67,0,66,153,-37,-3
1693,6.48,Z,56,0,374,0,33,166,212,5,P,52,0,440,0,685,125,121,8,0,-4,0,66,0,652,-41,-91,3
1694,7.58,P,32,0,527,0,17,64,30,3,P,35,4,599,0,209,154,37,0,0,3,4,72,0,192,90,7,-3
1695,9.59,Z,71,0,566,0,72,271,251,3,T,76,2,487,0,389,330,153,3,1,5,2,-79,0,317,59,-98,0
1696,8.11,T,54,0,694,0,7,292,107,2,Z,29,3,427,0,24,92,100,1,0,-25,3,-267,0,17,-200,-7,-1
1697,6.55,T,55,7,512,0,75,131,67,0,P,39,0,175,0,11,137,36,1,0,-16,-7,-337,0,-64,6,-31,1
1698,4.3,T,33,2,106,0,332,84,116,6,T,30,1,209,0,329,60,133,4,0,-3,-1,103,0,-3,-24,17,-2
1699,9.56,P,61,5,563,0,41,141,77,2,Z,56,0,787,1,82,252,255,5,0,-5,-5,224,1,41,111,178,3
1700,9.59,Z,47,7,438,0,54,143,179,0,Z,36,13,525,0,34,240,249,2,0,-11,6,87,0,-20,97,70,2
1701,7.08,P,57,0,362,0,110,215,76,9,P,74,0,391,0,458,301,75,21,1,17,0,29,0,348,86,-1,12
1702,9.31,T,83,10,421,0,368,267,118,3,T,86,1,380,1,591,341,258,13,1,3,-9,-41,1,223,74,140,10
1703,1.36,T,5,0,105,0,0,6,7,0,P,7,0,45,0,0,18,11,0,0,2,0,-60,0,0,12,4,0
1704,5.14,Z,23,2,194,0,136,35,137,4,P,25,0,233,0,10,130,21,0,1,2,-2,39,0,-126,95,-116,-4
1705,6.25,Z,39,6,341,0,559,158,156,7,T,35,0,352,0,6,89,102,11,0,-4,-6,11,0,-553,-69,-54,4
1706,8.23,T,115,0,397,0,627,274,135,23,Z,79,11,788,0,447,228,252,6,0,-36,11,391,0,-180,-46,117,-17
1707,8.45,T,79,5,496,0,152,227,107,2,Z,52,5,385,0,1420,205,243,2,1,-27,0,-111,0,1268,-22,136,0
1708,2.45,Z,11,3,77,0,285,123,128,4,Z,7,0,72,0,114,38,112,8,0,-4,-3,-5,0,-171,-85,-16,4
1709,9.37,T,88,1,412,0,621,158,222,10,Z,77,8,492,0,124,235,200,7,1,-11,7,80,0,-497,77,-22,-3
1710,9.58,T,46,0,796,0,34,173,173,2,Z,55,4,847,0,31,90,233,3,1,9,4,51,0,-3,-83,60,1
1711,4.49,P,19,1,292,0,36,123,39,3,P,20,1,176,0,7,17,18,2,1,1,0,-116,0,-29,-106,-21,-1
1712,1.45,P,4,0,60,0,7,85,4,2,P,7,1,121,0,132,9,7,5,0,3,1,61,0,125,-76,3,3
1713,7.59,P,32,0,261,0,8,157,41,2,Z,22,3,352,0,1,41,101,0,0,-10,3,91,0,-7,-116,60,-2
1714,4.22,T,34,0,273,0,20,104,24,6,T,30,0,306,0,8,197,59,3,1,-4,0,33,0,-12,93,35,-3
1715,10.26,P,72,4,696,0,7,296,83,0,T,81,0,835,10,68,224,148,0,0,9,-4,139,10,61,-72,65,0
1716,9.57,T,45,0,790,0,0,83,83,0,T,59,0,414,0,103,141,78,3,1,14,0,-376,0,103,58,-5,3
1717,9.57,P,44,0,601,0,0,89,72,0,Z,52,2,665,0,24,226,169,3,1,8,2,64,0,24,137,97,3
1718,3.43,T,23,2,178,0,211,79,59,1,T,20,0,101,0,52,44,29,4,1,-3,-2,-77,0,-159,-35,-30,3
1719,6.47,T,97,0,285,0,638,242,114,21,T,117,0,295,0,334,282,145,19,1,20,0,10,0,-304,40,31,-2
1720,10.2,T,90,4,717,0,49,214,120,6,T,104,7,831,0,427,269,138,7,1,14,3,114,0,378,55,18,1
1721,8.35,T,60,2,636,0,67,149,103,3,P,67,7,424,0,43,201,63,0,0,7,5,-212,0,-24,52,-40,-3
1722,9.12,T,62,2,279,0,740,293,135,9,Z,58,11,305,2,68,146,240,1,1,-4,9,26,2,-672,-147,105,-8
1723,5.23,Z,34,2,428,9,207,174,130,2,Z,40,4,155,0,290,184,191,8,0,6,2,-273,-9,83,10,61,6
1724,9.56,Z,37,1,760,0,22,154,139,0,Z,44,4,464,0,13,238,201,1,0,7,3,-296,0,-9,84,62,1
1725,9.59,T,61,6,490,1,49,158,120,2,T,52,3,558,0,9,140,91,0,0,-9,-3,68,-1,-40,-18,-29,-2
1726,10.42,Z,75,0,855,0,56,102,170,5,Z,73,12,729,0,123,280,278,3,1,-2,12,-126,0,67,178,108,-2
1727,7.51,T,77,0,694,0,8,150,128,6,T,92,4,342,0,39,251,74,3,0,15,4,-352,0,31,101,-54,-3
1728,7.05,T,47,0,321,0,716,162,130,17,P,51,0,400,0,15,133,190,4,0,4,0,79,0,-701,-29,60,-13
1729,7.35,Z,43,2,664,0,113,266,221,3,T,49,5,740,0,42,32,66,0,0,6,3,76,0,-71,-234,-155,-3
1730,9.44,P,60,2,609,0,38,217,128,4,T,84,2,457,0,146,117,163,9,0,24,0,-152,0,108,-100,35,5
1731,6.11,Z,34,3,256,0,18,116,94,1,P,27,3,247,0,220,110,65,3,1,-7,0,-9,0,202,-6,-29,2
1732,0.43,T,5,2,34,0,0,9,7,0,T,3,0,19,0,48,8,38,2,0,-2,-2,-15,0,48,-1,31,2
1733,5.4,T,32,0,404,0,7,91,45,3,P,22,0,302,0,0,65,29,1,0,-10,0,-102,0,-7,-26,-16,-2
1734,7.25,Z,53,8,445,0,464,157,258,5,T,72,0,501,0,80,174,115,7,1,19,-8,56,0,-384,17,-143,2
1735,9.59,T,89,0,524,0,20,205,126,6,T,78,0,851,0,98,234,125,16,1,-11,0,327,0,78,29,-1,10
1736,4.19,T,19,2,241,0,11,29,16,0,T,19,3,277,0,15,17,24,0,1,0,1,36,0,4,-12,8,0
1737,9.47,T,50,0,484,0,313,198,440,6,T,47,0,567,0,5,76,116,2,0,-3,0,83,0,-308,-122,-324,-4
1738,9.59,Z,65,1,461,0,155,111,313,0,T,75,0,799,0,1,252,153,2,0,10,-1,338,0,-154,141,-160,2
1739,8.18,Z,26,0,242,0,0,145,145,0,P,39,2,494,0,10,226,96,0,1,13,2,252,0,10,81,-49,0
1740,9.24,T,140,7,484,0,649,276,188,15,T,91,4,552,0,781,351,216,13,0,-49,-3,68,0,132,75,28,-2
1741,5.08,Z,22,1,282,0,55,93,94,3,Z,27,0,196,0,0,62,91,0,0,5,-1,-86,0,-55,-31,-3,-3
1742,9.59,Z,54,11,527,0,73,142,180,1,T,83,0,585,0,454,284,126,14,1,29,-11,58,0,381,142,-54,13
1743,9.58,P,42,2,227,0,2,157,83,2,Z,42,1,412,0,34,239,172,3,0,0,-1,185,0,32,82,89,1
1744,9.58,P,74,0,874,0,77,378,83,11,P,72,7,600,0,56,351,79,4,1,-2,7,-274,0,-21,-27,-4,-7
1745,4.04,Z,22,0,111,0,20,178,62,1,Z,16,0,132,0,7,96,60,1,0,-6,0,21,0,-13,-82,-2,0
1746,8.1,Z,55,2,269,0,342,121,373,0,P,54,0,389,0,65,149,90,5,0,-1,-2,120,0,-277,28,-283,5
1747,1.2,P,4,0,70,0,30,20,10,3,Z,3,0,54,0,0,6,27,0,1,-1,0,-16,0,-30,-14,17,-3
1748,7.09,T,69,0,342,0,377,245,178,14,P,48,0,559,0,78,196,135,9,0,-21,0,217,0,-299,-49,-43,-5
1749,4.55,P,33,0,165,0,314,128,124,11,T,62,0,168,0,134,186,113,4,1,29,0,3,0,-180,58,-11,-7
1750,9.59,T,36,0,504,0,0,30,62,3,T,38,0,417,0,0,94,118,1,1,2,0,-87,0,0,64,56,-2
1751,9.39,Z,77,6,198,0,626,262,252,7,T,91,9,328,0,251,267,184,4,0,14,3,130,0,-375,5,-68,-3
1752,9.59,T,97,0,599,0,711,223,123,11,Z,76,0,330,36,351,332,343,5,0,-21,0,-269,36,-360,109,220,-6
1753,3.53,T,16,0,264,0,5,59,32,6,T,13,0,352,0,0,94,28,1,1,-3,0,88,0,-5,35,-4,-5
1754,9.33,T,46,0,639,0,34,256,88,3,T,46,0,504,0,34,176,111,5,1,0,0,-135,0,0,-80,23,2
1755,4.44,P,15,0,156,0,79,43,45,4,P,19,0,508,0,365,103,43,2,1,4,0,352,0,286,60,-2,-2
1756,8.14,P,85,0,419,0,41,374,113,10,T,70,0,513,0,205,132,89,11,1,-15,0,94,0,164,-242,-24,1
1757,9.59,Z,55,0,335,0,30,262,214,3,T,99,0,419,0,244,266,179,7,0,44,0,84,0,214,4,-35,4
1758,8.15,T,65,5,383,0,289,119,72,1,Z,59,10,476,0,543,285,184,4,0,-6,5,93,0,254,166,112,3
1759,9.59,P,54,8,494,0,33,104,60,4,Z,56,0,260,0,54,124,451,10,0,2,-8,-234,0,21,20,391,6
1760,0.54,T,5,0,27,0,11,32,10,3,Z,2,0,10,0,2,12,10,1,0,-3,0,-17,0,-9,-20,0,-2
1761,9.13,Z,50,0,383,0,3,117,243,2,T,39,0,460,0,69,73,87,2,0,-11,0,77,0,66,-44,-156,0
1762,8.55,Z,44,1,404,0,51,242,177,1,Z,40,1,698,0,237,238,186,13,0,-4,0,294,0,186,-4,9,12
1763,8.59,P,54,1,452,0,215,420,176,10,Z,55,2,405,0,48,169,179,11,1,1,1,-47,0,-167,-251,3,1
1764,9.58,T,67,4,521,0,36,113,92,4,Z,72,4,457,0,68,58,199,4,0,5,0,-64,0,32,-55,107,0
1765,10.59,Z,148,15,466,5,1151,379,380,20,Z,103,3,443,0,750,548,395,5,1,-45,-12,-23,-5,-401,169,15,-15
1766,9.59,Z,51,0,254,0,38,192,139,2,P,44,2,523,0,32,251,66,5,1,-7,2,269,0,-6,59,-73,3
1767,6.56,T,42,3,191,0,305,114,119,4,T,38,3,602,0,31,119,127,0,0,-4,0,411,0,-274,5,8,-4
1768,9.57,T,74,3,484,0,212,185,135,2,T,62,0,903,0,16,237,114,5,1,-12,-3,419,0,-196,52,-21,3
1769,9.59,T,127,0,560,0,421,285,181,15,T,148,0,389,0,784,243,199,23,0,21,0,-171,0,363,-42,18,8
1770,8.07,Z,32,0,221,0,11,46,124,2,P,52,3,350,0,19,136,58,1,1,20,3,129,0,8,90,-66,-1
1771,2.59,P,14,0,52,0,0,12,13,0,T,9,0,227,0,7,80,23,3,0,-5,0,175,0,7,68,10,3
1772,7,P,28,0,212,0,0,127,63,1,T,60,0,475,0,549,126,97,6,0,32,0,263,0,549,-1,34,5
1773,8.42,T,68,0,728,0,19,149,86,6,T,67,0,1024,0,25,172,88,3,1,-1,0,296,0,6,23,2,-3
1774,5.32,T,36,6,405,0,0,37,67,0,Z,24,1,269,0,15,42,73,1,0,-12,-5,-136,0,15,5,6,1
1775,5.59,T,39,0,482,0,71,142,143,6,P,36,0,310,0,20,87,39,3,0,-3,0,-172,0,-51,-55,-104,-3
1776,8.18,P,37,1,402,0,1,78,74,6,P,50,4,450,2,67,128,43,2,1,13,3,48,2,66,50,-31,-4
1777,7.38,P,48,0,397,0,566,147,116,15,Z,61,0,262,51,564,149,328,2,1,13,0,-135,51,-2,2,212,-13
1778,9.59,T,99,7,439,7,410,178,283,8,P,75,1,722,0,30,137,119,6,1,-24,-6,283,-7,-380,-41,-164,-2
1779,9.59,T,65,0,553,0,17,184,125,7,Z,40,0,364,0,20,183,238,7,1,-25,0,-189,0,3,-1,113,0
1780,5.03,T,50,0,247,0,3,132,120,0,Z,27,0,125,0,303,173,131,6,0,-23,0,-122,0,300,41,11,6
1781,9.58,P,57,7,493,0,35,140,66,3,T,66,9,674,0,56,269,138,0,0,9,2,181,0,21,129,72,-3
1782,6.47,Z,27,0,610,0,69,143,115,0,Z,26,1,406,0,43,145,107,3,0,-1,1,-204,0,-26,2,-8,3
1783,4.54,Z,27,0,204,0,414,71,82,6,T,24,0,255,0,46,32,41,11,1,-3,0,51,0,-368,-39,-41,5
1784,4.34,T,23,0,121,0,486,81,176,4,T,40,0,355,0,381,109,95,9,1,17,0,234,0,-105,28,-81,5
1785,6.41,T,31,1,366,0,28,67,64,7,Z,29,0,426,0,43,79,115,1,1,-2,-1,60,0,15,12,51,-6
1786,5.42,T,51,0,229,0,164,198,293,2,T,62,0,233,0,19,200,79,7,1,11,0,4,0,-145,2,-214,5
1787,9.59,P,84,1,621,1,133,326,99,13,T,91,0,641,0,198,183,193,16,1,7,-1,20,-1,65,-143,94,3
1788,9.59,P,37,0,984,0,1,91,78,1,P,36,0,708,0,7,69,60,6,1,-1,0,-276,0,6,-22,-18,5
1789,5.14,T,18,0,281,0,4,101,32,1,T,16,0,189,0,0,48,35,1,0,-2,0,-92,0,-4,-53,3,0
1790,6.17,Z,31,1,454,0,50,83,98,2,T,44,0,334,0,34,133,230,3,1,13,-1,-120,0,-16,50,132,1
1791,2.3,Z,9,2,39,0,6,38,114,0,Z,10,0,79,0,216,73,80,4,0,1,-2,40,0,210,35,-34,4
1792,9.14,Z,40,2,326,0,10,113,176,0,T,73,0,601,0,0,151,124,0,1,33,-2,275,0,-10,38,-52,0
1793,9.57,Z,65,8,376,0,83,85,166,0,T,79,6,238,0,517,111,194,8,1,14,-2,-138,0,434,26,28,8
1794,9.59,T,159,0,632,0,276,285,143,18,Z,120,0,553,42,726,238,526,6,1,-39,0,-79,42,450,-47,383,-12
1795,3.2,T,7,3,148,0,5,59,21,0,T,10,0,96,0,3,24,188,1,0,3,-3,-52,0,-2,-35,167,1
1796,10.14,T,84,10,393,0,298,161,184,4,P,71,2,714,0,417,219,190,12,0,-13,-8,321,0,119,58,6,8
1797,2.22,P,13,0,36,0,0,38,15,0,P,9,0,54,0,11,31,24,0,0,-4,0,18,0,11,-7,9,0
1798,9.59,T,60,0,327,0,18,123,110,3,T,71,0,371,0,13,112,112,2,1,11,0,44,0,-5,-11,2,-1
1799,3.11,T,13,0,286,0,1,55,90,2,T,10,0,126,0,14,54,26,4,1,-3,0,-160,0,13,-1,-64,2
1800,5.4,Z,16,0,173,0,3,18,37,2,P,14,0,175,0,0,42,14,0,0,-2,0,2,0,-3,24,-23,-2
1801,10.11,P,58,0,566,0,28,377,73,5,Z,27,0,274,0,0,24,119,0,0,-31,0,-292,0,-28,-353,46,-5
1802,6.46,Z,45,0,227,0,24,128,197,5,P,30,0,284,0,25,118,42,2,0,-15,0,57,0,1,-10,-155,-3
1803,5.27,P,32,2,298,0,153,161,199,0,T,41,2,253,0,154,118,46,5,0,9,0,-45,0,1,-43,-153,5
1804,10.1,Z,72,0,368,0,145,251,272,7,P,68,3,701,0,17,327,144,0,1,-4,3,333,0,-128,76,-128,-7
1805,9.57,T,35,0,933,0,0,48,73,0,Z,51,0,950,0,0,69,180,0,1,16,0,17,0,0,21,107,0
1806,10.24,P,50,0,617,0,13,232,58,1,T,67,0,397,14,101,78,97,1,0,17,0,-220,14,88,-154,39,0
1807,4.2,T,18,4,73,0,122,52,116,0,T,22,1,175,3,433,72,58,8,1,4,-3,102,3,311,20,-58,8
1808,5.25,T,26,0,382,0,0,93,53,1,P,31,2,166,0,67,221,131,2,0,5,2,-216,0,67,128,78,1
1809,9.57,T,77,1,551,0,179,245,123,6,T,41,0,625,0,0,109,85,0,0,-36,-1,74,0,-179,-136,-38,-6
1810,9.59,T,108,0,505,0,405,208,123,16,T,79,3,707,0,69,121,131,2,0,-29,3,202,0,-336,-87,8,-14
1811,5.39,P,22,5,151,0,66,88,63,0,P,14,0,297,0,0,47,33,0,0,-8,-5,146,0,-66,-41,-30,0
1812,1.39,Z,6,0,11,0,0,35,42,1,T,5,0,39,0,31,21,50,2,0,-1,0,28,0,31,-14,8,1
1813,6.46,Z,54,6,413,0,389,131,207,5,Z,44,0,276,17,311,173,219,2,1,-10,-6,-137,17,-78,42,12,-3
1814,9.59,T,100,0,544,0,204,324,116,11,T,117,0,789,0,257,238,137,9,1,17,0,245,0,53,-86,21,-2
1815,0.36,Z,2,0,49,0,1,12,12,3,Z,2,0,44,0,18,10,25,1,0,0,0,-5,0,17,-2,13,-2
1816,5.39,Z,21,5,94,0,126,119,165,0,P,23,0,415,0,3,42,32,1,1,2,-5,321,0,-123,-77,-133,1
1817,9.59,T,89,0,1225,0,659,109,109,10,T,91,5,526,0,958,168,122,18,1,2,5,-699,0,299,59,13,8
1818,9.59,T,83,4,651,0,99,194,106,5,Z,52,2,404,0,219,221,288,6,0,-31,-2,-247,0,120,27,182,1
1819,3.37,P,20,0,141,0,4,176,112,2,Z,12,1,318,0,8,44,96,0,1,-8,1,177,0,4,-132,-16,-2
1820,9.59,P,39,3,446,0,0,325,171,1,T,67,0,603,0,0,180,95,1,0,28,-3,157,0,0,-145,-76,0
1821,7.23,T,42,0,483,0,23,43,72,4,P,27,0,308,0,0,63,46,0,0,-15,0,-175,0,-23,20,-26,-4
1822,7.43,Z,39,1,443,0,497,182,143,6,Z,42,0,313,0,60,78,194,6,0,3,-1,-130,0,-437,-104,51,0
1823,9.07,P,61,0,505,0,42,194,93,8,T,62,0,685,0,3,99,92,7,0,1,0,180,0,-39,-95,-1,-1
1824,8.59,Z,63,5,503,0,65,142,162,7,P,83,0,391,0,56,401,139,9,0,20,-5,-112,0,-9,259,-23,2
1825,7.26,P,61,4,423,0,89,241,104,6,T,72,0,321,0,278,174,111,19,0,11,-4,-102,0,189,-67,7,13
1826,9.59,Z,69,4,291,0,60,252,174,6,T,89,6,685,2,85,150,99,2,0,20,2,394,2,25,-102,-75,-4
1827,10.28,T,105,10,578,0,951,400,210,14,T,104,1,563,0,364,398,313,18,0,-1,-9,-15,0,-587,-2,103,4
1828,9.05,P,54,12,836,0,623,223,103,6,T,87,4,686,0,302,175,133,5,1,33,-8,-150,0,-321,-48,30,-1
1829,10.51,Z,60,0,191,0,514,269,640,2,P,57,0,1347,0,8,78,65,6,1,-3,0,1156,0,-506,-191,-575,4
1830,5.4,T,37,0,593,0,26,55,70,6,T,36,0,386,0,46,128,81,4,1,-1,0,-207,0,20,73,11,-2
1831,6.35,T,25,0,199,0,0,99,81,1,P,34,0,512,0,16,57,35,6,1,9,0,313,0,16,-42,-46,5
1832,5.06,P,23,0,167,0,33,63,85,7,P,29,0,171,0,157,138,85,6,1,6,0,4,0,124,75,0,-1
1833,6.23,Z,21,3,129,0,6,55,82,1,T,28,0,351,0,0,23,45,0,1,7,-3,222,0,-6,-32,-37,-1
1834,7.5,Z,36,0,533,0,9,52,122,2,P,12,0,362,0,0,83,21,0,0,-24,0,-171,0,-9,31,-101,-2
1835,9.59,Z,48,2,487,0,110,251,232,3,P,75,0,412,0,105,171,77,11,0,27,-2,-75,0,-5,-80,-155,8
1836,9.57,Z,60,1,441,0,74,70,178,5,P,70,3,572,0,42,162,85,2,1,10,2,131,0,-32,92,-93,-3
1837,7.29,T,44,0,289,0,33,52,70,5,Z,44,0,623,0,28,96,95,5,1,0,0,334,0,-5,44,25,0
1838,7.04,P,73,0,263,0,277,351,122,9,Z,42,9,379,0,803,177,196,2,0,-31,9,116,0,526,-174,74,-7
1839,2.41,Z,1,0,28,0,0,2,21,0,T,6,0,154,0,6,2,8,1,0,5,0,126,0,6,0,-13,1
1840,4.4,P,14,0,186,0,5,68,103,1,P,24,0,111,0,0,178,31,0,1,10,0,-75,0,-5,110,-72,-1
1841,7.1,P,17,0,404,0,6,91,33,6,Z,23,0,275,0,14,40,109,2,0,6,0,-129,0,8,-51,76,-4
1842,9.59,T,55,0,408,0,0,41,104,0,T,51,1,632,0,9,101,194,0,0,-4,1,224,0,9,60,90,0
1843,7,T,44,2,371,0,26,65,70,0,Z,43,1,190,0,60,163,265,3,0,-1,-1,-181,0,34,98,195,3
1844,9,Z,35,5,649,0,57,189,181,4,T,93,2,382,0,2,315,110,0,1,58,-3,-267,0,-55,126,-71,-4
1845,9.58,Z,89,0,844,0,69,270,351,13,T,125,0,460,0,392,235,365,11,0,36,0,-384,0,323,-35,14,-2
1846,7.57,T,47,0,577,0,32,204,120,1,P,42,0,334,0,0,157,137,0,0,-5,0,-243,0,-32,-47,17,-1
1847,4.24,Z,25,0,90,0,67,82,72,7,T,26,0,185,0,348,43,25,4,0,1,0,95,0,281,-39,-47,-3
1848,8.42,T,83,0,386,0,313,230,114,40,P,87,0,342,0,656,369,137,10,1,4,0,-44,0,343,139,23,-30
1849,0.34,Z,6,0,11,0,0,4,33,0,Z,0,0,1,0,0,0,0,0,0,-6,0,-10,0,0,-4,-33,0
1850,5.36,P,30,0,144,0,4,121,18,2,Z,22,2,212,0,55,40,102,1,1,-8,2,68,0,51,-81,84,-1
1851,5.01,P,12,0,197,0,5,59,51,4,Z,23,2,347,0,331,24,86,0,1,11,2,150,0,326,-35,35,-4
1852,5.36,T,44,0,276,0,161,193,46,5,T,52,0,372,0,407,185,170,10,0,8,0,96,0,246,-8,124,5
1853,3.16,T,11,0,268,0,123,35,79,4,Z,10,2,91,0,108,34,124,1,1,-1,2,-177,0,-15,-1,45,-3
1854,9.59,P,16,0,459,0,0,143,31,0,T,57,0,800,0,5,147,93,3,1,41,0,341,0,5,4,62,3
1855,10.06,T,90,0,290,0,80,181,395,10,P,52,11,825,0,28,128,69,1,0,-38,11,535,0,-52,-53,-326,-9
1856,7.27,T,45,2,594,0,24,37,63,3,P,33,0,568,0,3,84,77,3,0,-12,-2,-26,0,-21,47,14,0
1857,8.58,Z,77,8,464,0,119,175,198,3,T,101,0,351,0,482,164,170,11,1,24,-8,-113,0,363,-11,-28,8
1858,8.59,P,36,0,346,0,9,201,96,4,T,49,0,658,0,2,228,101,4,1,13,0,312,0,-7,27,5,0
1859,7.46,T,72,4,319,0,487,211,72,15,Z,59,11,207,0,278,186,292,0,0,-13,7,-112,0,-209,-25,220,-15
1860,2.46,Z,11,0,44,0,0,17,71,0,T,11,0,100,0,359,28,21,4,0,0,0,56,0,359,11,-50,4
1861,3.24,Z,19,3,132,0,146,110,142,3,T,19,0,201,0,177,104,146,11,1,0,-3,69,0,31,-6,4,8
1862,9.59,T,86,3,582,0,280,151,113,5,T,75,0,518,0,22,184,94,7,1,-11,-3,-64,0,-258,33,-19,2
1863,4.43,Z,24,6,165,0,75,57,111,1,P,27,0,230,0,277,236,32,5,1,3,-6,65,0,202,179,-79,4
1864,9.38,T,109,8,513,0,173,157,149,8,P,66,0,707,0,21,187,136,2,1,-43,-8,194,0,-152,30,-13,-6
1865,6.54,Z,34,3,237,0,17,235,78,1,T,72,4,368,0,17,189,108,0,1,38,1,131,0,0,-46,30,-1
1866,7.34,P,47,0,352,0,37,190,87,7,Z,59,7,250,0,61,247,243,8,1,12,7,-102,0,24,57,156,1
1867,8.47,T,72,6,662,0,21,227,91,0,Z,50,0,427,0,71,115,173,6,1,-22,-6,-235,0,50,-112,82,6
1868,3.27,Z,12,0,93,0,0,39,45,1,T,13,0,182,0,0,22,38,1,1,1,0,89,0,0,-17,-7,0
1869,9.59,T,106,0,548,0,435,187,166,17,Z,78,15,558,0,124,209,279,2,0,-28,15,10,0,-311,22,113,-15
1870,9.58,T,88,0,606,0,96,224,167,11,P,58,4,559,0,20,360,126,0,1,-30,4,-47,0,-76,136,-41,-11
1871,2.46,P,10,0,75,0,2,33,9,1,P,7,0,145,0,0,8,4,0,0,-3,0,70,0,-2,-25,-5,-1
1872,10.57,Z,55,12,443,0,16,68,188,2,Z,48,2,656,0,28,100,176,0,1,-7,-10,213,0,12,32,-12,-2
1873,6.16,P,47,0,456,0,20,118,45,6,Z,30,0,349,0,5,82,81,7,1,-17,0,-107,0,-15,-36,36,1
1874,8.54,Z,54,2,348,0,40,221,172,1,Z,59,0,347,0,39,171,176,6,1,5,-2,-1,0,-1,-50,4,5
1875,9.59,Z,52,0,649,0,0,167,165,0,P,67,0,884,0,0,226,118,1,1,15,0,235,0,0,59,-47,1
1876,7.11,Z,49,0,502,0,1,58,174,1,Z,38,0,454,0,32,70,126,1,0,-11,0,-48,0,31,12,-48,0
1877,5.18,Z,30,2,210,0,12,87,106,2,T,38,1,274,0,42,61,59,5,1,8,-1,64,0,30,-26,-47,3
1878,9.58,T,74,3,933,0,45,167,115,5,P,48,1,838,0,19,129,99,3,0,-26,-2,-95,0,-26,-38,-16,-2
1879,7.14,Z,40,1,223,0,30,195,124,0,Z,23,4,184,0,55,121,145,0,0,-17,3,-39,0,25,-74,21,0
1880,9.59,Z,62,0,711,0,2,90,172,0,P,25,0,547,0,0,51,29,0,0,-37,0,-164,0,-2,-39,-143,0
1881,9.59,Z,111,0,432,0,376,219,363,49,T,135,0,461,0,545,302,256,12,1,24,0,29,0,169,83,-107,-37
1882,10.14,Z,77,0,783,0,81,115,246,4,Z,72,4,714,0,177,306,249,1,1,-5,4,-69,0,96,191,3,-3
1883,8.15,P,76,2,492,0,165,254,99,7,Z,75,6,343,0,516,148,283,3,0,-1,4,-149,0,351,-106,184,-4
1884,4.44,Z,32,0,329,0,285,113,187,6,Z,39,0,276,0,255,238,163,12,0,7,0,-53,0,-30,125,-24,6
1885,10.4,T,125,0,643,0,286,443,346,14,P,84,5,760,0,548,369,107,11,1,-41,5,117,0,262,-74,-239,-3
1886,3.33,Z,15,0,103,0,0,48,53,0,T,16,0,136,0,17,35,19,3,1,1,0,33,0,17,-13,-34,3
1887,9.59,Z,57,5,370,0,118,155,267,1,P,61,7,519,0,646,230,104,7,1,4,2,149,0,528,75,-163,6
1888,9.59,Z,56,5,408,0,234,184,168,3,T,102,0,466,0,103,186,134,21,0,46,-5,58,0,-131,2,-34,18
1889,0.58,T,1,0,78,0,1,2,2,1,T,5,0,23,0,64,7,29,1,1,4,0,-55,0,63,5,27,0
1890,8.44,T,60,0,509,0,545,191,122,6,P,59,9,628,0,225,170,166,2,0,-1,9,119,0,-320,-21,44,-4
1891,6.44,P,41,0,648,0,11,116,41,4,T,50,1,516,0,5,106,57,2,1,9,1,-132,0,-6,-10,16,-2
1892,10.06,T,80,5,652,0,68,125,169,3,Z,68,7,581,0,47,176,226,0,1,-12,2,-71,0,-21,51,57,-3
1893,10.04,P,46,4,714,0,19,70,76,2,P,32,0,598,0,0,82,67,0,1,-14,-4,-116,0,-19,12,-9,-2
1894,2.23,P,7,2,105,0,0,25,7,0,Z,8,0,92,0,24,72,44,0,0,1,-2,-13,0,24,47,37,0
1895,9.59,Z,42,0,782,0,17,144,153,0,Z,47,5,633,0,17,157,173,1,0,5,5,-149,0,0,13,20,1
1896,4.47,Z,13,0,243,0,6,37,47,2,T,22,0,132,0,0,3,31,0,1,9,0,-111,0,-6,-34,-16,-2
1897,3.06,Z,13,0,25,0,17,40,89,9,Z,15,0,154,0,16,67,29,7,0,2,0,129,0,-1,27,-60,-2
1898,8.01,T,44,0,395,0,1,74,68,3,Z,38,0,142,0,0,70,164,0,1,-6,0,-253,0,-1,-4,96,-3
1899,9.14,T,48,7,420,0,21,274,38,1,T,57,3,544,0,98,301,102,4,0,9,-4,124,0,77,27,64,3
1900,5.55,T,32,2,279,0,5,122,50,0,Z,17,0,419,0,8,73,79,2,0,-15,-2,140,0,3,-49,29,2
1901,9.59,T,106,8,582,0,391,390,148,5,T,84,8,843,0,290,114,122,7,0,-22,0,261,0,-101,-276,-26,2
1902,2.59,Z,10,1,183,0,9,39,37,1,T,15,1,78,2,27,66,37,0,0,5,0,-105,2,18,27,0,-1
1903,9.57,T,73,0,770,0,9,264,111,5,Z,63,0,550,0,12,215,180,0,1,-10,0,-220,0,3,-49,69,-5
1904,4.19,Z,32,1,288,0,136,160,112,4,P,26,0,219,0,36,160,60,3,0,-6,-1,-69,0,-100,0,-52,-1
1905,5.53,Z,31,0,162,0,0,65,107,0,Z,32,0,498,3,93,159,179,0,0,1,0,336,3,93,94,72,0
1906,7.39,P,26,0,707,0,0,143,45,0,P,33,0,368,0,6,211,61,2,0,7,0,-339,0,6,68,16,2
1907,10.53,T,66,4,622,0,21,167,105,0,P,54,0,743,0,32,285,79,6,0,-12,-4,121,0,11,118,-26,6
1908,9.59,Z,47,0,527,0,544,521,337,7,Z,89,4,587,7,195,382,355,0,1,42,4,60,7,-349,-139,18,-7
1909,5.02,T,29,0,356,0,287,149,54,4,T,40,0,263,0,95,143,71,5,1,11,0,-93,0,-192,-6,17,1
1910,9.59,T,86,0,602,0,205,288,142,6,T,118,9,496,0,641,106,152,9,0,32,9,-106,0,436,-182,10,3
1911,9.59,Z,64,0,313,0,309,255,434,10,P,89,3,539,0,416,235,108,1,1,25,3,226,0,107,-20,-326,-9
1912,6.41,T,38,6,561,0,19,136,66,1,P,36,5,524,0,13,100,42,0,1,-2,-1,-37,0,-6,-36,-24,-1
1913,1.52,P,4,0,50,0,16,12,12,1,Z,5,1,8,0,0,5,21,0,1,1,1,-42,0,-16,-7,9,-1
1914,7.22,T,41,0,310,0,0,58,70,0,T,62,10,490,0,62,184,114,2,0,21,10,180,0,62,126,44,2
1915,5.5,Z,11,0,115,0,0,40,68,0,P,27,1,425,0,36,183,104,0,1,16,1,310,0,36,143,36,0
1916,9.59,T,84,10,359,0,616,158,155,6,T,84,0,773,0,331,234,164,12,1,0,-10,414,0,-285,76,9,6
1917,3.24,Z,20,1,124,0,38,65,55,4,Z,7,0,211,0,87,104,92,3,0,-13,-1,87,0,49,39,37,-1
1918,8.22,T,62,3,362,0,69,121,110,7,P,55,1,424,0,4,72,99,1,0,-7,-2,62,0,-65,-49,-11,-6
1919,9.43,P,42,0,582,6,17,223,54,0,T,81,1,456,0,98,227,119,12,0,39,1,-126,-6,81,4,65,12
1920,6.41,P,27,0,162,0,0,40,61,1,Z,33,2,394,0,12,204,112,0,1,6,2,232,0,12,164,51,-1
1921,0.59,P,0,0,21,0,0,1,3,0,P,4,1,25,0,2,4,4,0,0,4,1,4,0,2,3,1,0
1922,9.59,T,80,0,282,0,403,274,210,9,P,66,7,539,0,225,279,92,6,1,-14,7,257,0,-178,5,-118,-3
1923,7.16,Z,35,3,588,0,8,110,117,0,P,47,2,507,0,11,94,105,0,1,12,-1,-81,0,3,-16,-12,0
1924,3.57,Z,17,0,47,0,79,96,99,1,Z,19,1,150,0,36,48,81,3,1,2,1,103,0,-43,-48,-18,2
1925,6.55,T,50,4,341,0,40,111,62,4,Z,29,4,270,0,6,27,91,0,0,-21,0,-71,0,-34,-84,29,-4
1926,9.59,T,49,0,576,0,16,114,83,4,T,46,0,540,0,1,80,102,1,1,-3,0,-36,0,-15,-34,19,-3
1927,9.28,T,51,0,220,0,320,217,161,10,T,64,1,900,0,26,499,295,4,0,13,1,680,0,-294,282,134,-6
1928,3.31,Z,13,0,202,3,21,64,41,0,T,18,1,77,0,353,27,59,1,0,5,1,-125,-3,332,-37,18,1
1929,6.43,T,34,0,397,0,7,40,60,4,Z,22,0,627,0,0,39,91,0,1,-12,0,230,0,-7,-1,31,-4
1930,7.15,Z,57,0,398,0,178,171,338,3,T,63,0,423,0,88,127,139,9,1,6,0,25,0,-90,-44,-199,6
1931,7.13,P,59,0,504,0,337,327,184,13,Z,34,0,296,0,136,280,217,8,0,-25,0,-208,0,-201,-47,33,-5
1932,6.03,Z,36,0,172,0,225,135,192,8,Z,41,0,190,0,142,174,232,4,1,5,0,18,0,-83,39,40,-4
1933,5.37,T,67,3,291,0,280,106,110,17,P,43,2,297,0,262,168,67,9,0,-24,-1,6,0,-18,62,-43,-8
1934,9.58,Z,55,0,732,0,39,155,248,8,T,68,0,585,0,38,164,146,12,0,13,0,-147,0,-1,9,-102,4
1935,8,Z,37,9,171,0,66,102,246,0,P,57,0,421,0,220,168,127,9,1,20,-9,250,0,154,66,-119,9
1936,0.13,T,2,1,8,0,0,5,4,0,T,1,0,22,0,0,13,4,0,1,-1,-1,14,0,0,8,0,0
1937,10.31,P,49,0,672,0,84,214,85,7,Z,42,6,902,0,34,95,113,0,1,-7,6,230,0,-50,-119,28,-7
1938,8.49,T,105,9,487,0,409,204,164,5,Z,81,3,338,0,202,179,383,11,0,-24,-6,-149,0,-207,-25,219,6
1939,9.59,Z,71,15,312,0,92,86,199,5,T,44,0,472,0,0,70,93,0,0,-27,-15,160,0,-92,-16,-106,-5
1940,9.59,P,89,0,516,0,912,352,302,53,T,67,0,448,0,48,354,325,12,0,-22,0,-68,0,-864,2,23,-41
1941,2.51,Z,10,1,46,0,58,35,76,3,Z,11,0,91,0,79,33,79,3,1,1,-1,45,0,21,-2,3,0
1942,7.08,P,23,0,81,0,5,35,25,1,P,26,1,371,0,3,128,61,0,1,3,1,290,0,-2,93,36,-1
1943,10.49,Z,54,2,852,0,44,169,173,2,P,47,0,181,0,5,63,81,6,1,-7,-2,-671,0,-39,-106,-92,4
1944,7.5,Z,38,8,632,0,42,199,167,0,Z,51,6,272,0,161,197,240,2,1,13,-2,-360,0,119,-2,73,2
1945,3.47,T,3,0,28,0,1,6,8,1,P,17,0,71,0,0,58,30,3,1,14,0,43,0,-1,52,22,2
1946,2.58,Z,12,0,158,0,95,67,62,1,P,12,0,131,0,398,78,77,5,0,0,0,-27,0,303,11,15,4
1947,8.13,T,70,0,240,0,44,143,87,11,Z,69,0,306,0,788,182,295,9,1,-1,0,66,0,744,39,208,-2
1948,6.5,P,25,0,152,0,55,76,42,2,T,19,0,202,0,0,66,43,2,0,-6,0,50,0,-55,-10,1,0
1949,9.28,Z,53,6,535,0,55,144,186,0,T,91,4,395,0,139,314,159,9,1,38,-2,-140,0,84,170,-27,9
1950,8.44,Z,43,1,290,0,43,118,172,1,T,87,5,356,0,289,249,322,1,0,44,4,66,0,246,131,150,0
1951,5.48,Z,27,0,640,0,34,101,81,3,P,27,0,325,0,208,121,50,2,0,0,0,-315,0,174,20,-31,-1
1952,5.36,T,31,0,229,0,0,100,51,0,P,19,0,269,0,1,44,35,2,0,-12,0,40,0,1,-56,-16,2
1953,4.01,Z,15,1,139,0,16,33,52,5,P,21,1,116,0,78,139,29,3,1,6,0,-23,0,62,106,-23,-2
1954,8.32,T,57,0,515,0,302,249,56,4,T,37,0,446,0,26,98,121,8,1,-20,0,-69,0,-276,-151,65,4
1955,9.59,Z,31,0,592,0,5,193,82,2,T,28,0,838,0,0,95,74,0,0,-3,0,246,0,-5,-98,-8,-2
1956,7.01,Z,50,8,572,0,545,254,301,1,T,29,0,620,0,0,107,43,0,0,-21,-8,48,0,-545,-147,-258,-1
1957,6.28,T,54,0,379,0,63,191,79,6,Z,45,0,339,0,26,97,96,4,0,-9,0,-40,0,-37,-94,17,-2
1958,9.59,Z,37,0,755,2,18,353,192,3,Z,30,1,394,0,7,172,120,1,0,-7,1,-361,-2,-11,-181,-72,-2
1959,9.58,Z,46,0,638,0,0,116,176,1,P,38,9,100,0,25,109,64,0,1,-8,9,-538,0,25,-7,-112,-1
1960,9.08,Z,38,0,370,0,0,228,160,0,T,48,0,528,0,17,208,92,9,1,10,0,158,0,17,-20,-68,9
1961,2.33,Z,9,0,151,6,58,25,73,0,T,11,0,94,0,109,53,63,3,0,2,0,-57,-6,51,28,-10,3
1962,9.59,Z,62,0,681,0,68,268,197,5,T,115,6,1087,0,179,336,238,0,0,53,6,406,0,111,68,41,-5
1963,5.39,P,30,0,355,0,54,149,107,3,Z,28,5,156,0,328,81,143,10,0,-2,5,-199,0,274,-68,36,7
1964,9.59,T,90,3,334,0,44,257,134,4,T,77,0,836,0,825,236,106,9,0,-13,-3,502,0,781,-21,-28,5
1965,4.47,T,25,0,455,0,0,43,80,0,T,18,0,260,0,0,25,39,1,1,-7,0,-195,0,0,-18,-41,1
1966,9.59,T,57,0,430,0,21,155,131,3,T,67,2,609,0,50,234,155,3,0,10,2,179,0,29,79,24,0
1967,3.15,Z,14,2,118,0,105,41,151,0,T,11,2,167,0,108,67,23,1,0,-3,0,49,0,3,26,-128,1
1968,10.2,P,64,3,892,0,28,152,73,13,T,75,6,267,0,408,84,171,8,1,11,3,-625,0,380,-68,98,-5
1969,3.11,T,10,0,279,0,286,30,18,6,P,13,0,275,0,0,104,151,0,0,3,0,-4,0,-286,74,133,-6
1970,7.16,T,35,0,351,0,0,235,88,1,T,51,0,358,0,10,253,53,12,0,16,0,7,0,10,18,-35,11
1971,4.11,P,18,0,292,0,0,124,26,1,P,15,0,369,0,0,51,28,0,1,-3,0,77,0,0,-73,2,-1
1972,7.11,Z,43,2,291,19,327,343,220,4,Z,46,0,295,0,31,159,154,5,0,3,-2,4,-19,-296,-184,-66,1
1973,7.45,T,57,2,615,0,6,134,109,0,T,62,0,472,0,81,248,113,7,0,5,-2,-143,0,75,114,4,7
1974,10.41,T,80,3,885,0,44,140,93,3,P,45,0,685,0,10,255,177,4,1,-35,-3,-200,0,-34,115,84,1
1975,9.59,T,53,0,448,0,19,86,68,4,T,62,0,497,0,6,96,122,9,1,9,0,49,0,-13,10,54,5
1976,9.59,Z,45,9,273,0,83,56,174,1,T,88,6,278,0,112,69,65,0,0,43,-3,5,0,29,13,-109,-1
1977,9.59,T,86,0,940,0,59,102,84,9,P,58,5,441,0,78,173,99,7,1,-28,5,-499,0,19,71,15,-2
1978,4.12,Z,20,3,240,0,9,75,79,0,P,19,0,267,0,107,89,60,6,0,-1,-3,27,0,98,14,-19,6
1979,7.4,T,21,0,490,0,0,23,46,0,T,48,0,531,0,0,79,106,0,1,27,0,41,0,0,56,60,0
1980,4.12,T,21,4,240,0,39,71,71,0,Z,19,5,175,0,659,37,41,1,0,-2,1,-65,0,620,-34,-30,1
1981,7.4,T,91,7,453,0,692,237,149,17,P,64,6,366,0,356,257,94,7,0,-27,-1,-87,0,-336,20,-55,-10
1982,9.59,T,100,4,386,0,438,311,171,12,Z,62,0,456,0,31,288,312,8,1,-38,-4,70,0,-407,-23,141,-4
1983,10.42,T,78,7,541,0,19,300,107,1,T,106,7,446,0,224,451,112,15,0,28,0,-95,0,205,151,5,14
1984,5.41,Z,37,0,195,12,381,115,116,3,Z,36,5,238,2,296,111,104,1,1,-1,5,43,-10,-85,-4,-12,-2
1985,4.27,Z,23,5,99,0,19,255,64,0,Z,15,2,243,0,6,28,71,3,0,-8,-3,144,0,-13,-227,7,3
1986,4.21,Z,23,4,140,0,43,66,103,8,T,35,0,69,0,149,149,82,6,1,12,-4,-71,0,106,83,-21,-2
1987,6.15,P,16,3,243,0,308,121,99,6,P,32,5,510,0,67,110,99,10,1,16,2,267,0,-241,-11,0,4
1988,3.22,T,26,0,78,0,29,96,24,10,P,17,0,123,12,23,64,44,0,1,-9,0,45,12,-6,-32,20,-10
1989,3.22,Z,11,2,54,0,1,13,35,2,T,15,1,123,0,24,49,38,0,0,4,-1,69,0,23,36,3,-2
1990,10.43,Z,64,0,808,0,47,148,253,3,T,46,0,543,0,0,86,85,2,0,-18,0,-265,0,-47,-62,-168,-1
1991,9.59,P,53,0,562,0,12,304,134,5,T,65,8,590,0,32,165,112,5,0,12,8,28,0,20,-139,-22,0
1992,3.57,Z,14,3,148,0,203,98,98,1,P,14,2,181,0,2,75,22,0,0,0,-1,33,0,-201,-23,-76,-1
1993,7.3,Z,33,0,402,0,48,160,161,10,P,42,0,417,0,64,149,48,11,1,9,0,15,0,16,-11,-113,1
1994,7.42,T,52,1,668,0,91,157,88,5,Z,34,0,391,0,309,221,394,8,1,-18,-1,-277,0,218,64,306,3
1995,9.5,Z,46,0,584,0,105,181,210,9,Z,68,13,322,0,216,265,244,15,1,22,13,-262,0,111,84,34,6
1996,9.59,T,149,0,540,0,637,293,202,20,Z,169,11,512,0,1253,356,369,12,1,20,11,-28,0,616,63,167,-8
1997,9.58,P,83,0,476,0,1035,256,362,22,P,64,0,526,0,451,422,204,11,0,-19,0,50,0,-584,166,-158,-11
1998,10.23,T,99,1,903,0,24,257,147,7,Z,57,2,719,0,61,348,295,2,1,-42,1,-184,0,37,91,148,-5
1999,3.32,T,23,0,286,0,242,100,35,10,Z,14,0,137,0,9,55,179,5,1,-9,0,-149,0,-233,-45,144,-5
2000,10.32,Z,44,0,335,0,21,76,181,2,Z,87,3,710,0,86,253,330,4,1,43,3,375,0,65,177,149,2
2001,7.11,T,51,2,413,0,80,248,87,8,P,39,3,382,0,228,179,91,3,0,-12,1,-31,0,148,-69,4,-5
2002,4.42,P,18,0,249,0,1,67,47,1,Z,18,0,73,0,16,9,45,5,0,0,0,-176,0,15,-58,-2,4
2003,5.21,T,42,0,225,0,102,132,63,6,P,22,0,156,0,29,79,94,7,1,-20,0,-69,0,-73,-53,31,1
2004,9.59,P,75,2,685,0,298,269,115,11,Z,56,8,670,0,405,242,259,5,1,-19,6,-15,0,107,-27,144,-6
2005,5.27,T,28,0,243,0,0,25,49,1,T,33,0,299,0,7,66,48,3,0,5,0,56,0,7,41,-1,2
2006,10.02,Z,61,0,864,0,53,318,294,9,Z,86,9,391,0,412,277,429,11,0,25,9,-473,0,359,-41,135,2
2007,9.59,Z,52,3,343,0,271,225,353,5,P,50,1,995,0,8,83,74,1,0,-2,-2,652,0,-263,-142,-279,-4
2008,9.55,P,65,0,788,0,3,137,130,1,T,66,0,721,0,0,179,135,0,1,1,0,-67,0,-3,42,5,-1
2009,9.17,T,87,0,547,0,592,156,238,14,Z,62,1,588,0,73,246,142,4,0,-25,1,41,0,-519,90,-96,-10
2010,9.24,Z,48,3,419,0,37,70,142,0,T,38,0,220,0,0,67,76,0,0,-10,-3,-199,0,-37,-3,-66,0
2011,2.19,T,13,0,93,0,147,39,16,3,Z,13,0,100,0,100,58,50,4,0,0,0,7,0,-47,19,34,1
2012,6.34,P,14,0,99,0,0,10,13,0,T,31,0,445,0,1,114,69,2,1,17,0,346,0,1,104,56,2
2013,9.59,T,72,6,1081,0,105,229,110,6,T,70,0,671,0,64,165,143,14,1,-2,-6,-410,0,-41,-64,33,8
2014,8.11,T,80,0,540,0,115,173,146,3,P,54,0,557,0,69,115,121,7,0,-26,0,17,0,-46,-58,-25,4
2015,9.59,T,70,0,753,0,64,235,268,14,P,67,0,262,0,45,92,75,3,1,-3,0,-491,0,-19,-143,-193,-11
2016,5.24,T,27,0,309,0,380,129,86,7,T,42,3,121,0,30,114,32,2,0,15,3,-188,0,-350,-15,-54,-5
2017,5.23,T,23,0,447,0,1,65,48,1,T,24,0,356,0,0,118,43,0,1,1,0,-91,0,-1,53,-5,-1
2018,7.26,Z,56,2,438,0,491,136,306,2,P,65,0,401,0,162,206,156,7,1,9,-2,-37,0,-329,70,-150,5
2019,9.59,P,45,0,686,0,0,459,78,0,T,53,3,450,0,56,90,74,2,1,8,3,-236,0,56,-369,-4,2
2020,6.28,T,43,4,349,0,187,92,124,1,T,56,3,423,0,247,177,96,7,1,13,-1,74,0,60,85,-28,6
2021,9.31,T,87,0,550,0,0,205,149,0,P,58,0,496,0,403,112,154,27,1,-29,0,-54,0,403,-93,5,27
2022,10.07,T,72,1,856,0,12,190,189,10,T,57,0,680,0,0,193,91,1,1,-15,-1,-176,0,-12,3,-98,-9
2023,9.59,T,37,0,222,0,0,22,57,0,T,36,0,865,0,0,36,66,0,0,-1,0,643,0,0,14,9,0
2024,10.2,Z,61,0,1072,0,8,215,238,7,Z,77,1,427,0,9,222,260,1,1,16,1,-645,0,1,7,22,-6
2025,4.18,T,22,0,234,0,1,17,40,3,T,20,2,232,0,362,41,27,0,0,-2,2,-2,0,361,24,-13,-3
2026,10.45,T,50,0,618,0,2,121,98,4,T,78,5,812,0,59,60,80,0,1,28,5,194,0,57,-61,-18,-4
2027,2.46,P,14,1,186,0,48,129,16,0,Z,8,0,206,0,3,33,37,2,1,-6,-1,20,0,-45,-96,21,2
2028,9.59,Z,84,0,719,0,362,354,362,14,Z,74,0,604,0,163,304,316,10,0,-10,0,-115,0,-199,-50,-46,-4
2029,3.38,T,21,0,131,0,322,64,57,7,Z,10,0,233,4,28,90,62,0,0,-11,0,102,4,-294,26,5,-7
2030,9.58,P,48,7,324,0,24,110,65,2,Z,57,2,339,0,108,160,396,0,1,9,-5,15,0,84,50,331,-2
2031,9.59,P,39,0,558,0,14,106,60,9,T,50,0,543,0,1,129,79,3,0,11,0,-15,0,-13,23,19,-6
2032,9.59,T,64,5,343,0,96,87,127,5,T,62,12,472,9,227,229,282,3,1,-2,7,129,9,131,142,155,-2
2033,5.24,T,36,1,374,0,6,26,62,0,Z,22,0,273,0,33,30,110,3,0,-14,-1,-101,0,27,4,48,3
2034,5.12,P,27,1,395,0,5,81,31,2,Z,23,4,358,0,39,46,89,0,1,-4,3,-37,0,34,-35,58,-2
2035,9.59,T,75,6,604,1,46,213,86,0,Z,72,6,455,0,48,245,239,0,0,-3,0,-149,-1,2,32,153,0
2036,9.34,T,57,2,621,0,3,156,85,0,P,48,0,503,0,12,160,60,5,1,-9,-2,-118,0,9,4,-25,5
2037,7.27,P,55,3,450,0,68,312,82,4,T,65,0,198,0,221,153,131,13,0,10,-3,-252,0,153,-159,49,9
2038,6.04,T,53,0,343,0,38,78,63,5,P,27,1,138,0,1,132,90,0,0,-26,1,-205,0,-37,54,27,-5
2039,9.59,Z,48,2,792,5,738,216,222,15,P,77,0,772,0,27,243,88,2,1,29,-2,-20,-5,-711,27,-134,-13
2040,3.28,T,29,0,179,0,321,102,65,11,Z,15,1,190,0,72,120,60,11,1,-14,1,11,0,-249,18,-5,0
2041,7.22,Z,28,0,209,0,0,35,106,0,Z,33,0,168,0,34,126,238,4,1,5,0,-41,0,34,91,132,4
2042,7.46,T,70,3,387,0,548,205,85,8,Z,38,0,235,0,22,97,186,2,0,-32,-3,-152,0,-526,-108,101,-6
2043,6.25,Z,50,5,368,0,529,233,263,12,Z,57,0,224,0,344,201,164,1,0,7,-5,-144,0,-185,-32,-99,-11
2044,6.52,P,34,0,398,0,0,123,65,2,T,36,0,371,0,0,107,69,0,1,2,0,-27,0,0,-16,4,-2
2045,9.59,Z,55,5,556,0,232,228,233,3,P,70,4,268,0,15,276,138,6,0,15,-1,-288,0,-217,48,-95,3
2046,9,T,55,8,463,1,31,65,66,0,P,29,9,528,0,26,252,44,0,0,-26,1,65,-1,-5,187,-22,0
2047,10.55,P,65,0,853,0,46,256,73,10,Z,60,0,669,0,35,193,184,3,1,-5,0,-184,0,-11,-63,111,-7
2048,5.57,T,39,3,405,0,343,146,73,0,Z,37,4,405,0,59,141,91,0,1,-2,1,0,0,-284,-5,18,0
2049,9.5,Z,70,4,860,0,445,354,254,13,P,54,0,1017,0,3,134,123,7,1,-16,-4,157,0,-442,-220,-131,-6
2050,10.4,P,77,9,413,0,383,261,138,7,P,127,11,536,0,831,480,272,8,1,50,2,123,0,448,219,134,1
2051,10.44,T,84,5,603,0,47,306,263,1,P,76,5,490,0,413,330,78,9,1,-8,0,-113,0,366,24,-185,8
2052,9.59,P,60,0,338,0,15,87,65,7,T,68,3,622,0,48,91,112,7,0,8,3,284,0,33,4,47,0
2053,9.59,T,51,1,897,0,5,141,181,5,T,45,0,696,0,0,108,76,0,1,-6,-1,-201,0,-5,-33,-105,-5
2054,5.05,Z,32,11,295,0,555,199,217,19,P,40,1,224,0,369,119,41,10,1,8,-10,-71,0,-186,-80,-176,-9
2055,9.59,P,61,1,582,2,38,245,75,1,Z,80,0,237,0,127,207,275,4,1,19,-1,-345,-2,89,-38,200,3
2056,3.57,Z,19,0,122,0,27,90,72,5,P,18,1,207,0,200,116,94,0,0,-1,1,85,0,173,26,22,-5
2057,9.14,T,92,2,477,0,68,272,217,7,Z,81,0,467,0,100,268,345,4,0,-11,-2,-10,0,32,-4,128,-3
2058,6.36,T,35,0,410,0,100,55,120,10,P,33,2,315,0,215,287,50,6,1,-2,2,-95,0,115,232,-70,-4
2059,9.59,Z,56,1,543,0,35,168,179,3,T,97,7,489,0,718,222,129,3,0,41,6,-54,0,683,54,-50,0
2060,9.59,T,96,2,463,0,356,164,114,7,Z,56,3,743,0,66,149,175,7,1,-40,1,280,0,-290,-15,61,0
2061,5.3,P,38,0,151,0,42,100,125,4,Z,32,7,254,0,282,146,118,1,0,-6,7,103,0,240,46,-7,-3
2062,6.28,T,51,0,378,0,39,126,103,4,T,56,10,458,0,9,147,101,4,0,5,10,80,0,-30,21,-2,0
2063,10.04,T,35,0,810,0,6,229,94,12,P,25,0,331,0,1,85,37,4,0,-10,0,-479,0,-5,-144,-57,-8
2064,9.59,Z,59,2,759,0,149,263,198,5,P,69,10,485,0,35,124,80,8,1,10,8,-274,0,-114,-139,-118,3
2065,3.5,P,11,3,139,0,230,119,37,0,Z,14,1,153,0,9,10,58,0,0,3,-2,14,0,-221,-109,21,0
2066,9.59,T,54,0,696,0,73,304,152,12,T,113,5,323,0,169,236,124,0,1,59,5,-373,0,96,-68,-28,-12
2067,9.59,Z,48,0,881,0,57,110,166,11,P,58,0,684,0,89,122,70,2,0,10,0,-197,0,32,12,-96,-9
2068,7.45,Z,66,5,413,0,699,217,236,9,T,68,8,654,0,402,173,107,5,1,2,3,241,0,-297,-44,-129,-4
2069,4.02,Z,10,0,205,0,207,30,71,5,P,20,4,329,0,67,107,84,0,1,10,4,124,0,-140,77,13,-5
2070,4.44,P,25,2,254,0,143,62,120,1,Z,21,1,370,0,8,44,64,3,1,-4,-1,116,0,-135,-18,-56,2
2071,9.59,T,104,6,364,1,748,328,146,7,T,83,0,918,0,47,314,222,9,0,-21,-6,554,-1,-701,-14,76,2
2072,4.09,Z,22,0,97,0,0,31,90,0,Z,18,0,398,0,19,50,43,5,0,-4,0,301,0,19,19,-47,5
2073,5.46,P,25,2,459,0,11,82,24,0,P,28,6,208,0,170,142,37,1,1,3,4,-251,0,159,60,13,1
2074,4.39,T,22,1,356,0,8,35,41,3,Z,18,1,252,0,283,104,212,3,0,-4,0,-104,0,275,69,171,0
2075,9.59,P,89,1,639,0,53,261,110,7,Z,75,0,554,0,403,149,173,7,1,-14,-1,-85,0,350,-112,63,0
2076,9.55,T,102,7,380,0,186,230,147,8,T,97,0,473,0,756,220,196,20,1,-5,-7,93,0,570,-10,49,12
2077,2.12,Z,8,0,172,0,4,27,30,0,T,9,0,52,0,9,57,52,0,1,1,0,-120,0,5,30,22,0
2078,3.48,P,14,0,258,0,0,49,23,1,Z,13,0,135,0,21,44,46,1,1,-1,0,-123,0,21,-5,23,0
2079,8.05,Z,58,4,318,0,8,274,187,3,P,42,5,405,0,45,137,98,3,0,-16,1,87,0,37,-137,-89,0
2080,9.16,T,110,2,385,0,669,267,212,8,Z,73,4,466,0,817,294,297,4,0,-37,2,81,0,148,27,85,-4
2081,9.56,T,79,0,859,0,65,164,96,2,Z,63,0,294,0,148,379,287,7,0,-16,0,-565,0,83,215,191,5
2082,9.17,Z,88,10,509,0,981,318,246,8,T,114,0,641,0,786,276,128,8,0,26,-10,132,0,-195,-42,-118,0
2083,4.22,T,22,0,245,0,0,37,30,1,T,21,0,209,0,18,40,21,2,1,-1,0,-36,0,18,3,-9,1
2084,6.05,P,34,0,285,0,177,165,83,3,T,57,1,326,0,472,115,235,6,1,23,1,41,0,295,-50,152,3
2085,9.56,Z,82,0,378,0,135,210,291,9,Z,74,0,308,0,108,261,235,5,1,-8,0,-70,0,-27,51,-56,-4
2086,9.59,Z,60,1,465,0,10,117,211,0,T,78,5,795,0,47,103,121,3,0,18,4,330,0,37,-14,-90,3
2087,8.22,P,56,0,537,0,83,340,101,5,P,26,2,663,0,15,65,68,0,0,-30,2,126,0,-68,-275,-33,-5
2088,9.56,P,44,0,299,0,9,41,52,4,Z,51,8,589,0,63,144,180,5,0,7,8,290,0,54,103,128,1
2089,7.45,Z,32,0,350,0,0,152,157,2,T,45,0,655,0,0,97,185,0,1,13,0,305,0,0,-55,28,-2
2090,10.45,Z,63,0,374,0,19,249,319,3,P,74,0,324,0,46,264,63,11,1,11,0,-50,0,27,15,-256,8
2091,9.58,Z,43,0,450,0,9,27,136,1,T,50,0,423,0,0,52,142,0,1,7,0,-27,0,-9,25,6,-1
2092,9.59,Z,64,0,438,0,48,198,182,1,P,66,5,520,0,78,348,77,8,0,2,5,82,0,30,150,-105,7
2093,3.31,T,11,1,269,0,0,20,85,0,T,18,0,166,0,8,94,44,1,1,7,-1,-103,0,8,74,-41,1
2094,6.12,P,22,0,354,0,0,24,40,0,T,33,4,237,0,1,68,66,0,1,11,4,-117,0,1,44,26,0
2095,8.39,Z,43,5,568,0,14,190,193,0,P,53,3,483,1,23,152,66,5,0,10,-2,-85,1,9,-38,-127,5
2096,9.54,P,82,4,424,0,165,216,137,4,T,96,4,728,0,76,185,111,2,1,14,0,304,0,-89,-31,-26,-2
2097,8.27,T,68,5,288,0,73,138,97,0,T,59,6,714,0,305,157,168,0,1,-9,1,426,0,232,19,71,0
2098,7.21,Z,42,2,283,0,57,198,197,0,Z,46,8,286,3,84,237,144,2,1,4,6,3,3,27,39,-53,2
2099,10.02,P,62,0,754,0,73,239,138,5,T,82,0,569,0,512,177,179,21,1,20,0,-185,0,439,-62,41,16
2100,7.08,T,30,5,963,0,52,45,60,0,T,29,0,204,0,2,24,59,3,0,-1,-5,-759,0,-50,-21,-1,3
2101,9.03,T,104,1,791,0,130,119,138,7,P,57,0,741,0,10,184,101,3,0,-47,-1,-50,0,-120,65,-37,-4
2102,7.58,T,56,0,516,0,28,225,128,12,P,39,1,602,0,3,143,147,5,0,-17,1,86,0,-25,-82,19,-7
2103,9.58,T,91,4,455,0,210,185,128,13,T,75,0,414,8,46,85,141,0,0,-16,-4,-41,8,-164,-100,13,-13
2104,5.2,Z,21,0,92,0,22,95,76,2,Z,27,2,481,0,22,169,70,2,1,6,2,389,0,0,74,-6,0
2105,9.15,P,67,0,463,0,821,297,146,10,T,95,8,550,0,608,282,254,2,1,28,8,87,0,-213,-15,108,-8
2106,9.59,Z,59,0,387,0,19,272,192,2,T,96,0,351,0,55,356,205,11,0,37,0,-36,0,36,84,13,9
2107,7.09,T,33,3,198,0,2,43,83,4,P,9,0,76,0,0,26,10,1,0,-24,-3,-122,0,-2,-17,-73,-3
2108,6.14,Z,32,0,458,0,20,143,132,2,Z,21,1,457,0,4,127,70,0,0,-11,1,-1,0,-16,-16,-62,-2
2109,9.36,T,68,0,552,0,3,39,83,3,Z,38,3,526,0,37,88,204,2,1,-30,3,-26,0,34,49,121,-1
2110,5.48,Z,34,0,235,0,146,196,214,1,T,40,0,144,0,22,179,75,3,0,6,0,-91,0,-124,-17,-139,2
2111,7.57,P,47,5,463,0,15,118,59,4,T,49,0,647,0,44,212,161,20,0,2,-5,184,0,29,94,102,16
2112,10.56,P,71,0,570,0,44,237,108,5,P,57,9,739,0,57,179,70,3,0,-14,9,169,0,13,-58,-38,-2
2113,3.01,T,18,1,50,0,249,39,63,4,T,17,0,94,0,255,70,101,6,0,-1,-1,44,0,6,31,38,2
2114,6.39,P,52,0,182,0,409,189,306,11,P,41,2,255,0,36,170,72,0,0,-11,2,73,0,-373,-19,-234,-11
2115,9.09,Z,57,7,375,0,65,153,187,0,Z,67,6,363,0,28,261,207,6,0,10,-1,-12,0,-37,108,20,6
2116,6.29,P,31,0,535,0,33,126,51,6,P,41,3,347,0,63,139,91,3,1,10,3,-188,0,30,13,40,-3
2117,9.59,T,92,7,648,0,548,210,182,3,T,81,12,618,0,59,261,162,3,1,-11,5,-30,0,-489,51,-20,0
2118,9.58,Z,90,0,465,0,82,92,192,5,T,94,5,588,0,91,358,194,8,0,4,5,123,0,9,266,2,3
2119,6.53,T,42,0,407,0,19,168,76,4,T,49,5,672,0,42,72,75,0,0,7,5,265,0,23,-96,-1,-4
2120,6.23,T,40,1,238,0,28,113,59,7,Z,30,5,208,0,44,71,91,0,0,-10,4,-30,0,16,-42,32,-7
2121,9.58,T,40,0,545,0,1,47,53,0,T,53,0,585,0,31,51,70,3,1,13,0,40,0,30,4,17,3
2122,9.59,P,65,0,494,0,39,214,104,5,T,77,0,580,0,33,176,221,7,1,12,0,86,0,-6,-38,117,2
2123,3.58,T,17,2,248,0,10,108,34,1,Z,18,3,131,0,218,27,142,2,0,1,1,-117,0,208,-81,108,1
2124,3.35,Z,16,6,24,0,94,49,120,0,Z,15,0,71,0,2,28,62,1,1,-1,-6,47,0,-92,-21,-58,1
2125,8.54,T,62,4,768,0,10,82,82,0,P,35,0,690,0,4,70,79,3,0,-27,-4,-78,0,-6,-12,-3,3
2126,9.59,Z,96,6,656,0,511,320,231,0,P,86,5,416,0,146,333,105,10,1,-10,-1,-240,0,-365,13,-126,10
2127,7.17,P,32,3,527,0,4,79,65,0,Z,42,1,310,0,53,125,133,1,1,10,-2,-217,0,49,46,68,1
2128,9.58,T,74,0,675,0,16,163,121,3,Z,51,0,372,0,42,123,229,4,0,-23,0,-303,0,26,-40,108,1
2129,5.4,P,26,0,64,0,1,132,82,0,T,34,1,228,0,52,201,55,7,0,8,1,164,0,51,69,-27,7
2130,7.25,P,28,2,398,0,1,127,50,0,T,42,0,272,0,239,171,68,5,1,14,-2,-126,0,238,44,18,5
2131,9.59,P,61,0,438,13,124,143,130,2,T,68,3,735,0,627,166,80,4,0,7,3,297,-13,503,23,-50,2
2132,3.35,Z,12,0,136,0,115,57,119,5,Z,16,0,83,0,232,66,148,5,0,4,0,-53,0,117,9,29,0
2133,9.59,Z,77,0,479,0,866,165,272,13,P,86,0,390,0,365,166,156,14,1,9,0,-89,0,-501,1,-116,1
2134,5.19,T,41,0,320,0,195,142,72,13,T,49,2,250,0,64,120,73,8,1,8,2,-70,0,-131,-22,1,-5
2135,8.37,P,34,0,337,0,5,193,107,1,T,52,1,270,0,1078,257,339,13,1,18,1,-67,0,1073,64,232,12
2136,9.59,T,125,4,527,2,631,402,206,14,T,117,2,670,0,96,365,293,10,1,-8,-2,143,-2,-535,-37,87,-4
2137,5.43,P,45,1,218,0,269,172,82,9,Z,59,4,292,0,212,164,171,3,1,14,3,74,0,-57,-8,89,-6
2138,8.51,P,56,0,451,0,262,261,215,5,T,88,3,454,0,67,226,150,2,0,32,3,3,0,-195,-35,-65,-3
2139,8.41,T,56,3,310,0,21,111,95,2,Z,70,0,249,0,60,123,208,3,0,14,-3,-61,0,39,12,113,1
2140,9.59,Z,118,6,536,7,713,395,338,35,T,135,0,586,0,737,309,229,30,1,17,-6,50,-7,24,-86,-109,-5
2141,8.4,P,30,0,643,0,9,81,64,2,T,43,0,531,0,0,68,72,3,1,13,0,-112,0,-9,-13,8,1
2142,10.38,Z,97,0,1144,0,71,163,232,3,T,139,0,663,0,623,369,202,14,1,42,0,-481,0,552,206,-30,11
2143,9.59,Z,82,12,475,3,399,187,311,8,Z,52,4,357,0,73,210,315,7,0,-30,-8,-118,-3,-326,23,4,-1
2144,9.59,T,98,0,631,0,243,276,158,14,Z,99,0,742,0,250,433,339,17,1,1,0,111,0,7,157,181,3
2145,7.45,Z,54,0,259,0,174,208,258,2,P,71,0,505,0,408,199,91,24,1,17,0,246,0,234,-9,-167,22
2146,8.56,Z,74,9,488,0,140,199,277,5,Z,52,1,368,0,142,113,193,3,0,-22,-8,-120,0,2,-86,-84,-2
2147,9.59,T,91,0,636,0,69,311,166,11,T,84,0,794,0,73,279,159,16,1,-7,0,158,0,4,-32,-7,5
2148,10.14,Z,61,0,542,0,0,50,172,1,P,64,2,770,0,57,239,61,9,1,3,2,228,0,57,189,-111,8
2149,9.59,P,62,0,568,0,67,144,252,10,T,76,0,820,0,7,118,156,4,1,14,0,252,0,-60,-26,-96,-6
2150,8.03,T,90,4,486,0,154,236,162,9,P,66,0,432,0,252,199,142,7,0,-24,-4,-54,0,98,-37,-20,-2
2151,4.12,P,31,2,358,2,61,76,33,3,P,25,2,216,0,48,92,38,0,0,-6,0,-142,-2,-13,16,5,-3
2152,3.54,Z,16,2,109,4,137,46,60,1,Z,16,0,197,0,231,64,58,5,0,0,-2,88,-4,94,18,-2,4
2153,9.59,T,109,7,383,121,483,301,567,1,Z,79,9,507,0,574,219,313,3,1,-30,2,124,-121,91,-82,-254,2
2154,9.59,Z,72,2,554,0,44,109,198,6,T,87,0,591,0,58,161,115,10,0,15,-2,37,0,14,52,-83,4
2155,8.5,T,76,1,688,0,448,159,127,6,T,49,2,459,0,227,206,89,3,0,-27,1,-229,0,-221,47,-38,-3
2156,7.09,P,22,0,195,0,4,245,36,1,P,31,0,321,0,2,132,102,2,0,9,0,126,0,-2,-113,66,1
2157,10.21,T,112,7,594,0,97,380,216,4,P,84,0,684,0,159,386,155,20,1,-28,-7,90,0,62,6,-61,16
2158,8.14,Z,39,3,340,0,24,50,110,0,T,38,0,272,0,0,25,45,0,1,-1,-3,-68,0,-24,-25,-65,0
2159,0.4,P,4,0,18,0,0,24,12,1,Z,3,3,21,0,56,14,6,0,0,-1,3,3,0,56,-10,-6,-1
2160,9.59,T,79,2,831,0,58,141,89,4,Z,57,11,264,0,87,176,186,1,1,-22,9,-567,0,29,35,97,-3
2161,9.48,T,47,3,778,0,32,81,67,10,T,81,9,510,0,16,311,126,3,1,34,6,-268,0,-16,230,59,-7
2162,3.4,T,18,0,243,0,31,39,42,3,T,21,1,160,0,5,35,47,1,1,3,1,-83,0,-26,-4,5,-2
2163,9.55,Z,51,1,787,0,34,60,131,2,T,93,12,590,0,272,253,256,5,1,42,11,-197,0,238,193,125,3
2164,9.59,Z,70,5,372,3,37,188,277,8,T,98,3,407,0,343,242,151,13,1,28,-2,35,-3,306,54,-126,5
2165,9.58,T,72,0,550,0,115,223,149,5,T,79,2,336,0,479,369,117,4,0,7,2,-214,0,364,146,-32,-1
2166,9.59,T,58,0,1021,0,183,74,79,5,T,62,0,869,0,0,31,102,0,0,4,0,-152,0,-183,-43,23,-5
2167,9.59,P,73,0,848,0,2,215,158,1,Z,62,0,447,0,68,135,178,3,0,-11,0,-401,0,66,-80,20,2
2168,9.59,P,42,0,340,23,91,130,109,3,T,68,1,421,0,171,260,123,4,0,26,1,81,-23,80,130,14,1
2169,6.49,P,36,3,189,0,23,103,32,3,P,38,4,410,0,13,76,46,0,1,2,1,221,0,-10,-27,14,-3
2170,9.58,Z,34,0,527,0,22,56,109,1,T,64,0,314,0,64,358,249,4,1,30,0,-213,0,42,302,140,3
2171,10.16,Z,80,0,266,0,729,171,234,19,P,56,3,1037,0,13,160,78,0,1,-24,3,771,0,-716,-11,-156,-19
2172,9.59,T,73,1,318,0,352,81,99,1,P,48,3,587,3,162,125,54,0,0,-25,2,269,3,-190,44,-45,-1
2173,9.28,Z,54,2,978,0,7,123,169,0,T,37,0,623,0,1,63,63,1,0,-17,-2,-355,0,-6,-60,-106,1
2174,9.59,T,64,0,787,0,54,178,101,8,Z,92,0,499,0,86,309,475,5,1,28,0,-288,0,32,131,374,-3
2175,9.59,Z,58,0,1144,0,36,81,182,1,Z,62,0,693,0,218,216,450,3,1,4,0,-451,0,182,135,268,2
2176,2.02,Z,8,1,58,0,6,9,19,0,Z,5,1,29,0,6,16,24,2,0,-3,0,-29,0,0,7,5,2
2177,1.28,P,3,0,69,0,1,28,35,3,Z,5,0,25,0,8,41,64,2,0,2,0,-44,0,7,13,29,-1
2178,9.58,T,165,0,405,0,597,281,271,15,Z,87,3,737,0,109,219,236,10,1,-78,3,332,0,-488,-62,-35,-5
2179,4.13,P,16,0,116,0,0,53,22,0,T,21,0,197,0,0,22,24,0,0,5,0,81,0,0,-31,2,0
2180,5.56,Z,30,2,425,0,77,99,123,0,Z,43,0,256,0,53,136,143,3,0,13,-2,-169,0,-24,37,20,3
2181,6.35,P,29,0,223,0,34,85,68,3,P,40,0,181,0,45,138,110,0,0,11,0,-42,0,11,53,42,-3
2182,9.03,T,80,3,260,0,160,156,227,5,T,76,0,561,0,284,223,246,11,1,-4,-3,301,0,124,67,19,6
2183,6.38,T,42,0,480,0,6,177,86,9,T,14,0,811,0,0,339,36,0,0,-28,0,331,0,-6,162,-50,-9
2184,10.35,P,39,0,379,0,0,268,99,0,P,46,5,605,0,107,213,177,2,1,7,5,226,0,107,-55,78,2
2185,8.52,Z,74,0,360,0,72,227,329,12,T,95,0,436,0,206,214,89,9,1,21,0,76,0,134,-13,-240,-3
2186,8.01,T,56,0,369,0,52,114,92,8,Z,64,0,357,0,151,162,168,8,0,8,0,-12,0,99,48,76,0
2187,6.3,P,24,0,332,0,0,40,47,0,T,36,0,416,0,27,32,38,3,1,12,0,84,0,27,-8,-9,3
2188,5.27,P,24,0,265,0,202,166,85,4,P,24,0,121,0,33,128,46,3,1,0,0,-144,0,-169,-38,-39,-1
2189,9.56,T,71,2,412,0,96,346,119,7,Z,77,5,641,0,377,196,289,5,0,6,3,229,0,281,-150,170,-2
2190,5.09,T,33,0,225,0,0,41,50,2,P,9,0,79,0,8,29,10,5,1,-24,0,-146,0,8,-12,-40,3
2191,0,T,0,0,1,0,0,0,0,0,T,6,0,54,0,41,19,20,3,1,6,0,53,0,41,19,20,3
2192,9.59,P,68,7,601,0,395,366,145,7,Z,105,8,408,0,61,178,253,6,1,37,1,-193,0,-334,-188,108,-1
2193,9.59,Z,72,14,448,2,343,443,281,1,T,132,9,535,0,573,206,284,9,1,60,-5,87,-2,230,-237,3,8
2194,5.04,T,12,1,228,0,8,33,38,0,Z,17,0,55,0,5,14,70,1,1,5,-1,-173,0,-3,-19,32,1
2195,9.58,T,46,0,818,0,23,188,79,5,T,43,0,672,0,0,49,76,0,1,-3,0,-146,0,-23,-139,-3,-5
2196,5.59,P,25,0,293,0,335,111,57,3,T,13,0,88,0,0,3,22,0,0,-12,0,-205,0,-335,-108,-35,-3
2197,8.31,T,67,3,667,0,8,253,208,0,Z,51,0,257,0,45,82,221,1,1,-16,-3,-410,0,37,-171,13,1
2198,10.33,Z,66,0,774,0,88,370,205,13,Z,65,0,704,0,128,224,323,21,1,-1,0,-70,0,40,-146,118,8
2199,9.59,T,47,0,357,0,7,105,92,0,P,53,1,407,0,26,132,61,6,0,6,1,50,0,19,27,-31,6
2200,9.58,P,44,0,305,0,0,104,69,0,T,48,0,764,0,7,100,84,2,1,4,0,459,0,7,-4,15,2
2201,5.5,P,48,0,331,0,340,198,74,14,T,26,0,225,0,28,70,36,5,0,-22,0,-106,0,-312,-128,-38,-9
2202,9.56,Z,50,0,459,0,73,319,283,4,T,83,2,1243,0,40,271,177,0,1,33,2,784,0,-33,-48,-106,-4
2203,1.54,Z,8,2,176,0,193,43,24,0,P,7,4,104,0,112,41,16,5,0,-1,2,-72,0,-81,-2,-8,5
2204,3.22,Z,19,0,68,0,10,93,49,4,T,13,0,208,0,4,17,12,2,0,-6,0,140,0,-6,-76,-37,-2
2205,4.27,T,10,0,62,0,0,10,24,0,P,17,0,294,5,20,31,25,0,1,7,0,232,5,20,21,1,0
2206,4.32,T,25,3,326,0,31,102,54,2,P,19,2,308,0,1,56,25,0,0,-6,-1,-18,0,-30,-46,-29,-2
2207,9.42,Z,52,3,831,0,44,99,117,3,Z,58,0,460,0,28,171,195,4,1,6,-3,-371,0,-16,72,78,1
2208,9.59,Z,57,2,293,0,70,79,202,0,T,71,2,601,0,47,147,116,5,0,14,0,308,0,-23,68,-86,5
2209,5.35,Z,44,0,363,0,60,138,258,6,Z,48,0,382,0,373,228,254,10,1,4,0,19,0,313,90,-4,4
2210,3.46,Z,26,0,216,0,19,92,142,2,P,17,0,244,0,116,67,14,8,0,-9,0,28,0,97,-25,-128,6
2211,8.06,P,49,0,375,0,327,210,179,3,T,64,0,743,0,56,159,72,4,1,15,0,368,0,-271,-51,-107,1
2212,5.13,Z,25,2,272,0,178,132,201,6,P,35,1,197,0,317,134,68,6,1,10,-1,-75,0,139,2,-133,0
2213,8.26,Z,44,0,273,6,44,52,129,0,P,39,0,629,0,4,207,76,2,1,-5,0,356,-6,-40,155,-53,2
2214,5.57,Z,37,0,253,0,35,133,192,10,P,42,0,394,0,3,121,56,1,0,5,0,141,0,-32,-12,-136,-9
2215,9.59,P,72,0,538,0,8,160,80,6,T,83,0,732,0,48,219,144,6,1,11,0,194,0,40,59,64,0
2216,10.11,T,71,3,570,0,278,221,116,0,T,87,0,423,0,42,247,127,8,0,16,-3,-147,0,-236,26,11,8
2217,6.59,T,54,6,1131,0,27,77,64,0,P,41,0,295,0,40,192,176,10,0,-13,-6,-836,0,13,115,112,10
2218,4.01,T,22,0,182,0,411,137,30,2,P,22,1,315,0,248,78,76,4,1,0,1,133,0,-163,-59,46,2
2219,3.34,Z,13,0,183,0,0,20,54,0,P,14,0,139,0,11,72,30,3,0,1,0,-44,0,11,52,-24,3
2220,10.32,T,72,0,553,0,16,313,153,6,T,44,0,662,0,0,162,86,0,0,-28,0,109,0,-16,-151,-67,-6
2221,9.16,T,98,0,641,0,614,425,120,11,Z,79,9,470,0,1007,350,238,9,1,-19,9,-171,0,393,-75,118,-2
2222,8.33,P,59,9,826,0,28,225,127,0,Z,80,5,472,0,360,380,266,11,1,21,-4,-354,0,332,155,139,11
2223,9.58,T,41,0,716,0,0,36,72,0,P,48,0,701,0,0,75,63,1,1,7,0,-15,0,0,39,-9,1
2224,8.11,P,36,0,463,0,4,107,69,2,Z,32,3,495,0,25,136,103,0,0,-4,3,32,0,21,29,34,-2
2225,8.5,Z,65,1,358,0,67,236,215,1,T,119,3,504,0,282,269,166,5,0,54,2,146,0,215,33,-49,4
2226,9.54,T,46,2,675,0,27,193,145,6,Z,59,0,552,0,73,113,154,3,1,13,-2,-123,0,46,-80,9,-3
2227,8.42,P,55,0,373,0,432,316,214,17,Z,69,6,309,0,227,163,312,17,1,14,6,-64,0,-205,-153,98,0
2228,3.47,T,25,3,325,0,67,109,57,1,T,17,0,172,0,98,92,70,5,0,-8,-3,-153,0,31,-17,13,4
2229,9.59,T,116,2,589,0,371,230,222,16,P,80,3,651,0,28,255,86,0,0,-36,1,62,0,-343,25,-136,-16
2230,7.03,T,57,2,280,0,809,218,104,5,P,57,4,153,0,180,314,284,4,1,0,2,-127,0,-629,96,180,-1
2231,3.08,P,4,2,190,0,1,42,3,0,Z,10,0,291,0,0,20,44,0,1,6,-2,101,0,-1,-22,41,0
2232,4.37,P,30,3,183,0,120,153,84,4,P,27,0,336,0,123,134,47,7,1,-3,-3,153,0,3,-19,-37,3
2233,4.31,P,19,0,197,0,0,51,41,2,P,19,3,145,0,298,152,61,2,1,0,3,-52,0,298,101,20,0
2234,3.48,Z,18,0,183,0,385,79,204,6,T,40,1,172,0,311,77,120,1,0,22,1,-11,0,-74,-2,-84,-5
2235,9.58,T,41,3,578,0,21,61,75,1,T,34,0,354,0,5,105,66,2,0,-7,-3,-224,0,-16,44,-9,1
2236,9.58,Z,39,0,1115,0,39,107,123,6,P,75,4,511,0,181,383,75,8,1,36,4,-604,0,142,276,-48,2
2237,9.58,P,59,1,367,0,0,173,69,0,P,58,2,616,0,60,250,62,8,1,-1,1,249,0,60,77,-7,8
2238,7.07,Z,39,0,307,0,229,162,205,8,T,43,0,168,0,15,164,173,13,0,4,0,-139,0,-214,2,-32,5
2239,9.07,P,35,0,455,0,24,125,42,10,P,28,0,383,0,0,51,39,0,1,-7,0,-72,0,-24,-74,-3,-10
2240,9.59,T,105,0,563,0,126,327,202,6,Z,53,1,461,0,17,131,226,2,0,-52,1,-102,0,-109,-196,24,-4
2241,4.38,P,19,0,227,0,0,45,25,1,T,25,0,306,0,67,76,37,6,0,6,0,79,0,67,31,12,5
2242,3.15,T,14,2,306,0,10,31,23,0,P,11,0,51,0,31,57,100,1,1,-3,-2,-255,0,21,26,77,1
2243,9.11,P,75,8,458,0,251,193,216,6,T,86,0,756,0,197,191,104,10,0,11,-8,298,0,-54,-2,-112,4
2244,9.26,T,51,2,473,0,33,208,53,5,P,39,0,750,0,3,48,56,1,1,-12,-2,277,0,-30,-160,3,-4
2245,5.07,T,27,1,255,0,1,37,40,0,P,22,0,86,0,0,29,29,1,1,-5,-1,-169,0,-1,-8,-11,1
2246,10.43,P,75,0,643,0,86,365,143,12,T,87,0,421,0,57,174,93,8,1,12,0,-222,0,-29,-191,-50,-4
2247,9.59,Z,58,3,615,0,106,118,227,5,T,50,4,961,0,12,162,91,0,1,-8,1,346,0,-94,44,-136,-5
2248,7.12,Z,23,0,239,0,27,61,99,2,P,28,0,176,0,8,113,24,3,1,5,0,-63,0,-19,52,-75,1
2249,9.59,T,54,8,973,0,15,97,103,6,P,43,4,616,0,7,228,68,0,1,-11,-4,-357,0,-8,131,-35,-6
2250,10.14,Z,64,0,679,0,2,231,254,1,P,59,1,647,0,51,240,90,4,1,-5,1,-32,0,49,9,-164,3
2251,9.59,T,89,0,457,0,236,324,129,9,T,86,2,499,0,282,200,153,6,0,-3,2,42,0,46,-124,24,-3
2252,10.52,P,66,0,444,0,43,199,146,1,Z,65,6,494,0,60,132,149,3,1,-1,6,50,0,17,-67,3,2
2253,5.4,T,63,5,284,0,46,175,58,6,T,53,1,282,0,315,232,101,12,1,-10,-4,-2,0,269,57,43,6
2254,3.11,P,17,0,99,0,362,131,129,2,P,17,0,91,0,11,78,54,4,1,0,0,-8,0,-351,-53,-75,2
2255,6.03,Z,30,0,340,10,63,176,138,1,Z,44,7,234,0,212,202,212,7,1,14,7,-106,-10,149,26,74,6
2256,9.59,P,67,0,661,0,121,434,231,6,T,45,0,655,0,0,144,129,0,0,-22,0,-6,0,-121,-290,-102,-6
2257,9.59,Z,56,2,606,0,55,220,211,0,T,109,4,475,0,122,387,165,6,0,53,2,-131,0,67,167,-46,6
2258,6.47,Z,33,0,642,0,32,80,84,3,T,32,0,331,0,23,114,68,3,0,-1,0,-311,0,-9,34,-16,0
2259,7.57,P,35,4,634,0,10,271,73,2,P,82,7,394,0,169,336,103,0,1,47,3,-240,0,159,65,30,-2
2260,8.5,T,43,0,267,0,16,37,70,7,Z,39,0,510,0,0,76,144,0,1,-4,0,243,0,-16,39,74,-7
2261,9.59,T,64,0,293,0,246,439,137,8,P,73,2,492,0,36,335,164,4,1,9,2,199,0,-210,-104,27,-4
2262,3,P,16,1,130,0,139,84,123,0,T,15,0,163,0,44,109,23,3,1,-1,-1,33,0,-95,25,-100,3
2263,10.19,P,85,0,708,0,596,216,84,8,Z,90,2,449,0,237,171,451,7,0,5,2,-259,0,-359,-45,367,-1
2264,5.17,P,29,0,126,0,10,91,47,2,T,42,2,289,0,557,102,102,4,1,13,2,163,0,547,11,55,2
2265,4.01,Z,14,2,224,0,21,46,45,0,Z,12,1,329,0,35,49,55,0,0,-2,-1,105,0,14,3,10,0
2266,5.38,Z,24,0,146,0,4,60,148,3,P,19,0,360,0,0,83,38,0,0,-5,0,214,0,-4,23,-110,-3
2267,7.52,Z,42,1,522,0,5,199,156,1,P,36,0,395,0,324,115,45,6,0,-6,-1,-127,0,319,-84,-111,5
2268,9.53,T,44,0,508,0,0,20,68,0,T,39,0,736,0,0,80,91,1,0,-5,0,228,0,0,60,23,1
2269,9.59,T,112,2,594,0,896,288,146,20,P,132,5,593,2,123,384,139,15,1,20,3,-1,2,-773,96,-7,-5
2270,9.58,Z,84,0,801,0,113,209,223,6,T,91,0,343,0,88,141,118,12,0,7,0,-458,0,-25,-68,-105,6
2271,4.28,T,28,1,240,0,34,113,72,7,T,37,0,230,0,125,127,26,7,1,9,-1,-10,0,91,14,-46,0
2272,8.21,T,77,0,502,0,622,276,83,9,T,74,0,451,0,817,240,174,9,0,-3,0,-51,0,195,-36,91,0
2273,9.59,T,131,9,637,0,169,284,145,3,T,131,0,477,0,285,282,176,15,0,0,-9,-160,0,116,-2,31,12
2274,10.23,P,42,0,427,0,0,201,112,0,Z,48,8,625,0,28,55,180,0,1,6,8,198,0,28,-146,68,0
2275,3.15,Z,24,1,191,0,21,100,151,2,P,11,0,228,0,72,103,31,4,0,-13,-1,37,0,51,3,-120,2
2276,9.06,T,48,0,628,0,74,127,118,6,P,52,3,579,0,13,159,106,0,0,4,3,-49,0,-61,32,-12,-6
2277,6.07,T,35,0,262,0,59,116,101,6,Z,41,0,192,0,1,86,253,3,1,6,0,-70,0,-58,-30,152,-3
2278,9.59,P,95,0,484,0,71,402,161,8,T,133,0,427,0,621,236,251,25,0,38,0,-57,0,550,-166,90,17
2279,9,P,81,3,527,0,47,315,112,4,Z,71,0,547,0,108,340,232,7,1,-10,-3,20,0,61,25,120,3
2280,6.47,P,49,0,603,0,216,290,106,7,Z,36,0,369,0,53,96,147,10,0,-13,0,-234,0,-163,-194,41,3
2281,3.43,T,17,0,233,0,164,95,29,5,Z,13,4,133,0,41,32,56,0,1,-4,4,-100,0,-123,-63,27,-5
2282,8.38,T,83,0,503,0,63,161,99,5,P,48,5,313,0,1112,137,213,3,1,-35,5,-190,0,1049,-24,114,-2
2283,4.38,T,25,0,183,0,306,167,155,7,T,22,0,380,0,0,25,40,4,0,-3,0,197,0,-306,-142,-115,-3
2284,8.32,T,33,1,613,0,4,168,78,3,P,28,0,309,0,0,83,43,0,1,-5,-1,-304,0,-4,-85,-35,-3
2285,0.5,P,4,0,47,0,48,26,13,3,P,6,0,7,0,93,20,12,1,1,2,0,-40,0,45,-6,-1,-2
2286,10.1,Z,50,8,533,0,13,199,163,0,P,32,0,779,0,48,157,48,6,1,-18,-8,246,0,35,-42,-115,6
2287,9.59,P,64,0,637,0,26,145,71,5,P,55,0,737,0,10,101,92,4,1,-9,0,100,0,-16,-44,21,-1
2288,7.55,P,62,0,408,0,510,291,64,5,T,74,5,274,0,379,168,122,7,1,12,5,-134,0,-131,-123,58,2
2289,6,Z,27,0,373,0,334,107,114,5,T,54,2,267,0,387,137,119,5,1,27,2,-106,0,53,30,5,0
2290,9.58,P,83,8,324,0,324,205,134,5,Z,68,11,492,0,407,184,295,11,0,-15,3,168,0,83,-21,161,6
2291,9.57,T,86,5,610,0,18,143,179,0,P,40,0,423,0,3,31,62,2,0,-46,-5,-187,0,-15,-112,-117,2
2292,9.59,Z,63,1,335,0,263,277,285,6,Z,39,8,438,0,268,291,160,11,1,-24,7,103,0,5,14,-125,5
2293,9.58,T,82,0,457,0,198,239,138,7,Z,47,3,517,0,15,96,253,0,0,-35,3,60,0,-183,-143,115,-7
2294,7.09,P,51,0,368,0,177,126,151,16,Z,37,1,314,0,399,105,209,4,1,-14,1,-54,0,222,-21,58,-12
2295,3.57,Z,22,2,133,0,34,84,229,0,T,30,0,111,0,243,89,94,7,0,8,-2,-22,0,209,5,-135,7
2296,8.51,Z,73,1,663,0,22,209,222,7,P,42,3,425,0,26,108,63,4,0,-31,2,-238,0,4,-101,-159,-3
2297,8.03,T,45,0,290,0,22,136,58,3,P,26,0,509,0,0,75,56,2,1,-19,0,219,0,-22,-61,-2,-1
2298,9.58,P,78,8,549,0,208,353,196,9,P,52,0,780,0,300,342,142,3,1,-26,-8,231,0,92,-11,-54,-6
2299,3.42,Z,13,1,209,0,0,57,42,0,Z,18,2,162,0,55,126,55,2,0,5,1,-47,0,55,69,13,2
2300,6.33,T,49,0,516,0,13,264,74,3,T,32,2,339,0,1,178,62,1,1,-17,2,-177,0,-12,-86,-12,-2
2301,5.54,Z,26,2,362,0,2,27,143,0,P,24,0,266,0,6,137,92,1,1,-2,-2,-96,0,4,110,-51,1
2302,4.21,Z,27,1,293,0,2,35,74,0,P,21,0,323,0,0,101,52,0,0,-6,-1,30,0,-2,66,-22,0
2303,9.59,Z,44,2,350,0,54,149,208,4,P,51,0,670,0,321,233,113,7,1,7,-2,320,0,267,84,-95,3
2304,3.5,P,15,0,192,0,16,38,12,1,T,15,0,189,0,0,37,36,0,1,0,0,-3,0,-16,-1,24,-1
2305,3.47,T,17,4,653,0,14,22,33,0,T,15,4,168,0,192,76,30,2,0,-2,0,-485,0,178,54,-3,2
2306,9.11,P,35,3,586,0,7,141,65,0,Z,45,3,491,0,53,75,182,3,1,10,0,-95,0,46,-66,117,3
2307,9.59,T,84,0,684,0,41,132,117,3,T,88,3,1015,0,719,326,120,8,0,4,3,331,0,678,194,3,5
2308,1.29,P,3,0,149,0,0,11,4,1,P,3,0,107,0,0,27,7,0,0,0,0,-42,0,0,16,3,-1
2309,7.49,T,45,3,222,0,265,248,125,3,T,50,0,412,0,3,86,73,3,1,5,-3,190,0,-262,-162,-52,0
2310,5.5,Z,27,4,162,0,23,51,95,0,P,33,4,253,0,400,116,86,4,0,6,0,91,0,377,65,-9,4
2311,7.16,T,68,12,346,0,601,218,85,9,T,65,0,285,0,340,309,121,9,0,-3,-12,-61,0,-261,91,36,0
2312,9.58,Z,56,0,574,0,123,126,184,8,P,87,8,450,0,395,374,98,12,1,31,8,-124,0,272,248,-86,4
2313,6.08,P,28,0,189,0,5,85,25,7,Z,24,3,336,0,68,163,163,5,0,-4,3,147,0,63,78,138,-2
2314,4.12,Z,16,0,215,0,7,39,47,1,Z,22,0,130,0,7,115,73,1,1,6,0,-85,0,0,76,26,0
2315,9.59,Z,70,5,507,0,328,455,355,27,Z,64,11,464,0,197,445,396,6,0,-6,6,-43,0,-131,-10,41,-21
2316,9.59,T,90,1,383,0,289,207,308,14,T,104,8,539,0,798,156,125,11,1,14,7,156,0,509,-51,-183,-3
2317,9.34,Z,129,2,807,4,295,401,329,19,P,77,8,519,0,86,303,85,10,0,-52,6,-288,-4,-209,-98,-244,-9
2318,9.59,Z,77,14,394,0,101,160,278,2,T,78,0,652,0,379,138,119,10,0,1,-14,258,0,278,-22,-159,8
2319,9.59,P,66,2,603,0,229,203,77,4,Z,49,2,342,0,12,121,165,0,1,-17,0,-261,0,-217,-82,88,-4
2320,9.59,T,76,0,756,0,30,88,65,4,T,55,0,741,0,5,137,105,2,1,-21,0,-15,0,-25,49,40,-2
2321,3.28,T,15,0,344,0,4,32,20,1,T,14,3,149,0,153,78,98,4,1,-1,3,-195,0,149,46,78,3
2322,9.59,Z,118,13,454,0,345,408,378,10,T,134,3,432,0,244,430,265,11,0,16,-10,-22,0,-101,22,-113,1
2323,8.2,T,68,4,589,0,56,150,101,7,T,60,6,528,0,98,142,58,11,0,-8,2,-61,0,42,-8,-43,4
2324,9.59,P,45,0,289,0,106,268,133,6,Z,83,10,438,0,585,291,523,5,1,38,10,149,0,479,23,390,-1
2325,8.52,P,33,0,384,0,8,121,45,2,Z,38,9,653,0,52,123,160,1,0,5,9,269,0,44,2,115,-1
2326,9.23,Z,55,9,467,0,37,114,149,1,T,70,0,549,0,70,244,105,9,1,15,-9,82,0,33,130,-44,8
2327,2.04,T,6,0,67,0,0,4,11,1,T,5,0,115,0,0,3,7,0,1,-1,0,48,0,0,-1,-4,-1
2328,3.17,Z,12,0,109,0,4,13,37,1,P,15,0,99,0,11,27,18,2,0,3,0,-10,0,7,14,-19,1
2329,8,P,40,0,216,0,9,96,65,4,Z,65,2,800,0,116,284,212,5,1,25,2,584,0,107,188,147,1
2330,9.59,P,34,0,822,0,14,212,97,2,T,59,0,649,0,38,129,87,5,1,25,0,-173,0,24,-83,-10,3
2331,10.11,T,68,14,315,0,73,110,75,2,Z,62,7,965,1,74,84,187,3,1,-6,-7,650,1,1,-26,112,1
2332,9.58,T,64,0,722,0,7,304,145,3,Z,66,0,242,0,39,221,246,12,1,2,0,-480,0,32,-83,101,9
2333,7.21,P,30,0,646,0,0,123,94,0,P,39,0,667,0,45,127,96,5,1,9,0,21,0,45,4,2,5
2334,5.08,T,30,3,262,0,5,179,71,0,P,37,0,178,0,248,255,46,7,0,7,-3,-84,0,243,76,-25,7
2335,7.5,P,37,0,231,0,140,82,52,5,Z,43,6,445,0,17,88,106,0,1,6,6,214,0,-123,6,54,-5
2336,10.36,T,85,0,601,0,716,140,206,18,T,68,0,832,0,288,280,266,12,0,-17,0,231,0,-428,140,60,-6
2337,0.15,P,0,0,2,0,0,0,0,0,T,5,0,10,0,106,16,23,1,1,5,0,8,0,106,16,23,1
2338,3.4,T,21,0,169,0,244,40,225,4,T,13,0,112,0,59,35,20,4,1,-8,0,-57,0,-185,-5,-205,0
2339,9.59,T,45,0,333,0,4,53,67,8,P,32,1,385,0,15,41,40,7,1,-13,1,52,0,11,-12,-27,-1
2340,2.55,T,9,0,143,0,1,34,11,0,Z,10,1,71,0,20,32,36,0,0,1,1,-72,0,19,-2,25,0
2341,9.58,Z,56,10,339,0,359,217,259,1,P,86,0,378,0,33,160,171,6,1,30,-10,39,0,-326,-57,-88,5
2342,9.58,P,67,0,405,0,286,239,114,13,T,98,1,591,0,639,167,152,9,0,31,1,186,0,353,-72,38,-4
2343,4.07,T,27,0,157,0,380,87,81,6,T,16,0,128,0,39,61,27,4,0,-11,0,-29,0,-341,-26,-54,-2
2344,5.23,P,22,0,324,0,11,71,32,6,T,38,0,269,0,6,112,78,4,1,16,0,-55,0,-5,41,46,-2
2345,9.58,Z,46,0,438,0,31,77,123,6,T,80,7,658,0,125,155,115,8,1,34,7,220,0,94,78,-8,2
2346,4.28,P,16,0,234,0,1,80,47,4,P,21,0,144,0,8,38,16,5,1,5,0,-90,0,7,-42,-31,1
2347,7.12,P,24,0,453,0,2,158,43,1,P,56,2,368,0,506,136,108,1,1,32,2,-85,0,504,-22,65,0
2348,5,P,21,0,174,0,0,66,40,0,T,24,0,192,0,6,10,22,3,0,3,0,18,0,6,-56,-18,3
2349,8.29,Z,64,6,431,0,70,124,245,0,P,51,0,367,0,31,130,53,5,0,-13,-6,-64,0,-39,6,-192,5
2350,3.47,Z,16,0,95,0,27,52,53,2,Z,16,2,521,0,18,85,51,0,1,0,2,426,0,-9,33,-2,-2
2351,8.38,T,115,0,418,15,601,213,244,4,Z,74,5,263,0,45,269,193,4,0,-41,5,-155,-15,-556,56,-51,0
2352,6.24,Z,44,6,319,0,332,107,219,0,Z,30,2,293,0,373,129,134,6,0,-14,-4,-26,0,41,22,-85,6
2353,9.1,Z,85,3,484,0,438,262,313,9,P,106,4,410,0,379,256,118,13,1,21,1,-74,0,-59,-6,-195,4
2354,4.55,T,22,0,288,0,0,43,48,2,Z,18,0,82,0,0,29,61,0,0,-4,0,-206,0,0,-14,13,-2
2355,5.29,T,39,6,184,0,569,103,62,4,Z,39,7,371,0,121,154,86,0,0,0,1,187,0,-448,51,24,-4
2356,8.37,T,102,0,511,0,252,153,216,13,Z,66,0,417,0,97,141,194,7,0,-36,0,-94,0,-155,-12,-22,-6
2357,4.43,P,17,0,147,0,7,20,22,3,T,19,0,315,0,0,47,29,2,0,2,0,168,0,-7,27,7,-1
2358,10.29,Z,99,15,495,1,642,425,258,24,Z,63,16,600,0,73,306,190,3,0,-36,1,105,-1,-569,-119,-68,-21
2359,9.59,T,67,10,929,0,48,228,106,3,Z,68,0,1008,0,0,160,202,0,0,1,-10,79,0,-48,-68,96,-3
2360,9.48,P,42,0,537,0,1,95,110,7,Z,69,7,497,0,309,252,415,3,0,27,7,-40,0,308,157,305,-4
2361,9.59,P,60,3,859,0,30,231,82,3,Z,80,5,387,0,198,173,262,8,1,20,2,-472,0,168,-58,180,5
2362,9.59,P,49,5,559,0,42,355,220,2,T,69,3,379,0,55,358,123,0,0,20,-2,-180,0,13,3,-97,-2
2363,4.24,Z,18,3,161,0,41,72,105,3,T,28,1,290,0,1,65,41,2,1,10,-2,129,0,-40,-7,-64,-1
2364,1.41,T,8,0,107,0,18,21,12,1,Z,0,0,1,0,0,0,0,0,0,-8,0,-106,0,-18,-21,-12,-1
2365,9.58,T,68,2,919,0,74,252,138,5,Z,54,2,480,0,21,73,167,0,1,-14,0,-439,0,-53,-179,29,-5
2366,8.3,T,68,0,368,0,387,201,153,16,P,59,0,282,0,57,216,198,8,1,-9,0,-86,0,-330,15,45,-8
2367,3.43,T,14,2,184,0,1,63,24,0,T,18,0,234,0,0,33,40,0,1,4,-2,50,0,-1,-30,16,0
2368,8.1,Z,59,0,291,0,181,119,290,5,Z,56,0,321,0,70,194,193,13,1,-3,0,30,0,-111,75,-97,8
2369,3.2,P,10,1,97,0,62,125,72,1,P,15,0,182,0,13,23,14,3,0,5,-1,85,0,-49,-102,-58,2
2370,4.22,T,22,3,161,0,4,14,24,0,P,17,0,433,0,0,12,34,0,0,-5,-3,272,0,-4,-2,10,0
2371,9.59,Z,77,14,436,0,285,240,415,14,Z,70,0,421,0,55,223,409,19,1,-7,-14,-15,0,-230,-17,-6,5
2372,6.58,P,39,0,242,0,438,147,44,6,T,52,2,245,0,36,133,45,5,0,13,2,3,0,-402,-14,1,-1
2373,7.56,T,61,0,508,0,767,387,53,10,T,72,8,383,0,251,188,116,19,1,11,8,-125,0,-516,-199,63,9
2374,9.59,T,98,0,513,0,628,272,195,12,Z,76,8,895,0,145,214,305,5,0,-22,8,382,0,-483,-58,110,-7
2375,10.45,Z,68,0,546,31,153,292,322,1,T,102,0,522,0,52,267,62,12,0,34,0,-24,-31,-101,-25,-260,11
2376,3.11,P,15,0,122,0,0,85,24,0,Z,9,0,57,0,0,54,97,2,1,-6,0,-65,0,0,-31,73,2
2377,7.02,P,39,5,355,0,3,112,47,0,P,37,3,421,0,121,256,127,4,1,-2,-2,66,0,118,144,80,4
2378,6.5,P,38,0,531,0,21,126,45,3,Z,43,1,211,0,56,178,211,8,1,5,1,-320,0,35,52,166,5
2379,9.58,T,48,0,345,0,18,75,96,2,Z,44,0,1206,0,37,119,131,3,0,-4,0,861,0,19,44,35,1
2380,9.57,T,74,7,333,0,598,280,134,8,T,88,5,326,0,803,246,235,15,1,14,-2,-7,0,205,-34,101,7
2381,9.03,T,73,5,274,1,247,197,151,4,P,56,0,299,16,481,218,100,0,1,-17,-5,25,15,234,21,-51,-4
2382,9.59,T,75,11,604,0,55,129,83,2,Z,55,8,599,2,482,235,234,0,1,-20,-3,-5,2,427,106,151,-2
2383,7.1,P,81,3,309,0,574,224,125,8,Z,66,0,349,0,284,60,231,19,1,-15,-3,40,0,-290,-164,106,11
2384,4.34,P,30,1,286,0,10,97,44,1,Z,24,0,345,0,44,73,118,3,1,-6,-1,59,0,34,-24,74,2
2385,9.46,Z,60,0,261,0,382,212,165,10,P,53,5,452,0,9,231,53,3,0,-7,5,191,0,-373,19,-112,-7
2386,9.58,T,42,0,451,0,3,85,80,2,T,60,0,461,0,108,105,75,8,1,18,0,10,0,105,20,-5,6
2387,3.44,T,19,0,239,0,11,40,23,1,T,25,0,311,0,6,58,38,3,0,6,0,72,0,-5,18,15,2
2388,6.52,Z,29,1,530,0,15,158,185,1,T,44,3,567,0,8,47,270,0,1,15,2,37,0,-7,-111,85,-1
2389,9.57,T,128,5,553,0,874,259,167,5,Z,69,0,271,0,435,178,277,14,0,-59,-5,-282,0,-439,-81,110,9
2390,3.24,P,38,0,170,0,16,177,37,3,T,18,0,270,0,0,76,27,1,0,-20,0,100,0,-16,-101,-10,-2
2391,9.58,P,90,0,571,0,86,456,152,31,T,92,9,637,2,439,222,153,8,1,2,9,66,2,353,-234,1,-23
2392,0.18,Z,1,0,3,0,0,1,16,2,P,0,0,12,0,43,0,4,1,1,-1,0,9,0,43,-1,-12,-1
2393,9.59,T,87,7,622,0,257,294,124,3,T,112,5,341,0,1483,178,85,12,1,25,-2,-281,0,1226,-116,-39,9
2394,4.42,P,7,0,242,0,0,56,17,1,T,30,1,194,0,34,108,95,0,1,23,1,-48,0,34,52,78,-1
2395,7.31,P,60,4,330,0,248,286,169,3,Z,52,4,303,0,158,299,204,6,0,-8,0,-27,0,-90,13,35,3
2396,9.59,P,55,0,495,0,593,381,174,20,P,71,0,930,0,21,213,94,6,1,16,0,435,0,-572,-168,-80,-14
2397,4.23,T,33,2,142,2,372,71,36,2,T,36,0,210,0,44,62,38,6,0,3,-2,68,-2,-328,-9,2,4
2398,9.59,P,74,5,516,0,190,337,93,10,T,77,8,526,0,99,273,101,0,0,3,3,10,0,-91,-64,8,-10
2399,2.26,P,8,0,122,0,35,71,42,3,Z,11,0,39,0,10,15,46,0,0,3,0,-83,0,-25,-56,4,-3
2400,3,Z,12,0,84,0,3,67,38,2,P,10,0,122,0,9,95,14,3,0,-2,0,38,0,6,28,-24,1
2401,9.57,Z,67,0,707,0,84,315,246,9,T,79,0,600,0,0,83,103,1,1,12,0,-107,0,-84,-232,-143,-8
2402,9.57,Z,48,0,267,0,45,71,146,7,T,59,5,480,0,8,71,88,0,1,11,5,213,0,-37,0,-58,-7
2403,8.21,P,47,0,460,0,11,123,87,3,T,80,0,360,0,780,208,223,8,1,33,0,-100,0,769,85,136,5
2404,7.37,P,34,0,351,0,12,104,44,2,Z,50,4,881,0,43,118,105,0,0,16,4,530,0,31,14,61,-2
2405,7.13,T,39,1,342,0,526,112,60,6,T,50,4,480,0,208,206,133,1,1,11,3,138,0,-318,94,73,-5
2406,9.14,T,48,0,796,0,0,165,438,1,P,34,3,433,0,54,195,92,0,0,-14,3,-363,0,54,30,-346,-1
2407,9.58,T,84,0,657,0,52,228,120,10,Z,72,0,474,0,87,108,240,8,1,-12,0,-183,0,35,-120,120,-2
2408,9.59,P,41,0,707,0,0,209,76,5,P,44,0,489,0,61,206,57,12,1,3,0,-218,0,61,-3,-19,7
2409,8.42,P,37,9,371,0,7,58,43,0,T,29,5,193,0,8,34,46,0,0,-8,-4,-178,0,1,-24,3,0
2410,4.56,P,30,0,148,0,89,259,56,5,Z,32,0,339,0,41,82,124,2,0,2,0,191,0,-48,-177,68,-3
2411,3.1,P,12,0,266,0,23,61,35,1,P,11,0,49,0,0,19,8,0,0,-1,0,-217,0,-23,-42,-27,-1
2412,5.1,T,28,2,215,0,4,103,35,0,T,37,0,298,0,54,162,105,2,1,9,-2,83,0,50,59,70,2
2413,7.3,T,89,0,386,0,168,247,116,9,Z,72,10,390,0,293,251,293,7,0,-17,10,4,0,125,4,177,-2
2414,9.59,Z,53,12,395,0,94,254,240,1,T,48,8,419,0,32,91,78,0,0,-5,-4,24,0,-62,-163,-162,-1
2415,7.52,Z,37,5,694,0,51,62,148,3,T,37,0,524,0,138,151,72,9,0,0,-5,-170,0,87,89,-76,6
2416,9.59,Z,101,14,602,0,86,134,212,0,P,61,1,552,0,210,318,94,2,1,-40,-13,-50,0,124,184,-118,2
2417,7.55,P,34,2,655,0,3,206,63,2,P,27,1,440,0,1,73,46,1,0,-7,-1,-215,0,-2,-133,-17,-1
2418,6.47,T,54,1,464,0,336,167,102,13,Z,50,0,449,0,41,107,120,25,1,-4,-1,-15,0,-295,-60,18,12
2419,10.17,Z,61,0,413,12,126,188,307,2,P,74,5,449,2,191,167,168,1,1,13,5,36,-10,65,-21,-139,-1
2420,9.59,T,78,0,405,0,23,169,154,5,Z,71,0,370,0,89,161,203,6,0,-7,0,-35,0,66,-8,49,1
2421,5.25,Z,24,3,766,0,30,72,81,0,P,24,0,243,0,50,61,39,2,0,0,-3,-523,0,20,-11,-42,2
2422,9.59,T,55,0,449,0,10,139,106,0,P,65,7,598,0,164,163,201,6,1,10,7,149,0,154,24,95,6
2423,5.26,P,21,0,259,0,9,14,15,1,P,31,0,343,0,0,40,43,0,0,10,0,84,0,-9,26,28,-1
2424,9.59,P,69,0,258,0,50,335,186,4,Z,75,0,451,0,245,316,315,8,0,6,0,193,0,195,-19,129,4
2425,6.4,T,54,0,267,0,172,149,137,7,T,27,3,359,0,127,159,94,1,1,-27,3,92,0,-45,10,-43,-6
2426,7.32,Z,36,6,392,0,118,170,184,0,T,48,6,342,0,95,254,203,0,1,12,0,-50,0,-23,84,19,0
2427,7.08,Z,28,1,486,0,24,131,102,3,Z,28,0,416,0,0,104,160,0,0,0,-1,-70,0,-24,-27,58,-3
2428,7.18,T,62,0,341,0,40,152,166,8,P,27,0,333,0,0,139,156,0,0,-35,0,-8,0,-40,-13,-10,-8
2429,9.58,T,50,0,793,0,0,91,86,1,P,42,0,685,0,0,162,67,0,1,-8,0,-108,0,0,71,-19,-1
2430,8.5,P,48,3,205,0,36,164,99,11,Z,42,10,407,0,82,104,126,0,1,-6,7,202,0,46,-60,27,-11
2431,7.45,Z,40,2,769,0,21,136,204,2,T,35,0,331,0,474,150,136,7,0,-5,-2,-438,0,453,14,-68,5
2432,7,Z,41,10,589,2,67,47,160,0,T,56,5,290,0,186,204,134,4,1,15,-5,-299,-2,119,157,-26,4
2433,9.59,T,121,1,626,0,516,272,120,9,P,65,0,709,0,85,274,61,10,0,-56,-1,83,0,-431,2,-59,1
2434,9.59,T,86,0,844,0,13,291,162,4,P,57,5,577,0,148,299,130,0,0,-29,5,-267,0,135,8,-32,-4
2435,9.59,Z,49,4,657,0,65,113,170,1,T,41,4,374,0,27,174,33,1,0,-8,0,-283,0,-38,61,-137,0
2436,5.12,Z,17,2,134,0,0,111,64,0,P,20,0,323,0,0,165,40,0,1,3,-2,189,0,0,54,-24,0
2437,6.28,Z,30,4,438,0,68,128,109,0,Z,34,1,366,0,8,74,131,4,0,4,-3,-72,0,-60,-54,22,4
2438,2.19,T,11,0,141,0,4,34,8,0,P,8,0,63,0,1,10,12,1,0,-3,0,-78,0,-3,-24,4,1
2439,7.12,Z,35,3,391,0,48,87,114,8,Z,38,3,620,0,147,190,291,5,0,3,0,229,0,99,103,177,-3
2440,5.32,T,44,6,595,2,326,171,88,0,Z,49,7,204,0,180,224,221,0,0,5,1,-391,-2,-146,53,133,0
2441,9.57,T,30,0,201,0,1,89,72,4,T,73,0,726,0,136,157,110,2,1,43,0,525,0,135,68,38,-2
2442,3.18,P,19,0,137,0,81,77,83,8,P,15,0,253,0,95,65,126,3,0,-4,0,116,0,14,-12,43,-5
2443,8.19,Z,45,0,754,0,0,282,192,0,P,30,0,148,0,0,23,39,0,1,-15,0,-606,0,0,-259,-153,0
2444,4.49,T,52,2,195,0,129,153,96,7,Z,19,0,230,0,36,151,113,2,0,-33,-2,35,0,-93,-2,17,-5
2445,7.13,Z,42,0,252,0,96,86,106,5,P,40,2,806,2,49,82,63,0,0,-2,2,554,2,-47,-4,-43,-5
2446,9.59,P,42,0,506,0,56,276,100,9,P,50,0,340,0,6,199,71,2,0,8,0,-166,0,-50,-77,-29,-7
2447,10.5,P,52,0,805,0,161,74,101,8,P,57,5,725,0,48,75,36,5,1,5,5,-80,0,-113,1,-65,-3
2448,8.04,T,53,2,599,0,28,107,74,7,T,75,0,517,0,44,116,50,12,1,22,-2,-82,0,16,9,-24,5
2449,8.14,Z,74,8,267,0,251,205,250,4,P,81,0,356,0,182,290,150,9,0,7,-8,89,0,-69,85,-100,5
2450,9.59,T,72,0,495,0,212,340,128,13,Z,57,0,228,0,25,222,419,26,0,-15,0,-267,0,-187,-118,291,13
2451,8.1,Z,30,0,188,0,0,47,99,0,Z,39,1,433,0,29,50,101,1,1,9,1,245,0,29,3,2,1
2452,5.44,T,43,1,378,0,10,259,85,5,Z,29,1,185,0,257,144,204,7,0,-14,0,-193,0,247,-115,119,2
2453,4.58,P,40,1,345,0,214,105,89,5,T,32,2,220,0,321,169,153,5,1,-8,1,-125,0,107,64,64,0
2454,7.22,Z,43,3,478,0,157,208,247,0,T,62,0,371,0,70,164,111,7,1,19,-3,-107,0,-87,-44,-136,7
2455,8.07,Z,45,0,303,0,159,104,273,2,P,61,0,493,0,220,209,126,11,0,16,0,190,0,61,105,-147,9
2456,7.07,T,30,0,296,0,3,162,106,4,T,38,2,389,0,37,145,146,0,0,8,2,93,0,34,-17,40,-4
2457,7.41,T,44,0,520,0,597,107,89,7,Z,51,5,544,0,47,119,148,0,0,7,5,24,0,-550,12,59,-7
2458,7.52,Z,47,3,189,0,76,149,246,8,P,58,2,623,10,440,135,135,1,1,11,-1,434,10,364,-14,-111,-7
2459,10.36,T,138,6,766,0,178,332,139,11,T,133,5,747,31,837,364,340,7,1,-5,-1,-19,31,659,32,201,-4
2460,8.11,Z,64,0,153,0,6,130,222,6,T,29,0,192,0,6,50,86,6,0,-35,0,39,0,0,-80,-136,0
2461,3.27,Z,22,0,79,0,3,33,164,1,T,19,1,169,0,94,99,21,5,1,-3,1,90,0,91,66,-143,4
2462,5.37,T,51,0,272,0,51,169,61,9,Z,24,3,154,0,556,68,144,6,0,-27,3,-118,0,505,-101,83,-3
2463,8.47,P,30,0,297,0,0,198,39,0,Z,46,2,414,0,1,134,162,0,0,16,2,117,0,1,-64,123,0
2464,7.19,Z,30,0,357,0,4,95,94,0,T,51,0,380,0,64,211,89,6,1,21,0,23,0,60,116,-5,6
2465,8.11,P,37,0,549,0,0,101,80,0,T,30,0,735,0,1,86,54,1,0,-7,0,186,0,1,-15,-26,1
2466,9.13,T,37,2,554,0,2,49,58,0,T,48,7,654,0,62,104,71,8,0,11,5,100,0,60,55,13,8
2467,8,P,36,0,453,0,8,212,61,1,T,52,0,505,0,296,192,108,8,0,16,0,52,0,288,-20,47,7
2468,9.58,T,53,1,639,0,1,168,86,0,T,65,0,730,0,1,194,71,1,0,12,-1,91,0,0,26,-15,1
2469,9.43,P,33,0,414,0,8,106,44,1,Z,41,0,594,0,58,159,157,6,1,8,0,180,0,50,53,113,5
2470,5.35,T,32,2,297,0,0,23,60,0,T,24,3,463,0,31,89,59,1,0,-8,1,166,0,31,66,-1,1
2471,2.23,T,4,1,128,0,12,29,41,1,T,13,0,113,0,0,21,47,1,0,9,-1,-15,0,-12,-8,6,0
2472,8.57,T,54,0,1138,0,30,273,246,6,P,33,0,731,0,1,97,54,1,0,-21,0,-407,0,-29,-176,-192,-5
2473,9.58,Z,149,13,547,0,609,360,398,14,T,170,0,584,0,1012,334,205,51,0,21,-13,37,0,403,-26,-193,37
2474,9.39,T,104,0,538,0,311,343,193,12,P,52,8,426,0,79,150,142,2,1,-52,8,-112,0,-232,-193,-51,-10
2475,7.59,P,48,0,351,0,26,87,57,5,Z,24,1,456,0,10,33,60,1,0,-24,1,105,0,-16,-54,3,-4
2476,4.2,Z,14,0,556,0,14,39,42,0,Z,20,0,204,0,6,69,105,2,1,6,0,-352,0,-8,30,63,2
2477,4.02,Z,18,2,449,0,9,36,72,1,T,19,0,191,0,6,101,43,3,1,1,-2,-258,0,-3,65,-29,2
2478,8.47,T,63,4,669,0,103,176,138,1,T,50,1,504,0,14,53,84,6,0,-13,-3,-165,0,-89,-123,-54,5
2479,9.59,Z,78,7,735,0,232,260,379,9,T,129,0,376,0,62,194,88,14,0,51,-7,-359,0,-170,-66,-291,5
2480,6.07,T,81,0,318,0,542,140,115,6,Z,48,7,373,0,479,225,246,9,0,-33,7,55,0,-63,85,131,3
2481,10.09,Z,51,2,796,0,27,215,161,1,Z,50,4,610,0,195,197,236,4,1,-1,2,-186,0,168,-18,75,3
2482,7.03,T,21,0,730,0,0,22,19,0,T,32,0,474,0,5,55,46,3,1,11,0,-256,0,5,33,27,3
2483,9.58,P,84,11,475,0,332,234,161,6,T,123,0,657,0,528,323,230,19,0,39,-11,182,0,196,89,69,13
2484,9.37,P,28,0,917,0,10,249,51,2,T,99,0,561,0,41,265,121,9,1,71,0,-356,0,31,16,70,7
2485,4.43,Z,24,4,165,0,21,104,241,1,P,38,1,302,2,158,129,103,0,0,14,-3,137,2,137,25,-138,-1
2486,2.44,T,28,0,139,0,228,120,80,25,Z,7,0,255,0,235,66,93,5,0,-21,0,116,0,7,-54,13,-20
2487,9.57,Z,56,0,621,0,51,157,173,4,T,82,0,569,0,13,135,193,2,1,26,0,-52,0,-38,-22,20,-2
2488,6.32,P,18,0,161,0,1,36,24,2,T,38,3,150,0,42,64,58,1,1,20,3,-11,0,41,28,34,-1
2489,8.11,T,72,0,472,12,458,204,152,1,Z,62,0,377,0,430,157,279,10,0,-10,0,-95,-12,-28,-47,127,9
2490,4.24,Z,30,0,243,33,263,132,198,0,Z,37,4,513,0,302,202,119,11,0,7,4,270,-33,39,70,-79,11
2491,8.11,T,48,0,733,0,13,159,86,2,P,42,6,366,0,20,142,54,0,0,-6,6,-367,0,7,-17,-32,-2
2492,7.54,P,68,7,464,0,290,297,183,7,T,69,0,469,0,707,286,119,8,0,1,-7,5,0,417,-11,-64,1
2493,5.51,Z,29,3,178,0,98,141,201,5,Z,29,4,170,0,7,80,90,4,0,0,1,-8,0,-91,-61,-111,-1
2494,4.43,P,18,2,275,0,310,136,28,1,T,30,0,193,0,272,107,94,8,1,12,-2,-82,0,-38,-29,66,7
2495,9.59,T,49,6,539,0,32,30,63,0,T,60,0,708,0,21,33,93,5,1,11,-6,169,0,-11,3,30,5
2496,5.09,Z,32,3,90,0,22,80,83,0,P,23,0,140,0,10,65,46,4,0,-9,-3,50,0,-12,-15,-37,4
2497,8.59,T,73,3,421,0,233,221,103,3,Z,35,0,186,0,0,43,143,0,0,-38,-3,-235,0,-233,-178,40,-3
2498,8.52,T,74,0,259,0,53,115,73,10,T,63,0,751,0,131,174,156,4,0,-11,0,492,0,78,59,83,-6
2499,9.28,Z,56,0,371,0,16,127,167,5,P,31,0,236,0,0,85,83,2,0,-25,0,-135,0,-16,-42,-84,-3
2500,9.58,P,38,0,433,0,15,92,43,2,T,39,1,475,0,1,137,85,0,1,1,1,42,0,-14,45,42,-2
2501,5.46,Z,33,0,298,0,104,121,127,4,T,27,0,197,0,0,52,126,0,0,-6,0,-101,0,-104,-69,-1,-4
2502,7.12,Z,19,0,475,0,2,287,197,1,T,44,3,401,0,1,157,95,0,1,25,3,-74,0,-1,-130,-102,-1
2503,7.26,P,56,3,298,0,514,232,100,9,T,78,0,379,0,585,221,118,10,1,22,-3,81,0,71,-11,18,1
2504,7.57,T,46,0,543,0,0,158,88,0,Z,40,0,474,0,561,144,172,8,1,-6,0,-69,0,561,-14,84,8
2505,4.21,P,29,1,176,0,11,121,53,9,Z,15,0,89,0,307,33,94,0,1,-14,-1,-87,0,296,-88,41,-9
2506,9.17,T,74,0,488,0,128,70,105,11,T,87,0,489,0,667,209,197,36,0,13,0,1,0,539,139,92,25
2507,7.4,P,69,5,353,0,98,240,65,9,Z,94,10,591,3,323,371,207,23,1,25,5,238,3,225,131,142,14
2508,9.58,P,37,0,699,0,0,113,69,0,P,51,2,473,0,20,132,124,0,1,14,2,-226,0,20,19,55,0
2509,9.59,Z,67,11,498,0,163,238,251,12,T,79,0,590,0,280,203,137,5,1,12,-11,92,0,117,-35,-114,-7
2510,5.23,Z,28,0,402,0,41,84,133,3,P,20,0,378,0,7,100,33,4,0,-8,0,-24,0,-34,16,-100,1
2511,9.59,T,71,0,758,0,100,287,137,4,T,93,2,681,0,73,369,250,0,0,22,2,-77,0,-27,82,113,-4
2512,9.59,P,87,0,420,0,466,346,375,15,T,136,7,574,0,714,399,167,8,1,49,7,154,0,248,53,-208,-7
2513,8.58,T,86,6,205,0,170,115,168,8,T,75,5,530,0,35,119,133,10,1,-11,-1,325,0,-135,4,-35,2
2514,8.18,Z,45,0,579,0,78,110,150,2,Z,50,2,506,0,136,147,212,4,1,5,2,-73,0,58,37,62,2
2515,8.43,T,42,8,340,0,482,143,83,9,T,70,0,362,0,51,222,209,8,1,28,-8,22,0,-431,79,126,-1
2516,9.59,T,77,1,526,0,81,452,198,6,T,93,0,524,0,46,429,148,6,0,16,-1,-2,0,-35,-23,-50,0
2517,3.1,T,17,0,106,0,3,75,46,1,T,10,0,182,0,0,61,48,2,0,-7,0,76,0,-3,-14,2,1
2518,9.59,T,98,0,707,0,569,187,139,6,T,90,0,411,0,228,314,92,11,0,-8,0,-296,0,-341,127,-47,5
2519,4.44,P,14,1,112,0,0,95,41,0,P,15,3,303,0,3,29,24,0,0,1,2,191,0,3,-66,-17,0
2520,4.31,Z,25,2,160,0,264,123,84,4,P,29,1,221,0,168,80,29,7,1,4,-1,61,0,-96,-43,-55,3
2521,4.27,Z,24,0,97,0,70,75,130,5,Z,19,0,153,0,98,61,109,4,1,-5,0,56,0,28,-14,-21,-1
2522,9.24,Z,57,0,548,0,58,247,225,16,Z,75,16,351,0,346,256,314,1,0,18,16,-197,0,288,9,89,-15
2523,9.59,T,78,12,560,0,361,160,200,2,Z,60,0,582,0,49,217,245,6,0,-18,-12,22,0,-312,57,45,4
2524,2.07,T,4,0,62,0,5,7,12,2,P,5,3,65,0,83,39,15,1,0,1,3,3,0,78,32,3,-1
2525,10.53,T,87,3,890,0,466,215,146,9,P,65,10,691,0,42,151,77,0,0,-22,7,-199,0,-424,-64,-69,-9
2526,7.25,T,91,0,370,0,563,310,169,10,P,76,3,466,0,201,220,145,10,0,-15,3,96,0,-362,-90,-24,0
2527,4.56,Z,30,0,245,0,13,61,92,3,Z,32,0,159,0,56,136,158,2,0,2,0,-86,0,43,75,66,-1
2528,9.59,T,53,0,310,0,25,14,34,5,T,50,0,517,0,2,89,127,0,1,-3,0,207,0,-23,75,93,-5
2529,9.37,P,36,0,425,0,0,105,101,0,T,50,2,511,0,41,205,85,3,0,14,2,86,0,41,100,-16,3
2530,7.18,Z,33,0,274,0,6,187,118,3,P,26,0,504,0,4,200,44,3,0,-7,0,230,0,-2,13,-74,0
2531,2.2,T,13,0,100,0,15,52,22,4,Z,9,0,28,0,5,17,52,0,1,-4,0,-72,0,-10,-35,30,-4
2532,9.59,T,96,0,606,0,192,120,129,4,T,92,6,682,0,1005,145,165,9,0,-4,6,76,0,813,25,36,5
2533,8.25,Z,43,7,440,0,109,106,183,0,T,60,4,398,0,64,110,79,3,1,17,-3,-42,0,-45,4,-104,3
2534,3.24,P,17,0,94,0,479,137,21,5,P,18,3,110,0,554,91,109,1,1,1,3,16,0,75,-46,88,-4
2535,9.57,T,72,3,450,0,59,49,72,5,Z,55,0,261,0,57,117,147,6,1,-17,-3,-189,0,-2,68,75,1
2536,7.22,P,37,2,388,0,26,120,57,3,P,41,0,445,0,88,165,63,5,0,4,-2,57,0,62,45,6,2
2537,9.59,Z,51,4,497,0,241,245,238,8,T,59,0,622,0,0,185,97,0,0,8,-4,125,0,-241,-60,-141,-8
2538,9.59,P,93,0,388,0,116,237,238,18,Z,71,0,763,0,19,271,225,9,0,-22,0,375,0,-97,34,-13,-9
2539,10.5,T,91,0,602,0,52,253,132,4,P,60,5,646,0,56,146,66,2,1,-31,5,44,0,4,-107,-66,-2
2540,7.47,T,81,0,467,0,202,154,118,15,Z,37,4,340,0,60,129,205,3,0,-44,4,-127,0,-142,-25,87,-12
2541,10.48,T,110,0,560,0,661,404,183,6,T,82,0,689,0,47,246,115,6,0,-28,0,129,0,-614,-158,-68,0
2542,10.4,T,146,0,386,0,269,406,119,12,Z,120,16,815,0,249,345,361,5,1,-26,16,429,0,-20,-61,242,-7
2543,9.58,T,59,0,800,0,0,160,135,1,T,87,0,1090,0,225,382,234,7,1,28,0,290,0,225,222,99,6
2544,2.41,T,9,0,144,0,1,15,12,2,T,13,0,65,0,0,5,25,0,0,4,0,-79,0,-1,-10,13,-2
2545,9.26,T,76,3,432,0,34,78,102,7,Z,46,3,385,1,33,49,140,0,0,-30,0,-47,1,-1,-29,38,-7
2546,8.04,P,32,0,534,0,15,58,48,2,P,33,0,395,0,10,61,45,4,1,1,0,-139,0,-5,3,-3,2
2547,10.24,T,86,8,601,0,1111,219,148,2,P,52,5,666,0,96,303,92,2,0,-34,-3,65,0,-1015,84,-56,0
2548,7.46,T,61,4,397,0,172,26,59,2,Z,40,3,92,0,17,24,99,0,0,-21,-1,-305,0,-155,-2,40,-2
2549,9.59,T,54,0,448,0,0,39,139,0,T,47,1,783,0,2,140,91,2,1,-7,1,335,0,2,101,-48,2
2550,2.36,Z,11,0,100,0,179,60,112,5,P,9,0,217,0,46,81,37,3,1,-2,0,117,0,-133,21,-75,-2
2551,4.08,T,32,0,294,22,140,52,67,0,Z,12,1,228,5,39,58,55,0,0,-20,1,-66,-17,-101,6,-12,0
2552,9.35,Z,66,0,411,0,31,201,229,8,T,77,0,326,0,34,329,237,12,0,11,0,-85,0,3,128,8,4
2553,9.58,Z,52,0,502,0,16,134,199,2,T,65,0,764,0,38,104,89,3,1,13,0,262,0,22,-30,-110,1
2554,3.1,T,12,1,102,0,40,40,29,5,Z,14,0,87,0,211,69,83,5,1,2,-1,-15,0,171,29,54,0
2555,5.44,Z,93,10,368,0,292,217,104,9,Z,52,6,218,1,710,184,176,25,1,-41,-4,-150,1,418,-33,72,16
2556,9.59,P,69,16,602,2,112,392,155,0,Z,62,2,379,0,132,230,271,2,0,-7,-14,-223,-2,20,-162,116,2
2557,5.2,T,45,0,162,0,0,148,113,1,P,23,4,228,0,15,150,106,1,0,-22,4,66,0,15,2,-7,0
2558,9.23,T,81,0,547,0,122,192,111,23,P,53,0,428,0,0,57,75,0,1,-28,0,-119,0,-122,-135,-36,-23
2559,6.31,Z,44,5,323,1,524,235,143,3,Z,38,5,203,2,183,121,191,5,0,-6,0,-120,1,-341,-114,48,2
2560,9.59,P,41,0,799,0,0,267,128,2,T,92,0,440,0,88,259,186,10,1,51,0,-359,0,88,-8,58,8
2561,9.58,T,89,0,444,0,296,203,65,15,T,43,0,654,0,14,141,98,3,1,-46,0,210,0,-282,-62,33,-12
2562,9.59,Z,78,2,473,0,263,245,392,2,T,69,0,551,0,26,137,194,7,0,-9,-2,78,0,-237,-108,-198,5
2563,9.57,T,102,0,358,0,222,349,195,13,T,72,2,518,0,582,239,224,9,1,-30,2,160,0,360,-110,29,-4
2564,9.58,Z,45,0,550,0,30,222,127,8,T,75,2,789,0,56,196,239,3,1,30,2,239,0,26,-26,112,-5
2565,9.59,T,104,2,569,0,97,475,98,4,Z,80,8,517,0,47,75,153,0,1,-24,6,-52,0,-50,-400,55,-4
2566,8.52,T,76,0,322,0,207,262,80,12,T,80,0,560,0,149,127,270,7,1,4,0,238,0,-58,-135,190,-5
2567,9.56,T,61,0,593,0,28,83,84,4,P,67,6,540,0,40,149,98,0,1,6,6,-53,0,12,66,14,-4
2568,2.03,Z,8,2,54,0,10,34,25,0,P,7,0,184,0,12,39,6,0,0,-1,-2,130,0,2,5,-19,0
2569,1.12,Z,4,0,2,0,0,11,31,5,T,6,0,36,0,0,5,10,6,1,2,0,34,0,0,-6,-21,1
2570,4.42,T,20,0,339,0,0,105,41,0,P,18,1,156,0,4,35,20,0,1,-2,1,-183,0,4,-70,-21,0
2571,4.45,T,30,1,255,0,27,37,35,0,P,25,2,183,0,116,81,71,12,0,-5,1,-72,0,89,44,36,12
2572,0.47,T,2,0,16,0,1,24,5,4,P,2,3,34,0,22,3,23,3,0,0,3,18,0,21,-21,18,-1
2573,8.12,Z,59,10,650,0,376,192,520,2,T,66,0,524,0,909,264,146,8,1,7,-10,-126,0,533,72,-374,6
2574,7.14,P,37,0,513,0,37,225,59,7,Z,40,3,230,0,29,213,163,3,0,3,3,-283,0,-8,-12,104,-4
2575,5.35,Z,50,1,249,0,503,182,309,7,Z,47,4,241,3,179,165,182,2,1,-3,3,-8,3,-324,-17,-127,-5
2576,9.58,Z,59,4,771,0,40,126,209,2,P,42,1,598,0,23,166,59,6,1,-17,-3,-173,0,-17,40,-150,4
2577,5.47,Z,22,2,176,0,22,104,97,0,Z,29,1,131,0,14,30,96,0,0,7,-1,-45,0,-8,-74,-1,0
2578,9.59,T,56,7,362,0,23,143,86,1,P,51,0,655,6,17,128,113,0,1,-5,-7,293,6,-6,-15,27,-1
2579,9.52,Z,34,0,291,0,34,92,129,2,T,97,0,486,0,3,296,348,0,1,63,0,195,0,-31,204,219,-2
2580,6.45,T,54,0,411,0,493,202,213,12,T,41,0,458,0,27,53,63,4,0,-13,0,47,0,-466,-149,-150,-8
2581,9.29,Z,86,8,370,0,350,198,233,3,P,59,0,477,0,154,250,93,6,0,-27,-8,107,0,-196,52,-140,3
2582,9.58,Z,83,11,463,0,162,188,293,10,Z,83,9,462,1,113,274,387,5,0,0,-2,-1,1,-49,86,94,-5
2583,7.18,T,46,2,624,0,3,192,201,0,P,36,0,447,0,0,242,89,2,0,-10,-2,-177,0,-3,50,-112,2
2584,10.36,P,100,0,531,0,389,245,147,11,T,139,0,594,0,1093,257,204,8,0,39,0,63,0,704,12,57,-3
2585,9.31,P,45,7,513,0,38,190,54,4,P,56,0,744,13,46,352,139,0,0,11,-7,231,13,8,162,85,-4
2586,7.33,T,53,0,334,6,215,209,97,0,Z,49,0,336,0,38,136,102,5,1,-4,0,2,-6,-177,-73,5,5
2587,9.59,T,77,6,592,0,236,122,111,2,T,79,0,878,0,26,195,141,7,1,2,-6,286,0,-210,73,30,5
2588,4.47,Z,17,0,286,0,6,24,69,2,Z,21,0,177,0,0,26,72,0,1,4,0,-109,0,-6,2,3,-2
2589,7.47,T,46,3,588,0,1,161,116,1,P,35,4,165,0,10,113,50,4,0,-11,1,-423,0,9,-48,-66,3
2590,9.59,T,32,0,618,0,0,32,55,0,T,34,0,58,0,0,6,46,0,1,2,0,-560,0,0,-26,-9,0
2591,9.39,Z,60,0,381,0,52,111,147,5,P,69,0,755,0,61,285,67,11,0,9,0,374,0,9,174,-80,6
2592,10.4,P,52,2,516,0,4,278,81,0,P,23,0,490,0,0,18,30,0,0,-29,-2,-26,0,-4,-260,-51,0
2593,9.59,Z,63,1,314,0,341,147,528,1,T,75,11,460,0,15,162,135,1,0,12,10,146,0,-326,15,-393,0
2594,6.58,Z,50,0,328,0,52,207,137,2,T,59,0,402,0,80,239,84,8,0,9,0,74,0,28,32,-53,6
2595,3.25,Z,14,0,62,0,3,33,125,9,Z,20,4,144,0,208,85,115,2,1,6,4,82,0,205,52,-10,-7
2596,8.36,Z,74,1,334,0,174,234,222,7,T,74,0,537,0,274,186,191,10,0,0,-1,203,0,100,-48,-31,3
2597,9.59,T,69,0,486,0,267,203,262,5,P,58,0,676,0,36,282,97,23,1,-11,0,190,0,-231,79,-165,18
2598,3.45,Z,13,0,115,0,99,83,63,5,P,19,0,117,0,52,59,12,1,0,6,0,2,0,-47,-24,-51,-4
2599,9.58,T,70,5,812,0,44,197,147,2,P,38,3,985,0,19,274,104,3,0,-32,-2,173,0,-25,77,-43,1
2600,4.55,P,16,0,224,0,0,43,23,0,P,23,0,200,0,1,140,202,3,0,7,0,-24,0,1,97,179,3
2601,6.25,T,32,1,410,0,2,76,100,1,P,34,0,664,0,25,90,50,6,1,2,-1,254,0,23,14,-50,5
2602,10.01,T,93,4,419,0,70,178,132,10,P,39,0,210,0,9,83,57,1,0,-54,-4,-209,0,-61,-95,-75,-9
2603,9.38,T,87,0,609,0,21,126,87,10,T,87,0,489,0,163,222,167,28,1,0,0,-120,0,142,96,80,18
2604,10.16,T,80,0,690,0,56,160,78,4,P,46,0,330,0,48,71,56,12,0,-34,0,-360,0,-8,-89,-22,8
2605,1.42,P,9,0,19,0,213,16,26,3,P,6,1,111,0,33,53,38,3,1,-3,1,92,0,-180,37,12,0
2606,9.59,T,72,0,591,0,33,183,113,8,T,81,4,686,0,108,180,214,0,1,9,4,95,0,75,-3,101,-8
2607,5.53,T,40,4,473,0,24,101,118,2,P,35,0,246,0,5,82,62,5,1,-5,-4,-227,0,-19,-19,-56,3
2608,4.19,Z,13,0,161,0,3,65,122,1,P,14,0,139,0,0,92,24,0,0,1,0,-22,0,-3,27,-98,-1
2609,6.44,P,23,0,208,0,34,62,67,2,P,27,7,161,1,21,136,60,1,0,4,7,-47,1,-13,74,-7,-1
2610,8.22,P,51,3,519,0,383,210,77,4,T,65,0,621,0,372,201,91,20,1,14,-3,102,0,-11,-9,14,16
2611,9.59,P,51,1,994,0,77,207,150,2,T,67,0,713,0,39,217,251,8,0,16,-1,-281,0,-38,10,101,6
2612,9.19,T,67,0,498,0,10,171,108,3,T,66,0,695,0,0,131,113,1,1,-1,0,197,0,-10,-40,5,-2
2613,9.14,T,123,14,460,0,532,304,177,6,Z,54,6,438,0,482,153,608,0,0,-69,-8,-22,0,-50,-151,431,-6
2614,8.57,P,56,0,433,0,300,302,404,8,T,75,0,502,0,153,276,145,7,0,19,0,69,0,-147,-26,-259,-1
2615,7.49,T,41,5,352,0,19,108,96,0,P,62,2,364,4,63,279,98,0,1,21,-3,12,4,44,171,2,0
2616,2.48,P,6,0,187,0,3,23,6,1,P,11,0,63,0,1,46,23,1,0,5,0,-124,0,-2,23,17,0
2617,4.3,Z,13,4,136,0,14,59,51,2,T,19,1,265,0,103,37,27,1,0,6,-3,129,0,89,-22,-24,-1
2618,4.1,Z,21,0,328,0,40,115,61,2,T,16,0,410,0,0,52,26,1,1,-5,0,82,0,-40,-63,-35,-1
2619,7.01,T,36,0,248,0,0,25,50,0,Z,27,0,288,0,0,20,79,0,0,-9,0,40,0,0,-5,29,0
2620,7.04,Z,35,4,390,0,28,138,107,0,Z,23,0,92,0,4,51,87,2,0,-12,-4,-298,0,-24,-87,-20,2
2621,9.59,T,58,2,532,0,7,134,112,2,Z,33,3,809,0,8,228,123,4,0,-25,1,277,0,1,94,11,2
2622,10.39,Z,48,0,676,0,234,254,204,7,P,29,0,685,0,0,222,79,0,1,-19,0,9,0,-234,-32,-125,-7
2623,6.1,T,49,1,304,0,252,127,133,3,P,47,0,344,0,47,132,53,13,0,-2,-1,40,0,-205,5,-80,10
2624,9.59,P,55,5,303,0,17,143,66,0,T,60,3,574,0,18,74,91,0,1,5,-2,271,0,1,-69,25,0
2625,4.01,Z,17,3,145,0,348,80,134,1,Z,17,0,210,0,0,49,61,0,1,0,-3,65,0,-348,-31,-73,-1
2626,6.59,P,96,0,280,0,447,290,214,20,P,68,0,353,0,393,357,130,20,1,-28,0,73,0,-54,67,-84,0
2627,3.26,T,11,0,102,4,169,56,35,1,Z,19,0,212,0,169,22,44,3,1,8,0,110,-4,0,-34,9,2
2628,9.59,P,49,0,808,0,12,112,85,2,Z,57,3,422,0,28,267,237,3,1,8,3,-386,0,16,155,152,1
2629,10.19,P,78,5,557,0,93,356,153,10,T,93,0,560,0,346,294,129,6,0,15,-5,3,0,253,-62,-24,-4
2630,9.57,T,75,0,925,0,53,132,166,10,Z,52,0,358,0,94,56,180,9,0,-23,0,-567,0,41,-76,14,-1
2631,10.22,P,26,0,608,0,0,47,68,0,Z,50,0,481,0,63,105,157,10,0,24,0,-127,0,63,58,89,10
2632,9.58,T,52,2,238,0,36,35,52,6,P,80,14,399,0,93,179,203,6,1,28,12,161,0,57,144,151,0
2633,10.01,Z,71,0,638,0,41,230,185,8,P,67,0,378,0,40,195,131,8,1,-4,0,-260,0,-1,-35,-54,0
2634,7.55,P,56,0,249,0,33,90,43,11,Z,64,5,326,2,91,278,211,2,1,8,5,77,2,58,188,168,-9
2635,10.44,Z,50,0,815,0,90,136,180,6,P,51,7,772,0,16,135,81,2,0,1,7,-43,0,-74,-1,-99,-4
2636,8.33,T,76,8,380,0,66,261,115,1,T,58,0,385,0,96,184,122,1,1,-18,-8,5,0,30,-77,7,0
2637,10.21,T,77,9,343,0,431,256,126,7,T,50,1,500,0,1142,138,143,6,0,-27,-8,157,0,711,-118,17,-1
2638,3.08,Z,14,1,65,0,366,33,49,5,T,20,0,161,0,48,57,39,2,0,6,-1,96,0,-318,24,-10,-3
2639,9.04,T,70,2,392,0,47,75,115,8,T,59,0,519,0,2,96,75,2,1,-11,-2,127,0,-45,21,-40,-6
2640,8.15,P,73,4,586,0,44,267,60,5,Z,47,0,372,0,110,199,282,3,1,-26,-4,-214,0,66,-68,222,-2
2641,3.44,P,19,0,99,0,92,88,58,3,T,20,1,248,0,266,177,115,2,0,1,1,149,0,174,89,57,-1
2642,9.57,T,86,0,1017,0,58,207,140,5,P,48,0,165,0,0,111,38,0,1,-38,0,-852,0,-58,-96,-102,-5
2643,5.34,T,25,2,446,0,5,144,50,0,P,33,1,412,0,69,133,120,3,1,8,-1,-34,0,64,-11,70,3
2644,9.59,T,89,1,641,0,53,316,163,10,Z,70,10,379,0,274,177,153,9,0,-19,9,-262,0,221,-139,-10,-1
2645,8.33,T,71,6,472,0,548,83,72,12,Z,50,4,571,0,88,152,172,1,0,-21,-2,99,0,-460,69,100,-11
2646,9.59,T,71,11,499,0,33,68,113,0,P,52,0,535,0,363,281,138,11,1,-19,-11,36,0,330,213,25,11
2647,10.24,P,51,0,618,0,29,160,74,8,Z,47,1,518,0,18,33,113,0,0,-4,1,-100,0,-11,-127,39,-8
2648,9.59,Z,60,0,336,0,31,281,260,10,P,61,0,340,0,161,638,126,17,0,1,0,4,0,130,357,-134,7
2649,7.22,P,61,0,359,8,120,234,59,4,P,39,0,283,0,33,210,238,4,0,-22,0,-76,-8,-87,-24,179,0
2650,6.01,T,29,0,473,0,1,163,84,1,T,35,0,315,0,0,156,76,0,1,6,0,-158,0,-1,-7,-8,-1
2651,9.57,Z,45,0,604,0,12,106,155,5,P,37,0,396,0,8,74,63,2,0,-8,0,-208,0,-4,-32,-92,-3
2652,3.5,P,16,0,54,0,178,39,182,2,T,18,0,134,0,140,74,84,8,0,2,0,80,0,-38,35,-98,6
2653,8.19,Z,35,0,421,0,60,107,116,4,T,38,1,381,0,0,113,68,0,0,3,1,-40,0,-60,6,-48,-4
2654,4.54,Z,25,2,443,0,121,67,142,2,T,26,4,299,0,319,146,62,1,1,1,2,-144,0,198,79,-80,-1
2655,6.4,T,28,0,353,0,0,83,79,0,Z,29,0,50,0,2,84,131,1,0,1,0,-303,0,2,1,52,1
2656,9.59,T,51,0,513,0,3,109,70,1,P,54,0,452,0,258,270,181,6,1,3,0,-61,0,255,161,111,5
2657,8.42,Z,48,0,382,0,110,164,220,4,P,64,1,322,0,14,301,137,13,1,16,1,-60,0,-96,137,-83,9
2658,9.59,P,49,0,638,0,7,282,80,2,P,53,3,684,3,62,224,63,0,0,4,3,46,3,55,-58,-17,-2
2659,9.59,Z,62,2,421,0,9,104,170,3,P,64,2,673,0,10,191,122,0,1,2,0,252,0,1,87,-48,-3
2660,9.58,T,57,0,429,0,8,216,114,3,P,47,0,354,0,6,177,223,2,1,-10,0,-75,0,-2,-39,109,-1
2661,6.35,Z,50,0,408,0,649,209,153,8,P,54,2,436,0,72,203,102,1,1,4,2,28,0,-577,-6,-51,-7
2662,3.45,T,20,0,97,0,15,87,110,4,T,28,1,184,0,88,127,95,7,1,8,1,87,0,73,40,-15,3
2663,9.31,T,73,4,594,0,274,355,300,0,Z,49,0,406,0,0,258,204,0,1,-24,-4,-188,0,-274,-97,-96,0
2664,10.57,P,49,5,419,0,23,94,75,0,Z,50,10,425,0,50,160,197,3,1,1,5,6,0,27,66,122,3
2665,10.24,P,63,0,578,0,51,176,149,5,T,88,0,831,0,106,271,99,9,1,25,0,253,0,55,95,-50,4
2666,5.3,T,52,3,295,0,18,120,54,0,P,21,0,283,0,1,70,37,2,0,-31,-3,-12,0,-17,-50,-17,2
2667,2.37,T,10,0,180,0,13,27,7,4,T,10,0,91,0,10,37,23,6,1,0,0,-89,0,-3,10,16,2
2668,5.1,Z,15,2,215,0,21,25,125,0,P,21,0,277,0,53,85,66,5,0,6,-2,62,0,32,60,-59,5
2669,7.25,P,31,0,408,0,10,105,52,1,T,27,2,153,0,4,128,33,3,1,-4,2,-255,0,-6,23,-19,2
2670,4.06,Z,15,1,112,0,3,23,159,1,P,18,0,170,0,35,89,39,0,0,3,-1,58,0,32,66,-120,-1
2671,7.4,Z,55,0,448,0,140,152,268,9,P,57,0,477,0,57,250,74,7,0,2,0,29,0,-83,98,-194,-2
2672,9.15,P,65,8,341,2,197,233,75,3,P,62,0,389,0,544,333,192,9,1,-3,-8,48,-2,347,100,117,6
2673,9.58,T,97,0,478,0,136,215,121,13,T,138,0,514,0,135,341,134,19,0,41,0,36,0,-1,126,13,6
2674,5.02,Z,18,2,244,0,21,63,71,0,T,28,1,152,0,373,92,49,4,1,10,-1,-92,0,352,29,-22,4
2675,5.11,P,12,0,335,0,0,15,23,0,Z,18,2,369,0,1,48,75,0,1,6,2,34,0,1,33,52,0
2676,2.17,T,9,0,87,0,134,54,121,4,T,9,0,69,0,16,28,34,2,1,0,0,-18,0,-118,-26,-87,-2
2677,7.21,T,59,0,329,0,410,224,101,19,Z,60,0,282,0,56,253,162,3,0,1,0,-47,0,-354,29,61,-16
2678,10.56,T,40,0,304,0,0,96,73,0,P,59,11,937,0,28,116,79,0,1,19,11,633,0,28,20,6,0
2679,7.49,P,36,2,378,1,22,118,66,0,T,37,5,375,0,2,42,73,0,0,1,3,-3,-1,-20,-76,7,0
2680,10.13,Z,74,6,456,0,301,162,426,15,P,69,0,625,0,152,216,188,8,1,-5,-6,169,0,-149,54,-238,-7
2681,4.11,P,10,0,177,0,0,6,20,0,T,15,0,133,0,8,15,28,2,0,5,0,-44,0,8,9,8,2
2682,6.21,P,37,0,347,0,4,157,164,2,P,34,6,284,0,117,177,34,4,1,-3,6,-63,0,113,20,-130,2
2683,9.48,T,69,4,641,1,58,42,58,7,T,58,0,585,0,26,177,82,4,0,-11,-4,-56,-1,-32,135,24,-3
2684,9.59,Z,52,0,256,0,177,142,196,7,P,93,1,371,0,110,209,63,8,0,41,1,115,0,-67,67,-133,1
2685,9.59,P,55,0,560,0,43,207,79,5,P,63,0,551,0,19,289,90,2,1,8,0,-9,0,-24,82,11,-3
2686,9.59,T,101,5,543,0,928,356,298,5,Z,88,12,818,0,278,361,279,1,1,-13,7,275,0,-650,5,-19,-4
2687,9.13,T,68,8,549,0,152,179,165,20,T,57,0,469,0,4,194,151,6,1,-11,-8,-80,0,-148,15,-14,-14
2688,7.26,T,56,4,298,0,16,125,231,0,P,41,0,602,0,17,99,96,2,0,-15,-4,304,0,1,-26,-135,2
2689,9.59,T,56,0,309,0,0,20,106,0,T,31,0,425,0,11,29,45,2,0,-25,0,116,0,11,9,-61,2
2690,4.3,T,19,0,263,0,0,18,49,1,Z,13,0,239,0,10,96,77,3,0,-6,0,-24,0,10,78,28,2
2691,8.25,P,54,4,484,3,13,95,68,0,T,78,0,556,0,656,223,107,10,0,24,-4,72,-3,643,128,39,10
2692,6.29,P,48,2,375,0,38,217,89,7,P,62,1,244,0,272,221,64,6,1,14,-1,-131,0,234,4,-25,-1
2693,2.11,Z,7,0,90,0,197,53,87,4,T,10,0,72,0,120,45,25,2,0,3,0,-18,0,-77,-8,-62,-2
2694,4.01,T,33,1,185,0,2,109,26,1,P,12,0,213,0,1,120,32,2,0,-21,-1,28,0,-1,11,6,1
2695,5.48,Z,32,1,185,0,28,103,141,1,T,31,1,43,0,1,41,117,0,1,-1,0,-142,0,-27,-62,-24,-1
2696,9.59,T,95,0,435,0,114,271,126,10,T,116,5,487,0,57,380,192,9,1,21,5,52,0,-57,109,66,-1
2697,6,Z,44,0,287,0,82,129,132,7,P,52,1,382,0,198,149,130,12,1,8,1,95,0,116,20,-2,5
2698,6.53,P,41,0,337,0,191,90,163,7,T,51,4,288,0,121,148,63,3,1,10,4,-49,0,-70,58,-100,-4
2699,4.42,Z,18,0,73,0,13,103,130,1,Z,17,2,193,0,14,89,86,0,0,-1,2,120,0,1,-14,-44,-1
2700,4.06,Z,26,4,158,0,63,51,67,4,T,20,0,303,16,159,22,54,0,0,-6,-4,145,16,96,-29,-13,-4
2701,8.08,T,68,4,358,0,72,180,86,6,P,93,0,304,0,53,229,61,7,1,25,-4,-54,0,-19,49,-25,1
2702,9.59,Z,56,3,596,0,391,263,517,4,Z,73,0,1023,0,79,183,208,6,1,17,-3,427,0,-312,-80,-309,2
2703,8.1,Z,51,5,223,0,54,135,116,4,P,57,0,137,0,30,66,73,7,1,6,-5,-86,0,-24,-69,-43,3
2704,4.5,Z,31,0,49,0,44,95,88,9,T,39,3,281,0,228,94,83,10,1,8,3,232,0,184,-1,-5,1
2705,4.11,Z,20,0,100,0,20,45,56,1,P,18,0,402,0,0,30,25,0,1,-2,0,302,0,-20,-15,-31,-1
2706,1.42,Z,6,1,15,0,0,5,21,0,Z,7,0,25,0,0,26,74,1,1,1,-1,10,0,0,21,53,1
2707,9.21,T,25,5,679,0,10,27,50,0,T,33,0,422,0,0,28,34,1,1,8,-5,-257,0,-10,1,-16,1
2708,2.57,T,15,1,314,0,445,4,33,3,T,20,0,125,0,16,33,42,4,1,5,-1,-189,0,-429,29,9,1
2709,9.59,Z,48,1,245,0,16,154,237,5,Z,55,0,300,0,40,179,185,9,1,7,-1,55,0,24,25,-52,4
2710,9.09,Z,55,8,305,0,87,282,231,4,Z,29,0,534,0,29,317,170,2,0,-26,-8,229,0,-58,35,-61,-2
2711,8.11,T,64,4,747,0,19,113,77,1,T,64,0,764,12,55,79,95,0,0,0,-4,17,12,36,-34,18,-1
2712,9.59,Z,74,0,777,0,519,418,304,16,Z,75,9,835,0,40,476,226,1,0,1,9,58,0,-479,58,-78,-15
2713,9.58,Z,177,23,613,0,557,368,373,3,T,152,0,486,22,602,297,255,0,1,-25,-23,-127,22,45,-71,-118,-3
2714,9.56,P,52,9,478,0,22,140,74,1,T,76,5,738,0,70,192,125,0,1,24,-4,260,0,48,52,51,-1
2715,3.53,T,21,2,186,0,47,54,40,3,P,21,0,188,0,1,59,29,0,1,0,-2,2,0,-46,5,-11,-3
2716,8.08,P,37,1,450,0,33,133,102,5,Z,50,3,350,0,58,173,191,7,1,13,2,-100,0,25,40,89,2
2717,9.59,T,72,0,747,0,26,203,173,10,P,66,0,876,0,271,355,180,5,0,-6,0,129,0,245,152,7,-5
2718,5.3,Z,24,0,220,0,14,63,92,1,T,28,0,445,0,5,156,57,4,1,4,0,225,0,-9,93,-35,3
2719,9.37,Z,86,0,463,0,172,324,398,8,T,98,0,500,0,440,436,170,11,0,12,0,37,0,268,112,-228,3
2720,10.36,Z,59,1,540,0,36,270,254,3,Z,67,0,1017,0,22,193,236,5,1,8,-1,477,0,-14,-77,-18,2
2721,10.02,T,56,0,544,0,1,29,75,6,T,50,2,544,0,29,17,47,4,1,-6,2,0,0,28,-12,-28,-2
2722,9.59,Z,55,6,320,0,11,105,153,0,T,76,0,937,0,24,165,115,4,0,21,-6,617,0,13,60,-38,4
2723,10.54,P,32,0,467,0,0,224,58,0,Z,56,5,816,0,30,70,183,0,1,24,5,349,0,30,-154,125,0
2724,10.35,T,110,2,559,0,219,186,431,5,Z,109,3,518,0,42,152,325,4,0,-1,1,-41,0,-177,-34,-106,-1
2725,8.1,T,47,1,391,0,14,134,82,0,T,30,2,377,0,2,66,50,3,0,-17,1,-14,0,-12,-68,-32,3
2726,5.17,T,30,2,312,0,1,56,61,0,Z,25,0,249,0,9,83,82,0,0,-5,-2,-63,0,8,27,21,0
2727,4.37,Z,17,1,67,0,4,24,63,2,P,22,1,181,0,6,141,42,0,0,5,0,114,0,2,117,-21,-2
2728,8.53,Z,63,4,633,0,316,284,385,2,P,64,6,1177,0,88,206,63,6,0,1,2,544,0,-228,-78,-322,4
2729,6.14,T,33,0,302,0,0,161,68,1,T,70,8,475,0,67,191,52,1,1,37,8,173,0,67,30,-16,0
2730,4.46,T,17,0,229,0,0,25,33,0,P,14,0,154,0,0,17,16,1,1,-3,0,-75,0,0,-8,-17,1
2731,2.26,P,9,0,64,0,29,25,129,4,Z,10,0,66,0,140,47,83,2,1,1,0,2,0,111,22,-46,-2
2732,4.57,Z,21,1,157,0,112,18,51,1,T,22,0,525,0,0,31,36,0,0,1,-1,368,0,-112,13,-15,-1
2733,9.59,T,80,0,472,0,198,187,209,30,Z,56,0,399,0,369,203,529,6,1,-24,0,-73,0,171,16,320,-24
2734,9.59,P,53,0,745,0,81,306,148,16,P,49,4,526,0,21,249,69,3,0,-4,4,-219,0,-60,-57,-79,-13
2735,9,P,39,8,439,0,450,160,87,9,Z,54,0,513,0,182,214,207,14,0,15,-8,74,0,-268,54,120,5
2736,6.45,T,35,0,441,0,26,34,100,4,T,21,0,292,0,0,33,31,0,0,-14,0,-149,0,-26,-1,-69,-4
2737,2.45,P,15,0,99,0,83,78,19,4,T,4,1,47,0,4,51,25,0,0,-11,1,-52,0,-79,-27,6,-4
2738,2.1,T,10,0,77,0,10,83,19,3,T,8,0,52,0,326,34,110,2,0,-2,0,-25,0,316,-49,91,-1
2739,9.44,Z,47,0,443,0,244,145,192,2,T,51,5,307,0,0,50,91,0,1,4,5,-136,0,-244,-95,-101,-2
2740,9.56,P,41,0,578,0,0,50,82,0,P,35,0,497,0,0,35,22,0,1,-6,0,-81,0,0,-15,-60,0
2741,9.58,T,26,0,567,0,0,17,59,0,T,52,0,647,0,1,64,88,6,1,26,0,80,0,1,47,29,6
2742,9.53,P,54,0,428,0,23,233,313,9,P,58,7,480,0,384,188,59,1,0,4,7,52,0,361,-45,-254,-8
2743,7.44,Z,45,3,526,0,35,168,107,4,T,60,0,607,0,14,159,93,5,1,15,-3,81,0,-21,-9,-14,1
2744,9.19,Z,51,0,438,0,4,194,136,2,P,36,0,468,0,0,49,40,0,0,-15,0,30,0,-4,-145,-96,-2
2745,8.38,Z,33,0,176,0,0,69,85,2,T,62,4,153,0,174,129,76,1,1,29,4,-23,0,174,60,-9,-1
2746,6.5,P,27,0,215,0,6,73,53,3,T,31,2,465,0,21,33,36,4,1,4,2,250,0,15,-40,-17,1
2747,7.52,T,65,0,387,0,724,225,298,8,Z,47,6,152,0,25,172,173,7,0,-18,6,-235,0,-699,-53,-125,-1
2748,4.03,P,28,2,99,0,479,65,42,8,T,20,0,406,0,80,62,39,5,0,-8,-2,307,0,-399,-3,-3,-3
2749,7.59,Z,50,0,441,0,206,174,159,10,T,53,3,315,0,1173,121,59,10,1,3,3,-126,0,967,-53,-100,0
2750,7.31,Z,73,0,283,0,239,230,198,8,Z,55,0,275,0,26,211,279,0,0,-18,0,-8,0,-213,-19,81,-8
2751,9.59,T,90,10,251,0,68,141,88,2,P,84,0,342,0,42,269,135,2,1,-6,-10,91,0,-26,128,47,0
2752,7,Z,36,0,232,0,813,106,239,6,P,33,0,420,0,0,68,92,0,0,-3,0,188,0,-813,-38,-147,-6
2753,6.15,T,21,0,356,0,0,30,37,0,T,21,1,176,0,2,22,28,2,1,0,1,-180,0,2,-8,-9,2
2754,9.58,Z,42,0,280,1,12,219,185,0,T,65,0,457,0,81,151,99,2,0,23,0,177,-1,69,-68,-86,2
2755,6.06,T,41,0,293,0,25,106,70,5,P,44,0,262,0,230,183,104,9,1,3,0,-31,0,205,77,34,4
2756,7.15,T,54,0,364,0,419,149,186,8,Z,48,2,411,0,463,252,185,6,1,-6,2,47,0,44,103,-1,-2
2757,3.3,T,16,0,105,0,499,28,98,6,Z,9,1,79,0,118,25,38,5,0,-7,1,-26,0,-381,-3,-60,-1
2758,8.27,Z,60,3,347,0,204,200,297,3,P,36,0,646,0,0,80,85,0,0,-24,-3,299,0,-204,-120,-212,-3
2759,2.54,T,11,0,146,0,107,35,16,8,T,7,5,190,0,61,65,17,0,1,-4,5,44,0,-46,30,1,-8
2760,9.53,T,129,5,555,0,827,247,147,12,Z,118,14,644,0,232,249,297,4,0,-11,9,89,0,-595,2,150,-8
2761,10.26,Z,108,1,352,0,232,92,322,6,Z,71,0,389,34,370,256,464,1,1,-37,-1,37,34,138,164,142,-5
2762,7.17,Z,63,4,410,0,484,228,249,10,P,63,0,548,0,322,241,135,33,0,0,-4,138,0,-162,13,-114,23
2763,4.45,P,27,0,112,0,4,87,52,3,T,33,0,340,20,185,35,59,0,1,6,0,228,20,181,-52,7,-3
2764,7.54,P,33,1,299,0,6,100,79,0,P,52,14,487,0,18,185,77,0,0,19,13,188,0,12,85,-2,0
2765,6.3,T,28,0,1046,0,0,156,69,0,T,39,4,401,0,5,122,112,2,1,11,4,-645,0,5,-34,43,2
2766,9.59,Z,62,6,749,0,137,207,342,8,P,63,13,474,0,561,334,98,5,0,1,7,-275,0,424,127,-244,-3
2767,6.13,Z,45,0,314,0,207,133,209,8,P,25,0,438,0,0,206,33,0,0,-20,0,124,0,-207,73,-176,-8
2768,5.49,P,29,1,312,0,3,44,52,0,T,33,0,349,0,25,153,56,3,0,4,-1,37,0,22,109,4,3
2769,9.04,Z,41,0,170,0,19,82,187,1,Z,42,1,395,0,21,117,169,4,0,1,1,225,0,2,35,-18,3
2770,5.17,T,22,4,497,0,15,73,47,0,T,37,4,97,0,0,16,49,0,1,15,0,-400,0,-15,-57,2,0
2771,4.35,Z,22,0,160,0,39,180,62,4,Z,19,0,406,0,0,37,63,0,0,-3,0,246,0,-39,-143,1,-4
2772,5.18,Z,25,0,163,0,0,31,56,0,T,30,0,146,0,4,19,37,2,1,5,0,-17,0,4,-12,-19,2
2773,9.59,Z,56,2,323,0,10,41,141,0,T,57,4,833,0,60,133,65,4,1,1,2,510,0,50,92,-76,4
2774,10.33,Z,51,7,550,0,28,132,180,1,T,51,6,591,0,10,115,72,0,0,0,-1,41,0,-18,-17,-108,-1
2775,0.31,P,2,0,5,0,68,11,21,4,P,2,0,8,0,8,5,18,1,0,0,0,3,0,-60,-6,-3,-3
2776,5.07,Z,25,5,197,0,29,87,63,0,Z,20,0,166,0,2,102,140,0,0,-5,-5,-31,0,-27,15,77,0
2777,3.41,T,29,0,91,0,226,75,47,4,T,20,0,317,0,284,53,81,1,1,-9,0,226,0,58,-22,34,-3
2778,6.02,P,54,0,254,0,62,251,73,7,P,44,0,188,0,44,134,96,2,1,-10,0,-66,0,-18,-117,23,-5
2779,3.12,T,18,0,204,0,136,119,63,5,T,17,0,199,0,27,29,29,3,0,-1,0,-5,0,-109,-90,-34,-2
2780,3.04,Z,10,0,55,0,24,37,39,4,T,6,0,68,0,3,5,9,3,1,-4,0,13,0,-21,-32,-30,-1
2781,8.03,Z,46,0,464,0,67,167,186,7,T,89,4,382,0,384,239,73,5,1,43,4,-82,0,317,72,-113,-2
2782,10.26,Z,60,0,400,0,157,132,211,9,T,60,0,708,0,0,176,159,0,0,0,0,308,0,-157,44,-52,-9
2783,9.58,P,52,10,455,0,31,212,289,1,T,75,0,549,0,464,273,296,8,0,23,-10,94,0,433,61,7,7
2784,5.48,T,30,0,389,0,6,35,50,4,T,47,3,203,0,328,80,73,9,1,17,3,-186,0,322,45,23,5
2785,5.06,T,15,0,173,0,0,75,26,0,T,24,2,234,0,14,168,38,1,1,9,2,61,0,14,93,12,1
2786,5.36,T,35,0,532,0,21,42,126,2,P,37,0,204,0,23,181,49,6,1,2,0,-328,0,2,139,-77,4
2787,9.58,Z,98,0,630,0,38,293,280,5,T,144,6,657,0,467,304,280,3,1,46,6,27,0,429,11,0,-2
2788,9.47,P,56,3,828,0,6,127,100,0,T,42,5,392,0,13,108,90,0,0,-14,2,-436,0,7,-19,-10,0
2789,6.43,T,34,4,519,0,3,43,41,0,T,51,0,526,0,43,196,111,3,1,17,-4,7,0,40,153,70,3
2790,6.2,Z,52,3,331,0,142,185,221,1,T,45,1,241,0,71,97,68,3,0,-7,-2,-90,0,-71,-88,-153,2
2791,10.3,T,72,0,522,0,107,312,148,10,Z,88,7,716,0,76,183,415,0,1,16,7,194,0,-31,-129,267,-10
2792,10.47,T,150,0,818,0,173,427,127,21,P,122,0,698,0,65,414,193,8,0,-28,0,-120,0,-108,-13,66,-13
2793,6.29,Z,48,7,191,0,237,182,213,0,Z,37,4,231,0,25,184,111,6,0,-11,-3,40,0,-212,2,-102,6
2794,9.59,P,45,8,399,0,445,270,60,6,P,58,0,774,0,21,191,71,7,0,13,-8,375,0,-424,-79,11,1
2795,9.55,P,62,12,640,0,40,236,72,0,P,70,0,610,0,320,168,161,7,0,8,-12,-30,0,280,-68,89,7
2796,8.44,Z,64,11,496,0,82,212,198,1,Z,52,0,301,0,52,158,164,6,0,-12,-11,-195,0,-30,-54,-34,5
2797,9.59,Z,50,1,837,0,79,74,148,0,Z,52,1,526,0,20,146,181,0,1,2,0,-311,0,-59,72,33,0
2798,8.5,Z,50,0,539,0,50,54,158,4,P,73,8,502,0,176,311,101,14,1,23,8,-37,0,126,257,-57,10
2799,9.1,T,66,0,556,0,34,181,87,8,Z,57,1,939,0,34,191,153,7,0,-9,1,383,0,0,10,66,-1
2800,10.48,T,132,3,328,0,795,491,534,20,T,123,0,670,0,459,342,375,13,1,-9,-3,342,0,-336,-149,-159,-7
2801,9.59,T,75,5,456,0,24,411,144,4,Z,53,0,367,0,14,158,225,5,0,-22,-5,-89,0,-10,-253,81,1
2802,9.59,P,45,1,773,0,13,310,42,1,T,52,0,830,0,2,122,111,1,1,7,-1,57,0,-11,-188,69,0
2803,8.42,P,72,0,575,0,65,193,68,6,T,85,7,385,0,650,290,223,0,0,13,7,-190,0,585,97,155,-6
2804,9.56,T,52,0,374,0,10,173,79,10,T,49,0,638,0,0,176,111,0,1,-3,0,264,0,-10,3,32,-10
2805,4.4,P,24,0,156,0,24,136,92,6,T,24,0,318,0,0,47,41,7,0,0,0,162,0,-24,-89,-51,1
2806,4.27,Z,20,2,202,0,1,80,64,0,P,21,0,250,0,91,152,41,4,0,1,-2,48,0,90,72,-23,4
2807,8.02,P,73,0,387,0,230,281,187,9,Z,52,2,632,0,154,131,233,1,0,-21,2,245,0,-76,-150,46,-8
2808,9.59,P,64,3,477,0,135,257,104,9,T,100,11,866,0,155,164,97,2,1,36,8,389,0,20,-93,-7,-7
2809,9.59,T,78,1,397,0,16,170,127,3,P,60,5,535,0,11,386,172,0,1,-18,4,138,0,-5,216,45,-3
2810,6.25,Z,45,0,418,0,35,109,101,2,P,38,0,346,0,28,177,79,3,0,-7,0,-72,0,-7,68,-22,1
2811,6.18,Z,32,0,244,0,7,161,299,5,T,40,0,209,0,9,106,80,7,0,8,0,-35,0,2,-55,-219,2
2812,7.37,P,62,1,283,0,275,256,248,5,Z,51,0,339,0,78,128,297,3,0,-11,-1,56,0,-197,-128,49,-2
2813,6.42,T,52,0,307,0,29,133,107,6,P,60,1,157,0,138,237,100,6,0,8,1,-150,0,109,104,-7,0
2814,9.58,T,43,2,345,0,6,62,47,6,T,24,0,354,0,0,46,58,0,1,-19,-2,9,0,-6,-16,11,-6
2815,9.07,Z,67,2,544,0,66,230,177,3,T,66,5,288,0,264,184,88,4,1,-1,3,-256,0,198,-46,-89,1
2816,4.02,Z,18,6,268,0,2,53,50,2,T,20,0,616,0,0,45,48,1,0,2,-6,348,0,-2,-8,-2,-1
2817,9.25,T,101,4,392,4,144,272,165,4,T,84,0,591,0,6,254,207,3,0,-17,-4,199,-4,-138,-18,42,-1
2818,9.57,T,31,0,438,0,17,58,73,5,T,58,3,475,0,224,172,193,5,1,27,3,37,0,207,114,120,0
2819,5.25,Z,40,0,246,0,55,136,95,10,T,38,3,244,0,32,93,71,4,0,-2,3,-2,0,-23,-43,-24,-6
2820,7.27,T,60,2,636,3,10,311,106,0,Z,36,0,469,0,8,186,109,2,0,-24,-2,-167,-3,-2,-125,3,2
2821,7.26,Z,48,0,570,0,314,184,198,3,P,48,0,343,0,1,54,84,4,0,0,0,-227,0,-313,-130,-114,1
2822,6.08,Z,44,0,419,0,339,201,342,5,Z,48,5,250,0,345,218,257,5,1,4,5,-169,0,6,17,-85,0
2823,9.59,Z,61,0,540,0,377,252,283,8,Z,59,0,466,0,50,121,162,5,1,-2,0,-74,0,-327,-131,-121,-3
2824,9.59,T,127,4,756,0,1042,274,154,10,Z,68,7,727,0,60,240,212,16,0,-59,3,-29,0,-982,-34,58,6
2825,10.1,Z,44,0,104,0,21,23,142,1,Z,32,2,467,0,8,80,153,1,0,-12,2,363,0,-13,57,11,0
2826,10.33,Z,79,3,307,0,195,361,310,6,T,131,7,491,0,915,314,181,9,0,52,4,184,0,720,-47,-129,3
2827,9.59,Z,83,0,408,7,78,196,244,4,T,83,3,476,0,68,230,76,7,1,0,3,68,-7,-10,34,-168,3
2828,9.58,P,34,0,441,0,16,84,42,6,T,50,7,535,0,12,32,61,1,0,16,7,94,0,-4,-52,19,-5
2829,7.06,P,38,0,243,0,137,142,176,1,P,31,1,265,0,21,69,33,3,0,-7,1,22,0,-116,-73,-143,2
2830,8.15,P,45,10,615,0,36,63,71,0,Z,46,0,612,0,0,42,145,0,0,1,-10,-3,0,-36,-21,74,0
2831,9.53,P,29,0,517,0,0,48,53,0,P,36,0,544,0,0,54,57,0,0,7,0,27,0,0,6,4,0
2832,4.17,P,27,5,213,0,132,156,127,0,Z,19,3,163,0,5,43,77,3,0,-8,-2,-50,0,-127,-113,-50,3
2833,9.59,Z,67,0,450,0,11,155,180,14,T,66,11,642,0,58,275,138,0,1,-1,11,192,0,47,120,-42,-14
2834,4.41,Z,24,1,107,0,15,82,73,1,Z,24,0,114,0,7,50,132,5,1,0,-1,7,0,-8,-32,59,4
2835,9.59,T,63,6,509,0,12,165,92,0,T,95,4,425,0,232,183,137,6,0,32,-2,-84,0,220,18,45,6
2836,9.59,P,45,0,619,0,0,176,63,0,P,33,0,326,0,1,123,69,3,0,-12,0,-293,0,1,-53,6,3
2837,7.23,T,40,0,633,0,21,134,86,1,P,24,0,369,0,6,102,36,2,0,-16,0,-264,0,-15,-32,-50,1
2838,4.02,Z,14,3,143,0,88,86,99,1,P,32,0,225,0,132,45,42,5,0,18,-3,82,0,44,-41,-57,4
2839,3.44,P,19,0,86,0,0,57,59,0,T,15,0,222,0,49,69,34,3,0,-4,0,136,0,49,12,-25,3
2840,7.52,T,106,2,417,0,465,286,168,9,T,80,0,433,0,357,242,87,9,0,-26,-2,16,0,-108,-44,-81,0
2841,9.56,T,38,0,477,0,0,32,67,0,T,39,0,828,0,10,110,79,6,1,1,0,351,0,10,78,12,6
2842,3.05,Z,31,5,68,0,242,73,67,3,T,16,3,187,0,118,92,33,3,0,-15,-2,119,0,-124,19,-34,0
2843,7.45,T,84,7,471,0,243,188,220,6,T,57,3,307,0,130,223,175,4,1,-27,-4,-164,0,-113,35,-45,-2
2844,2.51,T,12,1,105,0,314,57,66,2,P,14,0,151,0,392,47,15,6,1,2,-1,46,0,78,-10,-51,4
2845,10.04,Z,40,0,604,0,13,95,162,3,Z,47,1,436,0,11,81,121,0,0,7,1,-168,0,-2,-14,-41,-3
2846,9.11,T,91,1,520,0,211,364,99,16,P,68,6,405,0,489,285,161,2,0,-23,5,-115,0,278,-79,62,-14
2847,6.07,Z,47,0,260,0,45,220,163,5,T,40,0,424,0,13,123,107,2,0,-7,0,164,0,-32,-97,-56,-3
2848,8.16,T,64,0,655,0,503,166,84,5,T,85,4,540,0,327,180,108,3,1,21,4,-115,0,-176,14,24,-2
2849,7.47,Z,36,2,251,0,31,78,197,0,T,58,1,555,0,21,218,55,2,1,22,-1,304,0,-10,140,-142,2
2850,7.05,T,33,2,642,0,1,66,74,0,Z,35,0,357,0,18,46,95,2,0,2,-2,-285,0,17,-20,21,2
2851,9.59,P,95,0,577,0,369,469,160,13,T,118,0,676,0,87,271,145,16,0,23,0,99,0,-282,-198,-15,3
2852,10.17,Z,84,4,392,0,785,299,310,5,T,76,5,502,0,84,438,236,4,0,-8,1,110,0,-701,139,-74,-1
2853,6.51,P,35,0,317,0,4,59,37,4,Z,38,0,363,0,12,118,146,6,1,3,0,46,0,8,59,109,2
2854,6.48,P,68,1,360,0,231,249,85,29,T,64,6,866,0,365,201,133,10,0,-4,5,506,0,134,-48,48,-19
2855,9.2,P,56,8,574,0,44,179,163,6,T,85,4,904,0,133,228,131,7,1,29,-4,330,0,89,49,-32,1
2856,9.59,P,30,0,477,0,30,129,50,3,T,32,0,337,0,0,32,68,0,1,2,0,-140,0,-30,-97,18,-3
2857,3.04,T,9,0,77,0,252,54,46,10,Z,12,0,20,0,17,31,50,1,0,3,0,-57,0,-235,-23,4,-9
2858,3.43,P,15,0,320,0,179,103,83,13,T,15,3,235,0,220,104,82,0,0,0,3,-85,0,41,1,-1,-13
2859,4.03,P,15,0,219,0,8,26,25,4,T,23,0,151,0,433,42,47,3,0,8,0,-68,0,425,16,22,-1
2860,9.59,Z,37,0,423,0,0,91,117,0,T,72,0,522,0,10,206,172,9,1,35,0,99,0,10,115,55,9
2861,8.54,Z,49,2,505,0,47,100,146,0,T,59,4,697,0,46,172,86,1,0,10,2,192,0,-1,72,-60,1
2862,5.47,T,40,3,433,0,33,127,49,0,P,36,3,413,0,23,108,74,5,1,-4,0,-20,0,-10,-19,25,5
2863,8.44,Z,40,8,580,0,91,185,188,0,P,43,1,819,0,7,100,95,1,0,3,-7,239,0,-84,-85,-93,1
2864,9.59,P,43,0,287,0,7,109,91,3,Z,62,2,394,0,39,126,204,3,1,19,2,107,0,32,17,113,0
2865,3.02,T,13,0,133,0,225,41,19,5,P,11,0,24,0,7,81,131,2,1,-2,0,-109,0,-218,40,112,-3
2866,6.44,T,50,0,140,0,196,163,120,11,P,58,0,202,0,432,314,127,6,0,8,0,62,0,236,151,7,-5
2867,9.59,Z,66,0,651,0,19,104,183,5,T,95,0,451,0,120,87,111,10,1,29,0,-200,0,101,-17,-72,5
2868,9.1,P,46,0,570,0,419,134,137,8,P,19,0,355,0,0,116,42,1,0,-27,0,-215,0,-419,-18,-95,-7
2869,3.52,T,29,1,236,0,302,64,71,6,P,15,1,202,0,1,30,20,0,0,-14,0,-34,0,-301,-34,-51,-6
2870,9.59,Z,93,15,401,0,702,242,304,4,P,87,3,479,0,309,151,84,13,1,-6,-12,78,0,-393,-91,-220,9
2871,2.19,T,6,0,161,0,3,18,44,6,Z,9,0,61,0,83,24,95,7,1,3,0,-100,0,80,6,51,1
2872,8.53,Z,59,3,395,0,33,292,230,1,T,75,0,393,0,147,241,111,10,0,16,-3,-2,0,114,-51,-119,9
2873,9.57,P,30,0,172,0,0,81,66,0,P,39,0,520,0,0,282,195,0,1,9,0,348,0,0,201,129,0
2874,8.11,P,48,6,238,0,247,88,33,5,T,49,5,513,0,60,104,71,3,1,1,-1,275,0,-187,16,38,-2
2875,2.56,T,23,0,151,0,178,88,51,4,T,17,0,181,0,40,43,24,1,1,-6,0,30,0,-138,-45,-27,-3
2876,4.08,T,14,1,211,0,1,22,106,0,P,17,0,143,0,0,44,24,0,0,3,-1,-68,0,-1,22,-82,0
2877,3.3,Z,12,2,169,0,11,37,45,1,Z,11,1,215,0,40,48,35,3,0,-1,-1,46,0,29,11,-10,2
2878,6.17,Z,52,13,177,1,85,224,185,4,Z,46,7,385,0,393,228,182,9,0,-6,-6,208,-1,308,4,-3,5
2879,10.25,T,69,3,577,0,118,269,98,4,Z,63,0,801,0,21,153,265,9,1,-6,-3,224,0,-97,-116,167,5
2880,7.17,P,57,0,419,0,542,208,53,13,T,69,0,320,0,561,213,85,8,1,12,0,-99,0,19,5,32,-5
2881,7.15,P,34,0,324,0,28,247,39,6,Z,31,0,450,0,207,157,270,2,1,-3,0,126,0,179,-90,231,-4
2882,9.15,P,69,2,646,0,372,220,139,5,Z,109,0,458,19,253,252,332,1,1,40,-2,-188,19,-119,32,193,-4
2883,9.59,Z,64,0,457,0,56,297,246,5,Z,82,0,613,0,150,203,246,11,1,18,0,156,0,94,-94,0,6
2884,2.43,Z,6,0,15,0,0,10,34,0,T,7,0,172,0,0,23,27,0,0,1,0,157,0,0,13,-7,0
2885,9.27,T,83,0,617,0,149,232,152,16,T,98,7,641,0,154,183,89,8,1,15,7,24,0,5,-49,-63,-8
2886,9.57,P,47,12,749,0,48,187,94,0,P,52,0,490,0,5,233,108,4,0,5,-12,-259,0,-43,46,14,4
2887,10.26,P,100,7,470,0,426,496,138,12,Z,93,6,417,3,232,390,309,18,1,-7,-1,-53,3,-194,-106,171,6
2888,7.14,P,25,0,205,0,0,115,39,0,Z,25,0,416,0,25,211,129,9,1,0,0,211,0,25,96,90,9
2889,7.51,T,74,6,727,0,289,176,90,3,Z,53,4,291,0,164,138,257,8,0,-21,-2,-436,0,-125,-38,167,5
2890,6.26,P,27,0,279,0,28,177,37,5,T,54,0,328,0,503,147,61,4,0,27,0,49,0,475,-30,24,-1
2891,7.07,Z,36,1,133,0,335,74,198,5,P,50,3,181,0,34,234,174,6,1,14,2,48,0,-301,160,-24,1
2892,6.12,Z,38,1,198,0,28,53,102,2,P,26,0,587,0,2,60,38,2,1,-12,-1,389,0,-26,7,-64,0
2893,6.04,Z,27,4,219,0,20,206,111,1,Z,36,4,159,0,39,135,137,1,0,9,0,-60,0,19,-71,26,0
2894,9.57,Z,68,8,564,0,63,164,141,1,T,73,1,502,0,45,196,189,7,0,5,-7,-62,0,-18,32,48,6
2895,9.28,Z,107,0,556,0,277,353,267,15,Z,86,11,297,0,340,346,231,2,1,-21,11,-259,0,63,-7,-36,-13
2896,4.05,T,24,0,164,0,223,105,28,4,Z,17,2,126,0,21,62,74,1,1,-7,2,-38,0,-202,-43,46,-3
2897,9.59,Z,110,11,469,0,534,348,221,3,T,109,5,674,0,762,327,190,8,0,-1,-6,205,0,228,-21,-31,5
2898,9.59,Z,56,5,607,0,239,165,263,3,T,108,0,520,0,291,391,146,14,0,52,-5,-87,0,52,226,-117,11
2899,3.57,Z,27,1,119,0,25,61,65,0,T,29,0,306,19,53,42,49,0,0,2,-1,187,19,28,-19,-16,0
2900,9.58,T,112,3,851,0,75,433,137,1,Z,74,0,1008,0,113,285,188,3,0,-38,-3,157,0,38,-148,51,2
2901,7.15,P,68,6,344,0,570,244,152,7,T,63,0,596,0,598,380,51,8,0,-5,-6,252,0,28,136,-101,1
2902,8.3,P,60,5,365,0,66,118,140,2,P,35,0,417,0,27,146,52,9,0,-25,-5,52,0,-39,28,-88,7
2903,1.51,T,4,1,117,0,0,15,15,0,T,9,0,75,0,230,31,58,10,1,5,-1,-42,0,230,16,43,10
2904,8.1,Z,38,5,536,0,39,50,131,0,P,41,0,559,0,27,129,52,7,0,3,-5,23,0,-12,79,-79,7
2905,9.17,T,34,0,329,0,1,76,60,1,T,48,1,499,0,46,126,74,3,1,14,1,170,0,45,50,14,2
2906,4,P,15,0,42,0,0,22,34,1,Z,12,4,39,0,122,101,138,0,1,-3,4,-3,0,122,79,104,-1
2907,8.26,T,43,0,426,0,1,155,162,4,P,48,0,813,0,104,324,96,4,0,5,0,387,0,103,169,-66,0
2908,9.51,P,34,0,773,0,0,36,61,0,T,40,0,814,0,0,47,64,2,1,6,0,41,0,0,11,3,2
2909,5.29,Z,24,0,118,0,52,95,225,12,P,28,0,307,0,15,43,73,2,0,4,0,189,0,-37,-52,-152,-10
2910,9.59,P,27,1,812,0,1,148,76,7,Z,70,3,533,0,148,65,143,1,1,43,2,-279,0,147,-83,67,-6
2911,9.59,Z,56,5,761,0,280,259,300,4,Z,46,0,347,0,0,114,155,0,0,-10,-5,-414,0,-280,-145,-145,-4
2912,4.59,Z,22,6,161,0,40,75,79,1,P,22,2,379,0,3,134,39,0,0,0,-4,218,0,-37,59,-40,-1
2913,2.48,Z,13,0,93,0,196,67,102,3,T,20,0,91,0,4,66,76,4,1,7,0,-2,0,-192,-1,-26,1
2914,3.14,T,21,0,101,0,218,81,110,8,P,17,2,535,0,11,46,13,0,0,-4,2,434,0,-207,-35,-97,-8
2915,10.41,P,108,0,785,0,190,205,94,5,Z,67,0,382,0,53,197,298,9,1,-41,0,-403,0,-137,-8,204,4
2916,4.15,P,19,0,201,0,8,63,27,5,P,13,2,164,0,28,107,43,1,0,-6,2,-37,0,20,44,16,-4
2917,7.12,Z,38,3,403,0,37,80,134,0,T,43,1,390,0,10,91,68,2,1,5,-2,-13,0,-27,11,-66,2
2918,3.16,Z,13,1,66,0,25,50,49,1,T,10,0,191,0,8,12,18,1,0,-3,-1,125,0,-17,-38,-31,0
2919,3.59,T,28,2,226,0,263,119,121,2,T,21,4,199,0,135,79,55,1,0,-7,2,-27,0,-128,-40,-66,-1
2920,5.45,T,36,0,545,0,2,53,64,3,P,29,0,362,0,50,140,173,5,0,-7,0,-183,0,48,87,109,2
2921,9.26,T,103,6,630,0,810,423,103,6,Z,78,0,492,0,125,205,275,3,0,-25,-6,-138,0,-685,-218,172,-3
2922,5.2,T,36,0,344,0,2,124,70,5,Z,20,3,277,0,47,132,88,0,0,-16,3,-67,0,45,8,18,-5
2923,4.22,P,15,0,173,0,111,162,25,5,P,23,0,226,0,16,58,31,9,1,8,0,53,0,-95,-104,6,4
2924,9.23,T,60,0,357,0,42,224,307,13,T,90,0,734,0,716,481,242,8,1,30,0,377,0,674,257,-65,-5
2925,5.51,P,20,4,168,0,1,113,23,0,T,18,0,298,0,10,97,38,3,0,-2,-4,130,0,9,-16,15,3
2926,9.35,T,98,2,403,0,189,202,331,6,Z,115,15,700,0,305,191,310,11,1,17,13,297,0,116,-11,-21,5
2927,7.47,P,125,0,347,0,333,358,107,16,Z,78,0,262,12,294,304,330,6,1,-47,0,-85,12,-39,-54,223,-10
2928,3.58,T,14,2,204,0,10,27,41,0,T,23,0,282,0,35,56,28,3,0,9,-2,78,0,25,29,-13,3
2929,8.17,P,75,0,372,0,496,301,81,27,P,53,0,298,0,344,191,204,13,0,-22,0,-74,0,-152,-110,123,-14
2930,9.59,P,61,0,441,0,31,98,107,16,Z,22,2,613,0,49,368,278,4,0,-39,2,172,0,18,270,171,-12
2931,9.59,P,54,0,724,0,13,159,88,1,Z,82,0,418,0,67,277,182,3,1,28,0,-306,0,54,118,94,2
2932,3.3,Z,12,0,146,0,19,22,53,3,Z,13,0,75,0,103,22,112,4,0,1,0,-71,0,84,0,59,1
2933,9.58,T,51,6,494,0,7,80,80,0,P,56,0,748,0,3,65,91,6,1,5,-6,254,0,-4,-15,11,6
2934,3.29,Z,10,0,90,0,10,28,40,0,T,27,1,243,0,15,143,26,3,1,17,1,153,0,5,115,-14,3
2935,5.52,P,19,1,206,0,0,101,40,0,T,27,0,463,0,0,21,47,0,1,8,-1,257,0,0,-80,7,0
2936,9.26,T,74,6,973,0,78,169,94,6,Z,65,0,456,0,387,249,469,8,0,-9,-6,-517,0,309,80,375,2
2937,9.59,Z,43,0,413,0,33,224,238,1,T,87,3,517,0,67,406,124,2,1,44,3,104,0,34,182,-114,1
2938,9.59,T,86,0,609,0,13,182,112,7,P,58,0,676,0,2,210,99,5,0,-28,0,67,0,-11,28,-13,-2
2939,3.52,T,15,1,205,0,2,27,21,0,P,17,0,144,0,1,61,32,1,1,2,-1,-61,0,-1,34,11,1
2940,9.59,T,41,0,655,0,0,61,83,2,Z,50,0,433,0,0,80,182,0,0,9,0,-222,0,0,19,99,-2
2941,7.46,T,41,3,506,0,35,107,63,3,T,69,8,409,0,12,230,241,4,1,28,5,-97,0,-23,123,178,1
2942,3.56,Z,14,1,86,0,18,50,62,0,Z,20,0,348,0,16,42,59,7,0,6,-1,262,0,-2,-8,-3,7
2943,8.58,P,39,2,471,0,2,172,58,0,Z,42,5,719,2,56,251,173,1,0,3,3,248,2,54,79,115,1
2944,9.57,Z,90,1,543,0,328,380,450,10,T,114,7,1156,0,501,276,225,4,0,24,6,613,0,173,-104,-225,-6
2945,10.18,T,82,5,810,0,157,317,152,9,T,76,5,909,0,33,133,80,0,1,-6,0,99,0,-124,-184,-72,-9
2946,7.55,Z,36,0,354,0,42,94,240,5,T,65,2,434,0,32,49,46,1,1,29,2,80,0,-10,-45,-194,-4
2947,5.15,T,40,5,290,0,232,107,59,6,T,37,1,212,0,174,106,50,4,1,-3,-4,-78,0,-58,-1,-9,-2
2948,3.55,P,22,2,211,0,36,52,17,0,P,13,1,266,0,9,90,23,0,0,-9,-1,55,0,-27,38,6,0
2949,7.39,Z,32,0,295,7,199,180,162,3,Z,26,0,322,0,17,367,158,1,0,-6,0,27,-7,-182,187,-4,-2
2950,8.23,Z,52,0,538,0,40,161,257,8,Z,38,3,626,0,5,103,155,1,0,-14,3,88,0,-35,-58,-102,-7
2951,8.21,T,91,0,210,0,169,208,276,7,P,65,0,436,0,581,357,110,6,1,-26,0,226,0,412,149,-166,-1
2952,2.17,Z,11,1,77,0,147,32,60,4,T,11,0,75,0,33,38,69,7,0,0,-1,-2,0,-114,6,9,3
2953,9.59,T,57,1,245,0,18,96,77,3,T,43,0,564,0,0,25,86,0,0,-14,-1,319,0,-18,-71,9,-3
2954,6.12,T,36,4,559,0,11,203,92,0,P,18,0,480,0,3,322,79,1,0,-18,-4,-79,0,-8,119,-13,1
2955,9.58,P,47,14,535,0,41,245,55,0,Z,47,2,481,0,81,106,159,3,1,0,-12,-54,0,40,-139,104,3
2956,4.03,P,18,1,203,0,12,101,47,4,P,20,3,99,0,37,122,34,1,0,2,2,-104,0,25,21,-13,-3
2957,9.59,Z,62,0,673,0,245,174,215,8,T,72,6,612,0,11,232,155,3,0,10,6,-61,0,-234,58,-60,-5
2958,10.16,T,31,0,480,0,5,133,54,2,P,42,0,319,0,22,46,54,2,1,11,0,-161,0,17,-87,0,0
2959,6.44,P,63,3,387,0,83,215,78,3,Z,44,2,434,0,70,146,148,5,1,-19,-1,47,0,-13,-69,70,2
2960,10.21,P,57,0,1014,0,513,392,174,10,Z,88,2,987,0,350,116,243,4,0,31,2,-27,0,-163,-276,69,-6
2961,9.57,T,74,0,442,0,44,271,107,7,T,68,0,680,0,17,86,107,3,0,-6,0,238,0,-27,-185,0,-4
2962,9.59,Z,56,1,501,0,75,245,268,4,P,69,0,376,0,56,98,122,6,1,13,-1,-125,0,-19,-147,-146,2
2963,9.59,T,46,0,872,0,32,55,58,9,Z,42,3,517,0,3,118,177,0,1,-4,3,-355,0,-29,63,119,-9
2964,9.59,T,99,0,634,0,44,227,115,7,Z,63,9,622,0,80,123,183,2,0,-36,9,-12,0,36,-104,68,-5
2965,6.49,T,21,0,239,0,0,43,63,0,T,24,0,330,0,5,74,40,5,1,3,0,91,0,5,31,-23,5
2966,5.58,Z,39,5,325,0,530,141,218,6,T,64,1,358,0,209,237,50,10,0,25,-4,33,0,-321,96,-168,4
2967,8,P,94,2,758,0,648,311,92,7,Z,64,3,405,0,465,257,323,6,1,-30,1,-353,0,-183,-54,231,-1
2968,9.59,T,97,4,552,0,146,289,196,0,T,88,0,210,0,28,293,158,11,0,-9,-4,-342,0,-118,4,-38,11
2969,5.51,Z,25,2,234,0,1,150,102,3,Z,30,0,147,0,46,126,201,2,1,5,-2,-87,0,45,-24,99,-1
2970,9.59,Z,62,3,570,0,15,117,168,0,T,72,0,819,0,31,237,88,7,1,10,-3,249,0,16,120,-80,7
2971,4.5,T,16,3,283,0,278,40,54,1,P,16,0,224,0,8,64,28,1,1,0,-3,-59,0,-270,24,-26,0
2972,9.59,Z,64,2,672,0,222,248,353,4,T,92,4,736,0,123,146,89,4,0,28,2,64,0,-99,-102,-264,0
2973,7.53,P,51,0,321,0,280,101,64,9,T,85,3,354,0,516,223,212,12,0,34,3,33,0,236,122,148,3
2974,9.57,P,41,3,587,0,10,77,78,6,P,50,0,539,0,260,241,83,8,1,9,-3,-48,0,250,164,5,2
2975,5.3,P,25,1,443,0,57,47,33,1,T,30,0,315,0,0,32,43,4,0,5,-1,-128,0,-57,-15,10,3
2976,9.56,P,31,0,590,0,0,85,68,1,P,40,0,860,0,0,152,90,0,1,9,0,270,0,0,67,22,-1
2977,6.5,T,69,0,321,0,326,150,75,10,Z,49,3,291,0,114,164,113,7,1,-20,3,-30,0,-212,14,38,-3
2978,9.59,T,38,6,357,0,27,117,155,2,Z,70,6,821,0,108,166,336,4,1,32,0,464,0,81,49,181,2
2979,9.58,T,44,9,853,0,23,185,77,0,T,43,0,626,0,0,245,84,1,0,-1,-9,-227,0,-23,60,7,1
2980,8.32,P,33,0,195,0,0,157,40,0,T,41,2,223,0,36,137,47,5,1,8,2,28,0,36,-20,7,5
2981,9.58,P,61,5,277,0,98,52,79,3,Z,71,0,748,0,112,311,193,5,1,10,-5,471,0,14,259,114,2
2982,5.18,T,26,0,486,0,12,17,31,3,P,13,0,266,0,0,81,34,0,1,-13,0,-220,0,-12,64,3,-3
2983,9.11,P,38,0,367,0,68,185,174,2,P,53,0,142,0,0,287,56,0,1,15,0,-225,0,-68,102,-118,-2
2984,7.31,P,66,0,196,0,274,137,220,4,Z,39,8,210,0,111,104,174,3,1,-27,8,14,0,-163,-33,-46,-1
2985,9.59,T,44,2,565,0,0,120,79,0,Z,37,0,270,0,0,45,109,0,0,-7,-2,-295,0,0,-75,30,0
2986,9.57,T,38,0,327,0,14,35,63,3,T,40,0,837,0,3,40,75,4,0,2,0,510,0,-11,5,12,1
2987,8.29,Z,61,6,342,0,93,167,204,1,P,51,1,367,0,1144,305,212,10,1,-10,-5,25,0,1051,138,8,9
2988,3.08,Z,9,0,104,0,1,28,63,1,P,14,0,280,0,0,70,23,0,1,5,0,176,0,-1,42,-40,-1
2989,6.12,T,39,4,406,0,111,117,134,3,T,40,0,367,0,108,120,61,9,0,1,-4,-39,0,-3,3,-73,6
2990,9.59,Z,71,3,694,0,423,242,319,8,Z,50,4,736,0,25,192,189,0,0,-21,1,42,0,-398,-50,-130,-8
2991,9.43,P,77,4,576,0,167,351,295,0,T,69,0,431,0,60,275,126,8,0,-8,-4,-145,0,-107,-76,-169,8
2992,9.59,P,75,0,336,0,302,261,332,7,T,100,4,603,0,57,164,96,0,0,25,4,267,0,-245,-97,-236,-7
2993,10.01,P,48,0,670,0,39,263,88,3,Z,44,0,428,0,95,146,229,2,0,-4,0,-242,0,56,-117,141,-1
2994,9.59,T,72,4,558,0,9,171,139,0,Z,74,4,856,0,57,116,214,5,1,2,0,298,0,48,-55,75,5
2995,2.27,P,3,0,59,0,0,4,2,0,P,10,0,52,0,0,18,9,0,1,7,0,-7,0,0,14,7,0
2996,9.59,Z,69,6,615,6,135,173,295,1,T,35,0,479,0,0,16,79,0,0,-34,-6,-136,-6,-135,-157,-216,-1
2997,3.51,P,23,0,132,0,240,33,47,6,T,18,0,157,0,317,125,125,2,1,-5,0,25,0,77,92,78,-4
2998,5.4,T,33,0,352,0,15,161,71,7,T,33,0,547,0,10,57,79,1,0,0,0,195,0,-5,-104,8,-6
2999,6.28,Z,45,3,239,0,173,241,220,9,Z,69,3,202,0,426,216,195,15,1,24,0,-37,0,253,-25,-25,6
3000,9.56,Z,29,0,384,0,19,34,91,2,T,31,4,514,0,1,37,47,0,0,2,4,130,0,-18,3,-44,-2
3001,6.05,T,41,2,180,0,646,68,73,7,T,41,0,348,0,542,125,205,6,0,0,-2,168,0,-104,57,132,-1
3002,6.51,Z,42,1,364,0,35,238,328,2,Z,45,11,179,1,71,178,170,5,1,3,10,-185,1,36,-60,-158,3
3003,9.59,T,88,4,440,0,26,125,89,0,Z,70,7,772,0,110,104,281,2,1,-18,3,332,0,84,-21,192,2
3004,5.52,T,48,0,317,0,353,101,51,7,T,40,0,167,0,577,188,63,3,0,-8,0,-150,0,224,87,12,-4
3005,9.58,T,53,0,842,0,57,132,74,8,T,76,2,591,0,53,187,89,10,1,23,2,-251,0,-4,55,15,2
3006,8.16,P,44,0,388,0,38,244,126,10,Z,31,0,404,0,10,196,108,2,0,-13,0,16,0,-28,-48,-18,-8
3007,9.59,Z,59,0,579,1,66,230,247,13,T,67,0,483,0,392,232,165,6,0,8,0,-96,-1,326,2,-82,-7
3008,9.59,Z,49,0,986,0,23,145,221,4,T,53,0,520,0,1,45,86,1,0,4,0,-466,0,-22,-100,-135,-3
3009,7.47,Z,40,0,273,0,29,151,117,6,Z,50,4,369,0,84,179,238,6,1,10,4,96,0,55,28,121,0
3010,5.58,T,39,0,398,0,29,133,46,2,Z,23,7,173,0,33,92,100,1,0,-16,7,-225,0,4,-41,54,-1
3011,9.59,Z,19,1,205,0,5,135,70,1,T,48,0,336,0,15,121,46,6,1,29,-1,131,0,10,-14,-24,5
3012,9.59,T,62,0,583,0,87,360,122,15,T,61,4,677,0,379,237,233,0,1,-1,4,94,0,292,-123,111,-15
3013,7.32,T,59,7,528,0,113,165,77,3,P,50,0,606,0,67,129,110,2,0,-9,-7,78,0,-46,-36,33,-1
3014,1.27,P,5,0,129,0,0,12,7,0,T,5,1,149,0,1,10,8,1,0,0,1,20,0,1,-2,1,1
3015,8.03,T,51,5,355,0,120,115,51,2,Z,11,1,466,0,0,75,70,0,0,-40,-4,111,0,-120,-40,19,-2
3016,9.59,T,69,5,833,0,27,138,160,2,Z,70,3,533,0,13,174,326,7,1,1,-2,-300,0,-14,36,166,5
3017,9.59,Z,79,2,381,0,260,218,435,7,P,69,0,404,0,60,216,63,14,1,-10,-2,23,0,-200,-2,-372,7
3018,8.42,P,22,0,257,0,0,179,52,0,T,55,3,743,0,27,200,108,0,1,33,3,486,0,27,21,56,0
3019,9.58,T,29,0,502,0,0,31,39,0,T,45,4,673,0,25,154,97,0,1,16,4,171,0,25,123,58,0
3020,9.15,P,55,0,694,0,33,156,148,2,T,64,0,385,0,65,172,105,3,0,9,0,-309,0,32,16,-43,1
3021,9.59,Z,60,3,329,0,41,148,236,2,T,74,4,90,0,22,85,113,2,0,14,1,-239,0,-19,-63,-123,0
3022,5,P,30,1,299,0,192,166,53,3,Z,22,0,251,0,50,77,97,5,1,-8,-1,-48,0,-142,-89,44,2
3023,4.09,T,43,0,240,0,24,115,28,4,Z,29,5,137,0,281,139,116,1,1,-14,5,-103,0,257,24,88,-3
3024,7.32,P,36,5,292,0,18,63,28,0,Z,45,0,530,0,10,55,132,1,0,9,-5,238,0,-8,-8,104,1
3025,7.55,P,54,0,609,0,28,180,128,3,T,87,3,300,0,161,187,193,7,1,33,3,-309,0,133,7,65,4
3026,6.33,P,36,1,271,0,24,161,54,0,Z,25,0,286,0,1,39,119,1,1,-11,-1,15,0,-23,-122,65,1
3027,6.24,T,34,0,437,0,14,85,64,4,P,34,0,148,0,39,106,55,3,0,0,0,-289,0,25,21,-9,-1
3028,3.52,P,14,0,163,0,0,33,35,0,P,11,0,118,0,9,79,33,0,1,-3,0,-45,0,9,46,-2,0
3029,9.59,T,66,0,456,0,280,220,449,5,T,72,0,842,0,41,325,131,7,0,6,0,386,0,-239,105,-318,2
3030,9.57,T,60,6,405,0,18,66,84,1,Z,51,2,778,0,40,149,200,1,0,-9,-4,373,0,22,83,116,0
3031,9.4,Z,59,0,888,0,105,259,233,8,T,83,7,688,1,127,150,92,6,0,24,7,-200,1,22,-109,-141,-2
3032,4.21,T,18,0,606,0,0,13,32,0,P,19,0,228,0,11,92,15,3,0,1,0,-378,0,11,79,-17,3
3033,8.41,P,67,4,561,36,585,199,258,0,P,42,4,544,0,35,134,108,1,0,-25,0,-17,-36,-550,-65,-150,1
3034,6.3,T,28,0,366,0,11,89,49,3,T,34,3,521,0,2,73,51,0,1,6,3,155,0,-9,-16,2,-3
3035,3.18,P,14,0,146,0,0,29,24,1,Z,13,0,36,0,104,30,40,3,1,-1,0,-110,0,104,1,16,2
3036,4.17,T,27,0,332,0,227,99,43,3,Z,13,6,78,0,25,279,86,0,1,-14,6,-254,0,-202,180,43,-3
3037,8.33,T,69,0,714,0,397,229,122,13,T,88,0,391,0,320,190,152,13,1,19,0,-323,0,-77,-39,30,0
3038,5.46,T,52,0,210,0,64,120,44,5,T,28,2,204,0,330,129,200,7,0,-24,2,-6,0,266,9,156,2
3039,5.56,Z,26,0,212,0,379,142,230,2,T,41,4,189,0,47,116,93,0,1,15,4,-23,0,-332,-26,-137,-2
3040,9.57,P,25,0,361,0,0,26,65,0,P,31,1,395,0,2,57,38,1,0,6,1,34,0,2,31,-27,1
3041,7.46,T,77,0,674,0,39,210,112,8,T,65,0,267,0,366,186,99,7,1,-12,0,-407,0,327,-24,-13,-1
3042,3.28,Z,13,1,132,0,25,71,62,3,Z,15,1,108,0,175,46,100,2,0,2,0,-24,0,150,-25,38,-1
3043,9.59,T,72,1,505,0,82,194,182,7,P,62,0,430,0,45,286,181,9,1,-10,-1,-75,0,-37,92,-1,2
3044,5.43,Z,25,6,195,0,9,119,75,4,Z,33,0,193,0,39,55,95,1,1,8,-6,-2,0,30,-64,20,-3
3045,7.22,T,65,3,382,0,650,145,80,8,P,43,6,447,0,69,156,76,0,1,-22,3,65,0,-581,11,-4,-8
3046,2.09,T,1,0,200,0,0,8,9,1,T,6,0,90,0,13,19,10,1,1,5,0,-110,0,13,11,1,0
3047,1.29,T,4,1,135,0,10,9,9,0,P,2,0,127,0,0,31,8,0,1,-2,-1,-8,0,-10,22,-1,0
3048,2.49,P,14,0,162,0,2,41,11,2,P,10,0,48,0,0,43,14,0,1,-4,0,-114,0,-2,2,3,-2
3049,8.1,P,65,8,385,0,358,235,62,4,T,55,0,473,0,310,329,81,6,0,-10,-8,88,0,-48,94,19,2
3050,9.59,Z,74,0,363,0,80,243,234,8,T,70,0,393,0,62,160,170,4,0,-4,0,30,0,-18,-83,-64,-4
3051,9.59,P,56,0,536,0,74,232,116,8,T,82,1,842,0,440,195,188,6,0,26,1,306,0,366,-37,72,-2
3052,8.24,P,63,0,595,0,23,187,99,8,Z,47,0,381,0,37,236,190,8,0,-16,0,-214,0,14,49,91,0
3053,7.54,T,33,0,670,0,2,117,92,2,Z,39,0,711,0,0,64,180,0,1,6,0,41,0,-2,-53,88,-2
3054,9.59,T,90,5,492,0,445,248,99,10,Z,54,10,285,0,72,187,214,0,0,-36,5,-207,0,-373,-61,115,-10
3055,8.59,Z,39,0,229,0,43,45,160,4,T,31,0,353,0,90,41,60,7,1,-8,0,124,0,47,-4,-100,3
3056,8.48,T,60,0,276,0,71,176,84,10,T,53,0,310,0,7,373,239,1,1,-7,0,34,0,-64,197,155,-9
3057,3.02,T,14,0,116,0,221,63,154,6,Z,10,0,28,0,20,27,63,1,0,-4,0,-88,0,-201,-36,-91,-5
3058,9.59,P,70,3,529,0,401,158,89,12,Z,51,0,516,0,51,160,167,13,0,-19,-3,-13,0,-350,2,78,1
3059,9.59,T,118,0,337,0,94,315,133,14,Z,63,0,648,0,57,206,169,3,0,-55,0,311,0,-37,-109,36,-11
3060,7.38,Z,43,6,631,0,5,140,126,4,P,37,1,387,0,128,180,155,7,0,-6,-5,-244,0,123,40,29,3
3061,2.52,T,18,4,89,0,59,48,25,0,T,9,0,96,0,120,43,76,2,1,-9,-4,7,0,61,-5,51,2
3062,2.54,Z,11,0,89,0,16,33,36,4,T,20,0,190,0,185,64,34,7,0,9,0,101,0,169,31,-2,3
3063,3.12,P,17,0,39,0,4,53,35,0,T,13,0,131,0,398,20,179,6,0,-4,0,92,0,394,-33,144,6
3064,8.1,Z,54,0,317,0,40,237,137,3,T,53,4,756,0,21,102,67,0,0,-1,4,439,0,-19,-135,-70,-3
3065,9.44,Z,40,0,875,7,33,103,151,0,Z,48,0,815,0,42,133,154,3,0,8,0,-60,-7,9,30,3,3
3066,9.58,T,60,0,470,0,0,99,112,0,T,63,2,1009,0,85,144,101,10,0,3,2,539,0,85,45,-11,10
3067,6.04,T,44,2,313,0,138,121,156,3,T,47,3,223,0,1017,122,50,5,1,3,1,-90,0,879,1,-106,2
3068,4.03,Z,16,0,190,0,17,54,95,2,T,41,0,170,0,303,90,71,9,1,25,0,-20,0,286,36,-24,7
3069,5.01,P,23,1,124,0,3,53,49,2,T,17,0,230,0,0,25,43,0,1,-6,-1,106,0,-3,-28,-6,-2
3070,5.41,Z,22,1,241,0,190,42,70,3,Z,34,0,172,0,36,70,93,2,0,12,-1,-69,0,-154,28,23,-1
3071,7.43,P,27,0,299,0,0,55,54,0,T,49,0,563,0,173,98,45,17,1,22,0,264,0,173,43,-9,17
3072,9.56,P,53,0,703,0,0,283,103,0,P,27,0,656,0,0,242,60,0,0,-26,0,-47,0,0,-41,-43,0
3073,4.2,T,21,0,418,0,98,182,77,5,T,7,3,98,0,8,31,16,1,0,-14,3,-320,0,-90,-151,-61,-4
3074,6.36,T,54,1,274,0,515,238,107,15,T,68,5,440,0,407,248,138,6,1,14,4,166,0,-108,10,31,-9
3075,2.35,T,13,1,120,0,300,64,56,9,Z,11,4,64,0,242,20,82,0,1,-2,3,-56,0,-58,-44,26,-9
3076,8.31,T,51,0,399,0,0,144,92,0,Z,37,7,325,0,65,155,146,0,0,-14,7,-74,0,65,11,54,0
3077,1.12,P,6,1,6,0,38,8,50,0,Z,4,0,19,0,72,12,25,2,0,-2,-1,13,0,34,4,-25,2
3078,9.56,P,89,9,751,0,204,173,71,5,Z,46,6,412,0,180,153,190,6,0,-43,-3,-339,0,-24,-20,119,1
3079,8.34,Z,67,3,325,0,125,219,239,2,T,90,0,711,0,154,258,147,6,0,23,-3,386,0,29,39,-92,4
3080,9.52,Z,60,2,565,0,297,80,472,3,T,71,6,540,0,52,86,82,0,0,11,4,-25,0,-245,6,-390,-3
3081,4.39,P,24,0,81,0,546,105,304,11,P,29,0,191,0,50,115,60,5,1,5,0,110,0,-496,10,-244,-6
3082,8.25,Z,48,5,206,2,18,120,202,2,P,37,0,776,0,9,61,44,1,0,-11,-5,570,-2,-9,-59,-158,-1
3083,3.17,Z,11,2,105,0,57,38,84,1,Z,16,3,143,0,58,44,97,2,1,5,1,38,0,1,6,13,1
3084,10.47,T,101,6,652,0,103,199,153,12,Z,86,12,604,0,172,226,423,1,0,-15,6,-48,0,69,27,270,-11
3085,4.07,Z,19,1,314,0,19,42,72,5,P,20,0,292,0,120,135,81,3,0,1,-1,-22,0,101,93,9,-2
3086,8.54,P,34,0,568,0,5,122,63,2,P,29,0,206,0,0,43,30,0,1,-5,0,-362,0,-5,-79,-33,-2
3087,9.59,Z,50,0,436,0,2,262,147,1,P,45,0,797,0,0,153,101,0,1,-5,0,361,0,-2,-109,-46,-1
3088,4.05,T,18,1,222,0,16,50,29,4,P,18,0,78,0,12,80,24,4,1,0,-1,-144,0,-4,30,-5,0
3089,6.14,T,15,0,265,0,0,32,37,0,T,39,0,204,0,5,132,41,1,1,24,0,-61,0,5,100,4,1
3090,5.03,P,36,0,273,0,219,113,44,5,T,40,0,412,1,39,192,89,7,0,4,0,139,1,-180,79,45,2
3091,6.49,P,23,0,264,0,0,211,39,1,Z,41,0,315,0,298,248,256,4,1,18,0,51,0,298,37,217,3
3092,3.08,Z,9,0,33,3,414,23,46,0,T,17,0,161,0,89,41,28,7,1,8,0,128,-3,-325,18,-18,7
3093,6.36,Z,47,8,333,0,192,363,173,1,Z,43,0,439,0,27,167,135,3,0,-4,-8,106,0,-165,-196,-38,2
3094,10.34,Z,179,0,671,96,719,274,803,9,T,143,0,695,0,920,363,220,20,1,-36,0,24,-96,201,89,-583,11
3095,6.29,T,42,4,388,0,41,190,91,1,P,31,0,354,0,7,94,48,3,0,-11,-4,-34,0,-34,-96,-43,2
3096,6.52,T,48,0,632,0,3,131,74,2,T,43,0,263,0,15,160,58,6,0,-5,0,-369,0,12,29,-16,4
3097,6.08,Z,27,5,221,0,69,25,128,5,T,21,4,226,0,8,43,30,0,0,-6,-1,5,0,-61,18,-98,-5
3098,8.13,T,63,3,361,0,46,147,166,1,T,55,6,396,0,248,92,56,2,0,-8,3,35,0,202,-55,-110,1
3099,7.47,T,54,0,537,0,830,242,130,10,P,49,4,354,0,120,140,108,3,1,-5,4,-183,0,-710,-102,-22,-7
3100,3.27,T,20,0,208,0,125,83,67,7,T,17,3,206,0,112,154,77,6,1,-3,3,-2,0,-13,71,10,-1
3101,6.49,P,31,0,179,0,12,187,200,3,T,61,0,393,0,70,173,89,3,1,30,0,214,0,58,-14,-111,0
3102,9.18,Z,68,0,356,0,349,208,318,9,T,81,0,717,0,77,208,195,8,0,13,0,361,0,-272,0,-123,-1
3103,5.57,P,42,3,210,0,321,220,122,7,T,42,0,220,0,386,191,96,12,1,0,-3,10,0,65,-29,-26,5
3104,9.59,T,72,0,538,0,527,179,86,5,Z,76,1,541,0,545,197,276,15,0,4,1,3,0,18,18,190,10
3105,4.19,Z,20,0,112,9,369,58,84,1,Z,31,6,123,1,357,124,136,4,0,11,6,11,-8,-12,66,52,3
3106,9.4,P,28,0,388,0,0,139,40,0,Z,57,4,292,0,337,123,134,8,1,29,4,-96,0,337,-16,94,8
3107,9.59,Z,91,0,414,0,258,251,460,5,T,110,9,598,0,303,399,226,4,1,19,9,184,0,45,148,-234,-1
3108,9.25,Z,44,0,727,0,43,108,148,5,Z,56,0,261,0,435,231,163,9,0,12,0,-466,0,392,123,15,4
3109,9.59,T,89,5,577,0,408,216,128,5,Z,73,0,483,0,748,300,367,14,0,-16,-5,-94,0,340,84,239,9
3110,9.59,T,68,0,865,0,24,96,96,4,T,85,0,725,0,18,311,194,7,0,17,0,-140,0,-6,215,98,3
3111,3.35,T,13,0,120,0,0,54,98,2,T,24,4,142,0,357,107,98,1,0,11,4,22,0,357,53,0,-1
3112,10.37,P,45,2,475,0,30,132,68,9,T,54,0,313,0,0,56,86,0,0,9,-2,-162,0,-30,-76,18,-9
3113,7.14,T,26,0,245,0,0,8,39,0,Z,32,0,406,0,0,86,112,0,0,6,0,161,0,0,78,73,0
3114,7.23,P,65,0,418,0,236,273,106,16,P,44,0,265,0,744,300,213,21,0,-21,0,-153,0,508,27,107,5
3115,10.1,Z,64,0,543,0,92,231,394,6,Z,86,4,505,0,105,160,230,3,0,22,4,-38,0,13,-71,-164,-3
3116,9.59,Z,121,10,588,0,681,261,408,12,T,106,1,441,0,416,285,235,18,0,-15,-9,-147,0,-265,24,-173,6
3117,2.35,P,12,1,48,0,114,59,134,2,T,9,3,104,0,119,41,33,0,1,-3,2,56,0,5,-18,-101,-2
3118,5.23,T,46,0,272,0,34,118,57,5,T,32,0,189,0,105,122,77,7,0,-14,0,-83,0,71,4,20,2
3119,4.33,P,27,0,223,0,8,114,25,4,Z,31,2,230,0,334,89,90,7,1,4,2,7,0,326,-25,65,3
3120,9.59,T,85,0,516,0,1239,284,166,11,Z,54,2,289,0,85,123,195,4,1,-31,2,-227,0,-1154,-161,29,-7
3121,4.05,T,24,0,221,0,95,103,124,4,T,17,4,295,0,12,78,22,0,0,-7,4,74,0,-83,-25,-102,-4
3122,9.59,Z,96,0,300,0,562,426,378,12,T,111,9,738,0,85,201,111,3,0,15,9,438,0,-477,-225,-267,-9
3123,4.33,Z,19,0,144,0,24,23,62,2,T,24,3,285,0,143,44,23,6,0,5,3,141,0,119,21,-39,4
3124,10.09,T,71,10,848,5,44,151,86,0,P,40,0,418,0,2,67,70,0,0,-31,-10,-430,-5,-42,-84,-16,0
3125,8.47,T,81,7,700,0,419,161,126,4,P,77,7,482,0,1003,303,249,8,0,-4,0,-218,0,584,142,123,4
3126,8.34,T,70,6,615,0,765,219,245,8,T,81,0,396,0,22,279,160,9,1,11,-6,-219,0,-743,60,-85,1
3127,7.57,P,35,0,337,0,4,120,121,1,T,72,9,602,0,20,193,76,0,1,37,9,265,0,16,73,-45,-1
3128,10.25,P,41,0,1059,0,27,149,69,10,Z,57,0,606,0,39,105,177,7,1,16,0,-453,0,12,-44,108,-3
3129,9.59,P,49,0,645,0,14,173,90,4,T,51,0,407,0,8,141,80,2,1,2,0,-238,0,-6,-32,-10,-2
3130,4.37,Z,14,3,193,1,261,52,73,2,Z,23,1,197,0,305,82,202,10,0,9,-2,4,-1,44,30,129,8
3131,7.03,P,40,7,289,0,556,252,79,3,T,35,4,316,0,12,59,63,0,1,-5,-3,27,0,-544,-193,-16,-3
3132,9.59,Z,54,0,545,0,35,137,147,8,P,52,3,237,0,28,156,80,4,1,-2,3,-308,0,-7,19,-67,-4
3133,9.59,T,60,1,747,0,12,231,121,5,T,48,0,421,0,3,112,101,1,1,-12,-1,-326,0,-9,-119,-20,-4
3134,9.59,T,144,0,470,0,176,334,144,9,P,76,0,400,0,52,356,101,6,0,-68,0,-70,0,-124,22,-43,-3
3135,9.59,Z,50,1,518,0,8,272,222,5,Z,69,1,417,0,25,276,208,1,1,19,0,-101,0,17,4,-14,-4
3136,2.31,T,7,0,101,0,6,20,9,1,P,7,0,111,0,6,18,5,1,0,0,0,10,0,0,-2,-4,0
3137,9.59,P,47,2,530,0,56,232,76,7,Z,71,6,1245,0,92,134,170,0,1,24,4,715,0,36,-98,94,-7
3138,6.22,Z,32,0,198,0,202,117,276,4,P,30,0,457,0,10,82,53,4,1,-2,0,259,0,-192,-35,-223,0
3139,10.44,P,75,2,300,0,45,177,86,6,T,82,5,724,0,8,87,99,0,0,7,3,424,0,-37,-90,13,-6
3140,2.5,P,12,0,85,0,94,109,26,3,Z,10,2,147,0,0,56,40,0,1,-2,2,62,0,-94,-53,14,-3
3141,9.59,P,72,5,618,0,189,240,93,14,Z,54,8,423,0,36,115,189,0,0,-18,3,-195,0,-153,-125,96,-14
3142,9.09,P,43,0,614,0,0,128,117,0,T,68,2,615,0,82,249,301,6,1,25,2,1,0,82,121,184,6
3143,8.36,Z,63,3,447,0,57,254,161,3,Z,58,10,529,0,225,246,233,1,1,-5,7,82,0,168,-8,72,-2
3144,6.21,T,33,0,296,3,7,37,65,0,Z,24,2,398,0,31,84,92,0,0,-9,2,102,-3,24,47,27,0
3145,7.21,P,35,1,240,0,24,57,47,3,P,24,2,364,0,10,30,40,4,0,-11,1,124,0,-14,-27,-7,1
3146,3,T,9,4,129,0,2,48,29,0,Z,9,2,66,0,9,11,29,0,0,0,-2,-63,0,7,-37,0,0
3147,6.29,P,61,5,187,0,398,310,89,5,T,71,1,332,0,383,198,81,21,1,10,-4,145,0,-15,-112,-8,16
3148,5.12,Z,24,2,140,0,350,164,118,1,T,43,0,157,0,82,133,75,13,1,19,-2,17,0,-268,-31,-43,12
3149,6.37,T,19,0,277,0,0,33,60,0,T,75,0,304,0,253,190,86,16,1,56,0,27,0,253,157,26,16
3150,4.3,T,27,0,274,0,65,154,141,4,Z,17,0,157,5,260,52,94,0,0,-10,0,-117,5,195,-102,-47,-4
3151,7.53,T,87,5,514,0,186,304,92,8,P,60,0,347,0,138,185,127,7,0,-27,-5,-167,0,-48,-119,35,-1
3152,1.27,T,11,0,46,0,0,11,14,2,P,8,0,45,0,0,21,63,1,0,-3,0,-1,0,0,10,49,-1
3153,6.59,P,33,1,266,0,454,183,86,10,P,53,0,519,0,101,222,61,10,0,20,-1,253,0,-353,39,-25,0
3154,8.19,T,79,4,513,1,230,382,149,13,T,86,0,360,0,213,569,98,6,0,7,-4,-153,-1,-17,187,-51,-7
3155,4.45,T,22,0,311,0,175,61,77,3,Z,20,0,289,0,200,44,88,3,1,-2,0,-22,0,25,-17,11,0
3156,4.18,T,35,2,199,0,53,119,63,4,T,31,2,195,0,234,70,72,5,0,-4,0,-4,0,181,-49,9,1
3157,5.35,Z,16,1,160,0,30,62,98,0,P,16,0,269,0,10,69,23,5,1,0,-1,109,0,-20,7,-75,5
3158,1.36,Z,7,2,79,0,240,23,21,0,P,7,0,50,0,14,43,5,4,0,0,-2,-29,0,-226,20,-16,4
3159,5.51,T,24,1,76,0,0,22,56,0,T,35,0,359,0,1,74,68,1,1,11,-1,283,0,1,52,12,1
3160,9.59,T,69,0,563,0,0,213,209,1,Z,48,1,906,0,43,128,193,5,1,-21,1,343,0,43,-85,-16,4
3161,4.5,Z,23,0,215,14,869,100,138,0,Z,30,4,194,1,274,149,154,7,1,7,4,-21,-13,-595,49,16,7
3162,0.3,T,1,0,27,0,0,8,3,0,T,3,0,28,0,0,3,2,1,1,2,0,1,0,0,-5,-1,1
3163,9.59,P,69,4,431,0,16,265,129,0,T,86,15,370,1,527,183,113,1,1,17,11,-61,1,511,-82,-16,1
3164,3.26,Z,13,3,97,0,7,14,50,0,T,14,0,203,0,11,29,17,2,0,1,-3,106,0,4,15,-33,2
3165,10.2,P,71,1,759,0,100,161,104,4,T,98,0,346,0,710,231,182,16,0,27,-1,-413,0,610,70,78,12
3166,6.15,T,42,1,525,0,281,98,55,3,P,25,0,283,0,0,75,56,0,1,-17,-1,-242,0,-281,-23,1,-3
3167,4.35,T,42,0,229,0,193,145,103,12,Z,35,5,322,0,154,68,181,0,0,-7,5,93,0,-39,-77,78,-12
3168,8.31,Z,41,2,257,0,38,90,119,0,Z,44,0,579,0,15,118,182,2,0,3,-2,322,0,-23,28,63,2
3169,9.12,Z,40,0,372,0,28,89,141,6,P,69,2,836,0,41,85,79,6,1,29,2,464,0,13,-4,-62,0
3170,9.58,T,105,0,610,0,86,174,171,26,Z,60,6,409,0,72,131,173,4,0,-45,6,-201,0,-14,-43,2,-22
3171,9.4,Z,60,6,182,0,69,49,147,1,Z,45,5,328,0,37,139,167,0,0,-15,-1,146,0,-32,90,20,-1
3172,3.23,T,14,3,272,0,6,101,47,0,P,12,0,249,0,4,36,23,2,1,-2,-3,-23,0,-2,-65,-24,2
3173,9.59,Z,110,2,338,0,294,461,309,4,Z,65,6,585,0,27,269,258,19,0,-45,4,247,0,-267,-192,-51,15
3174,6.29,Z,29,0,438,0,12,88,104,1,T,35,8,243,0,133,70,76,0,1,6,8,-195,0,121,-18,-28,-1
3175,0.25,P,3,0,17,0,0,11,2,0,T,2,0,25,0,0,1,3,0,1,-1,0,8,0,0,-10,1,0
3176,5.03,T,32,0,133,0,211,162,63,4,Z,25,0,150,0,238,143,138,6,0,-7,0,17,0,27,-19,75,2
3177,8.53,Z,48,0,282,0,14,184,260,9,P,54,0,378,0,4,206,77,3,0,6,0,96,0,-10,22,-183,-6
3178,2.23,T,11,0,32,0,84,34,84,0,T,10,1,93,0,214,50,13,4,0,-1,1,61,0,130,16,-71,4
3179,9.58,Z,43,0,475,0,41,140,160,2,T,81,6,583,0,6,199,217,3,0,38,6,108,0,-35,59,57,1
3180,9.4,T,77,3,598,0,153,213,98,5,P,68,1,332,0,18,163,97,0,1,-9,-2,-266,0,-135,-50,-1,-5
3181,9.59,Z,21,0,424,0,0,151,190,0,T,31,0,754,0,0,41,61,0,1,10,0,330,0,0,-110,-129,0
3182,6.1,Z,45,3,252,1,234,113,267,6,P,32,0,428,0,358,241,66,4,0,-13,-3,176,-1,124,128,-201,-2
3183,9.59,T,81,0,608,0,73,122,88,9,Z,68,0,414,0,48,265,262,9,1,-13,0,-194,0,-25,143,174,0
3184,6.07,Z,35,2,425,0,69,145,115,4,P,53,0,263,0,264,192,160,9,1,18,-2,-162,0,195,47,45,5
3185,9.59,P,124,1,484,0,386,327,151,17,Z,114,9,525,0,383,377,384,1,1,-10,8,41,0,-3,50,233,-16
3186,8.07,Z,34,4,341,0,705,220,188,4,Z,70,3,293,0,440,216,197,2,1,36,-1,-48,0,-265,-4,9,-2
3187,6.31,T,44,3,397,0,419,150,107,6,P,38,3,227,0,10,165,66,3,1,-6,0,-170,0,-409,15,-41,-3
3188,4.26,P,17,1,379,0,7,50,24,2,T,23,0,239,0,0,30,37,2,1,6,-1,-140,0,-7,-20,13,0
3189,9.42,Z,48,1,416,0,1,142,223,1,P,68,2,431,0,105,370,119,4,1,20,1,15,0,104,228,-104,3
3190,9.59,Z,91,0,443,0,106,223,331,11,T,137,6,424,0,945,246,174,22,1,46,6,-19,0,839,23,-157,11
3191,1.09,P,5,0,73,0,128,11,26,6,Z,3,2,43,0,27,13,13,4,1,-2,2,-30,0,-101,2,-13,-2
3192,4.54,T,33,2,380,0,122,130,82,3,T,34,4,230,0,39,174,88,4,0,1,2,-150,0,-83,44,6,1
3193,7.07,P,56,2,220,0,414,191,69,9,P,39,2,180,0,546,191,120,4,0,-17,0,-40,0,132,0,51,-5
3194,9.58,Z,46,0,643,0,9,130,190,6,Z,65,0,544,0,4,45,201,3,1,19,0,-99,0,-5,-85,11,-3
3195,4.56,Z,30,3,237,0,28,133,114,2,P,23,0,169,0,2,90,95,1,1,-7,-3,-68,0,-26,-43,-19,-1
3196,8.35,T,51,2,781,0,8,211,75,2,Z,40,3,393,0,72,85,149,5,1,-11,1,-388,0,64,-126,74,3
3197,7.56,T,50,4,615,0,747,80,58,0,T,41,4,407,0,14,74,78,0,0,-9,0,-208,0,-733,-6,20,0
3198,10.04,Z,49,9,283,0,83,107,181,1,Z,59,0,821,0,40,159,277,22,1,10,-9,538,0,-43,52,96,21
3199,7.39,Z,55,3,637,0,160,200,263,7,T,78,0,339,0,336,249,154,5,0,23,-3,-298,0,176,49,-109,-2
3200,9.59,Z,82,4,516,0,267,470,337,4,Z,84,0,564,0,29,420,278,4,0,2,-4,48,0,-238,-50,-59,0
3201,8.5,Z,70,2,410,0,120,221,302,0,T,74,0,549,0,35,150,190,6,0,4,-2,139,0,-85,-71,-112,6
3202,8.12,Z,36,0,119,0,8,66,183,2,P,53,2,396,5,136,72,53,0,1,17,2,277,5,128,6,-130,-2
3203,8.07,Z,47,1,569,0,10,87,153,1,Z,59,2,315,0,732,109,411,11,0,12,1,-254,0,722,22,258,10
3204,7.57,Z,56,4,363,0,271,153,226,11,T,82,1,472,0,390,229,195,15,1,26,-3,109,0,119,76,-31,4
3205,9.58,T,92,8,738,0,47,221,142,1,P,39,0,879,0,6,158,87,2,0,-53,-8,141,0,-41,-63,-55,1
3206,9.59,Z,66,2,350,0,18,87,183,1,T,83,5,628,0,39,245,129,3,0,17,3,278,0,21,158,-54,2
3207,9.56,T,55,0,1119,0,0,21,110,0,T,41,3,1090,0,7,89,54,0,0,-14,3,-29,0,7,68,-56,0
3208,2.48,P,13,0,267,0,8,19,8,3,P,9,1,223,0,2,26,9,0,0,-4,1,-44,0,-6,7,1,-3
3209,5.1,T,25,0,395,0,64,102,73,4,T,27,0,215,0,4,97,52,4,1,2,0,-180,0,-60,-5,-21,0
3210,6.39,Z,38,11,298,0,34,128,106,0,Z,35,8,297,0,431,83,160,3,1,-3,-3,-1,0,397,-45,54,3
3211,0.23,T,2,0,30,0,0,1,1,1,T,2,1,4,0,3,1,12,0,0,0,1,-26,0,3,0,11,-1
3212,7.27,T,48,2,546,0,20,129,58,0,P,25,0,633,0,1,50,38,1,0,-23,-2,87,0,-19,-79,-20,1
3213,1.08,Z,3,0,77,0,12,4,13,4,P,7,0,86,0,100,37,16,2,0,4,0,9,0,88,33,3,-2
3214,6.4,T,49,2,216,0,13,156,60,1,P,23,0,374,0,0,119,33,0,1,-26,-2,158,0,-13,-37,-27,-1
3215,9.59,T,51,0,859,0,121,62,49,7,T,54,0,428,0,59,103,87,4,0,3,0,-431,0,-62,41,38,-3
3216,9.23,T,57,10,910,0,174,140,167,1,Z,48,7,339,0,69,79,146,0,0,-9,-3,-571,0,-105,-61,-21,-1
3217,9.58,Z,58,0,492,0,404,144,204,4,Z,54,0,532,0,31,175,207,9,1,-4,0,40,0,-373,31,3,5
3218,9.59,Z,66,0,390,0,10,60,258,1,P,87,3,716,0,155,378,222,2,0,21,3,326,0,145,318,-36,1
3219,9.59,T,80,2,462,0,691,118,131,5,T,91,0,389,0,703,152,135,12,1,11,-2,-73,0,12,34,4,7
3220,9.59,Z,66,0,793,0,22,97,195,0,T,89,0,611,0,80,238,90,9,0,23,0,-182,0,58,141,-105,9
3221,7.05,Z,41,3,276,0,69,48,112,0,T,38,2,607,0,296,84,78,5,1,-3,-1,331,0,227,36,-34,5
3222,9.01,Z,52,0,368,0,44,235,184,1,Z,66,0,461,0,198,435,229,10,1,14,0,93,0,154,200,45,9
3223,4.47,P,21,0,133,0,3,85,39,2,P,14,0,122,0,2,123,78,1,0,-7,0,-11,0,-1,38,39,-1
3224,9.5,T,111,0,498,0,58,61,66,2,Z,47,0,209,0,27,90,184,5,0,-64,0,-289,0,-31,29,118,3
3225,5.02,P,28,0,261,0,70,119,42,5,Z,25,0,203,0,338,88,88,5,0,-3,0,-58,0,268,-31,46,0
3226,5.44,Z,46,0,170,0,28,175,146,4,Z,25,1,169,0,10,82,73,0,0,-21,1,-1,0,-18,-93,-73,-4
3227,9.59,Z,115,1,847,0,171,298,249,19,T,121,5,369,0,218,251,272,12,1,6,4,-478,0,47,-47,23,-7
3228,7.14,P,25,0,341,0,3,87,65,2,T,48,0,470,0,32,166,78,8,1,23,0,129,0,29,79,13,6
3229,7.41,P,41,3,143,0,10,193,77,1,P,37,0,413,0,32,155,42,5,1,-4,-3,270,0,22,-38,-35,4
3230,7.51,T,69,2,540,0,150,134,84,3,Z,40,2,232,0,35,127,123,2,0,-29,0,-308,0,-115,-7,39,-1
3231,7.23,T,37,0,255,0,12,26,61,4,P,41,0,593,0,25,146,52,3,1,4,0,338,0,13,120,-9,-1
3232,9.03,P,37,0,730,0,9,144,77,2,T,61,5,562,0,23,201,94,4,0,24,5,-168,0,14,57,17,2
3233,1.05,T,2,0,68,0,0,8,4,1,P,6,0,60,0,0,11,5,0,1,4,0,-8,0,0,3,1,-1
3234,9.59,Z,65,2,374,0,44,191,211,5,T,80,4,658,0,32,193,140,1,0,15,2,284,0,-12,2,-71,-4
3235,8.42,T,31,0,561,0,0,58,40,0,T,92,0,425,0,407,257,232,9,1,61,0,-136,0,407,199,192,9
3236,9.58,Z,60,4,327,0,38,119,158,3,T,84,0,511,0,50,184,97,1,1,24,-4,184,0,12,65,-61,-2
3237,2.12,P,10,0,116,0,57,35,9,1,P,8,0,127,0,3,47,26,4,1,-2,0,11,0,-54,12,17,3
3238,9.59,T,126,0,435,0,234,415,155,40,P,82,6,362,0,90,142,101,6,0,-44,6,-73,0,-144,-273,-54,-34
3239,10.16,T,122,2,584,0,478,270,223,10,P,144,0,627,0,628,468,233,22,0,22,-2,43,0,150,198,10,12
3240,4.18,P,24,0,344,0,42,138,78,1,P,18,1,119,0,3,66,22,1,1,-6,1,-225,0,-39,-72,-56,0
3241,9.59,T,70,0,621,0,24,227,84,10,Z,35,1,518,0,13,149,197,0,1,-35,1,-103,0,-11,-78,113,-10
3242,9.59,T,73,7,811,0,13,283,204,2,T,67,5,936,0,19,162,138,0,0,-6,-2,125,0,6,-121,-66,-2
3243,3.54,T,13,0,166,0,3,99,32,7,T,16,0,79,0,0,42,35,3,1,3,0,-87,0,-3,-57,3,-4
3244,7.42,T,54,6,379,0,474,199,91,4,T,80,0,451,0,124,212,79,4,1,26,-6,72,0,-350,13,-12,0
3245,7.38,T,56,2,468,0,353,194,90,4,T,49,0,396,0,63,155,48,6,1,-7,-2,-72,0,-290,-39,-42,2
3246,5.07,P,36,0,185,0,350,96,64,9,T,39,0,360,0,195,230,104,4,0,3,0,175,0,-155,134,40,-5
3247,7.36,Z,26,4,537,0,19,118,67,2,T,47,0,286,0,215,225,56,6,0,21,-4,-251,0,196,107,-11,4
3248,10.48,P,59,12,813,0,30,313,86,0,Z,74,2,1120,0,35,142,329,5,0,15,-10,307,0,5,-171,243,5
3249,1.57,T,8,0,57,0,240,37,120,4,T,6,0,72,0,0,37,44,3,1,-2,0,15,0,-240,0,-76,-1
3250,8.57,T,45,5,355,0,7,85,69,0,T,28,10,361,0,43,41,66,0,0,-17,5,6,0,36,-44,-3,0
3251,9.57,Z,95,0,409,53,479,187,537,4,P,95,7,680,0,835,371,158,5,0,0,7,271,-53,356,184,-379,1
3252,9.58,T,51,2,462,0,5,47,121,0,T,62,0,795,0,14,113,74,2,0,11,-2,333,0,9,66,-47,2
3253,3.02,T,11,0,111,0,0,34,43,0,T,12,0,207,0,0,44,31,3,1,1,0,96,0,0,10,-12,3
3254,9.59,Z,47,0,310,0,55,184,165,1,T,67,0,617,0,81,101,84,6,0,20,0,307,0,26,-83,-81,5
3255,10.15,T,92,0,929,0,632,332,151,8,Z,101,0,649,0,0,213,433,0,1,9,0,-280,0,-632,-119,282,-8
3256,4.15,T,30,0,282,0,93,114,114,4,Z,21,0,102,0,45,37,96,2,0,-9,0,-180,0,-48,-77,-18,-2
3257,9.48,Z,41,1,268,0,21,91,144,0,T,98,0,682,0,419,270,182,13,1,57,-1,414,0,398,179,38,13
3258,8.25,P,52,3,455,0,89,229,67,1,Z,39,3,691,0,433,97,175,0,1,-13,0,236,0,344,-132,108,-1
3259,2.56,Z,7,2,126,0,235,33,94,6,Z,13,0,25,0,0,28,47,0,0,6,-2,-101,0,-235,-5,-47,-6
3260,9.2,Z,58,12,442,0,425,364,214,1,Z,77,7,574,0,26,184,205,5,0,19,-5,132,0,-399,-180,-9,4
3261,7.48,Z,69,9,556,3,300,333,246,4,Z,52,4,531,0,337,245,289,7,0,-17,-5,-25,-3,37,-88,43,3
3262,9.58,P,45,0,645,0,1,160,93,1,P,33,4,432,0,2,134,107,2,1,-12,4,-213,0,1,-26,14,1
3263,7.12,P,37,3,532,0,20,144,56,0,P,30,0,496,0,5,175,46,0,0,-7,-3,-36,0,-15,31,-10,0
3264,8.31,T,52,0,493,0,4,267,172,4,T,62,5,491,0,97,139,74,3,1,10,5,-2,0,93,-128,-98,-1
3265,8.3,P,37,1,469,0,28,259,77,0,P,80,0,718,0,54,222,130,4,1,43,-1,249,0,26,-37,53,4
3266,5.26,T,17,0,339,0,8,83,47,3,P,10,0,211,0,0,25,18,0,0,-7,0,-128,0,-8,-58,-29,-3
3267,10.29,T,52,0,836,0,5,108,82,2,P,50,0,917,0,2,131,64,4,1,-2,0,81,0,-3,23,-18,2
3268,10.34,T,75,0,646,0,152,231,73,8,T,82,9,658,0,566,313,286,3,1,7,9,12,0,414,82,213,-5
3269,10.56,T,78,0,759,0,181,200,116,11,T,54,3,1028,0,23,193,84,1,0,-24,3,269,0,-158,-7,-32,-10
3270,3.42,Z,11,2,167,0,17,40,54,1,Z,16,1,58,0,10,35,52,2,1,5,-1,-109,0,-7,-5,-2,1
3271,9.59,T,54,0,584,0,4,81,84,3,P,68,0,750,0,0,131,80,0,1,14,0,166,0,-4,50,-4,-3
3272,7.23,Z,51,0,596,0,68,330,308,4,T,106,0,273,0,686,180,85,12,1,55,0,-323,0,618,-150,-223,8
3273,6.58,Z,29,0,199,0,17,61,153,3,P,27,0,69,0,0,52,53,0,1,-2,0,-130,0,-17,-9,-100,-3
3274,3.15,T,4,6,186,0,5,27,10,1,T,18,0,100,0,10,31,25,2,0,14,-6,-86,0,5,4,15,1
3275,6.09,T,29,2,738,0,2,50,54,0,Z,16,0,180,0,47,102,72,5,1,-13,-2,-558,0,45,52,18,5
3276,1.09,P,2,0,23,0,82,16,23,1,P,8,0,30,0,31,27,74,2,1,6,0,7,0,-51,11,51,1
3277,5.05,P,25,0,296,0,1,87,42,2,P,22,0,571,0,7,80,25,3,0,-3,0,275,0,6,-7,-17,1
3278,9.59,Z,53,8,437,0,52,101,184,2,P,43,0,385,0,29,171,86,9,0,-10,-8,-52,0,-23,70,-98,7
3279,9.59,P,53,4,548,0,11,288,95,1,T,36,0,438,0,0,39,59,0,0,-17,-4,-110,0,-11,-249,-36,-1
3280,9.59,P,106,3,479,2,299,255,83,18,Z,114,9,360,0,599,339,477,8,0,8,6,-119,-2,300,84,394,-10
3281,9.09,Z,43,7,437,3,83,83,178,1,T,24,0,452,0,0,32,52,1,0,-19,-7,15,-3,-83,-51,-126,0
3282,5.05,P,19,0,404,0,0,75,39,0,Z,12,0,241,0,11,99,68,3,0,-7,0,-163,0,11,24,29,3
3283,5.55,T,34,5,367,0,32,68,33,2,T,27,0,627,0,28,47,90,1,0,-7,-5,260,0,-4,-21,57,-1
3284,4.36,P,28,0,268,0,74,112,67,3,P,22,0,159,0,42,134,36,5,0,-6,0,-109,0,-32,22,-31,2
3285,9.59,Z,52,6,280,0,33,143,220,0,T,63,0,474,0,23,271,286,10,0,11,-6,194,0,-10,128,66,10
3286,9.59,Z,42,0,449,0,26,191,196,0,Z,52,1,339,0,31,156,169,1,1,10,1,-110,0,5,-35,-27,1
3287,9.59,T,51,0,848,0,0,122,142,0,P,44,0,749,0,0,101,127,0,1,-7,0,-99,0,0,-21,-15,0
3288,7.04,Z,46,3,124,0,91,173,173,1,Z,41,8,275,0,204,178,135,7,1,-5,5,151,0,113,5,-38,6
3289,5.38,T,55,0,528,0,147,104,77,8,Z,26,0,111,0,39,61,373,0,1,-29,0,-417,0,-108,-43,296,-8
3290,9.59,T,111,0,709,0,183,351,148,10,Z,79,4,347,0,297,169,411,14,1,-32,4,-362,0,114,-182,263,4
3291,9.25,Z,54,0,1168,0,62,96,129,4,P,56,6,385,0,19,87,109,3,0,2,6,-783,0,-43,-9,-20,-1
3292,7.05,T,92,0,447,0,274,287,174,8,T,84,0,420,0,72,395,105,9,0,-8,0,-27,0,-202,108,-69,1
3293,7.37,T,46,0,406,0,60,78,40,4,T,44,3,834,0,78,202,59,1,0,-2,3,428,0,18,124,19,-3
3294,10.36,T,116,0,387,0,397,401,170,34,P,88,1,652,0,4,287,106,1,1,-28,1,265,0,-393,-114,-64,-33
3295,9.59,Z,82,3,347,0,128,173,182,4,T,100,0,475,0,67,270,82,6,0,18,-3,128,0,-61,97,-100,2
3296,9.59,P,58,0,623,0,119,308,124,10,P,83,0,622,0,576,263,95,16,0,25,0,-1,0,457,-45,-29,6
3297,10.13,P,151,5,471,0,240,333,144,17,Z,79,4,501,0,320,226,326,5,0,-72,-1,30,0,80,-107,182,-12
3298,7.32,T,56,0,314,6,57,54,69,0,P,43,2,556,0,100,206,57,4,0,-13,2,242,-6,43,152,-12,4
3299,9.32,T,104,0,442,0,385,211,264,27,Z,94,9,469,2,370,355,325,20,1,-10,9,27,2,-15,144,61,-7
3300,8.1,T,66,0,480,0,17,136,105,11,P,69,5,517,0,410,315,212,4,1,3,5,37,0,393,179,107,-7
3301,2.46,Z,9,3,79,0,5,120,103,0,P,10,0,88,0,38,63,9,2,0,1,-3,9,0,33,-57,-94,2
3302,9.58,Z,59,0,741,0,30,157,178,4,P,69,4,608,1,68,323,77,9,0,10,4,-133,1,38,166,-101,5
3303,9.57,T,44,0,479,0,13,27,71,5,Z,43,5,77,0,35,64,184,2,0,-1,5,-402,0,22,37,113,-3
3304,7.52,T,46,7,500,0,166,148,65,0,P,31,0,137,0,0,165,59,0,1,-15,-7,-363,0,-166,17,-6,0
3305,8.57,Z,47,0,555,0,6,112,130,1,Z,38,4,469,0,37,112,139,0,1,-9,4,-86,0,31,0,9,-1
3306,5.26,P,18,1,282,0,3,100,19,0,T,12,0,185,0,0,70,36,0,1,-6,-1,-97,0,-3,-30,17,0
3307,6.46,T,70,1,401,0,242,219,101,9,T,67,1,246,19,115,225,150,5,1,-3,0,-155,19,-127,6,49,-4
3308,9.59,Z,86,0,590,0,27,330,273,3,P,61,0,353,0,50,309,146,1,1,-25,0,-237,0,23,-21,-127,-2
3309,6.56,P,49,6,321,0,19,90,81,0,P,49,0,542,0,619,158,141,11,1,0,-6,221,0,600,68,60,11
3310,8.3,Z,57,2,365,0,158,231,463,9,T,73,4,471,0,329,149,227,11,1,16,2,106,0,171,-82,-236,2
3311,4.07,Z,17,0,87,0,17,16,49,0,Z,16,1,71,0,72,25,50,2,1,-1,1,-16,0,55,9,1,2
3312,6.03,P,33,0,243,0,318,182,87,8,T,38,0,389,0,41,228,206,4,1,5,0,146,0,-277,46,119,-4
3313,2.5,P,12,0,70,0,360,50,87,6,T,11,4,104,0,56,113,37,0,0,-1,4,34,0,-304,63,-50,-6
3314,9.58,Z,52,0,350,0,52,49,144,4,T,61,0,521,0,42,76,74,6,0,9,0,171,0,-10,27,-70,2
3315,6.38,Z,41,1,342,0,381,150,253,4,Z,46,1,269,0,89,105,210,2,0,5,0,-73,0,-292,-45,-43,-2
3316,10.04,Z,58,7,397,0,45,84,191,1,P,52,0,1295,0,24,125,85,3,0,-6,-7,898,0,-21,41,-106,2
3317,8.09,T,43,3,426,0,9,96,83,4,P,53,0,149,0,24,54,72,1,1,10,-3,-277,0,15,-42,-11,-3
3318,9.54,Z,48,0,332,0,30,149,310,6,P,67,1,635,0,28,240,104,6,1,19,1,303,0,-2,91,-206,0
3319,2.54,Z,14,0,64,0,53,52,77,1,Z,6,0,112,0,7,57,51,1,1,-8,0,48,0,-46,5,-26,0
3320,9.59,Z,46,0,259,0,38,25,208,5,Z,51,0,322,0,24,107,157,2,1,5,0,63,0,-14,82,-51,-3
3321,9.57,Z,76,2,403,0,189,166,256,4,Z,84,0,287,0,120,304,239,22,1,8,-2,-116,0,-69,138,-17,18
3322,9.13,P,53,0,609,3,32,141,73,0,P,37,2,245,0,9,63,41,0,1,-16,2,-364,-3,-23,-78,-32,0
3323,9.59,Z,64,0,742,0,3,242,175,0,T,67,2,422,0,33,222,90,4,1,3,2,-320,0,30,-20,-85,4
3324,4.41,P,29,0,232,0,39,141,21,7,Z,28,4,302,2,41,84,87,0,0,-1,4,70,2,2,-57,66,-7
3325,1.38,Z,7,0,25,0,9,24,23,2,T,7,0,58,0,0,13,14,0,0,0,0,33,0,-9,-11,-9,-2
3326,6.26,T,42,0,413,0,27,76,65,9,P,33,0,435,0,21,176,43,4,0,-9,0,22,0,-6,100,-22,-5
3327,3.56,P,21,0,242,0,8,102,19,1,Z,12,0,144,0,365,59,73,4,1,-9,0,-98,0,357,-43,54,3
3328,9.57,P,36,0,94,0,4,54,49,3,Z,35,2,640,0,1,58,162,0,0,-1,2,546,0,-3,4,113,-3
3329,9.59,T,126,12,422,0,250,257,141,10,T,137,2,586,0,312,312,341,22,1,11,-10,164,0,62,55,200,12
3330,9.56,Z,63,6,428,0,520,89,131,0,T,66,3,943,0,16,88,96,0,1,3,-3,515,0,-504,-1,-35,0
3331,5.46,P,18,0,174,0,6,76,55,1,T,30,0,347,0,11,104,44,5,1,12,0,173,0,5,28,-11,4
3332,9.58,Z,60,2,529,0,18,53,145,2,T,46,0,502,0,18,85,67,6,1,-14,-2,-27,0,0,32,-78,4
3333,3.04,T,9,2,162,0,6,48,19,0,P,9,0,177,0,0,42,7,0,1,0,-2,15,0,-6,-6,-12,0
3334,9.58,T,64,0,680,0,71,159,121,6,Z,65,0,849,0,0,76,183,0,1,1,0,169,0,-71,-83,62,-6
3335,6.04,Z,27,0,166,0,2,79,95,3,T,56,4,240,0,462,80,100,5,1,29,4,74,0,460,1,5,2
3336,9.59,Z,49,0,142,0,32,71,160,8,T,50,7,491,0,9,87,69,0,1,1,7,349,0,-23,16,-91,-8
3337,6.13,T,21,0,165,0,0,12,32,0,P,29,0,179,0,0,18,32,0,1,8,0,14,0,0,6,0,0
3338,9.58,Z,65,1,610,0,42,136,185,2,T,81,0,400,5,37,181,132,0,0,16,-1,-210,5,-5,45,-53,-2
3339,8.21,P,92,0,213,0,478,218,124,23,P,56,7,603,0,200,281,106,1,0,-36,7,390,0,-278,63,-18,-22
3340,5.44,Z,32,2,614,0,21,136,100,0,P,27,2,545,0,44,153,86,2,0,-5,0,-69,0,23,17,-14,2
3341,9.05,P,63,4,777,0,44,370,151,1,Z,50,1,588,0,318,164,368,2,0,-13,-3,-189,0,274,-206,217,1
3342,9.15,Z,65,10,396,4,641,243,339,5,T,109,0,355,0,388,245,148,12,0,44,-10,-41,-4,-253,2,-191,7
3343,6.07,T,34,0,501,0,3,44,77,5,P,20,0,125,0,24,60,49,6,1,-14,0,-376,0,21,16,-28,1
3344,4.01,Z,23,3,163,0,444,168,167,5,T,28,2,402,1,53,89,23,1,1,5,-1,239,1,-391,-79,-144,-4
3345,7.02,Z,39,8,311,0,54,161,120,0,Z,41,7,409,0,31,165,139,4,0,2,-1,98,0,-23,4,19,4
3346,6.22,Z,35,2,273,0,158,77,199,4,P,38,0,185,0,486,139,100,6,0,3,-2,-88,0,328,62,-99,2
3347,6.52,T,22,0,589,0,7,180,57,1,T,53,1,444,0,0,118,79,0,1,31,1,-145,0,-7,-62,22,-1
3348,8.11,Z,40,2,385,0,22,204,251,0,T,74,8,353,0,68,164,197,1,1,34,6,-32,0,46,-40,-54,1
3349,6.32,P,48,4,514,0,39,152,34,1,T,50,0,344,0,438,107,95,5,0,2,-4,-170,0,399,-45,61,4
3350,4.28,T,12,0,156,0,11,68,25,3,T,23,0,131,0,0,26,49,0,1,11,0,-25,0,-11,-42,24,-3
3351,9.42,Z,47,3,303,0,26,217,136,1,T,66,1,649,0,19,157,104,5,1,19,-2,346,0,-7,-60,-32,4
3352,9.59,P,46,0,803,0,0,207,105,0,Z,53,3,616,0,65,169,170,5,1,7,3,-187,0,65,-38,65,5
3353,4.55,T,30,3,388,0,9,108,51,0,Z,19,0,211,0,0,9,51,1,0,-11,-3,-177,0,-9,-99,0,1
3354,8.11,Z,56,1,538,0,66,190,151,9,T,55,0,201,0,18,348,156,3,1,-1,-1,-337,0,-48,158,5,-6
3355,9.59,Z,79,0,497,0,14,158,265,8,T,77,0,728,0,86,274,123,11,0,-2,0,231,0,72,116,-142,3
3356,9.44,P,42,1,364,0,11,221,86,0,T,38,0,184,0,13,48,67,3,1,-4,-1,-180,0,2,-173,-19,3
3357,1.19,P,7,0,78,0,57,33,23,4,P,3,0,60,0,50,31,20,1,1,-4,0,-18,0,-7,-2,-3,-3
3358,4.03,P,15,0,160,0,5,41,15,1,T,15,3,229,0,27,48,42,0,0,0,3,69,0,22,7,27,-1
3359,9.35,T,72,0,652,0,23,260,140,11,Z,68,7,662,0,58,176,189,2,1,-4,7,10,0,35,-84,49,-9
3360,9.59,Z,76,5,771,0,14,120,209,4,P,59,0,447,0,23,224,75,4,1,-17,-5,-324,0,9,104,-134,0
3361,9.59,P,54,0,676,0,28,191,62,4,T,87,0,765,0,80,104,115,9,0,33,0,89,0,52,-87,53,5
3362,9.59,Z,78,2,290,0,234,186,359,6,Z,72,0,463,0,76,264,246,17,1,-6,-2,173,0,-158,78,-113,11
3363,6.41,Z,42,1,433,0,426,212,284,4,P,36,1,284,0,397,157,55,6,1,-6,0,-149,0,-29,-55,-229,2
3364,9.58,T,30,9,391,0,20,55,99,0,T,23,0,397,0,0,42,36,0,0,-7,-9,6,0,-20,-13,-63,0
3365,8.44,Z,70,2,523,0,122,311,221,4,T,97,7,329,0,129,138,162,7,0,27,5,-194,0,7,-173,-59,3
3366,7.48,P,40,0,607,0,126,320,182,6,T,61,0,413,0,672,266,84,17,1,21,0,-194,0,546,-54,-98,11
3367,9.58,Z,72,0,203,0,138,98,277,12,T,67,6,446,0,66,131,97,4,0,-5,6,243,0,-72,33,-180,-8
3368,9.59,P,46,0,418,0,48,242,119,8,Z,49,3,710,0,196,261,293,2,0,3,3,292,0,148,19,174,-6
3369,9.59,T,34,3,533,0,88,101,87,3,T,56,2,426,0,1,50,98,1,0,22,-1,-107,0,-87,-51,11,-2
3370,6.35,T,68,5,301,0,50,155,82,2,T,41,2,365,0,4,103,67,0,0,-27,-3,64,0,-46,-52,-15,-2
3371,9.57,Z,28,0,673,0,0,105,120,0,T,20,0,344,0,0,47,65,0,0,-8,0,-329,0,0,-58,-55,0
3372,9.59,Z,65,7,530,0,185,169,317,0,P,69,3,613,0,81,328,116,5,0,4,-4,83,0,-104,159,-201,5
3373,4.52,P,23,0,265,0,18,102,25,1,Z,15,0,418,0,1,58,72,1,0,-8,0,153,0,-17,-44,47,0
3374,10.21,Z,53,3,299,0,130,243,359,2,P,53,0,816,0,0,130,105,1,1,0,-3,517,0,-130,-113,-254,-1
3375,8.11,P,84,4,365,0,186,206,154,3,Z,79,2,369,0,635,172,215,5,1,-5,-2,4,0,449,-34,61,2
3376,9.53,T,55,0,816,0,0,379,129,0,Z,47,7,403,0,46,135,132,3,1,-8,7,-413,0,46,-244,3,3
3377,10.06,T,72,6,483,0,126,201,88,0,T,74,0,629,0,25,139,117,6,1,2,-6,146,0,-101,-62,29,6
3378,3.34,P,15,3,91,0,245,128,86,0,P,18,1,170,0,202,132,131,8,1,3,-2,79,0,-43,4,45,8
3379,10.13,Z,59,7,573,0,47,123,166,2,P,49,13,299,0,27,87,80,0,0,-10,6,-274,0,-20,-36,-86,-2
3380,5.29,Z,24,0,203,0,2,74,86,1,T,27,0,303,0,0,56,57,2,1,3,0,100,0,-2,-18,-29,1
3381,9.59,T,51,0,561,0,23,60,83,2,T,89,0,649,0,37,136,97,8,1,38,0,88,0,14,76,14,6
3382,8.5,P,27,0,628,0,20,116,33,6,P,38,9,479,0,36,211,67,0,1,11,9,-149,0,16,95,34,-6
3383,3.29,P,15,0,124,0,132,91,71,6,Z,19,2,188,0,236,50,135,2,0,4,2,64,0,104,-41,64,-4
3384,3.55,Z,17,4,256,0,5,129,73,0,P,17,1,391,0,1,74,47,1,1,0,-3,135,0,-4,-55,-26,1
3385,10.54,P,112,7,532,0,56,308,123,7,T,126,0,820,0,133,180,169,15,1,14,-7,288,0,77,-128,46,8
3386,9.59,T,101,4,370,0,77,408,139,6,T,86,6,474,0,615,283,217,15,1,-15,2,104,0,538,-125,78,9
3387,4.05,Z,20,0,133,0,21,33,86,2,T,20,4,181,0,127,65,39,0,0,0,4,48,0,106,32,-47,-2
3388,9.59,Z,48,0,773,0,45,105,166,7,Z,53,7,675,2,56,84,196,1,1,5,7,-98,2,11,-21,30,-6
3389,9.58,P,35,0,687,0,0,345,102,0,P,52,4,156,0,18,223,187,0,1,17,4,-531,0,18,-122,85,0
3390,9.41,Z,51,3,482,0,216,315,186,10,P,39,0,577,0,2,81,64,2,0,-12,-3,95,0,-214,-234,-122,-8
3391,2.49,P,8,0,209,0,22,63,53,0,P,12,0,59,0,0,44,15,0,0,4,0,-150,0,-22,-19,-38,0
3392,4.4,Z,18,0,121,16,60,56,88,0,Z,18,4,97,0,17,25,73,2,0,0,4,-24,-16,-43,-31,-15,2
3393,4.2,T,13,1,182,0,0,38,56,0,T,28,0,313,0,0,184,104,1,1,15,-1,131,0,0,146,48,1
3394,5.57,P,51,2,221,0,450,236,63,4,T,64,0,285,0,301,158,136,13,1,13,-2,64,0,-149,-78,73,9
3395,2.24,P,7,0,33,0,4,23,63,2,P,7,0,246,0,0,28,9,0,1,0,0,213,0,-4,5,-54,-2
3396,9.58,T,90,4,542,0,71,143,119,15,P,32,0,652,0,0,34,41,0,1,-58,-4,110,0,-71,-109,-78,-15
3397,6.38,T,51,6,170,0,199,230,131,3,T,60,1,298,0,353,226,77,6,1,9,-5,128,0,154,-4,-54,3
3398,9.59,P,50,0,540,0,74,107,53,3,Z,70,0,234,0,54,58,148,7,0,20,0,-306,0,-20,-49,95,4
3399,9.14,Z,53,8,770,0,77,140,142,2,T,75,5,476,3,74,91,164,0,1,22,-3,-294,3,-3,-49,22,-2
3400,9.59,T,81,0,562,0,60,189,107,10,T,95,2,555,0,236,226,224,18,1,14,2,-7,0,176,37,117,8
3401,10.05,P,57,0,504,0,4,242,98,9,T,48,0,391,0,23,119,76,2,0,-9,0,-113,0,19,-123,-22,-7
3402,10.58,P,65,0,499,0,137,217,152,9,P,63,0,388,0,16,253,120,2,1,-2,0,-111,0,-121,36,-32,-7
3403,3.38,Z,14,0,116,0,12,64,52,4,Z,20,0,63,0,10,66,101,6,0,6,0,-53,0,-2,2,49,2
3404,10.16,T,81,3,481,0,30,143,81,8,T,86,0,468,0,38,391,213,12,0,5,-3,-13,0,8,248,132,4
3405,7.51,Z,45,5,403,0,101,114,189,3,Z,36,1,415,0,15,64,115,1,0,-9,-4,12,0,-86,-50,-74,-2
3406,9.59,Z,87,3,552,0,18,222,375,5,T,80,0,941,0,3,180,109,0,1,-7,-3,389,0,-15,-42,-266,-5
3407,9.59,Z,57,5,476,0,97,164,178,12,T,55,2,262,0,19,90,86,4,1,-2,-3,-214,0,-78,-74,-92,-8
3408,9.59,T,46,2,494,0,11,59,51,0,T,44,0,687,0,12,60,50,2,0,-2,-2,193,0,1,1,-1,2
3409,9.24,T,32,0,623,0,3,94,50,3,T,32,0,313,0,0,18,69,0,0,0,0,-310,0,-3,-76,19,-3
3410,3.09,Z,8,2,250,0,59,45,40,1,Z,13,0,103,3,239,68,89,3,1,5,-2,-147,3,180,23,49,2
3411,9.59,Z,90,0,344,0,286,186,355,14,T,98,0,1057,0,56,161,270,4,1,8,0,713,0,-230,-25,-85,-10
3412,5.48,T,34,2,402,0,3,61,83,0,P,34,2,212,0,212,106,168,11,1,0,0,-190,0,209,45,85,11
3413,8.26,P,53,0,753,0,29,105,55,8,T,62,0,385,0,163,144,256,6,1,9,0,-368,0,134,39,201,-2
3414,4.19,T,17,4,150,0,55,176,48,2,T,25,0,375,0,7,50,113,5,0,8,-4,225,0,-48,-126,65,3
3415,4.07,T,21,1,214,0,1,60,28,0,Z,17,1,235,0,26,61,98,0,0,-4,0,21,0,25,1,70,0
3416,9.58,P,63,4,465,0,4,80,67,0,T,53,0,435,0,23,31,66,7,0,-10,-4,-30,0,19,-49,-1,7
3417,7.31,T,27,4,557,0,28,146,50,2,T,56,2,573,0,2,124,112,0,1,29,-2,16,0,-26,-22,62,-2
3418,8.3,P,33,0,443,0,151,178,172,3,T,48,8,638,0,15,155,126,1,0,15,8,195,0,-136,-23,-46,-2
3419,10.33,Z,42,1,364,0,9,91,93,1,P,32,0,401,0,0,137,32,0,1,-10,-1,37,0,-9,46,-61,-1
3420,7.43,P,38,0,588,0,151,187,129,10,T,79,2,537,0,38,191,88,4,0,41,2,-51,0,-113,4,-41,-6
3421,9.36,T,138,3,421,0,254,340,166,6,Z,79,0,631,0,244,225,244,8,0,-59,-3,210,0,-10,-115,78,2
3422,9.59,T,103,9,708,0,60,266,130,2,Z,54,1,501,0,214,209,299,6,1,-49,-8,-207,0,154,-57,169,4
3423,7.58,P,37,7,288,0,14,150,73,0,Z,36,0,609,0,30,84,136,3,0,-1,-7,321,0,16,-66,63,3
3424,5,P,18,3,194,0,89,103,25,9,T,43,0,85,0,542,69,135,10,1,25,-3,-109,0,453,-34,110,1
3425,9.57,T,49,0,745,0,0,118,106,0,P,34,0,637,0,3,264,89,2,0,-15,0,-108,0,3,146,-17,2
3426,7.17,P,38,6,328,0,135,95,61,0,P,45,4,321,0,296,172,35,4,1,7,-2,-7,0,161,77,-26,4
3427,9.56,T,73,9,341,0,14,166,94,2,T,66,5,867,0,88,203,98,3,1,-7,-4,526,0,74,37,4,1
3428,6.24,P,30,0,355,0,11,56,26,1,P,50,1,456,0,300,225,233,6,0,20,1,101,0,289,169,207,5
3429,7.3,Z,69,12,421,0,51,119,185,10,T,96,4,491,0,476,259,75,14,1,27,-8,70,0,425,140,-110,4
3430,3.53,Z,15,2,235,0,294,183,78,3,Z,22,4,149,0,261,73,106,3,1,7,2,-86,0,-33,-110,28,0
3431,9.59,P,53,0,548,0,47,133,42,7,Z,55,0,532,0,124,103,169,7,0,2,0,-16,0,77,-30,127,0
3432,4.25,Z,17,2,98,0,300,60,59,6,Z,20,3,155,0,22,31,53,2,0,3,1,57,0,-278,-29,-6,-4
3433,1.47,P,7,0,109,0,2,6,5,2,P,8,0,57,0,0,25,8,0,1,1,0,-52,0,-2,19,3,-2
3434,9.2,P,54,0,745,0,25,94,58,3,T,48,0,455,0,0,151,103,0,0,-6,0,-290,0,-25,57,45,-3
3435,7.56,Z,48,1,781,0,499,151,170,6,T,65,2,356,0,64,278,107,3,1,17,1,-425,0,-435,127,-63,-3
3436,9.59,T,59,0,586,0,37,48,52,4,T,53,3,641,0,58,76,49,0,1,-6,3,55,0,21,28,-3,-4
3437,7.13,T,21,0,575,0,0,114,55,0,Z,45,0,389,0,25,68,127,4,1,24,0,-186,0,25,-46,72,4
3438,10.18,P,38,0,283,0,0,175,60,2,T,54,2,1314,0,1,115,130,0,1,16,2,1031,0,1,-60,70,-2
3439,8.11,T,87,3,467,0,662,223,168,5,Z,86,1,428,0,136,191,201,15,0,-1,-2,-39,0,-526,-32,33,10
3440,6.07,P,37,0,301,0,20,88,61,1,Z,25,1,251,0,41,119,112,0,0,-12,1,-50,0,21,31,51,-1
3441,9.59,P,47,1,691,0,1,193,93,3,T,51,1,637,0,2,115,96,0,1,4,0,-54,0,1,-78,3,-3
3442,6.1,Z,34,3,263,0,92,140,153,3,P,28,0,438,0,18,70,45,2,1,-6,-3,175,0,-74,-70,-108,-1
3443,0.44,Z,0,0,96,0,9,18,9,2,P,1,0,72,0,0,27,4,2,0,1,0,-24,0,-9,9,-5,0
3444,9.59,P,24,0,415,0,0,155,47,0,T,54,0,722,0,0,110,117,0,0,30,0,307,0,0,-45,70,0
3445,9.56,P,49,0,491,0,42,305,124,7,Z,46,2,507,0,8,60,135,0,1,-3,2,16,0,-34,-245,11,-7
3446,7.33,P,39,8,572,0,24,164,64,1,Z,31,2,576,0,60,25,149,3,1,-8,-6,4,0,36,-139,85,2
3447,5.52,T,47,1,470,0,364,202,128,6,P,37,0,288,4,59,180,86,0,0,-10,-1,-182,4,-305,-22,-42,-6
3448,5.48,Z,36,12,210,0,78,140,184,13,Z,33,0,187,0,25,62,116,1,0,-3,-12,-23,0,-53,-78,-68,-12
3449,9.59,P,75,0,598,0,46,130,55,11,T,83,0,470,0,632,167,218,13,1,8,0,-128,0,586,37,163,2
3450,10.36,Z,58,5,1361,0,58,209,286,0,T,99,4,715,0,42,74,110,4,0,41,-1,-646,0,-16,-135,-176,4
3451,2.42,T,11,1,151,0,15,21,36,0,T,12,0,71,0,225,15,88,3,1,1,-1,-80,0,210,-6,52,3
3452,3.17,P,16,1,146,0,370,38,23,8,Z,12,1,133,0,286,43,51,9,1,-4,0,-13,0,-84,5,28,1
3453,5.09,T,34,0,258,0,356,106,128,5,Z,25,3,206,0,549,108,101,0,1,-9,3,-52,0,193,2,-27,-5
3454,9.59,Z,71,0,393,0,84,215,304,2,T,81,0,705,0,47,119,122,5,0,10,0,312,0,-37,-96,-182,3
3455,7.09,Z,30,0,152,0,55,71,130,3,Z,34,4,341,0,27,218,119,1,1,4,4,189,0,-28,147,-11,-2
3456,9.58,P,42,0,510,0,14,181,96,3,Z,56,0,387,0,49,216,245,13,1,14,0,-123,0,35,35,149,10
3457,0.27,P,2,1,13,0,0,19,9,0,P,2,0,31,0,2,11,3,2,0,0,-1,18,0,2,-8,-6,2
3458,8.14,T,47,0,359,0,36,144,62,4,Z,18,0,352,0,3,21,85,1,0,-29,0,-7,0,-33,-123,23,-3
3459,2.47,Z,20,0,72,0,286,29,101,6,T,12,0,90,0,0,41,80,0,0,-8,0,18,0,-286,12,-21,-6
3460,7.22,T,42,6,695,0,90,212,95,2,P,38,0,401,0,19,147,81,7,0,-4,-6,-294,0,-71,-65,-14,5
3461,4.53,Z,23,4,220,0,159,96,164,4,Z,24,6,146,0,313,98,190,5,0,1,2,-74,0,154,2,26,1
3462,9.59,P,71,6,467,0,338,416,126,6,T,110,0,229,0,168,245,279,9,0,39,-6,-238,0,-170,-171,153,3
3463,9.59,T,77,0,602,0,313,256,143,13,Z,72,0,541,0,45,202,176,13,0,-5,0,-61,0,-268,-54,33,0
3464,7.28,Z,77,7,406,1,199,104,188,8,Z,50,0,284,0,218,133,298,4,0,-27,-7,-122,-1,19,29,110,-4
3465,8.24,Z,41,3,528,0,20,180,154,1,Z,44,2,522,0,21,113,165,0,1,3,-1,-6,0,1,-67,11,-1
3466,3.04,Z,10,0,45,0,7,30,76,4,T,11,0,263,0,10,57,31,3,1,1,0,218,0,3,27,-45,-1
3467,9.58,P,41,1,773,0,30,116,67,2,T,88,0,476,0,196,262,244,9,1,47,-1,-297,0,166,146,177,7
3468,7.01,Z,40,0,382,0,155,204,248,3,Z,46,3,353,0,201,203,230,7,1,6,3,-29,0,46,-1,-18,4
3469,6.55,T,65,0,257,0,577,151,161,13,P,66,0,275,0,403,287,80,9,0,1,0,18,0,-174,136,-81,-4
3470,7.45,P,53,1,605,0,27,239,72,5,Z,53,1,659,0,34,89,123,1,0,0,0,54,0,7,-150,51,-4
3471,8.26,T,87,0,410,0,330,230,110,15,P,45,7,349,8,378,169,256,0,0,-42,7,-61,8,48,-61,146,-15
3472,8.29,Z,40,0,486,0,168,134,299,4,Z,45,0,311,0,19,73,141,1,1,5,0,-175,0,-149,-61,-158,-3
3473,9.59,P,78,0,635,0,166,352,179,12,T,95,0,580,0,451,213,97,25,1,17,0,-55,0,285,-139,-82,13
3474,9.06,T,139,5,712,0,613,379,164,4,Z,138,0,494,132,879,328,960,4,1,-1,-5,-218,132,266,-51,796,0
3475,3.26,Z,18,0,126,0,38,11,68,2,Z,12,0,237,0,3,20,41,1,1,-6,0,111,0,-35,9,-27,-1
3476,9.54,P,39,6,532,0,21,275,56,4,P,35,0,967,0,0,128,70,1,1,-4,-6,435,0,-21,-147,14,-3
3477,7.09,Z,37,0,235,0,6,56,118,0,P,33,0,358,0,0,148,56,3,0,-4,0,123,0,-6,92,-62,3
3478,9.59,P,63,0,831,0,76,245,95,8,T,84,8,600,0,287,177,92,0,1,21,8,-231,0,211,-68,-3,-8
3479,9.59,Z,94,0,654,0,230,229,253,8,T,151,3,799,0,523,313,140,14,1,57,3,145,0,293,84,-113,6
3480,9.59,T,105,10,436,0,753,492,141,12,P,86,2,368,0,550,275,129,2,0,-19,-8,-68,0,-203,-217,-12,-10
3481,7.05,Z,24,0,529,0,0,137,80,0,P,31,0,653,0,2,146,54,1,1,7,0,124,0,2,9,-26,1
3482,10.52,Z,82,7,671,0,108,259,312,1,P,73,8,644,0,41,230,98,1,1,-9,1,-27,0,-67,-29,-214,0
3483,7.33,Z,29,0,460,0,76,154,201,0,T,47,0,195,0,455,186,176,3,0,18,0,-265,0,379,32,-25,3
3484,9.58,T,80,5,416,0,49,208,115,0,T,48,0,390,0,3,43,89,4,1,-32,-5,-26,0,-46,-165,-26,4
3485,5.42,Z,28,4,204,0,63,82,105,0,P,24,0,269,0,52,70,68,6,0,-4,-4,65,0,-11,-12,-37,6
3486,9.59,T,83,12,499,2,45,173,110,0,T,89,0,724,0,62,272,92,6,0,6,-12,225,-2,17,99,-18,6
3487,6.1,P,32,0,187,0,7,114,43,5,T,36,2,228,0,138,65,117,6,0,4,2,41,0,131,-49,74,1
3488,9.59,T,42,0,547,0,3,110,79,1,P,33,1,545,0,6,32,70,0,0,-9,1,-2,0,3,-78,-9,-1
3489,9.59,P,70,0,660,0,108,432,102,11,T,75,0,590,0,100,219,131,14,0,5,0,-70,0,-8,-213,29,3
3490,9.59,T,140,0,500,0,591,319,175,20,P,70,0,779,0,10,310,238,6,1,-70,0,279,0,-581,-9,63,-14
3491,9.59,Z,61,0,885,0,0,79,209,0,T,55,0,313,3,17,129,58,0,0,-6,0,-572,3,17,50,-151,0
3492,2.39,T,10,0,172,0,0,16,22,0,Z,8,1,22,0,0,20,41,0,1,-2,1,-150,0,0,4,19,0
3493,9.59,P,85,0,403,0,165,257,176,19,T,119,5,710,0,194,393,223,9,0,34,5,307,0,29,136,47,-10
3494,6.43,T,44,0,372,0,2,45,62,5,Z,39,0,273,0,29,111,86,0,1,-5,0,-99,0,27,66,24,-5
3495,6.26,P,68,0,259,0,569,203,59,8,Z,49,0,422,0,380,175,226,9,1,-19,0,163,0,-189,-28,167,1
3496,4.34,T,22,0,199,0,0,18,45,0,T,20,1,278,0,5,63,50,3,1,-2,1,79,0,5,45,5,3
3497,7.29,P,48,0,441,0,572,214,81,10,T,58,0,635,0,143,195,109,16,0,10,0,194,0,-429,-19,28,6
3498,6.43,P,27,5,586,0,16,217,102,1,P,30,0,497,0,0,57,91,0,0,3,-5,-89,0,-16,-160,-11,-1
3499,5.4,P,29,0,266,4,122,79,49,1,P,23,0,259,0,28,130,77,8,0,-6,0,-7,-4,-94,51,28,7
3500,5.31,Z,17,2,373,0,14,37,57,2,P,22,2,359,0,13,57,23,1,1,5,0,-14,0,-1,20,-34,-1
3501,8.33,T,25,0,401,0,0,75,54,0,T,27,0,445,0,0,54,76,1,1,2,0,44,0,0,-21,22,1
3502,8.28,P,41,0,658,0,0,191,89,1,T,52,1,449,0,17,173,119,0,1,11,1,-209,0,17,-18,30,-1
3503,8.1,P,31,0,676,0,6,167,71,1,T,46,0,211,0,0,28,84,0,1,15,0,-465,0,-6,-139,13,-1
3504,9.57,Z,50,0,75,0,2,94,195,2,T,58,0,573,0,2,136,78,0,0,8,0,498,0,0,42,-117,-2
3505,7.11,P,58,3,305,0,92,147,36,6,Z,36,5,330,0,57,150,97,2,0,-22,2,25,0,-35,3,61,-4
3506,8.52,T,65,0,396,0,84,161,72,8,Z,58,4,602,0,58,188,180,0,0,-7,4,206,0,-26,27,108,-8
3507,9.59,P,43,0,494,0,2,196,44,3,P,13,0,514,0,0,70,29,0,0,-30,0,20,0,-2,-126,-15,-3
3508,6.39,P,22,0,336,0,5,46,33,2,Z,27,2,516,0,11,104,90,1,1,5,2,180,0,6,58,57,-1
3509,9.59,P,77,0,443,0,142,172,199,3,T,108,2,672,0,76,313,143,2,1,31,2,229,0,-66,141,-56,-1
3510,5.12,T,29,1,244,0,363,73,116,4,P,25,0,430,0,12,118,28,5,0,-4,-1,186,0,-351,45,-88,1
3511,9.59,T,40,0,589,4,6,48,70,0,Z,54,0,201,0,39,110,199,1,0,14,0,-388,-4,33,62,129,1
3512,4.55,Z,18,0,226,0,73,25,108,1,T,20,0,336,0,2,64,33,1,0,2,0,110,0,-71,39,-75,0
3513,9.58,T,64,0,867,0,47,175,128,6,Z,56,4,443,0,50,241,326,5,1,-8,4,-424,0,3,66,198,-1
3514,9.59,Z,87,12,493,13,554,222,351,17,Z,91,17,253,0,55,175,214,0,1,4,5,-240,-13,-499,-47,-137,-17
3515,5.35,T,34,0,342,0,28,102,49,3,Z,19,3,352,0,27,48,88,0,0,-15,3,10,0,-1,-54,39,-3
3516,6.24,Z,33,5,273,0,108,119,151,0,P,44,0,449,0,411,261,132,3,1,11,-5,176,0,303,142,-19,3
3517,9.59,Z,57,8,488,0,61,198,217,6,T,120,10,516,0,668,245,144,10,0,63,2,28,0,607,47,-73,4
3518,6.39,P,32,0,573,0,0,38,35,1,T,27,0,361,0,1,28,63,1,1,-5,0,-212,0,1,-10,28,0
3519,9,Z,35,4,425,0,20,71,117,1,P,57,0,305,0,42,267,66,6,1,22,-4,-120,0,22,196,-51,5
3520,8.54,Z,50,5,463,0,399,189,226,6,Z,45,0,539,0,21,325,213,24,1,-5,-5,76,0,-378,136,-13,18
3521,8.28,P,61,0,398,0,505,145,56,10,Z,45,0,450,6,31,156,148,0,0,-16,0,52,6,-474,11,92,-10
3522,3.32,P,15,0,323,0,1,85,21,2,P,18,1,183,0,65,167,23,4,1,3,1,-140,0,64,82,2,2
3523,7.37,T,40,0,392,0,2,28,71,3,P,18,0,342,0,0,49,16,0,0,-22,0,-50,0,-2,21,-55,-3
3524,5.36,Z,37,5,437,0,136,112,247,4,Z,32,5,129,0,25,65,67,1,0,-5,0,-308,0,-111,-47,-180,-3
3525,8.12,Z,37,8,480,0,84,383,187,4,Z,44,0,310,0,47,225,173,9,0,7,-8,-170,0,-37,-158,-14,5
3526,9.59,Z,65,6,518,0,154,270,270,1,T,114,0,450,0,138,314,106,7,1,49,-6,-68,0,-16,44,-164,6
3527,4.07,Z,17,5,196,0,19,56,49,1,Z,15,0,50,0,20,81,63,2,0,-2,-5,-146,0,1,25,14,1
3528,9.45,Z,56,4,495,0,66,142,139,0,T,83,0,347,0,180,153,223,6,0,27,-4,-148,0,114,11,84,6
3529,7.41,T,65,0,416,0,391,272,108,4,P,53,0,387,0,359,194,152,10,1,-12,0,-29,0,-32,-78,44,6
3530,10.26,T,152,14,352,0,1079,280,246,38,P,85,0,747,0,72,162,98,18,0,-67,-14,395,0,-1007,-118,-148,-20
3531,8.19,T,40,4,406,0,15,39,48,0,Z,41,0,735,0,211,231,182,4,1,1,-4,329,0,196,192,134,4
3532,3.38,T,24,0,134,0,121,65,34,3,T,23,0,208,0,32,40,95,10,0,-1,0,74,0,-89,-25,61,7
3533,10.36,P,52,1,583,0,56,222,95,7,Z,81,0,524,16,158,193,272,0,1,29,-1,-59,16,102,-29,177,-7
3534,3.05,Z,13,0,59,0,31,16,41,3,Z,12,0,88,0,14,25,49,1,1,-1,0,29,0,-17,9,8,-2
3535,4.09,Z,21,2,240,0,40,84,55,0,Z,22,1,56,0,12,42,103,0,0,1,-1,-184,0,-28,-42,48,0
3536,9.59,T,101,4,593,0,39,284,124,5,Z,69,6,476,0,54,241,235,0,1,-32,2,-117,0,15,-43,111,-5
3537,8.49,P,61,4,624,0,262,273,212,1,T,81,0,457,0,195,145,100,11,1,20,-4,-167,0,-67,-128,-112,10
3538,9.59,P,32,2,517,0,8,265,59,2,Z,47,1,1094,0,14,164,194,3,0,15,-1,577,0,6,-101,135,1
3539,8.23,T,76,4,548,0,637,327,155,7,P,52,4,191,0,338,285,193,3,1,-24,0,-357,0,-299,-42,38,-4
3540,6.52,Z,20,1,283,0,9,179,107,0,Z,36,1,239,0,64,92,150,2,1,16,0,-44,0,55,-87,43,2
3541,4.05,Z,21,0,285,0,24,60,57,3,Z,15,0,294,0,9,78,63,5,1,-6,0,9,0,-15,18,6,2
3542,4.21,Z,20,0,114,0,27,39,75,9,T,37,2,188,0,261,125,91,3,1,17,2,74,0,234,86,16,-6
3543,9.59,Z,64,7,498,0,170,208,316,3,T,115,4,607,1,53,307,147,0,0,51,-3,109,1,-117,99,-169,-3
3544,0.56,T,6,0,1,0,6,22,13,1,T,5,0,27,0,19,15,23,1,1,-1,0,26,0,13,-7,10,0
3545,4.38,T,19,1,467,0,0,22,28,0,T,19,0,210,0,0,8,24,0,0,0,-1,-257,0,0,-14,-4,0
3546,4.51,P,30,0,179,0,99,158,81,5,Z,35,3,138,0,247,189,125,10,0,5,3,-41,0,148,31,44,5
3547,9.59,T,169,0,365,0,322,388,271,7,Z,88,0,417,0,56,366,267,20,1,-81,0,52,0,-266,-22,-4,13
3548,9.59,Z,54,2,505,0,12,108,170,0,T,45,5,596,0,20,93,63,0,1,-9,3,91,0,8,-15,-107,0
3549,1.51,Z,8,1,7,0,1,2,29,1,Z,7,1,81,0,10,21,29,1,1,-1,0,74,0,9,19,0,0
3550,9.17,Z,57,5,522,0,125,518,323,3,T,67,0,308,0,27,146,98,7,0,10,-5,-214,0,-98,-372,-225,4
3551,9.48,Z,59,0,428,0,34,171,221,3,Z,56,0,614,0,23,126,219,2,0,-3,0,186,0,-11,-45,-2,-1
3552,9.59,P,119,2,380,0,185,350,103,14,Z,111,16,322,2,543,305,518,9,0,-8,14,-58,2,358,-45,415,-5
3553,9.59,T,69,1,410,0,8,231,136,0,P,45,4,599,0,4,143,65,0,1,-24,3,189,0,-4,-88,-71,0
3554,6.45,T,66,2,357,0,245,184,240,9,Z,44,0,510,0,71,86,140,4,0,-22,-2,153,0,-174,-98,-100,-5
3555,4.07,T,19,0,193,0,214,69,32,5,T,33,0,294,0,129,56,57,6,1,14,0,101,0,-85,-13,25,1
3556,3.51,P,20,0,154,0,125,103,52,5,T,23,1,433,0,108,121,98,5,0,3,1,279,0,-17,18,46,0
3557,3.34,Z,14,0,205,0,18,14,34,16,T,13,1,112,0,286,129,71,5,0,-1,1,-93,0,268,115,37,-11
3558,10.21,Z,65,0,413,0,4,120,187,3,P,78,8,486,0,421,346,105,11,0,13,8,73,0,417,226,-82,8
3559,9.59,Z,62,7,179,0,66,184,202,1,Z,61,17,568,0,223,250,272,0,0,-1,10,389,0,157,66,70,-1
3560,9.59,T,78,0,552,0,141,333,167,4,T,90,0,493,0,311,266,220,13,1,12,0,-59,0,170,-67,53,9
3561,7.37,P,50,1,350,0,5,190,101,4,P,54,0,312,0,606,191,197,12,1,4,-1,-38,0,601,1,96,8
3562,4.4,P,18,3,196,0,2,35,26,0,T,21,0,277,0,2,62,27,1,0,3,-3,81,0,0,27,1,1
3563,8.19,T,99,0,622,0,61,189,196,8,Z,68,5,490,0,67,228,216,3,0,-31,5,-132,0,6,39,20,-5
3564,9.59,T,70,2,703,0,48,329,182,5,P,75,0,462,0,42,266,109,9,1,5,-2,-241,0,-6,-63,-73,4
3565,4.45,Z,20,2,194,0,5,51,100,0,T,39,0,363,0,211,112,43,5,1,19,-2,169,0,206,61,-57,5
3566,9.58,T,72,2,918,0,0,93,120,0,T,51,1,1048,0,50,102,81,16,1,-21,-1,130,0,50,9,-39,16
3567,9.58,T,88,0,834,0,339,259,103,6,P,76,4,445,0,143,191,132,3,1,-12,4,-389,0,-196,-68,29,-3
3568,5.17,Z,24,0,334,0,3,21,74,2,P,25,4,326,0,31,157,35,2,1,1,4,-8,0,28,136,-39,0
3569,6.44,T,54,0,266,0,452,188,211,4,T,49,4,250,0,94,94,108,4,0,-5,4,-16,0,-358,-94,-103,0
3570,5.01,P,23,0,139,0,7,73,19,7,P,35,0,155,0,10,129,61,11,1,12,0,16,0,3,56,42,4
3571,7.32,T,80,0,545,0,100,260,95,12,T,68,8,371,0,519,192,160,5,1,-12,8,-174,0,419,-68,65,-7
3572,9.59,P,50,1,538,0,15,213,58,2,T,77,9,336,0,317,210,130,3,0,27,8,-202,0,302,-3,72,1
3573,9.32,Z,55,2,501,0,52,122,161,0,P,42,0,428,1,4,101,63,0,0,-13,-2,-73,1,-48,-21,-98,0
3574,6.25,Z,35,1,348,0,167,94,216,8,P,30,0,401,0,32,135,69,5,1,-5,-1,53,0,-135,41,-147,-3
3575,5.05,Z,14,0,178,0,1,48,61,0,P,17,0,139,0,0,61,21,0,0,3,0,-39,0,-1,13,-40,0
3576,6.46,T,45,0,370,0,298,177,59,7,T,45,2,304,0,2,105,87,0,1,0,2,-66,0,-296,-72,28,-7
3577,7.3,Z,47,9,237,1,76,222,216,6,Z,66,0,477,0,73,149,159,2,1,19,-9,240,-1,-3,-73,-57,-4
3578,5.45,Z,36,3,453,0,130,146,132,4,T,53,0,271,0,256,87,72,14,1,17,-3,-182,0,126,-59,-60,10
3579,9.06,Z,82,1,452,0,119,258,405,0,P,83,2,346,0,266,376,160,8,1,1,1,-106,0,147,118,-245,8
3580,0.23,T,1,0,3,0,3,3,6,9,T,1,0,11,0,2,3,4,2,1,0,0,8,0,-1,0,-2,-7
3581,9.59,T,86,2,397,0,249,202,105,7,P,60,8,707,0,669,340,76,3,0,-26,6,310,0,420,138,-29,-4
3582,5.5,T,50,0,433,0,149,89,60,11,P,41,0,304,0,40,195,123,42,1,-9,0,-129,0,-109,106,63,31
3583,3.1,Z,15,9,299,0,77,51,71,0,Z,13,0,89,0,51,35,76,1,0,-2,-9,-210,0,-26,-16,5,1
3584,8.54,T,65,2,364,0,278,161,352,5,P,58,0,294,0,14,114,74,4,1,-7,-2,-70,0,-264,-47,-278,-1
3585,4.21,P,21,1,419,0,380,108,51,3,Z,22,2,176,0,65,84,63,5,0,1,1,-243,0,-315,-24,12,2
3586,9.59,T,84,4,433,0,249,141,157,2,Z,51,3,704,0,83,117,194,2,1,-33,-1,271,0,-166,-24,37,0
3587,9.59,P,93,0,598,0,444,392,192,15,T,87,0,504,0,427,254,124,13,0,-6,0,-94,0,-17,-138,-68,-2
3588,9.02,Z,56,6,770,0,108,106,180,11,Z,57,2,401,0,233,130,406,6,1,1,-4,-369,0,125,24,226,-5
3589,9.21,Z,60,10,158,0,102,222,316,3,T,75,3,506,0,158,142,142,10,0,15,-7,348,0,56,-80,-174,7
3590,9.59,Z,79,10,262,0,71,173,234,1,Z,67,2,702,0,638,272,325,5,1,-12,-8,440,0,567,99,91,4
3591,8.55,P,70,10,253,0,276,185,77,5,T,107,6,349,0,714,148,173,20,0,37,-4,96,0,438,-37,96,15
3592,7.56,Z,59,4,279,0,45,116,227,3,T,43,0,405,0,5,78,55,5,0,-16,-4,126,0,-40,-38,-172,2
3593,9.58,P,35,0,929,0,0,77,95,0,T,54,1,278,0,0,40,82,0,0,19,1,-651,0,0,-37,-13,0
3594,7.48,T,80,0,599,0,424,158,89,13,Z,54,0,427,0,47,236,159,9,0,-26,0,-172,0,-377,78,70,-4
3595,10.35,Z,65,2,452,0,67,288,298,11,Z,68,3,464,0,485,308,314,23,0,3,1,12,0,418,20,16,12
3596,9.42,T,97,0,582,0,352,225,299,5,P,69,5,515,0,358,310,100,21,1,-28,5,-67,0,6,85,-199,16
3597,3.41,T,17,0,277,0,129,55,39,5,P,10,0,314,0,0,33,17,0,0,-7,0,37,0,-129,-22,-22,-5
3598,9.58,P,74,0,547,0,171,270,247,4,Z,91,12,367,0,104,54,247,0,0,17,12,-180,0,-67,-216,0,-4
3599,8.59,T,25,3,612,0,18,59,78,0,T,47,0,641,0,24,117,84,3,1,22,-3,29,0,6,58,6,3
3600,7.28,P,31,0,361,0,0,67,63,0,T,0,0,42,0,0,0,1,0,0,-31,0,-319,0,0,-67,-62,0
3601,5.03,T,33,1,141,0,328,115,44,3,Z,27,1,253,0,474,127,239,7,1,-6,0,112,0,146,12,195,4
3602,8.37,P,51,1,257,0,48,214,183,1,Z,72,2,537,9,142,328,276,0,1,21,1,280,9,94,114,93,-1
3603,10.08,T,109,2,608,0,699,267,204,9,T,104,0,634,0,528,337,168,24,1,-5,-2,26,0,-171,70,-36,15
3604,4.39,T,23,0,238,0,0,93,50,0,P,14,0,318,0,0,85,66,0,1,-9,0,80,0,0,-8,16,0
3605,9.19,T,79,5,446,0,219,237,106,2,Z,62,2,592,0,28,168,166,0,0,-17,-3,146,0,-191,-69,60,-2
3606,9.05,Z,53,7,582,0,166,89,145,3,P,35,0,384,0,6,161,53,3,0,-18,-7,-198,0,-160,72,-92,0
3607,9.1,P,39,8,615,0,7,90,64,1,P,35,0,550,0,4,130,73,0,0,-4,-8,-65,0,-3,40,9,-1
3608,4.02,P,16,0,210,0,96,157,40,6,T,21,5,179,0,13,75,104,0,1,5,5,-31,0,-83,-82,64,-6
3609,3.27,Z,10,0,176,0,2,19,52,2,Z,14,0,70,0,96,40,281,2,1,4,0,-106,0,94,21,229,0
3610,4.06,T,6,0,77,0,0,5,16,0,T,15,0,109,0,1,29,29,2,1,9,0,32,0,1,24,13,2
3611,4.04,Z,13,2,268,3,47,100,67,0,P,25,2,95,0,38,72,53,1,0,12,0,-173,-3,-9,-28,-14,1
3612,10.44,T,52,0,571,0,0,155,205,0,T,80,2,656,0,142,268,138,5,0,28,2,85,0,142,113,-67,5
3613,9.59,Z,67,8,496,0,69,176,213,3,T,83,0,965,0,5,74,132,1,0,16,-8,469,0,-64,-102,-81,-2
3614,3.11,Z,14,0,201,0,64,52,37,4,Z,14,1,74,0,7,9,25,0,1,0,1,-127,0,-57,-43,-12,-4
3615,10.28,T,68,9,740,0,643,139,92,9,T,113,14,850,0,286,360,176,2,1,45,5,110,0,-357,221,84,-7
3616,9.54,Z,53,0,348,0,40,50,185,1,Z,46,0,144,0,0,215,183,0,1,-7,0,-204,0,-40,165,-2,-1
3617,7.39,T,63,4,535,0,520,128,184,1,P,32,0,439,0,573,258,102,8,1,-31,-4,-96,0,53,130,-82,7
3618,3.55,Z,15,1,255,0,24,24,54,1,Z,11,0,216,0,13,18,46,3,0,-4,-1,-39,0,-11,-6,-8,2
3619,9.59,Z,43,5,555,0,28,63,176,1,P,69,3,627,0,156,275,114,0,1,26,-2,72,0,128,212,-62,-1
3620,6.33,Z,47,1,217,0,23,140,249,5,Z,30,0,396,0,41,118,106,2,0,-17,-1,179,0,18,-22,-143,-3
3621,8.34,P,59,0,437,0,309,358,127,4,T,69,2,389,0,423,187,92,14,0,10,2,-48,0,114,-171,-35,10
3622,8.43,Z,71,9,451,0,49,146,180,0,T,61,10,364,1,105,185,85,0,1,-10,1,-87,1,56,39,-95,0
3623,0.33,T,4,0,42,0,0,6,3,0,P,1,0,2,0,0,0,0,0,0,-3,0,-40,0,0,-6,-3,0
3624,7.51,Z,56,1,314,0,446,146,255,11,P,60,1,740,0,87,241,45,11,1,4,0,426,0,-359,95,-210,0
3625,9.57,P,44,3,730,0,4,85,72,0,P,54,3,522,0,1,128,101,0,0,10,0,-208,0,-3,43,29,0
3626,7.46,P,42,2,335,0,399,198,98,9,Z,36,4,402,0,18,215,112,0,1,-6,2,67,0,-381,17,14,-9
3627,4.36,T,27,0,201,0,182,164,40,5,P,28,0,224,7,98,73,58,0,0,1,0,23,7,-84,-91,18,-5
3628,9.58,T,64,3,984,0,36,188,174,0,T,79,4,430,0,26,192,143,0,0,15,1,-554,0,-10,4,-31,0
3629,8.19,T,58,0,290,0,8,112,92,5,P,70,0,442,0,29,329,173,4,0,12,0,152,0,21,217,81,-1
3630,9.08,Z,74,2,597,0,120,299,257,3,T,83,0,582,0,295,141,119,4,0,9,-2,-15,0,175,-158,-138,1
3631,4.51,T,25,0,301,0,84,15,27,4,P,19,0,213,0,3,57,33,1,1,-6,0,-88,0,-81,42,6,-3
3632,4.56,Z,13,2,385,0,3,72,59,1,P,23,0,240,0,0,64,31,1,1,10,-2,-145,0,-3,-8,-28,0
3633,10.53,T,39,0,556,0,0,96,105,0,Z,59,6,737,0,73,318,253,2,1,20,6,181,0,73,222,148,2
3634,7.06,T,67,0,315,40,177,190,170,0,Z,54,0,358,27,178,192,295,4,0,-13,0,43,-13,1,2,125,4
3635,9.59,Z,75,16,608,0,94,216,267,5,T,104,0,658,0,136,248,112,7,1,29,-16,50,0,42,32,-155,2
3636,9.59,T,76,3,765,0,25,114,113,2,T,101,0,767,0,86,283,173,12,0,25,-3,2,0,61,169,60,10
3637,8.19,P,58,3,451,0,116,249,128,7,Z,60,0,349,0,64,150,207,7,1,2,-3,-102,0,-52,-99,79,0
3638,9.59,T,45,0,911,0,0,161,105,0,Z,71,6,334,0,46,100,201,9,0,26,6,-577,0,46,-61,96,9
3639,8.16,T,76,9,481,0,145,160,133,3,P,65,3,255,0,56,183,62,2,1,-11,-6,-226,0,-89,23,-71,-1
3640,6.34,T,29,1,301,0,160,100,93,5,P,30,6,345,0,17,150,47,0,1,1,5,44,0,-143,50,-46,-5
3641,9.59,P,36,1,350,0,6,68,46,4,T,84,4,273,0,199,203,163,11,0,48,3,-77,0,193,135,117,7
3642,4.14,P,19,0,170,0,6,69,25,5,T,17,0,348,0,1,26,38,2,1,-2,0,178,0,-5,-43,13,-3
3643,9.59,Z,129,0,543,0,364,215,373,29,T,93,0,675,0,210,247,169,13,0,-36,0,132,0,-154,32,-204,-16
3644,3.1,T,17,2,134,0,310,63,34,2,T,11,0,121,0,6,56,34,5,1,-6,-2,-13,0,-304,-7,0,3
3645,10.2,T,97,0,763,0,677,218,116,6,Z,68,13,623,2,124,163,262,3,1,-29,13,-140,2,-553,-55,146,-3
3646,6.58,P,29,1,384,0,25,105,34,1,T,25,0,271,0,1,103,41,2,1,-4,-1,-113,0,-24,-2,7,1
3647,9.59,P,95,8,419,0,337,402,142,8,T,101,6,388,3,114,180,168,3,1,6,-2,-31,3,-223,-222,26,-5
3648,9.59,T,65,0,611,0,137,290,218,12,T,69,1,555,0,9,131,216,14,1,4,1,-56,0,-128,-159,-2,2
3649,7.1,T,47,1,243,0,16,71,71,4,Z,44,2,272,0,101,197,230,6,0,-3,1,29,0,85,126,159,2
3650,0.52,Z,0,0,282,0,0,0,1,0,Z,1,1,26,0,10,7,16,0,1,1,1,-256,0,10,7,15,0
3651,5.56,T,45,0,398,0,430,73,60,7,P,33,0,266,0,190,118,167,5,1,-12,0,-132,0,-240,45,107,-2
3652,4,T,17,2,152,0,0,16,48,0,T,19,0,200,0,89,112,36,2,0,2,-2,48,0,89,96,-12,2
3653,8.16,Z,55,0,256,0,138,107,224,6,T,67,2,486,0,39,254,272,11,1,12,2,230,0,-99,147,48,5
3654,4.5,P,19,0,287,0,7,139,46,3,Z,22,2,124,0,16,65,89,3,0,3,2,-163,0,9,-74,43,0
3655,3.37,P,17,1,142,0,195,68,30,11,Z,22,1,171,0,409,29,114,6,1,5,0,29,0,214,-39,84,-5
3656,4.46,T,21,0,375,0,16,83,46,3,T,30,0,304,0,3,79,74,2,0,9,0,-71,0,-13,-4,28,-1
3657,4.46,T,23,2,273,0,19,36,45,2,Z,22,3,189,0,17,49,71,0,0,-1,1,-84,0,-2,13,26,-2
3658,9.51,Z,84,10,278,2,71,282,270,10,Z,54,8,964,0,124,179,254,6,0,-30,-2,686,-2,53,-103,-16,-4
3659,9.59,Z,62,0,280,8,73,110,223,2,T,81,14,817,0,201,153,164,1,0,19,14,537,-8,128,43,-59,-1
3660,9.58,Z,59,0,722,0,41,112,203,8,T,83,0,371,0,34,150,88,4,0,24,0,-351,0,-7,38,-115,-4
3661,4.43,Z,23,1,294,0,12,86,93,0,Z,25,3,80,0,1,11,80,0,0,2,2,-214,0,-11,-75,-13,0
3662,9.59,Z,63,2,287,0,58,191,239,3,Z,52,5,172,0,69,80,144,0,1,-11,3,-115,0,11,-111,-95,-3
3663,10.57,Z,41,0,802,0,16,91,171,5,P,74,4,637,0,53,211,98,9,1,33,4,-165,0,37,120,-73,4
3664,7.43,T,52,5,175,1,79,137,102,3,T,89,0,610,0,32,159,103,3,1,37,-5,435,-1,-47,22,1,0
3665,3.18,P,19,0,137,0,10,98,16,1,P,18,0,237,0,140,80,87,5,1,-1,0,100,0,130,-18,71,4
3666,9.59,T,45,1,621,0,218,145,90,2,P,43,3,524,0,5,94,84,0,0,-2,2,-97,0,-213,-51,-6,-2
3667,3.06,Z,7,1,122,0,1,32,89,1,Z,11,0,58,0,0,23,33,0,0,4,-1,-64,0,-1,-9,-56,-1
3668,4.51,T,28,0,442,0,0,16,53,0,T,11,5,69,0,2,11,43,1,1,-17,5,-373,0,2,-5,-10,1
3669,8.42,Z,52,11,353,0,398,341,296,11,Z,58,2,570,0,19,147,165,0,1,6,-9,217,0,-379,-194,-131,-11
3670,5.52,P,30,2,322,0,7,97,44,1,P,17,0,230,0,0,66,28,0,0,-13,-2,-92,0,-7,-31,-16,-1
3671,8.43,T,63,3,618,0,133,301,223,3,T,53,0,630,0,111,109,74,4,0,-10,-3,12,0,-22,-192,-149,1
3672,9.59,Z,71,0,324,0,42,185,187,3,T,102,9,439,4,74,178,166,2,1,31,9,115,4,32,-7,-21,-1
3673,9.06,Z,81,4,474,0,77,429,343,3,T,99,4,296,0,345,239,399,6,1,18,0,-178,0,268,-190,56,3
3674,8.23,P,49,0,282,0,123,99,109,8,P,63,10,417,0,73,114,81,1,0,14,10,135,0,-50,15,-28,-7
3675,2.24,T,10,0,94,0,103,34,9,5,T,15,0,56,0,3,14,17,7,1,5,0,-38,0,-100,-20,8,2
3676,9.59,Z,46,2,502,0,24,158,178,1,P,85,0,451,0,168,189,189,7,1,39,-2,-51,0,144,31,11,6
3677,8.11,T,44,0,304,4,38,81,69,1,T,56,5,485,0,169,142,79,0,1,12,5,181,-4,131,61,10,-1
3678,3.27,Z,10,8,174,0,19,88,67,0,P,8,0,365,0,0,39,17,0,0,-2,-8,191,0,-19,-49,-50,0
3679,9.58,P,79,0,737,0,0,343,127,2,P,50,0,1086,0,35,159,77,4,1,-29,0,349,0,35,-184,-50,2
3680,9.58,Z,65,0,712,0,0,104,187,0,T,35,0,537,0,0,37,85,0,0,-30,0,-175,0,0,-67,-102,0
3681,0,Z,0,0,1,0,0,0,0,0,Z,10,0,64,0,84,41,53,7,1,10,0,63,0,84,41,53,7
3682,4.37,T,28,0,274,0,434,87,44,6,P,32,0,181,0,56,96,72,9,1,4,0,-93,0,-378,9,28,3
3683,7.21,P,41,4,342,0,12,95,97,1,T,41,0,196,8,63,49,56,1,1,0,-4,-146,8,51,-46,-41,0
3684,10.34,T,122,0,463,0,59,337,242,31,Z,108,0,741,0,129,295,315,7,1,-14,0,278,0,70,-42,73,-24
3685,8.18,T,42,0,796,0,0,59,102,0,T,32,0,324,0,7,129,45,2,0,-10,0,-472,0,7,70,-57,2
3686,9.07,Z,66,5,353,0,404,182,269,8,T,87,0,431,0,934,318,226,17,1,21,-5,78,0,530,136,-43,9
3687,9.59,T,82,0,993,0,89,254,132,18,T,89,0,394,0,214,227,112,20,0,7,0,-599,0,125,-27,-20,2
3688,5.48,T,37,0,271,0,154,154,31,9,P,43,0,262,0,152,201,170,11,0,6,0,-9,0,-2,47,139,2
3689,9.59,P,51,4,596,0,20,116,95,0,P,49,5,587,0,28,111,57,6,0,-2,1,-9,0,8,-5,-38,6
3690,5.51,P,36,1,214,0,63,136,30,6,T,45,0,693,0,550,95,105,3,1,9,-1,479,0,487,-41,75,-3
3691,4.27,P,22,1,102,0,6,25,16,0,Z,17,4,143,0,10,18,46,0,0,-5,3,41,0,4,-7,30,0
3692,6.43,Z,47,2,521,0,511,157,188,6,P,58,2,229,0,163,170,97,4,0,11,0,-292,0,-348,13,-91,-2
3693,7.38,T,88,4,335,0,486,226,164,8,Z,48,0,261,20,170,232,239,2,0,-40,-4,-74,20,-316,6,75,-6
3694,9.59,P,52,10,585,0,64,358,77,9,P,21,1,530,0,1,72,55,2,0,-31,-9,-55,0,-63,-286,-22,-7
3695,6.01,P,37,0,418,0,133,148,139,1,T,41,1,407,0,39,54,81,6,1,4,1,-11,0,-94,-94,-58,5
3696,9.58,T,73,4,634,0,29,135,98,5,T,48,0,422,0,11,85,94,4,1,-25,-4,-212,0,-18,-50,-4,-1
3697,7.52,P,49,6,667,0,576,297,113,3,Z,54,5,328,0,65,107,174,5,1,5,-1,-339,0,-511,-190,61,2
3698,4.31,Z,19,0,262,0,399,53,64,5,Z,18,1,290,0,252,52,78,8,1,-1,1,28,0,-147,-1,14,3
3699,9.57,P,59,0,631,10,55,305,83,0,Z,69,6,578,0,202,192,338,7,1,10,6,-53,-10,147,-113,255,7
3700,4.53,P,18,0,289,0,0,58,23,1,T,20,3,459,0,10,54,35,0,0,2,3,170,0,10,-4,12,-1
3701,3.16,T,15,0,249,0,0,30,23,1,T,17,0,152,0,293,93,65,7,1,2,0,-97,0,293,63,42,6
3702,5.57,Z,31,2,188,0,9,63,102,0,T,27,0,493,0,74,123,94,3,1,-4,-2,305,0,65,60,-8,3
3703,10.18,T,89,0,718,0,147,362,183,10,P,95,0,340,0,42,290,150,3,1,6,0,-378,0,-105,-72,-33,-7
3704,3.52,P,20,0,276,0,14,63,22,2,T,15,0,137,0,76,83,17,3,1,-5,0,-139,0,62,20,-5,1
3705,10.37,T,90,0,486,0,25,198,148,7,Z,111,6,670,0,167,208,335,2,1,21,6,184,0,142,10,187,-5
3706,9.04,P,60,0,431,0,566,267,134,10,Z,41,0,528,0,705,157,212,5,0,-19,0,97,0,139,-110,78,-5
3707,10.16,T,94,1,350,0,16,194,231,8,Z,68,10,896,0,66,244,178,0,0,-26,9,546,0,50,50,-53,-8
3708,9.59,Z,34,0,299,0,0,42,127,0,T,56,2,465,0,20,93,86,1,1,22,2,166,0,20,51,-41,1
3709,2.41,Z,9,1,58,0,55,64,89,2,Z,8,4,67,0,50,42,105,4,1,-1,3,9,0,-5,-22,16,2
3710,8.02,T,79,0,375,0,202,175,207,15,Z,65,4,497,0,117,229,321,0,1,-14,4,122,0,-85,54,114,-15
3711,9.54,T,55,0,481,0,172,75,89,5,T,87,11,340,0,531,312,113,14,1,32,11,-141,0,359,237,24,9
3712,5.06,P,28,0,309,0,17,255,36,3,T,25,0,346,0,7,69,54,2,1,-3,0,37,0,-10,-186,18,-1
3713,7.43,T,45,5,396,0,42,144,119,0,P,61,8,367,0,121,199,90,2,1,16,3,-29,0,79,55,-29,2
3714,5.44,T,35,0,254,0,107,48,31,4,T,27,1,474,0,13,103,42,0,1,-8,1,220,0,-94,55,11,-4
3715,6.05,P,35,2,266,0,26,102,43,0,Z,24,0,299,0,94,80,117,2,1,-11,-2,33,0,68,-22,74,2
3716,9.59,Z,44,0,244,0,472,142,641,2,T,79,6,687,0,74,353,110,0,1,35,6,443,0,-398,211,-531,-2
3717,9.59,Z,82,0,406,0,199,376,322,26,T,97,0,1057,0,62,219,138,13,1,15,0,651,0,-137,-157,-184,-13
3718,6.16,P,28,0,552,0,29,67,31,5,P,22,0,313,0,0,47,33,0,1,-6,0,-239,0,-29,-20,2,-5
3719,2.36,T,11,1,71,0,312,33,53,5,Z,7,0,66,3,32,22,50,0,0,-4,-1,-5,3,-280,-11,-3,-5
3720,9.59,Z,64,0,505,0,215,146,191,7,Z,74,0,532,0,385,213,237,11,1,10,0,27,0,170,67,46,4
3721,9.57,T,61,0,496,0,0,103,114,1,T,89,0,640,0,74,266,117,6,0,28,0,144,0,74,163,3,5
3722,5.01,P,32,0,341,0,50,140,91,8,Z,23,2,410,0,24,256,97,2,0,-9,2,69,0,-26,116,6,-6
3723,9.59,T,61,0,167,0,13,191,86,8,Z,71,10,325,0,201,312,449,2,1,10,10,158,0,188,121,363,-6
3724,5.23,T,30,0,403,0,283,95,80,8,P,27,2,215,0,544,224,43,5,1,-3,2,-188,0,261,129,-37,-3
3725,3.19,T,16,1,199,0,45,94,40,3,Z,10,1,76,0,21,114,181,3,1,-6,0,-123,0,-24,20,141,0
3726,9.58,T,73,0,613,0,25,195,102,3,T,58,0,568,0,43,186,83,14,0,-15,0,-45,0,18,-9,-19,11
3727,0.16,Z,1,0,41,0,0,8,1,0,T,0,0,1,0,0,0,0,0,0,-1,0,-40,0,0,-8,-1,0
3728,9.12,Z,117,15,486,1,483,325,315,5,T,101,3,332,0,159,251,260,3,1,-16,-12,-154,-1,-324,-74,-55,-2
3729,9.59,Z,36,1,373,0,4,77,143,1,P,14,0,1273,0,0,51,22,0,0,-22,-1,900,0,-4,-26,-121,-1
3730,3.43,T,28,0,282,0,272,64,113,4,T,22,1,58,0,18,26,24,0,0,-6,1,-224,0,-254,-38,-89,-4
3731,9.59,Z,53,0,688,0,20,205,216,9,T,97,6,202,0,211,118,161,8,1,44,6,-486,0,191,-87,-55,-1
3732,6.47,T,41,1,555,0,22,202,87,7,P,33,0,591,0,12,79,43,7,0,-8,-1,36,0,-10,-123,-44,0
3733,5.11,P,17,0,261,0,0,10,36,0,P,16,3,390,0,2,88,48,0,1,-1,3,129,0,2,78,12,0
3734,9.23,Z,47,12,535,0,84,288,161,0,T,90,0,560,0,417,323,141,7,0,43,-12,25,0,333,35,-20,7
3735,9.59,Z,80,0,766,0,44,104,215,7,P,58,0,991,0,699,88,58,2,1,-22,0,225,0,655,-16,-157,-5
3736,5.13,Z,38,0,71,0,57,93,115,5,Z,26,5,295,0,327,161,150,5,1,-12,5,224,0,270,68,35,0
3737,2.33,Z,10,1,55,0,191,58,91,3,Z,10,1,177,0,101,56,88,1,0,0,0,122,0,-90,-2,-3,-2
3738,6.34,P,34,0,484,0,0,103,65,0,Z,30,0,268,0,20,100,102,6,0,-4,0,-216,0,20,-3,37,6
3739,4.32,T,18,0,251,0,185,88,31,3,Z,14,0,232,0,0,42,26,1,0,-4,0,-19,0,-185,-46,-5,-2
3740,10.33,Z,83,20,220,0,43,86,288,0,Z,48,0,625,0,57,271,201,3,1,-35,-20,405,0,14,185,-87,3
3741,4.05,P,16,0,181,0,1,34,15,1,T,13,3,149,0,8,26,22,0,0,-3,3,-32,0,7,-8,7,-1
3742,9.59,T,25,1,342,0,0,29,66,0,P,49,0,550,0,0,41,52,0,1,24,-1,208,0,0,12,-14,0
3743,9.59,Z,58,0,527,0,33,172,193,7,P,69,5,767,0,33,483,132,0,1,11,5,240,0,0,311,-61,-7
3744,6.2,P,46,2,322,0,166,210,188,6,T,67,4,292,0,520,166,107,11,1,21,2,-30,0,354,-44,-81,5
3745,1.21,P,6,0,53,0,10,24,17,0,T,6,0,53,0,0,3,8,0,1,0,0,0,0,-10,-21,-9,0
3746,9.57,T,17,0,289,0,0,43,30,0,T,47,3,438,0,6,29,85,0,1,30,3,149,0,6,-14,55,0
3747,9.58,P,31,0,683,0,4,47,41,1,Z,37,0,309,0,4,27,144,1,1,6,0,-374,0,0,-20,103,0
3748,1.59,T,7,2,207,0,24,29,9,1,T,6,0,72,0,200,16,78,5,0,-1,-2,-135,0,176,-13,69,4
3749,6.46,P,31,1,616,0,7,224,50,0,P,29,0,335,0,4,142,78,2,1,-2,-1,-281,0,-3,-82,28,2
3750,9.59,T,101,12,413,1,681,415,173,6,T,68,20,487,0,44,251,105,0,0,-33,8,74,-1,-637,-164,-68,-6
3751,9.59,T,53,0,692,0,21,212,172,2,P,73,0,696,0,360,274,120,23,1,20,0,4,0,339,62,-52,21
3752,8.34,P,43,0,401,0,7,222,65,5,P,37,0,281,0,2,107,74,1,0,-6,0,-120,0,-5,-115,9,-4
3753,8.05,Z,48,8,240,0,449,211,262,2,Z,57,10,385,0,312,227,221,9,1,9,2,145,0,-137,16,-41,7
3754,6.48,P,47,0,304,0,85,89,56,6,Z,41,0,439,0,438,152,146,12,1,-6,0,135,0,353,63,90,6
3755,4.32,T,23,0,357,0,17,75,33,6,P,14,2,431,0,3,83,18,0,0,-9,2,74,0,-14,8,-15,-6
3756,2.06,P,4,0,85,0,0,19,21,1,P,11,0,51,0,0,49,9,0,1,7,0,-34,0,0,30,-12,-1
3757,9.59,P,61,0,810,0,44,388,66,14,Z,46,0,311,0,0,33,158,0,0,-15,0,-499,0,-44,-355,92,-14
3758,7.54,T,52,4,318,0,7,128,97,0,Z,46,2,428,0,28,119,106,2,0,-6,-2,110,0,21,-9,9,2
3759,7.5,T,64,0,502,0,17,167,110,4,T,78,0,323,0,236,408,84,9,1,14,0,-179,0,219,241,-26,5
3760,8.32,T,66,0,644,0,438,122,123,10,Z,57,0,440,0,44,81,189,9,0,-9,0,-204,0,-394,-41,66,-1
3761,9.59,T,82,8,482,0,28,190,119,6,T,125,1,462,20,108,253,195,6,1,43,-7,-20,20,80,63,76,0
3762,10.34,Z,94,7,511,0,51,347,312,0,T,115,5,589,0,41,259,247,3,1,21,-2,78,0,-10,-88,-65,3
3763,9.59,T,57,0,529,0,2,110,89,3,P,64,4,557,0,945,398,316,16,1,7,4,28,0,943,288,227,13
3764,7.15,Z,28,0,404,0,11,89,112,7,Z,34,0,402,0,19,126,126,4,0,6,0,-2,0,8,37,14,-3
3765,5,P,36,1,242,0,36,155,64,2,Z,28,5,256,0,189,98,118,1,0,-8,4,14,0,153,-57,54,-1
3766,7.41,Z,40,0,427,0,172,243,140,4,P,55,0,323,0,396,208,77,8,0,15,0,-104,0,224,-35,-63,4
3767,9.59,P,56,6,548,0,64,272,120,0,T,111,0,595,0,500,431,146,13,1,55,-6,47,0,436,159,26,13
3768,2.17,T,9,0,89,0,164,145,15,4,Z,5,0,52,0,0,14,36,0,1,-4,0,-37,0,-164,-131,21,-4
3769,0.37,T,4,1,23,0,26,7,3,1,P,0,0,1,0,0,0,0,0,0,-4,-1,-22,0,-26,-7,-3,-1
3770,7.5,T,85,0,375,0,712,202,140,6,T,66,1,455,0,26,133,151,12,0,-19,1,80,0,-686,-69,11,6
3771,9.59,P,46,3,713,0,183,214,147,2,P,47,3,550,0,30,114,43,0,1,1,0,-163,0,-153,-100,-104,-2
3772,9.59,T,95,0,621,0,73,217,82,14,Z,84,13,670,0,317,360,291,1,0,-11,13,49,0,244,143,209,-13
3773,7,Z,49,0,301,0,8,160,155,2,Z,39,11,343,0,337,375,168,6,1,-10,11,42,0,329,215,13,4
3774,8.39,P,62,0,759,0,238,103,93,7,T,53,0,553,0,0,43,87,0,0,-9,0,-206,0,-238,-60,-6,-7
3775,3.41,T,14,2,43,0,3,18,27,2,T,11,1,215,0,4,9,24,3,0,-3,-1,172,0,1,-9,-3,1
3776,6.07,Z,20,0,417,0,1,29,76,2,T,30,0,410,0,9,73,83,2,1,10,0,-7,0,8,44,7,0
3777,8.01,T,44,0,340,0,9,70,71,10,T,59,0,313,0,180,202,215,7,1,15,0,-27,0,171,132,144,-3
3778,9.59,Z,75,4,670,0,472,145,212,6,T,72,0,632,0,276,72,327,6,0,-3,-4,-38,0,-196,-73,115,0
3779,5.43,P,35,1,184,0,129,115,66,11,P,30,0,383,0,0,124,70,0,1,-5,-1,199,0,-129,9,4,-11
3780,5.52,P,49,2,267,0,92,220,52,3,P,37,3,187,0,359,116,232,3,1,-12,1,-80,0,267,-104,180,0
3781,8.34,T,97,4,378,0,242,226,127,7,Z,60,0,624,0,193,287,200,12,0,-37,-4,246,0,-49,61,73,5
3782,6.05,T,76,0,239,0,594,214,225,20,P,46,7,305,0,477,151,90,2,0,-30,7,66,0,-117,-63,-135,-18
3783,9.46,P,38,0,587,0,0,245,79,0,P,34,1,477,0,0,162,53,0,1,-4,1,-110,0,0,-83,-26,0
3784,1.55,P,6,1,34,0,79,25,47,2,P,7,0,39,0,60,16,67,1,1,1,-1,5,0,-19,-9,20,-1
3785,9.59,P,67,2,504,0,185,256,115,7,T,99,4,495,0,298,242,230,7,0,32,2,-9,0,113,-14,115,0
3786,9.59,T,63,0,832,0,26,62,106,4,P,61,11,376,4,42,131,85,1,0,-2,11,-456,4,16,69,-21,-3
3787,8.3,P,79,5,257,0,336,290,228,5,P,86,7,398,0,624,280,91,18,1,7,2,141,0,288,-10,-137,13
3788,9.59,T,74,0,843,0,34,240,100,7,T,69,4,481,1,24,308,157,4,1,-5,4,-362,1,-10,68,57,-3
3789,9.59,T,111,2,539,0,68,314,91,5,T,93,0,651,0,188,266,215,6,0,-18,-2,112,0,120,-48,124,1
3790,3.52,Z,13,0,28,0,8,5,48,2,Z,20,0,89,0,23,34,56,2,1,7,0,61,0,15,29,8,0
3791,4.14,T,23,4,143,0,0,88,46,0,T,20,0,215,0,0,31,55,0,1,-3,-4,72,0,0,-57,9,0
3792,8.45,T,54,0,413,0,0,221,145,4,T,58,4,771,0,14,136,237,2,1,4,4,358,0,14,-85,92,-2
3793,3.55,T,24,4,238,0,400,97,130,1,P,22,0,135,0,187,70,64,2,1,-2,-4,-103,0,-213,-27,-66,1
3794,9.59,Z,88,12,632,0,99,280,241,5,T,94,3,515,0,242,268,112,6,0,6,-9,-117,0,143,-12,-129,1
3795,2.38,Z,11,1,96,0,97,37,148,1,T,11,0,90,0,242,46,45,9,1,0,-1,-6,0,145,9,-103,8
3796,9.59,T,91,2,537,0,448,304,151,17,T,87,0,665,0,77,235,148,9,0,-4,-2,128,0,-371,-69,-3,-8
3797,8.09,P,41,1,681,0,16,112,38,4,T,50,0,600,0,31,209,129,5,1,9,-1,-81,0,15,97,91,1
3798,6.57,P,26,0,379,0,1,167,48,1,T,38,4,467,0,4,73,84,0,1,12,4,88,0,3,-94,36,-1
3799,7.57,T,86,7,514,0,212,181,115,2,Z,48,1,447,0,222,274,225,2,0,-38,-6,-67,0,10,93,110,0
3800,7.26,T,56,0,461,0,218,244,224,4,T,88,1,319,0,179,348,152,12,1,32,1,-142,0,-39,104,-72,8
3801,9.22,T,47,0,558,0,7,93,90,5,T,40,4,766,0,39,45,63,1,1,-7,4,208,0,32,-48,-27,-4
3802,3.33,T,23,0,159,0,13,65,49,3,Z,13,3,232,0,332,100,132,1,1,-10,3,73,0,319,35,83,-2
3803,5.03,T,27,0,347,0,275,81,39,13,Z,17,0,322,0,0,40,64,4,0,-10,0,-25,0,-275,-41,25,-9
3804,9.57,T,45,0,275,0,12,68,64,4,T,39,0,838,0,0,64,89,0,1,-6,0,563,0,-12,-4,25,-4
3805,4.46,T,26,1,454,0,14,51,49,3,P,25,0,264,0,123,116,75,3,1,-1,-1,-190,0,109,65,26,0
3806,9.59,T,41,0,1015,0,0,25,102,0,P,38,0,678,0,7,53,46,2,1,-3,0,-337,0,7,28,-56,2
3807,6.24,P,37,1,426,0,73,125,120,1,Z,39,0,318,0,24,138,124,4,1,2,-1,-108,0,-49,13,4,3
3808,5.02,P,21,0,257,0,0,108,63,0,P,23,0,274,1,7,103,29,1,0,2,0,17,1,7,-5,-34,1
3809,1.2,Z,4,0,94,0,0,11,19,1,P,5,0,39,0,0,29,52,0,1,1,0,-55,0,0,18,33,-1
3810,3.36,Z,20,3,104,0,383,72,122,1,P,13,0,269,0,136,84,24,5,0,-7,-3,165,0,-247,12,-98,4
3811,8.26,T,95,11,247,0,543,202,160,2,Z,50,1,437,0,49,156,237,5,0,-45,-10,190,0,-494,-46,77,3
3812,5,Z,24,0,215,0,49,79,152,5,Z,16,0,157,3,19,64,203,1,1,-8,0,-58,3,-30,-15,51,-4
3813,10.05,T,74,8,422,0,73,163,116,1,T,57,5,343,0,161,386,205,5,0,-17,-3,-79,0,88,223,89,4
3814,8.32,Z,46,2,212,0,22,185,153,2,Z,52,4,172,0,78,143,159,7,0,6,2,-40,0,56,-42,6,5
3815,2.1,P,8,0,99,0,96,117,23,11,P,15,0,70,0,3,75,38,4,0,7,0,-29,0,-93,-42,15,-7
3816,10.39,Z,66,29,529,43,667,644,466,23,P,122,2,614,0,134,399,174,9,1,56,-27,85,-43,-533,-245,-292,-14
3817,8.42,Z,48,0,303,0,18,146,137,4,Z,34,1,354,0,56,343,217,1,0,-14,1,51,0,38,197,80,-3
3818,9.58,T,52,1,698,0,6,114,71,1,T,36,2,341,0,13,70,59,4,0,-16,1,-357,0,7,-44,-12,3
3819,9.58,T,55,0,463,0,31,359,88,4,T,45,3,809,0,19,103,83,0,0,-10,3,346,0,-12,-256,-5,-4
3820,6.48,P,18,0,587,0,0,40,24,0,P,27,0,346,0,9,35,31,3,1,9,0,-241,0,9,-5,7,3
3821,7.06,T,66,3,184,0,530,176,75,15,T,50,0,392,0,47,172,124,13,0,-16,-3,208,0,-483,-4,49,-2
3822,6.13,T,24,0,638,0,146,62,63,4,P,32,0,269,0,23,87,52,7,0,8,0,-369,0,-123,25,-11,3
3823,6.14,Z,34,5,304,0,42,128,151,5,P,49,4,340,0,137,174,133,20,0,15,-1,36,0,95,46,-18,15
3824,10.21,P,56,0,895,0,430,246,106,6,T,111,0,728,0,46,234,137,13,0,55,0,-167,0,-384,-12,31,7
3825,9.49,P,56,0,745,0,0,133,92,0,Z,57,1,513,0,41,381,188,7,0,1,1,-232,0,41,248,96,7
3826,6.12,P,30,0,315,0,0,52,32,0,P,23,0,268,0,5,55,51,3,0,-7,0,-47,0,5,3,19,3
3827,3.3,T,13,0,152,0,3,10,24,2,T,10,3,251,0,18,13,12,0,1,-3,3,99,0,15,3,-12,-2
3828,7.24,Z,58,1,331,0,118,180,289,13,Z,50,0,293,0,395,254,205,8,0,-8,-1,-38,0,277,74,-84,-5
3829,9.59,T,75,6,431,1,51,231,117,0,Z,57,4,362,0,28,122,185,3,0,-18,-2,-69,-1,-23,-109,68,3
3830,9.59,P,31,0,419,0,5,604,47,2,P,14,1,465,0,0,255,52,0,0,-17,1,46,0,-5,-349,5,-2
3831,5.13,P,18,0,367,0,1,103,46,2,T,29,6,429,0,8,45,49,0,1,11,6,62,0,7,-58,3,-2
3832,6.41,P,60,3,305,0,239,282,113,8,T,60,2,313,0,441,174,83,10,1,0,-1,8,0,202,-108,-30,2
3833,3.47,Z,17,0,100,0,18,49,170,5,Z,18,0,382,0,117,83,62,0,1,1,0,282,0,99,34,-108,-5
3834,9.59,P,107,0,386,0,461,315,143,17,T,102,0,549,0,484,215,134,8,0,-5,0,163,0,23,-100,-9,-9
3835,5.35,Z,27,1,183,0,2,29,73,5,T,28,0,289,0,0,31,51,0,1,1,-1,106,0,-2,2,-22,-5
3836,10.58,T,113,0,713,0,17,287,262,7,Z,99,7,663,0,22,198,231,3,0,-14,7,-50,0,5,-89,-31,-4
3837,9.59,Z,73,3,349,0,39,169,339,18,Z,53,8,218,0,259,274,283,10,0,-20,5,-131,0,220,105,-56,-8
3838,4,Z,24,0,135,0,130,92,92,8,P,20,0,238,0,23,207,23,3,1,-4,0,103,0,-107,115,-69,-5
3839,9.59,T,54,10,493,0,14,174,140,1,T,79,2,726,0,1,337,133,0,1,25,-8,233,0,-13,163,-7,-1
3840,9.58,T,71,1,496,0,143,264,206,8,T,84,4,511,0,19,311,158,3,1,13,3,15,0,-124,47,-48,-5
3841,7.37,P,30,6,614,0,12,84,45,0,P,40,7,566,0,600,226,80,4,0,10,1,-48,0,588,142,35,4
3842,9.59,T,53,0,602,0,183,204,148,4,P,68,5,355,0,751,217,131,4,1,15,5,-247,0,568,13,-17,0
3843,9.59,P,73,1,720,0,452,248,66,6,T,92,2,500,15,92,302,189,12,0,19,1,-220,15,-360,54,123,6
3844,4.56,T,16,2,237,0,22,48,19,0,P,24,3,368,0,4,37,41,2,1,8,1,131,0,-18,-11,22,2
3845,6.12,T,21,0,317,0,0,38,59,1,Z,20,2,280,0,7,36,78,1,1,-1,2,-37,0,7,-2,19,0
3846,2.12,Z,6,1,88,0,14,21,53,1,Z,7,0,71,0,1,18,39,1,0,1,-1,-17,0,-13,-3,-14,0
3847,8.02,Z,45,9,890,0,51,76,153,0,Z,44,4,466,0,73,164,152,0,0,-1,-5,-424,0,22,88,-1,0
3848,8.45,Z,50,3,328,0,47,147,175,12,T,79,0,453,0,90,177,143,16,1,29,-3,125,0,43,30,-32,4
3849,8.31,P,66,0,450,0,134,207,71,15,Z,57,2,314,0,241,163,230,3,1,-9,2,-136,0,107,-44,159,-12
3850,6.11,T,44,0,486,0,305,114,150,12,T,63,0,203,0,55,124,50,7,1,19,0,-283,0,-250,10,-100,-5
3851,5.58,T,30,0,614,0,0,42,55,1,T,24,0,128,0,0,32,59,2,1,-6,0,-486,0,0,-10,4,1
3852,9.36,Z,54,3,474,0,49,136,170,1,P,42,0,814,0,45,212,56,6,0,-12,-3,340,0,-4,76,-114,5
3853,3.07,T,9,2,183,0,308,71,86,2,T,16,0,132,0,98,58,20,4,0,7,-2,-51,0,-210,-13,-66,2
3854,5.15,T,18,2,193,0,29,62,47,2,P,21,4,185,0,23,173,27,1,0,3,2,-8,0,-6,111,-20,-1
3855,8.57,Z,53,5,464,1,91,162,199,0,P,59,3,419,0,83,310,100,1,0,6,-2,-45,-1,-8,148,-99,1
3856,8.24,T,59,10,313,1,82,213,144,2,P,43,3,270,0,21,83,49,2,1,-16,-7,-43,-1,-61,-130,-95,0
3857,0.52,T,3,0,6,0,0,1,8,0,T,4,0,36,0,18,11,8,2,0,1,0,30,0,18,10,0,2
3858,9.56,Z,81,2,244,0,231,209,393,6,P,86,0,399,0,452,452,74,10,1,5,-2,155,0,221,243,-319,4
3859,9.59,Z,54,6,326,0,41,119,205,0,T,45,1,738,0,11,80,81,3,0,-9,-5,412,0,-30,-39,-124,3
3860,10.36,T,98,0,566,0,185,214,175,11,Z,102,1,389,0,152,347,371,7,1,4,1,-177,0,-33,133,196,-4
3861,10.14,P,52,0,278,0,32,282,422,13,Z,88,0,373,0,39,201,236,4,0,36,0,95,0,7,-81,-186,-9
3862,8.26,T,63,1,438,0,24,72,111,0,Z,61,0,511,0,75,156,161,10,1,-2,-1,73,0,51,84,50,10
3863,8.47,Z,38,0,234,0,36,53,119,4,P,37,6,339,1,22,49,54,0,1,-1,6,105,1,-14,-4,-65,-4
3864,9.15,T,63,4,719,0,174,180,212,4,Z,53,1,937,0,28,175,175,1,1,-10,-3,218,0,-146,-5,-37,-3
3865,2.46,P,9,2,35,0,255,84,55,0,T,13,0,197,0,15,36,41,3,0,4,-2,162,0,-240,-48,-14,3
3866,3.48,Z,17,0,145,0,35,29,38,1,Z,15,0,131,0,65,60,87,3,1,-2,0,-14,0,30,31,49,2
3867,9.28,T,140,0,488,0,133,415,156,16,Z,105,6,652,0,334,296,373,9,1,-35,6,164,0,201,-119,217,-7
3868,9.59,T,53,5,648,0,24,78,85,1,P,49,2,733,0,57,151,39,7,1,-4,-3,85,0,33,73,-46,6
3869,9.58,Z,78,0,415,0,46,72,200,3,T,77,4,935,0,17,87,113,4,0,-1,4,520,0,-29,15,-87,1
3870,6.55,T,70,0,420,0,196,300,85,5,Z,39,0,261,0,2,105,119,1,1,-31,0,-159,0,-194,-195,34,-4
3871,8.22,P,88,3,422,0,55,282,163,8,Z,61,0,502,0,91,161,277,2,0,-27,-3,80,0,36,-121,114,-6
3872,9.59,P,48,0,430,0,8,340,88,4,T,64,6,429,0,81,187,71,1,1,16,6,-1,0,73,-153,-17,-3
3873,5.08,P,29,0,230,0,311,92,133,11,P,43,0,238,0,226,166,100,7,0,14,0,8,0,-85,74,-33,-4
3874,10.03,T,93,0,517,0,474,388,125,6,P,70,9,421,0,108,221,217,2,0,-23,9,-96,0,-366,-167,92,-4
3875,10.12,Z,62,8,883,0,47,128,211,0,Z,73,2,1074,0,34,105,188,7,0,11,-6,191,0,-13,-23,-23,7
3876,4.54,P,15,1,129,0,3,121,37,0,Z,20,2,167,0,33,74,70,4,0,5,1,38,0,30,-47,33,4
3877,8.37,Z,62,4,520,0,41,109,296,0,T,77,5,653,0,221,353,151,5,1,15,1,133,0,180,244,-145,5
3878,3.44,T,16,0,191,0,0,56,83,0,Z,13,4,215,0,106,100,84,0,1,-3,4,24,0,106,44,1,0
3879,6.48,T,38,1,368,0,29,195,55,0,P,47,4,414,0,240,146,55,6,1,9,3,46,0,211,-49,0,6
3880,10.27,T,164,0,650,0,439,339,110,14,Z,98,4,619,0,365,208,398,7,0,-66,4,-31,0,-74,-131,288,-7
3881,2.01,T,8,0,136,0,158,63,84,5,T,5,0,48,0,94,33,20,4,1,-3,0,-88,0,-64,-30,-64,-1
3882,2.41,T,6,0,81,0,6,5,25,1,T,2,0,135,0,0,14,17,0,1,-4,0,54,0,-6,9,-8,-1
3883,5.43,P,32,0,202,0,399,138,36,10,T,40,1,237,0,76,99,36,5,1,8,1,35,0,-323,-39,0,-5
3884,1.55,P,7,0,50,0,125,25,97,6,T,5,0,100,0,5,12,9,1,1,-2,0,50,0,-120,-13,-88,-5
3885,9.59,Z,69,5,640,0,61,149,218,3,T,93,5,721,0,836,221,116,5,1,24,0,81,0,775,72,-102,2
3886,9.59,T,140,0,688,0,256,314,153,19,P,115,5,339,3,342,321,124,5,0,-25,5,-349,3,86,7,-29,-14
3887,9.58,Z,79,0,368,0,143,107,242,11,T,113,0,840,0,525,280,110,22,1,34,0,472,0,382,173,-132,11
3888,4.11,P,22,1,222,0,12,43,24,0,T,28,0,179,0,163,86,46,5,1,6,-1,-43,0,151,43,22,5
3889,9.59,T,105,1,374,0,1241,418,113,12,Z,75,1,552,0,204,303,417,3,0,-30,0,178,0,-1037,-115,304,-9
3890,4.58,P,15,0,215,0,5,29,15,1,P,20,0,199,0,2,119,44,1,1,5,0,-16,0,-3,90,29,0
3891,10.21,T,101,0,865,0,76,290,157,7,Z,56,3,511,0,428,194,225,3,0,-45,3,-354,0,352,-96,68,-4
3892,3.53,Z,16,0,132,0,262,71,151,6,T,17,0,203,0,246,118,104,11,1,1,0,71,0,-16,47,-47,5
3893,4.55,P,12,0,341,0,0,30,16,0,P,22,0,311,0,5,40,31,6,1,10,0,-30,0,5,10,15,6
3894,5.51,P,22,4,363,0,85,87,23,0,P,15,0,326,0,0,32,27,0,0,-7,-4,-37,0,-85,-55,4,0
3895,5.15,P,21,0,259,0,0,61,52,0,Z,17,1,195,0,6,89,46,0,1,-4,1,-64,0,6,28,-6,0
3896,9.58,T,125,7,356,0,969,250,276,7,Z,113,27,551,0,409,272,371,15,0,-12,20,195,0,-560,22,95,8
3897,9.44,P,100,8,341,0,43,195,122,6,T,45,0,366,0,37,77,65,4,0,-55,-8,25,0,-6,-118,-57,-2
3898,9.59,P,65,0,741,0,0,231,78,1,Z,56,2,310,0,19,122,207,4,1,-9,2,-431,0,19,-109,129,3
3899,10.53,P,101,9,793,0,789,334,108,4,Z,70,7,568,0,117,277,216,4,1,-31,-2,-225,0,-672,-57,108,0
3900,3.26,T,15,2,153,0,4,19,45,1,T,15,0,63,0,6,38,279,0,0,0,-2,-90,0,2,19,234,-1
3901,0.43,Z,3,0,4,0,7,4,14,1,Z,6,0,29,0,0,6,18,2,1,3,0,25,0,-7,2,4,1
3902,5.09,Z,28,0,245,0,8,64,101,2,Z,24,0,277,0,44,97,96,4,1,-4,0,32,0,36,33,-5,2
3903,3.24,Z,11,0,105,0,20,49,39,1,T,17,0,128,0,55,81,37,3,0,6,0,23,0,35,32,-2,2
3904,3.05,P,11,0,138,0,3,61,35,0,P,11,0,130,0,5,13,6,2,1,0,0,-8,0,2,-48,-29,2
3905,10.02,T,108,8,330,0,742,271,191,6,Z,110,2,597,0,928,223,377,21,0,2,-6,267,0,186,-48,186,15
3906,9.59,T,33,1,545,0,2,101,88,0,T,52,0,341,0,46,255,99,5,0,19,-1,-204,0,44,154,11,5
3907,3.47,P,19,0,286,0,30,44,29,2,Z,16,0,218,0,25,64,51,3,1,-3,0,-68,0,-5,20,22,1
3908,9.59,T,58,1,359,0,12,171,88,5,Z,55,0,345,28,304,250,316,2,1,-3,-1,-14,28,292,79,228,-3
3909,9.58,T,142,5,702,0,782,248,158,24,P,84,0,599,0,332,260,290,6,1,-58,-5,-103,0,-450,12,132,-18
3910,9.59,T,42,0,586,0,4,109,73,2,Z,40,1,618,0,3,66,130,0,0,-2,1,32,0,-1,-43,57,-2
3911,10.42,Z,58,0,338,0,29,97,195,1,P,73,0,689,0,52,281,73,7,1,15,0,351,0,23,184,-122,6
3912,9.59,Z,74,1,462,0,119,224,179,7,P,50,0,503,0,8,300,63,5,1,-24,-1,41,0,-111,76,-116,-2
3913,9.57,T,45,4,514,0,8,207,129,0,Z,69,4,617,0,30,227,234,1,1,24,0,103,0,22,20,105,1
3914,9.23,P,35,0,516,0,2,39,47,1,T,50,9,769,0,27,149,94,2,1,15,9,253,0,25,110,47,1
3915,4.25,P,26,4,202,0,9,50,32,0,P,20,0,203,0,0,23,67,0,1,-6,-4,1,0,-9,-27,35,0
3916,7.28,T,70,0,617,31,159,121,147,0,T,73,7,383,0,330,312,212,10,0,3,7,-234,-31,171,191,65,10
3917,9.5,Z,67,9,341,0,61,98,205,0,T,68,7,541,0,25,150,83,2,1,1,-2,200,0,-36,52,-122,2
3918,9.08,T,63,1,507,0,134,290,178,10,P,86,3,434,0,14,173,94,0,1,23,2,-73,0,-120,-117,-84,-10
3919,9.59,Z,57,8,540,0,31,299,274,0,Z,46,1,1195,0,53,114,148,6,1,-11,-7,655,0,22,-185,-126,6
3920,7.13,Z,37,0,413,0,30,79,128,7,P,50,1,414,0,282,241,107,8,0,13,1,1,0,252,162,-21,1
3921,7.08,P,37,0,289,0,255,173,144,10,P,38,3,341,0,194,137,84,11,1,1,3,52,0,-61,-36,-60,1
3922,9.57,Z,51,3,366,0,32,27,122,1,T,49,0,702,0,0,41,116,0,0,-2,-3,336,0,-32,14,-6,-1
3923,4.09,P,14,0,45,0,1,56,305,2,T,20,0,161,0,322,94,34,8,1,6,0,116,0,321,38,-271,6
3924,9.01,T,44,1,612,0,5,212,135,0,T,80,0,660,0,38,235,95,3,1,36,-1,48,0,33,23,-40,3
3925,9.59,Z,55,7,456,0,19,155,179,0,T,62,0,652,0,62,220,88,7,1,7,-7,196,0,43,65,-91,7
3926,7.4,T,55,0,371,0,1,247,145,0,P,55,0,361,0,55,211,190,5,1,0,0,-10,0,54,-36,45,5
3927,4.17,T,29,2,174,0,409,97,51,5,T,18,0,112,0,0,68,97,5,1,-11,-2,-62,0,-409,-29,46,0
3928,9.38,Z,73,0,487,0,625,346,311,7,Z,70,8,692,0,496,273,411,8,1,-3,8,205,0,-129,-73,100,1
3929,7.3,T,57,3,422,0,143,197,86,4,Z,42,0,128,6,53,96,261,0,0,-15,-3,-294,6,-90,-101,175,-4
3930,4.1,Z,28,2,79,0,577,104,202,10,P,22,0,223,0,347,181,32,5,1,-6,-2,144,0,-230,77,-170,-5
3931,4.13,P,19,0,181,0,8,65,54,2,Z,24,2,98,0,74,85,102,2,1,5,2,-83,0,66,20,48,0
3932,9.58,P,38,0,146,1,0,109,57,0,T,33,0,523,0,0,107,80,2,0,-5,0,377,-1,0,-2,23,2
3933,10.36,T,58,0,955,0,18,67,79,4,Z,70,9,394,0,593,350,421,7,1,12,9,-561,0,575,283,342,3
3934,9.36,P,47,0,638,0,40,282,139,4,Z,40,0,455,0,0,91,146,0,0,-7,0,-183,0,-40,-191,7,-4
3935,3.21,Z,13,0,265,0,3,28,57,2,Z,12,4,386,0,9,67,58,2,1,-1,4,121,0,6,39,1,0
3936,8.3,T,71,2,690,0,45,174,84,10,T,67,7,251,0,11,161,94,3,1,-4,5,-439,0,-34,-13,10,-7
3937,10.55,Z,75,4,501,1,186,88,280,5,P,82,0,739,0,38,170,129,11,1,7,-4,238,-1,-148,82,-151,6
3938,8.25,T,33,0,327,5,24,92,58,0,P,33,0,767,0,0,29,66,0,1,0,0,440,-5,-24,-63,8,0
3939,1.42,P,7,0,61,0,6,98,3,1,T,5,0,94,0,9,25,15,2,1,-2,0,33,0,3,-73,12,1
3940,9.59,P,73,1,561,0,30,205,85,3,Z,87,0,361,0,53,222,220,4,0,14,-1,-200,0,23,17,135,1
3941,8.32,P,30,0,314,0,0,17,47,0,T,46,1,553,0,36,19,37,2,1,16,1,239,0,36,2,-10,2
3942,9.59,T,76,4,390,0,39,229,163,6,P,64,6,689,0,88,196,117,0,1,-12,2,299,0,49,-33,-46,-6
3943,10.12,T,63,2,875,0,30,228,187,3,Z,44,0,901,1,10,157,167,0,0,-19,-2,26,1,-20,-71,-20,-3
3944,9.59,Z,61,8,516,0,46,99,218,3,T,65,0,754,0,69,127,89,5,1,4,-8,238,0,23,28,-129,2
3945,9.58,Z,71,0,165,0,71,216,201,2,Z,51,0,545,0,3,107,220,4,1,-20,0,380,0,-68,-109,19,2
3946,6.42,P,34,5,348,0,12,90,49,2,T,36,2,266,0,9,33,50,0,0,2,-3,-82,0,-3,-57,1,-2
3947,7.29,T,63,0,427,0,763,195,122,9,P,59,8,317,0,351,182,148,4,1,-4,8,-110,0,-412,-13,26,-5
3948,9.58,T,62,0,573,0,23,317,122,3,T,57,0,474,0,461,190,81,10,1,-5,0,-99,0,438,-127,-41,7
3949,7.39,P,51,0,405,0,14,286,297,6,T,69,4,317,0,503,229,222,3,1,18,4,-88,0,489,-57,-75,-3
3950,9.28,P,30,1,709,0,13,110,50,5,Z,26,0,213,0,14,38,109,1,0,-4,-1,-496,0,1,-72,59,-4
3951,9.59,Z,39,0,374,0,31,239,181,11,Z,67,11,660,0,156,282,279,3,1,28,11,286,0,125,43,98,-8
3952,6.27,P,35,1,250,0,608,138,130,11,P,55,0,287,0,315,266,61,17,1,20,-1,37,0,-293,128,-69,6
3953,9.59,T,47,0,257,0,17,67,61,4,Z,29,0,197,0,0,49,92,0,1,-18,0,-60,0,-17,-18,31,-4
3954,8.31,P,52,3,493,0,34,169,60,1,Z,52,4,549,0,356,129,202,7,0,0,1,56,0,322,-40,142,6
3955,2.02,Z,6,0,38,0,9,51,32,4,Z,7,1,74,0,188,12,69,1,0,1,1,36,0,179,-39,37,-3
3956,6.15,Z,31,0,431,0,23,58,104,5,T,37,9,460,0,347,74,74,5,1,6,9,29,0,324,16,-30,0
3957,9.58,T,51,0,411,0,0,307,189,2,T,57,0,588,0,2,337,183,2,0,6,0,177,0,2,30,-6,0
3958,4.29,Z,25,2,338,0,30,59,73,1,Z,16,3,137,0,46,54,79,0,1,-9,1,-201,0,16,-5,6,-1
3959,4.14,T,24,0,192,0,276,58,29,5,T,18,0,192,0,178,71,43,4,0,-6,0,0,0,-98,13,14,-1
3960,3.04,T,13,1,254,0,42,109,149,4,T,14,0,112,0,3,33,16,3,0,1,-1,-142,0,-39,-76,-133,-1
3961,3.48,Z,23,1,56,0,90,58,120,4,P,25,0,181,0,135,191,19,4,1,2,-1,125,0,45,133,-101,0
3962,6.31,Z,25,2,346,0,18,217,79,1,T,65,20,210,0,38,119,101,0,0,40,18,-136,0,20,-98,22,-1
3963,9.59,P,89,2,608,0,574,159,77,15,Z,91,3,569,8,242,329,326,1,1,2,1,-39,8,-332,170,249,-14
3964,9.32,T,42,0,657,0,17,92,51,3,P,54,0,690,0,0,101,92,0,0,12,0,33,0,-17,9,41,-3
3965,6.1,Z,39,4,600,0,23,149,107,0,P,43,1,529,0,404,251,52,4,1,4,-3,-71,0,381,102,-55,4
3966,4.46,P,18,3,314,0,2,34,31,0,P,20,0,196,0,0,78,67,0,1,2,-3,-118,0,-2,44,36,0
3967,10.49,Z,96,11,479,0,1035,328,323,9,T,104,8,351,0,477,229,148,4,1,8,-3,-128,0,-558,-99,-175,-5
3968,4.01,P,22,3,166,0,22,56,36,0,Z,18,0,51,0,4,25,125,1,0,-4,-3,-115,0,-18,-31,89,1
3969,9.59,Z,79,9,300,0,669,221,307,5,T,54,5,445,0,70,134,142,2,0,-25,-4,145,0,-599,-87,-165,-3
3970,9.59,Z,91,9,536,0,581,255,343,10,T,120,13,311,0,464,283,184,1,1,29,4,-225,0,-117,28,-159,-9
3971,9.47,T,92,4,387,0,833,344,370,11,T,87,8,854,0,252,325,195,11,0,-5,4,467,0,-581,-19,-175,0
3972,9.59,P,83,0,864,0,50,289,139,4,T,45,5,528,0,60,85,86,0,1,-38,5,-336,0,10,-204,-53,-4
3973,5.03,P,32,0,274,0,2,43,42,0,T,22,0,370,0,26,104,74,5,0,-10,0,96,0,24,61,32,5
3974,9.58,T,55,0,602,0,38,144,88,5,T,35,0,610,0,1,163,75,3,1,-20,0,8,0,-37,19,-13,-2
3975,5.05,P,27,0,338,0,60,76,45,6,T,36,0,336,0,15,107,73,4,0,9,0,-2,0,-45,31,28,-2
3976,4.5,P,23,0,297,0,171,100,86,5,Z,38,3,241,0,154,133,146,10,0,15,3,-56,0,-17,33,60,5
3977,10.28,P,73,0,513,0,116,185,120,8,Z,71,4,509,0,64,259,168,4,0,-2,4,-4,0,-52,74,48,-4
3978,5.34,T,28,0,140,0,0,152,73,3,P,19,0,278,0,0,92,40,0,1,-9,0,138,0,0,-60,-33,-3
3979,10.24,P,49,0,463,0,25,158,51,3,Z,49,7,472,0,88,51,157,2,1,0,7,9,0,63,-107,106,-1
3980,9.59,P,72,0,561,0,312,368,143,14,T,99,0,712,0,847,174,340,9,1,27,0,151,0,535,-194,197,-5
3981,9.15,T,72,2,505,0,63,208,98,7,Z,55,0,761,0,114,171,198,6,0,-17,-2,256,0,51,-37,100,-1
3982,9.59,P,79,1,267,0,27,294,142,10,Z,82,0,620,0,33,305,326,7,1,3,-1,353,0,6,11,184,-3
3983,9.59,Z,97,7,374,0,637,334,220,13,T,90,8,770,0,555,277,101,11,0,-7,1,396,0,-82,-57,-119,-2
3984,9.2,T,76,3,610,0,488,173,83,6,T,82,3,395,2,570,220,173,8,1,6,0,-215,2,82,47,90,2
3985,9.17,Z,84,3,532,0,202,140,267,1,T,132,0,483,0,447,322,185,12,1,48,-3,-49,0,245,182,-82,11
3986,9.58,T,88,1,769,0,125,279,144,7,T,67,0,398,4,23,188,111,0,1,-21,-1,-371,4,-102,-91,-33,-7
3987,9.22,Z,49,0,573,0,160,204,308,6,Z,74,11,393,0,615,350,300,17,1,25,11,-180,0,455,146,-8,11
3988,0.15,T,1,0,3,0,32,8,6,1,P,1,0,4,0,0,0,0,0,0,0,0,1,0,-32,-8,-6,-1
3989,3.26,P,19,0,203,0,3,15,18,0,Z,14,0,82,0,11,38,162,8,1,-5,0,-121,0,8,23,144,8
3990,10.35,T,112,0,722,0,82,291,194,4,Z,52,3,288,0,1365,253,265,5,0,-60,3,-434,0,1283,-38,71,1
3991,5.1,T,40,2,202,0,93,116,55,4,T,18,0,375,0,38,115,62,3,1,-22,-2,173,0,-55,-1,7,-1
3992,9.59,T,30,0,305,0,14,115,79,4,T,49,0,503,0,70,52,49,4,1,19,0,198,0,56,-63,-30,0
3993,10.09,T,67,5,502,0,76,255,156,3,P,69,5,1126,0,346,175,72,6,1,2,0,624,0,270,-80,-84,3
3994,6.54,T,45,8,260,0,716,155,75,5,P,45,7,428,0,361,280,160,10,1,0,-1,168,0,-355,125,85,5
3995,3.07,T,17,0,146,0,135,94,34,3,T,23,2,82,0,276,87,90,0,1,6,2,-64,0,141,-7,56,-3
3996,9.59,P,79,14,496,0,506,339,94,9,Z,57,2,419,0,341,182,413,3,1,-22,-12,-77,0,-165,-157,319,-6
3997,8.47,T,64,4,549,0,87,217,129,1,P,38,0,327,0,0,173,84,0,0,-26,-4,-222,0,-87,-44,-45,-1
3998,10.28,T,93,0,642,0,40,548,222,7,T,98,0,962,0,49,338,193,4,1,5,0,320,0,9,-210,-29,-3
3999,7.2,P,55,4,367,0,234,134,67,8,T,64,1,701,0,41,119,81,12,1,9,-3,334,0,-193,-15,14,4
4000,7.53,T,46,0,435,0,10,86,85,6,Z,47,0,439,0,34,52,155,2,0,1,0,4,0,24,-34,70,-4
4001,6.02,Z,37,0,301,2,23,63,88,0,Z,39,10,245,0,58,76,120,2,0,2,10,-56,-2,35,13,32,2
4002,9.59,T,84,4,646,0,26,131,163,0,T,73,6,885,0,39,119,112,1,1,-11,2,239,0,13,-12,-51,1
4003,9.06,Z,41,7,124,0,24,111,101,0,Z,48,4,435,0,25,72,130,1,0,7,-3,311,0,1,-39,29,1
4004,7.04,T,85,3,455,0,626,158,111,6,P,42,1,593,0,89,184,131,6,0,-43,-2,138,0,-537,26,20,0
4005,9.59,T,77,0,655,0,93,260,152,4,Z,60,1,627,0,11,165,245,1,1,-17,1,-28,0,-82,-95,93,-3
4006,3.03,Z,13,2,139,0,31,110,58,3,T,14,0,63,0,268,53,36,5,0,1,-2,-76,0,237,-57,-22,2
4007,9.52,Z,36,0,260,0,10,131,116,2,Z,57,0,633,0,8,167,194,1,0,21,0,373,0,-2,36,78,-1
4008,9.59,T,38,0,637,0,1,68,71,4,Z,44,0,621,0,0,110,149,0,1,6,0,-16,0,-1,42,78,-4
4009,5.35,Z,32,6,167,0,533,84,146,0,T,50,5,341,0,335,157,193,5,1,18,-1,174,0,-198,73,47,5
4010,9.59,T,61,4,906,0,18,300,147,0,P,59,1,226,0,2,139,103,3,1,-2,-3,-680,0,-16,-161,-44,3
4011,9.59,P,59,4,1050,0,24,153,69,4,Z,76,0,322,0,58,98,235,29,1,17,-4,-728,0,34,-55,166,25
4012,7.04,T,46,1,711,0,74,134,136,2,T,47,2,532,0,107,148,79,1,1,1,1,-179,0,33,14,-57,-1
4013,4.59,Z,20,7,317,2,320,198,102,0,Z,26,0,207,0,159,138,122,9,1,6,-7,-110,-2,-161,-60,20,9
4014,7.36,P,49,0,394,0,61,208,84,5,Z,53,0,546,0,41,95,155,4,0,4,0,152,0,-20,-113,71,-1
4015,9.59,Z,52,4,644,0,32,57,176,1,P,22,0,369,0,0,82,54,0,0,-30,-4,-275,0,-32,25,-122,-1
4016,9.59,T,114,9,386,0,570,150,197,10,P,68,3,420,0,47,272,117,2,1,-46,-6,34,0,-523,122,-80,-8
4017,9.59,T,46,3,768,0,9,169,69,6,T,56,4,478,0,30,71,58,1,0,10,1,-290,0,21,-98,-11,-5
4018,9.58,T,75,0,482,0,1,117,127,1,Z,56,0,283,0,6,143,242,3,1,-19,0,-199,0,5,26,115,2
4019,9.18,T,83,0,393,0,137,247,143,10,T,78,0,841,0,67,193,105,7,0,-5,0,448,0,-70,-54,-38,-3
4020,9.58,T,88,3,683,0,359,241,113,1,T,83,5,534,0,178,254,95,4,1,-5,2,-149,0,-181,13,-18,3
4021,4.1,T,37,3,127,0,199,110,64,1,P,16,0,127,0,1,114,14,2,0,-21,-3,0,0,-198,4,-50,1
4022,10.18,T,73,0,878,0,6,99,140,3,Z,57,3,199,0,2,111,229,0,1,-16,3,-679,0,-4,12,89,-3
4023,10.22,T,58,5,778,0,29,140,82,0,P,42,2,569,0,3,140,57,2,0,-16,-3,-209,0,-26,0,-25,2
4024,9,P,51,0,523,0,0,140,88,4,T,51,0,417,0,21,176,72,5,0,0,0,-106,0,21,36,-16,1
4025,9.58,P,50,3,405,0,9,146,80,0,Z,52,0,661,0,46,160,152,7,0,2,-3,256,0,37,14,72,7
4026,5.24,P,31,0,253,0,25,113,75,4,T,41,0,313,0,0,130,64,0,0,10,0,60,0,-25,17,-11,-4
4027,4.58,T,19,1,193,0,7,33,38,2,T,22,0,33,0,11,53,45,5,1,3,-1,-160,0,4,20,7,3
4028,10.34,Z,53,0,411,0,0,42,160,0,T,84,11,404,0,39,216,101,0,0,31,11,-7,0,39,174,-59,0
4029,6.39,T,63,0,287,0,31,98,160,9,Z,31,0,365,0,141,126,220,7,0,-32,0,78,0,110,28,60,-2
4030,3.24,P,20,0,186,0,144,107,37,4,Z,10,1,74,0,70,43,196,9,0,-10,1,-112,0,-74,-64,159,5
4031,7,Z,44,7,340,0,76,95,117,4,Z,33,0,570,0,17,103,115,1,0,-11,-7,230,0,-59,8,-2,-3
4032,6.38,T,42,0,369,0,75,84,90,8,Z,42,0,526,0,32,98,86,6,1,0,0,157,0,-43,14,-4,-2
4033,9.59,P,66,0,195,0,48,400,76,17,Z,47,0,707,0,30,119,127,5,0,-19,0,512,0,-18,-281,51,-12
4034,3.19,Z,14,0,175,0,106,54,127,4,Z,19,1,251,0,143,68,85,4,1,5,1,76,0,37,14,-42,0
4035,8.16,Z,41,5,336,0,24,77,113,1,T,22,2,375,0,2,38,61,0,0,-19,-3,39,0,-22,-39,-52,-1
4036,0.37,P,1,0,35,2,33,15,10,0,T,2,0,11,0,37,4,9,2,0,1,0,-24,-2,4,-11,-1,2
4037,5.56,P,30,0,259,0,20,134,74,2,P,26,1,283,0,0,43,58,0,0,-4,1,24,0,-20,-91,-16,-2
4038,3.57,P,20,4,175,5,175,134,118,2,P,26,0,113,0,8,68,73,4,1,6,-4,-62,-5,-167,-66,-45,2
4039,7.18,Z,38,0,127,16,82,160,184,3,Z,40,0,194,0,31,82,150,13,1,2,0,67,-16,-51,-78,-34,10
4040,9.59,Z,54,2,441,0,137,98,298,0,P,61,6,700,1,29,90,56,0,1,7,4,259,1,-108,-8,-242,0
4041,10.2,P,50,0,364,0,15,250,80,7,Z,60,9,560,0,241,112,436,1,1,10,9,196,0,226,-138,356,-6
4042,7.53,P,28,0,481,0,12,55,26,1,T,32,3,793,0,1,102,70,0,1,4,3,312,0,-11,47,44,-1
4043,7.23,Z,38,1,235,0,38,151,341,1,T,72,0,581,0,279,177,130,6,1,34,-1,346,0,241,26,-211,5
4044,7.37,P,26,0,95,0,2,37,38,2,T,29,0,290,0,2,73,62,1,0,3,0,195,0,0,36,24,-1
4045,7.35,P,66,0,491,0,16,229,116,6,T,88,2,262,0,415,212,114,11,0,22,2,-229,0,399,-17,-2,5
4046,9.58,Z,43,2,475,0,24,152,182,1,P,27,0,460,0,0,47,42,1,1,-16,-2,-15,0,-24,-105,-140,0
4047,7.23,P,26,0,175,0,0,13,36,0,P,18,0,239,0,0,20,22,3,0,-8,0,64,0,0,7,-14,3
4048,10.21,Z,61,1,294,0,291,236,421,4,Z,52,0,725,0,32,291,222,3,1,-9,-1,431,0,-259,55,-199,-1
4049,10.04,T,85,13,462,4,79,213,142,6,P,57,7,671,0,93,105,90,11,1,-28,-6,209,-4,14,-108,-52,5
4050,4.44,T,31,1,258,0,119,98,83,1,T,32,2,309,0,87,61,155,0,1,1,1,51,0,-32,-37,72,-1
4051,2.28,T,6,2,87,0,0,21,13,0,P,7,0,90,0,0,17,16,1,1,1,-2,3,0,0,-4,3,1
4052,5,Z,23,3,231,0,27,103,85,1,P,38,0,375,0,27,115,57,2,1,15,-3,144,0,0,12,-28,1
4053,8.53,T,39,0,616,5,34,101,58,0,P,39,1,678,0,5,222,59,1,0,0,1,62,-5,-29,121,1,1
4054,7.47,Z,44,1,410,0,46,69,129,3,Z,39,0,449,0,15,52,151,2,1,-5,-1,39,0,-31,-17,22,-1
4055,10.27,P,42,0,247,0,0,83,38,0,T,42,0,620,0,18,265,119,3,0,0,0,373,0,18,182,81,3
4056,9.58,Z,64,7,607,0,75,184,200,3,T,88,0,503,0,0,154,114,1,1,24,-7,-104,0,-75,-30,-86,-2
4057,9.56,T,103,0,780,0,48,168,90,9,Z,60,0,519,0,148,276,248,1,0,-43,0,-261,0,100,108,158,-8
4058,8.51,P,76,3,388,0,294,220,66,7,Z,57,7,626,0,37,70,179,4,1,-19,4,238,0,-257,-150,113,-3
4059,9.55,Z,57,1,101,0,27,30,132,4,P,67,0,592,0,46,198,97,10,1,10,-1,491,0,19,168,-35,6
4060,8.13,P,32,2,598,0,2,157,52,0,T,32,0,540,0,0,69,45,0,0,0,-2,-58,0,-2,-88,-7,0
4061,3.51,P,23,0,339,0,111,95,60,3,Z,17,0,116,0,210,67,103,8,1,-6,0,-223,0,99,-28,43,5
4062,6.41,Z,25,0,285,0,28,105,97,3,P,25,0,109,0,0,121,29,0,1,0,0,-176,0,-28,16,-68,-3
4063,3.45,T,3,0,111,0,0,3,7,0,T,15,1,228,0,139,97,19,7,1,12,1,117,0,139,94,12,7
4064,9.2,P,54,1,697,0,6,179,91,0,P,26,0,691,0,0,144,50,0,1,-28,-1,-6,0,-6,-35,-41,0
4065,9.59,Z,42,0,567,0,2,119,220,2,T,62,0,845,0,0,61,101,0,1,20,0,278,0,-2,-58,-119,-2
4066,3.41,Z,10,0,185,0,0,32,42,0,Z,11,0,337,0,109,85,57,6,0,1,0,152,0,109,53,15,6
4067,10.26,P,54,0,381,0,248,438,92,12,Z,46,3,619,0,14,178,203,2,0,-8,3,238,0,-234,-260,111,-10
4068,8.08,Z,45,0,457,0,56,101,131,5,T,55,0,427,0,65,116,156,1,0,10,0,-30,0,9,15,25,-4
4069,9.59,T,85,3,429,0,160,211,134,4,T,89,0,607,0,56,249,195,5,0,4,-3,178,0,-104,38,61,1
4070,9.59,Z,65,0,343,0,155,170,233,4,T,72,0,562,0,40,540,112,11,0,7,0,219,0,-115,370,-121,7
4071,9.56,T,117,4,602,0,291,366,109,17,Z,98,3,399,0,343,212,438,5,1,-19,-1,-203,0,52,-154,329,-12
4072,9.58,T,89,0,670,0,151,159,130,8,Z,44,0,439,0,27,147,204,5,1,-45,0,-231,0,-124,-12,74,-3
4073,9.59,T,60,0,395,0,25,143,104,4,Z,75,3,711,0,44,303,231,2,1,15,3,316,0,19,160,127,-2
4074,4.19,P,29,0,159,0,137,122,47,2,T,24,2,125,0,62,96,55,3,0,-5,2,-34,0,-75,-26,8,1
4075,3.4,Z,20,1,159,2,93,61,77,0,Z,27,7,124,0,265,101,137,7,0,7,6,-35,-2,172,40,60,7
4076,9.59,Z,48,1,227,0,97,241,235,4,Z,41,9,335,0,116,341,195,0,1,-7,8,108,0,19,100,-40,-4
4077,9.29,P,36,0,590,0,0,100,56,1,T,39,5,623,0,5,367,83,0,1,3,5,33,0,5,267,27,-1
4078,2.22,T,11,0,78,0,102,27,32,3,T,12,0,71,0,196,36,60,4,0,1,0,-7,0,94,9,28,1
4079,3.48,P,19,0,255,0,158,190,37,13,Z,19,2,195,2,63,150,68,0,0,0,2,-60,2,-95,-40,31,-13
4080,9.59,T,52,0,968,0,2,64,77,1,P,62,9,726,0,49,305,101,2,0,10,9,-242,0,47,241,24,1
4081,9.15,T,109,5,840,0,188,284,143,6,Z,70,4,379,0,41,80,132,2,0,-39,-1,-461,0,-147,-204,-11,-4
4082,8.35,P,36,0,196,4,89,163,119,0,P,51,1,516,0,43,357,63,4,1,15,1,320,-4,-46,194,-56,4
4083,8.05,T,90,3,456,0,635,211,112,12,P,81,4,390,0,762,283,110,10,1,-9,1,-66,0,127,72,-2,-2
4084,9.59,P,62,1,344,0,13,262,195,0,T,69,0,589,0,50,49,91,6,1,7,-1,245,0,37,-213,-104,6
4085,6.27,T,28,2,469,0,29,49,34,1,Z,26,0,238,0,8,62,94,3,1,-2,-2,-231,0,-21,13,60,2
4086,2.46,Z,8,0,193,0,2,28,37,2,T,11,0,103,0,267,33,31,3,1,3,0,-90,0,265,5,-6,1
4087,10.13,P,58,0,1079,0,26,130,62,8,T,102,0,684,0,158,170,162,15,1,44,0,-395,0,132,40,100,7
4088,5.58,T,37,0,439,0,63,136,65,2,T,47,0,409,0,386,188,64,12,1,10,0,-30,0,323,52,-1,10
4089,9.59,Z,65,6,768,1,274,266,278,6,T,92,8,496,0,717,270,154,5,0,27,2,-272,-1,443,4,-124,-1
4090,10.58,Z,93,0,832,0,518,338,355,15,P,82,0,480,0,123,249,155,14,0,-11,0,-352,0,-395,-89,-200,-1
4091,5.44,P,33,5,458,0,79,145,145,0,T,43,3,320,0,67,221,145,3,1,10,-2,-138,0,-12,76,0,3
4092,3.1,T,11,0,200,0,67,14,24,1,Z,13,0,207,0,44,37,110,3,0,2,0,7,0,-23,23,86,2
4093,5.42,P,23,1,211,0,1,59,38,0,T,33,0,383,0,0,77,56,0,0,10,-1,172,0,-1,18,18,0
4094,9.59,P,39,0,174,0,7,69,92,3,Z,40,0,563,0,13,125,124,0,1,1,0,389,0,6,56,32,-3
4095,4,Z,15,0,314,0,202,76,124,7,P,15,0,259,0,19,86,24,6,0,0,0,-55,0,-183,10,-100,-1
4096,8.45,P,72,2,405,0,47,251,66,9,T,88,0,392,0,233,251,138,27,1,16,-2,-13,0,186,0,72,18
4097,7.26,Z,51,8,529,0,167,259,217,3,P,46,0,344,0,403,343,87,8,0,-5,-8,-185,0,236,84,-130,5
4098,9.57,T,27,0,520,0,10,28,36,6,Z,42,2,862,0,12,39,129,0,1,15,2,342,0,2,11,93,-6
4099,9.59,Z,67,2,306,0,32,67,192,6,Z,66,9,201,3,85,93,190,2,0,-1,7,-105,3,53,26,-2,-4
4100,7.58,Z,54,3,439,0,132,285,230,0,T,48,0,450,0,33,104,119,4,0,-6,-3,11,0,-99,-181,-111,4
4101,4.25,T,19,3,177,0,30,18,27,0,Z,18,0,337,0,114,68,71,3,0,-1,-3,160,0,84,50,44,3
4102,8.19,P,58,0,578,9,57,193,72,0,P,49,7,638,0,527,216,72,12,0,-9,7,60,-9,470,23,0,12
4103,9.26,P,31,0,278,0,0,18,20,0,Z,35,0,474,0,2,171,130,3,0,4,0,196,0,2,153,110,3
4104,8.11,Z,51,0,214,0,0,144,176,0,Z,35,4,356,0,53,125,143,3,0,-16,4,142,0,53,-19,-33,3
4105,9.59,T,72,1,482,0,16,201,125,0,T,76,3,486,1,86,113,127,0,0,4,2,4,1,70,-88,2,0
4106,5.04,P,38,0,257,0,316,120,65,2,P,20,0,395,0,0,81,48,0,0,-18,0,138,0,-316,-39,-17,-2
4107,7.18,T,56,6,335,0,91,122,83,4,P,44,3,264,0,32,178,96,0,0,-12,-3,-71,0,-59,56,13,-4
4108,8.25,Z,58,9,389,0,26,70,186,2,T,77,9,276,0,148,192,75,0,1,19,0,-113,0,122,122,-111,-2
4109,10.57,T,93,2,756,0,139,338,194,4,P,47,1,532,0,20,216,81,2,0,-46,-1,-224,0,-119,-122,-113,-2
4110,4.1,P,16,0,248,0,0,20,27,0,Z,15,0,261,0,0,11,62,0,1,-1,0,13,0,0,-9,35,0
4111,6.23,T,47,3,382,0,3,87,69,0,P,32,0,425,0,18,144,54,4,1,-15,-3,43,0,15,57,-15,4
4112,6.23,Z,22,2,175,0,19,121,67,1,T,45,4,310,0,11,121,95,1,0,23,2,135,0,-8,0,28,0
4113,9.58,T,61,0,518,0,29,254,120,6,T,72,4,528,0,57,252,83,0,1,11,4,10,0,28,-2,-37,-6
4114,7.13,T,36,6,752,0,12,67,58,1,T,34,0,441,0,0,13,34,0,1,-2,-6,-311,0,-12,-54,-24,-1
4115,8.26,P,40,4,643,0,29,88,41,1,P,30,0,120,0,0,56,54,0,1,-10,-4,-523,0,-29,-32,13,-1
4116,6.15,T,30,0,201,0,49,22,50,11,T,28,2,363,0,2,39,50,0,1,-2,2,162,0,-47,17,0,-11
4117,3.29,T,11,0,229,0,66,20,91,0,T,15,0,148,0,42,64,37,11,1,4,0,-81,0,-24,44,-54,11
4118,7.29,Z,24,0,306,0,6,34,106,3,P,34,6,543,0,21,42,44,0,1,10,6,237,0,15,8,-62,-3
4119,9.58,T,46,0,790,0,18,132,122,9,P,80,5,334,0,67,266,245,9,1,34,5,-456,0,49,134,123,0
4120,9.57,Z,43,0,510,0,16,110,187,1,T,68,0,362,0,19,243,114,3,0,25,0,-148,0,3,133,-73,2
4121,4.36,P,15,0,262,0,2,60,13,1,P,14,0,220,0,13,111,33,1,0,-1,0,-42,0,11,51,20,0
4122,5.16,T,25,0,294,8,34,135,61,2,P,22,0,172,0,5,73,42,6,1,-3,0,-122,-8,-29,-62,-19,4
4123,8.46,P,76,12,251,0,340,162,88,5,Z,54,5,537,0,25,153,138,1,0,-22,-7,286,0,-315,-9,50,-4
4124,5.39,T,38,0,261,0,11,111,46,3,Z,28,0,132,0,14,52,125,4,0,-10,0,-129,0,3,-59,79,1
4125,0.43,Z,4,0,29,0,16,18,18,1,T,6,0,10,0,1,24,3,4,0,2,0,-19,0,-15,6,-15,3
4126,8.11,Z,65,0,361,0,148,141,210,7,P,71,1,210,0,292,300,111,5,1,6,1,-151,0,144,159,-99,-2
4127,9.59,Z,55,0,767,0,0,148,157,1,P,52,3,837,0,13,293,102,2,0,-3,3,70,0,13,145,-55,1
4128,10.14,P,47,0,404,0,17,126,99,7,T,62,5,564,0,22,97,83,1,0,15,5,160,0,5,-29,-16,-6
4129,5.36,Z,17,2,227,0,5,39,74,0,T,36,2,200,0,244,127,112,5,1,19,0,-27,0,239,88,38,5
4130,7.13,Z,38,8,276,3,66,143,133,2,T,63,0,316,0,20,153,77,7,1,25,-8,40,-3,-46,10,-56,5
4131,4.53,Z,29,4,144,0,218,84,100,4,P,28,0,220,0,220,175,35,4,1,-1,-4,76,0,2,91,-65,0
4132,7.05,T,65,1,434,0,465,163,117,3,Z,61,6,292,0,306,168,213,2,1,-4,5,-142,0,-159,5,96,-1
4133,2.51,T,7,0,165,0,0,41,25,0,T,16,0,87,0,128,33,80,4,1,9,0,-78,0,128,-8,55,4
4134,9.56,T,39,0,467,0,0,15,40,0,T,42,0,434,0,12,52,44,3,1,3,0,-33,0,12,37,4,3
4135,8.33,Z,40,2,369,0,32,51,142,3,P,44,0,442,0,2,157,72,2,0,4,-2,73,0,-30,106,-70,-1
4136,6.26,P,35,0,344,0,12,165,44,7,Z,18,4,337,0,21,85,71,0,0,-17,4,-7,0,9,-80,27,-7
4137,9.4,P,36,0,528,0,199,238,64,3,P,37,0,548,0,0,37,48,0,1,1,0,20,0,-199,-201,-16,-3
4138,5.21,P,15,0,223,0,0,36,26,1,P,16,0,274,0,8,126,27,3,1,1,0,51,0,8,90,1,2
4139,7.23,P,64,0,363,0,273,280,114,13,P,58,0,237,0,197,329,105,9,1,-6,0,-126,0,-76,49,-9,-4
4140,9.09,P,65,2,377,0,171,263,57,7,P,39,0,206,0,15,120,188,2,0,-26,-2,-171,0,-156,-143,131,-5
4141,2.21,T,4,0,60,0,0,15,4,0,P,7,0,87,0,0,67,16,0,1,3,0,27,0,0,52,12,0
4142,9.59,T,51,0,740,0,1,103,112,0,T,48,0,437,0,1,150,81,3,1,-3,0,-303,0,0,47,-31,3
4143,6.07,Z,37,11,342,0,211,168,267,1,Z,35,6,192,0,302,148,137,2,0,-2,-5,-150,0,91,-20,-130,1
4144,7.22,P,58,3,575,0,97,215,91,27,Z,55,0,275,0,69,247,258,12,1,-3,-3,-300,0,-28,32,167,-15
4145,7,T,92,4,298,0,796,163,117,20,T,58,1,218,0,487,110,93,13,0,-34,-3,-80,0,-309,-53,-24,-7
4146,9.26,Z,27,0,198,0,3,15,88,1,Z,12,0,248,0,0,23,77,0,0,-15,0,50,0,-3,8,-11,-1
4147,6.28,P,19,0,156,0,0,39,44,1,P,26,3,237,0,8,85,72,4,1,7,3,81,0,8,46,28,3
4148,9.59,T,61,4,1232,0,2,97,145,0,T,69,0,342,0,2,194,100,2,1,8,-4,-890,0,0,97,-45,2
4149,6.57,P,59,0,301,0,46,239,158,5,T,66,3,473,0,397,196,69,1,1,7,3,172,0,351,-43,-89,-4
4150,6.06,P,34,0,280,0,2,95,65,0,T,39,0,329,0,14,125,145,5,0,5,0,49,0,12,30,80,5
4151,8.15,T,133,4,337,0,642,323,182,3,Z,76,0,526,12,116,273,277,0,0,-57,-4,189,12,-526,-50,95,-3
4152,6.56,T,59,0,339,0,70,181,93,7,T,60,0,337,0,655,169,164,9,0,1,0,-2,0,585,-12,71,2
4153,8.39,T,102,0,349,0,17,218,77,2,T,19,0,447,0,0,99,65,0,0,-83,0,98,0,-17,-119,-12,-2
4154,8.54,T,47,1,557,0,7,140,96,2,T,49,0,328,0,22,155,112,3,1,2,-1,-229,0,15,15,16,1
4155,7.34,Z,57,4,381,0,171,294,174,6,T,125,0,516,0,584,375,261,11,0,68,-4,135,0,413,81,87,5
4156,9.4,T,41,0,375,0,2,71,61,5,P,50,5,476,0,47,83,49,4,0,9,5,101,0,45,12,-12,-1
4157,9.58,Z,59,0,364,0,19,60,148,2,T,64,0,419,0,0,134,123,1,0,5,0,55,0,-19,74,-25,-1
4158,9.59,Z,65,6,564,0,30,233,183,1,P,54,1,430,0,69,412,87,11,0,-11,-5,-134,0,39,179,-96,10
4159,9.58,T,67,0,748,0,35,143,99,9,T,72,0,328,0,193,168,123,2,0,5,0,-420,0,158,25,24,-7
4160,9.59,T,101,5,631,0,712,141,121,5,Z,61,3,556,0,110,73,254,3,1,-40,-2,-75,0,-602,-68,133,-2
4161,9.59,T,81,0,527,0,607,177,145,8,P,46,8,316,0,102,98,119,4,1,-35,8,-211,0,-505,-79,-26,-4
4162,9.59,Z,54,0,544,0,52,460,207,18,Z,56,0,413,0,110,367,319,5,0,2,0,-131,0,58,-93,112,-13
4163,9.59,Z,57,7,1140,0,47,99,165,0,T,60,3,535,0,1,61,117,3,0,3,-4,-605,0,-46,-38,-48,3
4164,6.22,P,46,3,633,0,39,191,48,13,P,50,1,246,0,365,215,182,10,1,4,-2,-387,0,326,24,134,-3
4165,9.59,Z,57,1,356,0,21,172,229,2,T,59,2,1018,0,39,153,72,2,0,2,1,662,0,18,-19,-157,0
4166,2.31,Z,2,0,90,0,0,7,30,1,Z,9,0,133,0,23,44,47,3,0,7,0,43,0,23,37,17,2
4167,9.59,T,64,2,477,0,108,163,88,9,T,75,3,579,0,49,386,146,0,1,11,1,102,0,-59,223,58,-9
4168,10.54,P,69,0,594,0,75,250,87,6,Z,101,11,447,0,250,159,439,8,1,32,11,-147,0,175,-91,352,2
4169,3.25,T,20,0,156,0,5,65,29,4,T,11,0,173,0,0,18,21,0,0,-9,0,17,0,-5,-47,-8,-4
4170,9.59,T,40,0,464,0,0,105,96,0,T,24,0,406,0,0,34,52,0,1,-16,0,-58,0,0,-71,-44,0
4171,0.47,T,3,0,24,0,21,11,12,4,P,3,0,63,0,0,18,3,0,0,0,0,39,0,-21,7,-9,-4
4172,9.58,T,53,0,799,0,51,140,50,4,T,37,0,287,0,0,21,65,0,1,-16,0,-512,0,-51,-119,15,-4
4173,9.59,T,58,0,527,0,25,27,58,5,T,35,0,351,0,11,40,73,3,0,-23,0,-176,0,-14,13,15,-2
4174,9.59,T,57,0,770,0,0,270,169,4,T,98,8,336,0,14,360,88,0,1,41,8,-434,0,14,90,-81,-4
4175,9.59,Z,80,0,674,0,71,188,251,3,T,55,0,644,0,0,63,91,0,0,-25,0,-30,0,-71,-125,-160,-3
4176,9.59,Z,62,4,469,1,105,169,218,6,T,102,5,374,0,451,184,126,2,0,40,1,-95,-1,346,15,-92,-4
4177,9.25,P,34,2,560,0,5,90,66,0,Z,53,0,231,0,0,99,204,0,1,19,-2,-329,0,-5,9,138,0
4178,6.07,T,17,1,128,0,1,20,26,0,T,42,2,193,0,9,38,41,0,1,25,1,65,0,8,18,15,0
4179,9.58,Z,63,9,523,0,29,165,163,0,Z,75,1,552,0,68,292,313,0,0,12,-8,29,0,39,127,150,0
4180,4.03,Z,18,0,135,0,2,55,68,0,Z,18,2,370,0,16,70,55,1,0,0,2,235,0,14,15,-13,1
4181,6.25,T,26,0,268,0,21,115,54,3,T,31,0,474,0,42,78,60,2,0,5,0,206,0,21,-37,6,-1
4182,9.34,T,81,2,523,0,306,272,126,9,P,57,0,780,0,18,227,90,3,0,-24,-2,257,0,-288,-45,-36,-6
4183,9.59,P,64,11,596,0,37,164,106,4,Z,78,0,414,0,95,161,293,8,1,14,-11,-182,0,58,-3,187,4
4184,9.01,P,81,0,765,0,38,318,204,7,Z,58,0,282,0,35,198,181,5,0,-23,0,-483,0,-3,-120,-23,-2
4185,8.27,Z,73,0,353,0,165,210,262,2,P,58,1,411,0,72,307,65,7,0,-15,1,58,0,-93,97,-197,5
4186,7.55,T,72,1,787,0,150,144,75,3,T,65,2,618,0,288,179,117,8,0,-7,1,-169,0,138,35,42,5
4187,9.26,T,75,9,452,0,26,241,133,9,P,55,9,473,2,66,162,152,3,1,-20,0,21,2,40,-79,19,-6
4188,7.37,P,109,0,280,0,729,227,86,17,Z,101,2,335,0,543,256,340,17,1,-8,2,55,0,-186,29,254,0
4189,7.24,Z,33,1,270,0,189,274,348,2,Z,40,2,297,0,581,144,152,7,0,7,1,27,0,392,-130,-196,5
4190,10,Z,53,0,264,0,207,200,323,15,Z,71,3,677,0,29,128,204,2,1,18,3,413,0,-178,-72,-119,-13
4191,10.36,P,49,5,1038,0,9,145,73,0,P,59,0,1132,0,8,201,114,5,0,10,-5,94,0,-1,56,41,5
4192,5.49,Z,22,3,247,2,22,117,166,0,P,28,0,475,0,2,118,42,0,1,6,-3,228,-2,-20,1,-124,0
4193,6.5,Z,32,3,461,0,28,131,99,0,Z,16,3,87,0,8,37,81,0,1,-16,0,-374,0,-20,-94,-18,0
4194,4.29,P,18,0,234,0,9,114,70,4,P,23,0,303,0,5,159,52,1,1,5,0,69,0,-4,45,-18,-3
4195,9.59,P,45,2,608,0,4,277,77,0,Z,51,0,299,0,35,232,288,11,0,6,-2,-309,0,31,-45,211,11
4196,9.57,P,32,1,314,0,3,76,46,3,T,72,0,511,0,57,193,107,6,1,40,-1,197,0,54,117,61,3
4197,5.17,P,23,0,369,0,10,70,22,3,P,15,0,198,0,0,86,17,0,1,-8,0,-171,0,-10,16,-5,-3
4198,10.29,T,85,0,486,0,18,223,132,12,P,51,0,532,0,0,170,99,1,0,-34,0,46,0,-18,-53,-33,-11
4199,5.04,T,35,5,295,0,0,52,62,1,Z,24,1,171,0,213,85,66,8,0,-11,-4,-124,0,213,33,4,7
4200,4.06,T,20,0,260,0,51,42,52,3,T,16,0,218,0,0,27,104,1,1,-4,0,-42,0,-51,-15,52,-2
4201,7.26,P,48,4,442,0,69,240,227,15,T,47,5,610,0,614,100,55,3,1,-1,1,168,0,545,-140,-172,-12
4202,5.37,T,42,0,273,0,22,111,61,5,P,32,0,435,0,103,107,44,4,0,-10,0,162,0,81,-4,-17,-1
4203,10.48,P,84,0,477,0,214,231,190,5,T,114,3,933,0,50,359,184,8,0,30,3,456,0,-164,128,-6,3
4204,9.58,T,62,0,438,0,66,77,103,17,P,29,0,478,0,0,56,46,0,1,-33,0,40,0,-66,-21,-57,-17
4205,9.59,T,136,22,786,0,662,264,189,8,Z,92,10,458,5,402,260,464,23,1,-44,-12,-328,5,-260,-4,275,15
4206,5.48,Z,52,1,169,0,167,280,298,8,Z,34,0,400,0,244,202,334,5,0,-18,-1,231,0,77,-78,36,-3
4207,5.17,T,26,3,246,0,433,87,164,5,P,22,0,241,0,269,152,45,6,0,-4,-3,-5,0,-164,65,-119,1
4208,6.39,Z,40,0,341,0,127,95,186,7,P,42,0,395,0,186,198,109,3,1,2,0,54,0,59,103,-77,-4
4209,5.17,T,42,0,251,0,223,211,234,6,P,26,0,228,0,235,116,85,3,1,-16,0,-23,0,12,-95,-149,-3
4210,4.03,Z,19,1,72,0,7,27,38,0,T,19,0,224,0,26,31,27,3,0,0,-1,152,0,19,4,-11,3
4211,9.59,P,70,7,832,0,29,174,77,0,T,68,4,758,0,58,105,113,0,1,-2,-3,-74,0,29,-69,36,0
4212,7.25,P,68,0,278,0,286,181,150,8,T,68,0,338,0,683,250,203,22,1,0,0,60,0,397,69,53,14
4213,8.39,Z,45,0,219,11,98,174,182,3,Z,42,4,418,0,565,94,185,6,1,-3,4,199,-11,467,-80,3,3
4214,10.55,T,65,0,1199,0,3,256,129,4,T,63,8,733,0,625,200,325,1,1,-2,8,-466,0,622,-56,196,-3
4215,7.28,T,46,2,553,0,8,102,77,2,P,50,2,302,0,31,274,223,6,0,4,0,-251,0,23,172,146,4
4216,7.44,T,54,3,392,0,43,166,161,5,P,37,0,837,0,0,150,73,0,0,-17,-3,445,0,-43,-16,-88,-5
4217,8.47,T,82,8,589,0,464,142,155,2,P,61,3,609,0,150,147,139,12,1,-21,-5,20,0,-314,5,-16,10
4218,3.02,T,12,0,140,0,14,97,20,1,Z,17,0,17,0,10,13,50,5,1,5,0,-123,0,-4,-84,30,4
4219,4.5,T,24,1,180,0,151,83,213,4,P,19,0,221,0,0,96,34,0,0,-5,-1,41,0,-151,13,-179,-4
4220,9.59,T,43,0,501,0,12,261,120,7,P,69,0,577,0,26,182,117,11,1,26,0,76,0,14,-79,-3,4
4221,9.21,Z,91,3,437,15,156,361,290,1,P,105,1,540,0,109,556,110,15,0,14,-2,103,-15,-47,195,-180,14
4222,10.56,T,57,0,588,0,0,43,92,0,Z,42,2,749,0,2,77,153,0,0,-15,2,161,0,2,34,61,0
4223,6.27,P,36,2,363,0,45,204,48,3,T,59,0,318,0,129,197,91,7,1,23,-2,-45,0,84,-7,43,4
4224,9.59,P,57,0,428,0,3,208,116,1,T,69,0,532,0,86,250,147,11,0,12,0,104,0,83,42,31,10
4225,3.4,T,24,1,122,0,303,44,177,5,T,16,1,192,0,0,80,64,2,0,-8,0,70,0,-303,36,-113,-3
4226,9.58,Z,61,11,684,0,329,137,187,1,Z,69,0,295,0,61,159,230,4,0,8,-11,-389,0,-268,22,43,3
4227,5.17,P,21,0,180,0,15,67,19,5,T,30,7,206,0,32,63,34,0,0,9,7,26,0,17,-4,15,-5
4228,5.57,Z,34,1,287,0,134,95,201,4,Z,33,0,149,0,21,50,104,0,0,-1,-1,-138,0,-113,-45,-97,-4
4229,9.32,T,55,2,188,0,451,261,140,6,T,56,2,625,0,31,151,158,1,1,1,0,437,0,-420,-110,18,-5
4230,4.32,T,19,1,331,0,27,68,30,0,T,13,0,202,0,0,45,29,2,0,-6,-1,-129,0,-27,-23,-1,2
4231,9.59,P,121,0,573,0,45,365,146,15,P,68,9,457,0,116,305,162,0,1,-53,9,-116,0,71,-60,16,-15
4232,10.16,Z,74,15,337,0,317,165,326,1,T,69,0,546,0,777,201,120,4,0,-5,-15,209,0,460,36,-206,3
4233,9.59,T,104,0,491,0,573,306,160,11,T,86,0,440,0,38,183,115,8,1,-18,0,-51,0,-535,-123,-45,-3
4234,9.59,T,90,3,492,0,57,204,89,4,Z,67,11,502,0,370,155,175,6,0,-23,8,10,0,313,-49,86,2
4235,9.59,T,64,0,630,0,783,273,134,9,T,59,1,856,0,369,310,242,3,0,-5,1,226,0,-414,37,108,-6
4236,9.59,T,25,0,720,0,1,67,67,1,T,54,4,698,0,83,170,98,3,1,29,4,-22,0,82,103,31,2
4237,6.53,Z,38,0,324,0,45,144,138,5,P,41,3,386,0,508,170,98,9,0,3,3,62,0,463,26,-40,4
4238,10.24,P,39,2,487,0,111,119,177,4,T,51,0,649,0,0,117,79,0,0,12,-2,162,0,-111,-2,-98,-4
4239,2.48,Z,10,0,180,7,65,105,87,0,Z,13,1,97,0,152,48,145,0,0,3,1,-83,-7,87,-57,58,0
4240,3.56,Z,13,1,77,0,9,57,48,2,Z,19,5,123,0,40,24,57,0,0,6,4,46,0,31,-33,9,-2
4241,7.49,Z,42,9,387,0,54,187,173,0,T,73,0,489,0,93,190,89,8,1,31,-9,102,0,39,3,-84,8
4242,7.21,P,41,0,348,0,4,168,84,1,T,41,0,402,0,26,225,55,3,1,0,0,54,0,22,57,-29,2
4243,8.22,Z,51,5,585,0,649,105,182,10,P,50,0,428,0,30,323,132,4,1,-1,-5,-157,0,-619,218,-50,-6
4244,5.59,P,22,3,232,0,9,98,76,2,P,24,0,345,0,12,60,27,7,0,2,-3,113,0,3,-38,-49,5
4245,9.33,P,85,6,319,0,252,289,87,11,T,94,1,646,0,471,280,132,7,1,9,-5,327,0,219,-9,45,-4
4246,4.22,Z,16,0,272,0,2,24,67,0,Z,11,1,230,0,11,16,38,0,0,-5,1,-42,0,9,-8,-29,0
4247,8.13,Z,35,0,515,0,22,89,215,3,T,62,1,362,0,405,113,74,9,0,27,1,-153,0,383,24,-141,6
4248,9.58,T,64,0,623,0,49,206,122,7,P,71,0,475,0,65,226,73,8,1,7,0,-148,0,16,20,-49,1
4249,6.29,T,56,0,589,0,14,220,140,4,Z,39,1,257,0,89,147,110,4,1,-17,1,-332,0,75,-73,-30,0
4250,8.36,Z,58,0,230,0,363,379,209,6,Z,62,0,338,0,58,223,200,29,0,4,0,108,0,-305,-156,-9,23
4251,8.23,P,53,0,361,0,27,51,91,5,T,62,7,465,0,140,181,252,0,1,9,7,104,0,113,130,161,-5
4252,9.51,P,45,0,475,0,6,188,89,3,T,50,0,599,0,17,160,116,5,1,5,0,124,0,11,-28,27,2
4253,4.16,T,29,2,98,0,184,84,113,0,P,22,5,153,0,3,92,36,0,1,-7,3,55,0,-181,8,-77,0
4254,9.59,T,54,1,469,0,3,254,86,0,T,71,8,458,0,46,189,65,0,0,17,7,-11,0,43,-65,-21,0
4255,6.24,P,23,0,515,0,4,108,50,2,Z,33,1,305,0,50,84,176,3,0,10,1,-210,0,46,-24,126,1
4256,9.59,Z,27,1,428,0,11,58,91,0,T,43,0,247,0,0,36,70,1,1,16,-1,-181,0,-11,-22,-21,1
4257,9.59,P,56,0,591,0,23,90,84,7,T,53,6,994,0,33,113,86,0,1,-3,6,403,0,10,23,2,-7
4258,3.36,T,14,0,246,0,0,28,26,0,T,11,2,101,0,15,81,23,0,1,-3,2,-145,0,15,53,-3,0
4259,3.54,T,19,0,130,0,123,39,26,2,T,16,0,70,0,3,8,35,2,1,-3,0,-60,0,-120,-31,9,0
4260,7.13,Z,43,7,377,0,31,87,118,0,T,63,3,310,0,293,115,103,9,1,20,-4,-67,0,262,28,-15,9
4261,9.38,P,51,3,867,0,94,94,65,4,P,53,4,374,0,466,101,61,13,1,2,1,-493,0,372,7,-4,9
4262,9.59,Z,59,12,298,0,350,180,332,0,P,76,7,505,0,25,259,108,8,0,17,-5,207,0,-325,79,-224,8
4263,9.59,T,62,0,511,0,77,138,65,4,Z,52,0,412,0,32,100,162,7,0,-10,0,-99,0,-45,-38,97,3
4264,3.47,P,15,0,85,0,0,108,24,1,T,24,5,311,0,78,139,41,0,0,9,5,226,0,78,31,17,-1
4265,6.08,T,40,0,387,0,100,145,54,7,T,30,0,254,0,467,164,72,4,0,-10,0,-133,0,367,19,18,-3
4266,6.39,Z,36,0,328,0,11,56,145,2,T,62,4,338,0,499,193,195,8,1,26,4,10,0,488,137,50,6
4267,4.05,P,20,0,198,0,418,70,116,8,P,31,0,142,0,302,158,54,25,0,11,0,-56,0,-116,88,-62,17
4268,8.45,Z,76,1,427,7,168,334,277,0,Z,74,2,600,0,277,263,309,9,0,-2,1,173,-7,109,-71,32,9
4269,4.24,Z,17,0,143,0,2,71,85,1,T,18,1,95,0,30,58,102,0,1,1,1,-48,0,28,-13,17,-1
4270,9.24,T,85,2,439,0,326,300,132,6,Z,74,9,488,0,364,204,243,1,1,-11,7,49,0,38,-96,111,-5
4271,6.38,P,43,1,235,0,37,90,41,2,Z,44,4,119,0,22,91,120,0,0,1,3,-116,0,-15,1,79,-2
4272,9.58,T,105,6,421,0,615,198,128,9,P,108,0,920,0,345,393,142,11,1,3,-6,499,0,-270,195,14,2
4273,1.14,T,6,1,48,0,102,16,28,1,T,9,0,11,0,130,15,26,5,0,3,-1,-37,0,28,-1,-2,4
4274,10.46,T,71,1,424,0,47,164,81,3,P,43,1,301,0,614,252,160,6,0,-28,0,-123,0,567,88,79,3
4275,4,T,34,0,213,0,298,116,28,3,T,32,0,200,0,154,109,31,5,1,-2,0,-13,0,-144,-7,3,2
4276,9.59,T,105,0,727,0,349,343,102,10,T,69,4,634,0,31,160,103,1,0,-36,4,-93,0,-318,-183,1,-9
4277,6.55,Z,48,0,346,0,37,136,191,13,T,68,4,201,0,293,101,136,11,1,20,4,-145,0,256,-35,-55,-2
4278,8.32,T,79,0,511,0,56,200,135,7,T,73,4,229,0,447,168,175,9,0,-6,4,-282,0,391,-32,40,2
4279,9.59,T,85,0,503,0,368,209,211,14,T,95,0,522,0,423,412,152,6,0,10,0,19,0,55,203,-59,-8
4280,2.34,P,13,0,100,0,106,64,71,3,P,8,1,37,0,4,35,18,0,0,-5,1,-63,0,-102,-29,-53,-3
4281,1.46,T,4,1,46,0,2,2,44,0,P,5,0,112,0,6,23,3,1,1,1,-1,66,0,4,21,-41,1
4282,3.32,T,14,3,133,0,13,28,19,1,T,18,0,129,0,0,58,48,0,0,4,-3,-4,0,-13,30,29,-1
4283,2.5,P,7,1,157,0,18,58,17,0,P,6,0,135,0,0,43,26,0,0,-1,-1,-22,0,-18,-15,9,0
4284,8.44,T,136,0,318,0,207,330,126,19,Z,97,6,492,0,604,235,300,13,1,-39,6,174,0,397,-95,174,-6
4285,9.59,Z,61,0,434,0,257,237,247,2,Z,67,7,496,0,935,237,284,5,1,6,7,62,0,678,0,37,3
4286,8.06,Z,39,0,317,0,87,230,151,10,Z,49,2,403,0,247,204,153,7,0,10,2,86,0,160,-26,2,-3
4287,9.53,P,90,10,532,0,110,221,93,8,T,99,0,630,0,325,267,123,28,0,9,-10,98,0,215,46,30,20
4288,5.12,T,16,0,275,0,0,99,38,0,Z,16,0,205,0,0,141,78,0,0,0,0,-70,0,0,42,40,0
4289,9.57,T,95,0,584,0,130,225,146,7,Z,46,3,489,0,38,261,179,5,1,-49,3,-95,0,-92,36,33,-2
4290,4.43,Z,28,4,115,0,194,90,144,3,T,40,1,243,0,85,217,54,3,0,12,-3,128,0,-109,127,-90,0
4291,10.22,Z,20,0,331,0,0,29,79,0,T,28,1,352,0,2,47,64,3,1,8,1,21,0,2,18,-15,3
4292,8.56,P,32,0,764,0,9,160,46,4,Z,37,1,291,0,30,131,164,0,1,5,1,-473,0,21,-29,118,-4
4293,4.39,Z,25,3,265,0,257,86,184,0,T,34,0,235,0,26,108,37,5,0,9,-3,-30,0,-231,22,-147,5
4294,7.32,P,22,0,392,0,4,84,23,3,Z,32,0,472,0,0,52,101,1,1,10,0,80,0,-4,-32,78,-2
4295,7.44,P,26,7,610,0,13,93,76,3,P,44,0,377,0,15,93,41,12,0,18,-7,-233,0,2,0,-35,9
4296,3.24,T,15,0,196,0,0,18,29,0,T,17,2,134,0,3,21,27,0,0,2,2,-62,0,3,3,-2,0
4297,4.15,T,18,0,619,0,1,34,45,2,T,23,3,327,0,2,75,51,1,1,5,3,-292,0,1,41,6,-1
4298,10.3,Z,64,3,576,0,52,156,231,0,Z,58,0,454,0,43,124,155,6,0,-6,-3,-122,0,-9,-32,-76,6
4299,6.22,P,36,1,171,0,2,97,28,0,T,50,0,228,0,64,98,77,3,1,14,-1,57,0,62,1,49,3
4300,6.27,T,50,0,400,0,9,80,155,10,T,76,0,256,0,385,162,106,6,1,26,0,-144,0,376,82,-49,-4
4301,2.1,Z,10,2,93,0,5,7,27,0,Z,6,0,107,0,6,35,31,1,1,-4,-2,14,0,1,28,4,1
4302,1.17,Z,9,0,11,0,10,6,36,1,P,4,0,99,0,40,19,5,1,1,-5,0,88,0,30,13,-31,0
4303,6.11,T,60,1,307,0,142,57,123,4,T,35,4,108,0,588,73,154,5,1,-25,3,-199,0,446,16,31,1
4304,9.58,T,87,0,798,0,4,137,254,2,T,105,0,309,0,431,179,221,13,1,18,0,-489,0,427,42,-33,11
4305,8.04,P,52,5,418,0,14,124,75,2,P,77,0,663,0,428,163,53,17,1,25,-5,245,0,414,39,-22,15
4306,3.36,T,16,0,273,0,0,72,33,3,Z,16,1,124,0,25,15,68,2,0,0,1,-149,0,25,-57,35,-1
4307,6.38,T,53,0,484,0,264,164,64,6,P,51,0,373,0,238,160,101,12,1,-2,0,-111,0,-26,-4,37,6
4308,9.59,T,69,8,454,0,12,270,90,1,Z,50,0,664,0,89,185,244,6,0,-19,-8,210,0,77,-85,154,5
4309,10.51,P,73,1,790,0,136,205,89,6,Z,72,0,869,0,67,226,224,4,0,-1,-1,79,0,-69,21,135,-2
4310,7.26,T,71,0,402,6,219,115,100,5,Z,41,0,431,0,18,113,112,3,0,-30,0,29,-6,-201,-2,12,-2
4311,5.34,T,50,3,238,0,414,205,69,7,P,45,5,314,0,327,173,107,4,0,-5,2,76,0,-87,-32,38,-3
4312,9.59,T,51,5,584,0,15,28,56,0,T,43,0,492,0,1,25,75,2,1,-8,-5,-92,0,-14,-3,19,2
4313,9.59,T,95,5,716,0,321,126,164,5,T,60,0,586,0,22,127,140,5,0,-35,-5,-130,0,-299,1,-24,0
4314,9.3,Z,81,11,798,0,123,357,231,7,T,99,0,647,0,644,231,150,11,1,18,-11,-151,0,521,-126,-81,4
4315,9.27,T,108,0,336,0,710,256,227,23,P,49,0,471,0,16,276,104,6,0,-59,0,135,0,-694,20,-123,-17
4316,8.26,P,43,6,541,0,55,92,38,0,P,38,0,406,0,932,201,146,9,0,-5,-6,-135,0,877,109,108,9
4317,6.27,Z,42,0,264,0,442,111,147,4,P,23,0,281,0,0,98,45,0,0,-19,0,17,0,-442,-13,-102,-4
4318,5.28,T,24,0,295,0,1,72,42,4,T,28,1,360,0,131,110,71,4,1,4,1,65,0,130,38,29,0
4319,7.14,P,17,0,252,0,7,120,38,3,T,16,0,462,0,7,236,53,0,0,-1,0,210,0,0,116,15,-3
4320,9.59,P,65,2,350,0,31,345,60,3,Z,64,7,886,0,48,178,204,2,0,-1,5,536,0,17,-167,144,-1
4321,3.16,Z,11,0,45,0,177,73,55,3,Z,18,4,126,0,140,85,48,7,0,7,4,81,0,-37,12,-7,4
4322,8.39,T,69,5,296,0,148,214,150,3,T,66,0,533,0,64,196,146,8,0,-3,-5,237,0,-84,-18,-4,5
4323,9.59,T,67,1,578,0,2,84,92,1,T,60,0,477,0,0,126,124,0,1,-7,-1,-101,0,-2,42,32,-1
4324,9.59,Z,54,0,796,9,43,63,196,2,P,71,4,686,1,51,155,80,7,0,17,4,-110,-8,8,92,-116,5
4325,4.34,Z,34,0,323,0,512,131,137,5,T,50,0,146,0,507,83,132,6,1,16,0,-177,0,-5,-48,-5,1
4326,10.11,T,99,0,506,0,57,242,166,16,Z,77,3,272,0,39,304,339,2,0,-22,3,-234,0,-18,62,173,-14
4327,3.02,T,13,0,206,0,21,52,32,10,T,20,0,103,0,178,50,29,7,1,7,0,-103,0,157,-2,-3,-3
4328,9.58,P,23,2,417,0,1,26,66,3,Z,45,3,571,0,27,55,174,1,1,22,1,154,0,26,29,108,-2
4329,3.43,Z,22,0,184,0,21,21,71,1,Z,16,0,98,0,68,51,75,5,0,-6,0,-86,0,47,30,4,4
4330,7.53,P,64,1,576,0,473,308,121,11,P,45,0,483,0,197,197,67,4,0,-19,-1,-93,0,-276,-111,-54,-7
4331,9.11,Z,93,0,563,0,295,479,404,8,T,92,7,389,0,1288,205,171,9,1,-1,7,-174,0,993,-274,-233,1
4332,9.59,P,74,0,743,0,33,313,101,5,Z,62,7,631,0,180,355,258,10,1,-12,7,-112,0,147,42,157,5
4333,6.49,Z,52,5,443,0,198,247,211,7,T,94,0,296,0,159,244,91,12,1,42,-5,-147,0,-39,-3,-120,5
4334,3.58,Z,26,3,242,0,94,62,137,6,T,29,0,251,0,537,74,125,5,1,3,-3,9,0,443,12,-12,-1
4335,9.46,Z,62,0,632,0,29,282,200,6,Z,39,2,361,0,29,238,130,5,1,-23,2,-271,0,0,-44,-70,-1
4336,6.17,Z,31,2,372,2,330,224,140,5,Z,53,0,192,0,228,130,223,2,1,22,-2,-180,-2,-102,-94,83,-3
4337,9.58,T,39,3,629,0,0,127,107,0,Z,49,1,617,0,27,98,153,3,0,10,-2,-12,0,27,-29,46,3
4338,6.06,P,23,0,310,0,0,93,32,0,P,23,2,475,0,0,143,89,0,1,0,2,165,0,0,50,57,0
4339,2.54,T,12,2,129,0,356,45,14,4,T,14,2,152,0,0,49,22,1,0,2,0,23,0,-356,4,8,-3
4340,6.35,T,46,0,409,0,199,134,113,10,Z,38,0,269,0,55,100,138,7,0,-8,0,-140,0,-144,-34,25,-3
4341,5.08,T,30,2,304,0,345,136,51,1,Z,29,4,223,0,87,149,120,3,0,-1,2,-81,0,-258,13,69,2
4342,4.05,Z,14,0,26,6,20,32,47,0,T,18,0,184,0,1,41,38,2,1,4,0,158,-6,-19,9,-9,2
4343,10.04,T,67,0,688,0,21,119,93,4,P,41,0,581,0,31,251,177,4,0,-26,0,-107,0,10,132,84,0
4344,0.2,T,2,0,11,0,3,4,4,0,P,1,0,4,0,8,9,6,1,0,-1,0,-7,0,5,5,2,1
4345,6.58,T,46,7,629,0,42,91,61,0,P,52,0,414,0,468,175,64,9,0,6,-7,-215,0,426,84,3,9
4346,7.42,T,30,0,391,0,9,38,48,7,P,36,4,709,0,15,159,72,1,1,6,4,318,0,6,121,24,-6
4347,3.54,P,24,1,232,0,211,148,149,2,T,17,0,107,0,38,64,29,3,0,-7,-1,-125,0,-173,-84,-120,1
4348,9.59,Z,57,0,353,0,13,164,168,1,Z,36,1,494,0,19,105,127,0,1,-21,1,141,0,6,-59,-41,-1
4349,9.59,T,62,3,825,0,49,312,103,4,Z,78,3,853,0,31,104,183,0,0,16,0,28,0,-18,-208,80,-4
4350,6.52,Z,47,0,266,0,195,214,170,9,T,53,0,501,0,3,151,199,4,0,6,0,235,0,-192,-63,29,-5
4351,3.05,T,18,0,152,0,9,62,31,2,T,13,2,163,0,317,40,15,1,0,-5,2,11,0,308,-22,-16,-1
4352,7.25,P,74,3,436,0,447,247,139,8,T,49,0,379,0,167,212,83,6,1,-25,-3,-57,0,-280,-35,-56,-2
4353,8.32,P,58,0,336,0,89,207,44,9,Z,59,1,698,0,177,144,380,1,1,1,1,362,0,88,-63,336,-8
4354,4.38,Z,23,0,477,0,75,17,73,5,Z,21,4,166,0,118,73,156,1,0,-2,4,-311,0,43,56,83,-4
4355,6.4,Z,38,1,212,7,167,100,184,5,Z,48,0,223,0,40,121,139,9,0,10,-1,11,-7,-127,21,-45,4
4356,7.1,T,55,1,456,0,868,140,89,7,P,53,3,273,0,269,166,100,8,1,-2,2,-183,0,-599,26,11,1
4357,9.59,P,77,3,889,2,79,344,125,0,Z,77,3,1076,0,273,265,237,8,1,0,0,187,-2,194,-79,112,8
4358,5.25,Z,25,3,346,0,30,109,141,1,P,23,0,517,0,88,87,90,3,1,-2,-3,171,0,58,-22,-51,2
4359,9.59,P,85,3,352,0,61,279,72,8,Z,92,0,565,0,74,164,416,5,1,7,-3,213,0,13,-115,344,-3
4360,8.48,Z,66,0,745,0,19,210,258,4,P,78,2,681,0,29,205,143,6,1,12,2,-64,0,10,-5,-115,2
4361,9.59,T,51,2,448,0,8,231,137,2,P,52,0,1034,0,8,239,114,4,0,1,-2,586,0,0,8,-23,2
4362,9.59,Z,57,8,749,0,59,46,163,0,T,57,0,723,0,1,135,123,3,0,0,-8,-26,0,-58,89,-40,3
4363,9.59,T,89,0,621,0,0,187,244,9,P,63,6,583,0,38,321,70,1,0,-26,6,-38,0,38,134,-174,-8
4364,3.33,P,17,0,118,0,161,71,46,3,P,18,0,148,0,88,43,93,4,0,1,0,30,0,-73,-28,47,1
4365,4.23,Z,27,1,212,0,162,163,127,2,P,24,4,128,0,120,110,83,1,1,-3,3,-84,0,-42,-53,-44,-1
4366,9.58,P,35,0,561,0,15,43,40,1,T,41,0,532,0,38,29,37,9,0,6,0,-29,0,23,-14,-3,8
4367,9.59,T,102,0,765,0,268,151,155,15,Z,73,0,364,0,253,139,244,9,0,-29,0,-401,0,-15,-12,89,-6
4368,9.4,Z,73,0,784,0,9,91,233,3,T,51,0,783,0,19,111,59,7,0,-22,0,-1,0,10,20,-174,4
4369,8.22,T,58,0,674,0,17,238,202,0,P,55,6,454,0,462,164,83,3,0,-3,6,-220,0,445,-74,-119,3
4370,9.2,T,20,0,669,0,0,64,53,0,P,38,4,358,0,38,62,36,5,1,18,4,-311,0,38,-2,-17,5
4371,5.44,Z,34,2,265,0,23,31,76,2,Z,26,0,305,0,62,118,228,11,1,-8,-2,40,0,39,87,152,9
4372,7.2,Z,48,1,337,0,487,172,193,9,Z,43,0,484,0,90,156,164,5,1,-5,-1,147,0,-397,-16,-29,-4
4373,9.59,T,56,0,469,0,2,89,191,3,Z,53,0,119,0,5,28,143,4,0,-3,0,-350,0,3,-61,-48,1
4374,6.08,Z,34,0,235,0,122,205,156,4,Z,49,0,244,0,80,182,149,11,0,15,0,9,0,-42,-23,-7,7
4375,9.59,P,57,0,454,0,47,430,136,7,P,77,0,639,0,55,260,103,11,1,20,0,185,0,8,-170,-33,4
4376,5.38,P,26,1,426,0,7,156,136,2,P,25,3,257,0,44,166,38,6,1,-1,2,-169,0,37,10,-98,4
4377,9.59,P,55,2,373,0,21,102,70,2,Z,74,6,366,0,43,326,235,1,0,19,4,-7,0,22,224,165,-1
4378,8.14,T,74,0,548,0,539,193,111,10,P,56,0,607,0,127,169,237,10,1,-18,0,59,0,-412,-24,126,0
4379,9.59,T,66,1,573,0,42,91,110,5,T,57,3,640,0,14,232,113,1,0,-9,2,67,0,-28,141,3,-4
4380,10.2,T,65,3,475,0,252,113,289,2,Z,89,9,450,0,49,425,204,1,1,24,6,-25,0,-203,312,-85,-1
4381,4.52,Z,17,0,182,0,0,8,60,0,Z,5,0,27,0,0,27,20,0,0,-12,0,-155,0,0,19,-40,0
4382,9.58,P,58,3,479,0,141,429,52,5,T,92,2,1092,0,130,208,97,6,0,34,-1,613,0,-11,-221,45,1
4383,8.38,Z,46,0,554,0,37,123,216,8,T,41,0,555,0,2,70,70,0,1,-5,0,1,0,-35,-53,-146,-8
4384,9.59,Z,57,0,364,0,190,247,495,14,Z,86,0,521,0,154,128,449,15,1,29,0,157,0,-36,-119,-46,1
4385,9.59,P,63,0,846,0,17,206,123,2,P,45,3,510,0,10,127,91,0,0,-18,3,-336,0,-7,-79,-32,-2
4386,6.46,T,61,0,410,0,400,160,123,4,T,58,0,351,39,722,166,260,15,1,-3,0,-59,39,322,6,137,11
4387,9.46,P,55,6,356,0,102,277,70,6,T,81,5,366,0,191,134,232,2,1,26,-1,10,0,89,-143,162,-4
4388,2.32,T,11,0,143,0,3,22,9,2,P,12,0,50,0,6,12,17,1,1,1,0,-93,0,3,-10,8,-1
4389,9.59,T,54,12,788,0,30,178,105,0,P,34,0,585,0,0,62,48,1,0,-20,-12,-203,0,-30,-116,-57,1
4390,9.59,Z,58,9,447,0,243,195,223,3,P,55,0,554,0,9,150,64,2,0,-3,-9,107,0,-234,-45,-159,-1
4391,2.11,Z,6,0,23,0,4,13,43,4,T,10,0,53,0,3,44,11,1,1,4,0,30,0,-1,31,-32,-3
4392,9.59,Z,59,7,270,0,59,209,188,4,P,85,2,467,0,28,213,157,2,1,26,-5,197,0,-31,4,-31,-2
4393,9.59,T,49,0,808,0,6,171,113,3,P,31,0,383,0,11,104,65,5,1,-18,0,-425,0,5,-67,-48,2
4394,9.59,P,90,9,428,0,274,168,90,13,P,59,3,390,0,90,227,60,9,0,-31,-6,-38,0,-184,59,-30,-4
4395,4.36,P,14,0,100,0,0,20,14,2,P,16,2,108,0,5,69,24,0,1,2,2,8,0,5,49,10,-2
4396,9.59,T,68,3,1220,0,18,178,115,2,Z,55,5,404,0,48,132,169,7,1,-13,2,-816,0,30,-46,54,5
4397,9.59,P,43,5,468,0,39,122,61,0,P,47,4,641,0,23,178,45,2,1,4,-1,173,0,-16,56,-16,2
4398,9.57,T,42,0,566,0,0,105,68,0,Z,60,5,571,0,93,109,238,0,1,18,5,5,0,93,4,170,0
4399,4.28,Z,23,0,337,0,27,81,66,0,Z,22,2,250,0,24,94,77,1,1,-1,2,-87,0,-3,13,11,1
4400,7.35,P,30,0,569,0,6,148,51,3,P,28,0,292,0,0,53,50,0,0,-2,0,-277,0,-6,-95,-1,-3
4401,9.54,T,55,0,641,0,36,135,96,8,T,69,0,443,12,83,221,188,2,1,14,0,-198,12,47,86,92,-6
4402,9.28,T,34,1,211,0,0,68,65,0,Z,56,0,276,0,53,74,221,5,1,22,-1,65,0,53,6,156,5
4403,4.3,Z,24,2,242,0,249,158,230,2,P,23,0,318,0,10,110,142,3,0,-1,-2,76,0,-239,-48,-88,1
4404,9.59,P,56,0,771,0,2,198,143,2,P,44,3,601,0,22,221,57,0,1,-12,3,-170,0,20,23,-86,-2
4405,9.59,T,76,0,585,0,83,235,137,11,Z,67,0,560,0,587,119,249,3,0,-9,0,-25,0,504,-116,112,-8
4406,7.55,Z,45,2,765,0,33,123,124,0,P,61,1,535,0,93,340,117,12,0,16,-1,-230,0,60,217,-7,12
4407,9.59,T,100,0,622,0,250,265,107,11,Z,83,6,429,0,1031,234,258,13,0,-17,6,-193,0,781,-31,151,2
4408,9.45,T,83,16,694,0,80,233,148,3,P,63,4,642,0,954,123,215,7,1,-20,-12,-52,0,874,-110,67,4
4409,9.59,Z,54,0,550,0,39,95,206,3,P,44,6,532,0,919,181,458,0,0,-10,6,-18,0,880,86,252,-3
4410,9.39,T,95,0,697,0,142,333,158,11,P,71,3,541,0,525,307,178,6,1,-24,3,-156,0,383,-26,20,-5
4411,5.21,Z,38,0,219,0,153,162,109,8,T,31,0,206,0,0,46,55,0,0,-7,0,-13,0,-153,-116,-54,-8
4412,9.56,T,55,0,977,0,49,138,103,21,P,23,0,750,0,0,45,36,0,0,-32,0,-227,0,-49,-93,-67,-21
4413,9.59,T,50,0,650,0,53,164,68,7,T,58,0,770,0,3,265,113,1,0,8,0,120,0,-50,101,45,-6
4414,9.59,P,90,3,636,0,21,282,158,0,Z,61,1,441,0,117,236,304,1,0,-29,-2,-195,0,96,-46,146,1
4415,3.04,T,15,0,74,0,5,34,24,10,T,14,2,129,0,72,71,107,1,1,-1,2,55,0,67,37,83,-9
4416,9.58,Z,48,0,187,0,36,55,149,1,Z,54,1,480,0,176,218,264,6,1,6,1,293,0,140,163,115,5
4417,9.13,P,61,0,473,0,609,292,172,9,Z,66,5,462,0,148,394,297,0,1,5,5,-11,0,-461,102,125,-9
4418,9.43,Z,22,0,244,0,0,96,76,0,P,27,0,512,0,0,77,37,1,1,5,0,268,0,0,-19,-39,1
4419,4.4,Z,9,0,72,0,0,32,63,0,T,23,0,304,0,1,85,35,1,0,14,0,232,0,1,53,-28,1
4420,9.59,T,96,7,500,0,387,199,97,8,Z,68,5,534,0,316,231,253,11,0,-28,-2,34,0,-71,32,156,3
4421,4,T,24,1,260,0,113,73,44,4,Z,17,0,67,0,0,60,254,0,1,-7,-1,-193,0,-113,-13,210,-4
4422,8.48,Z,51,5,467,0,50,101,145,0,T,74,3,537,0,124,92,80,0,1,23,-2,70,0,74,-9,-65,0
4423,2.4,Z,11,0,119,4,117,78,81,4,Z,15,2,78,0,101,53,125,1,0,4,2,-41,-4,-16,-25,44,-3
4424,9.59,T,156,6,515,0,630,327,268,24,P,119,0,618,0,1215,402,243,28,0,-37,-6,103,0,585,75,-25,4
4425,9.58,P,56,0,379,0,135,133,114,6,T,64,0,576,0,41,225,104,8,0,8,0,197,0,-94,92,-10,2
4426,5.53,T,105,0,278,0,181,266,172,14,Z,24,3,273,0,22,102,89,2,0,-81,3,-5,0,-159,-164,-83,-12
4427,9.59,Z,54,8,509,0,64,43,149,1,P,37,0,301,0,715,381,266,5,0,-17,-8,-208,0,651,338,117,4
4428,9.58,P,72,0,439,0,30,103,101,32,P,55,0,378,0,22,75,86,4,0,-17,0,-61,0,-8,-28,-15,-28
4429,9.54,T,56,0,476,0,20,31,49,7,T,44,0,508,0,0,75,91,0,0,-12,0,32,0,-20,44,42,-7
4430,9.42,Z,99,2,579,1,312,365,437,5,P,77,0,641,0,108,457,62,10,0,-22,-2,62,-1,-204,92,-375,5
4431,9.58,T,46,4,678,0,26,127,113,5,P,33,0,462,0,12,180,25,3,0,-13,-4,-216,0,-14,53,-88,-2
4432,9.59,T,54,0,293,0,19,91,77,7,P,53,4,628,0,22,253,220,2,0,-1,4,335,0,3,162,143,-5
4433,9.59,T,88,0,658,0,283,421,340,13,Z,81,0,386,0,93,226,249,5,0,-7,0,-272,0,-190,-195,-91,-8
4434,9.58,T,57,0,722,0,40,81,78,3,Z,42,2,407,0,37,34,140,1,0,-15,2,-315,0,-3,-47,62,-2
4435,8.24,T,65,4,250,0,482,268,108,3,T,35,1,332,0,8,88,89,0,0,-30,-3,82,0,-474,-180,-19,-3
4436,10.05,Z,46,12,293,2,75,117,236,1,T,83,0,550,0,56,131,98,11,0,37,-12,257,-2,-19,14,-138,10
4437,9.58,P,74,0,435,0,50,200,104,13,T,97,10,331,0,140,222,180,3,0,23,10,-104,0,90,22,76,-10
4438,9.56,T,131,0,430,0,306,371,183,15,Z,104,0,642,0,191,459,307,10,1,-27,0,212,0,-115,88,124,-5
4439,9.59,T,71,6,697,0,15,335,156,0,T,108,0,821,0,27,163,137,4,1,37,-6,124,0,12,-172,-19,4
4440,8.42,T,36,0,263,0,1,29,47,4,P,27,0,188,0,0,36,25,0,0,-9,0,-75,0,-1,7,-22,-4
4441,9.33,T,64,4,729,0,44,128,86,4,T,74,7,903,0,55,118,93,0,1,10,3,174,0,11,-10,7,-4
4442,6.51,P,13,0,167,0,0,132,45,0,P,17,0,216,0,0,254,27,0,0,4,0,49,0,0,122,-18,0
4443,9.59,T,64,0,724,0,28,112,126,13,T,70,5,339,0,35,215,103,0,0,6,5,-385,0,7,103,-23,-13
4444,9.59,P,27,8,635,0,21,54,63,0,T,48,0,602,0,26,59,75,3,1,21,-8,-33,0,5,5,12,3
4445,9.59,T,69,0,568,0,20,400,168,3,T,54,1,253,0,11,108,91,7,1,-15,1,-315,0,-9,-292,-77,4
4446,9.33,P,27,0,543,0,0,63,33,0,P,37,2,662,0,49,266,35,2,0,10,2,119,0,49,203,2,2
4447,9.58,P,59,0,611,0,24,90,65,9,P,88,0,285,0,276,204,132,8,0,29,0,-326,0,252,114,67,-1
4448,6.14,P,26,0,228,0,0,64,23,0,Z,22,0,403,0,3,51,78,1,0,-4,0,175,0,3,-13,55,1
4449,5.41,P,21,1,224,0,5,68,34,2,T,25,3,297,0,189,121,57,1,0,4,2,73,0,184,53,23,-1
4450,9.59,P,69,2,349,0,180,218,134,4,T,48,2,469,0,66,142,100,0,1,-21,0,120,0,-114,-76,-34,-4
4451,7.14,P,45,0,390,0,13,197,85,3,P,36,7,225,0,69,176,77,4,0,-9,7,-165,0,56,-21,-8,1
4452,3.48,T,15,2,346,0,317,65,37,2,T,27,1,143,0,445,63,35,3,0,12,-1,-203,0,128,-2,-2,1
4453,9.59,Z,50,1,215,0,24,60,166,0,P,48,9,701,1,251,106,80,2,1,-2,8,486,1,227,46,-86,2
4454,10.09,P,89,0,931,0,58,238,121,10,Z,62,5,433,0,738,276,314,5,0,-27,5,-498,0,680,38,193,-5
4455,7.15,T,41,0,363,0,14,70,44,4,P,26,0,259,0,4,55,38,4,1,-15,0,-104,0,-10,-15,-6,0
4456,9.44,Z,68,7,426,0,241,209,269,14,Z,80,2,517,0,479,199,340,5,0,12,-5,91,0,238,-10,71,-9
4457,4.32,T,21,0,311,0,85,127,115,5,P,30,0,244,0,0,132,49,0,1,9,0,-67,0,-85,5,-66,-5
4458,5,T,26,4,112,0,25,18,32,0,Z,26,1,264,0,26,30,71,0,0,0,-3,152,0,1,12,39,0
4459,9.56,T,68,4,448,0,102,237,135,7,P,80,4,610,0,40,326,150,7,1,12,0,162,0,-62,89,15,0
4460,8,T,41,0,327,0,0,56,64,0,P,34,4,326,0,5,84,49,2,0,-7,4,-1,0,5,28,-15,2
4461,6.48,T,38,4,261,0,36,74,57,0,T,47,3,376,0,355,131,68,6,0,9,-1,115,0,319,57,11,6
4462,7.07,P,45,0,187,0,76,143,230,9,Z,35,0,218,0,35,149,164,4,1,-10,0,31,0,-41,6,-66,-5
4463,0.18,T,1,0,41,0,0,0,2,0,T,2,0,27,0,0,2,4,1,1,1,0,-14,0,0,2,2,1
4464,9.59,T,42,0,453,0,3,47,90,1,T,60,0,670,0,43,79,103,5,1,18,0,217,0,40,32,13,4
4465,2.44,Z,7,0,20,0,0,17,193,3,T,15,0,129,0,196,53,37,4,1,8,0,109,0,196,36,-156,1
4466,9.59,Z,57,21,489,3,86,259,213,12,T,113,1,577,0,370,242,116,17,1,56,-20,88,-3,284,-17,-97,5
4467,9.28,Z,93,0,637,0,513,217,336,16,Z,63,13,981,0,55,77,198,0,0,-30,13,344,0,-458,-140,-138,-16
4468,9.59,T,75,3,871,0,42,272,72,2,Z,59,0,652,0,4,139,162,5,0,-16,-3,-219,0,-38,-133,90,3
4469,5.22,Z,35,0,220,0,37,69,99,7,Z,40,6,182,0,40,69,94,0,1,5,6,-38,0,3,0,-5,-7
4470,10.02,Z,50,0,483,0,18,253,227,4,P,57,9,618,0,137,248,136,4,0,7,9,135,0,119,-5,-91,0
4471,7.32,P,25,0,227,0,0,78,47,0,T,54,5,700,0,58,86,49,0,1,29,5,473,0,58,8,2,0
4472,10.52,T,97,3,606,0,222,332,186,6,T,90,11,555,0,290,229,159,2,1,-7,8,-51,0,68,-103,-27,-4
4473,9.55,Z,54,0,303,0,38,58,147,11,Z,55,0,532,0,55,294,183,10,1,1,0,229,0,17,236,36,-1
4474,2.49,T,9,0,104,0,10,28,10,5,Z,7,0,103,1,0,26,33,0,1,-2,0,-1,1,-10,-2,23,-5
4475,7.49,Z,66,12,315,0,136,352,333,1,Z,43,12,511,0,54,280,185,2,1,-23,0,196,0,-82,-72,-148,1
4476,9.59,T,107,0,542,0,843,371,289,2,Z,102,1,532,0,495,223,239,17,0,-5,1,-10,0,-348,-148,-50,15
4477,7.42,P,36,2,723,0,20,86,36,0,Z,48,2,212,0,32,39,134,2,1,12,0,-511,0,12,-47,98,2
4478,9.59,P,57,0,707,0,12,114,110,9,Z,75,2,476,0,279,256,476,4,1,18,2,-231,0,267,142,366,-5
4479,9.1,T,64,0,581,0,150,276,132,15,Z,48,5,439,0,42,167,308,3,1,-16,5,-142,0,-108,-109,176,-12
4480,9.59,T,111,0,601,0,639,441,266,13,T,125,4,571,3,116,297,136,3,1,14,4,-30,3,-523,-144,-130,-10
4481,7.54,Z,41,0,337,0,197,170,149,8,Z,21,0,109,0,0,78,82,0,0,-20,0,-228,0,-197,-92,-67,-8
4482,8.12,T,85,2,419,0,313,272,118,6,Z,50,0,312,0,200,202,258,5,1,-35,-2,-107,0,-113,-70,140,-1
4483,9.18,T,40,0,471,0,1,72,97,2,T,67,0,480,0,4,78,81,5,0,27,0,9,0,3,6,-16,3
4484,10.45,T,81,3,484,0,505,247,111,8,Z,76,0,466,0,448,242,300,3,1,-5,-3,-18,0,-57,-5,189,-5
4485,9.59,T,115,0,377,40,641,323,320,1,T,121,9,664,0,504,315,208,12,0,6,9,287,-40,-137,-8,-112,11
4486,8.21,T,34,0,410,0,0,152,109,4,P,32,1,485,0,3,127,33,1,0,-2,1,75,0,3,-25,-76,-3
4487,9.59,T,64,0,913,0,6,115,128,4,Z,60,0,877,0,37,160,160,0,0,-4,0,-36,0,31,45,32,-4
4488,9.59,T,137,1,576,0,210,385,121,13,Z,85,9,511,0,96,227,196,15,0,-52,8,-65,0,-114,-158,75,2
4489,3.14,Z,12,0,143,0,1,57,49,15,Z,17,1,237,1,116,101,78,5,0,5,1,94,1,115,44,29,-10
4490,10.02,P,52,0,769,0,0,174,68,0,T,71,1,552,0,45,260,113,7,1,19,1,-217,0,45,86,45,7
4491,9.15,T,91,0,669,0,27,219,219,3,Z,56,3,352,0,29,178,280,10,0,-35,3,-317,0,2,-41,61,7
4492,9.59,Z,64,0,504,0,137,257,219,18,T,107,7,295,0,80,146,215,5,1,43,7,-209,0,-57,-111,-4,-13
4493,9.07,P,69,2,633,0,396,235,101,3,Z,57,0,496,0,19,112,241,6,0,-12,-2,-137,0,-377,-123,140,3
4494,9.58,P,38,0,662,0,18,145,60,10,P,35,0,387,0,0,93,35,0,1,-3,0,-275,0,-18,-52,-25,-10
4495,9.59,P,56,0,458,0,24,225,88,10,Z,45,4,420,0,62,165,111,3,0,-11,4,-38,0,38,-60,23,-7
4496,9.58,T,81,0,903,0,68,207,113,7,T,56,4,505,0,25,84,104,0,0,-25,4,-398,0,-43,-123,-9,-7
4497,7.22,Z,21,0,232,0,0,83,56,0,T,50,0,249,0,16,49,58,3,1,29,0,17,0,16,-34,2,3
4498,9.59,Z,52,0,382,0,12,72,312,2,P,57,2,556,0,28,49,81,3,0,5,2,174,0,16,-23,-231,1
4499,1.21,P,7,0,85,0,8,27,5,0,P,8,0,51,0,8,43,15,2,1,1,0,-34,0,0,16,10,2
4500,10.09,Z,46,0,471,0,8,290,248,3,Z,55,0,728,0,87,207,286,8,0,9,0,257,0,79,-83,38,5
4501,9.59,Z,50,1,515,0,49,59,179,1,P,46,3,303,0,15,126,92,0,0,-4,2,-212,0,-34,67,-87,-1
4502,4.33,Z,23,0,125,4,29,84,74,3,P,26,1,334,0,7,89,32,0,1,3,1,209,-4,-22,5,-42,-3
4503,9.59,T,53,0,730,0,4,124,112,3,Z,46,3,183,0,29,48,154,0,0,-7,3,-547,0,25,-76,42,-3
4504,1.53,P,17,0,68,0,81,56,17,1,P,10,0,106,0,19,54,12,3,0,-7,0,38,0,-62,-2,-5,2
4505,7.01,T,49,0,456,0,15,119,36,7,T,17,0,437,0,0,34,33,0,0,-32,0,-19,0,-15,-85,-3,-7
4506,9.59,P,52,3,869,0,22,226,105,0,Z,53,0,353,0,44,168,312,10,1,1,-3,-516,0,22,-58,207,10
4507,9.59,T,51,4,968,0,9,50,44,0,Z,56,0,515,0,0,102,196,0,1,5,-4,-453,0,-9,52,152,0
4508,10.34,P,56,0,838,0,54,224,79,13,Z,64,0,358,0,24,164,320,8,1,8,0,-480,0,-30,-60,241,-5
4509,4.29,Z,22,5,206,0,34,176,71,2,P,18,0,113,0,6,108,35,2,0,-4,-5,-93,0,-28,-68,-36,0
4510,9.59,Z,54,3,730,0,28,94,163,0,T,67,0,655,0,41,74,113,7,1,13,-3,-75,0,13,-20,-50,7
4511,4.22,Z,14,1,206,0,7,33,63,0,P,23,2,179,0,16,57,63,1,1,9,1,-27,0,9,24,0,1
4512,4.13,Z,16,2,141,0,3,32,72,0,T,9,1,277,0,5,24,13,0,0,-7,-1,136,0,2,-8,-59,0
4513,9.59,Z,73,0,387,0,60,259,341,15,T,75,0,1143,0,10,307,163,11,1,2,0,756,0,-50,48,-178,-4
4514,5.09,Z,31,1,66,0,15,41,120,0,T,45,0,244,0,257,111,81,4,0,14,-1,178,0,242,70,-39,4
4515,5.27,P,19,1,285,0,19,193,40,1,Z,27,2,472,0,10,52,96,4,1,8,1,187,0,-9,-141,56,3
4516,9.58,T,64,0,617,0,103,109,113,23,T,54,3,861,0,16,165,167,0,1,-10,3,244,0,-87,56,54,-23
4517,8.4,P,56,0,573,0,18,111,92,3,P,66,0,706,0,47,162,120,2,1,10,0,133,0,29,51,28,-1
4518,8.2,P,34,2,538,0,4,193,51,7,P,41,0,451,0,5,137,44,1,0,7,-2,-87,0,1,-56,-7,-6
4519,8.25,T,74,3,424,0,464,262,175,7,P,48,0,318,0,352,205,111,13,1,-26,-3,-106,0,-112,-57,-64,6
4520,9.59,Z,56,5,363,0,79,283,194,6,T,64,1,836,0,13,172,83,0,0,8,-4,473,0,-66,-111,-111,-6
4521,9.59,P,52,0,617,18,153,169,105,1,T,71,3,574,0,84,358,96,5,0,19,3,-43,-18,-69,189,-9,4
4522,3.41,T,15,0,96,0,186,114,64,2,T,21,0,134,0,105,44,18,6,0,6,0,38,0,-81,-70,-46,4
4523,4.01,P,18,0,83,0,178,71,35,2,P,20,0,326,0,8,88,39,14,0,2,0,243,0,-170,17,4,12
4524,3.57,Z,28,8,179,0,39,100,115,0,Z,20,4,136,0,20,48,37,1,0,-8,-4,-43,0,-19,-52,-78,1
4525,9.59,T,64,0,656,0,69,293,125,5,T,75,3,396,0,51,195,89,12,1,11,3,-260,0,-18,-98,-36,7
4526,5.29,T,36,0,227,0,518,92,112,6,T,38,1,356,0,0,72,229,1,1,2,1,129,0,-518,-20,117,-5
4527,9.59,P,33,0,395,0,0,75,61,0,Z,48,0,331,0,25,67,161,11,0,15,0,-64,0,25,-8,100,11
4528,0.14,Z,0,0,10,1,2,2,6,0,T,1,0,1,0,5,6,15,1,0,1,0,-9,-1,3,4,9,1
4529,9.57,T,64,0,731,0,15,141,109,6,T,79,4,576,0,19,300,105,1,1,15,4,-155,0,4,159,-4,-5
4530,9.59,T,120,7,625,0,340,311,175,16,P,90,0,456,0,51,190,60,10,1,-30,-7,-169,0,-289,-121,-115,-6
4531,8.15,Z,34,1,481,0,15,215,131,4,Z,25,1,461,0,5,97,150,1,0,-9,0,-20,0,-10,-118,19,-3
4532,5.12,Z,23,0,228,0,22,63,120,2,P,23,0,253,0,1,113,37,0,0,0,0,25,0,-21,50,-83,-2
4533,9.59,T,56,0,605,0,221,290,93,8,Z,65,6,407,0,65,66,183,0,1,9,6,-198,0,-156,-224,90,-8
4534,8.08,T,28,0,305,0,0,119,32,0,P,52,0,388,0,47,140,136,5,0,24,0,83,0,47,21,104,5
4535,9.56,P,76,0,915,0,173,364,123,19,Z,76,8,525,0,25,290,237,0,1,0,8,-390,0,-148,-74,114,-19
4536,4.37,Z,25,2,136,0,29,60,69,2,Z,23,0,223,0,210,40,110,19,0,-2,-2,87,0,181,-20,41,17
4537,3.25,Z,28,0,142,0,159,43,99,3,Z,13,4,226,0,101,56,56,9,1,-15,4,84,0,-58,13,-43,6
4538,4.31,Z,11,0,136,0,1,68,53,1,P,28,1,287,0,47,54,64,1,0,17,1,151,0,46,-14,11,0
4539,8.14,T,47,2,325,0,56,69,88,2,P,50,1,553,0,99,234,113,5,1,3,-1,228,0,43,165,25,3
4540,5.57,P,53,0,235,0,250,131,168,4,Z,19,0,667,0,0,63,186,0,1,-34,0,432,0,-250,-68,18,-4
4541,9.55,Z,44,0,242,0,58,185,271,8,P,46,0,602,1,42,143,134,0,1,2,0,360,1,-16,-42,-137,-8
4542,9.55,P,63,0,931,0,25,201,87,9,T,63,1,640,0,62,222,97,7,1,0,1,-291,0,37,21,10,-2
4543,4.28,P,22,0,263,0,72,137,31,5,T,28,0,226,0,40,107,38,2,1,6,0,-37,0,-32,-30,7,-3
4544,4.09,T,26,0,175,0,318,62,130,6,T,25,1,161,0,29,48,70,3,0,-1,1,-14,0,-289,-14,-60,-3
4545,7.19,T,39,0,575,0,0,43,52,1,Z,35,4,270,0,57,93,102,5,0,-4,4,-305,0,57,50,50,4
4546,9.57,T,40,0,250,0,0,144,89,0,P,51,1,511,0,5,175,166,4,1,11,1,261,0,5,31,77,4
4547,8.01,Z,67,6,437,0,121,232,290,8,T,93,0,533,0,336,189,199,14,1,26,-6,96,0,215,-43,-91,6
4548,5.09,P,25,0,370,0,0,61,25,0,Z,23,5,107,0,70,152,212,0,1,-2,5,-263,0,70,91,187,0
4549,10.18,Z,52,3,475,0,68,109,158,0,T,86,7,970,0,93,182,101,0,1,34,4,495,0,25,73,-57,0
4550,7.42,Z,48,0,398,0,111,225,258,15,T,82,0,499,0,313,208,77,11,1,34,0,101,0,202,-17,-181,-4
4551,9.59,Z,61,2,356,0,197,177,270,4,P,46,4,397,0,18,63,61,1,0,-15,2,41,0,-179,-114,-209,-3
4552,9.58,T,85,2,818,0,42,207,87,5,T,70,6,641,0,224,262,190,5,1,-15,4,-177,0,182,55,103,0
4553,3.28,Z,15,6,31,0,88,48,54,0,Z,17,0,71,0,25,70,62,5,0,2,-6,40,0,-63,22,8,5
4554,9.58,T,54,0,203,0,21,87,66,5,Z,63,1,637,0,11,184,200,5,0,9,1,434,0,-10,97,134,0
4555,4.28,P,25,1,208,0,130,96,34,3,P,17,1,334,0,10,27,17,0,0,-8,0,126,0,-120,-69,-17,-3
4556,8.38,P,62,0,370,0,839,326,174,18,Z,64,0,541,11,86,165,219,1,1,2,0,171,11,-753,-161,45,-17
4557,9.34,P,47,5,227,0,12,255,120,1,Z,85,0,515,0,447,220,241,0,1,38,-5,288,0,435,-35,121,-1
4558,9.17,T,133,0,379,0,573,246,262,30,P,152,4,629,0,468,237,134,12,1,19,4,250,0,-105,-9,-128,-18
4559,7.07,Z,61,6,437,0,238,222,235,5,T,62,4,304,0,416,173,104,7,0,1,-2,-133,0,178,-49,-131,2
4560,7.19,T,59,1,600,0,42,85,60,7,T,47,6,169,0,75,86,85,1,0,-12,5,-431,0,33,1,25,-6
4561,5.06,P,33,2,577,0,29,161,42,3,P,29,1,218,0,401,153,71,4,1,-4,-1,-359,0,372,-8,29,1
4562,9.1,T,107,0,505,4,329,491,169,17,Z,65,9,599,3,534,223,233,7,1,-42,9,94,-1,205,-268,64,-10
4563,9.59,P,114,2,464,0,211,179,174,10,Z,108,0,739,0,144,256,337,7,0,-6,-2,275,0,-67,77,163,-3
4564,9.52,Z,78,1,573,0,713,213,390,3,T,74,2,500,0,119,264,225,8,0,-4,1,-73,0,-594,51,-165,5
4565,9.57,T,82,3,397,0,83,148,181,1,P,40,0,840,0,0,111,98,0,1,-42,-3,443,0,-83,-37,-83,-1
4566,4.43,T,26,0,240,0,317,72,34,6,T,31,5,266,0,489,97,88,9,1,5,5,26,0,172,25,54,3
4567,8.37,T,65,0,440,0,791,410,212,4,Z,44,0,715,0,53,325,380,4,1,-21,0,275,0,-738,-85,168,0
4568,8.12,Z,43,3,545,0,15,119,133,0,P,42,4,180,0,26,53,53,6,1,-1,1,-365,0,11,-66,-80,6
4569,4.24,Z,26,2,56,0,91,60,119,2,P,36,3,159,0,63,121,72,0,0,10,1,103,0,-28,61,-47,-2
4570,9.59,T,51,1,590,0,30,118,120,1,Z,44,8,659,1,34,238,146,0,0,-7,7,69,1,4,120,26,-1
4571,8.41,T,47,0,364,0,50,83,59,3,P,39,0,742,0,103,240,55,5,0,-8,0,378,0,53,157,-4,2
4572,9.59,T,62,0,803,0,6,342,115,3,T,77,0,533,0,67,400,101,16,1,15,0,-270,0,61,58,-14,13
4573,4.58,Z,26,0,187,0,0,79,76,0,Z,11,0,142,0,176,60,59,0,1,-15,0,-45,0,176,-19,-17,0
4574,9.59,Z,43,0,177,0,17,73,164,9,Z,52,0,409,0,11,186,201,9,1,9,0,232,0,-6,113,37,0
4575,6.3,T,60,6,217,0,34,91,120,6,T,54,0,325,0,277,113,61,17,1,-6,-6,108,0,243,22,-59,11
4576,9.58,Z,46,8,755,0,12,428,127,1,T,90,0,621,0,20,211,124,6,0,44,-8,-134,0,8,-217,-3,5
4577,9.59,Z,87,7,531,0,265,374,373,6,Z,107,10,540,2,782,303,416,13,1,20,3,9,2,517,-71,43,7
4578,9.57,P,59,6,819,0,113,193,104,6,T,64,3,1192,0,9,106,113,0,0,5,-3,373,0,-104,-87,9,-6
4579,5.09,P,20,0,150,0,11,101,34,1,Z,31,0,139,0,258,131,124,14,1,11,0,-11,0,247,30,90,13
4580,7.49,T,65,0,484,0,21,136,66,5,P,49,0,257,0,125,256,65,11,0,-16,0,-227,0,104,120,-1,6
4581,9.58,T,41,0,583,0,12,74,80,4,T,59,0,735,0,11,84,89,4,0,18,0,152,0,-1,10,9,0
4582,9.59,Z,58,0,369,0,49,97,201,12,Z,45,4,453,0,63,196,175,1,1,-13,4,84,0,14,99,-26,-11
4583,2.18,P,9,0,102,0,5,58,11,1,T,10,3,88,0,41,36,27,0,0,1,3,-14,0,36,-22,16,-1
4584,9.42,T,75,5,646,0,155,289,164,6,T,90,0,556,0,108,248,162,26,1,15,-5,-90,0,-47,-41,-2,20
4585,6.51,Z,46,0,489,0,369,165,152,11,P,56,4,351,0,173,167,39,7,0,10,4,-138,0,-196,2,-113,-4
4586,9.59,T,58,0,407,0,7,169,87,4,T,62,6,814,0,99,316,88,10,1,4,6,407,0,92,147,1,6
4587,9.09,Z,40,0,438,0,33,71,110,5,Z,47,2,233,0,25,185,153,4,1,7,2,-205,0,-8,114,43,-1
4588,10.36,P,52,3,793,0,17,210,81,2,T,79,2,741,0,37,113,90,1,0,27,-1,-52,0,20,-97,9,-1
4589,8.12,T,26,0,300,0,8,186,60,1,T,47,0,896,0,0,142,113,0,1,21,0,596,0,-8,-44,53,-1
4590,6.3,P,48,7,364,4,77,126,81,4,T,67,0,249,0,231,165,115,8,1,19,-7,-115,-4,154,39,34,4
4591,9.59,P,80,0,535,0,203,319,425,11,P,48,0,404,0,0,203,75,0,0,-32,0,-131,0,-203,-116,-350,-11
4592,6.48,P,51,4,341,0,34,257,39,4,T,55,6,188,0,59,95,128,2,0,4,2,-153,0,25,-162,89,-2
4593,9.05,Z,64,2,416,0,30,143,310,2,P,68,1,375,0,810,165,75,9,0,4,-1,-41,0,780,22,-235,7
4594,4.35,P,20,0,224,0,0,54,37,0,T,17,0,295,0,3,11,22,2,0,-3,0,71,0,3,-43,-15,2
4595,5.39,T,55,1,189,0,165,150,47,6,P,25,0,243,0,0,169,35,0,0,-30,-1,54,0,-165,19,-12,-6
4596,9.29,P,33,0,450,0,10,60,46,7,T,41,0,541,0,0,106,87,0,1,8,0,91,0,-10,46,41,-7
4597,3.11,T,16,1,249,0,52,40,31,6,P,14,2,80,0,74,55,87,0,1,-2,1,-169,0,22,15,56,-6
4598,4.32,P,15,0,260,0,0,89,29,0,P,15,0,120,0,0,118,26,0,0,0,0,-140,0,0,29,-3,0
4599,2.37,T,13,0,94,0,516,31,24,5,T,9,0,142,0,22,41,49,8,0,-4,0,48,0,-494,10,25,3
4600,9.55,T,74,0,614,0,62,208,146,11,Z,69,0,474,0,51,208,267,10,1,-5,0,-140,0,-11,0,121,-1
4601,5.12,Z,36,1,219,0,84,76,103,6,Z,31,0,124,0,40,134,104,7,1,-5,-1,-95,0,-44,58,1,1
4602,9.59,Z,35,0,656,0,0,128,166,0,Z,93,3,432,0,124,293,266,14,0,58,3,-224,0,124,165,100,14
4603,9.59,P,71,5,533,0,56,280,101,5,T,66,0,752,0,100,138,126,15,0,-5,-5,219,0,44,-142,25,10
4604,9.59,P,44,0,312,0,0,35,74,0,Z,38,0,114,0,0,27,171,0,1,-6,0,-198,0,0,-8,97,0
4605,10.29,T,97,0,737,0,45,237,149,5,Z,91,0,653,0,294,306,231,24,1,-6,0,-84,0,249,69,82,19
4606,9.59,Z,67,0,491,0,76,173,285,7,T,88,2,703,0,29,249,287,5,0,21,2,212,0,-47,76,2,-2
4607,6.49,Z,26,0,411,0,10,8,88,1,P,47,3,498,0,20,80,61,0,1,21,3,87,0,10,72,-27,-1
4608,5.08,Z,14,1,464,0,24,73,71,0,T,46,0,162,0,23,75,44,5,0,32,-1,-302,0,-1,2,-27,5
4609,9.59,T,80,2,877,0,68,193,181,5,T,55,4,815,0,8,165,146,1,1,-25,2,-62,0,-60,-28,-35,-4
4610,9.56,T,94,0,978,0,492,290,116,7,T,74,1,463,0,637,234,69,7,1,-20,1,-515,0,145,-56,-47,0
4611,9.58,Z,64,1,469,0,23,125,212,0,Z,78,0,572,0,147,100,250,13,0,14,-1,103,0,124,-25,38,13
4612,9.58,T,36,0,428,0,2,136,82,5,P,42,1,382,0,21,51,51,3,0,6,1,-46,0,19,-85,-31,-2
4613,10,P,82,9,479,0,161,297,79,9,Z,62,4,497,0,66,321,291,5,0,-20,-5,18,0,-95,24,212,-4
4614,6.2,P,33,0,305,0,236,73,38,4,Z,32,0,255,0,2,55,97,3,0,-1,0,-50,0,-234,-18,59,-1
4615,5.22,T,23,3,83,0,27,72,95,0,P,17,1,137,0,12,65,63,1,0,-6,-2,54,0,-15,-7,-32,1
4616,9.09,Z,50,3,292,0,55,156,181,5,T,63,0,476,0,9,129,97,4,0,13,-3,184,0,-46,-27,-84,-1
4617,2.2,Z,5,0,36,0,116,44,138,6,Z,10,0,72,0,104,30,30,4,0,5,0,36,0,-12,-14,-108,-2
4618,3.42,T,20,4,351,0,16,27,16,0,T,19,1,215,0,174,32,49,0,1,-1,-3,-136,0,158,5,33,0
4619,7.39,T,61,3,588,0,51,121,87,5,T,51,0,539,0,433,108,68,5,0,-10,-3,-49,0,382,-13,-19,0
4620,9.59,T,106,0,545,0,115,295,111,10,Z,81,16,428,1,137,195,236,5,0,-25,16,-117,1,22,-100,125,-5
4621,4.56,T,27,0,271,0,510,99,132,5,T,31,0,137,0,440,95,124,6,0,4,0,-134,0,-70,-4,-8,1
4622,7.08,T,50,0,514,5,90,223,79,0,P,24,1,491,0,5,130,57,2,0,-26,1,-23,-5,-85,-93,-22,2
4623,8.33,P,59,0,478,0,2,97,81,1,Z,40,0,375,0,6,47,128,3,0,-19,0,-103,0,4,-50,47,2
4624,9.59,T,85,0,407,0,93,318,106,5,P,77,4,285,0,409,316,96,4,1,-8,4,-122,0,316,-2,-10,-1
4625,8.45,T,51,0,597,0,1,99,121,1,P,51,3,982,0,262,142,64,6,0,0,3,385,0,261,43,-57,5
4626,10.41,Z,36,0,511,0,0,69,162,0,T,77,0,535,0,29,205,108,2,1,41,0,24,0,29,136,-54,2
4627,6.57,Z,42,1,150,0,33,137,156,1,P,61,1,244,0,102,202,142,7,1,19,0,94,0,69,65,-14,6
4628,9.58,P,83,5,534,0,135,337,104,12,Z,74,1,448,0,436,184,276,10,0,-9,-4,-86,0,301,-153,172,-2
4629,5.33,Z,29,5,149,0,69,137,130,1,Z,23,4,179,0,15,50,79,1,1,-6,-1,30,0,-54,-87,-51,0
4630,9.32,T,59,1,545,0,12,115,129,3,P,31,0,746,0,13,119,42,1,0,-28,-1,201,0,1,4,-87,-2
4631,6.26,T,39,0,310,0,33,150,136,4,T,37,4,505,0,15,129,59,1,1,-2,4,195,0,-18,-21,-77,-3
4632,9.47,T,88,0,381,0,45,426,94,5,Z,51,0,267,0,51,111,171,1,0,-37,0,-114,0,6,-315,77,-4
4633,3.05,T,20,1,162,0,84,143,106,6,Z,9,0,132,0,27,92,126,5,1,-11,-1,-30,0,-57,-51,20,-1
4634,0.4,T,4,0,29,0,1,5,5,0,P,3,0,55,0,0,11,6,0,0,-1,0,26,0,-1,6,1,0
4635,7.23,P,51,0,405,0,7,167,85,3,Z,55,0,522,0,60,146,202,12,1,4,0,117,0,53,-21,117,9
4636,4.17,P,17,2,96,0,2,81,17,0,Z,19,1,97,0,16,16,39,2,0,2,-1,1,0,14,-65,22,2
4637,9.22,Z,39,8,1264,0,21,92,145,0,P,45,4,498,0,23,59,69,0,1,6,-4,-766,0,2,-33,-76,0
4638,9.59,P,62,4,638,8,35,197,85,1,T,82,2,772,0,72,232,134,1,1,20,-2,134,-8,37,35,49,0
4639,10.58,T,71,0,960,0,13,180,123,7,P,57,7,440,0,17,427,169,2,1,-14,7,-520,0,4,247,46,-5
4640,9.34,T,55,0,522,0,0,126,100,0,T,49,3,443,0,131,180,91,3,1,-6,3,-79,0,131,54,-9,3
4641,4.33,P,31,4,229,0,31,135,61,0,Z,32,6,239,0,44,194,72,7,0,1,2,10,0,13,59,11,7
4642,7.43,T,44,0,337,0,0,146,160,0,Z,34,6,588,2,354,68,128,0,1,-10,6,251,2,354,-78,-32,0
4643,9.59,T,71,0,544,0,165,141,136,11,T,47,0,453,0,1,38,70,0,1,-24,0,-91,0,-164,-103,-66,-11
4644,9.57,T,51,0,520,0,52,179,81,4,P,31,0,425,0,2,161,43,4,0,-20,0,-95,0,-50,-18,-38,0
4645,9.59,P,60,8,726,0,158,276,111,5,Z,64,0,591,0,1000,217,157,9,0,4,-8,-135,0,842,-59,46,4
4646,6.52,T,51,0,427,0,129,115,227,5,T,46,0,229,0,329,89,157,12,0,-5,0,-198,0,200,-26,-70,7
4647,10.35,Z,61,2,868,0,5,195,191,0,Z,79,5,527,0,253,306,342,7,1,18,3,-341,0,248,111,151,7
4648,7.55,P,35,5,129,1,23,54,39,1,T,37,0,747,0,0,50,50,0,0,2,-5,618,-1,-23,-4,11,-1
4649,6.05,P,43,2,249,0,69,129,44,11,T,52,0,359,0,26,133,125,5,0,9,-2,110,0,-43,4,81,-6
4650,9.59,Z,54,0,580,0,22,71,277,1,T,67,0,738,0,0,56,92,0,0,13,0,158,0,-22,-15,-185,-1
4651,5.05,Z,33,4,238,0,22,49,88,1,T,30,2,343,0,65,141,97,2,1,-3,-2,105,0,43,92,9,1
4652,10.38,T,90,0,612,0,60,287,171,5,T,148,3,495,0,628,258,190,11,1,58,3,-117,0,568,-29,19,6
4653,5.05,P,15,0,215,0,1,70,19,3,P,14,0,208,0,0,105,29,0,1,-1,0,-7,0,-1,35,10,-3
4654,5.31,T,38,0,111,0,40,104,38,4,Z,30,0,545,0,47,54,95,4,0,-8,0,434,0,7,-50,57,0
4655,0.56,Z,3,0,75,0,0,1,10,1,Z,2,0,57,0,1,1,8,2,1,-1,0,-18,0,1,0,-2,1
4656,0.42,Z,5,0,2,0,92,17,55,4,P,4,0,38,0,13,25,16,2,1,-1,0,36,0,-79,8,-39,-2
4657,9.59,Z,40,0,752,0,116,153,179,10,T,73,0,323,0,22,101,92,5,0,33,0,-429,0,-94,-52,-87,-5
4658,8.32,T,105,4,456,0,577,261,263,6,P,89,9,546,10,269,307,121,4,0,-16,5,90,10,-308,46,-142,-2
4659,5.38,T,40,2,209,0,133,156,147,7,T,45,4,444,0,16,93,89,0,0,5,2,235,0,-117,-63,-58,-7
4660,10,T,72,0,393,0,30,119,116,7,T,106,2,522,0,451,324,241,9,1,34,2,129,0,421,205,125,2
4661,9.58,T,114,2,457,0,351,264,149,16,Z,89,6,350,0,598,440,327,11,0,-25,4,-107,0,247,176,178,-5
4662,9.59,Z,52,1,303,0,31,169,162,1,Z,62,0,323,0,190,370,228,13,0,10,-1,20,0,159,201,66,12
4663,4.43,T,23,0,225,0,0,45,72,1,T,27,0,368,0,41,89,60,2,0,4,0,143,0,41,44,-12,1
4664,9.18,P,56,0,525,0,5,308,208,10,T,45,0,256,0,6,176,73,5,1,-11,0,-269,0,1,-132,-135,-5
4665,7.09,Z,35,4,220,0,22,78,130,8,P,34,5,647,0,11,78,38,1,0,-1,1,427,0,-11,0,-92,-7
4666,9.38,Z,97,0,384,2,145,245,359,4,T,120,0,743,0,226,377,305,15,0,23,0,359,-2,81,132,-54,11
4667,8.23,P,69,3,767,0,45,259,88,10,Z,59,0,387,0,54,178,243,12,0,-10,-3,-380,0,9,-81,155,2
4668,2.54,Z,11,1,126,0,38,13,50,1,Z,15,0,87,0,16,15,45,2,1,4,-1,-39,0,-22,2,-5,1
4669,8.28,T,52,3,284,0,0,87,80,1,Z,33,1,422,0,18,106,111,2,0,-19,-2,138,0,18,19,31,1
4670,9.59,Z,65,0,648,0,8,267,231,2,P,44,1,420,0,0,168,78,0,0,-21,1,-228,0,-8,-99,-153,-2
4671,7.12,Z,34,0,485,0,32,116,101,2,P,27,0,406,0,0,449,60,0,1,-7,0,-79,0,-32,333,-41,-2
4672,4.3,T,16,0,298,0,0,24,35,0,T,23,0,184,0,127,74,84,14,1,7,0,-114,0,127,50,49,14
4673,9.51,Z,49,0,569,0,3,55,154,1,P,47,1,210,0,34,136,50,7,1,-2,1,-359,0,31,81,-104,6
4674,9.59,T,68,0,516,0,3,159,157,1,T,63,1,566,0,16,231,127,0,0,-5,1,50,0,13,72,-30,-1
4675,5.07,P,21,3,122,1,9,81,36,1,P,17,1,384,0,3,62,32,0,0,-4,-2,262,-1,-6,-19,-4,-1
4676,9.59,T,78,0,390,0,458,209,231,12,T,108,7,535,0,42,175,136,0,1,30,7,145,0,-416,-34,-95,-12
4677,8.59,T,85,0,237,0,534,317,159,9,T,92,1,471,0,670,300,132,22,0,7,1,234,0,136,-17,-27,13
4678,8.26,T,57,7,300,0,388,198,110,2,P,39,0,547,0,19,253,82,5,0,-18,-7,247,0,-369,55,-28,3
4679,8.57,Z,47,0,779,0,44,116,166,4,Z,46,3,600,0,13,105,167,0,0,-1,3,-179,0,-31,-11,1,-4
4680,9.48,T,145,6,419,0,679,342,221,10,Z,92,6,488,0,403,301,289,13,1,-53,0,69,0,-276,-41,68,3
4681,7.55,P,50,0,784,0,32,86,64,6,Z,69,0,301,0,93,385,270,13,0,19,0,-483,0,61,299,206,7
4682,3.54,T,14,0,175,0,0,7,27,0,Z,21,0,187,0,48,51,51,4,0,7,0,12,0,48,44,24,4
4683,8.32,P,59,8,612,0,31,153,74,0,Z,40,5,679,0,38,65,160,0,1,-19,-3,67,0,7,-88,86,0
4684,9.59,T,72,0,662,0,53,161,95,6,T,73,0,493,0,0,129,130,1,1,1,0,-169,0,-53,-32,35,-5
4685,9.59,Z,131,8,451,0,1005,348,389,10,T,132,0,465,0,707,284,228,11,0,1,-8,14,0,-298,-64,-161,1
4686,4.58,Z,25,1,257,0,466,129,175,4,Z,18,0,136,0,14,129,77,1,0,-7,-1,-121,0,-452,0,-98,-3
4687,2.27,P,10,1,133,0,21,75,24,2,T,12,0,182,0,174,28,60,5,0,2,-1,49,0,153,-47,36,3
4688,6.24,T,42,3,218,0,587,88,102,10,T,42,0,424,0,11,169,64,2,0,0,-3,206,0,-576,81,-38,-8
4689,5.06,P,15,0,287,0,0,63,34,0,T,50,2,290,0,114,123,80,1,1,35,2,3,0,114,60,46,1
4690,4.31,Z,14,2,283,0,100,194,89,3,Z,21,0,106,0,6,38,69,4,0,7,-2,-177,0,-94,-156,-20,1
4691,9.59,T,84,5,394,0,536,204,87,10,T,113,3,443,0,442,343,314,13,0,29,-2,49,0,-94,139,227,3
4692,9.58,P,53,1,469,0,4,210,215,3,Z,71,0,438,0,18,240,196,8,0,18,-1,-31,0,14,30,-19,5
4693,3.57,P,20,1,252,0,34,116,51,2,P,11,1,146,0,2,77,17,1,0,-9,0,-106,0,-32,-39,-34,-1
4694,6.26,T,37,0,369,0,21,43,53,3,T,36,0,496,0,0,25,60,0,1,-1,0,127,0,-21,-18,7,-3
4695,5.28,Z,26,0,326,0,32,64,102,5,P,28,0,188,0,89,177,118,4,1,2,0,-138,0,57,113,16,-1
4696,9.58,T,46,4,493,0,7,458,123,2,P,72,0,426,0,41,178,91,4,0,26,-4,-67,0,34,-280,-32,2
4697,6.18,P,26,8,403,0,195,169,181,0,Z,43,1,473,0,47,101,104,4,0,17,-7,70,0,-148,-68,-77,4
4698,5.37,P,29,6,423,0,8,75,51,0,Z,24,0,188,0,55,36,103,2,1,-5,-6,-235,0,47,-39,52,2
4699,3.25,P,20,0,142,0,23,97,50,12,T,21,1,219,0,0,32,31,0,1,1,1,77,0,-23,-65,-19,-12
4700,3.39,Z,8,0,20,0,1,27,30,1,Z,12,0,39,0,0,36,34,0,0,4,0,19,0,-1,9,4,-1
4701,4.34,Z,25,0,123,0,32,85,67,2,T,27,4,267,1,301,91,43,1,0,2,4,144,1,269,6,-24,-1
4702,8.56,T,109,0,587,0,408,314,129,9,Z,36,2,399,0,31,99,143,5,0,-73,2,-188,0,-377,-215,14,-4
4703,9.58,P,52,0,650,0,19,67,81,4,T,71,0,841,0,23,53,108,2,1,19,0,191,0,4,-14,27,-2
4704,3.08,T,17,0,192,0,0,46,38,0,T,11,0,126,0,1,53,33,1,1,-6,0,-66,0,1,7,-5,1
4705,9.15,T,69,0,675,0,43,277,248,10,T,63,0,511,0,19,93,119,11,1,-6,0,-164,0,-24,-184,-129,1
4706,9.06,Z,70,4,455,0,804,171,221,8,Z,35,3,827,0,847,137,138,3,0,-35,-1,372,0,43,-34,-83,-5
4707,10.42,Z,86,0,631,0,593,309,287,26,P,80,0,496,0,981,337,221,10,0,-6,0,-135,0,388,28,-66,-16
4708,9.59,T,54,11,788,0,21,180,73,2,P,66,5,415,0,86,199,55,17,1,12,-6,-373,0,65,19,-18,15
4709,7.49,T,56,0,349,0,15,220,165,6,Z,49,1,304,0,73,218,262,4,0,-7,1,-45,0,58,-2,97,-2
4710,9.59,T,54,2,717,0,166,193,92,8,Z,55,0,486,0,102,142,206,16,1,1,-2,-231,0,-64,-51,114,8
4711,4.57,Z,19,0,320,0,17,134,56,3,T,26,1,356,0,64,88,43,3,0,7,1,36,0,47,-46,-13,0
4712,9.58,Z,51,2,749,0,38,152,184,0,T,56,0,471,0,46,115,89,5,0,5,-2,-278,0,8,-37,-95,5
4713,6.43,P,49,6,195,0,302,139,89,4,Z,50,0,316,0,121,172,172,7,1,1,-6,121,0,-181,33,83,3
4714,9.59,P,39,0,538,0,1,256,71,1,Z,53,0,1121,0,44,163,178,0,0,14,0,583,0,43,-93,107,-1
4715,9.59,P,96,1,455,0,575,372,128,13,Z,88,0,423,0,135,221,243,14,1,-8,-1,-32,0,-440,-151,115,1
4716,9.58,T,39,0,608,0,0,37,79,0,T,62,6,812,0,44,109,81,2,1,23,6,204,0,44,72,2,2
4717,6.12,T,48,6,350,0,215,176,237,1,T,40,2,319,0,412,238,183,11,1,-8,-4,-31,0,197,62,-54,10
4718,9.59,P,40,0,505,0,2,90,65,1,T,49,3,392,0,3,95,70,0,0,9,3,-113,0,1,5,5,-1
4719,5.35,T,22,0,464,0,5,44,34,2,T,26,0,522,0,10,21,26,2,1,4,0,58,0,5,-23,-8,0
4720,6.05,T,44,2,282,5,322,126,115,6,T,58,0,348,0,300,220,91,12,0,14,-2,66,-5,-22,94,-24,6
4721,4.51,T,29,0,261,0,295,119,144,6,T,36,0,171,0,290,154,136,9,0,7,0,-90,0,-5,35,-8,3
4722,9.59,Z,72,6,858,0,67,135,249,4,T,67,6,568,4,15,152,105,1,0,-5,0,-290,4,-52,17,-144,-3
4723,9.59,P,53,0,847,0,17,215,76,3,T,77,0,537,0,195,186,129,11,1,24,0,-310,0,178,-29,53,8
4724,9.44,T,55,3,541,0,33,251,88,3,Z,63,0,411,0,3,177,275,2,1,8,-3,-130,0,-30,-74,187,-1
4725,3.24,T,15,1,209,0,227,65,26,3,Z,12,0,86,0,146,84,45,3,0,-3,-1,-123,0,-81,19,19,0
4726,9.58,Z,75,0,537,0,51,356,307,9,Z,59,3,1056,0,208,305,277,1,0,-16,3,519,0,157,-51,-30,-8
4727,5.06,P,26,7,206,0,739,103,88,3,Z,24,0,237,0,31,120,82,2,0,-2,-7,31,0,-708,17,-6,-1
4728,4.33,Z,12,0,14,0,5,13,65,0,Z,19,1,105,0,125,23,72,1,1,7,1,91,0,120,10,7,1
4729,9.59,P,48,5,626,0,5,178,64,0,P,34,0,641,0,0,27,45,0,0,-14,-5,15,0,-5,-151,-19,0
4730,4.42,P,18,3,246,0,1,119,27,0,T,23,1,343,3,17,57,62,0,1,5,-2,97,3,16,-62,35,0
4731,9.58,T,61,1,438,0,18,146,91,2,Z,50,8,791,0,17,274,135,1,1,-11,7,353,0,-1,128,44,-1
4732,4.02,T,31,2,236,0,287,116,59,6,P,14,0,63,0,140,65,62,6,1,-17,-2,-173,0,-147,-51,3,0
4733,10.01,Z,49,3,666,0,10,50,152,0,P,50,3,758,0,33,111,89,0,1,1,0,92,0,23,61,-63,0
4734,3.45,T,9,2,193,0,7,8,18,0,T,19,0,47,0,27,64,213,4,1,10,-2,-146,0,20,56,195,4
4735,9.59,T,72,0,378,0,21,115,129,8,T,62,3,466,0,41,222,85,1,0,-10,3,88,0,20,107,-44,-7
4736,9.11,Z,44,3,719,0,5,136,128,0,P,21,0,685,0,0,44,12,0,0,-23,-3,-34,0,-5,-92,-116,0
4737,6.38,Z,40,3,393,2,673,108,166,0,P,43,0,152,0,440,264,41,6,0,3,-3,-241,-2,-233,156,-125,6
4738,9.58,T,44,0,584,0,14,119,55,2,Z,30,0,462,0,12,103,117,3,0,-14,0,-122,0,-2,-16,62,1
4739,5.19,T,40,0,314,0,33,40,62,8,Z,35,9,210,0,80,128,134,4,1,-5,9,-104,0,47,88,72,-4
4740,4.31,P,19,3,168,0,5,48,44,1,P,12,0,134,0,1,34,11,1,0,-7,-3,-34,0,-4,-14,-33,0
4741,9.59,T,56,0,331,0,4,227,134,3,Z,45,6,376,0,38,95,135,0,0,-11,6,45,0,34,-132,1,-3
4742,9.59,Z,62,3,805,0,512,168,707,1,T,89,0,689,0,163,160,221,13,1,27,-3,-116,0,-349,-8,-486,12
4743,9.59,P,68,7,619,0,35,154,121,7,Z,110,11,535,0,333,273,374,14,1,42,4,-84,0,298,119,253,7
4744,9.58,T,57,0,554,0,2,50,93,4,P,41,0,359,0,0,34,48,0,1,-16,0,-195,0,-2,-16,-45,-4
4745,9.59,P,93,0,781,0,526,210,70,12,T,94,0,634,0,109,194,134,6,1,1,0,-147,0,-417,-16,64,-6
4746,9.59,Z,70,15,451,0,120,78,240,7,T,63,0,298,0,3,94,110,2,1,-7,-15,-153,0,-117,16,-130,-5
4747,8.3,Z,58,0,302,0,181,116,181,4,P,53,1,769,0,465,233,81,3,1,-5,1,467,0,284,117,-100,-1
4748,7.56,Z,35,4,373,0,86,137,151,0,T,52,0,485,0,9,187,107,7,0,17,-4,112,0,-77,50,-44,7
4749,8.51,Z,43,2,431,0,40,240,154,1,Z,51,0,623,0,54,227,142,3,1,8,-2,192,0,14,-13,-12,2
4750,9.59,T,71,4,519,0,614,148,84,5,T,74,5,1001,0,109,178,119,3,0,3,1,482,0,-505,30,35,-2
4751,9.36,P,61,0,637,0,45,221,60,3,Z,67,7,400,0,295,143,314,5,0,6,7,-237,0,250,-78,254,2
4752,5.31,T,58,2,293,0,169,136,180,5,Z,40,0,306,0,246,164,120,12,0,-18,-2,13,0,77,28,-60,7
4753,5.45,T,39,1,154,0,59,64,33,2,Z,20,3,180,0,5,55,76,4,1,-19,2,26,0,-54,-9,43,2
4754,9.33,Z,49,4,561,0,273,294,178,6,T,96,3,550,0,55,254,109,5,1,47,-1,-11,0,-218,-40,-69,-1
4755,9.56,P,42,5,1000,0,19,81,67,0,T,66,2,681,0,32,168,79,2,1,24,-3,-319,0,13,87,12,2
4756,6.1,T,24,0,465,0,0,78,51,0,T,36,0,485,0,8,139,46,5,1,12,0,20,0,8,61,-5,5
4757,7.37,P,37,0,409,0,11,206,113,3,Z,38,2,286,0,47,137,172,4,1,1,2,-123,0,36,-69,59,1
4758,3.54,P,15,0,63,0,16,22,13,5,T,21,0,364,0,4,14,21,1,0,6,0,301,0,-12,-8,8,-4
4759,8.03,Z,40,7,350,0,36,173,172,1,T,56,2,548,0,48,196,105,2,1,16,-5,198,0,12,23,-67,1
4760,4.1,T,18,0,137,0,71,75,68,6,Z,14,0,111,0,269,110,63,5,1,-4,0,-26,0,198,35,-5,-1
4761,9.57,P,76,1,264,0,7,154,122,0,T,85,1,637,0,100,244,198,3,0,9,0,373,0,93,90,76,3
4762,3.28,P,17,0,77,0,118,129,80,6,P,25,3,157,0,358,153,118,5,0,8,3,80,0,240,24,38,-1
4763,6.47,Z,43,0,302,0,12,141,98,3,T,32,3,331,0,10,68,50,0,0,-11,3,29,0,-2,-73,-48,-3
4764,9.59,T,51,0,629,0,25,119,97,1,P,57,3,852,0,23,343,81,0,1,6,3,223,0,-2,224,-16,-1
4765,5.34,T,31,0,336,0,591,88,104,7,T,31,3,391,0,1,39,51,1,0,0,3,55,0,-590,-49,-53,-6
4766,9.1,T,40,0,260,0,0,29,60,3,T,63,1,265,0,37,124,116,7,1,23,1,5,0,37,95,56,4
4767,9.58,Z,77,1,349,0,166,261,213,20,P,50,0,432,0,479,200,63,5,0,-27,-1,83,0,313,-61,-150,-15
4768,7.01,P,70,0,264,0,50,362,124,2,P,43,0,278,0,109,324,110,7,1,-27,0,14,0,59,-38,-14,5
4769,7.45,P,31,4,386,0,11,115,39,0,P,46,1,440,0,0,161,99,0,0,15,-3,54,0,-11,46,60,0
4770,2.43,Z,8,3,175,0,341,12,26,1,Z,8,3,79,0,23,34,84,0,0,0,0,-96,0,-318,22,58,-1
4771,7,Z,29,3,446,0,32,68,87,0,T,58,7,507,2,55,71,80,0,1,29,4,61,2,23,3,-7,0
4772,7.34,Z,57,1,227,0,203,202,226,9,P,71,2,242,0,230,155,95,5,1,14,1,15,0,27,-47,-131,-4
4773,6.08,P,34,0,334,0,74,196,120,10,P,24,5,282,0,9,91,55,0,1,-10,5,-52,0,-65,-105,-65,-10
4774,7.41,Z,48,6,397,0,241,139,419,2,P,58,0,335,0,470,154,67,12,1,10,-6,-62,0,229,15,-352,10
4775,1.49,P,7,0,48,0,107,32,46,5,Z,0,0,1,0,0,0,0,0,0,-7,0,-47,0,-107,-32,-46,-5
4776,1.52,Z,4,0,90,0,15,18,28,1,P,3,0,67,0,0,7,9,0,0,-1,0,-23,0,-15,-11,-19,-1
4777,9.59,P,48,0,698,0,4,170,106,2,T,68,3,388,0,548,338,222,5,1,20,3,-310,0,544,168,116,3
4778,9.58,P,61,0,404,0,109,138,120,4,Z,48,0,694,0,32,131,155,0,0,-13,0,290,0,-77,-7,35,-4
4779,9.14,T,74,0,378,0,6,380,234,9,T,110,0,608,0,182,239,302,8,1,36,0,230,0,176,-141,68,-1
4780,9.59,T,101,0,509,0,94,186,219,16,P,58,9,722,0,31,156,96,0,0,-43,9,213,0,-63,-30,-123,-16
4781,9.43,P,46,5,823,0,39,237,45,3,T,52,5,812,0,36,266,171,0,0,6,0,-11,0,-3,29,126,-3
4782,9.59,P,61,0,672,0,34,136,68,9,Z,78,0,596,0,315,147,190,11,0,17,0,-76,0,281,11,122,2
4783,9.59,T,81,3,529,0,404,278,194,2,P,65,0,651,0,667,298,142,4,0,-16,-3,122,0,263,20,-52,2
4784,9.57,Z,34,2,423,0,20,115,152,0,P,33,0,436,0,0,48,62,0,0,-1,-2,13,0,-20,-67,-90,0
4785,3.55,P,21,1,175,0,103,55,55,0,T,19,0,345,0,13,68,35,4,0,-2,-1,170,0,-90,13,-20,4
4786,6.59,T,24,0,318,2,4,38,44,0,T,43,6,714,0,21,30,42,0,1,19,6,396,-2,17,-8,-2,0
4787,7.51,T,50,6,592,0,33,55,37,3,P,34,0,464,0,0,46,55,0,0,-16,-6,-128,0,-33,-9,18,-3
4788,7.25,P,56,2,388,0,599,249,153,7,T,73,5,411,0,522,96,158,3,0,17,3,23,0,-77,-153,5,-4
4789,7.45,T,41,0,408,0,0,105,154,0,P,28,0,395,0,0,32,42,0,1,-13,0,-13,0,0,-73,-112,0
4790,7.2,Z,41,0,387,0,20,93,129,5,P,48,3,571,0,14,79,62,2,1,7,3,184,0,-6,-14,-67,-3
4791,6.04,Z,42,6,153,0,29,118,113,8,Z,38,5,269,3,622,115,233,7,1,-4,-1,116,3,593,-3,120,-1
4792,9.59,T,119,1,494,0,161,368,160,10,Z,88,2,571,0,199,211,299,13,0,-31,1,77,0,38,-157,139,3
4793,10.13,Z,98,0,456,0,50,214,226,15,T,105,0,657,0,55,283,259,8,0,7,0,201,0,5,69,33,-7
4794,5.39,Z,14,0,226,0,0,26,55,0,T,39,0,334,0,252,110,146,8,1,25,0,108,0,252,84,91,8
4795,9.59,Z,90,0,366,0,132,296,351,10,T,106,2,647,0,429,187,101,9,1,16,2,281,0,297,-109,-250,-1
4796,8.56,T,73,2,517,0,158,265,170,3,P,53,2,196,0,248,226,85,12,1,-20,0,-321,0,90,-39,-85,9
4797,9.48,P,53,0,428,0,0,231,147,0,T,54,15,1011,0,46,312,111,1,1,1,15,583,0,46,81,-36,1
4798,2.48,T,14,1,96,0,132,47,82,3,P,15,0,52,0,25,70,46,10,1,1,-1,-44,0,-107,23,-36,7
4799,0.27,P,3,0,18,0,5,13,13,0,T,1,0,50,0,5,16,8,1,1,-2,0,32,0,0,3,-5,1
4800,3.08,P,24,0,133,0,307,49,30,3,T,13,3,68,0,84,71,111,0,0,-11,3,-65,0,-223,22,81,-3
4801,8.38,P,52,0,507,0,120,126,72,7,P,56,9,386,0,183,138,93,6,0,4,9,-121,0,63,12,21,-1
4802,3.48,Z,16,0,101,0,5,89,84,2,Z,21,0,148,0,150,45,100,13,0,5,0,47,0,145,-44,16,11
4803,9.59,T,101,12,682,0,170,172,200,0,Z,70,0,510,0,82,148,238,5,1,-31,-12,-172,0,-88,-24,38,5
4804,8.35,Z,67,0,524,0,27,79,154,6,Z,75,7,431,0,482,279,179,16,1,8,7,-93,0,455,200,25,10
4805,7.57,Z,52,0,744,0,2,84,207,4,P,49,0,357,0,188,178,63,14,1,-3,0,-387,0,186,94,-144,10
4806,9.59,Z,42,0,967,0,35,89,161,7,T,70,1,493,0,12,136,69,5,0,28,1,-474,0,-23,47,-92,-2
4807,6.58,P,40,0,435,0,67,105,55,12,T,43,10,343,4,145,90,82,3,1,3,10,-92,4,78,-15,27,-9
4808,9.28,T,90,4,658,0,55,231,115,1,Z,64,0,378,0,54,214,161,7,0,-26,-4,-280,0,-1,-17,46,6
4809,6.01,P,54,1,183,0,297,188,142,9,Z,40,3,524,0,294,219,228,10,1,-14,2,341,0,-3,31,86,1
4810,7.55,P,41,1,275,0,14,80,42,0,Z,48,0,271,0,16,53,161,2,1,7,-1,-4,0,2,-27,119,2
4811,4.57,P,20,1,237,3,14,44,28,2,P,27,2,132,0,16,80,67,1,1,7,1,-105,-3,2,36,39,-1
4812,0.23,Z,1,0,22,0,4,11,6,3,Z,0,0,1,0,0,0,0,0,0,-1,0,-21,0,-4,-11,-6,-3
4813,3.17,Z,10,0,138,0,9,38,99,0,Z,15,0,103,0,2,29,69,1,1,5,0,-35,0,-7,-9,-30,1
4814,7.27,T,78,0,504,0,68,242,102,11,Z,54,0,361,0,95,133,210,7,0,-24,0,-143,0,27,-109,108,-4
4815,7.16,T,40,0,347,0,14,122,89,10,T,69,0,226,0,71,203,82,10,1,29,0,-121,0,57,81,-7,0
4816,4.3,T,26,0,427,0,5,52,82,4,Z,14,2,389,0,7,47,70,0,0,-12,2,-38,0,2,-5,-12,-4
4817,5.31,Z,40,0,129,0,9,70,89,1,P,24,0,90,0,5,49,37,1,1,-16,0,-39,0,-4,-21,-52,0
4818,10.34,T,104,4,432,0,665,391,217,12,P,93,3,770,0,40,388,220,9,0,-11,-1,338,0,-625,-3,3,-3
4819,3.37,P,9,0,274,0,0,22,11,0,Z,25,1,204,0,16,35,43,0,0,16,1,-70,0,16,13,32,0
4820,3.32,P,14,0,258,0,35,50,16,4,T,11,2,244,0,3,28,38,1,0,-3,2,-14,0,-32,-22,22,-3
4821,7.33,P,41,0,568,0,29,23,44,7,P,32,0,252,0,64,226,60,5,1,-9,0,-316,0,35,203,16,-2
4822,5.5,P,20,0,367,0,0,78,79,0,P,22,0,301,0,27,63,42,3,0,2,0,-66,0,27,-15,-37,3
4823,3.39,P,8,0,243,0,1,61,11,2,P,14,1,154,0,14,102,48,4,1,6,1,-89,0,13,41,37,2
4824,9.59,P,56,0,389,0,15,189,63,3,Z,53,0,183,0,11,156,239,2,1,-3,0,-206,0,-4,-33,176,-1
4825,6,Z,38,0,212,0,95,199,187,7,Z,33,5,199,0,35,192,116,7,0,-5,5,-13,0,-60,-7,-71,0
4826,7.06,P,23,0,266,0,4,40,53,1,P,32,0,422,0,5,134,51,3,1,9,0,156,0,1,94,-2,2
4827,7.38,Z,52,4,431,2,354,89,232,6,Z,50,6,401,0,185,96,128,1,0,-2,2,-30,-2,-169,7,-104,-5
4828,3.31,T,19,0,69,0,12,77,51,1,T,20,1,135,0,140,104,48,8,1,1,1,66,0,128,27,-3,7
4829,7.55,Z,48,3,141,0,311,84,197,2,P,46,7,326,0,63,217,84,3,1,-2,4,185,0,-248,133,-113,1
4830,8.22,Z,44,7,346,0,21,131,154,0,P,42,1,368,0,296,204,102,5,1,-2,-6,22,0,275,73,-52,5
4831,10,P,40,3,447,0,13,78,70,0,P,43,6,531,0,42,317,62,1,1,3,3,84,0,29,239,-8,1
4832,9.58,T,35,0,888,0,9,45,52,5,T,41,0,505,0,0,40,65,0,1,6,0,-383,0,-9,-5,13,-5
4833,9.56,T,97,0,467,0,261,245,165,12,Z,48,2,361,0,33,178,223,3,1,-49,2,-106,0,-228,-67,58,-9
4834,9.57,Z,61,7,583,0,291,206,344,4,Z,75,5,438,0,710,213,234,2,0,14,-2,-145,0,419,7,-110,-2
4835,1.51,Z,4,0,43,0,2,15,18,2,T,7,0,83,0,28,24,32,0,0,3,0,40,0,26,9,14,-2
4836,4.27,P,17,0,155,0,23,130,85,1,T,12,0,174,0,7,74,42,2,0,-5,0,19,0,-16,-56,-43,1
4837,9.58,Z,58,0,371,0,31,100,202,4,P,55,1,741,0,46,194,69,3,1,-3,1,370,0,15,94,-133,-1
4838,5.05,T,22,0,269,0,32,46,25,4,P,23,0,509,0,0,79,59,0,1,1,0,240,0,-32,33,34,-4
4839,6.1,T,34,6,403,0,16,118,121,1,T,39,3,263,0,4,60,41,0,1,5,-3,-140,0,-12,-58,-80,-1
4840,9.59,Z,91,9,341,0,82,305,275,1,T,109,2,603,0,29,178,156,6,0,18,-7,262,0,-53,-127,-119,5
4841,5.05,T,21,0,310,0,0,93,45,0,T,26,5,272,0,41,123,30,1,1,5,5,-38,0,41,30,-15,1
4842,9.59,P,43,0,696,0,1,59,77,4,P,30,8,319,0,13,158,72,2,0,-13,8,-377,0,12,99,-5,-2
4843,9.5,Z,44,1,632,0,26,165,184,2,T,77,0,350,0,29,269,107,15,1,33,-1,-282,0,3,104,-77,13
4844,10.36,Z,78,11,601,0,155,593,313,3,T,157,3,325,0,606,574,205,17,1,79,-8,-276,0,451,-19,-108,14
4845,10.53,P,66,1,310,0,116,160,168,2,T,102,5,521,0,78,209,150,3,0,36,4,211,0,-38,49,-18,1
4846,7.12,T,68,4,400,0,48,124,68,3,Z,37,4,163,0,35,94,107,0,0,-31,0,-237,0,-13,-30,39,-3
4847,9.39,P,37,1,783,0,6,192,94,2,P,43,0,704,0,6,223,115,4,1,6,-1,-79,0,0,31,21,2
4848,9.57,Z,43,0,444,0,0,161,163,0,T,61,4,572,0,17,179,113,2,1,18,4,128,0,17,18,-50,2
4849,8.19,P,70,5,349,0,40,143,46,2,Z,44,3,642,0,75,136,215,6,1,-26,-2,293,0,35,-7,169,4
4850,7.01,Z,25,7,144,0,15,37,120,0,P,49,0,420,0,102,191,56,5,1,24,-7,276,0,87,154,-64,5
4851,2.51,Z,7,0,91,0,0,49,26,0,Z,9,2,46,0,9,11,29,0,0,2,2,-45,0,9,-38,3,0
4852,2.24,P,4,0,76,0,1,54,17,0,T,11,0,129,0,1,18,48,3,1,7,0,53,0,0,-36,31,3
4853,8.46,T,68,3,621,0,101,196,128,3,P,52,0,583,0,0,155,66,0,0,-16,-3,-38,0,-101,-41,-62,-3
4854,9.4,Z,47,2,312,0,347,196,208,7,T,70,0,590,0,45,116,99,1,0,23,-2,278,0,-302,-80,-109,-6
4855,3.2,P,12,2,144,0,184,72,9,0,T,12,0,91,0,0,55,24,0,1,0,-2,-53,0,-184,-17,15,0
4856,9.59,Z,39,0,322,0,9,48,144,1,T,56,0,505,0,9,46,90,3,1,17,0,183,0,0,-2,-54,2
4857,6.56,T,79,3,259,0,249,260,138,6,Z,40,0,292,0,309,246,224,6,0,-39,-3,33,0,60,-14,86,0
4858,3.33,T,27,0,254,0,591,123,20,4,P,21,0,178,0,31,72,30,5,1,-6,0,-76,0,-560,-51,10,1
4859,9.59,T,67,0,366,0,46,78,166,3,Z,45,5,436,0,75,168,194,6,1,-22,5,70,0,29,90,28,3
4860,8.05,P,31,0,320,0,6,334,112,5,P,27,0,317,0,289,376,31,3,0,-4,0,-3,0,283,42,-81,-2
4861,7.49,Z,40,0,442,0,69,77,179,4,Z,46,0,287,0,16,99,280,4,0,6,0,-155,0,-53,22,101,0
4862,9.59,T,55,0,519,0,0,57,116,0,Z,61,3,922,0,28,166,200,0,1,6,3,403,0,28,109,84,0
4863,9.59,T,61,0,680,0,13,182,156,4,Z,59,4,759,0,1092,40,206,1,1,-2,4,79,0,1079,-142,50,-3
4864,2.24,T,8,2,84,0,7,13,9,0,Z,5,3,30,0,7,26,32,0,1,-3,1,-54,0,0,13,23,0
4865,4.16,P,31,0,128,0,38,80,43,4,Z,21,0,178,0,4,47,71,2,1,-10,0,50,0,-34,-33,28,-2
4866,9.57,Z,51,0,611,0,67,32,178,2,Z,60,6,212,0,122,147,261,6,1,9,6,-399,0,55,115,83,4
4867,9.59,P,91,8,456,0,218,206,80,12,T,130,13,413,0,1277,203,232,15,0,39,5,-43,0,1059,-3,152,3
4868,4.43,T,19,0,231,0,0,47,28,0,T,18,0,323,0,0,41,87,2,1,-1,0,92,0,0,-6,59,2
4869,3.01,Z,11,0,94,0,0,7,48,0,T,12,0,147,0,65,118,16,4,0,1,0,53,0,65,111,-32,4
4870,9.59,P,55,4,359,0,213,128,261,1,T,106,9,655,0,357,188,168,10,0,51,5,296,0,144,60,-93,9
4871,7.5,T,59,1,226,0,121,95,82,5,Z,56,0,295,0,231,156,130,12,0,-3,-1,69,0,110,61,48,7
4872,3.59,T,21,0,213,0,0,75,37,0,P,21,3,137,0,2,103,28,0,0,0,3,-76,0,2,28,-9,0
4873,2.5,T,16,0,156,0,131,62,57,5,P,13,3,108,0,23,113,26,1,0,-3,3,-48,0,-108,51,-31,-4
4874,9.26,Z,46,3,370,0,8,162,185,0,P,43,0,626,0,7,219,82,6,0,-3,-3,256,0,-1,57,-103,6
4875,5.28,Z,30,0,285,0,8,107,76,1,Z,25,0,152,0,0,36,80,0,0,-5,0,-133,0,-8,-71,4,-1
4876,4.28,Z,20,6,210,1,18,59,59,4,T,28,0,82,0,123,66,143,0,0,8,-6,-128,-1,105,7,84,-4
4877,8.33,P,50,0,339,0,55,172,68,9,T,81,0,603,0,416,326,163,13,0,31,0,264,0,361,154,95,4
4878,8.31,Z,67,3,657,0,413,110,237,4,P,51,4,731,5,25,100,63,0,1,-16,1,74,5,-388,-10,-174,-4
4879,9.59,P,39,6,403,0,15,231,50,2,Z,49,2,411,0,23,216,109,0,1,10,-4,8,0,8,-15,59,-2
4880,3.21,T,19,3,172,0,9,53,35,1,T,22,1,134,0,44,152,19,9,0,3,-2,-38,0,35,99,-16,8
4881,8.3,T,25,0,469,0,0,4,36,0,T,46,0,406,0,7,53,61,2,1,21,0,-63,0,7,49,25,2
4882,6.44,T,46,4,506,0,53,56,75,0,Z,26,0,565,0,11,94,94,1,0,-20,-4,59,0,-42,38,19,1
4883,8.57,T,35,0,599,0,0,36,79,0,T,20,0,453,0,2,118,74,1,0,-15,0,-146,0,2,82,-5,1
4884,9.59,Z,44,6,561,0,176,109,179,1,T,53,0,607,0,12,53,68,2,0,9,-6,46,0,-164,-56,-111,1
4885,4.41,Z,15,0,171,0,274,93,255,1,T,31,1,149,0,363,205,76,7,1,16,1,-22,0,89,112,-179,6
4886,6.22,T,37,0,211,0,147,22,57,4,P,28,0,165,0,0,18,50,0,1,-9,0,-46,0,-147,-4,-7,-4
4887,8.15,Z,64,6,188,0,28,55,143,0,Z,46,0,375,0,223,70,331,3,0,-18,-6,187,0,195,15,188,3
4888,9.59,T,104,0,494,0,253,371,222,13,T,88,2,664,0,16,125,134,3,0,-16,2,170,0,-237,-246,-88,-10
4889,9.57,Z,65,2,471,0,31,125,207,2,P,42,2,667,0,182,212,64,7,0,-23,0,196,0,151,87,-143,5
4890,9.57,P,54,1,852,0,13,248,71,4,Z,61,6,555,0,21,250,214,1,1,7,5,-297,0,8,2,143,-3
4891,5.04,T,24,0,183,0,35,96,182,4,P,24,0,247,0,0,73,39,0,1,0,0,64,0,-35,-23,-143,-4
4892,9.12,P,51,6,189,0,39,99,61,8,Z,41,2,724,0,44,65,167,0,1,-10,-4,535,0,5,-34,106,-8
4893,3.37,T,21,0,203,0,131,55,35,6,T,19,0,119,0,154,72,70,7,1,-2,0,-84,0,23,17,35,1
4894,1.54,P,7,0,148,0,10,31,6,2,P,3,0,156,0,0,25,4,0,0,-4,0,8,0,-10,-6,-2,-2
4895,8,P,26,0,579,0,0,44,51,1,T,31,0,320,0,0,29,46,0,1,5,0,-259,0,0,-15,-5,-1
4896,9.57,T,46,0,656,0,0,71,84,0,T,54,11,703,1,20,155,138,1,0,8,11,47,1,20,84,54,1
4897,9.59,T,61,0,333,0,17,158,137,5,T,105,0,356,0,122,158,83,7,1,44,0,23,0,105,0,-54,2
4898,2.38,T,9,1,84,0,86,38,81,1,T,12,0,82,70,159,43,185,0,1,3,-1,-2,70,73,5,104,-1
4899,6.24,Z,35,1,319,0,40,119,254,0,P,28,4,340,0,24,47,32,0,1,-7,3,21,0,-16,-72,-222,0
4900,9.59,T,78,6,510,0,265,137,108,1,Z,73,4,225,0,44,65,168,1,1,-5,-2,-285,0,-221,-72,60,0
4901,4.08,P,13,0,174,0,1,139,29,1,Z,14,0,193,0,1,48,51,1,1,1,0,19,0,0,-91,22,0
4902,9.58,Z,46,0,392,0,55,131,226,2,T,102,0,479,0,41,246,202,5,1,56,0,87,0,-14,115,-24,3
4903,5.45,P,28,0,242,0,234,72,34,2,T,36,6,225,0,113,113,45,0,0,8,6,-17,0,-121,41,11,-2
4904,2.53,T,21,0,48,0,303,52,148,7,T,15,0,179,0,269,39,110,17,1,-6,0,131,0,-34,-13,-38,10
4905,7.41,P,31,0,672,0,46,149,57,8,Z,39,1,533,0,35,201,250,6,1,8,1,-139,0,-11,52,193,-2
4906,9.59,P,56,0,510,0,109,418,102,13,T,98,5,432,0,56,220,123,13,1,42,5,-78,0,-53,-198,21,0
4907,9.59,Z,49,0,730,0,73,171,188,2,P,62,3,491,0,264,224,119,10,1,13,3,-239,0,191,53,-69,8
4908,9.58,P,29,0,710,0,1,46,77,0,Z,41,3,425,0,33,117,160,1,0,12,3,-285,0,32,71,83,1
4909,8.2,Z,78,6,362,0,76,183,175,4,T,62,6,286,0,548,157,134,3,0,-16,0,-76,0,472,-26,-41,-1
4910,9.59,P,40,0,483,0,11,46,50,5,Z,30,0,425,0,3,82,138,1,1,-10,0,-58,0,-8,36,88,-4
4911,10.57,T,107,0,865,0,370,182,120,14,Z,93,0,693,0,116,280,324,9,1,-14,0,-172,0,-254,98,204,-5
4912,8.08,Z,33,3,180,0,173,158,121,8,Z,36,0,421,0,8,199,168,3,1,3,-3,241,0,-165,41,47,-5
4913,5.21,T,19,0,506,0,0,20,32,0,P,24,0,206,0,0,32,32,0,1,5,0,-300,0,0,12,0,0
4914,2.29,P,9,0,110,0,4,96,16,2,P,16,0,99,0,170,102,92,3,0,7,0,-11,0,166,6,76,1
4915,3.45,Z,15,2,128,0,18,25,38,0,P,20,2,222,0,66,193,46,4,0,5,0,94,0,48,168,8,4
4916,9.59,T,67,0,337,0,15,252,136,8,T,67,0,315,0,8,255,126,5,0,0,0,-22,0,-7,3,-10,-3
4917,9.29,Z,56,10,543,0,76,87,173,2,T,90,2,237,0,36,163,90,6,1,34,-8,-306,0,-40,76,-83,4
4918,9.59,T,92,0,1082,0,10,218,156,5,Z,62,0,660,0,57,98,170,4,1,-30,0,-422,0,47,-120,14,-1
4919,9.56,T,38,0,555,0,0,56,83,0,Z,63,7,379,0,73,67,213,3,1,25,7,-176,0,73,11,130,3
4920,4.55,T,22,0,213,0,0,58,46,0,P,28,1,394,0,3,82,45,0,0,6,1,181,0,3,24,-1,0
4921,4.04,Z,16,0,117,0,6,30,53,3,Z,14,2,159,0,4,118,85,0,0,-2,2,42,0,-2,88,32,-3
4922,9.59,T,56,3,590,0,13,49,77,0,T,40,2,463,0,15,84,58,5,0,-16,-1,-127,0,2,35,-19,5
4923,6.14,P,30,0,343,0,17,184,57,4,P,21,0,439,0,0,65,56,1,1,-9,0,96,0,-17,-119,-1,-3
4924,9.56,T,58,0,1005,0,0,44,81,0,P,55,0,736,0,19,182,44,1,0,-3,0,-269,0,19,138,-37,1
4925,9.59,T,65,7,851,0,752,329,149,1,Z,49,1,522,0,53,221,202,4,1,-16,-6,-329,0,-699,-108,53,3
4926,9.59,T,109,5,417,0,274,238,203,5,P,96,6,601,0,321,303,93,12,0,-13,1,184,0,47,65,-110,7
4927,7.45,P,35,0,427,0,3,140,57,1,T,63,3,221,0,4,191,111,2,1,28,3,-206,0,1,51,54,1
4928,9.57,T,138,0,698,0,296,302,217,23,Z,95,0,388,0,380,332,288,15,1,-43,0,-310,0,84,30,71,-8
4929,9.59,P,58,0,467,0,25,138,80,10,P,48,0,848,0,18,141,78,6,1,-10,0,381,0,-7,3,-2,-4
4930,1.27,T,7,2,33,0,13,32,39,1,T,5,1,61,0,6,28,9,2,0,-2,-1,28,0,-7,-4,-30,1
4931,4.18,Z,15,2,372,0,63,48,61,3,Z,15,0,143,0,287,95,165,9,1,0,-2,-229,0,224,47,104,6
4932,4.37,T,32,0,171,0,451,91,93,3,Z,27,0,298,0,194,83,90,6,1,-5,0,127,0,-257,-8,-3,3
4933,9.58,P,99,9,556,13,132,274,122,5,T,96,0,571,0,517,281,149,8,0,-3,-9,15,-13,385,7,27,3
4934,7.23,Z,69,5,193,0,508,209,238,8,P,57,0,261,0,60,113,88,5,1,-12,-5,68,0,-448,-96,-150,-3
4935,8.05,T,64,2,363,0,37,291,85,5,Z,54,0,494,7,90,131,189,0,0,-10,-2,131,7,53,-160,104,-5
4936,9.59,T,74,8,564,0,199,233,200,6,T,91,3,630,0,208,167,270,7,0,17,-5,66,0,9,-66,70,1
4937,8.3,T,22,0,213,0,0,54,48,0,P,27,0,819,0,301,89,41,1,1,5,0,606,0,301,35,-7,1
4938,8.21,Z,43,3,1006,0,33,83,142,5,P,28,0,236,0,0,128,45,0,0,-15,-3,-770,0,-33,45,-97,-5
4939,7.05,P,50,1,827,0,30,216,49,3,Z,65,6,314,0,505,260,398,7,1,15,5,-513,0,475,44,349,4
4940,8.05,Z,46,9,884,0,37,167,140,3,T,61,0,735,0,18,71,81,8,1,15,-9,-149,0,-19,-96,-59,5
4941,7.04,Z,30,7,119,0,1005,171,220,0,P,42,1,359,0,36,156,70,4,0,12,-6,240,0,-969,-15,-150,4
4942,9.39,T,49,1,226,0,22,98,96,6,T,53,6,374,1,44,98,78,0,1,4,5,148,1,22,0,-18,-6
4943,9.58,T,65,1,400,0,14,172,111,3,P,44,0,504,0,2,133,78,1,0,-21,-1,104,0,-12,-39,-33,-2
4944,4.4,P,16,1,155,0,62,126,74,2,P,23,0,467,0,5,95,35,5,0,7,-1,312,0,-57,-31,-39,3
4945,6.24,P,76,0,230,0,184,129,87,9,T,49,0,763,0,531,113,109,7,1,-27,0,533,0,347,-16,22,-2
4946,8.18,Z,41,7,622,0,42,90,129,0,T,74,0,596,0,18,175,132,7,0,33,-7,-26,0,-24,85,3,7
4947,4.22,Z,16,0,67,0,19,14,54,2,P,22,1,87,0,38,149,48,4,0,6,1,20,0,19,135,-6,2
4948,10.2,Z,34,0,340,0,0,128,162,0,T,42,4,329,0,21,152,160,0,1,8,4,-11,0,21,24,-2,0
4949,4.42,T,32,0,333,0,68,98,102,4,P,27,0,199,0,119,128,111,4,1,-5,0,-134,0,51,30,9,0
4950,9.23,T,48,0,956,0,0,61,79,3,Z,49,2,543,0,39,143,188,4,1,1,2,-413,0,39,82,109,1
4951,7.29,Z,41,0,488,0,75,136,182,7,T,77,2,354,0,251,198,118,9,1,36,2,-134,0,176,62,-64,2
4952,10.36,Z,60,4,481,0,43,118,182,2,P,39,0,289,0,0,20,39,0,1,-21,-4,-192,0,-43,-98,-143,-2
4953,9.16,P,75,0,559,0,44,213,138,11,T,42,1,558,0,0,138,117,0,0,-33,1,-1,0,-44,-75,-21,-11
4954,9.59,T,42,0,320,0,0,60,99,1,P,71,0,886,0,96,276,73,8,1,29,0,566,0,96,216,-26,7
4955,9.59,T,106,0,442,0,551,233,157,16,Z,79,7,651,0,173,174,226,1,1,-27,7,209,0,-378,-59,69,-15
4956,2.47,Z,15,0,93,0,65,69,123,2,P,15,0,148,0,185,82,43,14,0,0,0,55,0,120,13,-80,12
4957,9.59,P,51,0,595,0,15,162,116,5,T,72,0,346,0,125,203,203,10,1,21,0,-249,0,110,41,87,5
4958,9.59,Z,74,6,458,0,145,253,279,6,T,92,0,370,0,66,130,121,14,1,18,-6,-88,0,-79,-123,-158,8
4959,8.49,T,82,0,733,0,341,122,108,9,T,69,0,881,0,111,132,123,10,0,-13,0,148,0,-230,10,15,1
4960,6.1,Z,32,0,245,0,42,119,87,2,Z,47,0,161,0,79,152,120,9,1,15,0,-84,0,37,33,33,7
4961,3.2,T,14,0,61,0,0,16,32,0,T,18,0,264,0,24,49,29,3,1,4,0,203,0,24,33,-3,3
4962,8,P,52,0,455,0,27,245,64,3,P,21,3,459,0,11,101,64,0,0,-31,3,4,0,-16,-144,0,-3
4963,7.08,Z,54,4,211,0,426,174,158,1,Z,42,5,351,0,177,285,240,6,0,-12,1,140,0,-249,111,82,5
4964,1.36,T,7,0,140,0,0,14,20,0,P,6,0,66,0,0,36,4,0,0,-1,0,-74,0,0,22,-16,0
4965,3.25,Z,8,2,112,0,369,47,153,0,T,12,0,214,0,20,53,34,5,0,4,-2,102,0,-349,6,-119,5
4966,9.59,P,57,4,409,0,472,272,156,13,T,49,0,566,0,5,237,94,5,0,-8,-4,157,0,-467,-35,-62,-8
4967,3.44,T,21,0,150,0,0,8,25,0,Z,15,0,83,0,0,40,54,0,0,-6,0,-67,0,0,32,29,0
4968,9.17,P,58,5,610,0,28,221,177,7,T,92,6,413,0,117,229,145,6,1,34,1,-197,0,89,8,-32,-1
4969,5.26,Z,32,0,378,0,143,110,109,8,Z,25,8,246,0,243,180,108,2,0,-7,8,-132,0,100,70,-1,-6
4970,2.24,T,13,0,73,0,196,63,45,2,T,8,0,109,0,68,50,11,1,0,-5,0,36,0,-128,-13,-34,-1
4971,4.26,Z,27,0,261,0,242,105,85,5,Z,27,1,95,0,185,162,111,10,1,0,1,-166,0,-57,57,26,5
4972,10.47,Z,49,7,592,0,18,143,159,3,Z,51,0,423,0,26,93,196,4,0,2,-7,-169,0,8,-50,37,1
4973,9.59,Z,64,0,959,1,2,271,197,0,P,61,2,835,0,26,152,83,0,1,-3,2,-124,-1,24,-119,-114,0
4974,8.52,P,35,0,481,0,17,225,46,3,Z,55,7,105,0,41,201,127,0,1,20,7,-376,0,24,-24,81,-3
4975,8.14,Z,55,2,416,0,191,330,401,11,T,95,0,370,0,413,208,207,12,0,40,-2,-46,0,222,-122,-194,1
4976,8.02,T,57,3,495,0,43,96,82,0,Z,37,1,463,0,540,109,136,4,1,-20,-2,-32,0,497,13,54,4
4977,10.15,P,66,0,626,0,5,309,121,1,T,108,4,541,0,736,290,189,8,1,42,4,-85,0,731,-19,68,7
4978,8.29,P,48,0,266,0,226,158,82,10,T,51,6,529,0,25,156,89,1,0,3,6,263,0,-201,-2,7,-9
4979,3.58,P,18,0,220,0,3,106,23,3,T,26,0,239,0,113,172,54,5,1,8,0,19,0,110,66,31,2
4980,4.05,Z,19,0,77,0,18,14,40,2,T,15,0,166,0,7,26,24,1,0,-4,0,89,0,-11,12,-16,-1
4981,3.18,T,13,0,149,0,20,50,23,2,T,16,0,106,0,57,38,44,3,1,3,0,-43,0,37,-12,21,1
4982,9.59,T,50,0,766,0,0,27,81,0,P,31,1,503,0,1,43,56,3,0,-19,1,-263,0,1,16,-25,3
4983,2.39,P,5,1,105,0,3,18,8,0,P,8,0,153,0,0,28,17,0,0,3,-1,48,0,-3,10,9,0
4984,9.59,Z,81,11,372,0,383,259,268,5,T,82,9,539,0,75,113,87,6,1,1,-2,167,0,-308,-146,-181,1
4985,8.31,P,31,0,493,0,87,84,35,5,P,33,5,591,0,47,316,112,5,0,2,5,98,0,-40,232,77,0
4986,9.58,Z,65,0,781,0,21,153,144,5,T,47,0,547,0,0,40,78,0,1,-18,0,-234,0,-21,-113,-66,-5
4987,9.22,T,58,9,517,2,31,117,96,1,Z,58,9,390,0,55,274,253,3,1,0,0,-127,-2,24,157,157,2
4988,9.58,P,55,7,416,0,36,179,51,1,T,60,0,1019,0,0,63,115,3,0,5,-7,603,0,-36,-116,64,2
4989,9.59,T,106,5,581,0,35,308,166,2,Z,75,5,409,0,633,278,368,7,1,-31,0,-172,0,598,-30,202,5
4990,5.55,Z,37,0,186,0,76,243,146,5,Z,31,8,159,2,46,70,124,2,0,-6,8,-27,2,-30,-173,-22,-3
4991,8.2,Z,34,0,322,0,14,147,128,2,Z,40,0,225,1,1,74,165,0,1,6,0,-97,1,-13,-73,37,-2
4992,9.59,P,46,5,421,0,30,93,59,0,Z,68,0,685,0,6,85,210,0,0,22,-5,264,0,-24,-8,151,0
4993,7.12,P,58,0,719,0,54,198,40,12,Z,44,0,290,0,42,188,158,3,0,-14,0,-429,0,-12,-10,118,-9
4994,6.39,Z,91,1,315,0,163,149,292,3,P,49,2,454,0,225,153,224,6,0,-42,1,139,0,62,4,-68,3
4995,9.56,P,55,18,668,0,34,306,149,0,Z,76,4,583,0,124,222,249,3,0,21,-14,-85,0,90,-84,100,3
4996,5.09,P,19,0,83,0,15,36,30,4,Z,19,0,231,0,0,15,77,1,0,0,0,148,0,-15,-21,47,-3
4997,9.58,P,48,0,741,0,1,213,86,1,Z,39,0,379,0,3,121,116,2,0,-9,0,-362,0,2,-92,30,1
4998,5.05,T,41,8,174,0,20,97,86,0,Z,30,0,190,0,170,159,182,4,1,-11,-8,16,0,150,62,96,4
4999,6.32,Z,27,3,542,0,22,11,67,0,T,24,1,176,0,41,26,41,0,0,-3,-2,-366,0,19,15,-26,0
5000,6.13,T,65,0,270,0,417,170,121,10,P,38,3,386,0,454,194,100,4,0,-27,3,116,0,37,24,-21,-6
5001,4.03,Z,20,2,248,0,158,45,73,0,Z,13,1,103,0,82,47,226,9,0,-7,-1,-145,0,-76,2,153,9
5002,1.5,T,5,6,108,0,171,28,50,0,T,6,0,98,0,4,56,8,2,0,1,-6,-10,0,-167,28,-42,2
5003,5,Z,25,4,192,0,118,135,168,1,Z,14,1,118,0,22,108,62,0,0,-11,-3,-74,0,-96,-27,-106,-1
5004,4.19,Z,22,3,133,0,18,39,49,0,Z,15,0,385,0,0,21,80,1,1,-7,-3,252,0,-18,-18,31,1
5005,7.3,T,43,0,346,0,133,183,86,5,T,55,0,354,0,246,175,52,3,1,12,0,8,0,113,-8,-34,-2
5006,3.55,Z,20,0,374,0,7,55,66,0,T,19,0,238,0,2,99,38,1,0,-1,0,-136,0,-5,44,-28,1
5007,7,T,39,0,229,0,0,36,76,1,Z,15,0,84,0,0,16,51,0,0,-24,0,-145,0,0,-20,-25,-1
5008,4.02,Z,17,3,75,0,17,63,87,4,Z,17,0,272,0,292,57,51,3,0,0,-3,197,0,275,-6,-36,-1
5009,10.32,P,35,0,524,0,7,150,80,4,Z,52,2,308,0,12,51,159,0,1,17,2,-216,0,5,-99,79,-4
5010,9.59,T,84,3,620,0,84,126,105,5,P,39,0,276,0,5,171,69,3,1,-45,-3,-344,0,-79,45,-36,-2
5011,2.49,P,14,1,190,0,7,66,10,1,Z,12,1,164,0,293,86,32,3,1,-2,0,-26,0,286,20,22,2
5012,9.07,T,69,0,265,0,162,387,214,6,Z,43,6,417,0,68,85,167,0,1,-26,6,152,0,-94,-302,-47,-6
5013,1.4,Z,6,0,128,0,25,14,76,2,P,5,0,31,0,6,19,3,3,0,-1,0,-97,0,-19,5,-73,1
5014,9.59,P,79,0,464,0,49,252,123,17,T,107,0,507,0,64,415,168,5,0,28,0,43,0,15,163,45,-12
5015,7.22,T,52,2,453,0,357,141,102,4,T,49,2,521,0,40,175,123,5,0,-3,0,68,0,-317,34,21,1
5016,2.49,P,8,0,47,0,2,38,31,1,P,7,0,142,0,0,38,10,0,1,-1,0,95,0,-2,0,-21,-1
5017,8.18,P,71,1,629,0,383,206,105,11,Z,69,0,345,0,49,258,192,7,1,-2,-1,-284,0,-334,52,87,-4
5018,9.59,T,50,0,813,0,2,140,93,1,Z,52,0,392,0,0,27,191,0,0,2,0,-421,0,-2,-113,98,-1
5019,9.59,P,135,4,500,0,140,336,137,18,Z,129,1,520,26,250,427,415,15,1,-6,-3,20,26,110,91,278,-3
5020,4.56,P,18,0,186,0,0,34,47,0,T,23,0,191,0,77,96,171,7,1,5,0,5,0,77,62,124,7
5021,10.45,T,87,0,989,0,110,167,153,9,P,52,2,384,0,6,144,59,0,0,-35,2,-605,0,-104,-23,-94,-9
5022,8.52,P,49,0,769,0,144,147,178,6,Z,47,0,802,0,0,45,159,0,1,-2,0,33,0,-144,-102,-19,-6
5023,9.59,T,70,0,671,0,2,220,108,4,P,31,0,512,0,10,180,61,3,0,-39,0,-159,0,8,-40,-47,-1
5024,3.11,Z,13,3,116,0,79,59,119,3,Z,10,4,120,0,42,60,70,0,1,-3,1,4,0,-37,1,-49,-3
5025,9.58,Z,55,3,553,0,34,113,208,8,T,81,5,463,0,145,264,229,4,1,26,2,-90,0,111,151,21,-4
5026,9.59,Z,81,9,543,0,348,232,378,6,T,65,3,1026,0,26,113,118,0,0,-16,-6,483,0,-322,-119,-260,-6
5027,8.23,T,88,7,189,0,167,166,152,9,Z,32,0,348,0,32,126,194,3,1,-56,-7,159,0,-135,-40,42,-6
5028,5.14,T,35,3,239,0,106,134,46,1,T,37,3,218,0,244,153,159,1,1,2,0,-21,0,138,19,113,0
5029,9.58,P,59,0,313,0,174,247,123,8,Z,61,0,482,0,30,107,196,7,1,2,0,169,0,-144,-140,73,-1
5030,4.41,T,13,0,193,0,5,39,29,3,P,23,0,220,0,75,141,121,3,0,10,0,27,0,70,102,92,0
5031,9.59,T,45,0,445,0,1,142,92,14,Z,39,10,283,0,66,111,168,1,1,-6,10,-162,0,65,-31,76,-13
5032,3.08,Z,10,0,134,0,230,100,150,3,T,17,0,32,0,0,5,22,0,0,7,0,-102,0,-230,-95,-128,-3
5033,9.09,P,52,0,813,0,27,146,156,7,P,47,0,349,0,284,285,111,2,1,-5,0,-464,0,257,139,-45,-5
5034,2.18,T,9,1,190,2,4,40,23,2,T,13,0,71,0,20,13,8,0,1,4,-1,-119,-2,16,-27,-15,-2
5035,9.59,T,68,0,611,0,21,89,75,5,Z,59,5,524,0,130,258,318,3,1,-9,5,-87,0,109,169,243,-2
5036,4.42,Z,16,0,417,0,32,115,163,0,Z,22,2,97,0,26,95,86,0,0,6,2,-320,0,-6,-20,-77,0
5037,6.03,P,30,1,128,0,3,70,56,3,T,38,0,388,0,4,37,55,2,0,8,-1,260,0,1,-33,-1,-1
5038,9.59,Z,58,2,356,0,25,72,202,0,T,80,6,692,0,51,194,97,1,1,22,4,336,0,26,122,-105,1
5039,9.49,Z,128,0,323,25,449,313,505,5,T,135,10,530,0,664,261,210,18,0,7,10,207,-25,215,-52,-295,13
5040,5.28,P,25,0,365,0,25,109,48,0,T,31,4,334,0,5,87,69,0,0,6,4,-31,0,-20,-22,21,0
5041,7.01,T,19,0,397,0,16,75,27,6,P,23,0,349,0,17,184,33,3,1,4,0,-48,0,1,109,6,-3
5042,8.56,Z,27,0,287,0,4,132,111,1,T,50,1,595,0,25,179,115,0,1,23,1,308,0,21,47,4,-1
5043,8.36,Z,50,0,213,0,37,168,189,5,T,105,10,549,0,295,362,248,4,0,55,10,336,0,258,194,59,-1
5044,4.37,P,24,2,414,0,189,72,86,8,Z,24,1,178,0,124,135,205,3,0,0,-1,-236,0,-65,63,119,-5
5045,9.59,T,85,9,741,3,134,190,241,10,P,53,0,439,0,12,158,124,5,1,-32,-9,-302,-3,-122,-32,-117,-5
5046,9.59,T,83,4,570,0,7,207,147,1,Z,56,0,509,0,52,182,290,5,0,-27,-4,-61,0,45,-25,143,4
5047,4.04,T,21,0,168,0,284,116,27,10,T,34,2,373,1,53,111,24,1,1,13,2,205,1,-231,-5,-3,-9
5048,7.5,T,58,9,435,4,565,99,154,3,T,49,0,372,0,41,214,103,3,1,-9,-9,-63,-4,-524,115,-51,0
5049,9.46,Z,85,0,310,0,581,170,359,11,P,87,0,530,0,690,386,103,23,1,2,0,220,0,109,216,-256,12
5050,8.21,T,64,4,567,0,343,224,95,0,P,62,4,399,0,108,213,66,5,1,-2,0,-168,0,-235,-11,-29,5
5051,10.22,P,43,0,699,0,8,156,67,2,P,53,1,541,0,9,82,50,5,0,10,1,-158,0,1,-74,-17,3
5052,3.29,T,12,1,100,0,98,123,57,3,T,17,0,221,0,0,50,48,1,0,5,-1,121,0,-98,-73,-9,-2
5053,7.58,Z,29,1,696,0,115,130,107,8,P,40,0,270,0,7,48,31,2,0,11,-1,-426,0,-108,-82,-76,-6
5054,7.45,T,86,4,437,0,607,384,110,13,P,45,0,364,0,228,257,43,8,0,-41,-4,-73,0,-379,-127,-67,-5
5055,10.03,Z,57,0,828,0,94,228,233,6,P,61,3,547,0,72,248,128,4,0,4,3,-281,0,-22,20,-105,-2
5056,6.04,T,40,7,566,1,425,108,122,1,Z,18,0,293,0,2,96,139,3,0,-22,-7,-273,-1,-423,-12,17,2
5057,9.59,T,81,4,475,0,67,270,75,0,P,61,0,432,0,23,160,80,3,1,-20,-4,-43,0,-44,-110,5,3
5058,7.53,T,70,0,538,0,373,263,142,11,P,50,12,652,0,298,239,58,2,0,-20,12,114,0,-75,-24,-84,-9
5059,9.59,P,48,6,780,0,101,132,129,1,Z,52,0,362,37,103,114,210,0,1,4,-6,-418,37,2,-18,81,-1
5060,9.59,T,46,0,574,0,14,170,94,2,T,75,0,639,0,16,282,80,9,1,29,0,65,0,2,112,-14,7
5061,4.06,P,22,0,308,6,22,91,43,0,Z,25,4,170,0,18,18,51,0,0,3,4,-138,-6,-4,-73,8,0
5062,8.04,T,62,4,347,0,540,253,95,15,T,62,5,327,0,258,299,180,9,1,0,1,-20,0,-282,46,85,-6
5063,8.12,Z,60,2,431,0,38,107,165,1,P,64,1,546,0,25,130,107,1,1,4,-1,115,0,-13,23,-58,0
5064,7.2,T,33,0,564,0,3,132,80,3,P,65,0,545,0,796,148,184,15,1,32,0,-19,0,793,16,104,12
5065,9.59,T,22,0,274,0,0,19,57,2,T,39,0,772,0,0,30,61,0,1,17,0,498,0,0,11,4,-2
5066,5.55,T,51,2,307,0,183,100,88,6,P,40,1,296,0,828,140,58,4,0,-11,-1,-11,0,645,40,-30,-2
5067,9.14,P,68,0,696,0,95,178,83,9,Z,44,2,801,0,35,98,130,2,0,-24,2,105,0,-60,-80,47,-7
5068,4.48,P,52,0,209,0,421,185,43,11,Z,35,3,147,1,263,169,147,4,0,-17,3,-62,1,-158,-16,104,-7
5069,5.21,P,31,0,345,0,93,146,39,3,Z,33,0,334,0,265,87,106,7,1,2,0,-11,0,172,-59,67,4
5070,1.23,P,8,2,22,0,26,23,52,0,T,2,0,65,0,8,18,2,2,0,-6,-2,43,0,-18,-5,-50,2
5071,1.19,Z,3,0,10,0,0,2,18,0,P,3,0,70,0,0,2,2,0,1,0,0,60,0,0,0,-16,0
5072,5.08,Z,27,0,371,0,17,65,113,1,P,24,1,328,0,319,72,100,13,0,-3,1,-43,0,302,7,-13,12
5073,9.1,P,50,3,130,0,70,64,52,3,T,66,0,553,0,30,43,82,8,1,16,-3,423,0,-40,-21,30,5
5074,9.58,T,60,0,819,0,73,221,140,2,Z,55,0,769,0,3,86,209,2,0,-5,0,-50,0,-70,-135,69,0
5075,5.44,P,27,5,438,0,25,138,63,1,P,30,2,411,0,28,100,84,3,1,3,-3,-27,0,3,-38,21,2
5076,10.33,T,118,7,882,0,1037,295,432,9,Z,102,12,293,0,62,126,194,0,1,-16,5,-589,0,-975,-169,-238,-9
5077,5.33,P,20,8,154,0,10,19,33,0,T,22,0,106,0,7,9,22,1,1,2,-8,-48,0,-3,-10,-11,1
5078,5.5,P,43,0,415,0,394,204,58,7,Z,33,0,228,0,531,90,140,7,0,-10,0,-187,0,137,-114,82,0
5079,7.58,Z,53,0,333,0,209,186,439,7,T,101,0,767,0,564,390,229,8,1,48,0,434,0,355,204,-210,1
5080,5.26,P,22,0,366,0,20,142,69,6,P,24,0,255,0,13,151,108,4,0,2,0,-111,0,-7,9,39,-2
5081,9.58,P,66,4,585,0,54,198,63,7,T,73,0,578,0,8,250,103,2,1,7,-4,-7,0,-46,52,40,-5
5082,3.49,P,23,3,220,0,340,211,94,4,P,20,1,131,0,197,94,97,6,0,-3,-2,-89,0,-143,-117,3,2
5083,6.28,P,41,0,371,0,263,247,69,8,T,44,4,315,0,380,162,97,4,1,3,4,-56,0,117,-85,28,-4
5084,9.59,Z,52,0,491,0,33,77,126,5,P,35,3,367,0,4,16,37,0,0,-17,3,-124,0,-29,-61,-89,-5
5085,9.57,Z,40,1,250,0,62,156,160,6,Z,48,0,383,0,2,188,142,1,0,8,-1,133,0,-60,32,-18,-5
5086,0.4,T,4,2,18,0,8,5,3,0,T,4,0,55,0,10,9,5,2,0,0,-2,37,0,2,4,2,2
5087,8.2,Z,36,0,321,0,67,86,164,3,T,48,0,869,0,5,114,108,4,0,12,0,548,0,-62,28,-56,1
5088,2.57,T,14,2,103,0,54,45,26,0,T,26,2,226,0,43,46,44,0,1,12,0,123,0,-11,1,18,0
5089,3.37,T,19,0,148,0,320,26,86,5,P,16,0,208,0,3,50,27,2,0,-3,0,60,0,-317,24,-59,-3
5090,9.28,P,65,0,603,0,97,176,145,9,Z,79,0,556,0,409,225,251,4,1,14,0,-47,0,312,49,106,-5
5091,9.59,Z,63,0,471,0,113,249,405,8,T,78,0,713,0,59,234,138,14,1,15,0,242,0,-54,-15,-267,6
5092,7.53,Z,50,5,757,0,28,330,171,4,T,110,0,291,0,795,231,167,12,1,60,-5,-466,0,767,-99,-4,8
5093,9.58,P,68,0,358,0,9,144,127,1,P,44,0,248,0,0,24,45,1,0,-24,0,-110,0,-9,-120,-82,0
5094,9.59,T,108,0,617,0,274,148,143,16,T,113,0,484,0,72,232,123,9,1,5,0,-133,0,-202,84,-20,-7
5095,4.48,Z,29,0,306,0,152,87,85,4,P,22,0,252,0,3,35,16,1,0,-7,0,-54,0,-149,-52,-69,-3
5096,9.59,T,40,2,762,0,0,115,99,0,T,51,0,997,4,16,170,91,1,1,11,-2,235,4,16,55,-8,1
5097,8.19,P,47,4,376,0,140,129,52,8,T,82,1,503,0,198,235,64,8,1,35,-3,127,0,58,106,12,0
5098,8.38,Z,114,13,290,0,381,191,240,6,T,93,3,569,0,543,285,233,19,0,-21,-10,279,0,162,94,-7,13
5099,6.3,T,49,0,276,0,84,179,112,5,T,55,1,279,0,25,146,58,8,1,6,1,3,0,-59,-33,-54,3
5100,3.03,Z,18,4,70,0,339,60,72,4,Z,14,11,154,0,239,76,119,11,0,-4,7,84,0,-100,16,47,7
5101,8.41,T,47,0,618,0,0,55,82,0,Z,46,5,334,0,48,179,123,4,1,-1,5,-284,0,48,124,41,4
5102,5.1,Z,25,4,233,0,64,115,107,0,P,30,0,386,0,91,129,127,4,0,5,-4,153,0,27,14,20,4
5103,3.23,P,19,0,137,0,204,55,18,1,T,12,0,168,0,0,67,51,1,0,-7,0,31,0,-204,12,33,0
5104,9.59,T,47,0,1534,0,0,81,74,0,T,52,0,276,0,4,110,83,4,0,5,0,-1258,0,4,29,9,4
5105,9.59,T,62,6,672,0,27,71,79,1,P,47,9,362,0,6,131,73,0,0,-15,3,-310,0,-21,60,-6,-1
5106,7,Z,40,0,388,0,14,109,98,2,P,23,4,268,0,20,294,44,1,1,-17,4,-120,0,6,185,-54,-1
5107,3.39,P,18,0,170,0,28,76,12,4,T,19,0,135,0,21,32,20,3,0,1,0,-35,0,-7,-44,8,-1
5108,8.49,P,47,2,854,0,18,74,58,6,Z,52,0,394,0,64,118,254,8,0,5,-2,-460,0,46,44,196,2
5109,1.15,P,4,0,54,0,0,16,6,1,P,4,0,8,0,2,13,5,1,1,0,0,-46,0,2,-3,-1,0
5110,6.17,P,41,4,343,0,739,204,211,8,P,44,2,411,0,238,265,123,14,0,3,-2,68,0,-501,61,-88,6
5111,7.49,Z,41,5,336,0,28,194,172,0,P,39,0,238,0,8,113,53,6,0,-2,-5,-98,0,-20,-81,-119,6
5112,7.46,Z,29,0,573,0,14,70,169,2,P,28,0,170,0,0,80,41,0,1,-1,0,-403,0,-14,10,-128,-2
5113,7.1,P,58,1,310,0,736,174,117,13,Z,43,2,311,0,204,159,131,3,1,-15,1,1,0,-532,-15,14,-10
5114,4.35,T,31,0,172,0,388,138,171,4,T,46,0,348,0,165,99,108,9,0,15,0,176,0,-223,-39,-63,5
5115,7.11,P,23,0,332,0,55,352,80,2,P,31,0,457,0,4,125,37,0,1,8,0,125,0,-51,-227,-43,-2
5116,2.44,Z,7,0,31,0,1,7,28,3,P,13,0,155,0,157,78,42,3,1,6,0,124,0,156,71,14,0
5117,1.52,P,4,0,63,0,2,15,14,2,P,6,0,36,0,0,25,35,0,1,2,0,-27,0,-2,10,21,-2
5118,9.53,P,33,2,680,0,8,62,60,0,P,50,6,474,0,23,169,70,4,1,17,4,-206,0,15,107,10,4
5119,5.58,Z,31,5,355,0,188,83,202,1,P,29,0,557,0,4,92,34,3,1,-2,-5,202,0,-184,9,-168,2
5120,3.53,T,19,0,136,0,0,59,56,0,Z,16,0,119,0,0,34,53,0,0,-3,0,-17,0,0,-25,-3,0
5121,9.28,P,62,6,427,2,87,192,178,0,P,62,5,540,0,993,292,241,7,1,0,-1,113,-2,906,100,63,7
5122,9.59,Z,86,0,592,35,249,489,335,9,Z,81,5,403,0,65,261,292,0,0,-5,5,-189,-35,-184,-228,-43,-9
5123,9.59,P,112,6,616,0,340,373,126,25,T,103,0,658,0,402,318,131,16,0,-9,-6,42,0,62,-55,5,-9
5124,6.21,T,40,0,298,0,176,57,62,12,P,33,1,332,0,25,104,35,0,0,-7,1,34,0,-151,47,-27,-12
5125,2.28,T,12,0,96,0,225,49,33,10,P,10,0,87,0,203,71,32,5,1,-2,0,-9,0,-22,22,-1,-5
5126,6.12,T,30,1,323,0,8,92,71,0,P,24,2,343,0,19,91,27,0,0,-6,1,20,0,11,-1,-44,0
5127,5.5,Z,23,0,241,0,65,47,120,3,Z,22,0,201,0,211,78,88,5,0,-1,0,-40,0,146,31,-32,2
5128,9.59,T,132,0,322,0,337,351,269,19,P,74,0,302,0,402,297,240,20,0,-58,0,-20,0,65,-54,-29,1
5129,9.58,Z,82,3,224,0,65,207,245,4,T,90,0,410,0,255,355,270,10,0,8,-3,186,0,190,148,25,6
5130,9.33,Z,75,5,314,2,261,268,317,11,Z,63,0,806,0,43,313,334,2,1,-12,-5,492,-2,-218,45,17,-9
5131,9.12,Z,39,0,409,0,3,134,140,0,Z,43,0,162,2,6,41,157,2,0,4,0,-247,2,3,-93,17,2
5132,8.32,T,58,0,478,0,54,174,153,6,T,111,0,609,0,619,232,184,12,1,53,0,131,0,565,58,31,6
5133,8.5,T,95,0,689,0,473,281,108,9,Z,57,7,374,0,231,155,167,5,1,-38,7,-315,0,-242,-126,59,-4
5134,3.23,Z,9,0,142,0,295,30,148,3,Z,8,0,117,0,10,41,33,0,0,-1,0,-25,0,-285,11,-115,-3
5135,9.59,T,100,0,500,0,326,114,78,12,Z,65,6,477,0,75,188,176,1,1,-35,6,-23,0,-251,74,98,-11
5136,6.59,Z,47,1,324,0,122,123,202,8,Z,37,3,449,0,50,261,224,5,0,-10,2,125,0,-72,138,22,-3
5137,9.58,T,40,0,930,0,11,44,62,6,T,35,0,406,0,0,30,65,0,0,-5,0,-524,0,-11,-14,3,-6
5138,3.39,T,13,0,161,0,139,21,11,2,Z,17,0,192,0,111,64,94,3,1,4,0,31,0,-28,43,83,1
5139,2.46,T,19,3,107,0,131,30,39,0,P,18,0,72,0,164,91,106,2,0,-1,-3,-35,0,33,61,67,2
5140,9.49,P,74,6,508,0,176,186,70,8,P,66,0,719,0,74,482,85,6,0,-8,-6,211,0,-102,296,15,-2
5141,8.27,P,32,0,300,0,70,172,53,4,Z,49,0,360,0,10,182,270,4,1,17,0,60,0,-60,10,217,0
5142,5,T,22,0,619,0,16,25,32,3,T,22,1,246,0,8,50,43,0,1,0,1,-373,0,-8,25,11,-3
5143,9.08,P,72,11,736,0,249,150,135,4,Z,47,8,435,0,327,182,168,6,0,-25,-3,-301,0,78,32,33,2
5144,3.01,Z,13,0,26,0,2,19,39,2,P,8,0,245,0,2,53,23,1,0,-5,0,219,0,0,34,-16,-1
5145,9.58,T,39,0,435,0,1,106,60,1,P,52,0,732,0,0,146,92,0,0,13,0,297,0,-1,40,32,-1
5146,9.59,T,112,0,356,0,91,440,124,6,P,90,6,393,0,200,263,130,7,0,-22,6,37,0,109,-177,6,1
5147,9.59,T,80,0,610,0,119,244,88,9,T,55,0,544,0,26,166,132,5,0,-25,0,-66,0,-93,-78,44,-4
5148,2.27,T,12,2,91,0,110,32,40,1,T,9,0,105,0,44,39,22,1,0,-3,-2,14,0,-66,7,-18,0
5149,9.33,T,59,0,304,0,38,120,92,4,T,18,0,247,0,0,17,34,0,0,-41,0,-57,0,-38,-103,-58,-4
5150,8.06,Z,52,0,409,0,48,111,127,5,Z,78,8,344,0,251,158,203,6,1,26,8,-65,0,203,47,76,1
5151,9.58,Z,57,4,271,0,65,119,176,1,P,47,5,493,0,25,460,100,4,1,-10,1,222,0,-40,341,-76,3
5152,9.59,P,37,0,993,0,13,80,81,2,P,33,0,763,0,21,110,55,2,1,-4,0,-230,0,8,30,-26,0
5153,9.59,Z,63,0,429,0,258,226,202,8,Z,64,0,619,0,37,270,196,2,1,1,0,190,0,-221,44,-6,-6
5154,3.48,Z,17,0,144,0,65,41,94,2,Z,17,0,50,0,18,50,59,2,1,0,0,-94,0,-47,9,-35,0
5155,8.53,P,53,0,745,0,45,259,107,3,T,74,0,489,0,661,310,135,13,1,21,0,-256,0,616,51,28,10
5156,10.5,Z,110,0,576,0,454,276,408,10,T,140,3,538,0,525,298,235,14,1,30,3,-38,0,71,22,-173,4
5157,9.58,T,50,0,721,0,0,51,72,0,P,38,0,354,0,18,98,62,4,0,-12,0,-367,0,18,47,-10,4
5158,4.27,Z,16,2,168,2,12,71,95,6,Z,19,1,241,0,457,56,127,4,1,3,-1,73,-2,445,-15,32,-2
5159,3.37,T,22,0,147,0,332,82,54,6,T,12,1,140,0,24,64,27,4,0,-10,1,-7,0,-308,-18,-27,-2
5160,3.26,P,15,0,112,0,0,119,89,2,Z,15,1,88,0,113,63,91,4,1,0,1,-24,0,113,-56,2,2
5161,4.34,T,27,4,171,0,189,87,44,2,P,22,0,174,0,2,113,44,1,1,-5,-4,3,0,-187,26,0,-1
5162,9.54,Z,61,3,552,10,60,110,237,0,T,87,4,485,0,260,179,194,3,0,26,1,-67,-10,200,69,-43,3
5163,1.01,P,3,0,37,0,0,19,7,0,Z,3,1,1,0,7,3,29,0,1,0,1,-36,0,7,-16,22,0
5164,8.1,Z,30,1,220,0,23,131,147,0,P,46,1,459,0,42,140,56,9,1,16,0,239,0,19,9,-91,9
5165,9.35,Z,57,2,279,0,74,155,172,3,T,76,4,496,0,237,158,149,12,1,19,2,217,0,163,3,-23,9
5166,8.19,Z,40,11,844,0,27,129,175,3,T,56,0,286,0,103,91,74,6,1,16,-11,-558,0,76,-38,-101,3
5167,10.42,T,139,0,483,0,682,272,313,19,T,106,3,405,0,123,142,124,5,0,-33,3,-78,0,-559,-130,-189,-14
5168,6.09,T,11,0,23,0,0,5,24,0,P,28,0,258,0,9,230,57,5,1,17,0,235,0,9,225,33,5
5169,8.34,T,89,0,815,1,661,200,94,6,P,73,3,392,0,484,231,130,14,0,-16,3,-423,-1,-177,31,36,8
5170,9.59,P,72,8,665,0,119,274,161,4,T,50,2,641,0,3,164,86,2,0,-22,-6,-24,0,-116,-110,-75,-2
5171,10.49,T,79,10,521,0,28,134,106,2,P,55,0,418,0,0,110,80,0,0,-24,-10,-103,0,-28,-24,-26,-2
5172,9.59,T,136,7,635,0,766,248,277,20,Z,104,5,769,0,258,304,421,1,0,-32,-2,134,0,-508,56,144,-19
5173,4.3,Z,23,0,219,0,7,92,88,0,Z,22,0,332,0,186,169,74,4,1,-1,0,113,0,179,77,-14,4
5174,0.33,Z,1,2,48,0,0,5,10,0,P,2,0,3,0,0,8,19,1,0,1,-2,-45,0,0,3,9,1
5175,7.58,Z,62,6,436,0,560,143,154,7,T,64,0,431,0,8,187,207,2,0,2,-6,-5,0,-552,44,53,-5
5176,4.38,Z,16,0,293,0,355,47,64,5,T,34,1,174,0,561,52,71,3,0,18,1,-119,0,206,5,7,-2
5177,9.59,T,106,10,638,0,851,248,174,13,Z,85,0,599,0,318,449,405,5,0,-21,-10,-39,0,-533,201,231,-8
5178,6.43,P,26,0,54,0,0,19,38,0,Z,35,4,351,0,5,42,119,0,0,9,4,297,0,5,23,81,0
5179,9.59,P,62,0,518,0,60,269,102,5,T,54,0,714,0,64,217,141,2,0,-8,0,196,0,4,-52,39,-3
5180,6.16,Z,31,5,207,0,21,67,89,0,P,28,0,318,0,5,127,163,0,1,-3,-5,111,0,-16,60,74,0
5181,9.58,Z,77,6,482,0,37,112,195,0,Z,66,0,548,0,15,79,263,3,1,-11,-6,66,0,-22,-33,68,3
5182,7.2,Z,43,2,176,0,116,110,146,5,P,16,4,312,0,1,35,39,0,1,-27,2,136,0,-115,-75,-107,-5
5183,6.55,Z,42,0,292,11,127,129,267,10,T,53,0,316,0,881,114,135,14,1,11,0,24,-11,754,-15,-132,4
5184,8.31,Z,47,14,430,0,102,70,142,6,Z,36,0,357,0,0,76,192,3,1,-11,-14,-73,0,-102,6,50,-3
5185,2.11,P,13,0,141,0,35,76,25,3,T,14,0,65,0,185,105,75,21,1,1,0,-76,0,150,29,50,18
5186,3.29,Z,7,0,135,0,16,62,28,2,T,15,0,245,0,27,62,48,1,0,8,0,110,0,11,0,20,-1
5187,7.13,Z,37,0,515,0,30,99,149,17,P,39,1,361,0,35,131,38,3,1,2,1,-154,0,5,32,-111,-14
5188,7.48,Z,43,0,321,0,555,223,195,7,Z,48,0,206,0,103,146,260,8,1,5,0,-115,0,-452,-77,65,1
5189,5.09,T,28,0,208,0,17,101,186,3,Z,25,7,158,0,26,55,84,0,0,-3,7,-50,0,9,-46,-102,-3
5190,5.3,T,21,0,415,0,0,45,51,4,T,33,0,428,0,0,71,75,1,0,12,0,13,0,0,26,24,-3
5191,9.59,Z,96,9,593,0,167,280,289,4,T,71,0,357,0,106,238,116,8,0,-25,-9,-236,0,-61,-42,-173,4
5192,9.58,Z,59,6,455,0,18,137,270,11,T,46,0,241,0,15,55,70,6,0,-13,-6,-214,0,-3,-82,-200,-5
5193,7.46,T,34,4,560,0,12,32,36,0,P,26,0,308,0,75,80,42,4,0,-8,-4,-252,0,63,48,6,4
5194,9.59,Z,57,0,839,0,29,92,184,2,T,85,6,607,0,19,226,132,1,0,28,6,-232,0,-10,134,-52,-1
5195,9.56,P,69,0,481,0,30,333,90,4,T,75,2,599,0,184,177,118,5,0,6,2,118,0,154,-156,28,1
5196,1.48,T,10,0,41,0,61,84,4,7,P,6,0,40,0,0,3,16,0,0,-4,0,-1,0,-61,-81,12,-7
5197,8.51,P,83,0,334,0,317,371,61,14,Z,68,0,305,0,75,200,213,7,0,-15,0,-29,0,-242,-171,152,-7
5198,7.13,T,28,0,398,0,9,89,57,5,P,24,0,651,0,0,184,42,1,0,-4,0,253,0,-9,95,-15,-4
5199,6.29,Z,56,14,262,0,363,195,269,8,T,71,1,255,0,436,213,86,7,0,15,-13,-7,0,73,18,-183,-1
5200,6.46,Z,20,0,436,0,3,306,117,0,P,57,0,379,0,406,226,48,8,1,37,0,-57,0,403,-80,-69,8
5201,9.03,T,82,4,459,0,676,296,135,9,Z,48,0,630,0,163,201,194,6,0,-34,-4,171,0,-513,-95,59,-3
5202,7.22,Z,35,3,453,0,4,92,153,0,T,49,4,251,0,57,95,138,0,1,14,1,-202,0,53,3,-15,0
5203,9.59,T,56,4,617,0,20,57,86,4,Z,52,0,306,0,18,63,179,2,0,-4,-4,-311,0,-2,6,93,-2
5204,7.34,T,87,0,501,0,147,166,99,14,Z,51,5,165,0,37,94,141,4,0,-36,5,-336,0,-110,-72,42,-10
5205,9.36,P,94,7,345,0,417,190,205,7,T,120,2,477,0,405,152,237,14,1,26,-5,132,0,-12,-38,32,7
5206,5.5,P,20,0,316,0,0,85,33,0,P,35,0,343,0,0,109,43,0,1,15,0,27,0,0,24,10,0
5207,8.21,Z,41,2,341,0,264,197,197,6,T,69,0,436,0,26,179,124,4,0,28,-2,95,0,-238,-18,-73,-2
5208,9.57,Z,61,5,88,0,40,83,154,0,P,76,1,484,0,33,98,80,4,1,15,-4,396,0,-7,15,-74,4
5209,5.26,T,34,0,166,0,404,153,48,10,T,43,0,403,0,66,95,66,10,1,9,0,237,0,-338,-58,18,0
5210,7.28,T,90,5,328,0,622,210,186,11,Z,65,3,273,5,106,236,228,3,0,-25,-2,-55,5,-516,26,42,-8
5211,9.59,T,43,0,477,0,11,98,110,4,Z,37,1,367,0,30,48,183,0,1,-6,1,-110,0,19,-50,73,-4
5212,0.2,T,1,0,17,1,0,19,2,0,Z,1,0,6,0,16,5,5,3,0,0,0,-11,-1,16,-14,3,3
5213,7.48,T,59,9,267,0,963,178,90,7,T,73,3,527,0,196,235,83,9,0,14,-6,260,0,-767,57,-7,2
5214,10.07,P,57,0,769,0,5,332,114,1,P,73,8,443,0,36,293,352,3,1,16,8,-326,0,31,-39,238,2
5215,7.28,T,87,0,302,0,40,252,132,12,Z,54,4,463,0,229,283,146,4,1,-33,4,161,0,189,31,14,-8
5216,7.19,T,77,0,468,0,679,325,72,8,P,63,3,461,0,102,290,106,4,0,-14,3,-7,0,-577,-35,34,-4
5217,9.59,T,65,2,654,0,128,270,123,9,T,100,0,504,0,117,361,140,5,0,35,-2,-150,0,-11,91,17,-4
5218,7.17,Z,25,0,227,0,31,22,91,2,T,44,4,189,0,22,70,82,1,1,19,4,-38,0,-9,48,-9,-1
5219,8.57,P,51,0,491,0,41,252,94,24,P,60,0,361,0,154,350,187,13,1,9,0,-130,0,113,98,93,-11
5220,3.5,Z,15,5,147,0,17,46,53,0,Z,14,3,70,0,21,72,44,1,1,-1,-2,-77,0,4,26,-9,1
5221,5.46,Z,41,0,224,0,118,42,94,5,Z,41,8,178,0,116,158,213,0,0,0,8,-46,0,-2,116,119,-5
5222,3.27,T,13,1,82,0,20,98,27,0,Z,12,0,116,0,106,80,152,2,0,-1,-1,34,0,86,-18,125,2
5223,9.59,T,104,0,411,0,344,334,115,8,Z,69,0,616,0,50,143,288,11,0,-35,0,205,0,-294,-191,173,3
5224,9.07,T,59,0,472,0,24,229,99,4,Z,41,0,539,0,7,358,200,1,1,-18,0,67,0,-17,129,101,-3
5225,6.35,P,35,0,311,1,6,51,59,2,P,26,0,209,0,0,87,55,0,0,-9,0,-102,-1,-6,36,-4,-2
5226,7.13,T,46,3,797,0,229,162,131,13,T,61,0,533,0,273,192,53,5,1,15,-3,-264,0,44,30,-78,-8
5227,4.45,Z,23,2,92,0,44,76,92,0,Z,27,2,146,1,37,61,103,1,0,4,0,54,1,-7,-15,11,1
5228,9.59,P,75,0,445,0,398,339,138,20,Z,92,4,456,0,294,173,312,6,1,17,4,11,0,-104,-166,174,-14
5229,10.27,Z,62,1,858,0,64,183,267,7,T,64,5,906,4,17,289,185,1,1,2,4,48,4,-47,106,-82,-6
5230,4.15,P,10,1,117,0,5,34,10,0,Z,18,1,319,0,4,83,67,0,1,8,0,202,0,-1,49,57,0
5231,9.34,Z,69,1,269,0,142,128,227,4,T,88,4,620,0,26,209,139,0,0,19,3,351,0,-116,81,-88,-4
5232,3.56,Z,12,1,146,0,12,42,100,2,T,7,0,192,0,0,16,14,0,0,-5,-1,46,0,-12,-26,-86,-2
5233,9.05,T,51,0,525,0,9,93,123,3,Z,83,3,517,2,911,497,285,19,1,32,3,-8,2,902,404,162,16
5234,5.34,T,50,0,195,0,178,134,58,4,P,27,2,170,3,21,132,76,0,1,-23,2,-25,3,-157,-2,18,-4
5235,9.59,P,56,0,319,0,22,140,61,3,P,51,0,561,0,12,141,138,8,1,-5,0,242,0,-10,1,77,5
5236,1.22,P,7,0,8,0,1,6,5,0,Z,6,0,27,0,0,21,26,0,1,-1,0,19,0,-1,15,21,0
5237,4.54,P,21,0,328,0,0,57,32,0,T,20,0,198,0,0,54,52,1,0,-1,0,-130,0,0,-3,20,1
5238,9.17,P,64,3,414,0,1163,257,230,13,T,63,0,257,0,32,154,76,5,1,-1,-3,-157,0,-1131,-103,-154,-8
5239,9.59,Z,46,4,515,0,29,86,177,4,P,41,0,542,1,13,70,65,2,0,-5,-4,27,1,-16,-16,-112,-2
5240,10.14,Z,51,0,474,0,42,145,226,10,T,95,0,523,0,163,167,253,15,1,44,0,49,0,121,22,27,5
5241,3.32,T,23,4,270,0,19,76,35,1,Z,18,5,291,0,72,82,99,0,1,-5,1,21,0,53,6,64,-1
5242,5.14,T,27,0,357,0,0,17,56,1,T,31,0,203,0,212,188,147,8,0,4,0,-154,0,212,171,91,7
5243,4.37,T,25,4,203,0,39,203,112,2,T,39,0,302,0,118,114,80,5,0,14,-4,99,0,79,-89,-32,3
5244,6.23,Z,39,5,146,0,41,81,127,0,Z,34,2,449,0,30,42,124,0,0,-5,-3,303,0,-11,-39,-3,0
5245,7.03,Z,66,4,334,0,323,169,248,9,P,54,1,313,0,389,184,107,12,0,-12,-3,-21,0,66,15,-141,3
5246,9.59,T,77,3,537,0,106,112,75,8,Z,59,11,575,0,233,260,302,3,1,-18,8,38,0,127,148,227,-5
5247,4.44,Z,20,3,226,2,217,139,152,4,P,37,0,182,0,325,159,36,7,1,17,-3,-44,-2,108,20,-116,3
5248,9.59,P,68,0,566,0,29,251,188,2,Z,30,2,654,0,10,206,197,2,0,-38,2,88,0,-19,-45,9,0
5249,5.58,P,42,0,226,0,27,172,75,6,Z,35,0,322,0,380,108,163,6,0,-7,0,96,0,353,-64,88,0
5250,9.59,T,92,10,348,0,45,181,104,0,Z,46,0,626,0,25,211,182,5,1,-46,-10,278,0,-20,30,78,5
5251,4.21,P,25,2,243,0,14,116,28,3,Z,21,0,324,0,91,144,140,4,1,-4,-2,81,0,77,28,112,1
5252,9.59,T,65,6,538,0,10,115,87,0,Z,60,0,625,0,64,147,182,9,0,-5,-6,87,0,54,32,95,9
5253,6.54,Z,71,17,411,0,302,256,248,4,P,67,1,295,0,293,236,72,13,1,-4,-16,-116,0,-9,-20,-176,9
5254,5.36,P,33,0,296,0,13,63,93,3,T,25,1,462,0,185,114,63,4,1,-8,1,166,0,172,51,-30,1
5255,8.27,P,59,4,282,0,32,134,60,1,Z,67,2,393,2,252,183,352,6,1,8,-2,111,2,220,49,292,5
5256,7.14,T,99,0,461,0,563,107,96,11,Z,70,6,289,0,477,201,179,7,1,-29,6,-172,0,-86,94,83,-4
5257,9.59,P,58,9,669,0,237,193,67,5,Z,67,3,286,0,92,237,267,11,1,9,-6,-383,0,-145,44,200,6
5258,9.57,Z,54,1,639,0,48,153,158,5,T,49,0,419,0,10,91,82,5,0,-5,-1,-220,0,-38,-62,-76,0
5259,7.53,T,64,6,536,0,297,292,121,2,P,67,0,284,0,91,317,132,9,1,3,-6,-252,0,-206,25,11,7
5260,9.15,P,64,1,579,0,366,145,138,2,Z,44,0,564,0,99,274,234,5,0,-20,-1,-15,0,-267,129,96,3
5261,5.36,P,22,0,225,0,11,86,31,9,Z,31,3,250,0,70,69,106,5,0,9,3,25,0,59,-17,75,-4
5262,6.14,P,41,4,453,0,17,100,59,0,Z,41,6,200,1,106,138,151,3,1,0,2,-253,1,89,38,92,3
5263,5.37,Z,13,0,152,0,1,7,39,1,P,25,0,293,0,0,13,21,0,1,12,0,141,0,-1,6,-18,-1
5264,9.59,P,87,11,557,0,17,306,135,2,Z,64,2,383,0,115,174,440,3,1,-23,-9,-174,0,98,-132,305,1
5265,9.59,T,44,11,255,0,181,93,86,3,P,38,2,458,0,46,334,89,7,0,-6,-9,203,0,-135,241,3,4
5266,6.06,T,30,2,745,0,14,72,49,0,T,44,4,532,0,42,61,67,1,0,14,2,-213,0,28,-11,18,1
5267,9.59,T,42,5,725,0,9,40,103,0,Z,48,0,229,0,3,45,160,3,1,6,-5,-496,0,-6,5,57,3
5268,4.22,T,29,0,212,0,211,119,102,5,P,25,0,182,0,285,85,103,16,1,-4,0,-30,0,74,-34,1,11
5269,10.16,Z,64,2,841,0,143,265,335,0,T,100,2,637,0,102,263,114,6,0,36,0,-204,0,-41,-2,-221,6
5270,5.58,Z,39,0,198,0,0,84,97,0,T,38,0,350,0,2,112,50,1,0,-1,0,152,0,2,28,-47,1
5271,8.39,P,56,8,208,0,31,147,73,0,Z,42,1,664,0,88,207,190,2,1,-14,-7,456,0,57,60,117,2
5272,3.17,Z,14,0,98,0,165,47,124,4,Z,11,1,126,0,18,46,60,0,0,-3,1,28,0,-147,-1,-64,-4
5273,9.59,Z,95,4,551,0,806,289,402,11,Z,81,4,685,0,54,262,172,3,1,-14,0,134,0,-752,-27,-230,-8
5274,8.04,P,41,0,423,0,11,87,68,0,Z,20,4,202,0,47,44,108,0,1,-21,4,-221,0,36,-43,40,0
5275,10.23,T,93,8,527,0,208,213,173,9,Z,65,7,315,0,31,147,219,1,0,-28,-1,-212,0,-177,-66,46,-8
5276,4.24,Z,29,3,163,0,60,100,104,2,Z,22,0,59,0,15,68,58,7,0,-7,-3,-104,0,-45,-32,-46,5
5277,9.59,P,78,0,641,0,10,413,148,7,T,63,5,596,7,144,186,144,0,0,-15,5,-45,7,134,-227,-4,-7
5278,8.1,Z,44,3,341,1,301,264,322,8,Z,55,3,331,0,125,81,284,1,1,11,0,-10,-1,-176,-183,-38,-7
5279,5.25,P,44,2,298,0,146,161,91,5,Z,46,6,161,0,178,128,122,1,0,2,4,-137,0,32,-33,31,-4
5280,9.02,Z,32,1,506,0,8,83,160,0,Z,44,7,371,0,43,60,177,2,1,12,6,-135,0,35,-23,17,2
5281,4.04,T,32,0,116,0,350,62,153,5,T,33,0,223,0,94,107,54,6,1,1,0,107,0,-256,45,-99,1
5282,9.42,T,63,0,445,0,11,135,96,4,Z,49,2,324,0,26,104,158,0,1,-14,2,-121,0,15,-31,62,-4
5283,8.17,P,75,5,489,0,272,147,51,8,T,71,5,600,0,53,211,83,6,0,-4,0,111,0,-219,64,32,-2
5284,9.58,Z,60,3,614,0,293,298,430,0,Z,60,0,534,0,65,147,152,2,0,0,-3,-80,0,-228,-151,-278,2
5285,7.01,P,51,1,352,0,743,173,139,16,T,51,8,326,0,244,90,119,3,1,0,7,-26,0,-499,-83,-20,-13
5286,10.55,P,39,0,1107,0,9,379,59,3,P,68,0,465,0,40,241,60,9,1,29,0,-642,0,31,-138,1,6
5287,4.46,T,36,0,196,0,69,75,80,6,Z,30,0,152,0,29,99,225,4,1,-6,0,-44,0,-40,24,145,-2
5288,7.25,P,39,8,316,0,34,294,141,0,P,45,0,164,0,202,214,156,11,0,6,-8,-152,0,168,-80,15,11
5289,8.18,Z,29,1,273,0,11,99,83,0,T,46,0,555,0,1,156,80,0,0,17,-1,282,0,-10,57,-3,0
5290,4.21,Z,12,3,265,0,4,41,50,0,Z,23,2,131,0,42,136,119,3,0,11,-1,-134,0,38,95,69,3
5291,5.04,T,31,0,160,0,48,85,58,5,T,61,0,123,0,35,207,33,4,1,30,0,-37,0,-13,122,-25,-1
5292,9.58,T,68,0,562,2,105,185,116,9,P,63,2,455,0,33,189,66,12,1,-5,2,-107,-2,-72,4,-50,3
5293,9.59,T,65,8,831,0,42,148,135,0,Z,57,0,341,0,39,176,171,9,0,-8,-8,-490,0,-3,28,36,9
5294,4.58,Z,17,0,354,0,7,156,77,1,P,17,0,197,0,4,54,25,4,1,0,0,-157,0,-3,-102,-52,3
5295,4.19,T,22,0,131,0,20,59,44,2,Z,22,0,221,0,29,97,115,7,0,0,0,90,0,9,38,71,5
5296,9.59,T,39,0,691,0,0,123,104,0,Z,70,4,515,0,38,224,246,0,1,31,4,-176,0,38,101,142,0
5297,9.58,Z,86,0,588,0,25,71,192,3,P,58,1,684,0,10,46,75,0,0,-28,1,96,0,-15,-25,-117,-3
5298,7.23,P,52,4,208,0,472,114,60,11,T,39,0,563,0,30,28,39,5,0,-13,-4,355,0,-442,-86,-21,-6
5299,7.13,T,26,0,460,0,0,137,51,0,T,19,1,383,0,5,123,29,0,1,-7,1,-77,0,5,-14,-22,0
5300,10.29,Z,97,9,389,2,140,204,272,8,Z,86,2,684,0,204,422,396,12,0,-11,-7,295,-2,64,218,124,4
5301,7.53,T,53,0,367,0,6,40,108,2,Z,55,0,431,1,445,146,145,13,0,2,0,64,1,439,106,37,11
5302,2.33,P,2,0,125,0,0,37,7,0,P,9,0,146,0,4,12,6,3,1,7,0,21,0,4,-25,-1,3
5303,9.59,P,69,5,635,2,537,328,96,5,T,70,0,531,0,522,159,121,8,0,1,-5,-104,-2,-15,-169,25,3
5304,8.04,P,51,4,411,6,103,82,61,0,Z,44,1,233,0,443,180,341,2,0,-7,-3,-178,-6,340,98,280,2
5305,8.31,T,74,0,558,0,64,280,126,5,T,50,8,477,0,152,140,116,1,1,-24,8,-81,0,88,-140,-10,-4
5306,9.56,Z,61,5,416,0,607,122,204,10,T,94,7,642,0,358,225,177,6,1,33,2,226,0,-249,103,-27,-4
5307,4.36,Z,25,2,227,0,105,124,162,3,P,33,0,374,0,427,148,97,7,1,8,-2,147,0,322,24,-65,4
5308,9.59,Z,62,1,528,0,338,148,303,5,P,62,0,539,0,44,138,90,9,0,0,-1,11,0,-294,-10,-213,4
5309,9.55,T,100,0,467,0,21,187,194,6,T,91,3,1100,0,26,183,118,6,0,-9,3,633,0,5,-4,-76,0
5310,2.15,P,12,0,125,0,133,93,23,8,Z,8,0,26,0,43,44,39,2,0,-4,0,-99,0,-90,-49,16,-6
5311,10.08,T,58,0,708,0,21,59,68,5,T,50,2,579,0,28,36,66,2,1,-8,2,-129,0,7,-23,-2,-3
5312,2.59,Z,14,0,41,0,16,11,40,1,Z,11,0,98,0,18,14,37,2,0,-3,0,57,0,2,3,-3,1
5313,9.59,Z,66,2,692,0,697,199,287,13,P,67,7,790,0,58,162,87,7,0,1,5,98,0,-639,-37,-200,-6
5314,8.51,Z,32,6,347,0,21,183,154,0,P,65,6,337,6,50,219,57,2,0,33,0,-10,6,29,36,-97,2
5315,10.32,Z,93,7,564,0,223,384,271,12,T,134,3,454,0,756,308,163,13,1,41,-4,-110,0,533,-76,-108,1
5316,7.47,T,49,0,566,0,0,121,74,0,Z,29,0,164,0,0,99,151,0,0,-20,0,-402,0,0,-22,77,0
5317,9.33,T,123,7,406,0,187,243,159,18,T,132,0,422,0,377,369,185,19,0,9,-7,16,0,190,126,26,1
5318,2.41,P,5,0,70,0,0,3,15,0,P,8,0,76,0,13,40,13,3,1,3,0,6,0,13,37,-2,3
5319,9.59,T,96,10,232,0,612,147,206,16,P,62,0,472,0,159,199,141,10,0,-34,-10,240,0,-453,52,-65,-6
5320,9.59,Z,57,3,388,0,34,97,186,2,T,68,0,1011,0,576,231,115,7,0,11,-3,623,0,542,134,-71,5
5321,9.42,P,97,0,354,0,170,464,136,24,P,66,10,388,0,138,295,93,11,1,-31,10,34,0,-32,-169,-43,-13
5322,3.4,P,19,0,234,0,7,63,27,1,P,19,3,134,0,15,77,83,0,0,0,3,-100,0,8,14,56,-1
5323,9.59,P,59,0,957,0,67,254,77,11,T,66,4,692,0,21,253,92,2,0,7,4,-265,0,-46,-1,15,-9
5324,10.17,T,70,1,401,0,22,140,156,14,T,70,9,401,2,66,84,90,2,1,0,8,0,2,44,-56,-66,-12
5325,8.44,P,21,1,382,0,4,239,55,3,T,62,0,447,0,43,212,59,6,0,41,-1,65,0,39,-27,4,3
5326,4.11,T,17,2,278,0,2,43,65,1,P,20,0,118,0,0,30,20,0,1,3,-2,-160,0,-2,-13,-45,-1
5327,8.28,Z,30,3,388,0,10,103,124,0,T,53,0,435,0,58,118,100,6,1,23,-3,47,0,48,15,-24,6
5328,6.17,P,34,0,526,0,26,69,30,1,T,31,0,434,0,0,87,41,0,0,-3,0,-92,0,-26,18,11,-1
5329,4.3,P,25,1,192,0,219,92,188,8,T,21,0,215,0,16,154,37,4,0,-4,-1,23,0,-203,62,-151,-4
5330,8.37,Z,53,0,210,0,197,154,381,9,P,40,2,541,0,11,145,76,11,0,-13,2,331,0,-186,-9,-305,2
5331,9.55,Z,55,0,367,0,5,170,242,1,P,61,11,534,0,94,341,78,1,0,6,11,167,0,89,171,-164,0
5332,7.14,T,25,0,456,0,0,47,51,2,P,32,3,299,0,17,84,46,7,1,7,3,-157,0,17,37,-5,5
5333,7.25,P,41,0,279,0,211,178,82,8,Z,32,0,518,0,31,202,192,15,1,-9,0,239,0,-180,24,110,7
5334,4.1,Z,21,0,74,0,33,51,62,5,Z,18,0,74,0,43,30,61,3,0,-3,0,0,0,10,-21,-1,-2
5335,8.48,Z,80,9,430,0,469,198,277,26,Z,64,15,381,5,332,165,247,4,1,-16,6,-49,5,-137,-33,-30,-22
5336,3.5,P,18,0,139,0,1,62,28,0,P,12,0,259,0,0,33,21,0,0,-6,0,120,0,-1,-29,-7,0
5337,10.19,Z,62,2,287,0,102,208,192,7,T,60,5,737,0,65,153,89,6,0,-2,3,450,0,-37,-55,-103,-1
5338,2.17,Z,6,1,17,0,4,8,24,1,P,6,0,106,0,0,20,2,1,0,0,-1,89,0,-4,12,-22,0
5339,7.26,T,59,0,513,0,90,199,193,4,P,46,0,237,0,327,147,80,12,1,-13,0,-276,0,237,-52,-113,8
5340,2.49,Z,9,1,112,0,1,21,52,1,Z,9,0,258,0,44,20,56,1,0,0,-1,146,0,43,-1,4,0
5341,3.46,T,16,0,225,0,2,61,28,0,Z,16,0,201,0,40,96,75,3,1,0,0,-24,0,38,35,47,3
5342,10.23,T,96,0,931,0,348,283,259,14,Z,65,0,369,0,121,131,190,3,1,-31,0,-562,0,-227,-152,-69,-11
5343,9.57,Z,62,2,353,0,27,96,180,0,T,50,0,723,0,0,107,66,0,0,-12,-2,370,0,-27,11,-114,0
5344,9.59,T,55,0,864,0,6,332,47,3,T,44,0,406,0,7,118,77,3,0,-11,0,-458,0,1,-214,30,0
5345,9.59,T,86,2,665,0,25,161,149,3,Z,59,0,559,0,258,166,306,7,1,-27,-2,-106,0,233,5,157,4
5346,8.25,Z,24,0,685,0,3,80,84,4,P,43,6,651,0,24,51,37,0,1,19,6,-34,0,21,-29,-47,-4
5347,7.5,T,85,8,459,0,364,218,96,3,T,83,0,354,0,308,179,96,17,0,-2,-8,-105,0,-56,-39,0,14
5348,10.29,Z,68,0,476,0,48,168,197,15,T,99,0,707,0,249,336,188,9,1,31,0,231,0,201,168,-9,-6
5349,4.23,T,19,0,264,0,63,104,99,2,Z,31,0,138,0,56,55,79,4,1,12,0,-126,0,-7,-49,-20,2
5350,2.12,P,7,1,63,0,0,41,6,0,P,7,0,92,0,24,50,13,2,0,0,-1,29,0,24,9,7,2
5351,9.56,T,86,0,710,0,330,291,196,10,Z,85,5,440,0,109,115,193,2,1,-1,5,-270,0,-221,-176,-3,-8
5352,8.27,Z,58,1,608,0,88,127,216,0,P,56,1,708,0,25,198,82,4,0,-2,0,100,0,-63,71,-134,4
5353,7.06,P,37,0,498,0,2,114,51,2,T,52,0,560,0,15,168,64,6,0,15,0,62,0,13,54,13,4
5354,3.42,T,14,0,193,0,232,47,123,6,T,16,0,157,0,144,66,129,5,0,2,0,-36,0,-88,19,6,-1
5355,1.42,P,4,0,60,0,13,23,27,1,T,8,1,121,0,4,20,9,0,0,4,1,61,0,-9,-3,-18,-1
5356,6.37,P,33,0,161,0,10,136,65,6,T,40,0,459,0,8,108,94,5,0,7,0,298,0,-2,-28,29,-1
5357,9.58,Z,70,6,613,0,69,224,193,5,T,99,2,483,0,395,282,143,6,1,29,-4,-130,0,326,58,-50,1
5358,7.14,T,27,0,526,0,3,57,54,1,T,49,1,404,0,31,141,73,2,1,22,1,-122,0,28,84,19,1
5359,10.21,T,47,2,355,0,3,31,50,0,Z,43,7,399,0,418,67,137,1,1,-4,5,44,0,415,36,87,1
5360,3,T,7,0,125,0,0,23,11,2,Z,11,3,125,0,53,47,72,0,1,4,3,0,0,53,24,61,-2
5361,10.47,T,106,5,669,0,129,264,146,2,P,70,7,739,0,49,315,158,11,0,-36,2,70,0,-80,51,12,9
5362,9.59,P,66,0,529,0,23,265,77,13,T,195,0,555,0,245,404,286,14,1,129,0,26,0,222,139,209,1
5363,9.32,Z,32,0,324,0,0,75,129,0,T,41,0,823,0,1,40,78,0,0,9,0,499,0,1,-35,-51,0
5364,3.49,T,6,0,182,0,1,50,21,0,T,38,0,159,0,280,66,64,6,1,32,0,-23,0,279,16,43,6
5365,9.59,T,62,2,442,0,59,328,137,2,T,53,2,709,0,1,195,116,0,0,-9,0,267,0,-58,-133,-21,-2
5366,7.39,P,59,0,285,0,561,213,258,8,T,68,7,235,0,587,227,217,9,1,9,7,-50,0,26,14,-41,1
5367,4.27,T,22,0,227,0,329,129,84,9,P,22,1,167,0,22,68,28,4,0,0,1,-60,0,-307,-61,-56,-5
5368,7.2,Z,33,0,375,0,10,139,161,5,P,31,0,418,0,20,113,45,3,0,-2,0,43,0,10,-26,-116,-2
5369,9.33,P,43,0,605,0,0,87,60,0,Z,29,3,148,0,21,81,87,0,0,-14,3,-457,0,21,-6,27,0
5370,2.11,T,8,1,61,0,0,9,19,2,T,1,0,63,0,0,3,1,0,0,-7,-1,2,0,0,-6,-18,-2
5371,9.59,P,62,0,546,0,194,131,94,5,T,82,19,539,0,53,148,106,1,0,20,19,-7,0,-141,17,12,-4
5372,9.56,T,57,0,348,0,22,62,77,3,P,49,0,461,0,29,109,79,4,1,-8,0,113,0,7,47,2,1
5373,9.36,Z,35,0,241,0,15,82,118,5,T,57,3,921,0,8,128,175,0,0,22,3,680,0,-7,46,57,-5
5374,9.59,Z,73,13,581,0,81,136,208,7,T,85,9,544,0,251,181,137,5,0,12,-4,-37,0,170,45,-71,-2
5375,8.06,T,38,0,531,0,11,235,109,2,T,43,0,535,0,218,272,90,6,1,5,0,4,0,207,37,-19,4
5376,2.48,T,4,0,175,0,0,13,11,1,P,10,0,97,0,30,62,11,1,0,6,0,-78,0,30,49,0,0
5377,3.18,Z,10,3,184,11,104,54,77,0,P,19,1,113,0,159,48,12,3,0,9,-2,-71,-11,55,-6,-65,3
5378,6.08,T,17,0,420,0,0,31,31,0,T,30,0,735,0,0,77,106,7,1,13,0,315,0,0,46,75,7
5379,9.59,T,72,0,795,0,6,167,128,1,T,62,0,402,0,16,139,95,8,0,-10,0,-393,0,10,-28,-33,7
5380,9.59,P,65,1,253,0,492,303,223,12,Z,77,13,424,0,526,200,674,6,1,12,12,171,0,34,-103,451,-6
5381,8.09,Z,55,0,523,11,79,246,197,1,Z,43,1,253,0,13,134,138,0,0,-12,1,-270,-11,-66,-112,-59,-1
5382,7.11,T,66,0,281,0,501,177,154,18,P,60,0,229,0,102,127,70,9,0,-6,0,-52,0,-399,-50,-84,-9
5383,7.57,Z,39,3,186,0,22,53,129,0,T,53,5,420,0,163,176,102,0,1,14,2,234,0,141,123,-27,0
5384,2.1,T,11,1,101,0,66,44,17,0,T,6,0,72,0,1,8,14,3,1,-5,-1,-29,0,-65,-36,-3,3
5385,4.17,T,26,0,324,0,9,65,133,2,Z,24,1,217,0,7,54,84,2,1,-2,1,-107,0,-2,-11,-49,0
5386,2.18,Z,10,2,102,0,53,42,68,0,Z,11,0,40,0,0,41,60,2,1,1,-2,-62,0,-53,-1,-8,2
5387,6.16,Z,43,3,144,0,22,259,131,0,Z,48,0,284,0,109,213,185,3,1,5,-3,140,0,87,-46,54,3
5388,9.59,Z,51,0,1037,0,55,114,149,4,Z,17,3,156,0,119,32,137,0,0,-34,3,-881,0,64,-82,-12,-4
5389,10.02,T,58,0,935,0,105,271,144,5,P,50,1,516,0,6,233,71,1,0,-8,1,-419,0,-99,-38,-73,-4
5390,6.53,P,36,0,177,0,799,95,47,6,P,19,0,282,0,122,113,46,2,0,-17,0,105,0,-677,18,-1,-4
5391,9.58,P,60,4,448,0,38,157,51,0,P,57,8,264,0,50,522,93,2,1,-3,4,-184,0,12,365,42,2
5392,9.55,P,47,7,819,0,44,171,53,2,T,49,0,1011,0,5,26,65,1,0,2,-7,192,0,-39,-145,12,-1
5393,9.59,T,71,0,617,0,9,180,69,2,P,42,0,637,0,1,89,58,1,0,-29,0,20,0,-8,-91,-11,-1
5394,6.3,T,33,0,221,0,8,125,61,4,P,29,0,184,0,2,76,70,1,1,-4,0,-37,0,-6,-49,9,-3
5395,8.33,Z,83,0,342,0,118,237,284,3,T,54,0,515,0,44,216,150,6,0,-29,0,173,0,-74,-21,-134,3
5396,7.5,Z,70,8,392,0,985,302,200,12,Z,77,10,312,3,428,289,294,17,0,7,2,-80,3,-557,-13,94,5
5397,4.47,P,18,0,217,2,15,149,25,0,P,17,0,122,0,6,61,10,3,1,-1,0,-95,-2,-9,-88,-15,3
5398,8.14,T,76,3,408,0,529,409,253,10,T,72,2,334,0,780,377,280,13,1,-4,-1,-74,0,251,-32,27,3
5399,6.19,Z,51,7,304,0,176,229,262,0,Z,36,6,246,0,583,126,161,21,0,-15,-1,-58,0,407,-103,-101,21
5400,6.2,Z,27,0,288,0,36,83,94,1,T,64,3,185,0,35,155,96,11,1,37,3,-103,0,-1,72,2,10
5401,5.56,T,55,0,434,0,88,130,96,4,Z,35,1,183,0,202,123,252,1,0,-20,1,-251,0,114,-7,156,-3
5402,8.13,T,43,7,534,0,78,134,158,4,Z,52,2,381,0,33,195,302,10,0,9,-5,-153,0,-45,61,144,6
5403,4.57,T,31,0,321,0,80,252,56,8,Z,23,1,180,0,34,133,119,2,0,-8,1,-141,0,-46,-119,63,-6
5404,9.58,P,28,1,557,0,6,177,92,2,T,40,0,423,0,0,68,69,0,0,12,-1,-134,0,-6,-109,-23,-2
5405,3.33,P,13,0,106,0,153,29,163,3,T,18,0,106,0,454,48,176,7,0,5,0,0,0,301,19,13,4
5406,5.26,T,38,1,176,0,168,139,58,8,Z,35,1,109,0,44,118,171,7,0,-3,0,-67,0,-124,-21,113,-1
5407,8.4,T,25,0,193,0,0,31,61,0,P,45,2,330,0,2,39,61,0,1,20,2,137,0,2,8,0,0
5408,4.41,P,32,0,388,0,28,157,86,6,Z,26,1,205,0,82,131,140,1,0,-6,1,-183,0,54,-26,54,-5
5409,9.59,T,106,2,447,0,460,333,206,17,Z,107,5,419,0,331,245,392,6,0,1,3,-28,0,-129,-88,186,-11
5410,9,P,44,0,550,0,36,209,80,3,Z,44,4,780,0,42,73,166,0,1,0,4,230,0,6,-136,86,-3
5411,8.24,Z,49,3,236,0,31,110,178,2,Z,56,1,426,0,373,207,402,2,0,7,-2,190,0,342,97,224,0
5412,6.09,P,56,0,200,0,668,232,166,11,T,63,3,322,0,117,225,103,15,0,7,3,122,0,-551,-7,-63,4
5413,9.58,P,55,0,263,0,29,157,103,2,P,45,0,411,0,3,98,67,3,1,-10,0,148,0,-26,-59,-36,1
5414,6.07,Z,19,0,103,0,1,62,98,1,P,38,1,189,0,561,114,89,6,0,19,1,86,0,560,52,-9,5
5415,9.59,T,52,0,538,1,100,39,58,4,Z,54,0,541,0,37,128,146,9,1,2,0,3,-1,-63,89,88,5
5416,5.54,Z,23,2,320,0,271,125,224,6,P,42,1,316,0,155,188,78,13,1,19,-1,-4,0,-116,63,-146,7
5417,3.55,P,21,0,317,0,211,68,25,2,Z,14,7,228,0,42,26,59,0,1,-7,7,-89,0,-169,-42,34,-2
5418,9.58,Z,59,2,400,0,49,95,229,1,P,52,0,436,0,22,150,113,2,0,-7,-2,36,0,-27,55,-116,1
5419,3.49,P,9,0,104,0,0,12,10,0,P,17,0,103,0,1,45,31,0,1,8,0,-1,0,1,33,21,0
5420,9.58,Z,40,0,753,0,20,77,132,5,T,40,0,510,0,0,95,95,0,1,0,0,-243,0,-20,18,-37,-5
5421,8.14,P,40,0,160,0,28,55,70,2,T,41,8,732,0,12,96,84,4,1,1,8,572,0,-16,41,14,2
5422,8.12,Z,64,7,219,0,117,195,227,6,P,74,1,419,0,172,206,129,5,0,10,-6,200,0,55,11,-98,-1
5423,9.26,P,35,0,804,0,4,200,55,3,Z,39,0,786,1,1,112,124,0,0,4,0,-18,1,-3,-88,69,-3
5424,8.34,P,53,0,507,0,0,97,96,0,T,45,0,277,1,35,91,84,0,1,-8,0,-230,1,35,-6,-12,0
5425,8.12,Z,39,0,280,3,18,169,150,0,Z,48,0,700,0,45,234,163,5,1,9,0,420,-3,27,65,13,5
5426,6.25,T,72,1,254,0,205,206,39,12,Z,45,0,649,0,50,85,145,6,0,-27,-1,395,0,-155,-121,106,-6
5427,7.17,T,43,4,494,0,16,109,83,1,P,49,0,337,0,22,140,58,5,0,6,-4,-157,0,6,31,-25,4
5428,8.08,Z,77,0,438,32,270,300,311,10,Z,66,0,500,9,180,373,288,1,0,-11,0,62,-23,-90,73,-23,-9
5429,9.59,T,75,7,537,0,132,145,118,0,Z,75,6,418,0,233,180,219,7,1,0,-1,-119,0,101,35,101,7
5430,4.05,Z,15,1,170,0,11,59,72,1,T,14,2,392,0,15,62,21,0,0,-1,1,222,0,4,3,-51,-1
5431,9.59,Z,51,1,1567,0,49,104,169,5,Z,66,11,198,0,13,71,226,0,1,15,10,-1369,0,-36,-33,57,-5
5432,6.22,T,40,0,573,0,2,127,84,1,T,23,0,436,0,1,99,60,3,1,-17,0,-137,0,-1,-28,-24,2
5433,5.34,T,15,0,581,0,2,76,54,1,T,31,0,462,0,15,63,43,5,1,16,0,-119,0,13,-13,-11,4
5434,3.04,T,15,0,95,0,5,19,30,1,T,8,0,125,0,0,15,12,1,1,-7,0,30,0,-5,-4,-18,0
5435,9.57,T,61,0,725,1,21,118,116,5,Z,49,3,468,0,69,120,201,1,1,-12,3,-257,-1,48,2,85,-4
5436,8.12,T,60,0,492,0,14,82,100,5,P,66,10,503,0,57,190,43,1,1,6,10,11,0,43,108,-57,-4
5437,9.59,T,55,0,602,0,31,155,91,9,P,54,7,211,0,42,130,50,0,0,-1,7,-391,0,11,-25,-41,-9
5438,9.59,T,100,0,688,0,38,197,132,8,Z,85,4,355,0,189,232,255,5,1,-15,4,-333,0,151,35,123,-3
5439,9.59,T,63,1,780,0,11,172,148,5,P,78,1,504,3,340,315,226,0,1,15,0,-276,3,329,143,78,-5
5440,6.3,T,47,17,373,0,291,246,211,5,P,32,0,176,0,28,75,60,10,0,-15,-17,-197,0,-263,-171,-151,5
5441,4.38,T,24,1,239,0,9,44,32,5,P,27,2,102,0,75,106,60,2,0,3,1,-137,0,66,62,28,-3
5442,9.59,T,89,0,313,0,263,241,194,27,Z,109,0,532,0,180,227,376,3,1,20,0,219,0,-83,-14,182,-24
5443,5.58,Z,37,0,202,0,38,73,97,7,Z,33,2,234,0,146,149,224,0,0,-4,2,32,0,108,76,127,-7
5444,9.59,T,72,0,500,0,0,157,132,0,T,78,1,712,0,312,165,124,2,1,6,1,212,0,312,8,-8,2
5445,5.51,T,29,0,169,0,104,107,31,3,P,21,0,150,0,11,61,30,3,0,-8,0,-19,0,-93,-46,-1,0
5446,9.05,Z,40,0,767,0,72,205,147,2,Z,77,0,431,0,35,212,248,3,1,37,0,-336,0,-37,7,101,1
5447,9.11,P,55,5,945,0,91,207,68,3,P,49,3,694,0,5,202,79,3,1,-6,-2,-251,0,-86,-5,11,0
5448,9.55,P,38,0,169,0,1,51,38,1,Z,30,4,477,0,18,59,106,0,0,-8,4,308,0,17,8,68,-1
5449,9.58,P,74,4,448,0,91,150,110,3,Z,72,16,534,0,34,138,203,15,0,-2,12,86,0,-57,-12,93,12
5450,8.06,T,71,0,367,0,30,194,93,8,T,51,0,631,0,31,125,95,3,1,-20,0,264,0,1,-69,2,-5
5451,3.54,P,16,0,279,0,28,82,28,2,T,15,0,174,0,507,36,39,5,1,-1,0,-105,0,479,-46,11,3
5452,9.58,Z,70,4,384,0,245,176,534,10,T,101,0,789,0,104,169,156,8,1,31,-4,405,0,-141,-7,-378,-2
5453,6,P,36,0,373,0,4,83,42,2,Z,28,4,534,0,37,116,180,5,1,-8,4,161,0,33,33,138,3
5454,4.01,P,21,2,207,0,19,37,10,0,P,22,0,74,0,23,117,47,4,0,1,-2,-133,0,4,80,37,4
5455,10.27,Z,97,2,556,0,239,256,287,2,T,90,0,683,0,37,286,156,15,1,-7,-2,127,0,-202,30,-131,13
5456,4.46,T,19,0,389,0,5,58,29,2,P,28,0,332,0,0,126,94,0,1,9,0,-57,0,-5,68,65,-2
5457,10.03,Z,67,10,447,0,176,194,270,3,P,37,1,427,0,5,116,60,0,0,-30,-9,-20,0,-171,-78,-210,-3
5458,9.59,Z,44,2,284,0,14,162,160,1,T,44,0,715,0,0,34,86,5,0,0,-2,431,0,-14,-128,-74,4
5459,8.21,Z,47,0,494,0,26,146,338,3,Z,34,1,199,0,16,138,115,0,1,-13,1,-295,0,-10,-8,-223,-3
5460,6.28,T,61,0,247,0,121,122,76,6,Z,32,10,397,7,47,104,98,0,0,-29,10,150,7,-74,-18,22,-6
5461,8.08,T,71,2,345,7,283,175,155,20,Z,59,0,300,10,1144,240,277,0,1,-12,-2,-45,3,861,65,122,-20
5462,7.16,T,70,0,336,0,835,180,101,5,P,67,0,369,0,332,232,53,9,1,-3,0,33,0,-503,52,-48,4
5463,6.33,P,35,1,474,0,25,172,110,3,Z,43,5,253,0,309,114,163,0,1,8,4,-221,0,284,-58,53,-3
5464,3.37,P,18,1,218,0,100,93,17,4,Z,12,0,196,0,13,22,37,4,0,-6,-1,-22,0,-87,-71,20,0
5465,8.17,P,57,0,425,0,50,194,108,16,Z,55,0,706,0,343,201,227,4,0,-2,0,281,0,293,7,119,-12
5466,5.5,T,29,0,418,0,2,65,90,2,T,33,5,316,0,130,67,43,4,1,4,5,-102,0,128,2,-47,2
5467,1.52,Z,4,1,47,0,53,31,75,0,Z,12,3,59,0,143,37,27,0,1,8,2,12,0,90,6,-48,0
5468,9.59,P,89,4,558,0,99,246,185,7,T,95,0,1017,0,39,139,173,8,0,6,-4,459,0,-60,-107,-12,1
5469,7.56,P,35,0,294,0,10,131,40,3,P,40,2,460,0,5,132,106,2,0,5,2,166,0,-5,1,66,-1
5470,9.42,T,95,0,501,0,806,200,177,15,T,123,4,567,31,781,375,266,2,0,28,4,66,31,-25,175,89,-13
5471,9.59,Z,61,0,745,0,24,205,176,1,Z,60,6,912,0,69,176,157,0,0,-1,6,167,0,45,-29,-19,-1
5472,9.59,T,75,2,431,0,172,252,120,3,Z,68,0,288,0,137,251,256,3,1,-7,-2,-143,0,-35,-1,136,0
5473,6.56,P,37,4,229,0,332,122,92,9,Z,37,2,236,0,8,302,137,3,0,0,-2,7,0,-324,180,45,-6
5474,9.59,T,103,0,609,0,427,328,148,10,Z,78,2,601,0,84,262,213,4,1,-25,2,-8,0,-343,-66,65,-6
5475,9.59,P,61,0,386,0,34,148,95,5,T,86,6,582,0,496,212,206,3,1,25,6,196,0,462,64,111,-2
5476,6.39,P,15,0,258,0,0,34,36,0,P,35,2,324,0,8,77,45,5,1,20,2,66,0,8,43,9,5
5477,7.55,T,60,4,712,0,51,94,77,0,P,48,0,296,0,50,168,100,4,0,-12,-4,-416,0,-1,74,23,4
5478,9.59,T,90,8,473,0,53,344,166,6,T,55,0,729,0,0,182,172,1,0,-35,-8,256,0,-53,-162,6,-5
5479,9.59,T,111,0,529,0,551,224,231,17,P,103,9,636,0,51,299,94,7,0,-8,9,107,0,-500,75,-137,-10
5480,9.58,P,69,1,401,0,36,191,114,0,T,48,0,487,0,0,54,52,0,0,-21,-1,86,0,-36,-137,-62,0
5481,1.13,P,7,2,59,0,65,10,28,2,Z,3,0,62,0,67,13,51,4,1,-4,-2,3,0,2,3,23,2
5482,8.5,T,71,3,379,0,323,258,86,11,T,58,0,166,0,27,227,289,5,1,-13,-3,-213,0,-296,-31,203,-6
5483,4.32,P,20,0,138,0,320,73,30,3,T,32,0,159,0,19,56,37,4,0,12,0,21,0,-301,-17,7,1
5484,6.31,Z,29,5,415,0,43,203,164,6,P,52,0,419,0,15,139,40,6,1,23,-5,4,0,-28,-64,-124,0
5485,7.13,T,45,0,615,0,8,129,134,4,P,41,1,369,0,402,237,170,7,1,-4,1,-246,0,394,108,36,3
5486,10.51,P,59,0,548,0,20,292,66,0,Z,48,1,324,0,218,304,207,3,0,-11,1,-224,0,198,12,141,3
5487,8.02,P,35,0,343,0,0,334,85,1,Z,49,0,345,0,41,143,228,6,1,14,0,2,0,41,-191,143,5
5488,9.1,T,54,6,613,3,12,40,78,1,Z,39,2,319,0,6,27,147,0,0,-15,-4,-294,-3,-6,-13,69,-1
5489,3.56,P,24,0,201,0,19,127,29,2,T,22,2,175,1,383,38,36,9,1,-2,2,-26,1,364,-89,7,7
5490,5.58,P,47,0,380,0,555,187,44,11,T,62,1,372,0,409,140,76,9,1,15,1,-8,0,-146,-47,32,-2
5491,9.58,Z,69,11,316,0,661,215,309,6,T,124,1,403,2,551,317,158,10,0,55,-10,87,2,-110,102,-151,4
5492,7.54,P,53,0,406,0,330,316,87,9,T,66,9,584,0,151,162,175,1,0,13,9,178,0,-179,-154,88,-8
5493,6.17,T,67,0,265,0,425,200,121,14,P,71,0,254,0,698,143,102,17,0,4,0,-11,0,273,-57,-19,3
5494,9.07,Z,34,0,324,0,7,145,150,6,P,31,0,904,0,3,87,63,1,1,-3,0,580,0,-4,-58,-87,-5
5495,7.08,Z,50,1,253,0,90,136,140,8,P,53,2,353,0,368,243,87,8,1,3,1,100,0,278,107,-53,0
5496,9.59,T,98,4,441,0,681,194,156,14,P,74,0,638,0,357,137,224,5,0,-24,-4,197,0,-324,-57,68,-9
5497,9.59,T,139,0,562,0,649,267,202,10,Z,92,0,647,0,651,304,285,12,1,-47,0,85,0,2,37,83,2
5498,9.57,T,74,4,618,0,90,88,77,2,T,55,3,789,0,38,55,75,3,0,-19,-1,171,0,-52,-33,-2,1
5499,7.16,Z,36,5,258,0,53,78,100,3,P,27,0,225,0,142,133,43,3,1,-9,-5,-33,0,89,55,-57,0
5500,9.59,T,63,4,963,0,870,154,56,1,T,70,4,778,0,32,137,84,0,0,7,0,-185,0,-838,-17,28,-1
5501,4.53,Z,39,0,417,0,46,126,116,5,P,28,1,211,0,150,128,134,3,1,-11,1,-206,0,104,2,18,-2
5502,8.48,P,38,0,460,3,20,74,71,4,T,57,0,623,0,6,181,79,2,1,19,0,163,-3,-14,107,8,-2
5503,9.59,Z,42,0,620,0,4,76,162,0,Z,48,0,726,0,69,116,202,6,1,6,0,106,0,65,40,40,6
5504,9.59,Z,69,4,420,8,56,141,186,0,P,65,0,643,0,9,173,101,12,0,-4,-4,223,-8,-47,32,-85,12
5505,9.59,Z,71,0,470,0,12,139,275,1,Z,69,11,436,13,152,252,315,2,1,-2,11,-34,13,140,113,40,1
5506,8.37,T,64,0,645,0,40,218,208,10,T,70,0,789,0,920,135,64,8,0,6,0,144,0,880,-83,-144,-2
5507,10.17,P,54,7,343,1,29,112,107,0,T,58,5,702,0,26,77,106,0,0,4,-2,359,-1,-3,-35,-1,0
5508,7.41,P,50,1,580,0,13,155,72,0,Z,37,3,516,0,24,56,123,1,1,-13,2,-64,0,11,-99,51,1
5509,7.22,Z,68,9,321,1,324,159,201,2,T,77,3,358,0,132,101,170,5,1,9,-6,37,-1,-192,-58,-31,3
5510,7.3,Z,38,10,360,0,41,100,155,1,T,34,0,257,0,4,124,110,3,1,-4,-10,-103,0,-37,24,-45,2
5511,6,Z,33,0,181,14,1098,44,226,0,Z,31,6,327,0,173,126,212,3,1,-2,6,146,-14,-925,82,-14,3
5512,9.58,T,57,0,380,0,38,127,66,8,T,34,0,753,0,21,147,64,4,0,-23,0,373,0,-17,20,-2,-4
5513,9.37,Z,61,0,336,0,25,279,248,4,T,56,0,778,0,4,205,149,3,0,-5,0,442,0,-21,-74,-99,-1
5514,7.23,T,17,0,292,0,0,34,58,1,Z,24,0,318,0,84,133,255,4,1,7,0,26,0,84,99,197,3
5515,9.59,Z,58,0,1023,0,2,135,214,0,T,53,0,577,0,0,102,114,1,0,-5,0,-446,0,-2,-33,-100,1
5516,6.47,T,31,4,141,0,3,56,52,1,Z,27,1,261,0,10,59,116,0,0,-4,-3,120,0,7,3,64,-1
5517,10.19,T,88,0,543,0,390,268,162,13,T,78,10,580,0,116,192,117,10,1,-10,10,37,0,-274,-76,-45,-3
5518,3.51,Z,11,1,191,0,3,28,54,0,Z,14,4,218,1,20,49,44,0,0,3,3,27,1,17,21,-10,0
5519,9.58,Z,56,1,213,0,173,93,327,0,P,44,2,586,0,3,96,56,0,1,-12,1,373,0,-170,3,-271,0
5520,9.58,Z,45,0,517,0,0,135,192,0,T,57,0,746,0,0,84,119,0,0,12,0,229,0,0,-51,-73,0
5521,9.53,Z,39,0,336,0,51,91,177,2,Z,52,4,345,0,77,137,167,0,0,13,4,9,0,26,46,-10,-2
5522,10.31,Z,50,3,449,0,16,67,196,0,Z,55,0,882,0,69,153,190,10,0,5,-3,433,0,53,86,-6,10
5523,3.1,Z,13,0,119,0,0,18,46,0,P,6,1,54,0,1,42,15,0,0,-7,1,-65,0,1,24,-31,0
5524,10,Z,37,0,584,0,0,112,160,0,T,28,0,645,0,4,94,49,2,0,-9,0,61,0,4,-18,-111,2
5525,8.2,Z,42,2,458,0,20,96,154,4,T,51,4,306,0,9,39,87,0,0,9,2,-152,0,-11,-57,-67,-4
5526,3.4,P,7,1,350,0,0,46,23,0,Z,10,2,205,0,11,12,30,1,1,3,1,-145,0,11,-34,7,1
5527,5.4,Z,29,1,377,0,396,112,109,6,P,27,0,466,0,57,105,47,10,0,-2,-1,89,0,-339,-7,-62,4
5528,5.36,P,25,0,265,0,24,229,47,11,T,36,0,261,0,112,100,86,6,1,11,0,-4,0,88,-129,39,-5
5529,9.56,P,48,0,811,0,3,202,77,2,T,57,0,383,0,25,63,71,6,1,9,0,-428,0,22,-139,-6,4
5530,5.08,P,32,0,249,0,183,122,152,3,Z,30,0,254,0,26,57,123,3,0,-2,0,5,0,-157,-65,-29,0
5531,5.25,T,47,2,186,0,300,120,93,2,Z,29,0,246,0,101,81,144,5,0,-18,-2,60,0,-199,-39,51,3
5532,3.03,P,16,0,123,0,87,77,12,3,T,8,0,231,0,0,26,29,2,0,-8,0,108,0,-87,-51,17,-1
5533,9.59,Z,91,4,384,0,490,333,256,20,T,112,0,502,0,223,378,198,13,0,21,-4,118,0,-267,45,-58,-7
5534,9.57,T,43,0,769,0,4,53,102,5,Z,29,0,887,0,19,94,152,1,1,-14,0,118,0,15,41,50,-4
5535,8.45,P,36,0,387,0,15,48,37,2,Z,36,2,547,0,4,105,139,0,0,0,2,160,0,-11,57,102,-2
5536,9.59,P,55,5,712,0,164,417,89,2,Z,58,3,594,0,476,183,168,2,0,3,-2,-118,0,312,-234,79,0
5537,4.32,Z,23,2,298,0,11,47,89,0,Z,20,0,192,0,35,101,92,4,0,-3,-2,-106,0,24,54,3,4
5538,8.33,T,93,14,328,0,717,199,213,4,T,81,8,346,0,264,195,151,12,1,-12,-6,18,0,-453,-4,-62,8
5539,9.59,Z,70,14,525,0,500,201,221,5,P,87,0,614,0,151,245,144,8,1,17,-14,89,0,-349,44,-77,3
5540,9.59,Z,93,3,678,0,487,256,267,4,T,72,1,519,0,16,279,309,2,1,-21,-2,-159,0,-471,23,42,-2
5541,7.05,P,30,2,337,0,14,74,50,2,T,54,2,308,0,204,178,128,6,1,24,0,-29,0,190,104,78,4
5542,9.59,Z,49,0,729,0,23,94,190,4,P,40,0,517,0,0,143,87,3,0,-9,0,-212,0,-23,49,-103,-1
5543,6.22,Z,15,0,750,0,1,66,70,2,P,28,5,206,0,11,26,31,0,1,13,5,-544,0,10,-40,-39,-2
5544,6.14,P,31,1,231,0,95,106,82,4,T,49,1,309,0,196,121,85,6,1,18,0,78,0,101,15,3,2
5545,6.34,P,32,0,302,0,80,116,51,3,T,34,0,337,0,0,71,83,4,1,2,0,35,0,-80,-45,32,1
5546,9.02,P,52,1,574,0,37,215,155,5,T,74,2,569,0,142,263,233,4,1,22,1,-5,0,105,48,78,-1
5547,6.23,T,59,6,456,0,210,228,95,3,Z,37,4,342,0,39,156,134,7,0,-22,-2,-114,0,-171,-72,39,4
5548,4.39,P,24,2,296,0,41,112,51,4,P,18,7,286,0,229,75,29,0,0,-6,5,-10,0,188,-37,-22,-4
5549,9.59,Z,51,5,670,0,33,212,123,0,T,76,0,648,0,0,166,130,1,1,25,-5,-22,0,-33,-46,7,1
5550,10.51,T,117,0,711,0,264,234,276,13,Z,90,0,584,22,182,404,437,2,0,-27,0,-127,22,-82,170,161,-11
5551,8.19,T,36,4,414,0,15,76,61,0,T,28,0,520,0,0,42,46,3,1,-8,-4,106,0,-15,-34,-15,3
5552,4.18,T,27,1,210,0,0,36,48,0,P,19,4,81,0,40,38,55,1,0,-8,3,-129,0,40,2,7,1
5553,9.41,P,79,0,554,0,242,222,205,8,T,84,0,834,0,35,303,143,6,0,5,0,280,0,-207,81,-62,-2
5554,5.05,Z,21,2,239,0,24,34,55,2,P,24,0,243,0,3,35,32,10,1,3,-2,4,0,-21,1,-23,8
5555,9.59,Z,71,0,461,0,53,301,192,1,P,61,0,747,0,16,186,87,1,1,-10,0,286,0,-37,-115,-105,0
5556,8.41,Z,118,5,494,0,335,290,326,21,P,122,3,612,0,391,270,198,11,0,4,-2,118,0,56,-20,-128,-10
5557,9.59,Z,67,1,582,0,81,249,194,3,P,59,4,756,0,44,198,65,0,1,-8,3,174,0,-37,-51,-129,-3
5558,9.58,P,94,0,601,125,612,345,576,1,P,95,2,478,0,584,175,76,12,0,1,2,-123,-125,-28,-170,-500,11
5559,5.54,T,24,0,455,0,0,125,59,0,T,44,0,446,0,69,85,122,4,1,20,0,-9,0,69,-40,63,4
5560,9.11,T,71,3,506,0,759,317,102,6,Z,71,0,430,0,19,195,222,19,0,0,-3,-76,0,-740,-122,120,13
5561,9.59,P,85,3,974,0,792,409,125,16,P,103,0,399,0,151,206,96,16,0,18,-3,-575,0,-641,-203,-29,0
5562,2.32,T,10,0,111,0,15,47,33,7,P,20,0,141,0,22,79,4,3,1,10,0,30,0,7,32,-29,-4
5563,9.59,Z,74,2,665,0,31,254,196,0,T,100,3,520,0,80,417,212,4,0,26,1,-145,0,49,163,16,4
5564,10.22,Z,74,0,567,0,39,127,207,3,T,85,1,859,0,56,244,114,8,0,11,1,292,0,17,117,-93,5
5565,8.34,T,92,3,408,0,649,181,114,9,Z,54,8,319,0,37,303,197,2,1,-38,5,-89,0,-612,122,83,-7
5566,9.54,T,37,0,373,0,0,19,64,0,Z,50,0,313,0,0,99,165,0,1,13,0,-60,0,0,80,101,0
5567,9.59,T,68,3,680,0,60,130,75,5,Z,72,2,249,0,57,89,192,2,0,4,-1,-431,0,-3,-41,117,-3
5568,6.34,T,80,0,428,0,142,196,207,6,Z,52,0,217,0,448,180,159,12,0,-28,0,-211,0,306,-16,-48,6
5569,10.31,Z,55,0,309,0,89,69,179,11,Z,55,0,365,16,152,341,329,4,0,0,0,56,16,63,272,150,-7
5570,8.28,P,62,0,801,0,30,274,86,6,Z,46,0,424,0,32,210,288,4,0,-16,0,-377,0,2,-64,202,-2
5571,4.16,Z,20,2,178,0,472,85,153,6,P,20,0,100,0,270,58,117,6,0,0,-2,-78,0,-202,-27,-36,0
5572,6.42,P,40,5,409,0,271,79,30,4,Z,34,4,476,0,222,226,213,2,0,-6,-1,67,0,-49,147,183,-2
5573,7.03,Z,40,5,456,0,73,50,105,0,P,40,1,714,0,419,147,42,2,0,0,-4,258,0,346,97,-63,2
5574,7.46,T,70,2,500,0,407,184,152,0,Z,47,0,217,0,24,174,171,8,0,-23,-2,-283,0,-383,-10,19,8
5575,6.06,T,57,0,329,0,404,95,99,5,Z,35,0,533,0,75,189,148,7,0,-22,0,204,0,-329,94,49,2
5576,9.59,P,73,0,685,0,17,343,106,6,T,74,4,476,0,172,205,197,12,1,1,4,-209,0,155,-138,91,6
5577,9.59,Z,58,6,657,0,76,262,154,5,T,74,0,346,0,48,93,155,4,1,16,-6,-311,0,-28,-169,1,-1
5578,5.15,P,22,1,175,0,5,64,27,0,Z,21,0,476,0,94,127,68,8,1,-1,-1,301,0,89,63,41,8
5579,9.59,T,148,0,767,0,543,337,235,17,Z,66,0,312,0,13,219,211,3,0,-82,0,-455,0,-530,-118,-24,-14
5580,9.59,Z,70,1,505,0,67,242,186,5,T,95,0,639,0,58,210,155,7,0,25,-1,134,0,-9,-32,-31,2
5581,9.57,Z,32,0,621,0,1,42,110,1,P,31,0,251,0,18,189,44,3,1,-1,0,-370,0,17,147,-66,2
5582,10.04,Z,54,5,345,0,30,247,215,6,T,71,6,1094,0,26,105,90,0,1,17,1,749,0,-4,-142,-125,-6
5583,9.59,P,43,1,470,0,30,75,51,2,Z,69,8,431,0,33,161,185,3,0,26,7,-39,0,3,86,134,1
5584,9.59,T,83,2,450,0,54,248,162,7,T,72,3,561,0,401,164,108,8,1,-11,1,111,0,347,-84,-54,1
5585,6.14,Z,36,2,304,0,34,113,170,1,Z,34,8,383,0,63,215,153,2,1,-2,6,79,0,29,102,-17,1
5586,8.53,Z,52,0,423,0,49,185,164,8,Z,59,5,316,2,137,181,253,3,1,7,5,-107,2,88,-4,89,-5
5587,7.43,Z,39,2,200,0,12,35,106,1,T,33,0,482,0,6,75,63,6,1,-6,-2,282,0,-6,40,-43,5
5588,9.59,Z,46,0,804,0,14,76,158,3,P,41,0,978,0,6,122,75,3,1,-5,0,174,0,-8,46,-83,0
5589,10.54,T,81,2,704,0,256,252,122,8,Z,88,3,305,0,147,212,264,12,1,7,1,-399,0,-109,-40,142,4
5590,9.58,T,46,0,437,0,24,79,111,9,Z,32,0,418,0,0,63,181,0,0,-14,0,-19,0,-24,-16,70,-9
5591,9.59,Z,71,3,541,0,35,170,172,0,T,54,0,721,0,21,94,78,13,0,-17,-3,180,0,-14,-76,-94,13
5592,9.43,T,105,4,485,0,168,426,224,5,P,89,0,605,0,170,297,256,10,1,-16,-4,120,0,2,-129,32,5
5593,9.59,Z,57,0,268,0,27,32,155,3,T,71,15,666,0,109,281,84,2,1,14,15,398,0,82,249,-71,-1
5594,3.29,T,17,0,272,0,1,55,39,2,Z,13,1,126,0,13,10,34,1,1,-4,1,-146,0,12,-45,-5,-1
5595,8.15,Z,55,2,415,0,109,154,184,4,Z,46,2,552,0,384,124,131,1,0,-9,0,137,0,275,-30,-53,-3
5596,6.36,P,24,6,425,0,78,92,42,0,Z,24,0,584,0,13,48,90,1,0,0,-6,159,0,-65,-44,48,1
5597,4.13,T,21,1,389,0,9,97,32,0,P,16,0,119,0,0,24,22,1,1,-5,-1,-270,0,-9,-73,-10,1
5598,10,Z,52,1,357,0,22,107,176,0,Z,65,2,556,0,204,131,207,4,0,13,1,199,0,182,24,31,4
5599,9.59,T,58,7,704,0,21,99,107,5,T,95,0,367,0,155,180,188,23,1,37,-7,-337,0,134,81,81,18
5600,9.59,P,84,12,477,0,275,355,253,8,P,133,0,508,0,64,364,102,16,1,49,-12,31,0,-211,9,-151,8
5601,9.59,Z,46,6,140,0,32,73,173,1,P,40,0,211,0,0,46,53,0,0,-6,-6,71,0,-32,-27,-120,-1
5602,8.36,Z,40,6,367,0,98,277,255,4,Z,64,0,177,0,35,242,132,4,1,24,-6,-190,0,-63,-35,-123,0
5603,2.55,T,13,0,61,0,124,91,44,5,T,15,0,82,0,275,34,78,7,0,2,0,21,0,151,-57,34,2
5604,9.59,T,82,0,510,0,503,273,248,5,Z,59,8,615,0,428,267,402,8,1,-23,8,105,0,-75,-6,154,3
5605,9.53,T,86,0,632,0,50,237,89,7,T,69,4,483,0,259,264,181,3,0,-17,4,-149,0,209,27,92,-4
5606,3.55,Z,17,0,158,0,20,76,63,2,P,25,0,299,0,128,65,56,5,0,8,0,141,0,108,-11,-7,3
5607,6.38,Z,35,5,269,0,24,108,91,2,Z,32,0,255,0,109,355,137,15,0,-3,-5,-14,0,85,247,46,13
5608,7.15,P,28,0,150,0,3,198,41,5,T,72,0,169,0,535,180,116,11,1,44,0,19,0,532,-18,75,6
5609,5.19,T,46,0,423,0,337,270,108,4,P,40,0,254,0,89,132,165,8,0,-6,0,-169,0,-248,-138,57,4
5610,4.38,T,30,0,164,0,198,146,38,5,T,20,0,303,0,18,99,44,8,0,-10,0,139,0,-180,-47,6,3
5611,9.59,P,56,2,938,0,41,285,74,5,T,79,0,414,0,3,130,149,4,0,23,-2,-524,0,-38,-155,75,-1
5612,6.29,Z,44,0,304,0,131,238,130,8,Z,45,0,351,0,141,96,189,4,0,1,0,47,0,10,-142,59,-4
5613,8.26,T,64,4,781,0,38,145,80,2,P,56,0,722,0,151,153,170,4,1,-8,-4,-59,0,113,8,90,2
5614,8.44,P,46,0,334,0,18,186,82,8,T,73,3,392,0,716,173,236,5,0,27,3,58,0,698,-13,154,-3
5615,5.58,Z,39,1,408,0,350,103,216,6,Z,41,0,169,0,36,122,127,3,0,2,-1,-239,0,-314,19,-89,-3
5616,1.48,Z,5,1,196,0,2,20,20,0,P,3,0,49,0,0,10,4,0,0,-2,-1,-147,0,-2,-10,-16,0
5617,9.59,T,68,0,814,0,23,168,105,7,P,51,0,743,0,8,182,87,2,1,-17,0,-71,0,-15,14,-18,-5
5618,5.3,T,60,0,122,1,268,159,130,14,P,24,0,87,0,0,87,33,0,0,-36,0,-35,-1,-268,-72,-97,-14
5619,5.45,T,46,0,525,0,17,83,74,5,T,17,0,54,0,1,65,79,0,0,-29,0,-471,0,-16,-18,5,-5
5620,9.18,Z,47,2,342,0,59,229,133,7,P,84,0,376,0,101,505,113,17,0,37,-2,34,0,42,276,-20,10
5621,9.59,Z,55,0,552,0,397,285,511,7,P,56,0,499,0,26,171,65,4,0,1,0,-53,0,-371,-114,-446,-3
5622,9.59,T,74,0,681,0,0,153,132,2,T,84,0,783,0,171,253,87,10,1,10,0,102,0,171,100,-45,8
5623,9.16,T,96,8,223,2,136,310,146,6,Z,69,1,427,0,27,358,397,4,1,-27,-7,204,-2,-109,48,251,-2
5624,10.19,T,55,0,847,0,2,284,292,1,Z,96,6,485,0,41,113,236,7,1,41,6,-362,0,39,-171,-56,6
5625,9.59,Z,84,14,492,0,72,316,262,0,T,97,5,549,0,71,278,121,6,0,13,-9,57,0,-1,-38,-141,6
5626,5.58,Z,44,3,324,0,441,197,217,8,Z,32,7,194,0,393,162,212,1,0,-12,4,-130,0,-48,-35,-5,-7
5627,7.58,Z,49,9,350,0,41,85,156,5,P,33,0,177,0,14,59,45,2,1,-16,-9,-173,0,-27,-26,-111,-3
5628,0.12,T,0,0,20,0,3,4,6,1,T,1,1,13,0,0,1,0,0,1,1,1,-7,0,-3,-3,-6,-1
5629,9.04,Z,49,5,544,0,30,259,145,1,T,79,14,475,0,199,207,113,0,1,30,9,-69,0,169,-52,-32,-1
5630,10.03,Z,42,6,276,0,249,105,154,4,P,63,3,616,0,80,314,90,7,0,21,-3,340,0,-169,209,-64,3
5631,9.07,Z,48,6,496,0,74,155,260,5,Z,53,0,346,0,68,189,214,17,0,5,-6,-150,0,-6,34,-46,12
5632,8.23,P,65,2,849,0,122,216,55,9,T,82,3,302,0,97,220,96,6,1,17,1,-547,0,-25,4,41,-3
5633,1.35,P,6,0,87,0,0,41,29,0,P,7,0,73,0,0,36,9,0,0,1,0,-14,0,0,-5,-20,0
5634,4.27,T,26,4,98,0,27,45,26,1,P,22,4,108,0,8,31,27,0,0,-4,0,10,0,-19,-14,1,-1
5635,4.29,P,20,0,300,0,55,154,49,5,T,37,0,304,0,325,135,77,5,1,17,0,4,0,270,-19,28,0
5636,3.51,Z,12,2,107,0,11,16,39,0,P,9,0,129,0,0,4,9,0,1,-3,-2,22,0,-11,-12,-30,0
5637,7.26,Z,36,1,195,0,36,131,137,4,Z,36,0,598,0,28,143,170,0,1,0,-1,403,0,-8,12,33,-4
5638,7.47,P,42,0,183,0,773,175,34,7,Z,43,12,340,0,91,246,125,0,1,1,12,157,0,-682,71,91,-7
5639,9.59,T,80,0,600,0,621,237,194,10,Z,71,7,776,0,119,351,214,5,0,-9,7,176,0,-502,114,20,-5
5640,5.57,P,33,6,277,0,348,157,51,3,P,35,7,267,0,31,220,58,0,0,2,1,-10,0,-317,63,7,-3
5641,7.3,Z,35,9,229,0,268,249,236,1,Z,50,8,167,0,31,258,115,4,1,15,-1,-62,0,-237,9,-121,3
5642,10.59,Z,74,8,711,0,85,159,285,1,T,117,9,706,0,250,370,276,1,1,43,1,-5,0,165,211,-9,0
5643,9.02,P,54,0,530,0,0,238,93,0,P,48,0,391,0,2,195,95,1,0,-6,0,-139,0,2,-43,2,1
5644,10.12,Z,72,0,833,0,133,347,309,12,P,51,0,404,0,1,242,154,2,1,-21,0,-429,0,-132,-105,-155,-10
5645,8.59,P,54,0,805,0,24,284,91,10,T,61,4,584,0,9,193,94,0,1,7,4,-221,0,-15,-91,3,-10
5646,9.59,T,58,0,627,0,8,63,88,4,P,57,0,556,0,0,48,74,0,1,-1,0,-71,0,-8,-15,-14,-4
5647,10.22,Z,48,0,445,0,24,187,177,3,Z,63,0,436,0,4,118,192,1,0,15,0,-9,0,-20,-69,15,-2
5648,3.35,P,13,0,148,0,9,51,30,11,T,11,1,159,0,41,66,42,6,0,-2,1,11,0,32,15,12,-5
5649,9.59,T,54,0,476,0,2,206,92,9,Z,67,4,763,0,57,249,209,2,1,13,4,287,0,55,43,117,-7
5650,9.41,Z,49,0,400,0,37,169,176,6,T,103,0,479,0,415,312,258,11,1,54,0,79,0,378,143,82,5
5651,9.58,T,32,1,436,0,4,45,46,0,T,36,0,604,0,23,54,77,3,0,4,-1,168,0,19,9,31,3
5652,9.58,T,104,0,598,0,810,172,97,8,Z,93,6,475,0,337,348,398,5,1,-11,6,-123,0,-473,176,301,-3
5653,6.17,T,47,4,502,0,0,162,98,0,T,49,0,397,0,0,174,79,6,0,2,-4,-105,0,0,12,-19,6
5654,9.59,T,118,0,345,0,663,431,246,12,Z,81,4,404,0,254,220,413,11,1,-37,4,59,0,-409,-211,167,-1
5655,9.58,T,111,4,542,0,267,270,185,11,Z,74,7,415,0,176,243,165,2,1,-37,3,-127,0,-91,-27,-20,-9
5656,2.27,T,13,0,38,0,96,59,59,3,T,10,3,28,0,318,21,47,0,0,-3,3,-10,0,222,-38,-12,-3
5657,5.35,Z,29,1,363,5,60,99,86,0,T,53,2,222,0,176,199,26,9,1,24,1,-141,-5,116,100,-60,9
5658,10.18,T,82,0,1141,0,39,124,173,4,Z,66,0,571,0,39,178,231,2,1,-16,0,-570,0,0,54,58,-2
5659,9.59,T,78,6,669,0,38,102,111,0,Z,51,1,753,0,30,111,174,3,0,-27,-5,84,0,-8,9,63,3
5660,9.59,P,57,1,614,0,66,204,74,9,T,85,0,805,0,32,172,272,13,1,28,-1,191,0,-34,-32,198,4
5661,7.56,Z,43,0,246,0,21,41,118,4,T,50,0,648,0,322,50,91,4,0,7,0,402,0,301,9,-27,0
5662,6.28,T,40,0,435,0,0,38,87,0,P,34,5,296,0,207,182,197,1,1,-6,5,-139,0,207,144,110,1
5663,2.36,P,7,2,122,0,1,25,13,0,P,11,1,229,0,6,89,7,0,1,4,-1,107,0,5,64,-6,0
5664,4.04,T,18,0,341,0,0,51,69,1,T,16,0,323,0,0,117,32,0,1,-2,0,-18,0,0,66,-37,-1
5665,10.27,T,128,0,559,0,954,254,323,8,Z,104,1,630,0,374,238,229,15,0,-24,1,71,0,-580,-16,-94,7
5666,8.36,Z,55,0,435,0,177,317,308,1,P,70,1,356,0,33,64,40,4,0,15,1,-79,0,-144,-253,-268,3
5667,9.02,Z,50,0,786,0,53,213,172,5,P,38,0,272,0,47,134,49,14,1,-12,0,-514,0,-6,-79,-123,9
5668,8.41,Z,38,0,723,0,0,42,142,0,P,29,0,498,0,1,91,93,1,1,-9,0,-225,0,1,49,-49,1
5669,5.32,P,39,3,225,0,199,140,67,4,Z,36,2,228,0,498,140,147,6,1,-3,-1,3,0,299,0,80,2
5670,10.48,Z,97,12,524,0,158,315,269,10,T,90,9,672,0,695,220,146,1,1,-7,-3,148,0,537,-95,-123,-9
5671,6.42,P,30,0,446,11,57,48,58,1,Z,23,5,249,0,308,53,74,1,1,-7,5,-197,-11,251,5,16,0
5672,9.59,P,66,0,464,0,317,254,105,8,P,84,1,311,0,647,377,152,6,1,18,1,-153,0,330,123,47,-2
5673,9.57,Z,57,1,629,0,43,203,132,5,Z,46,0,440,0,60,55,136,1,1,-11,-1,-189,0,17,-148,4,-4
5674,5.49,T,39,7,413,0,56,123,65,1,P,35,0,217,0,72,225,178,9,1,-4,-7,-196,0,16,102,113,8
5675,1.22,Z,5,0,44,0,0,25,24,1,P,5,0,74,0,7,32,11,1,0,0,0,30,0,7,7,-13,0
5676,9.59,T,89,11,395,0,773,355,102,6,P,86,0,478,0,79,288,77,12,0,-3,-11,83,0,-694,-67,-25,6
5677,9.59,P,41,0,572,0,2,269,70,2,T,36,1,520,0,11,238,88,5,1,-5,1,-52,0,9,-31,18,3
5678,9.02,T,72,3,635,0,214,260,78,7,P,42,2,535,0,48,259,83,3,0,-30,-1,-100,0,-166,-1,5,-4
5679,10.13,Z,80,0,620,0,4,151,245,15,T,68,0,373,0,3,118,110,3,0,-12,0,-247,0,-1,-33,-135,-12
5680,9.59,T,67,0,650,0,2,188,132,2,T,72,0,753,0,0,84,140,0,0,5,0,103,0,-2,-104,8,-2
5681,5.32,P,22,1,115,0,1,69,37,0,T,36,5,404,0,101,106,56,4,0,14,4,289,0,100,37,19,4
5682,3.46,P,16,0,198,0,53,93,31,2,P,28,0,175,0,110,99,50,5,1,12,0,-23,0,57,6,19,3
5683,9.52,Z,64,4,817,0,90,293,185,2,T,96,0,539,0,73,216,126,9,1,32,-4,-278,0,-17,-77,-59,7
5684,6.06,P,35,0,322,0,216,118,140,7,Z,35,4,219,0,375,123,285,2,1,0,4,-103,0,159,5,145,-5
5685,7.27,Z,33,2,423,0,7,40,122,1,T,29,0,165,0,1,24,56,5,1,-4,-2,-258,0,-6,-16,-66,4
5686,5.05,P,30,1,528,0,16,179,47,8,T,51,3,194,0,307,111,186,6,1,21,2,-334,0,291,-68,139,-2
5687,3.52,T,14,4,215,0,242,36,161,1,T,26,0,230,0,231,52,38,4,1,12,-4,15,0,-11,16,-123,3
5688,7.26,Z,30,0,267,0,19,64,112,4,Z,31,0,290,0,1,37,112,1,0,1,0,23,0,-18,-27,0,-3
5689,9.59,T,62,5,541,0,10,130,93,2,P,33,0,611,0,0,129,48,0,0,-29,-5,70,0,-10,-1,-45,-2
5690,8.41,Z,59,0,764,0,57,120,173,7,P,47,5,415,6,217,257,65,1,1,-12,5,-349,6,160,137,-108,-6
5691,0.1,P,0,0,5,0,0,2,2,1,T,4,0,49,0,2,2,5,1,1,4,0,44,0,2,0,3,0
5692,1.37,P,7,2,50,0,84,27,87,2,P,4,0,116,0,24,55,15,3,0,-3,-2,66,0,-60,28,-72,1
5693,6.47,P,30,0,134,0,118,432,53,3,P,50,5,192,0,155,241,99,3,1,20,5,58,0,37,-191,46,0
5694,8.41,Z,52,3,489,0,151,184,261,2,P,53,2,493,0,35,193,53,5,1,1,-1,4,0,-116,9,-208,3
5695,9.59,T,54,4,651,0,15,206,95,0,Z,62,3,260,0,34,126,167,1,0,8,-1,-391,0,19,-80,72,1
5696,4.23,T,15,0,527,0,0,56,35,0,T,24,0,262,0,6,55,29,4,1,9,0,-265,0,6,-1,-6,4
5697,6.36,P,48,1,526,0,30,207,60,4,Z,30,2,392,0,357,117,100,0,0,-18,1,-134,0,327,-90,40,-4
5698,2.57,P,14,0,225,0,124,102,82,2,P,12,0,62,3,14,52,40,0,0,-2,0,-163,3,-110,-50,-42,-2
5699,2.45,Z,3,0,44,0,6,13,208,2,Z,9,1,35,0,74,53,110,1,0,6,1,-9,0,68,40,-98,-1
5700,9.59,T,92,0,481,0,23,348,109,2,Z,68,10,244,1,89,251,224,1,0,-24,10,-237,1,66,-97,115,-1
5701,5.56,Z,35,0,145,0,0,82,93,0,P,37,3,387,0,89,97,67,4,1,2,3,242,0,89,15,-26,4
5702,9.59,T,109,4,621,0,616,258,191,5,Z,89,0,480,0,179,97,245,12,1,-20,-4,-141,0,-437,-161,54,7
5703,5.31,Z,30,2,343,0,35,52,81,0,T,28,0,425,0,11,76,175,2,0,-2,-2,82,0,-24,24,94,2
5704,7.53,T,77,3,248,0,39,248,55,5,T,71,0,485,0,738,249,130,8,0,-6,-3,237,0,699,1,75,3
5705,4.58,P,20,1,280,0,19,100,27,3,P,17,3,100,0,2,104,66,0,1,-3,2,-180,0,-17,4,39,-3
5706,9.59,Z,51,0,748,0,27,159,154,5,T,100,0,446,0,21,457,146,11,1,49,0,-302,0,-6,298,-8,6
5707,9.59,P,56,3,863,0,62,219,64,4,Z,70,8,452,0,85,148,293,0,0,14,5,-411,0,23,-71,229,-4
5708,7.01,T,40,1,448,0,20,140,100,0,T,63,1,561,0,17,126,103,4,1,23,0,113,0,-3,-14,3,4
5709,8.21,Z,52,1,506,0,133,192,268,1,Z,52,0,526,0,0,162,147,0,1,0,-1,20,0,-133,-30,-121,-1
5710,3.07,P,12,0,200,0,234,78,111,6,Z,14,0,129,0,147,64,47,6,1,2,0,-71,0,-87,-14,-64,0
5711,6.23,Z,33,0,188,0,329,44,260,5,T,44,4,462,0,43,60,33,2,1,11,4,274,0,-286,16,-227,-3
5712,7.55,P,52,0,478,0,28,106,89,7,Z,56,0,847,0,580,109,203,7,1,4,0,369,0,552,3,114,0
5713,8.19,T,67,3,423,0,390,180,122,5,T,56,4,294,0,30,108,74,1,0,-11,1,-129,0,-360,-72,-48,-4
5714,3.56,P,19,0,246,0,367,109,90,8,T,22,0,125,0,160,94,105,4,0,3,0,-121,0,-207,-15,15,-4
5715,6.28,T,27,0,611,0,25,134,44,6,T,35,0,226,0,0,82,39,1,1,8,0,-385,0,-25,-52,-5,-5
5716,5.24,T,38,0,305,0,296,90,118,4,Z,36,3,81,0,29,38,102,1,0,-2,3,-224,0,-267,-52,-16,-3
5717,9.59,Z,91,0,309,0,86,206,164,4,P,68,0,783,0,32,239,126,4,1,-23,0,474,0,-54,33,-38,0
5718,3.51,Z,12,0,303,0,159,70,134,3,P,18,7,270,0,3,76,48,3,1,6,7,-33,0,-156,6,-86,0
5719,6.53,T,36,0,434,0,15,173,91,2,T,32,0,175,0,1,90,92,7,1,-4,0,-259,0,-14,-83,1,5
5720,6.24,T,43,0,657,0,43,96,113,6,T,44,0,269,0,45,138,98,3,1,1,0,-388,0,2,42,-15,-3
5721,9.15,Z,55,2,646,0,30,233,154,0,T,60,0,714,0,0,237,101,0,1,5,-2,68,0,-30,4,-53,0
5722,5.1,P,20,0,86,0,16,64,23,0,Z,33,3,316,0,30,83,68,0,0,13,3,230,0,14,19,45,0
5723,6.47,P,39,1,553,0,40,184,56,5,T,51,0,263,0,18,54,61,3,0,12,-1,-290,0,-22,-130,5,-2
5724,4.39,P,19,1,201,0,268,109,104,1,Z,17,0,146,0,18,80,79,5,0,-2,-1,-55,0,-250,-29,-25,4
5725,9.57,Z,62,2,280,0,6,166,221,5,P,50,0,414,0,0,299,227,4,1,-12,-2,134,0,-6,133,6,-1
5726,9.59,P,135,6,456,0,191,332,204,11,T,112,4,669,0,345,297,147,11,0,-23,-2,213,0,154,-35,-57,0
5727,4.15,T,15,0,511,0,0,26,31,0,Z,22,1,127,0,2,26,64,0,1,7,1,-384,0,2,0,33,0
5728,9.18,Z,93,2,390,0,306,251,306,19,P,86,4,527,0,327,311,129,8,0,-7,2,137,0,21,60,-177,-11
5729,9.58,T,24,0,668,0,0,30,48,0,P,34,6,437,0,106,151,82,10,1,10,6,-231,0,106,121,34,10
5730,9.59,Z,76,4,483,0,50,265,240,0,P,54,0,382,0,27,61,56,9,0,-22,-4,-101,0,-23,-204,-184,9
5731,2.32,Z,5,5,166,0,27,54,43,3,T,7,0,140,0,5,46,12,0,0,2,-5,-26,0,-22,-8,-31,-3
5732,6.3,Z,24,2,758,0,41,35,107,0,P,40,0,383,0,45,287,121,8,1,16,-2,-375,0,4,252,14,8
5733,9.09,T,42,0,848,0,4,48,95,2,T,64,1,462,0,188,125,179,5,1,22,1,-386,0,184,77,84,3
5734,1.45,P,6,0,79,0,0,14,6,0,Z,5,0,66,0,0,11,11,0,1,-1,0,-13,0,0,-3,5,0
5735,4.26,P,19,0,167,0,0,34,25,0,P,10,0,209,0,0,43,24,0,0,-9,0,42,0,0,9,-1,0
5736,8.28,P,77,0,790,0,206,159,130,4,Z,65,4,380,0,194,178,340,1,1,-12,4,-410,0,-12,19,210,-3
5737,9.59,P,48,3,581,0,11,121,86,0,Z,59,5,584,0,49,162,194,0,0,11,2,3,0,38,41,108,0
5738,7.12,T,53,0,433,0,59,207,53,4,T,58,3,226,0,251,175,88,3,0,5,3,-207,0,192,-32,35,-1
5739,8.43,Z,32,3,395,0,14,164,160,1,P,45,7,334,0,88,197,87,1,1,13,4,-61,0,74,33,-73,0
5740,9.59,Z,65,0,265,0,110,193,319,8,T,73,0,743,0,39,117,154,10,1,8,0,478,0,-71,-76,-165,2
5741,4.41,P,23,0,230,0,254,124,24,6,Z,36,0,124,0,78,53,162,4,1,13,0,-106,0,-176,-71,138,-2
5742,9.53,T,72,10,558,0,26,245,77,0,Z,69,5,359,0,95,241,213,2,1,-3,-5,-199,0,69,-4,136,2
5743,6.54,P,49,0,462,0,117,177,58,5,Z,35,7,525,0,320,115,384,0,1,-14,7,63,0,203,-62,326,-5
5744,10.11,P,56,1,797,0,16,193,50,1,T,66,0,662,0,25,261,97,5,1,10,-1,-135,0,9,68,47,4
5745,5.38,T,23,1,184,0,21,23,28,6,Z,26,7,352,0,107,65,140,1,1,3,6,168,0,86,42,112,-5
5746,7.56,Z,49,0,711,0,50,113,116,2,P,39,1,339,0,7,237,65,0,0,-10,1,-372,0,-43,124,-51,-2
5747,8.13,P,34,0,753,0,11,50,46,6,T,66,2,583,0,18,214,49,2,1,32,2,-170,0,7,164,3,-4
5748,9.07,Z,65,8,410,0,432,303,271,1,Z,78,7,350,3,207,145,222,4,0,13,-1,-60,3,-225,-158,-49,3
5749,3.26,T,10,0,417,0,21,34,29,3,T,10,0,483,0,0,74,70,0,0,0,0,66,0,-21,40,41,-3
5750,3.45,T,27,0,115,0,384,70,24,4,T,30,0,158,0,264,85,31,7,0,3,0,43,0,-120,15,7,3
5751,9.59,P,64,0,350,0,26,176,55,6,Z,47,2,486,0,4,102,181,2,1,-17,2,136,0,-22,-74,126,-4
5752,9.59,T,71,0,508,0,466,169,112,2,Z,60,11,350,0,552,213,262,2,1,-11,11,-158,0,86,44,150,0
5753,4.43,Z,14,0,208,0,15,74,58,3,Z,17,4,112,0,16,4,42,0,0,3,4,-96,0,1,-70,-16,-3
5754,10.46,Z,21,0,747,0,0,156,124,0,T,78,0,611,0,2,132,161,1,1,57,0,-136,0,2,-24,37,1
5755,4.35,Z,17,2,119,0,5,69,103,1,Z,24,4,223,0,79,107,86,4,1,7,2,104,0,74,38,-17,3
5756,9.58,T,78,2,486,0,76,194,158,2,Z,72,0,647,0,171,156,339,5,0,-6,-2,161,0,95,-38,181,3
5757,9.59,Z,67,12,377,1,71,149,222,2,T,100,0,446,0,588,408,166,15,1,33,-12,69,-1,517,259,-56,13
5758,9.59,Z,93,0,371,0,137,217,262,12,T,152,12,433,0,1059,265,198,30,1,59,12,62,0,922,48,-64,18
5759,8.57,Z,49,0,451,0,14,144,114,6,P,48,1,301,0,20,126,57,1,0,-1,1,-150,0,6,-18,-57,-5
5760,3.21,Z,14,2,137,0,21,9,68,0,Z,12,7,74,0,11,9,42,0,1,-2,5,-63,0,-10,0,-26,0
5761,10.34,T,51,0,653,0,0,107,131,0,P,50,10,366,0,123,120,74,0,0,-1,10,-287,0,123,13,-57,0
5762,5.46,T,37,6,358,0,154,123,84,0,P,32,0,259,0,1,105,108,1,0,-5,-6,-99,0,-153,-18,24,1
5763,5.54,Z,36,0,429,2,149,84,118,5,P,38,5,496,0,367,173,139,5,1,2,5,67,-2,218,89,21,0
5764,4.53,P,14,0,170,0,0,34,44,1,Z,18,7,207,0,218,109,126,1,1,4,7,37,0,218,75,82,0
5765,7.04,T,77,3,436,0,429,204,136,7,Z,47,8,236,0,292,196,159,4,1,-30,5,-200,0,-137,-8,23,-3
5766,2,Z,5,0,144,0,225,26,56,4,Z,5,0,12,16,57,37,79,3,0,0,0,-132,16,-168,11,23,-1
5767,7.27,Z,57,10,309,0,36,55,107,0,Z,38,7,225,1,41,83,129,2,1,-19,-3,-84,1,5,28,22,2
5768,10.07,T,91,1,601,0,52,256,164,5,P,74,0,571,0,65,219,146,2,0,-17,-1,-30,0,13,-37,-18,-3
5769,7.3,Z,51,0,242,0,155,296,216,12,T,50,3,392,0,59,154,106,4,0,-1,3,150,0,-96,-142,-110,-8
5770,9.59,P,70,1,774,0,212,297,120,4,P,73,6,387,0,39,162,73,3,0,3,5,-387,0,-173,-135,-47,-1
5771,9.19,T,87,4,808,0,122,181,105,6,Z,68,0,361,3,116,228,261,5,1,-19,-4,-447,3,-6,47,156,-1
5772,9.57,T,84,4,541,0,37,114,127,1,Z,56,5,482,0,436,195,214,7,1,-28,1,-59,0,399,81,87,6
5773,3.26,Z,22,0,153,0,195,119,53,7,T,16,0,276,0,15,32,46,2,0,-6,0,123,0,-180,-87,-7,-5
5774,10.43,Z,72,0,289,0,54,209,207,4,T,86,10,544,0,53,130,88,1,0,14,10,255,0,-1,-79,-119,-3
5775,9.59,T,38,4,550,0,76,82,94,4,Z,52,3,171,0,14,156,197,4,1,14,-1,-379,0,-62,74,103,0
5776,5.23,T,40,2,313,0,309,147,97,9,Z,40,1,230,0,231,104,100,4,0,0,-1,-83,0,-78,-43,3,-5
5777,7.11,Z,40,0,183,2,66,121,120,0,Z,49,0,564,0,52,61,125,8,1,9,0,381,-2,-14,-60,5,8
5778,1.51,T,8,0,133,0,7,13,4,1,T,4,0,45,0,3,14,3,0,1,-4,0,-88,0,-4,1,-1,-1
5779,4.38,Z,15,2,215,0,85,106,98,0,T,30,0,124,0,142,127,129,3,1,15,-2,-91,0,57,21,31,3
5780,6.34,T,33,0,726,0,22,64,47,3,P,35,0,274,0,30,70,72,8,0,2,0,-452,0,8,6,25,5
5781,3.47,P,15,2,170,0,11,67,36,1,P,14,1,235,0,46,124,67,5,0,-1,-1,65,0,35,57,31,4
5782,9.59,Z,43,1,949,0,3,275,242,0,Z,52,7,541,0,36,87,173,0,1,9,6,-408,0,33,-188,-69,0
5783,9.59,Z,60,6,410,0,105,180,354,2,T,108,3,479,0,88,213,139,3,1,48,-3,69,0,-17,33,-215,1
5784,9.58,T,64,0,793,0,0,202,85,0,P,55,0,584,0,10,178,72,4,1,-9,0,-209,0,10,-24,-13,4
5785,9.58,P,44,1,899,0,13,141,62,2,T,80,3,719,0,59,189,148,7,1,36,2,-180,0,46,48,86,5
5786,9.02,T,94,0,429,0,767,355,163,19,Z,83,3,694,0,478,216,252,13,0,-11,3,265,0,-289,-139,89,-6
5787,9.59,Z,118,0,382,0,407,283,272,9,P,47,0,455,0,67,300,95,7,1,-71,0,73,0,-340,17,-177,-2
5788,7.01,T,65,5,469,0,444,111,117,4,Z,45,5,535,0,34,150,111,2,0,-20,0,66,0,-410,39,-6,-2
5789,3.21,Z,13,0,46,0,0,46,37,0,Z,16,1,90,0,44,55,159,4,0,3,1,44,0,44,9,122,4
5790,9.2,T,42,0,551,0,1,90,72,1,Z,39,3,450,0,41,148,189,0,1,-3,3,-101,0,40,58,117,-1
5791,10.58,Z,56,0,807,0,0,133,212,1,P,68,12,582,0,237,249,99,1,0,12,12,-225,0,237,116,-113,0
5792,9.59,T,38,0,619,0,0,65,66,2,P,47,5,749,0,25,330,116,4,1,9,5,130,0,25,265,50,2
5793,9.57,T,55,1,414,0,25,62,87,5,P,19,0,452,0,0,28,37,0,0,-36,-1,38,0,-25,-34,-50,-5
5794,8.59,P,48,2,490,0,84,217,126,5,Z,47,7,380,0,14,47,162,0,0,-1,5,-110,0,-70,-170,36,-5
5795,2.34,T,5,1,80,0,0,35,11,0,T,13,1,166,0,4,37,24,0,1,8,0,86,0,4,2,13,0
5796,5.49,P,24,0,431,0,0,140,46,0,T,50,0,257,0,52,142,65,9,1,26,0,-174,0,52,2,19,9
5797,7.18,P,38,1,140,0,31,56,42,4,Z,36,4,456,0,38,67,118,0,0,-2,3,316,0,7,11,76,-4
5798,4.4,P,31,2,251,0,259,141,110,3,T,54,0,237,0,59,211,43,4,1,23,-2,-14,0,-200,70,-67,1
5799,10.25,P,45,0,1314,0,6,37,77,2,T,96,10,321,0,854,181,210,5,1,51,10,-993,0,848,144,133,3
5800,5.34,T,22,0,311,0,0,44,109,0,T,27,0,333,0,17,46,32,4,1,5,0,22,0,17,2,-77,4
5801,9.59,T,77,4,724,0,143,188,211,2,Z,61,1,409,0,309,274,265,6,0,-16,-3,-315,0,166,86,54,4
5802,9.59,T,100,8,569,0,157,295,158,10,T,78,0,748,0,102,225,148,15,0,-22,-8,179,0,-55,-70,-10,5
5803,9.59,T,48,0,464,0,13,90,89,1,Z,41,2,194,0,51,60,124,2,0,-7,2,-270,0,38,-30,35,1
5804,8.13,P,75,1,706,0,361,225,123,5,Z,60,4,268,0,271,324,389,7,1,-15,3,-438,0,-90,99,266,2
5805,5.3,T,41,6,150,0,314,147,44,5,T,28,0,269,0,280,126,65,9,0,-13,-6,119,0,-34,-21,21,4
5806,5.14,Z,16,2,194,0,112,78,142,0,Z,39,4,125,0,26,122,60,0,1,23,2,-69,0,-86,44,-82,0
5807,6.45,Z,28,1,528,0,20,60,114,0,T,40,0,384,0,5,49,63,5,1,12,-1,-144,0,-15,-11,-51,5
5808,9.59,Z,56,6,478,0,240,122,174,0,P,60,8,600,0,43,167,145,0,0,4,2,122,0,-197,45,-29,0
5809,9.59,Z,36,2,308,0,18,30,95,0,P,28,0,253,0,0,105,59,0,1,-8,-2,-55,0,-18,75,-36,0
5810,9.59,P,40,1,751,0,9,64,56,0,T,66,0,714,0,0,207,119,2,0,26,-1,-37,0,-9,143,63,2
5811,9.58,T,93,0,922,0,70,151,177,3,Z,104,0,756,0,200,382,342,9,0,11,0,-166,0,130,231,165,6
5812,9.58,Z,50,4,584,3,41,219,209,0,Z,66,3,896,0,73,131,166,1,1,16,-1,312,-3,32,-88,-43,1
5813,5.05,T,21,1,361,0,3,112,53,0,T,39,5,88,0,68,117,69,1,0,18,4,-273,0,65,5,16,1
5814,6.13,Z,27,1,377,0,199,138,228,0,Z,32,1,321,0,62,92,94,3,1,5,0,-56,0,-137,-46,-134,3
5815,9.58,P,50,13,352,0,49,119,138,1,T,58,0,737,0,36,59,65,3,0,8,-13,385,0,-13,-60,-73,2
5816,5.05,T,47,0,384,0,438,189,92,5,Z,23,1,308,0,599,165,130,9,0,-24,1,-76,0,161,-24,38,4
5817,7.53,P,85,4,481,3,123,327,140,4,Z,73,5,432,0,325,372,326,17,0,-12,1,-49,-3,202,45,186,13
5818,8.18,T,74,0,320,10,178,323,161,3,P,60,0,300,0,56,167,102,5,1,-14,0,-20,-10,-122,-156,-59,2
5819,9.59,T,77,2,900,0,28,287,103,4,Z,60,5,551,0,41,61,172,3,1,-17,3,-349,0,13,-226,69,-1
5820,9.59,T,90,0,648,0,121,149,162,14,P,71,7,550,0,321,239,114,6,1,-19,7,-98,0,200,90,-48,-8
5821,10.14,T,80,8,645,0,43,163,106,3,T,85,0,424,0,56,231,125,12,0,5,-8,-221,0,13,68,19,9
5822,9.38,T,67,0,637,0,499,229,143,4,T,71,0,531,0,69,114,99,5,1,4,0,-106,0,-430,-115,-44,1
5823,5.16,Z,27,0,197,0,7,63,143,0,Z,17,0,346,0,11,54,41,4,1,-10,0,149,0,4,-9,-102,4
5824,9.58,T,49,0,417,0,0,65,102,0,Z,44,7,230,0,44,109,204,1,1,-5,7,-187,0,44,44,102,1
5825,5.39,P,23,0,276,0,23,185,75,5,T,29,6,325,0,135,102,72,2,1,6,6,49,0,112,-83,-3,-3
5826,3.18,P,14,1,30,0,12,30,17,0,T,18,0,262,0,5,68,112,3,0,4,-1,232,0,-7,38,95,3
5827,3.31,T,16,0,69,0,143,39,47,2,P,15,0,223,0,0,33,18,0,0,-1,0,154,0,-143,-6,-29,-2
5828,3.27,T,32,2,132,0,214,39,30,3,Z,11,1,125,0,349,16,86,3,0,-21,-1,-7,0,135,-23,56,0
5829,9.58,P,35,0,587,0,0,83,46,0,Z,38,0,689,0,0,87,179,0,0,3,0,102,0,0,4,133,0
5830,9.35,T,33,0,546,0,0,61,55,0,Z,57,0,654,0,0,86,223,0,1,24,0,108,0,0,25,168,0
5831,8.14,P,47,0,822,0,10,110,55,5,Z,39,0,646,0,30,95,120,5,1,-8,0,-176,0,20,-15,65,0
5832,3.52,T,13,0,209,0,130,138,92,5,T,15,3,187,0,1,97,35,0,1,2,3,-22,0,-129,-41,-57,-5
5833,9.59,P,50,7,494,0,398,233,95,5,Z,55,4,530,0,12,210,304,0,1,5,-3,36,0,-386,-23,209,-5
5834,2.11,P,8,0,154,0,80,46,17,4,Z,7,0,105,0,28,13,44,0,1,-1,0,-49,0,-52,-33,27,-4
5835,2.29,Z,7,0,182,0,140,68,126,5,P,9,0,96,0,244,62,57,7,0,2,0,-86,0,104,-6,-69,2
5836,8.43,T,99,0,546,0,627,234,189,10,P,77,0,512,0,530,203,85,18,1,-22,0,-34,0,-97,-31,-104,8
5837,8.16,T,71,3,432,0,84,131,79,4,Z,52,10,324,0,42,78,172,6,0,-19,7,-108,0,-42,-53,93,2
5838,7.26,P,51,0,527,0,26,160,76,7,Z,47,1,241,0,100,132,256,6,0,-4,1,-286,0,74,-28,180,-1
5839,4.09,T,31,0,123,0,198,66,75,6,T,19,0,129,0,234,100,80,8,1,-12,0,6,0,36,34,5,2
5840,2.47,T,9,4,42,0,4,6,9,2,T,7,0,41,0,0,4,12,0,0,-2,-4,-1,0,-4,-2,3,-2
5841,9.59,Z,75,5,761,0,59,111,205,4,Z,84,6,797,0,120,313,262,4,0,9,1,36,0,61,202,57,0
5842,10.55,Z,76,4,516,0,718,214,184,3,T,118,5,681,0,14,311,153,1,0,42,1,165,0,-704,97,-31,-2
5843,9.58,T,25,0,734,0,0,25,47,0,T,50,0,589,0,6,38,77,2,0,25,0,-145,0,6,13,30,2
5844,1.44,T,5,1,55,0,155,39,41,6,T,14,0,93,0,124,74,50,11,1,9,-1,38,0,-31,35,9,5
5845,3.25,T,17,4,294,0,236,19,82,0,T,20,0,108,0,212,17,129,1,1,3,-4,-186,0,-24,-2,47,1
5846,8.19,P,48,3,282,0,98,118,81,0,Z,37,11,532,0,42,51,132,0,0,-11,8,250,0,-56,-67,51,0
5847,9.58,P,41,0,633,0,17,157,74,14,P,43,0,622,0,18,408,79,2,0,2,0,-11,0,1,251,5,-12
5848,3.46,P,17,0,163,0,0,58,27,2,P,18,0,103,0,283,60,94,4,0,1,0,-60,0,283,2,67,2
5849,3.03,T,14,0,166,0,106,45,33,3,Z,18,0,66,0,82,135,152,6,0,4,0,-100,0,-24,90,119,3
5850,9.59,T,118,5,458,0,167,285,257,13,T,126,7,472,0,694,336,189,6,0,8,2,14,0,527,51,-68,-7
5851,3.37,T,26,3,178,0,247,151,103,1,T,29,0,259,0,176,131,78,4,0,3,-3,81,0,-71,-20,-25,3
5852,6.13,T,66,0,439,0,341,203,125,18,P,40,0,119,0,162,171,147,6,0,-26,0,-320,0,-179,-32,22,-12
5853,9.58,T,93,0,413,0,38,143,157,7,P,56,8,432,0,55,216,83,0,1,-37,8,19,0,17,73,-74,-7
5854,7.1,T,41,0,611,0,2,227,77,4,T,35,0,706,0,18,97,59,5,1,-6,0,95,0,16,-130,-18,1
5855,2.18,T,9,0,51,0,208,64,65,5,T,4,3,109,0,6,61,24,3,1,-5,3,58,0,-202,-3,-41,-2
5856,6.48,Z,19,0,319,0,2,49,85,3,T,39,4,521,0,41,80,43,0,1,20,4,202,0,39,31,-42,-3
5857,9.15,Z,85,0,466,65,372,320,604,13,Z,89,21,371,12,435,310,354,15,0,4,21,-95,-53,63,-10,-250,2
5858,6.5,T,61,2,256,0,145,442,55,5,P,14,0,448,0,0,50,35,0,0,-47,-2,192,0,-145,-392,-20,-5
5859,9.59,P,62,0,464,0,73,295,131,5,Z,52,0,669,0,36,79,198,16,0,-10,0,205,0,-37,-216,67,11
5860,9.08,P,54,0,810,0,5,265,123,2,P,32,0,379,0,469,183,63,3,0,-22,0,-431,0,464,-82,-60,1
5861,9.59,T,120,0,546,0,344,271,212,13,Z,76,4,495,0,66,193,232,0,0,-44,4,-51,0,-278,-78,20,-13
5862,9.56,Z,46,2,314,0,61,205,156,5,T,94,6,672,0,56,153,121,0,1,48,4,358,0,-5,-52,-35,-5
5863,5,Z,19,4,140,0,45,56,100,0,T,24,1,212,0,1,50,58,0,1,5,-3,72,0,-44,-6,-42,0
5864,7.08,T,41,0,394,0,9,95,76,3,P,37,1,500,0,26,237,69,5,0,-4,1,106,0,17,142,-7,2
5865,7.5,T,59,4,389,0,13,141,82,5,P,43,0,725,0,18,108,67,11,0,-16,-4,336,0,5,-33,-15,6
5866,6.05,Z,38,5,291,0,48,85,111,4,Z,26,5,357,0,33,108,96,0,0,-12,0,66,0,-15,23,-15,-4
5867,3.4,Z,10,0,108,0,0,22,36,0,P,13,2,353,0,2,78,22,0,0,3,2,245,0,2,56,-14,0
5868,8.25,T,51,1,617,0,207,226,115,13,Z,73,2,388,0,76,280,249,6,1,22,1,-229,0,-131,54,134,-7
5869,6.15,T,54,0,372,0,270,243,118,8,T,49,0,355,0,57,174,72,6,1,-5,0,-17,0,-213,-69,-46,-2
5870,9.22,Z,69,8,218,0,30,67,214,0,Z,62,10,288,0,90,222,182,1,1,-7,2,70,0,60,155,-32,1
5871,5.34,T,37,3,253,0,66,194,71,7,T,30,5,204,0,28,114,95,0,1,-7,2,-49,0,-38,-80,24,-7
5872,3.21,T,9,1,174,0,95,40,18,3,T,12,0,85,0,9,29,25,2,1,3,-1,-89,0,-86,-11,7,-1
5873,8.48,Z,52,5,251,0,79,89,173,0,Z,29,3,230,0,25,37,110,2,1,-23,-2,-21,0,-54,-52,-63,2
5874,7.25,Z,36,6,395,0,423,123,209,0,P,68,2,316,0,100,254,80,7,1,32,-4,-79,0,-323,131,-129,7
5875,4.35,Z,34,2,218,0,72,95,108,7,T,34,0,326,0,6,34,64,1,1,0,-2,108,0,-66,-61,-44,-6
5876,8.22,Z,36,1,374,0,0,42,135,0,Z,37,2,204,0,4,22,121,0,1,1,1,-170,0,4,-20,-14,0
5877,9.29,Z,50,0,501,0,183,292,308,2,Z,41,4,642,0,14,104,170,3,0,-9,4,141,0,-169,-188,-138,1
5878,10.21,Z,42,0,808,0,10,188,186,1,P,41,0,681,0,0,129,74,0,1,-1,0,-127,0,-10,-59,-112,-1
5879,1.28,T,4,0,30,0,0,5,7,0,T,4,0,72,0,0,4,6,0,0,0,0,42,0,0,-1,-1,0
5880,10.12,T,55,2,544,0,2,237,116,0,P,49,0,458,0,36,364,61,2,1,-6,-2,-86,0,34,127,-55,2
5881,4.27,Z,36,0,272,4,220,84,139,0,Z,27,3,183,0,90,208,86,17,0,-9,3,-89,-4,-130,124,-53,17
5882,3.17,P,15,1,182,0,197,54,56,9,P,9,0,118,0,14,32,14,2,0,-6,-1,-64,0,-183,-22,-42,-7
5883,9.59,P,54,0,662,0,31,116,63,7,T,75,7,1093,0,47,167,83,0,1,21,7,431,0,16,51,20,-7
5884,3.13,T,13,3,156,0,103,23,91,0,T,15,0,152,0,47,28,30,6,1,2,-3,-4,0,-56,5,-61,6
5885,10.27,P,82,0,762,0,35,208,89,2,Z,57,0,985,0,28,123,216,9,0,-25,0,223,0,-7,-85,127,7
5886,9.59,P,38,0,818,0,2,118,61,6,T,59,0,919,0,0,179,87,1,0,21,0,101,0,-2,61,26,-5
5887,6.03,Z,27,2,531,0,44,64,102,0,Z,34,4,178,0,32,75,96,0,0,7,2,-353,0,-12,11,-6,0
5888,1.38,Z,7,0,89,0,49,25,53,2,T,0,0,1,0,0,0,0,0,0,-7,0,-88,0,-49,-25,-53,-2
5889,8.14,Z,42,3,322,0,241,377,229,1,P,60,0,318,0,212,115,104,21,1,18,-3,-4,0,-29,-262,-125,20
5890,3.03,P,20,0,87,0,224,147,21,2,P,22,0,244,0,367,89,77,7,0,2,0,157,0,143,-58,56,5
5891,4.09,Z,22,10,124,3,421,117,150,0,Z,21,1,188,0,22,124,79,0,1,-1,-9,64,-3,-399,7,-71,0
5892,7.05,Z,36,0,138,0,36,53,92,1,P,36,1,322,0,6,103,50,3,1,0,1,184,0,-30,50,-42,2
5893,9.58,T,59,0,636,0,2,254,189,7,T,81,0,504,0,32,74,93,16,0,22,0,-132,0,30,-180,-96,9
5894,10.4,T,134,3,434,0,108,302,230,2,T,119,0,601,0,805,366,154,13,1,-15,-3,167,0,697,64,-76,11
5895,7.51,T,28,12,527,0,4,129,82,5,T,71,0,344,0,13,303,85,5,1,43,-12,-183,0,9,174,3,0
5896,9.06,T,23,0,639,0,5,203,66,0,Z,50,0,287,0,0,77,159,0,1,27,0,-352,0,-5,-126,93,0
5897,3.53,P,14,1,101,0,114,42,123,0,T,13,1,71,0,731,51,13,2,0,-1,0,-30,0,617,9,-110,2
5898,7.36,Z,61,5,332,0,720,216,183,6,T,68,0,565,0,290,241,153,8,1,7,-5,233,0,-430,25,-30,2
5899,10.29,P,75,6,869,0,343,582,131,7,T,82,8,682,0,89,100,121,0,1,7,2,-187,0,-254,-482,-10,-7
5900,7.09,Z,45,0,294,0,239,189,161,6,P,31,0,280,0,2,70,38,1,0,-14,0,-14,0,-237,-119,-123,-5
5901,2.3,T,11,0,153,0,0,47,20,2,T,7,1,136,0,2,28,17,0,0,-4,1,-17,0,2,-19,-3,-2
5902,1.13,P,1,0,43,0,0,5,2,0,P,2,1,54,0,4,18,5,0,1,1,1,11,0,4,13,3,0
5903,10.27,T,61,0,628,0,6,118,120,7,T,62,0,790,0,3,160,128,3,0,1,0,162,0,-3,42,8,-4
5904,9.31,T,75,0,756,0,59,307,265,7,P,44,0,481,0,75,169,79,10,0,-31,0,-275,0,16,-138,-186,3
5905,6.46,P,64,0,334,0,92,280,111,3,T,53,5,383,0,380,185,64,2,0,-11,5,49,0,288,-95,-47,-1
5906,9.59,T,62,5,908,2,52,271,138,0,Z,44,0,654,0,9,172,176,3,0,-18,-5,-254,-2,-43,-99,38,3
5907,9.59,Z,66,1,266,0,36,147,186,2,P,53,2,656,0,11,196,62,3,0,-13,1,390,0,-25,49,-124,1
5908,3.19,Z,11,3,116,0,33,22,50,2,P,16,1,48,1,53,40,33,0,0,5,-2,-68,1,20,18,-17,-2
5909,7.18,Z,45,1,460,0,20,227,159,0,T,64,0,403,0,605,140,111,11,0,19,-1,-57,0,585,-87,-48,11
5910,9.25,P,58,4,595,0,11,114,67,0,T,70,4,850,0,32,132,103,0,1,12,0,255,0,21,18,36,0
5911,9.59,Z,46,0,285,0,25,38,138,3,T,57,0,632,0,32,196,88,7,0,11,0,347,0,7,158,-50,4
5912,7.58,P,52,0,690,0,12,151,87,1,T,54,3,513,0,16,120,78,1,1,2,3,-177,0,4,-31,-9,0
5913,1.4,Z,3,0,29,0,12,8,15,3,T,6,0,128,0,14,28,16,10,1,3,0,99,0,2,20,1,7
5914,10.13,Z,121,4,572,0,66,274,288,8,T,129,0,671,0,199,298,117,16,0,8,-4,99,0,133,24,-171,8
5915,6.18,Z,29,0,291,0,0,53,109,0,P,26,0,521,0,2,99,57,0,1,-3,0,230,0,2,46,-52,0
5916,9.57,Z,64,6,281,0,111,234,244,6,P,56,0,641,0,41,121,72,10,1,-8,-6,360,0,-70,-113,-172,4
5917,9.59,Z,43,0,937,0,51,101,123,5,P,59,7,734,0,50,233,101,0,1,16,7,-203,0,-1,132,-22,-5
5918,8.34,P,50,0,463,0,1,209,74,2,T,70,3,493,0,94,214,200,5,0,20,3,30,0,93,5,126,3
5919,9.13,Z,53,0,752,0,64,128,175,3,T,59,0,535,0,68,81,72,8,0,6,0,-217,0,4,-47,-103,5
5920,5.5,P,20,0,306,0,1,133,45,3,Z,23,3,275,0,14,69,134,1,1,3,3,-31,0,13,-64,89,-2
5921,5.15,T,47,0,282,0,69,182,76,10,T,37,0,273,0,316,235,76,7,0,-10,0,-9,0,247,53,0,-3
5922,9.59,Z,114,11,378,0,170,168,278,2,P,68,5,354,0,151,160,113,5,1,-46,-6,-24,0,-19,-8,-165,3
5923,9.5,P,53,0,633,0,28,201,152,7,Z,79,3,570,0,65,205,302,0,1,26,3,-63,0,37,4,150,-7
5924,9.58,P,52,10,841,1,25,306,99,2,Z,60,3,669,0,28,99,195,0,1,8,-7,-172,-1,3,-207,96,-2
5925,9.59,T,100,3,502,0,231,408,191,15,P,88,0,622,0,81,314,185,19,0,-12,-3,120,0,-150,-94,-6,4
5926,6.5,T,29,0,363,0,0,108,44,0,Z,31,0,150,0,9,33,126,12,1,2,0,-213,0,9,-75,82,12
5927,9.51,T,124,12,626,0,475,279,234,5,Z,100,9,833,0,317,332,275,6,0,-24,-3,207,0,-158,53,41,1
5928,7.59,Z,43,0,386,0,7,134,149,1,Z,40,0,826,0,29,93,118,1,0,-3,0,440,0,22,-41,-31,0
5929,3.4,P,16,0,177,0,185,48,93,6,P,16,5,92,0,242,59,51,3,0,0,5,-85,0,57,11,-42,-3
5930,4.55,Z,22,0,258,0,39,40,219,2,P,25,0,81,0,384,77,207,5,0,3,0,-177,0,345,37,-12,3
5931,10.2,P,44,3,971,0,31,103,50,1,P,48,0,892,0,0,181,57,0,0,4,-3,-79,0,-31,78,7,-1
5932,9.38,Z,55,9,378,0,52,240,229,2,P,62,0,465,0,16,56,38,3,0,7,-9,87,0,-36,-184,-191,1
5933,10.52,Z,73,1,533,0,273,220,271,2,T,89,6,658,0,518,309,184,9,0,16,5,125,0,245,89,-87,7
5934,7.11,P,31,0,487,0,3,144,47,2,T,56,0,537,0,363,134,74,7,1,25,0,50,0,360,-10,27,5
5935,5.4,T,20,4,345,0,1,42,39,0,T,22,2,251,0,3,54,48,0,1,2,-2,-94,0,2,12,9,0
5936,7.26,P,72,8,339,0,187,321,259,3,Z,69,6,423,0,527,170,343,9,0,-3,-2,84,0,340,-151,84,6
5937,9.58,Z,30,4,515,0,33,83,142,0,P,55,0,843,0,2,285,107,5,1,25,-4,328,0,-31,202,-35,5
5938,5.51,Z,34,0,393,0,11,50,139,2,Z,26,0,248,4,41,157,127,2,1,-8,0,-145,4,30,107,-12,0
5939,10.35,Z,39,0,397,0,46,128,181,2,T,29,0,692,0,0,50,73,0,1,-10,0,295,0,-46,-78,-108,-2
5940,2.45,T,10,0,192,0,64,74,27,4,Z,11,0,78,0,6,109,45,2,1,1,0,-114,0,-58,35,18,-2
5941,7.05,T,69,0,531,17,589,157,118,2,P,106,2,314,0,218,174,175,25,0,37,2,-217,-17,-371,17,57,23
5942,6.2,T,34,0,314,0,332,108,141,15,Z,30,2,209,0,19,41,78,0,1,-4,2,-105,0,-313,-67,-63,-15
5943,2.24,Z,6,4,33,0,11,8,28,0,Z,7,3,98,0,194,38,36,2,1,1,-1,65,0,183,30,8,2
5944,7.4,P,45,2,548,0,35,159,70,0,P,48,0,581,0,22,162,69,4,0,3,-2,33,0,-13,3,-1,4
5945,4.05,T,16,2,138,0,166,53,38,1,Z,22,1,65,5,38,74,53,0,1,6,-1,-73,5,-128,21,15,-1
5946,10.55,T,139,0,650,0,256,304,142,21,Z,104,0,913,0,145,267,294,12,1,-35,0,263,0,-111,-37,152,-9
5947,9.1,Z,47,3,324,0,515,342,208,14,P,24,0,366,0,2,87,37,1,0,-23,-3,42,0,-513,-255,-171,-13
5948,5.31,T,35,2,320,0,12,49,60,5,Z,26,2,322,0,22,32,96,0,0,-9,0,2,0,10,-17,36,-5
5949,7.52,P,48,4,636,0,134,160,76,8,Z,40,3,433,0,211,108,126,4,0,-8,-1,-203,0,77,-52,50,-4
5950,2.1,T,7,0,38,0,208,33,26,5,T,7,0,112,0,7,97,15,1,1,0,0,74,0,-201,64,-11,-4
5951,9.59,P,42,0,647,0,107,134,79,18,P,37,0,1044,0,0,66,86,0,1,-5,0,397,0,-107,-68,7,-18
5952,9.59,T,82,0,605,0,23,254,165,5,P,44,0,740,0,22,397,163,7,0,-38,0,135,0,-1,143,-2,2
5953,10.16,T,49,0,735,0,10,217,92,7,Z,69,8,622,0,165,131,359,1,1,20,8,-113,0,155,-86,267,-6
5954,4.18,Z,24,0,109,0,67,131,178,3,Z,25,0,230,0,49,185,112,2,0,1,0,121,0,-18,54,-66,-1
5955,6.29,Z,24,0,131,0,12,57,71,2,Z,31,0,127,0,7,56,95,1,1,7,0,-4,0,-5,-1,24,-1
5956,7.13,Z,36,4,405,0,17,80,94,0,Z,33,3,358,1,153,187,211,8,1,-3,-1,-47,1,136,107,117,8
5957,6.5,Z,46,11,367,2,1006,115,223,0,T,47,0,497,0,230,216,70,6,1,1,-11,130,-2,-776,101,-153,6
5958,4.49,T,26,1,333,0,7,63,34,1,P,28,0,229,0,1,70,50,6,1,2,-1,-104,0,-6,7,16,5
5959,9.59,T,54,0,620,0,480,164,88,7,P,84,0,460,0,30,340,93,9,0,30,0,-160,0,-450,176,5,2
5960,9.59,Z,83,5,514,0,197,251,328,8,T,92,3,422,0,39,362,118,2,1,9,-2,-92,0,-158,111,-210,-6
5961,9.59,P,56,0,237,0,13,226,71,2,Z,76,3,303,0,180,300,211,8,0,20,3,66,0,167,74,140,6
5962,2.17,P,11,0,66,0,169,46,13,12,Z,10,2,116,0,4,24,18,0,1,-1,2,50,0,-165,-22,5,-12
5963,9.59,P,32,0,436,0,0,105,60,2,T,40,0,723,0,0,58,72,0,1,8,0,287,0,0,-47,12,-2
5964,9.56,Z,71,8,538,0,94,169,228,2,Z,94,15,609,0,454,365,382,3,0,23,7,71,0,360,196,154,1
5965,9.03,T,39,9,456,0,5,82,88,0,P,33,0,542,0,0,91,71,0,0,-6,-9,86,0,-5,9,-17,0
5966,9.58,Z,100,5,587,0,82,305,296,6,T,90,6,470,0,37,367,100,0,0,-10,1,-117,0,-45,62,-196,-6
5967,3.33,Z,15,3,138,0,71,61,82,6,T,27,0,125,0,313,126,54,4,0,12,-3,-13,0,242,65,-28,-2
5968,6.49,Z,36,1,331,0,35,79,105,0,P,34,0,238,0,17,183,129,10,0,-2,-1,-93,0,-18,104,24,10
5969,6.14,P,26,0,283,0,18,134,45,0,P,29,0,523,0,2,129,75,2,1,3,0,240,0,-16,-5,30,2
5970,10.43,T,66,2,550,0,25,62,105,3,P,75,1,1020,0,100,207,91,3,1,9,-1,470,0,75,145,-14,0
5971,5.5,Z,33,2,219,0,566,135,98,5,P,40,0,391,0,24,168,38,7,1,7,-2,172,0,-542,33,-60,2
5972,9.58,Z,52,15,576,0,321,254,249,8,T,58,2,694,0,40,125,163,3,0,6,-13,118,0,-281,-129,-86,-5
5973,10.21,Z,58,0,407,0,40,192,214,2,Z,77,0,554,0,109,239,246,6,1,19,0,147,0,69,47,32,4
5974,1.52,P,5,0,90,0,5,81,9,0,Z,4,0,64,0,11,22,35,0,0,-1,0,-26,0,6,-59,26,0
5975,6.56,P,74,0,431,0,108,430,79,8,T,44,0,386,0,182,145,99,10,0,-30,0,-45,0,74,-285,20,2
5976,9.56,Z,69,0,315,0,25,197,215,3,T,96,6,704,0,139,230,100,2,1,27,6,389,0,114,33,-115,-1
5977,10.5,T,155,3,673,0,202,506,178,15,T,186,13,540,0,764,299,248,31,1,31,10,-133,0,562,-207,70,16
5978,6.5,P,37,1,434,0,242,219,63,4,Z,45,0,248,0,256,90,182,3,1,8,-1,-186,0,14,-129,119,-1
5979,9.53,T,103,0,531,0,69,243,124,7,Z,67,0,374,0,101,238,250,1,1,-36,0,-157,0,32,-5,126,-6
5980,9.59,P,68,0,255,0,272,217,55,10,P,42,0,590,0,1,151,60,2,1,-26,0,335,0,-271,-66,5,-8
5981,9.59,Z,90,2,336,0,491,254,380,8,T,96,5,416,0,92,212,133,8,1,6,3,80,0,-399,-42,-247,0
5982,7.03,T,63,0,230,0,50,126,86,4,Z,39,2,322,0,91,119,173,4,0,-24,2,92,0,41,-7,87,0
5983,10.41,T,77,5,938,0,68,223,102,3,Z,96,0,676,0,122,280,383,10,1,19,-5,-262,0,54,57,281,7
5984,7.36,T,86,0,476,0,308,167,90,15,Z,51,0,381,0,185,190,278,3,0,-35,0,-95,0,-123,23,188,-12
5985,5.27,Z,28,0,324,0,228,81,91,5,Z,36,1,106,0,495,134,150,8,0,8,1,-218,0,267,53,59,3
5986,6.44,P,29,2,537,0,34,143,216,2,P,36,0,381,0,11,227,59,4,0,7,-2,-156,0,-23,84,-157,2
5987,3.46,P,15,0,193,0,11,131,14,4,P,17,3,107,0,35,61,28,0,1,2,3,-86,0,24,-70,14,-4
5988,5.52,T,39,1,377,0,6,89,49,10,T,28,8,422,0,144,89,54,11,1,-11,7,45,0,138,0,5,1
5989,9.57,P,28,0,419,0,64,199,45,6,P,32,0,965,0,1,252,78,3,1,4,0,546,0,-63,53,33,-3
5990,10.54,T,174,0,585,0,268,433,388,13,Z,116,0,659,0,96,381,356,14,1,-58,0,74,0,-172,-52,-32,1
5991,10.4,T,99,0,459,0,337,179,267,9,T,83,3,824,0,44,374,126,1,1,-16,3,365,0,-293,195,-141,-8
5992,9.59,Z,61,4,675,0,135,216,190,1,P,54,5,354,0,341,214,67,5,1,-7,1,-321,0,206,-2,-123,4
5993,10.49,P,75,0,545,0,19,187,110,5,Z,87,0,931,0,157,147,226,9,1,12,0,386,0,138,-40,116,4
5994,5.03,P,23,2,82,0,3,41,46,2,T,16,1,535,0,1,75,31,1,0,-7,-1,453,0,-2,34,-15,-1
5995,6.55,T,29,0,324,0,0,52,56,0,T,46,0,436,11,76,148,87,0,0,17,0,112,11,76,96,31,0
5996,8.58,Z,35,8,227,2,39,202,164,2,Z,52,6,462,0,35,74,133,0,0,17,-2,235,-2,-4,-128,-31,-2
5997,9.59,P,43,0,959,0,0,42,57,0,T,43,6,820,0,19,46,81,0,1,0,6,-139,0,19,4,24,0
5998,5.31,P,29,0,398,0,140,177,66,3,T,31,1,307,0,15,99,68,1,1,2,1,-91,0,-125,-78,2,-2
5999,3.24,P,13,1,62,0,1,29,18,1,P,14,0,119,0,0,32,12,0,1,1,-1,57,0,-1,3,-6,-1
6000,9.59,T,71,3,957,0,46,244,105,4,P,39,0,339,0,87,195,61,9,0,-32,-3,-618,0,41,-49,-44,5
6001,4.52,Z,12,0,115,0,0,14,51,1,Z,16,2,131,0,7,49,90,0,1,4,2,16,0,7,35,39,-1
6002,9.46,T,73,0,526,0,414,197,118,8,Z,52,4,366,0,48,64,317,3,0,-21,4,-160,0,-366,-133,199,-5
6003,9.43,T,59,0,974,0,33,242,82,6,Z,68,1,445,0,64,114,194,0,1,9,1,-529,0,31,-128,112,-6
6004,5.53,Z,36,0,236,0,50,114,117,3,T,42,0,262,0,48,156,182,13,1,6,0,26,0,-2,42,65,10
6005,8.01,T,44,1,304,0,19,249,74,3,T,67,4,379,0,71,114,70,0,1,23,3,75,0,52,-135,-4,-3
6006,8.58,Z,62,0,293,3,28,55,171,0,T,84,1,400,0,216,143,165,8,1,22,1,107,-3,188,88,-6,8
6007,6.54,P,67,5,308,0,398,283,117,6,T,59,0,293,0,800,221,140,12,0,-8,-5,-15,0,402,-62,23,6
6008,3.4,T,16,0,205,0,6,14,95,3,P,18,0,177,0,1,46,35,8,1,2,0,-28,0,-5,32,-60,5
6009,9.59,P,89,0,381,0,126,509,113,12,T,99,3,320,0,309,239,154,15,0,10,3,-61,0,183,-270,41,3
6010,4.06,T,21,0,113,0,1,41,47,2,Z,23,0,67,0,13,4,41,4,0,2,0,-46,0,12,-37,-6,2
6011,9.59,T,77,4,666,0,319,287,109,0,P,68,11,533,0,26,124,92,0,1,-9,7,-133,0,-293,-163,-17,0
6012,9.59,Z,45,3,626,0,72,101,163,4,P,51,3,808,0,26,127,57,8,0,6,0,182,0,-46,26,-106,4
6013,9.58,Z,68,10,655,0,80,216,302,0,T,66,0,574,0,26,213,141,5,0,-2,-10,-81,0,-54,-3,-161,5
6014,4.08,Z,27,1,102,0,295,105,191,7,P,17,0,130,0,3,70,53,2,0,-10,-1,28,0,-292,-35,-138,-5
6015,5.04,P,26,0,197,0,8,65,49,4,P,22,0,224,0,1,94,60,2,0,-4,0,27,0,-7,29,11,-2
6016,6.39,T,23,0,204,0,1,44,73,1,P,22,0,360,0,0,42,40,0,0,-1,0,156,0,-1,-2,-33,-1
6017,9.31,T,91,0,454,0,78,204,110,11,Z,73,14,602,0,383,168,555,0,1,-18,14,148,0,305,-36,445,-11
6018,5.32,T,47,8,179,0,484,129,59,1,P,37,0,333,0,127,229,100,3,1,-10,-8,154,0,-357,100,41,2
6019,8.27,Z,77,14,261,0,77,125,200,1,P,72,5,482,0,509,225,125,11,0,-5,-9,221,0,432,100,-75,10
6020,6.25,T,36,0,401,0,142,141,43,9,T,46,4,841,0,27,130,56,1,0,10,4,440,0,-115,-11,13,-8
6021,6.29,P,72,3,270,0,306,241,118,16,Z,74,0,332,0,105,126,148,17,1,2,-3,62,0,-201,-115,30,1
6022,5.05,P,29,0,354,0,79,144,74,4,Z,25,0,207,3,42,217,111,3,0,-4,0,-147,3,-37,73,37,-1
6023,9.59,Z,82,3,445,0,260,262,340,14,T,131,0,398,0,689,264,302,18,1,49,-3,-47,0,429,2,-38,4
6024,10.31,T,111,10,361,0,287,298,186,17,T,113,1,345,0,249,176,203,13,0,2,-9,-16,0,-38,-122,17,-4
6025,9.59,T,66,5,434,0,35,212,117,0,P,43,0,444,0,12,178,102,5,0,-23,-5,10,0,-23,-34,-15,5
6026,3.28,T,18,0,132,0,173,49,49,4,T,24,0,112,0,389,80,145,5,0,6,0,-20,0,216,31,96,1
6027,9.58,T,60,3,881,0,32,292,117,4,T,45,0,552,0,0,108,95,1,0,-15,-3,-329,0,-32,-184,-22,-3
6028,9.59,Z,65,1,562,0,37,230,210,4,T,110,5,484,0,459,161,123,7,1,45,4,-78,0,422,-69,-87,3
6029,5.06,P,24,1,227,0,51,47,27,5,T,30,3,226,0,83,124,43,2,0,6,2,-1,0,32,77,16,-3
6030,9,T,95,0,466,0,155,163,278,5,Z,59,2,438,0,72,204,156,3,0,-36,2,-28,0,-83,41,-122,-2
6031,7.54,Z,60,4,547,0,288,266,301,13,Z,54,14,527,6,318,329,349,10,0,-6,10,-20,6,30,63,48,-3
6032,6.09,P,24,2,364,0,10,62,34,4,P,35,0,403,0,23,202,69,6,0,11,-2,39,0,13,140,35,2
6033,10.17,P,105,3,437,0,321,390,125,12,Z,136,7,459,0,404,249,309,12,1,31,4,22,0,83,-141,184,0
6034,6.26,T,21,0,303,0,155,68,148,2,T,54,0,274,0,389,95,184,8,1,33,0,-29,0,234,27,36,6
6035,3.58,P,12,2,58,0,61,20,43,0,T,11,0,183,0,0,21,25,0,0,-1,-2,125,0,-61,1,-18,0
6036,7.39,P,47,0,407,0,9,211,83,4,Z,28,8,232,0,340,120,149,7,0,-19,8,-175,0,331,-91,66,3
6037,4.16,Z,20,1,182,0,39,56,101,1,T,40,0,181,0,133,105,118,5,1,20,-1,-1,0,94,49,17,4
6038,6.28,T,33,0,336,0,29,127,81,1,P,17,0,324,0,0,40,29,0,0,-16,0,-12,0,-29,-87,-52,-1
6039,5.23,Z,30,4,238,0,78,80,102,3,Z,29,4,500,2,187,131,88,0,0,-1,0,262,2,109,51,-14,-3
6040,5.49,P,45,0,279,0,537,214,174,8,Z,24,2,232,2,140,117,129,5,0,-21,2,-47,2,-397,-97,-45,-3
6041,3.07,Z,14,0,58,0,87,45,122,4,Z,10,4,29,0,399,18,85,0,0,-4,4,-29,0,312,-27,-37,-4
6042,6.3,P,24,0,118,0,0,20,22,0,T,28,1,418,0,7,44,62,1,0,4,1,300,0,7,24,40,1
6043,4.44,T,27,3,234,0,7,80,155,1,Z,29,0,113,0,15,65,165,1,1,2,-3,-121,0,8,-15,10,0
6044,9.58,T,85,0,204,0,220,177,85,9,P,49,0,465,0,68,118,50,6,0,-36,0,261,0,-152,-59,-35,-3
6045,6.47,Z,46,4,605,0,473,120,105,8,T,57,11,355,4,603,133,130,3,0,11,7,-250,4,130,13,25,-5
6046,9.59,Z,66,0,756,0,16,160,300,3,Z,51,10,522,0,35,57,152,0,0,-15,10,-234,0,19,-103,-148,-3
6047,5.04,P,18,2,201,0,5,28,31,0,P,18,0,244,0,0,32,38,0,0,0,-2,43,0,-5,4,7,0
6048,6.23,Z,25,2,270,0,17,107,302,0,P,45,1,334,0,107,255,126,6,0,20,-1,64,0,90,148,-176,6
6049,2.49,Z,9,2,142,0,165,70,83,1,Z,11,0,83,0,282,57,175,5,1,2,-2,-59,0,117,-13,92,4
6050,9.59,T,61,4,510,0,12,181,107,3,Z,60,0,1000,0,104,164,208,2,1,-1,-4,490,0,92,-17,101,-1
6051,2.2,P,13,0,103,0,184,89,54,9,T,10,0,126,0,91,28,18,3,1,-3,0,23,0,-93,-61,-36,-6
6052,9.41,T,66,0,843,0,20,290,188,3,T,79,6,416,0,222,158,208,11,1,13,6,-427,0,202,-132,20,8
6053,9.48,T,47,0,539,1,43,159,107,0,Z,63,3,735,0,37,192,208,0,1,16,3,196,-1,-6,33,101,0
6054,8.01,P,49,6,482,0,34,163,105,1,P,44,0,325,0,26,172,81,5,1,-5,-6,-157,0,-8,9,-24,4
6055,3.26,P,16,0,132,0,94,149,103,2,P,20,0,146,0,317,110,49,12,1,4,0,14,0,223,-39,-54,10
6056,9.59,T,44,4,519,0,20,88,40,1,Z,37,3,450,1,10,131,137,0,1,-7,-1,-69,1,-10,43,97,-1
6057,3.26,T,12,0,269,0,22,66,32,2,T,15,0,135,0,56,29,34,5,1,3,0,-134,0,34,-37,2,3
6058,8.44,P,42,3,745,0,17,306,116,7,T,64,3,423,0,211,191,90,7,0,22,0,-322,0,194,-115,-26,0
6059,10.19,Z,75,0,794,0,69,208,215,5,P,86,10,537,5,79,264,152,0,1,11,10,-257,5,10,56,-63,-5
6060,8.24,P,65,0,378,0,104,203,83,7,T,74,0,417,0,638,193,191,5,0,9,0,39,0,534,-10,108,-2
6061,9.59,Z,44,0,475,0,10,90,157,1,Z,43,0,233,0,25,106,140,4,0,-1,0,-242,0,15,16,-17,3
6062,6.44,T,47,0,304,0,199,120,44,4,Z,37,0,170,0,29,53,118,1,1,-10,0,-134,0,-170,-67,74,-3
6063,10.48,T,121,0,630,0,946,289,236,7,T,94,0,732,0,577,191,355,5,0,-27,0,102,0,-369,-98,119,-2
6064,7.29,Z,54,0,673,0,262,202,197,7,T,61,8,327,0,369,218,157,0,1,7,8,-346,0,107,16,-40,-7
6065,9.59,Z,66,12,419,0,157,193,274,0,P,73,0,650,0,101,320,283,4,1,7,-12,231,0,-56,127,9,4
6066,9.59,Z,67,3,695,0,37,99,217,5,T,84,0,737,7,110,126,97,1,0,17,-3,42,7,73,27,-120,-4
6067,4.3,Z,35,2,216,0,183,222,102,11,P,26,5,169,1,66,170,67,7,0,-9,3,-47,1,-117,-52,-35,-4
6068,4.29,T,56,0,293,0,284,175,90,7,T,29,3,193,0,118,210,42,5,0,-27,3,-100,0,-166,35,-48,-2
6069,9.11,P,31,0,583,0,6,233,108,3,T,73,3,620,0,159,223,69,6,1,42,3,37,0,153,-10,-39,3
6070,1.22,P,3,0,42,0,0,16,5,1,Z,2,1,34,0,20,25,35,2,0,-1,1,-8,0,20,9,30,1
6071,9.54,Z,96,5,539,0,84,173,283,1,T,127,3,594,0,282,243,234,8,0,31,-2,55,0,198,70,-49,7
6072,4.3,P,17,0,241,0,17,37,48,2,Z,19,0,276,0,66,73,51,5,1,2,0,35,0,49,36,3,3
6073,7.24,Z,62,4,286,0,458,204,145,6,T,51,7,396,0,23,170,112,3,0,-11,3,110,0,-435,-34,-33,-3
6074,7.2,P,57,0,321,0,632,150,149,8,T,61,0,626,0,83,154,78,7,1,4,0,305,0,-549,4,-71,-1
6075,7.44,T,29,3,432,0,0,210,85,0,Z,65,0,374,0,855,185,257,4,1,36,-3,-58,0,855,-25,172,4
6076,4.42,T,46,2,244,0,224,183,157,3,P,40,0,210,0,44,245,66,4,1,-6,-2,-34,0,-180,62,-91,1
6077,10.44,T,95,0,750,0,20,378,239,2,T,89,0,548,0,269,262,255,10,0,-6,0,-202,0,249,-116,16,8
6078,6.07,T,51,0,413,0,304,139,96,12,T,73,0,260,0,594,211,159,9,1,22,0,-153,0,290,72,63,-3
6079,9.59,T,99,2,321,0,49,237,232,3,T,86,10,262,0,325,217,108,3,1,-13,8,-59,0,276,-20,-124,0
6080,9.59,Z,79,3,670,0,207,463,245,13,T,53,7,710,0,47,193,133,4,0,-26,4,40,0,-160,-270,-112,-9
6081,5.14,Z,32,2,196,0,38,111,87,0,T,43,4,354,0,77,121,89,0,0,11,2,158,0,39,10,2,0
6082,8.12,Z,68,0,267,0,132,139,216,2,T,71,8,349,0,628,180,199,1,1,3,8,82,0,496,41,-17,-1
6083,7.54,P,82,1,452,0,243,289,124,7,T,61,1,588,0,615,151,173,14,1,-21,0,136,0,372,-138,49,7
6084,3.15,P,16,0,155,0,271,58,31,7,Z,11,1,168,0,21,32,64,0,1,-5,1,13,0,-250,-26,33,-7
6085,9.58,Z,33,0,300,0,0,45,141,1,P,51,0,638,0,40,157,90,2,1,18,0,338,0,40,112,-51,1
6086,5.57,P,30,0,358,0,92,160,52,5,Z,27,6,218,0,25,29,75,0,0,-3,6,-140,0,-67,-131,23,-5
6087,0.39,P,6,1,16,0,3,7,3,0,Z,4,0,41,0,38,9,46,1,1,-2,-1,25,0,35,2,43,1
6088,6.13,Z,38,1,303,0,10,95,120,1,T,43,5,324,0,611,114,192,0,1,5,4,21,0,601,19,72,-1
6089,6.19,P,19,2,324,0,1,34,35,0,P,24,2,297,0,0,55,36,0,0,5,0,-27,0,-1,21,1,0
6090,9.29,Z,52,0,317,0,79,265,204,10,P,52,0,830,0,61,369,109,8,1,0,0,513,0,-18,104,-95,-2
6091,8.39,P,43,0,720,0,0,235,72,0,T,46,11,192,0,55,157,111,1,0,3,11,-528,0,55,-78,39,1
6092,8.54,P,57,1,474,0,23,224,79,7,P,58,6,423,0,49,301,292,9,0,1,5,-51,0,26,77,213,2
6093,5.03,Z,23,4,157,0,15,75,76,3,T,30,2,240,0,39,64,67,1,0,7,-2,83,0,24,-11,-9,-2
6094,6.05,T,42,4,115,0,21,29,104,3,Z,32,4,213,0,70,55,103,2,0,-10,0,98,0,49,26,-1,-1
6095,8.05,P,42,0,982,0,63,286,90,5,Z,57,0,329,0,178,118,221,6,1,15,0,-653,0,115,-168,131,1
6096,9.58,P,49,6,342,0,30,126,95,1,P,35,0,279,0,9,124,67,2,0,-14,-6,-63,0,-21,-2,-28,1
6097,3.54,Z,20,0,119,0,12,71,136,4,Z,12,0,153,0,5,21,58,2,0,-8,0,34,0,-7,-50,-78,-2
6098,9.59,T,58,0,546,0,0,65,120,1,T,102,0,769,0,9,94,102,3,0,44,0,223,0,9,29,-18,2
6099,6.23,Z,29,3,599,0,3,77,102,0,T,28,2,102,0,7,63,127,0,1,-1,-1,-497,0,4,-14,25,0
6100,9.59,Z,47,4,373,0,36,325,213,4,Z,45,0,640,0,37,124,158,5,1,-2,-4,267,0,1,-201,-55,1
6101,7.56,T,63,3,240,0,84,84,66,1,P,39,0,414,0,15,86,35,2,1,-24,-3,174,0,-69,2,-31,1
6102,9.16,Z,83,0,292,0,325,351,193,11,P,93,0,472,0,166,263,207,3,1,10,0,180,0,-159,-88,14,-8
6103,9.59,T,108,0,548,0,503,341,230,10,Z,89,0,663,0,141,258,320,5,0,-19,0,115,0,-362,-83,90,-5
6104,4.36,Z,21,0,136,0,392,69,73,4,Z,19,3,328,0,11,52,73,0,0,-2,3,192,0,-381,-17,0,-4
6105,9.58,Z,57,0,546,0,167,339,297,7,T,87,1,740,0,50,165,141,2,1,30,1,194,0,-117,-174,-156,-5
6106,7.2,Z,37,5,354,0,58,158,145,0,T,56,3,403,0,204,197,237,6,0,19,-2,49,0,146,39,92,6
6107,6.26,P,48,0,299,0,353,188,124,14,Z,37,2,457,0,112,173,94,5,1,-11,2,158,0,-241,-15,-30,-9
6108,10.14,Z,79,2,554,0,95,209,200,5,T,71,0,724,0,0,43,117,0,0,-8,-2,170,0,-95,-166,-83,-5
6109,9.24,Z,72,0,136,0,59,276,259,6,P,56,0,276,0,0,142,83,0,0,-16,0,140,0,-59,-134,-176,-6
6110,8.33,P,33,0,125,0,0,22,45,0,Z,50,0,427,37,112,134,182,0,1,17,0,302,37,112,112,137,0
6111,3.27,Z,11,2,98,0,831,55,47,0,Z,17,3,48,0,27,20,40,1,1,6,1,-50,0,-804,-35,-7,1
6112,2.4,T,12,0,171,0,0,39,30,0,T,8,0,167,0,43,34,66,3,1,-4,0,-4,0,43,-5,36,3
6113,9.57,T,101,5,489,0,219,172,152,3,T,49,0,569,0,17,130,90,2,0,-52,-5,80,0,-202,-42,-62,-1
6114,9.59,P,71,7,594,0,47,334,107,3,T,78,2,687,0,11,240,136,0,1,7,-5,93,0,-36,-94,29,-3
6115,9.43,Z,65,4,575,0,92,159,222,7,T,52,2,226,0,15,219,131,2,0,-13,-2,-349,0,-77,60,-91,-5
6116,3.51,P,23,0,210,0,227,240,88,6,Z,24,0,311,0,46,198,120,2,0,1,0,101,0,-181,-42,32,-4
6117,4.26,T,43,0,249,0,84,134,43,9,Z,27,2,253,0,392,192,113,5,0,-16,2,4,0,308,58,70,-4
6118,9.44,T,57,0,765,0,47,69,80,3,T,85,10,734,0,41,140,97,2,1,28,10,-31,0,-6,71,17,-1
6119,6.24,T,32,0,352,0,28,111,79,7,T,8,0,365,0,0,71,52,1,1,-24,0,13,0,-28,-40,-27,-6
6120,3.32,P,12,0,87,0,0,59,21,1,T,20,0,75,0,1,20,27,3,1,8,0,-12,0,1,-39,6,2
6121,7.24,Z,47,2,455,0,52,377,135,2,P,41,0,330,0,19,243,151,2,1,-6,-2,-125,0,-33,-134,16,0
6122,9.59,T,90,9,875,0,240,204,120,2,Z,84,5,605,0,30,218,156,0,0,-6,-4,-270,0,-210,14,36,-2
6123,9.42,Z,94,0,428,0,74,210,195,4,T,50,2,453,0,20,112,62,0,0,-44,2,25,0,-54,-98,-133,-4
6124,9.58,P,54,4,577,0,25,84,53,0,P,57,0,503,0,79,273,118,15,1,3,-4,-74,0,54,189,65,15
6125,9.52,Z,50,0,441,0,14,71,157,4,T,85,0,769,0,56,193,105,8,1,35,0,328,0,42,122,-52,4
6126,9.59,T,89,7,521,0,253,146,166,6,Z,89,4,694,0,95,445,355,5,0,0,-3,173,0,-158,299,189,-1
6127,10.04,P,51,8,474,0,6,78,82,0,P,52,0,474,0,60,236,118,12,1,1,-8,0,0,54,158,36,12
6128,9.59,Z,68,14,299,3,142,117,201,5,T,61,0,561,0,20,100,64,6,0,-7,-14,262,-3,-122,-17,-137,1
6129,5.49,P,15,0,349,0,0,13,22,0,P,39,1,254,0,8,61,61,5,1,24,1,-95,0,8,48,39,5
6130,5.23,T,20,0,530,0,0,86,43,0,P,36,0,262,0,392,175,42,10,0,16,0,-268,0,392,89,-1,10
6131,10.4,T,117,1,586,0,1180,366,415,12,T,100,0,467,0,813,214,175,20,1,-17,-1,-119,0,-367,-152,-240,8
6132,6.49,T,66,0,364,0,15,234,79,7,Z,49,8,208,0,47,164,108,1,0,-17,8,-156,0,32,-70,29,-6
6133,10.54,Z,69,12,295,0,214,256,340,1,T,121,12,523,0,102,268,220,4,0,52,0,228,0,-112,12,-120,3
6134,6.58,T,44,0,350,0,243,204,68,3,Z,24,2,416,0,16,35,111,0,0,-20,2,66,0,-227,-169,43,-3
6135,10.01,Z,40,0,556,0,54,140,185,2,T,70,5,784,0,22,148,119,0,0,30,5,228,0,-32,8,-66,-2
6136,9.59,Z,64,7,630,0,21,203,195,0,T,59,0,480,0,26,380,150,5,0,-5,-7,-150,0,5,177,-45,5
6137,4.27,Z,22,2,147,0,309,54,111,5,Z,22,0,258,4,35,80,89,0,1,0,-2,111,4,-274,26,-22,-5
6138,9.59,P,31,0,490,0,0,27,50,0,P,52,0,552,0,16,63,84,3,0,21,0,62,0,16,36,34,3
6139,9.58,P,57,0,526,0,97,222,145,4,Z,45,3,530,0,19,76,138,0,0,-12,3,4,0,-78,-146,-7,-4
6140,1.49,P,6,1,57,0,5,72,5,2,T,11,0,112,0,23,23,15,3,0,5,-1,55,0,18,-49,10,1
6141,9.59,P,54,0,804,0,29,211,116,8,P,44,0,145,0,21,133,161,3,0,-10,0,-659,0,-8,-78,45,-5
6142,10.38,Z,100,8,533,0,476,213,357,6,T,81,10,697,0,334,227,122,1,0,-19,2,164,0,-142,14,-235,-5
6143,2.29,Z,7,2,38,0,3,51,38,0,P,10,0,150,0,6,68,9,2,0,3,-2,112,0,3,17,-29,2
6144,8.32,P,37,0,502,0,0,72,58,0,T,37,0,515,0,4,27,69,4,0,0,0,13,0,4,-45,11,4
6145,10.2,T,71,5,439,0,38,142,111,0,T,80,0,566,0,46,165,99,7,1,9,-5,127,0,8,23,-12,7
6146,9.59,Z,51,0,570,0,7,214,247,3,P,52,0,1017,0,0,184,102,0,0,1,0,447,0,-7,-30,-145,-3
6147,9.59,T,90,7,557,0,103,237,122,1,Z,66,0,726,0,93,208,233,9,0,-24,-7,169,0,-10,-29,111,8
6148,1.34,Z,7,0,21,0,34,17,49,2,T,7,1,138,0,18,44,51,5,0,0,1,117,0,-16,27,2,3
6149,9.59,T,78,0,442,0,53,117,101,12,Z,77,3,344,0,621,219,304,11,0,-1,3,-98,0,568,102,203,-1
6150,7.2,Z,34,1,250,0,25,76,168,0,P,29,0,345,0,0,273,68,0,0,-5,-1,95,0,-25,197,-100,0
6151,5.14,P,17,0,375,0,0,69,39,2,P,34,1,211,0,35,57,51,9,0,17,1,-164,0,35,-12,12,7
6152,7.36,Z,46,1,322,0,422,126,157,10,Z,42,0,249,0,32,225,162,9,0,-4,-1,-73,0,-390,99,5,-1
6153,8.4,T,57,0,549,0,13,170,65,9,T,57,3,639,0,12,160,107,3,1,0,3,90,0,-1,-10,42,-6
6154,4.48,T,26,0,301,0,33,125,79,3,Z,26,3,377,0,97,80,147,2,0,0,3,76,0,64,-45,68,-1
6155,3.58,P,23,1,224,0,114,157,25,6,Z,24,1,301,0,50,96,98,0,1,1,0,77,0,-64,-61,73,-6
6156,4.44,P,15,0,173,0,0,132,30,1,T,28,0,166,0,396,77,86,13,1,13,0,-7,0,396,-55,56,12
6157,9.34,P,34,7,369,0,15,113,63,1,P,37,6,424,0,549,88,41,0,0,3,-1,55,0,534,-25,-22,-1
6158,9.59,Z,60,0,269,0,0,131,219,1,T,78,5,683,0,51,160,121,5,1,18,5,414,0,51,29,-98,4
6159,6.19,P,33,2,407,0,92,236,40,5,T,31,0,294,0,2,73,49,5,0,-2,-2,-113,0,-90,-163,9,0
6160,6.35,P,42,2,267,0,451,177,75,7,P,28,0,234,0,29,74,44,9,1,-14,-2,-33,0,-422,-103,-31,2
6161,6.06,P,33,0,262,0,403,101,30,8,Z,28,0,159,0,71,43,113,0,0,-5,0,-103,0,-332,-58,83,-8
6162,6.2,P,53,0,421,0,105,245,77,2,Z,36,4,488,2,210,102,255,1,0,-17,4,67,2,105,-143,178,-1
6163,9.59,Z,56,0,770,0,40,155,176,2,T,68,0,610,0,186,223,166,10,0,12,0,-160,0,146,68,-10,8
6164,6.24,Z,33,0,335,0,25,81,67,3,P,42,0,481,0,66,163,97,5,0,9,0,146,0,41,82,30,2
6165,4.54,Z,18,0,101,0,0,27,84,0,T,20,0,138,0,3,38,52,2,0,2,0,37,0,3,11,-32,2
6166,9.59,P,79,4,611,0,158,341,176,1,P,77,0,324,0,2,195,347,1,0,-2,-4,-287,0,-156,-146,171,0
6167,2.42,T,6,0,201,0,0,11,10,3,P,9,0,96,0,66,34,7,8,1,3,0,-105,0,66,23,-3,5
6168,9.56,Z,135,12,528,0,245,272,403,6,P,88,6,498,0,245,259,223,11,1,-47,-6,-30,0,0,-13,-180,5
6169,7.4,T,50,0,773,0,13,103,126,4,P,27,0,194,0,0,64,77,0,0,-23,0,-579,0,-13,-39,-49,-4
6170,7.25,Z,54,2,348,0,454,284,254,10,Z,42,0,403,0,196,169,188,10,0,-12,-2,55,0,-258,-115,-66,0
6171,6.35,T,39,0,155,0,0,62,71,0,T,24,0,338,0,1,72,48,1,0,-15,0,183,0,1,10,-23,1
6172,4.12,P,13,0,242,0,2,84,42,2,P,19,0,183,0,21,114,134,3,1,6,0,-59,0,19,30,92,1
6173,1.02,T,2,0,25,0,0,0,2,0,Z,3,0,23,0,3,4,10,1,1,1,0,-2,0,3,4,8,1
6174,9.59,T,44,2,430,0,8,74,86,0,T,29,0,311,0,11,40,52,0,0,-15,-2,-119,0,3,-34,-34,0
6175,5.46,P,18,0,182,0,0,23,41,0,T,31,0,220,0,0,42,63,1,0,13,0,38,0,0,19,22,1
6176,6.17,T,41,0,304,0,0,51,64,1,T,46,1,449,0,28,107,60,4,1,5,1,145,0,28,56,-4,3
6177,10.26,T,71,0,1052,0,11,181,131,6,T,61,0,729,0,0,161,118,0,0,-10,0,-323,0,-11,-20,-13,-6
6178,7.09,P,47,1,303,0,106,224,51,4,Z,40,5,273,0,25,122,188,0,1,-7,4,-30,0,-81,-102,137,-4
6179,6.18,Z,33,1,210,0,656,73,363,10,Z,30,6,173,0,16,80,157,0,0,-3,5,-37,0,-640,7,-206,-10
6180,9.24,Z,63,0,683,0,329,288,260,7,Z,76,1,374,0,58,388,387,1,0,13,1,-309,0,-271,100,127,-6
6181,9.59,T,67,0,741,0,25,100,107,7,P,60,4,108,0,36,230,72,1,0,-7,4,-633,0,11,130,-35,-6
6182,4.5,P,26,6,210,1,105,119,62,0,P,34,0,418,0,0,56,51,5,1,8,-6,208,-1,-105,-63,-11,5
6183,10.36,Z,41,3,479,0,13,55,117,1,T,38,0,464,0,3,92,63,3,1,-3,-3,-15,0,-10,37,-54,2
6184,4,P,17,1,299,0,18,67,15,1,Z,13,0,145,0,25,43,51,1,1,-4,-1,-154,0,7,-24,36,0
6185,4.27,Z,21,1,151,0,54,152,174,2,P,28,0,184,0,474,115,68,7,1,7,-1,33,0,420,-37,-106,5
6186,3.01,T,14,1,144,0,40,23,31,1,T,20,0,74,0,321,39,128,8,1,6,-1,-70,0,281,16,97,7
6187,9.25,P,81,0,512,0,28,175,134,6,T,116,4,915,0,303,291,211,6,1,35,4,403,0,275,116,77,0
6188,9.57,Z,92,4,809,0,524,230,325,8,P,96,0,725,0,92,420,105,17,1,4,-4,-84,0,-432,190,-220,9
6189,10.44,Z,83,0,977,0,145,263,284,10,Z,70,14,374,6,685,389,431,5,1,-13,14,-603,6,540,126,147,-5
6190,9.14,T,75,2,680,0,79,158,122,3,P,72,0,506,0,150,401,95,10,0,-3,-2,-174,0,71,243,-27,7
6191,6.33,T,28,0,172,0,4,31,89,3,T,29,0,416,0,0,41,67,0,1,1,0,244,0,-4,10,-22,-3
6192,9.59,T,60,0,716,0,37,169,115,9,T,74,0,860,0,76,274,101,7,0,14,0,144,0,39,105,-14,-2
6193,7.38,T,71,1,492,0,16,167,95,5,P,40,4,283,0,192,199,61,5,1,-31,3,-209,0,176,32,-34,0
6194,7.21,P,46,0,553,0,41,110,60,10,Z,57,17,234,0,130,237,192,2,1,11,17,-319,0,89,127,132,-8
6195,9.59,P,48,3,344,0,42,81,55,0,P,57,6,692,0,39,220,84,1,0,9,3,348,0,-3,139,29,1
6196,5.22,T,49,0,402,0,323,131,145,6,P,31,0,235,0,251,165,174,8,0,-18,0,-167,0,-72,34,29,2
6197,9.59,T,81,0,453,0,270,216,127,10,Z,57,11,377,0,468,279,183,3,0,-24,11,-76,0,198,63,56,-7
6198,6.53,T,45,2,326,0,32,85,72,3,P,43,0,234,0,0,121,81,7,0,-2,-2,-92,0,-32,36,9,4
6199,9.58,P,125,0,539,0,249,404,226,12,T,146,0,532,23,536,244,299,7,0,21,0,-7,23,287,-160,73,-5
6200,9.59,P,64,0,235,0,23,187,57,5,Z,40,5,574,0,11,177,153,0,1,-24,5,339,0,-12,-10,96,-5
6201,4.23,Z,14,0,223,0,0,101,64,1,T,21,0,325,0,0,56,35,0,0,7,0,102,0,0,-45,-29,-1
6202,8.48,T,75,0,512,6,125,261,233,4,Z,66,3,310,0,468,181,180,8,1,-9,3,-202,-6,343,-80,-53,4
6203,2.34,T,12,0,100,0,12,46,46,5,T,11,1,221,0,0,27,21,0,0,-1,1,121,0,-12,-19,-25,-5
6204,9.59,Z,66,4,567,0,72,335,278,2,P,53,0,514,0,41,163,71,8,1,-13,-4,-53,0,-31,-172,-207,6
6205,4.13,P,32,0,179,48,282,166,245,0,T,26,4,260,0,245,107,112,0,0,-6,4,81,-48,-37,-59,-133,0
6206,6.34,Z,35,0,457,0,86,188,109,14,Z,59,5,316,1,171,162,130,8,1,24,5,-141,1,85,-26,21,-6
6207,9.58,Z,53,0,482,0,26,120,150,4,T,69,4,773,0,147,188,103,3,0,16,4,291,0,121,68,-47,-1
6208,4.34,Z,19,0,61,0,0,32,58,0,T,25,0,114,0,6,74,52,5,1,6,0,53,0,6,42,-6,5
6209,6.46,Z,34,0,297,0,88,111,107,6,P,43,1,386,0,40,88,87,0,1,9,1,89,0,-48,-23,-20,-6
6210,4.44,T,17,0,187,0,4,98,28,6,Z,22,0,345,0,7,46,52,3,0,5,0,158,0,3,-52,24,-3
6211,9.59,T,103,0,379,0,368,266,108,24,Z,73,3,459,0,337,399,280,5,0,-30,3,80,0,-31,133,172,-19
6212,1.16,P,7,0,38,0,0,12,12,2,Z,7,1,96,0,4,16,18,0,0,0,1,58,0,4,4,6,-2
6213,6.5,T,32,0,500,0,0,62,63,0,T,52,3,420,0,645,82,194,3,1,20,3,-80,0,645,20,131,3
6214,10.15,P,47,0,642,0,19,176,51,5,P,56,2,529,1,23,228,140,0,0,9,2,-113,1,4,52,89,-5
6215,4.55,T,31,0,404,0,16,80,43,4,Z,26,0,227,0,60,152,167,3,0,-5,0,-177,0,44,72,124,-1
6216,7.37,P,67,1,460,5,68,110,77,0,Z,46,0,312,52,605,136,373,1,0,-21,-1,-148,47,537,26,296,1
6217,4.05,T,31,0,186,0,370,125,77,4,P,29,0,226,0,88,189,55,13,0,-2,0,40,0,-282,64,-22,9
6218,8.23,P,39,3,238,0,15,29,37,1,P,29,0,454,0,7,62,53,6,0,-10,-3,216,0,-8,33,16,5
6219,5.06,T,33,0,369,0,188,161,34,10,T,36,4,217,0,315,110,207,3,0,3,4,-152,0,127,-51,173,-7
6220,5.49,P,32,0,301,0,576,188,114,11,T,30,0,207,0,331,82,116,11,0,-2,0,-94,0,-245,-106,2,0
6221,9.59,Z,79,10,645,0,202,173,216,0,P,62,0,336,0,220,230,99,3,1,-17,-10,-309,0,18,57,-117,3
6222,3.38,T,15,0,107,0,302,95,86,5,P,18,0,171,0,275,122,45,8,1,3,0,64,0,-27,27,-41,3
6223,9.58,T,68,0,761,0,50,40,97,4,P,70,7,369,0,64,166,86,3,1,2,7,-392,0,14,126,-11,-1
6224,9,P,34,0,779,0,10,67,45,2,Z,53,0,730,0,0,331,174,0,1,19,0,-49,0,-10,264,129,-2
6225,7.12,T,34,3,433,0,0,37,73,4,Z,50,0,361,0,58,49,113,3,1,16,-3,-72,0,58,12,40,-1
6226,9.59,Z,137,3,622,0,426,289,262,10,T,105,0,455,0,463,436,350,15,0,-32,-3,-167,0,37,147,88,5
6227,9.59,Z,85,6,649,0,217,220,399,3,P,52,6,742,0,25,313,130,4,0,-33,0,93,0,-192,93,-269,1
6228,10.34,T,103,0,941,0,65,265,173,9,Z,74,9,689,0,325,170,214,8,1,-29,9,-252,0,260,-95,41,-1
6229,6.06,Z,43,2,454,0,386,189,181,9,T,52,0,342,0,406,185,132,8,1,9,-2,-112,0,20,-4,-49,-1
6230,7,Z,53,0,523,0,149,232,227,3,T,52,0,221,0,20,186,182,16,0,-1,0,-302,0,-129,-46,-45,13
6231,5.5,Z,29,1,187,0,340,63,85,1,P,26,0,355,0,2,109,42,0,0,-3,-1,168,0,-338,46,-43,-1
6232,3.38,Z,14,0,156,0,8,34,82,3,Z,18,1,33,0,6,71,57,0,0,4,1,-123,0,-2,37,-25,-3
6233,10.57,T,76,0,752,0,13,257,132,5,Z,71,3,736,0,34,192,230,0,0,-5,3,-16,0,21,-65,98,-5
6234,7.33,T,37,8,742,0,101,69,48,1,T,46,1,461,0,264,91,74,0,0,9,-7,-281,0,163,22,26,-1
6235,4.55,T,28,0,211,0,92,112,129,4,P,36,1,197,0,103,188,58,3,1,8,1,-14,0,11,76,-71,-1
6236,8.55,T,79,3,532,0,125,115,117,8,T,60,4,416,0,308,198,140,8,0,-19,1,-116,0,183,83,23,0
6237,9.58,P,60,0,620,0,31,129,60,12,Z,72,0,493,0,60,141,183,14,0,12,0,-127,0,29,12,123,2
6238,4.38,T,29,0,241,0,33,112,64,4,P,48,1,146,0,181,181,114,1,0,19,1,-95,0,148,69,50,-3
6239,8.06,P,53,0,430,0,32,101,56,6,T,69,5,466,0,171,160,113,4,0,16,5,36,0,139,59,57,-2
6240,8.32,T,54,10,420,0,1001,278,92,0,T,41,0,595,0,7,213,66,5,1,-13,-10,175,0,-994,-65,-26,5
6241,8.46,P,45,1,550,0,10,129,60,2,T,80,0,656,0,473,272,132,13,1,35,-1,106,0,463,143,72,11
6242,10.17,T,94,7,769,0,262,260,145,6,T,117,10,601,0,521,255,316,0,1,23,3,-168,0,259,-5,171,-6
6243,4.55,T,19,0,205,0,11,50,36,5,T,38,2,167,0,14,93,60,1,1,19,2,-38,0,3,43,24,-4
6244,8.14,P,54,5,381,0,210,236,79,8,P,58,10,333,0,517,237,64,5,0,4,5,-48,0,307,1,-15,-3
6245,6.03,Z,37,0,308,0,644,211,323,13,P,26,0,277,0,2,59,36,4,0,-11,0,-31,0,-642,-152,-287,-9
6246,9.45,Z,39,0,748,0,35,112,121,5,Z,50,0,910,0,82,69,180,8,0,11,0,162,0,47,-43,59,3
6247,4.02,P,13,0,56,0,186,37,214,2,P,20,0,91,0,25,78,34,3,0,7,0,35,0,-161,41,-180,1
6248,9.22,P,52,1,613,0,40,287,86,6,P,46,2,614,0,34,109,67,2,1,-6,1,1,0,-6,-178,-19,-4
6249,9.59,Z,41,5,359,0,85,130,150,1,P,31,0,913,0,0,38,61,0,0,-10,-5,554,0,-85,-92,-89,-1
6250,8.42,T,80,9,350,0,454,253,133,7,Z,78,0,541,0,235,144,219,16,1,-2,-9,191,0,-219,-109,86,9
6251,8.3,Z,46,0,450,0,32,75,167,6,Z,66,1,669,0,122,115,178,4,1,20,1,219,0,90,40,11,-2
6252,9.59,Z,90,5,549,0,626,291,280,0,T,86,0,819,0,442,130,103,6,1,-4,-5,270,0,-184,-161,-177,6
6253,8.03,P,42,0,716,0,9,140,60,0,Z,36,0,287,0,29,118,140,5,0,-6,0,-429,0,20,-22,80,5
6254,7.16,T,43,0,427,0,3,165,103,2,P,29,0,415,0,2,102,54,2,0,-14,0,-12,0,-1,-63,-49,0
6255,9.59,Z,63,7,710,0,29,275,201,3,Z,63,8,290,0,53,170,186,0,1,0,1,-420,0,24,-105,-15,-3
6256,9.59,Z,32,0,523,0,1,83,144,1,P,46,0,141,0,5,82,66,4,1,14,0,-382,0,4,-1,-78,3
6257,9.59,Z,79,7,146,0,642,260,277,7,Z,81,2,288,0,69,155,301,0,1,2,-5,142,0,-573,-105,24,-7
6258,2.32,T,13,1,138,0,16,26,11,2,Z,9,1,129,0,120,70,23,1,1,-4,0,-9,0,104,44,12,-1
6259,4.12,P,8,0,272,0,0,39,29,0,T,32,0,116,0,2,64,111,3,1,24,0,-156,0,2,25,82,3
6260,9.59,T,91,0,450,0,535,350,138,17,Z,66,3,487,0,63,189,285,4,0,-25,3,37,0,-472,-161,147,-13
6261,8.38,Z,62,1,598,0,93,200,146,3,Z,50,3,192,0,77,72,201,3,0,-12,2,-406,0,-16,-128,55,0
6262,1.39,Z,5,0,43,0,3,37,81,3,P,6,0,249,0,0,32,24,0,0,1,0,206,0,-3,-5,-57,-3
6263,7.36,Z,47,1,359,0,59,103,154,0,P,36,0,120,0,7,55,51,4,0,-11,-1,-239,0,-52,-48,-103,4
6264,8.4,Z,47,4,256,0,552,156,331,10,T,73,0,432,0,51,205,98,5,0,26,-4,176,0,-501,49,-233,-5
6265,4.34,P,22,0,216,0,7,145,35,1,P,21,0,317,0,0,22,22,0,0,-1,0,101,0,-7,-123,-13,-1
6266,8.58,Z,52,3,465,0,291,238,262,2,T,118,4,282,0,342,208,191,6,1,66,1,-183,0,51,-30,-71,4
6267,9.59,Z,77,0,369,0,56,140,247,2,P,60,6,529,0,141,49,62,0,1,-17,6,160,0,85,-91,-185,-2
6268,4.45,T,13,0,390,0,1,88,30,0,P,0,0,1,0,0,0,0,0,0,-13,0,-389,0,-1,-88,-30,0
6269,4.42,P,25,0,117,0,77,103,29,2,Z,28,0,219,0,131,123,174,3,1,3,0,102,0,54,20,145,1
6270,4.39,P,33,4,136,4,49,94,57,0,P,33,3,269,1,53,125,48,3,0,0,-1,133,-3,4,31,-9,3
6271,6.29,Z,43,0,263,0,37,194,136,6,Z,35,5,352,0,250,79,156,2,0,-8,5,89,0,213,-115,20,-4
6272,9.59,T,68,2,607,0,323,253,146,8,T,101,1,485,0,47,259,147,4,0,33,-1,-122,0,-276,6,1,-4
6273,5.2,P,3,0,135,0,0,18,2,0,T,59,3,309,0,110,142,114,6,1,56,3,174,0,110,124,112,6
6274,9.07,T,88,0,649,0,765,168,149,4,Z,71,3,322,0,309,173,293,1,1,-17,3,-327,0,-456,5,144,-3
6275,6.13,T,44,0,240,0,20,109,48,3,T,40,3,244,0,49,136,60,2,0,-4,3,4,0,29,27,12,-1
6276,6.25,P,31,1,289,0,13,129,40,2,Z,17,0,546,0,0,123,87,0,0,-14,-1,257,0,-13,-6,47,-2
6277,9.43,P,60,0,779,0,31,304,136,2,T,78,6,683,0,37,142,103,3,1,18,6,-96,0,6,-162,-33,1
6278,7.36,P,40,5,255,0,21,127,108,0,T,56,5,343,0,211,194,146,4,1,16,0,88,0,190,67,38,4
6279,7.44,T,59,0,430,0,72,200,119,5,T,50,2,643,0,10,142,103,0,1,-9,2,213,0,-62,-58,-16,-5
6280,9.19,T,102,6,488,0,74,187,131,10,P,72,10,542,0,263,295,187,3,1,-30,4,54,0,189,108,56,-7
6281,4.37,Z,26,0,106,0,26,90,149,5,T,36,0,149,0,142,126,50,7,0,10,0,43,0,116,36,-99,2
6282,9.59,Z,60,0,537,0,25,102,199,2,T,66,0,530,0,0,72,128,0,0,6,0,-7,0,-25,-30,-71,-2
6283,4.3,Z,24,0,228,0,24,74,111,10,T,20,0,294,0,19,120,151,9,1,-4,0,66,0,-5,46,40,-1
6284,8.05,P,25,0,857,0,4,108,27,2,Z,70,9,371,0,124,222,265,4,1,45,9,-486,0,120,114,238,2
6285,9.59,T,79,0,315,0,1,87,132,1,Z,49,9,323,0,214,289,345,0,1,-30,9,8,0,213,202,213,-1
6286,9.58,Z,46,7,423,0,82,207,220,1,T,49,4,884,0,26,137,122,3,1,3,-3,461,0,-56,-70,-98,2
6287,9.57,Z,55,1,751,2,136,220,352,0,T,73,4,496,0,29,217,208,4,0,18,3,-255,-2,-107,-3,-144,4
6288,7.25,P,41,11,298,0,10,172,83,0,Z,45,15,359,0,264,214,195,8,0,4,4,61,0,254,42,112,8
6289,6.32,Z,49,12,182,2,320,241,196,2,Z,67,6,242,0,150,189,130,21,1,18,-6,60,-2,-170,-52,-66,19
6290,9.59,T,90,2,744,0,178,457,349,17,T,107,0,792,0,15,149,162,4,0,17,-2,48,0,-163,-308,-187,-13
6291,9.57,P,53,0,421,0,23,112,53,5,T,39,0,811,0,0,102,92,0,1,-14,0,390,0,-23,-10,39,-5
6292,7.43,T,43,1,396,0,279,241,126,7,Z,41,1,316,0,58,206,140,6,0,-2,0,-80,0,-221,-35,14,-1
6293,5.02,T,24,0,313,0,0,41,46,0,T,25,4,205,2,5,53,40,0,0,1,4,-108,2,5,12,-6,0
6294,8.52,T,88,7,581,0,157,281,192,24,T,72,3,548,0,11,136,96,1,0,-16,-4,-33,0,-146,-145,-96,-23
6295,9.59,Z,65,1,741,0,733,205,241,19,T,50,0,974,0,5,101,114,4,0,-15,-1,233,0,-728,-104,-127,-15
6296,9.19,T,25,11,436,16,14,136,93,2,Z,45,0,281,0,0,166,173,0,1,20,-11,-155,-16,-14,30,80,-2
6297,8.16,P,49,1,572,0,23,222,131,2,T,31,0,754,0,0,175,81,1,0,-18,-1,182,0,-23,-47,-50,-1
6298,1.04,Z,2,0,62,0,0,3,9,2,T,3,0,21,0,60,4,4,4,1,1,0,-41,0,60,1,-5,2
6299,9.58,T,102,0,730,0,61,212,114,9,Z,68,6,309,1,204,91,339,4,1,-34,6,-421,1,143,-121,225,-5
6300,9.09,T,106,0,366,0,362,218,185,7,T,85,7,431,0,353,243,264,8,0,-21,7,65,0,-9,25,79,1
6301,10.15,P,86,0,480,0,587,202,117,10,T,114,1,679,0,36,230,145,7,1,28,1,199,0,-551,28,28,-3
6302,3.05,Z,12,0,212,0,1,76,33,0,P,11,0,67,0,4,67,9,2,1,-1,0,-145,0,3,-9,-24,2
6303,9.59,P,76,6,545,0,239,382,203,0,T,103,0,596,0,888,196,107,6,0,27,-6,51,0,649,-186,-96,6
6304,1.44,P,6,0,150,0,8,29,13,1,P,7,0,101,0,55,51,4,2,1,1,0,-49,0,47,22,-9,1
6305,7.35,Z,53,9,352,0,67,206,191,3,T,97,0,303,1,86,184,91,7,1,44,-9,-49,1,19,-22,-100,4
6306,0.29,T,1,0,8,0,0,6,14,1,Z,5,0,1,0,19,9,27,1,1,4,0,-7,0,19,3,13,0
6307,9.55,T,73,3,734,0,122,179,80,11,T,86,8,628,0,134,312,102,0,1,13,5,-106,0,12,133,22,-11
6308,7,T,57,0,292,0,522,138,171,18,Z,72,2,454,0,286,198,214,10,1,15,2,162,0,-236,60,43,-8
6309,9.58,Z,58,0,578,0,86,328,197,6,T,60,6,728,0,11,237,82,2,1,2,6,150,0,-75,-91,-115,-4
6310,4.37,P,16,0,301,0,10,16,13,1,T,21,1,195,0,6,68,37,0,1,5,1,-106,0,-4,52,24,-1
6311,9.59,T,49,1,337,0,24,47,51,6,P,39,0,614,0,0,251,76,1,1,-10,-1,277,0,-24,204,25,-5
6312,3.28,P,14,3,87,0,54,66,45,0,P,13,0,134,0,228,40,16,6,1,-1,-3,47,0,174,-26,-29,6
6313,9.51,T,43,0,414,0,0,79,104,4,Z,28,0,359,0,0,165,75,0,0,-15,0,-55,0,0,86,-29,-4
6314,8.34,T,57,0,744,0,397,152,184,8,T,65,1,163,0,37,388,88,7,1,8,1,-581,0,-360,236,-96,-1
6315,4.33,T,21,0,276,0,0,81,42,0,T,23,0,281,0,152,105,75,4,1,2,0,5,0,152,24,33,4
6316,8.3,P,32,0,713,0,322,159,32,6,Z,37,9,872,0,26,36,128,0,0,5,9,159,0,-296,-123,96,-6
6317,9.58,P,36,0,813,0,0,177,56,0,P,46,2,715,0,20,136,40,4,0,10,2,-98,0,20,-41,-16,4
6318,9.58,T,87,1,493,0,177,154,174,13,Z,80,0,627,0,375,299,378,12,0,-7,-1,134,0,198,145,204,-1
6319,7.43,P,33,0,387,0,1,26,59,1,Z,34,1,256,0,8,53,120,3,1,1,1,-131,0,7,27,61,2
6320,10.12,P,41,0,648,0,17,215,69,7,P,101,0,670,0,67,319,121,5,1,60,0,22,0,50,104,52,-2
6321,8.19,P,61,0,528,7,19,278,57,2,Z,36,3,193,0,20,230,106,3,1,-25,3,-335,-7,1,-48,49,1
6322,10.06,T,136,3,471,0,470,234,122,6,P,100,6,565,0,250,310,171,4,1,-36,3,94,0,-220,76,49,-2
6323,7.52,T,51,0,439,0,31,101,83,7,Z,44,0,537,20,118,114,215,0,0,-7,0,98,20,87,13,132,-7
6324,9.47,T,80,9,464,0,86,189,148,0,P,71,6,485,0,173,253,186,11,1,-9,-3,21,0,87,64,38,11
6325,0.4,T,3,0,30,0,0,6,3,3,T,2,0,37,0,0,9,32,1,0,-1,0,7,0,0,3,29,-2
6326,7.1,Z,49,2,368,0,220,239,178,2,Z,28,0,280,0,32,135,117,2,1,-21,-2,-88,0,-188,-104,-61,0
6327,8.02,T,58,0,426,0,662,179,181,11,P,34,0,291,0,0,61,264,0,0,-24,0,-135,0,-662,-118,83,-11
6328,9.59,Z,67,11,700,0,54,132,257,3,T,98,0,441,0,129,311,118,14,0,31,-11,-259,0,75,179,-139,11
6329,8.06,T,92,0,285,0,335,189,166,18,Z,63,0,439,0,53,139,182,3,0,-29,0,154,0,-282,-50,16,-15
6330,9.59,T,77,1,781,0,6,336,109,3,T,97,0,666,0,16,157,91,6,0,20,-1,-115,0,10,-179,-18,3
6331,9.59,Z,48,0,257,0,36,73,127,2,Z,53,1,928,0,74,78,184,5,0,5,1,671,0,38,5,57,3
6332,10.49,Z,74,9,430,0,103,245,301,4,T,89,9,627,0,522,150,114,10,0,15,0,197,0,419,-95,-187,6
6333,9.4,P,74,6,395,0,65,230,101,4,P,55,0,543,0,16,206,113,4,0,-19,-6,148,0,-49,-24,12,0
6334,6.57,T,77,5,374,0,188,174,93,4,Z,61,8,335,0,410,175,259,6,0,-16,3,-39,0,222,1,166,2
6335,5.28,P,40,1,321,0,215,186,42,5,T,41,0,249,0,251,124,157,7,1,1,-1,-72,0,36,-62,115,2
6336,6.01,P,31,0,495,0,19,147,43,4,T,27,0,290,0,9,31,44,1,1,-4,0,-205,0,-10,-116,1,-3
6337,9.59,T,65,8,949,0,41,69,101,0,Z,37,0,284,3,52,79,138,0,1,-28,-8,-665,3,11,10,37,0
6338,9.59,Z,33,0,589,0,26,149,110,4,T,66,0,634,0,11,117,103,8,0,33,0,45,0,-15,-32,-7,4
6339,9.59,P,67,0,346,0,305,249,338,6,T,68,0,502,0,254,160,165,10,0,1,0,156,0,-51,-89,-173,4
6340,10.27,P,56,2,721,0,7,140,81,0,Z,59,0,246,0,189,141,201,8,1,3,-2,-475,0,182,1,120,8
6341,3.59,Z,7,1,162,0,0,14,68,0,T,15,0,186,0,8,58,84,2,0,8,-1,24,0,8,44,16,2
6342,5.18,Z,17,0,494,0,1,66,85,4,Z,25,2,303,0,0,47,84,0,1,8,2,-191,0,-1,-19,-1,-4
6343,9.59,Z,49,7,551,0,345,193,451,3,T,90,2,690,0,177,233,104,9,1,41,-5,139,0,-168,40,-347,6
6344,8.4,Z,62,2,307,0,89,243,225,5,P,62,2,515,0,34,198,115,2,1,0,0,208,0,-55,-45,-110,-3
6345,8.27,P,43,0,592,0,13,156,91,2,Z,46,5,449,0,24,174,199,0,1,3,5,-143,0,11,18,108,-2
6346,9.59,T,71,0,693,0,73,186,178,8,T,69,7,656,0,31,116,112,0,0,-2,7,-37,0,-42,-70,-66,-8
6347,9.27,Z,62,0,602,0,83,174,175,1,T,73,1,944,0,46,147,77,4,0,11,1,342,0,-37,-27,-98,3
6348,9.59,Z,51,2,414,0,46,130,154,3,T,55,5,328,0,58,56,73,2,0,4,3,-86,0,12,-74,-81,-1
6349,9.59,Z,62,10,379,0,61,118,201,2,P,46,3,708,0,15,86,58,0,1,-16,-7,329,0,-46,-32,-143,-2
6350,3.29,T,12,0,173,0,0,23,37,0,T,13,0,254,0,19,77,20,5,1,1,0,81,0,19,54,-17,5
6351,6.59,P,32,0,287,0,0,91,50,0,Z,29,5,142,0,215,134,138,1,0,-3,5,-145,0,215,43,88,1
6352,4.55,T,35,1,235,2,327,82,59,3,Z,24,1,136,0,36,79,99,1,0,-11,0,-99,-2,-291,-3,40,-2
6353,3.02,Z,15,3,40,0,9,69,41,0,Z,10,0,17,0,0,21,45,0,0,-5,-3,-23,0,-9,-48,4,0
6354,9.59,T,153,0,376,0,621,254,228,28,P,146,14,405,0,425,515,134,7,1,-7,14,29,0,-196,261,-94,-21
6355,5.46,T,53,6,228,0,250,106,69,6,Z,39,1,128,0,210,121,105,5,0,-14,-5,-100,0,-40,15,36,-1
6356,9.59,Z,84,0,611,0,112,178,270,9,P,75,0,317,0,53,88,74,16,1,-9,0,-294,0,-59,-90,-196,7
6357,9.06,Z,70,13,401,0,300,427,366,7,Z,88,9,353,8,269,430,355,11,0,18,-4,-48,8,-31,3,-11,4
6358,9.59,T,113,3,675,0,29,382,80,5,T,81,2,386,0,64,255,125,2,0,-32,-1,-289,0,35,-127,45,-3
6359,9.59,P,62,0,584,0,141,358,221,19,T,71,0,899,0,14,133,162,2,0,9,0,315,0,-127,-225,-59,-17
6360,8.47,P,71,2,695,0,63,129,76,11,Z,70,6,317,0,206,194,198,11,1,-1,4,-378,0,143,65,122,0
6361,3.23,T,22,0,139,0,18,70,53,6,T,20,0,180,0,332,37,29,9,0,-2,0,41,0,314,-33,-24,3
6362,10.3,P,63,0,589,0,650,211,62,7,Z,45,0,524,0,40,215,169,3,0,-18,0,-65,0,-610,4,107,-4
6363,5.2,P,28,2,425,0,18,77,57,1,Z,25,0,232,0,43,123,163,2,1,-3,-2,-193,0,25,46,106,1
6364,9.59,T,72,3,700,0,226,378,96,12,P,30,0,777,0,3,83,58,1,0,-42,-3,77,0,-223,-295,-38,-11
6365,9.01,T,123,3,567,0,541,296,182,6,Z,96,8,434,0,397,296,318,4,1,-27,5,-133,0,-144,0,136,-2
6366,2.39,T,10,3,77,0,4,8,14,0,Z,7,0,40,0,2,12,31,1,1,-3,-3,-37,0,-2,4,17,1
6367,9.59,Z,52,2,452,0,15,216,213,1,P,68,0,324,0,17,156,101,4,1,16,-2,-128,0,2,-60,-112,3
6368,8.54,Z,62,9,447,2,71,242,213,6,Z,57,6,249,0,516,155,338,6,1,-5,-3,-198,-2,445,-87,125,0
6369,3.09,P,14,0,233,0,120,76,21,3,Z,12,1,201,0,94,65,104,4,0,-2,1,-32,0,-26,-11,83,1
6370,9.58,P,71,0,634,0,56,479,91,3,T,86,0,429,0,8,191,139,9,0,15,0,-205,0,-48,-288,48,6
6371,9.59,T,37,0,1229,0,0,59,133,1,P,38,2,487,0,30,270,54,0,1,1,2,-742,0,30,211,-79,-1
6372,9.59,T,139,0,571,0,466,339,269,19,T,94,0,559,1,707,291,208,16,0,-45,0,-12,1,241,-48,-61,-3
6373,9.59,T,73,2,892,0,25,205,151,7,Z,59,7,661,0,72,226,229,0,0,-14,5,-231,0,47,21,78,-7
6374,7.31,Z,51,0,456,0,32,80,122,5,P,57,6,285,0,78,187,65,4,1,6,6,-171,0,46,107,-57,-1
6375,9.59,T,86,4,336,0,123,245,256,1,Z,72,0,335,0,57,121,239,2,1,-14,-4,-1,0,-66,-124,-17,1
6376,7.33,P,58,0,360,0,33,278,83,7,T,56,0,534,0,686,135,103,6,1,-2,0,174,0,653,-143,20,-1
6377,2.07,P,5,0,69,0,0,22,6,0,P,4,2,115,0,122,43,11,2,1,-1,2,46,0,122,21,5,2
6378,0.21,T,2,0,25,0,2,1,12,0,T,1,0,6,0,0,5,2,0,1,-1,0,-19,0,-2,4,-10,0
6379,3.5,T,18,2,126,0,0,38,34,0,Z,12,0,131,0,6,26,49,3,1,-6,-2,5,0,6,-12,15,3
6380,4.04,T,20,0,353,0,0,59,43,0,Z,14,2,198,0,2,55,62,0,1,-6,2,-155,0,2,-4,19,0
6381,9.59,P,54,5,554,0,53,168,85,0,P,51,0,648,0,0,187,124,0,0,-3,-5,94,0,-53,19,39,0
6382,10.39,Z,63,5,179,0,31,123,309,2,T,71,0,535,0,406,102,390,4,1,8,-5,356,0,375,-21,81,2
6383,9.59,Z,59,4,326,0,33,71,182,3,T,78,5,635,0,165,182,90,0,1,19,1,309,0,132,111,-92,-3
6384,3.26,T,24,0,163,0,8,29,15,1,Z,12,0,136,0,23,45,54,4,1,-12,0,-27,0,15,16,39,3
6385,8.52,T,57,0,556,0,159,179,94,9,T,58,0,264,0,18,150,105,6,0,1,0,-292,0,-141,-29,11,-3
6386,6.13,T,43,4,358,0,117,305,95,2,Z,40,0,96,0,48,80,134,3,1,-3,-4,-262,0,-69,-225,39,1
6387,3.31,T,13,0,141,0,388,57,111,7,Z,15,0,114,0,149,29,118,1,1,2,0,-27,0,-239,-28,7,-6
6388,9.31,Z,85,15,429,0,64,252,276,1,T,107,0,461,0,476,259,335,5,1,22,-15,32,0,412,7,59,4
6389,9.58,Z,80,1,568,0,92,207,190,9,T,98,0,643,0,181,186,119,11,0,18,-1,75,0,89,-21,-71,2
6390,10.2,P,56,0,543,0,27,190,46,6,Z,68,0,902,0,18,176,237,4,0,12,0,359,0,-9,-14,191,-2
6391,9.14,Z,90,9,442,0,400,238,267,4,T,145,0,311,0,381,250,147,14,0,55,-9,-131,0,-19,12,-120,10
6392,6.3,Z,23,0,417,0,13,37,209,5,P,32,0,616,0,18,87,40,1,1,9,0,199,0,5,50,-169,-4
6393,9.14,T,12,0,461,0,2,115,8,1,T,8,0,461,0,0,46,12,0,0,-4,0,0,0,-2,-69,4,-1
6394,7.3,T,84,6,347,0,469,208,190,9,T,72,0,413,0,87,230,67,10,0,-12,-6,66,0,-382,22,-123,1
6395,5.04,P,18,0,243,0,7,37,62,2,P,11,0,246,0,0,12,11,0,0,-7,0,3,0,-7,-25,-51,-2
6396,7.49,P,54,2,309,0,32,114,46,3,Z,51,0,347,15,100,159,180,5,1,-3,-2,38,15,68,45,134,2
6397,4.13,Z,23,0,96,0,54,114,91,9,Z,22,9,140,0,108,74,130,5,1,-1,9,44,0,54,-40,39,-4
6398,8.32,T,78,8,369,0,532,139,270,7,P,61,6,344,0,242,106,185,6,1,-17,-2,-25,0,-290,-33,-85,-1
6399,9.59,T,51,7,877,0,34,117,50,0,P,51,0,987,0,14,33,67,4,1,0,-7,110,0,-20,-84,17,4
6400,9.59,P,37,0,351,0,0,71,82,0,P,43,0,508,0,0,35,68,0,0,6,0,157,0,0,-36,-14,0
6401,9.58,T,78,7,641,0,52,303,144,0,Z,38,0,266,0,103,170,173,3,0,-40,-7,-375,0,51,-133,29,3
6402,10.39,P,62,0,512,0,54,251,89,11,T,117,0,510,0,58,335,188,11,0,55,0,-2,0,4,84,99,0
6403,7.16,Z,52,0,366,0,39,110,132,12,T,44,0,544,0,0,109,67,0,0,-8,0,178,0,-39,-1,-65,-12
6404,4.13,P,13,1,198,0,6,114,11,0,P,12,0,71,0,2,171,31,3,0,-1,-1,-127,0,-4,57,20,3
6405,9.58,T,82,0,735,0,15,453,92,5,Z,66,10,611,0,202,299,303,5,0,-16,10,-124,0,187,-154,211,0
6406,9.58,T,76,0,621,0,26,165,112,1,Z,60,6,515,0,283,351,479,0,1,-16,6,-106,0,257,186,367,-1
6407,6.09,P,78,3,342,0,398,300,98,14,Z,53,0,324,44,311,202,335,0,0,-25,-3,-18,44,-87,-98,237,-14
6408,9.59,T,48,0,1458,0,0,55,70,0,P,36,1,454,0,0,93,80,0,0,-12,1,-1004,0,0,38,10,0
6409,7.21,T,50,3,338,0,73,133,68,7,Z,30,2,532,0,16,23,105,0,0,-20,-1,194,0,-57,-110,37,-7
6410,9.59,Z,91,0,383,0,1201,318,330,17,T,107,13,629,0,893,302,148,8,1,16,13,246,0,-308,-16,-182,-9
6411,6.29,Z,44,0,570,0,53,63,120,3,P,40,0,416,0,136,172,134,6,1,-4,0,-154,0,83,109,14,3
6412,7.2,T,36,0,263,0,0,5,60,2,Z,31,2,407,0,12,35,100,0,0,-5,2,144,0,12,30,40,-2
6413,4.39,P,23,0,148,0,4,129,45,2,T,24,0,175,0,132,106,124,5,0,1,0,27,0,128,-23,79,3
6414,2.41,T,10,0,232,0,0,5,30,0,P,8,0,452,0,0,34,10,0,0,-2,0,220,0,0,29,-20,0
6415,10.04,T,109,8,764,0,257,219,223,8,Z,73,0,524,0,116,96,259,5,1,-36,-8,-240,0,-141,-123,36,-3
6416,5.12,T,48,0,153,0,394,190,72,14,T,41,2,176,0,590,92,202,5,1,-7,2,23,0,196,-98,130,-9
6417,10.12,Z,59,5,667,0,65,176,198,2,T,106,1,473,0,76,343,192,11,1,47,-4,-194,0,11,167,-6,9
6418,7.53,Z,43,0,275,0,18,146,256,6,T,69,0,617,0,30,189,226,4,1,26,0,342,0,12,43,-30,-2
6419,9.45,Z,79,0,446,0,721,145,294,15,Z,79,2,536,0,404,202,224,9,1,0,2,90,0,-317,57,-70,-6
6420,9.01,Z,45,6,690,0,585,214,278,11,T,60,3,494,0,149,167,102,2,0,15,-3,-196,0,-436,-47,-176,-9
6421,9.57,P,53,3,303,0,14,161,54,1,T,69,4,323,0,87,82,81,2,1,16,1,20,0,73,-79,27,1
6422,4.15,P,17,1,159,0,17,94,27,1,P,31,1,237,0,81,156,57,5,1,14,0,78,0,64,62,30,4
6423,5.24,P,21,0,77,0,5,10,20,3,T,28,0,238,0,0,24,53,1,0,7,0,161,0,-5,14,33,-2
6424,8.51,T,69,6,519,0,56,327,191,2,P,65,0,778,10,50,214,78,0,1,-4,-6,259,10,-6,-113,-113,-2
6425,8.14,T,80,0,423,0,44,305,123,3,T,91,0,342,0,80,379,110,21,0,11,0,-81,0,36,74,-13,18
6426,10.37,P,69,2,673,0,31,398,108,2,Z,55,10,569,0,49,113,198,1,0,-14,8,-104,0,18,-285,90,-1
6427,7.13,Z,41,0,427,0,35,96,104,6,P,62,0,474,0,23,192,124,10,1,21,0,47,0,-12,96,20,4
6428,9.58,Z,54,7,918,0,29,43,165,2,T,107,8,506,0,85,225,131,3,0,53,1,-412,0,56,182,-34,1
6429,5.4,P,21,4,279,0,11,69,16,0,P,34,0,407,0,42,104,126,5,1,13,-4,128,0,31,35,110,5
6430,4.44,P,20,0,272,0,379,73,19,4,Z,22,0,324,0,14,80,219,3,1,2,0,52,0,-365,7,200,-1
6431,9.59,Z,53,0,791,0,65,71,164,4,T,44,0,468,0,0,102,74,2,0,-9,0,-323,0,-65,31,-90,-2
6432,5.06,P,24,0,312,0,0,69,53,0,P,22,0,240,0,1,128,32,1,1,-2,0,-72,0,1,59,-21,1
6433,4.32,P,19,0,146,0,1,132,47,2,P,4,0,213,0,0,26,7,0,0,-15,0,67,0,-1,-106,-40,-2
6434,5.57,P,31,0,249,0,331,131,99,3,Z,24,0,190,0,5,102,398,7,0,-7,0,-59,0,-326,-29,299,4
6435,10.09,Z,63,7,441,0,86,237,199,4,P,64,11,524,0,37,102,64,4,0,1,4,83,0,-49,-135,-135,0
6436,3.56,P,18,0,125,0,53,180,93,3,T,18,0,154,0,12,68,29,3,0,0,0,29,0,-41,-112,-64,0
6437,9.07,T,98,0,522,0,546,201,172,7,T,94,0,441,0,244,241,142,16,0,-4,0,-81,0,-302,40,-30,9
6438,10.45,T,144,6,660,1,415,256,173,11,Z,99,11,803,0,74,309,261,9,1,-45,5,143,-1,-341,53,88,-2
6439,9.59,T,85,2,578,0,138,161,123,14,T,48,0,487,0,0,48,66,0,0,-37,-2,-91,0,-138,-113,-57,-14
6440,9.59,T,102,0,563,0,113,203,128,11,T,68,0,729,0,319,244,104,5,0,-34,0,166,0,206,41,-24,-6
6441,9.15,Z,50,0,891,0,179,191,163,3,P,43,0,396,0,14,108,47,2,0,-7,0,-495,0,-165,-83,-116,-1
6442,9.59,T,115,0,584,0,52,175,143,7,Z,82,4,250,0,47,150,144,5,1,-33,4,-334,0,-5,-25,1,-2
6443,3.14,P,12,0,144,0,114,98,75,2,Z,9,3,146,0,26,40,43,0,1,-3,3,2,0,-88,-58,-32,-2
6444,10.34,T,58,0,1193,0,20,120,77,7,Z,51,4,496,0,43,33,151,1,1,-7,4,-697,0,23,-87,74,-6
6445,7.37,T,58,0,453,0,45,166,88,13,T,58,0,242,0,11,176,110,8,0,0,0,-211,0,-34,10,22,-5
6446,10.5,P,65,2,756,0,35,239,106,0,Z,60,0,183,0,33,87,189,4,0,-5,-2,-573,0,-2,-152,83,4
6447,9.02,T,97,0,440,0,641,295,317,9,Z,73,1,510,0,507,174,288,6,1,-24,1,70,0,-134,-121,-29,-3
6448,8.32,T,78,0,582,0,35,173,86,5,P,64,2,310,0,39,243,107,2,0,-14,2,-272,0,4,70,21,-3
6449,9.59,P,71,4,420,0,85,195,84,4,T,92,0,567,0,452,261,175,11,0,21,-4,147,0,367,66,91,7
6450,9.59,Z,65,11,474,0,52,220,178,0,Z,60,10,623,9,494,352,253,1,0,-5,-1,149,9,442,132,75,1
6451,4.46,T,30,1,304,0,95,132,32,7,Z,25,0,146,5,48,136,87,2,0,-5,-1,-158,5,-47,4,55,-5
6452,1.22,P,2,1,18,0,0,10,5,0,P,4,0,61,0,29,7,16,3,1,2,-1,43,0,29,-3,11,3
6453,7.3,T,48,7,408,0,21,187,72,0,Z,31,0,231,0,12,50,123,3,1,-17,-7,-177,0,-9,-137,51,3
6454,6.06,Z,24,7,194,0,25,75,111,2,Z,34,0,117,0,249,123,339,2,1,10,-7,-77,0,224,48,228,0
6455,1.59,P,9,0,34,0,0,14,60,0,P,8,1,167,0,9,77,13,0,0,-1,1,133,0,9,63,-47,0
6456,8.52,Z,55,0,502,0,444,195,197,5,T,91,0,590,0,440,212,168,14,1,36,0,88,0,-4,17,-29,9
6457,9.59,P,85,0,888,0,34,181,94,6,Z,77,0,560,0,676,191,346,10,0,-8,0,-328,0,642,10,252,4
6458,9.59,T,73,8,676,0,17,100,120,0,P,45,2,335,0,14,129,92,0,1,-28,-6,-341,0,-3,29,-28,0
6459,5.13,Z,28,1,170,0,27,66,87,1,Z,28,2,244,0,32,104,94,1,1,0,1,74,0,5,38,7,0
6460,1.18,P,5,0,119,0,142,21,48,8,T,8,0,37,0,127,45,12,4,1,3,0,-82,0,-15,24,-36,-4
6461,8.57,Z,39,0,637,0,69,391,281,4,Z,57,0,432,0,130,208,225,4,1,18,0,-205,0,61,-183,-56,0
6462,9.59,P,43,0,592,0,1020,171,54,4,P,52,8,1030,0,14,212,128,0,1,9,8,438,0,-1006,41,74,-4
6463,4.1,P,10,0,232,0,0,87,25,0,P,25,1,404,0,3,68,30,0,0,15,1,172,0,3,-19,5,0
6464,8.15,P,41,6,223,0,32,58,68,0,Z,36,0,480,0,4,57,118,1,1,-5,-6,257,0,-28,-1,50,1
6465,5.5,P,38,3,154,0,540,120,36,6,T,42,3,401,0,61,105,90,0,0,4,0,247,0,-479,-15,54,-6
6466,4.17,P,12,0,66,0,0,189,70,0,T,31,0,181,0,1,136,74,1,1,19,0,115,0,1,-53,4,1
6467,9.59,Z,64,5,507,0,123,215,278,1,T,93,3,456,0,68,322,178,1,1,29,-2,-51,0,-55,107,-100,0
6468,9.59,Z,49,0,556,0,67,142,199,2,P,48,0,472,0,16,118,65,2,1,-1,0,-84,0,-51,-24,-134,0
6469,8.42,P,36,3,662,0,10,163,80,1,T,45,2,521,0,29,163,55,8,1,9,-1,-141,0,19,0,-25,7
6470,4.11,Z,22,0,169,0,189,72,87,4,Z,21,4,137,0,94,111,148,1,1,-1,4,-32,0,-95,39,61,-3
6471,9.59,T,115,5,707,0,185,216,125,7,T,89,0,448,0,292,285,324,14,1,-26,-5,-259,0,107,69,199,7
6472,6.14,T,30,0,529,0,19,63,38,1,T,54,2,387,0,203,159,59,7,1,24,2,-142,0,184,96,21,6
6473,7.39,T,56,0,692,0,58,112,194,6,T,64,6,280,0,445,135,122,10,1,8,6,-412,0,387,23,-72,4
6474,6.4,Z,40,5,228,0,1093,128,121,1,P,45,0,399,0,132,245,45,4,0,5,-5,171,0,-961,117,-76,3
6475,9.58,T,54,0,649,0,1,132,137,2,P,35,0,362,0,0,97,66,0,0,-19,0,-287,0,-1,-35,-71,-2
6476,7.19,Z,32,4,798,0,23,80,112,0,T,43,0,451,0,92,171,69,8,0,11,-4,-347,0,69,91,-43,8
6477,6.23,P,32,0,337,0,30,122,41,3,Z,20,0,459,0,0,60,110,0,1,-12,0,122,0,-30,-62,69,-3
6478,3.23,T,10,0,219,0,0,60,69,5,Z,10,0,95,0,0,11,43,0,0,0,0,-124,0,0,-49,-26,-5
6479,2.35,Z,8,1,46,0,121,26,75,4,Z,8,0,182,0,290,23,83,4,0,0,-1,136,0,169,-3,8,0
6480,9.49,T,111,0,427,0,694,295,174,15,P,59,0,285,0,53,208,108,1,1,-52,0,-142,0,-641,-87,-66,-14
6481,9.58,P,49,2,657,0,12,163,92,1,P,60,7,528,2,107,285,90,0,0,11,5,-129,2,95,122,-2,-1
6482,9.59,T,77,5,1012,0,476,158,158,4,T,76,5,508,0,54,459,217,4,1,-1,0,-504,0,-422,301,59,0
6483,9.28,Z,62,3,371,0,213,243,245,4,P,82,0,539,0,256,286,119,9,0,20,-3,168,0,43,43,-126,5
6484,4.58,T,24,5,228,0,1,17,27,0,T,19,6,116,0,228,81,27,0,0,-5,1,-112,0,227,64,0,0
6485,5.51,Z,31,0,414,0,157,212,87,8,P,16,0,265,0,7,48,47,1,1,-15,0,-149,0,-150,-164,-40,-7
6486,8.59,Z,66,2,437,0,59,207,196,6,Z,35,0,284,0,237,191,331,11,0,-31,-2,-153,0,178,-16,135,5
6487,6.53,P,57,0,200,6,423,246,143,1,P,52,2,196,0,194,135,77,7,0,-5,2,-4,-6,-229,-111,-66,6
6488,9.59,Z,76,12,557,0,633,173,387,3,T,123,9,425,42,233,183,300,12,0,47,-3,-132,42,-400,10,-87,9
6489,5.58,T,37,0,968,0,0,44,74,2,P,19,1,253,0,0,77,29,3,0,-18,1,-715,0,0,33,-45,1
6490,10.06,T,56,0,969,0,0,270,106,0,T,56,0,701,0,0,213,104,4,1,0,0,-268,0,0,-57,-2,4
6491,5,T,43,7,155,0,61,236,55,6,Z,29,1,165,0,59,114,108,0,0,-14,-6,10,0,-2,-122,53,-6
6492,9.58,P,70,1,548,0,170,232,124,11,P,69,16,483,3,348,343,202,2,1,-1,15,-65,3,178,111,78,-9
6493,3.18,Z,8,0,150,0,22,13,32,1,Z,12,1,80,0,107,51,164,0,1,4,1,-70,0,85,38,132,-1
6494,9.59,T,104,2,803,0,549,174,165,13,P,122,8,557,0,200,314,145,7,1,18,6,-246,0,-349,140,-20,-6
6495,9.32,Z,66,2,471,0,292,189,414,0,P,103,4,891,0,63,397,97,14,1,37,2,420,0,-229,208,-317,14
6496,10.08,T,53,0,441,0,9,27,57,4,T,55,0,792,0,6,74,66,5,1,2,0,351,0,-3,47,9,1
6497,9.1,T,100,0,414,0,623,296,121,10,Z,69,3,389,0,427,244,465,4,0,-31,3,-25,0,-196,-52,344,-6
6498,9.59,Z,86,3,642,0,133,242,273,7,P,77,4,512,5,119,334,128,1,1,-9,1,-130,5,-14,92,-145,-6
6499,3.25,T,15,3,181,0,26,55,28,2,Z,15,0,140,0,17,71,105,3,0,0,-3,-41,0,-9,16,77,1
6500,1.23,Z,5,0,30,0,65,25,69,5,Z,6,0,89,0,21,32,23,7,0,1,0,59,0,-44,7,-46,2
6501,9.59,T,98,0,604,0,39,272,117,7,Z,49,2,523,0,19,86,152,6,1,-49,2,-81,0,-20,-186,35,-1
6502,10.19,Z,76,11,556,0,145,240,302,4,T,105,0,349,0,279,250,174,11,0,29,-11,-207,0,134,10,-128,7
6503,9.22,Z,50,0,780,0,175,93,338,7,T,71,5,575,0,38,111,167,0,0,21,5,-205,0,-137,18,-171,-7
6504,9.59,T,84,3,555,0,74,180,154,6,Z,82,0,354,0,132,169,284,7,0,-2,-3,-201,0,58,-11,130,1
6505,9.37,Z,86,0,500,0,390,175,567,7,T,49,0,502,0,14,58,78,2,0,-37,0,2,0,-376,-117,-489,-5
6506,9.59,Z,83,10,525,16,193,403,345,4,P,131,4,602,0,387,338,334,6,0,48,-6,77,-16,194,-65,-11,2
6507,6.53,T,55,4,421,0,610,160,188,0,Z,47,0,318,0,0,195,207,1,0,-8,-4,-103,0,-610,35,19,1
6508,8.27,P,26,0,215,0,66,351,59,3,P,38,0,230,0,0,159,54,1,1,12,0,15,0,-66,-192,-5,-2
6509,9.59,Z,50,4,513,0,34,181,208,0,P,75,0,648,0,21,455,95,8,0,25,-4,135,0,-13,274,-113,8
6510,9.59,P,88,7,481,0,74,267,97,3,P,43,0,653,0,9,255,62,1,1,-45,-7,172,0,-65,-12,-35,-2
6511,6.26,Z,34,4,336,5,67,112,166,0,T,36,0,405,0,949,108,40,4,0,2,-4,69,-5,882,-4,-126,4
6512,5.04,P,21,0,90,0,15,73,33,4,Z,22,0,593,0,22,33,69,1,0,1,0,503,0,7,-40,36,-3
6513,9.59,T,89,0,437,0,703,216,186,8,T,98,0,404,0,675,304,161,14,1,9,0,-33,0,-28,88,-25,6
6514,9.59,T,86,4,415,0,129,264,141,3,Z,50,2,326,0,138,177,352,0,1,-36,-2,-89,0,9,-87,211,-3
6515,9.59,Z,53,6,222,0,4,88,160,0,T,40,0,451,0,0,57,68,0,0,-13,-6,229,0,-4,-31,-92,0
6516,7.2,P,60,3,366,0,180,85,70,9,P,39,1,359,0,25,189,94,2,1,-21,-2,-7,0,-155,104,24,-7
6517,7.06,P,42,2,337,0,76,120,62,6,P,42,0,302,0,11,402,50,4,1,0,-2,-35,0,-65,282,-12,-2
6518,3.01,Z,11,0,26,0,7,33,58,1,Z,9,1,25,0,9,17,32,0,0,-2,1,-1,0,2,-16,-26,-1
6519,9.16,Z,83,0,494,0,41,199,278,4,T,99,0,711,0,328,215,246,8,0,16,0,217,0,287,16,-32,4
6520,9.59,T,60,3,568,0,537,152,97,9,T,67,0,891,0,150,143,103,12,0,7,-3,323,0,-387,-9,6,3
6521,3.24,T,10,0,190,4,11,29,25,0,Z,8,0,33,0,2,27,50,1,0,-2,0,-157,-4,-9,-2,25,1
6522,9.59,T,62,4,833,0,31,36,59,1,Z,43,0,569,0,0,73,150,0,0,-19,-4,-264,0,-31,37,91,-1
6523,9.59,P,22,0,266,0,0,31,30,0,T,34,1,488,0,5,66,43,0,1,12,1,222,0,5,35,13,0
6524,5.14,P,19,1,260,0,11,161,26,3,T,15,0,272,0,14,71,21,1,0,-4,-1,12,0,3,-90,-5,-2
6525,3.55,Z,13,3,229,0,12,77,82,1,T,21,0,204,0,0,51,30,0,0,8,-3,-25,0,-12,-26,-52,-1
6526,8.13,Z,59,5,343,0,532,185,333,4,P,45,0,478,0,17,105,40,5,0,-14,-5,135,0,-515,-80,-293,1
6527,7.31,Z,27,4,237,0,19,91,158,0,Z,42,5,292,0,697,115,165,4,1,15,1,55,0,678,24,7,4
6528,9.59,Z,61,0,486,0,25,127,207,2,T,67,0,633,0,15,317,160,4,0,6,0,147,0,-10,190,-47,2
6529,6.05,Z,29,2,281,0,203,48,107,3,P,37,0,476,0,8,97,88,1,0,8,-2,195,0,-195,49,-19,-2
6530,6.46,P,45,3,368,0,62,43,27,3,T,36,2,503,0,19,158,56,4,0,-9,-1,135,0,-43,115,29,1
6531,9.58,T,102,0,682,0,221,150,140,8,P,78,4,465,1,401,278,160,4,0,-24,4,-217,1,180,128,20,-4
6532,3.58,Z,9,2,123,0,27,34,49,2,Z,20,2,106,0,51,22,81,0,1,11,0,-17,0,24,-12,32,-2
6533,9.32,P,63,0,359,19,72,150,91,1,T,84,2,822,0,109,167,150,2,1,21,2,463,-19,37,17,59,1
6534,7.08,T,36,0,182,0,0,41,43,0,T,51,0,396,10,44,129,87,3,1,15,0,214,10,44,88,44,3
6535,10.51,P,93,7,503,0,195,366,175,21,P,134,8,408,0,478,308,144,16,1,41,1,-95,0,283,-58,-31,-5
6536,9.58,Z,46,3,429,0,39,50,119,0,T,61,0,328,0,36,60,66,2,0,15,-3,-101,0,-3,10,-53,2
6537,10.55,T,80,0,747,0,172,137,147,7,T,74,4,405,0,75,233,139,2,1,-6,4,-342,0,-97,96,-8,-5
6538,8.17,T,77,2,308,3,84,142,140,3,T,64,1,449,0,45,223,142,12,1,-13,-1,141,-3,-39,81,2,9
6539,3.35,P,17,0,163,0,7,127,18,0,P,16,0,243,0,2,92,61,1,1,-1,0,80,0,-5,-35,43,1
6540,4.04,Z,20,0,242,0,13,70,54,3,Z,15,4,223,0,29,30,64,2,0,-5,4,-19,0,16,-40,10,-1
6541,9.59,T,56,6,643,0,60,146,69,1,T,57,0,472,0,6,253,112,5,0,1,-6,-171,0,-54,107,43,4
6542,9.59,T,125,10,444,0,165,368,158,1,Z,79,9,808,0,104,242,197,0,1,-46,-1,364,0,-61,-126,39,-1
6543,4.53,Z,12,0,267,0,48,59,52,7,P,27,1,253,0,260,120,155,6,1,15,1,-14,0,212,61,103,-1
6544,3.12,P,15,1,203,0,255,85,20,2,Z,15,1,183,0,14,72,65,1,1,0,0,-20,0,-241,-13,45,-1
6545,4.4,Z,23,0,146,0,120,91,103,6,Z,24,0,255,0,9,88,86,10,0,1,0,109,0,-111,-3,-17,4
6546,9.35,Z,75,7,289,0,476,174,300,1,T,86,0,583,0,0,218,258,0,0,11,-7,294,0,-476,44,-42,-1
6547,7.46,T,74,0,356,0,598,225,203,9,T,73,1,395,0,558,189,121,13,1,-1,1,39,0,-40,-36,-82,4
6548,5.2,T,32,6,276,2,45,55,163,0,T,32,0,515,0,50,95,89,11,0,0,-6,239,-2,5,40,-74,11
6549,6.29,T,31,0,351,0,202,115,50,2,Z,22,1,245,0,59,65,117,2,0,-9,1,-106,0,-143,-50,67,0
6550,1.5,Z,6,0,12,0,0,5,33,1,Z,4,0,28,0,110,5,29,4,0,-2,0,16,0,110,0,-4,3
6551,10.28,P,85,0,537,0,417,316,353,18,T,117,9,510,0,619,150,399,0,0,32,9,-27,0,202,-166,46,-18
6552,8.49,T,55,0,698,0,25,166,225,5,P,64,1,401,0,688,156,127,3,0,9,1,-297,0,663,-10,-98,-2
6553,9.59,T,116,17,289,0,608,252,135,5,P,84,8,665,0,599,272,130,16,0,-32,-9,376,0,-9,20,-5,11
6554,9.58,P,27,0,229,0,0,58,43,0,Z,22,0,399,0,0,37,91,0,0,-5,0,170,0,0,-21,48,0
6555,9.59,Z,62,0,535,0,86,204,349,3,T,86,0,548,0,15,115,85,5,1,24,0,13,0,-71,-89,-264,2
6556,1.01,P,5,0,40,0,6,9,3,2,P,4,0,23,0,13,22,20,1,0,-1,0,-17,0,7,13,17,-1
6557,9.59,T,61,10,738,0,21,195,75,0,T,58,0,881,0,26,224,67,6,1,-3,-10,143,0,5,29,-8,6
6558,9.57,T,48,0,574,0,9,134,115,2,P,42,0,563,0,0,97,55,0,0,-6,0,-11,0,-9,-37,-60,-2
6559,9.59,T,60,9,412,1,74,99,61,1,P,60,0,445,0,6,166,67,2,1,0,-9,33,-1,-68,67,6,1
6560,9.41,Z,44,2,540,0,32,218,196,1,Z,63,0,614,0,43,258,193,16,0,19,-2,74,0,11,40,-3,15
6561,9.59,Z,54,1,390,0,20,245,267,3,Z,59,11,572,0,57,119,234,1,1,5,10,182,0,37,-126,-33,-2
6562,1.28,Z,5,1,22,0,184,57,93,0,P,7,1,15,0,30,32,38,1,0,2,0,-7,0,-154,-25,-55,1
6563,7.51,T,51,7,319,0,121,184,122,1,P,34,0,704,0,0,146,78,0,0,-17,-7,385,0,-121,-38,-44,-1
6564,5.17,Z,33,0,251,4,128,124,117,0,T,30,2,402,0,370,116,67,11,0,-3,2,151,-4,242,-8,-50,11
6565,9.28,P,36,5,648,1,13,79,61,0,T,50,0,566,0,8,41,87,6,0,14,-5,-82,-1,-5,-38,26,6
6566,5.33,T,26,0,285,0,609,117,35,9,T,38,4,254,0,460,176,77,3,0,12,4,-31,0,-149,59,42,-6
6567,5.15,T,32,5,332,0,263,82,167,8,Z,21,1,290,0,12,83,176,2,1,-11,-4,-42,0,-251,1,9,-6
6568,5.59,Z,17,0,368,0,0,37,115,0,Z,24,2,177,0,333,108,128,3,1,7,2,-191,0,333,71,13,3
6569,9.56,T,60,5,553,0,24,44,78,0,Z,45,3,532,0,65,214,136,4,1,-15,-2,-21,0,41,170,58,4
6570,7.39,P,41,2,713,0,3,209,182,2,Z,33,0,531,0,26,95,142,5,1,-8,-2,-182,0,23,-114,-40,3
6571,9.58,T,71,0,471,0,6,133,150,0,T,104,3,497,0,86,121,247,3,0,33,3,26,0,80,-12,97,3
6572,9.59,Z,85,13,538,0,86,275,335,1,P,60,0,772,0,18,182,93,2,0,-25,-13,234,0,-68,-93,-242,1
6573,7.26,T,68,3,476,0,583,195,232,7,P,43,4,341,3,173,138,104,2,0,-25,1,-135,3,-410,-57,-128,-5
6574,3.21,P,13,0,279,0,11,83,42,0,P,15,0,143,0,97,92,39,8,1,2,0,-136,0,86,9,-3,8
6575,9.58,Z,70,2,525,0,30,133,248,4,T,126,4,258,0,369,262,119,21,0,56,2,-267,0,339,129,-129,17
6576,3.11,Z,11,1,154,0,211,78,129,3,Z,19,0,52,0,333,49,91,6,0,8,-1,-102,0,122,-29,-38,3
6577,4.36,P,23,0,153,0,116,36,149,2,T,30,3,255,0,46,148,96,9,1,7,3,102,0,-70,112,-53,7
6578,9.59,Z,106,8,421,0,520,308,294,21,T,109,10,398,1,493,274,148,7,0,3,2,-23,1,-27,-34,-146,-14
6579,8.4,Z,69,6,369,0,822,116,151,5,T,99,9,402,0,632,320,116,5,1,30,3,33,0,-190,204,-35,0
6580,9.59,Z,75,5,378,0,495,292,307,6,T,102,1,767,0,840,220,213,15,1,27,-4,389,0,345,-72,-94,9
6581,8.37,P,43,0,253,0,0,58,62,0,Z,41,2,485,0,88,113,227,3,0,-2,2,232,0,88,55,165,3
6582,4.12,Z,18,0,219,0,0,15,58,0,Z,15,6,84,0,18,27,136,0,1,-3,6,-135,0,18,12,78,0
6583,9.01,T,61,0,453,0,20,180,94,3,T,52,2,247,0,10,140,91,0,0,-9,2,-206,0,-10,-40,-3,-3
6584,9.1,T,59,0,383,0,679,200,88,13,T,56,3,303,0,632,215,97,8,1,-3,3,-80,0,-47,15,9,-5
6585,9.59,Z,55,3,280,0,39,191,188,1,T,59,0,733,0,44,113,101,2,1,4,-3,453,0,5,-78,-87,1
6586,5.24,T,24,0,198,0,0,12,58,0,T,27,0,388,5,26,71,37,0,0,3,0,190,5,26,59,-21,0
6587,2.57,T,15,0,147,0,369,64,89,5,T,9,0,99,0,0,28,16,0,0,-6,0,-48,0,-369,-36,-73,-5
6588,9.58,T,29,3,530,0,2,27,43,0,T,38,0,657,0,3,86,77,2,1,9,-3,127,0,1,59,34,2
6589,6.09,T,40,0,204,0,122,93,43,7,Z,27,0,379,0,10,66,87,2,0,-13,0,175,0,-112,-27,44,-5
6590,9.59,T,35,0,409,0,9,65,75,2,P,25,0,397,0,0,17,47,0,1,-10,0,-12,0,-9,-48,-28,-2
6591,5.05,P,22,0,116,0,0,37,37,0,T,24,0,418,0,38,27,30,2,0,2,0,302,0,38,-10,-7,2
6592,4.46,P,28,0,197,2,92,174,37,0,P,27,0,102,0,39,90,78,11,0,-1,0,-95,-2,-53,-84,41,11
6593,9.58,T,61,0,347,0,1,94,90,3,P,54,1,413,0,242,206,157,5,1,-7,1,66,0,241,112,67,2
6594,9.02,P,52,0,635,0,17,221,83,2,T,73,7,274,0,235,254,112,8,0,21,7,-361,0,218,33,29,6
6595,9.59,P,53,5,838,0,3,171,70,1,Z,46,4,367,0,11,140,264,0,1,-7,-1,-471,0,8,-31,194,-1
6596,9.57,Z,61,1,500,0,1,141,201,0,P,50,8,771,0,15,145,75,1,1,-11,7,271,0,14,4,-126,1
6597,9.45,P,71,0,679,0,324,188,132,5,Z,57,3,398,0,25,190,264,1,1,-14,3,-281,0,-299,2,132,-4
6598,9.59,T,80,0,332,0,482,159,290,10,P,69,0,488,0,32,253,161,2,1,-11,0,156,0,-450,94,-129,-8
6599,9.08,T,76,0,435,0,38,139,104,5,T,87,10,479,0,509,161,87,0,1,11,10,44,0,471,22,-17,-5
6600,6.22,T,37,0,503,0,114,122,80,6,P,30,6,297,0,40,164,45,0,0,-7,6,-206,0,-74,42,-35,-6
6601,2.28,Z,10,0,73,4,153,45,59,0,P,16,0,223,0,79,113,34,3,1,6,0,150,-4,-74,68,-25,3
6602,4.13,Z,18,0,186,0,14,36,66,1,Z,21,0,280,0,19,49,63,2,1,3,0,94,0,5,13,-3,1
6603,5.13,T,21,2,342,0,25,41,36,1,P,17,0,159,0,0,73,20,0,1,-4,-2,-183,0,-25,32,-16,-1
6604,9.59,T,115,9,406,1,644,295,124,11,Z,79,6,482,1,308,225,247,2,0,-36,-3,76,0,-336,-70,123,-9
6605,4.21,Z,24,0,188,0,181,80,111,9,T,29,0,248,0,507,151,21,4,1,5,0,60,0,326,71,-90,-5
6606,9.59,Z,36,0,918,0,10,31,132,0,Z,53,0,106,0,39,50,140,2,1,17,0,-812,0,29,19,8,2
6607,10.11,T,110,3,609,0,89,341,138,5,Z,74,3,417,0,109,125,237,9,0,-36,0,-192,0,20,-216,99,4
6608,3.03,P,10,0,256,0,2,68,16,2,Z,11,0,183,0,0,22,90,3,1,1,0,-73,0,-2,-46,74,1
6609,2.25,T,8,0,156,0,2,4,9,2,P,10,0,44,0,1,27,12,2,1,2,0,-112,0,-1,23,3,0
6610,3.58,T,19,0,187,0,12,11,31,4,T,3,0,150,0,0,12,6,0,0,-16,0,-37,0,-12,1,-25,-4
6611,4.1,T,18,0,108,0,0,38,110,3,T,19,0,116,0,9,29,62,2,1,1,0,8,0,9,-9,-48,-1
6612,5.31,T,22,0,405,0,3,55,33,2,T,29,0,132,0,11,61,44,3,0,7,0,-273,0,8,6,11,1
6613,9.59,T,47,0,663,0,3,100,75,1,P,56,4,874,0,14,181,67,0,1,9,4,211,0,11,81,-8,-1
6614,4.05,T,28,1,220,0,126,98,39,3,T,29,4,115,0,342,77,124,2,0,1,3,-105,0,216,-21,85,-1
6615,9.59,P,88,0,615,0,83,354,218,8,Z,83,3,665,0,79,175,230,10,0,-5,3,50,0,-4,-179,12,2
6616,5.07,P,27,0,232,0,6,87,42,2,T,30,0,223,0,7,129,39,5,0,3,0,-9,0,1,42,-3,3
6617,9.57,P,44,0,932,0,173,194,83,3,T,73,0,917,0,54,358,138,5,1,29,0,-15,0,-119,164,55,2
6618,7.51,Z,61,9,372,0,355,199,216,1,T,112,3,484,0,221,188,227,12,1,51,-6,112,0,-134,-11,11,11
6619,9.59,Z,65,0,513,0,54,147,248,5,P,64,0,484,0,86,267,114,3,0,-1,0,-29,0,32,120,-134,-2
6620,8.55,Z,20,0,554,0,21,80,109,3,T,24,0,665,0,0,54,59,0,1,4,0,111,0,-21,-26,-50,-3
6621,5.05,P,29,0,134,0,23,165,87,4,T,36,0,284,0,43,140,45,3,1,7,0,150,0,20,-25,-42,-1
6622,7.59,T,106,3,550,0,988,221,194,11,T,76,0,308,0,475,215,228,15,0,-30,-3,-242,0,-513,-6,34,4
6623,9.58,Z,78,3,319,0,99,163,163,7,T,96,0,575,0,91,140,96,10,1,18,-3,256,0,-8,-23,-67,3
6624,9.59,Z,80,4,636,0,393,130,233,19,T,80,0,351,0,15,247,143,15,1,0,-4,-285,0,-378,117,-90,-4
6625,5.47,T,37,0,368,0,14,208,225,2,Z,32,0,448,0,117,47,174,6,1,-5,0,80,0,103,-161,-51,4
6626,4.16,Z,28,1,130,0,186,95,107,4,P,20,0,298,0,247,94,44,9,1,-8,-1,168,0,61,-1,-63,5
6627,8.14,T,76,4,535,0,597,227,250,13,T,82,0,435,0,475,305,162,13,0,6,-4,-100,0,-122,78,-88,0
6628,10.06,P,76,4,583,0,16,129,108,0,Z,70,10,538,0,36,272,294,2,0,-6,6,-45,0,20,143,186,2
6629,9.32,P,64,0,199,0,27,114,87,3,T,80,0,828,0,144,213,175,9,1,16,0,629,0,117,99,88,6
6630,6.01,T,55,0,466,0,34,113,73,5,T,41,0,356,0,34,159,41,5,0,-14,0,-110,0,0,46,-32,0
6631,6.51,Z,37,0,246,0,3,36,133,2,T,36,0,270,0,15,59,49,5,1,-1,0,24,0,12,23,-84,3
6632,6.35,P,27,3,437,0,27,185,103,1,Z,28,0,399,0,95,49,102,6,1,1,-3,-38,0,68,-136,-1,5
6633,7.13,Z,33,1,179,0,10,53,89,0,Z,51,0,312,0,16,221,154,1,1,18,-1,133,0,6,168,65,1
6634,4.32,T,29,2,241,0,4,75,52,2,Z,18,1,212,0,20,47,81,2,1,-11,-1,-29,0,16,-28,29,0
6635,5.55,P,53,0,324,0,167,193,87,6,T,72,0,385,0,533,180,146,6,1,19,0,61,0,366,-13,59,0
6636,9.24,T,84,2,773,3,12,155,117,1,Z,64,0,275,23,162,149,397,4,0,-20,-2,-498,20,150,-6,280,3
6637,9.59,T,56,1,356,0,28,46,71,4,P,37,0,289,0,0,26,61,0,1,-19,-1,-67,0,-28,-20,-10,-4
6638,9.59,T,49,6,470,0,480,374,164,4,T,77,4,435,0,55,142,102,4,0,28,-2,-35,0,-425,-232,-62,0
6639,9.57,Z,54,0,256,0,16,94,180,3,T,71,3,510,3,13,129,123,1,0,17,3,254,3,-3,35,-57,-2
6640,3.44,T,14,0,191,0,6,36,24,4,P,15,0,60,0,9,78,18,4,0,1,0,-131,0,3,42,-6,0
6641,9.59,T,76,0,445,0,15,367,203,2,P,53,0,502,0,0,127,96,0,1,-23,0,57,0,-15,-240,-107,-2
6642,9.57,T,55,7,792,0,41,121,72,0,T,8,0,187,0,0,12,19,0,1,-47,-7,-605,0,-41,-109,-53,0
6643,0.37,Z,5,0,4,0,1,27,13,1,Z,1,0,51,0,31,11,36,3,0,-4,0,47,0,30,-16,23,2
6644,5.05,Z,24,1,364,0,594,102,77,3,Z,30,5,146,0,100,170,169,0,1,6,4,-218,0,-494,68,92,-3
6645,6.55,P,26,0,286,0,1,48,96,1,Z,39,0,634,0,94,92,99,6,1,13,0,348,0,93,44,3,5
6646,9.58,P,59,4,569,0,23,178,68,0,Z,49,0,662,0,30,290,286,27,0,-10,-4,93,0,7,112,218,27
6647,5.21,T,25,0,218,0,163,102,39,8,T,35,0,238,9,214,76,75,0,1,10,0,20,9,51,-26,36,-8
6648,10.47,T,69,5,645,0,33,103,90,1,T,67,0,620,0,2,220,120,2,1,-2,-5,-25,0,-31,117,30,1
6649,9.59,Z,58,0,472,0,492,385,351,9,T,90,4,577,4,102,272,117,8,1,32,4,105,4,-390,-113,-234,-1
6650,5.32,P,35,2,312,0,371,128,157,1,Z,30,4,209,0,14,89,87,0,0,-5,2,-103,0,-357,-39,-70,-1
6651,9.59,P,51,2,648,0,7,162,65,0,T,49,6,316,0,14,48,78,1,0,-2,4,-332,0,7,-114,13,1
6652,4.54,Z,29,1,118,0,165,172,187,0,P,30,0,219,0,34,102,45,6,1,1,-1,101,0,-131,-70,-142,6
6653,6.48,P,37,7,286,4,86,253,58,3,Z,41,1,207,0,43,135,161,3,0,4,-6,-79,-4,-43,-118,103,0
6654,9.11,P,43,1,335,0,52,161,134,4,P,33,0,373,0,7,158,94,3,0,-10,-1,38,0,-45,-3,-40,-1
6655,9.05,T,81,2,487,0,557,212,153,6,Z,55,1,436,0,298,241,221,11,0,-26,-1,-51,0,-259,29,68,5
6656,9.58,T,82,5,445,0,44,242,154,0,T,84,0,398,0,82,213,130,10,0,2,-5,-47,0,38,-29,-24,10
6657,9.29,Z,50,3,489,0,30,51,129,0,T,93,5,361,0,58,222,189,3,1,43,2,-128,0,28,171,60,3
6658,10.36,P,81,12,549,0,333,245,278,6,T,118,16,489,0,148,165,175,9,1,37,4,-60,0,-185,-80,-103,3
6659,2.14,T,8,0,170,0,3,43,13,2,P,9,0,96,0,10,26,5,1,1,1,0,-74,0,7,-17,-8,-1
6660,3.3,T,14,0,199,0,68,32,71,5,T,21,1,146,0,258,65,24,4,0,7,1,-53,0,190,33,-47,-1
6661,8.25,P,47,0,426,0,35,89,47,2,Z,60,1,388,0,146,139,242,1,1,13,1,-38,0,111,50,195,-1
6662,9.58,P,53,0,439,0,24,171,61,11,P,47,0,854,0,629,156,40,8,1,-6,0,415,0,605,-15,-21,-3
6663,8.07,Z,43,2,532,0,24,186,129,1,P,40,3,536,0,97,190,106,1,1,-3,1,4,0,73,4,-23,0
6664,1.42,P,8,0,63,0,5,18,4,2,T,6,0,196,0,2,2,6,0,0,-2,0,133,0,-3,-16,2,-2
6665,10.5,T,70,6,427,0,223,132,123,4,T,67,0,598,0,15,30,73,3,0,-3,-6,171,0,-208,-102,-50,-1
6666,1.51,T,5,0,35,4,6,29,12,0,T,10,0,98,0,0,16,6,2,1,5,0,63,-4,-6,-13,-6,2
6667,3.47,T,23,4,462,0,267,55,90,2,P,19,0,29,0,94,77,109,4,1,-4,-4,-433,0,-173,22,19,2
6668,1.35,T,2,0,134,0,0,14,5,0,P,5,0,46,0,51,21,29,2,1,3,0,-88,0,51,7,24,2
6669,9.59,P,62,1,458,0,79,211,104,13,Z,71,0,872,0,66,175,269,5,1,9,-1,414,0,-13,-36,165,-8
6670,9.59,P,111,0,418,0,344,495,119,18,Z,96,13,560,0,363,285,326,15,0,-15,13,142,0,19,-210,207,-3
6671,9.19,P,80,0,653,0,128,277,121,7,Z,78,0,450,0,33,283,488,14,1,-2,0,-203,0,-95,6,367,7
6672,9.06,T,63,3,546,0,54,215,137,4,Z,54,4,681,0,85,126,198,2,0,-9,1,135,0,31,-89,61,-2
6673,8.27,T,32,5,430,0,16,60,86,0,T,30,0,521,0,3,42,58,0,1,-2,-5,91,0,-13,-18,-28,0
6674,4.57,T,39,2,297,0,202,120,79,6,P,26,8,245,0,30,65,40,2,1,-13,6,-52,0,-172,-55,-39,-4
6675,7.06,T,24,0,373,0,0,28,75,2,Z,32,0,559,0,34,52,100,2,0,8,0,186,0,34,24,25,0
6676,5.32,P,40,0,259,0,46,130,59,1,Z,31,4,84,0,26,62,80,3,0,-9,4,-175,0,-20,-68,21,2
6677,7.49,P,44,0,431,0,0,187,86,0,Z,49,12,406,0,145,148,221,1,1,5,12,-25,0,145,-39,135,1
6678,4.23,T,25,0,264,0,129,149,44,8,T,38,3,254,0,439,114,135,8,1,13,3,-10,0,310,-35,91,0
6679,5.13,T,28,3,176,0,2,62,59,0,Z,20,0,238,0,0,100,152,3,1,-8,-3,62,0,-2,38,93,3
6680,8.56,T,41,0,806,0,4,68,68,1,T,52,7,423,0,21,119,87,2,0,11,7,-383,0,17,51,19,1
6681,9.34,P,53,4,684,0,11,159,103,3,P,65,0,416,0,122,356,94,6,0,12,-4,-268,0,111,197,-9,3
6682,9.59,T,52,6,516,0,26,113,123,0,Z,49,1,477,0,38,142,181,2,1,-3,-5,-39,0,12,29,58,2
6683,5.42,T,49,3,312,0,444,114,176,5,Z,26,7,371,0,46,128,193,1,0,-23,4,59,0,-398,14,17,-4
6684,9.57,Z,39,0,459,0,71,220,226,8,Z,37,0,797,0,29,117,139,6,0,-2,0,338,0,-42,-103,-87,-2
6685,10.42,P,59,5,281,0,33,144,114,10,T,67,4,594,0,36,240,93,1,0,8,-1,313,0,3,96,-21,-9
6686,10.29,T,103,0,566,0,378,290,276,9,Z,76,5,547,0,72,189,225,7,0,-27,5,-19,0,-306,-101,-51,-2
6687,7.41,T,71,0,609,0,329,236,166,7,Z,42,8,422,0,56,143,157,0,0,-29,8,-187,0,-273,-93,-9,-7
6688,9.59,Z,104,0,688,0,251,247,449,10,T,126,0,709,0,375,257,227,10,0,22,0,21,0,124,10,-222,0
6689,6.25,P,44,0,303,0,12,220,82,4,T,57,2,585,0,53,199,101,1,1,13,2,282,0,41,-21,19,-3
6690,10.23,P,37,4,552,0,26,19,49,0,T,62,0,568,0,2,64,99,0,0,25,-4,16,0,-24,45,50,0
6691,4.36,T,17,0,250,0,98,34,17,3,T,18,0,391,0,261,62,80,4,1,1,0,141,0,163,28,63,1
6692,8.58,P,45,0,393,0,72,122,271,8,P,45,0,854,0,1,167,86,0,0,0,0,461,0,-71,45,-185,-8
6693,5.02,T,19,0,155,0,0,15,22,3,T,24,1,196,0,8,48,61,3,1,5,1,41,0,8,33,39,0
6694,10.43,Z,107,11,616,0,420,240,352,5,T,74,0,925,0,181,71,74,6,0,-33,-11,309,0,-239,-169,-278,1
6695,9.59,T,94,6,441,0,582,368,191,28,T,109,0,477,0,954,364,151,14,0,15,-6,36,0,372,-4,-40,-14
6696,6.07,T,50,0,247,0,59,151,82,8,Z,32,3,215,0,50,114,123,0,1,-18,3,-32,0,-9,-37,41,-8
6697,9.58,T,77,3,550,0,117,218,122,12,P,80,0,478,0,347,260,70,12,1,3,-3,-72,0,230,42,-52,0
6698,5.18,T,33,4,252,1,12,70,49,0,P,15,0,157,0,1,19,23,1,0,-18,-4,-95,-1,-11,-51,-26,1
6699,3.19,T,19,4,102,0,294,52,99,5,P,18,0,115,0,373,111,33,10,1,-1,-4,13,0,79,59,-66,5
6700,6.21,T,40,3,249,0,454,151,45,0,P,35,1,559,0,52,131,68,5,0,-5,-2,310,0,-402,-20,23,5
6701,4.19,P,8,0,233,0,0,116,21,0,Z,17,0,307,0,360,54,154,2,1,9,0,74,0,360,-62,133,2
6702,3.12,T,21,0,34,0,90,92,29,2,T,18,0,206,0,29,83,23,1,1,-3,0,172,0,-61,-9,-6,-1
6703,7.56,T,54,0,529,0,29,186,70,8,Z,34,3,563,0,45,96,114,0,0,-20,3,34,0,16,-90,44,-8
6704,9.59,T,73,0,741,0,65,206,172,4,Z,55,1,266,0,39,149,179,5,0,-18,1,-475,0,-26,-57,7,1
6705,7.47,T,35,0,472,0,0,58,74,0,Z,39,1,345,0,112,114,194,6,1,4,1,-127,0,112,56,120,6
6706,10.2,T,75,7,820,1,61,300,106,0,P,37,0,617,0,0,135,63,0,1,-38,-7,-203,-1,-61,-165,-43,0
6707,7.28,T,40,0,366,0,19,156,84,6,T,63,0,390,0,105,169,51,8,0,23,0,24,0,86,13,-33,2
6708,7.29,T,58,0,514,0,127,210,68,7,T,68,0,623,0,82,134,87,8,1,10,0,109,0,-45,-76,19,1
6709,9.31,Z,60,1,366,0,94,274,364,7,P,49,1,264,0,9,313,107,5,0,-11,0,-102,0,-85,39,-257,-2
6710,10.14,P,60,1,533,0,765,308,147,14,T,103,0,720,0,15,295,208,5,0,43,-1,187,0,-750,-13,61,-9
6711,10.09,P,11,0,238,0,0,23,13,0,T,48,0,657,0,4,128,131,7,1,37,0,419,0,4,105,118,7
6712,9.59,T,91,0,591,0,100,257,94,12,T,62,0,742,0,24,138,99,3,1,-29,0,151,0,-76,-119,5,-9
6713,9.59,T,179,0,670,0,451,294,99,10,Z,119,7,665,0,442,217,348,8,1,-60,7,-5,0,-9,-77,249,-2
6714,9.59,Z,49,0,553,0,8,61,196,0,P,51,0,945,0,0,153,121,1,0,2,0,392,0,-8,92,-75,1
6715,8.39,P,58,0,408,0,65,172,100,11,P,88,1,434,1,82,279,130,11,1,30,1,26,1,17,107,30,0
6716,6.26,Z,38,1,501,0,17,76,140,0,T,40,3,484,0,20,170,200,2,0,2,2,-17,0,3,94,60,2
6717,7.46,Z,53,6,176,0,47,148,141,5,T,76,5,711,4,501,157,68,0,1,23,-1,535,4,454,9,-73,-5
6718,9.46,T,79,1,858,0,61,134,80,4,Z,71,4,462,0,239,188,329,9,1,-8,3,-396,0,178,54,249,5
6719,3.54,P,16,0,207,0,5,131,29,1,P,16,0,403,0,1,40,28,2,1,0,0,196,0,-4,-91,-1,1
6720,9.59,Z,54,0,766,0,66,209,217,8,T,62,0,756,0,0,238,107,0,0,8,0,-10,0,-66,29,-110,-8
6721,10,Z,31,0,367,0,0,16,104,0,T,61,3,969,0,6,7,65,1,1,30,3,602,0,6,-9,-39,1
6722,6.09,Z,39,3,287,0,190,206,165,6,Z,37,3,260,0,47,238,125,13,0,-2,0,-27,0,-143,32,-40,7
6723,5.04,T,25,0,134,0,224,53,80,8,T,31,2,184,0,22,57,73,0,1,6,2,50,0,-202,4,-7,-8
6724,7.18,Z,62,2,216,0,133,233,274,7,T,65,8,440,0,283,208,104,1,0,3,6,224,0,150,-25,-170,-6
6725,9.58,P,78,1,838,0,55,273,110,0,T,58,2,553,0,3,146,124,0,0,-20,1,-285,0,-52,-127,14,0
6726,2.54,T,20,0,176,0,20,56,96,1,T,12,2,285,0,24,96,51,0,1,-8,2,109,0,4,40,-45,-1
6727,9.59,T,63,0,609,0,31,265,137,3,T,94,5,618,0,847,296,122,10,1,31,5,9,0,816,31,-15,7
6728,9.59,Z,113,8,667,0,815,391,468,11,T,134,5,610,0,534,191,112,10,0,21,-3,-57,0,-281,-200,-356,-1
6729,9.24,T,69,4,634,0,16,175,133,0,P,59,0,582,0,5,281,182,0,0,-10,-4,-52,0,-11,106,49,0
6730,7.46,P,37,5,415,0,27,86,68,1,P,31,0,682,0,10,95,47,6,0,-6,-5,267,0,-17,9,-21,5
6731,7.25,T,51,2,164,0,19,215,41,1,T,11,0,377,0,1,174,29,2,0,-40,-2,213,0,-18,-41,-12,1
6732,9.59,Z,38,4,646,1,42,107,124,2,T,65,4,566,0,19,202,101,0,1,27,0,-80,-1,-23,95,-23,-2
6733,4.58,T,36,2,246,0,441,102,91,6,P,32,0,171,0,501,177,116,10,1,-4,-2,-75,0,60,75,25,4
6734,9.59,T,59,0,486,1,15,172,131,1,Z,58,2,390,0,2,20,170,0,1,-1,2,-96,-1,-13,-152,39,-1
6735,9.58,P,26,0,525,1,2,200,93,0,Z,51,1,559,0,17,75,131,0,1,25,1,34,-1,15,-125,38,0
6736,6.47,Z,38,4,364,2,217,115,199,0,T,44,5,749,0,11,84,88,0,1,6,1,385,-2,-206,-31,-111,0
6737,9.12,P,55,3,594,0,34,146,46,0,T,51,5,578,0,103,185,80,4,0,-4,2,-16,0,69,39,34,4
6738,9.59,T,71,4,472,0,199,199,95,7,Z,82,4,248,0,132,131,210,2,1,11,0,-224,0,-67,-68,115,-5
6739,8.35,P,41,4,626,0,8,192,137,0,T,46,0,641,0,29,143,97,12,0,5,-4,15,0,21,-49,-40,12
6740,7.04,P,35,2,337,0,447,205,153,5,P,48,7,232,0,84,146,93,3,0,13,5,-105,0,-363,-59,-60,-2
6741,9.59,P,61,0,345,0,208,363,124,4,Z,63,2,715,0,20,108,229,0,0,2,2,370,0,-188,-255,105,-4
6742,6.43,Z,24,5,350,0,34,86,110,0,P,29,0,208,0,7,68,50,1,0,5,-5,-142,0,-27,-18,-60,1
6743,10,Z,37,0,403,0,0,24,128,0,Z,33,0,283,0,9,61,134,2,0,-4,0,-120,0,9,37,6,2
6744,0.33,Z,0,0,1,0,3,1,9,2,T,47,0,986,0,0,95,108,1,1,47,0,985,0,-3,94,99,-1
6745,7.58,T,65,0,450,0,53,132,159,17,P,69,8,499,0,200,201,85,2,1,4,8,49,0,147,69,-74,-15
6746,1.55,Z,8,1,29,0,1,34,53,0,P,10,0,98,0,15,21,6,3,0,2,-1,69,0,14,-13,-47,3
6747,4.43,T,30,0,244,0,31,132,105,9,P,14,0,149,0,1,111,42,1,1,-16,0,-95,0,-30,-21,-63,-8
6748,9.59,T,108,0,440,0,97,190,123,8,Z,64,10,928,0,116,162,207,13,1,-44,10,488,0,19,-28,84,5
6749,4.24,Z,20,3,261,0,28,131,72,4,P,19,0,190,0,0,130,83,2,0,-1,-3,-71,0,-28,-1,11,-2
6750,10.29,P,53,0,1006,0,19,218,135,0,T,86,0,611,0,25,263,107,7,0,33,0,-395,0,6,45,-28,7
6751,9.59,T,89,0,527,0,637,300,78,7,T,107,0,748,0,276,236,220,10,0,18,0,221,0,-361,-64,142,3
6752,4.29,T,29,0,186,0,211,55,33,14,T,14,0,265,0,0,85,22,0,0,-15,0,79,0,-211,30,-11,-14
6753,9.59,T,74,0,924,0,495,202,316,4,T,72,0,483,0,48,203,158,14,0,-2,0,-441,0,-447,1,-158,10
6754,8.04,P,63,0,286,0,35,351,124,10,Z,74,7,369,0,346,303,267,6,1,11,7,83,0,311,-48,143,-4
6755,8.55,Z,46,5,433,0,37,38,104,3,Z,64,10,494,0,222,177,254,5,1,18,5,61,0,185,139,150,2
6756,7.46,P,29,0,185,0,3,138,23,3,P,39,1,409,0,80,321,110,6,0,10,1,224,0,77,183,87,3
6757,2.28,Z,11,0,58,0,123,36,45,2,Z,6,0,211,0,10,15,28,1,1,-5,0,153,0,-113,-21,-17,-1
6758,8,T,36,0,363,0,51,153,43,8,T,45,10,497,0,187,121,212,0,1,9,10,134,0,136,-32,169,-8
6759,7.43,T,75,1,492,0,455,190,93,21,T,69,0,330,0,614,223,148,7,0,-6,-1,-162,0,159,33,55,-14
6760,9.15,Z,39,5,238,0,63,207,131,0,Z,48,3,438,0,109,327,244,6,0,9,-2,200,0,46,120,113,6
6761,6.13,T,38,1,277,0,292,145,155,4,T,53,3,417,0,298,123,92,8,1,15,2,140,0,6,-22,-63,4
6762,9.59,P,47,0,188,0,0,103,60,1,P,32,0,630,0,0,137,62,0,0,-15,0,442,0,0,34,2,-1
6763,3.37,Z,16,0,53,0,91,7,63,3,T,20,2,107,0,100,128,79,8,0,4,2,54,0,9,121,16,5
6764,5.42,Z,39,9,289,0,294,100,116,1,P,23,0,502,0,316,178,63,9,1,-16,-9,213,0,22,78,-53,8
6765,9.59,T,85,0,548,0,419,306,161,6,P,81,19,558,0,1217,254,198,9,1,-4,19,10,0,798,-52,37,3
6766,9.59,P,39,0,524,0,5,95,58,4,T,61,5,767,0,17,65,96,5,0,22,5,243,0,12,-30,38,1
6767,9.59,P,19,0,338,0,0,26,18,1,P,23,0,505,0,0,73,45,0,0,4,0,167,0,0,47,27,-1
6768,4.38,Z,21,0,64,0,15,91,177,2,T,27,0,236,0,13,77,78,4,0,6,0,172,0,-2,-14,-99,2
6769,9.59,T,68,5,505,0,123,172,103,9,Z,70,6,407,0,41,177,171,0,1,2,1,-98,0,-82,5,68,-9
6770,2.28,P,11,0,59,0,5,50,8,2,Z,9,0,132,0,5,59,18,2,0,-2,0,73,0,0,9,10,0
6771,7.56,Z,51,1,345,0,87,155,161,0,P,52,0,320,0,112,193,129,9,1,1,-1,-25,0,25,38,-32,9
6772,9.59,T,67,3,730,0,431,288,232,4,T,76,9,565,6,282,316,183,1,0,9,6,-165,6,-149,28,-49,-3
6773,8.45,Z,34,0,305,0,12,48,113,2,T,38,3,467,0,18,117,76,0,1,4,3,162,0,6,69,-37,-2
6774,10.14,T,60,0,291,0,247,33,79,7,T,40,0,731,0,0,42,60,0,0,-20,0,440,0,-247,9,-19,-7
6775,4.51,P,33,0,194,0,9,72,213,3,T,14,0,170,0,28,63,45,3,0,-19,0,-24,0,19,-9,-168,0
6776,6.22,T,48,0,367,0,134,131,103,11,Z,36,0,252,0,480,94,137,9,0,-12,0,-115,0,346,-37,34,-2
6777,9.58,P,52,0,261,0,101,125,213,10,T,73,0,426,0,68,54,95,7,0,21,0,165,0,-33,-71,-118,-3
6778,10.43,P,44,0,706,0,0,366,78,0,P,58,0,510,0,2,114,115,0,0,14,0,-196,0,2,-252,37,0
6779,6.27,P,40,0,215,0,1,108,105,0,T,26,0,283,0,0,40,61,0,1,-14,0,68,0,-1,-68,-44,0
6780,8.43,T,81,2,273,0,442,182,189,7,T,84,2,414,0,243,294,113,10,1,3,0,141,0,-199,112,-76,3
6781,7.55,T,59,1,350,0,36,123,79,9,P,38,0,465,0,15,121,74,4,1,-21,-1,115,0,-21,-2,-5,-5
6782,5.15,Z,19,3,272,0,2,61,82,0,Z,26,2,203,0,90,104,71,3,1,7,-1,-69,0,88,43,-11,3
6783,9.57,Z,57,0,296,0,55,86,176,13,Z,69,9,420,0,172,343,193,1,1,12,9,124,0,117,257,17,-12
6784,9.59,P,52,0,436,0,7,177,72,1,P,54,11,615,0,28,306,78,0,1,2,11,179,0,21,129,6,-1
6785,7.11,Z,51,0,386,9,107,287,183,3,T,81,5,292,0,591,166,190,8,1,30,5,-94,-9,484,-121,7,5
6786,5.3,T,33,1,366,0,193,69,64,11,T,37,0,311,0,461,97,71,8,0,4,-1,-55,0,268,28,7,-3
6787,10.07,P,58,0,743,0,8,128,76,2,Z,61,4,629,0,149,219,190,2,0,3,4,-114,0,141,91,114,0
6788,5.47,P,51,6,201,0,491,209,122,14,T,51,3,434,0,378,229,105,6,0,0,-3,233,0,-113,20,-17,-8
6789,7.33,Z,55,4,272,0,46,187,290,3,T,80,8,911,0,328,238,183,5,0,25,4,639,0,282,51,-107,2
6790,9.59,Z,37,0,484,0,22,173,125,6,T,40,2,647,0,13,61,65,0,0,3,2,163,0,-9,-112,-60,-6
6791,9.59,T,96,0,351,0,334,331,160,33,T,108,5,376,0,57,328,149,2,0,12,5,25,0,-277,-3,-11,-31
6792,9.14,Z,49,0,909,0,0,65,176,0,P,55,2,677,0,29,230,85,4,1,6,2,-232,0,29,165,-91,4
6793,9.59,Z,97,11,470,4,996,298,397,25,P,168,8,479,0,591,329,118,8,0,71,-3,9,-4,-405,31,-279,-17
6794,9.59,T,165,6,703,0,352,371,201,16,Z,96,0,430,21,161,209,270,2,0,-69,-6,-273,21,-191,-162,69,-14
6795,10.13,P,44,5,650,0,12,138,85,0,T,79,9,1006,0,58,300,139,3,1,35,4,356,0,46,162,54,3
6796,9.59,T,112,0,407,0,351,415,112,13,Z,114,9,513,1,593,337,473,9,0,2,9,106,1,242,-78,361,-4
6797,10.05,T,76,6,572,0,41,194,88,3,Z,80,2,300,0,74,161,273,1,0,4,-4,-272,0,33,-33,185,-2
6798,7.37,P,35,0,379,0,233,115,272,1,Z,54,5,478,0,368,154,299,2,1,19,5,99,0,135,39,27,1
6799,9.57,P,40,4,491,0,10,311,90,0,T,73,0,915,0,1,317,162,1,0,33,-4,424,0,-9,6,72,1
6800,5.13,T,25,1,356,0,13,124,31,1,P,17,0,354,0,28,132,28,2,1,-8,-1,-2,0,15,8,-3,1
6801,5.15,P,30,0,237,0,9,229,62,3,P,30,0,150,0,51,200,110,4,1,0,0,-87,0,42,-29,48,1
6802,9.05,T,42,0,811,0,9,89,89,1,Z,59,1,550,0,13,184,266,0,1,17,1,-261,0,4,95,177,-1
6803,9.59,P,49,0,967,0,24,177,54,5,Z,46,0,488,0,62,152,178,4,1,-3,0,-479,0,38,-25,124,-1
6804,4.01,Z,14,0,216,0,0,44,52,1,Z,14,0,135,0,15,12,33,3,0,0,0,-81,0,15,-32,-19,2
6805,7.4,T,48,1,472,0,102,95,103,10,T,64,10,564,3,35,159,75,0,1,16,9,92,3,-67,64,-28,-10
6806,6.33,Z,40,0,395,0,116,149,277,1,P,38,0,256,6,257,198,146,0,1,-2,0,-139,6,141,49,-131,-1
6807,4.3,T,21,0,317,0,0,23,33,1,P,12,0,129,0,0,63,38,0,0,-9,0,-188,0,0,40,5,-1
6808,3.11,P,10,0,62,0,0,61,21,4,Z,17,7,61,0,29,51,66,2,1,7,7,-1,0,29,-10,45,-2
6809,9.59,P,89,12,611,12,163,230,119,8,P,84,0,774,0,43,202,96,9,1,-5,-12,163,-12,-120,-28,-23,1
6810,9.58,T,81,0,742,0,213,204,117,8,Z,77,0,700,0,226,213,417,2,1,-4,0,-42,0,13,9,300,-6
6811,9.58,T,69,2,636,0,3,149,123,0,T,64,5,768,0,38,130,102,4,0,-5,3,132,0,35,-19,-21,4
6812,5.54,Z,23,0,286,0,59,85,224,6,P,16,0,328,0,0,71,46,1,0,-7,0,42,0,-59,-14,-178,-5
6813,2.27,P,12,0,110,0,49,93,24,2,P,15,0,93,0,184,70,48,6,0,3,0,-17,0,135,-23,24,4
6814,10.03,P,67,0,426,0,30,232,91,5,P,57,6,773,0,59,267,66,1,1,-10,6,347,0,29,35,-25,-4
6815,10.2,T,96,5,378,0,51,137,107,1,Z,42,1,455,0,2,149,145,3,0,-54,-4,77,0,-49,12,38,2
6816,9.59,Z,70,0,371,0,36,272,241,23,Z,68,11,476,0,62,209,184,8,0,-2,11,105,0,26,-63,-57,-15
6817,5.29,Z,30,0,212,0,157,150,108,5,P,25,0,514,0,41,75,60,4,1,-5,0,302,0,-116,-75,-48,-1
6818,3.07,Z,9,0,92,0,25,40,50,2,Z,9,0,63,0,12,47,44,3,0,0,0,-29,0,-13,7,-6,1
6819,2.2,T,9,0,66,0,77,31,47,2,T,11,1,56,0,156,71,75,3,1,2,1,-10,0,79,40,28,1
6820,3.42,P,16,1,270,0,24,54,40,1,Z,23,4,250,1,171,114,132,3,1,7,3,-20,1,147,60,92,2
6821,10,T,72,0,288,0,47,326,139,2,T,58,3,624,0,147,290,110,0,1,-14,3,336,0,100,-36,-29,-2
6822,6.5,P,58,0,289,0,187,230,107,11,T,81,0,274,0,302,163,89,22,1,23,0,-15,0,115,-67,-18,11
6823,4.15,T,18,3,416,0,2,57,41,0,P,18,0,296,0,19,101,29,5,0,0,-3,-120,0,17,44,-12,5
6824,3.42,Z,7,0,70,0,0,21,22,0,T,11,2,71,0,1,16,34,1,0,4,2,1,0,1,-5,12,1
6825,4.53,P,26,1,324,0,13,83,33,2,P,23,1,515,0,20,71,80,1,1,-3,0,191,0,7,-12,47,-1
6826,9.59,T,108,1,450,2,153,192,129,12,Z,76,8,552,0,87,230,208,10,1,-32,7,102,-2,-66,38,79,-2
6827,3.31,Z,8,2,29,0,17,8,33,0,T,16,0,286,0,2,9,18,3,0,8,-2,257,0,-15,1,-15,3
6828,8.1,T,69,4,531,0,118,293,99,4,T,78,5,299,0,157,252,192,1,0,9,1,-232,0,39,-41,93,-3
6829,3.56,Z,17,2,161,0,13,42,133,1,T,13,3,243,0,57,39,26,0,1,-4,1,82,0,44,-3,-107,-1
6830,5.2,Z,35,3,148,3,328,134,191,3,P,42,0,209,0,81,168,64,8,0,7,-3,61,-3,-247,34,-127,5
6831,2.52,Z,10,6,130,0,73,79,108,0,P,14,0,104,0,192,26,62,6,0,4,-6,-26,0,119,-53,-46,6
6832,2.57,T,21,0,131,0,311,98,81,10,P,17,1,231,0,223,119,41,9,0,-4,1,100,0,-88,21,-40,-1
6833,9.58,Z,49,2,557,0,12,101,217,0,T,44,0,217,0,7,74,74,4,0,-5,-2,-340,0,-5,-27,-143,4
6834,4.25,Z,22,3,219,0,12,27,59,0,P,25,0,119,0,310,111,51,1,0,3,-3,-100,0,298,84,-8,1
6835,9.59,T,71,2,417,0,22,98,100,0,P,78,0,406,0,105,149,80,20,1,7,-2,-11,0,83,51,-20,20
6836,7.17,P,58,0,558,0,65,163,77,9,T,87,0,635,0,138,151,139,7,1,29,0,77,0,73,-12,62,-2
6837,8.56,Z,46,12,693,0,61,59,134,0,P,35,3,787,0,17,117,70,0,0,-11,-9,94,0,-44,58,-64,0
6838,9.17,T,59,0,780,0,66,163,120,6,Z,63,4,223,0,6,86,280,0,0,4,4,-557,0,-60,-77,160,-6
6839,9.15,T,126,0,546,0,316,253,139,18,P,66,1,576,0,36,308,102,6,0,-60,1,30,0,-280,55,-37,-12
6840,0.18,T,0,0,9,0,3,5,12,1,P,2,0,16,0,14,12,13,2,0,2,0,7,0,11,7,1,1
6841,10.01,T,80,0,640,0,170,228,281,12,P,70,0,484,0,341,436,95,7,0,-10,0,-156,0,171,208,-186,-5
6842,10.22,P,63,12,576,0,454,217,298,3,Z,85,6,507,0,551,375,376,12,1,22,-6,-69,0,97,158,78,9
6843,9.59,P,123,0,617,0,1054,476,183,29,T,131,9,554,0,543,317,271,11,0,8,9,-63,0,-511,-159,88,-18
6844,8.49,Z,56,6,397,0,68,215,137,1,P,59,2,897,0,78,185,126,0,1,3,-4,500,0,10,-30,-11,-1
6845,9.19,Z,35,1,337,0,21,86,115,3,T,69,0,535,0,0,181,162,3,0,34,-1,198,0,-21,95,47,0
6846,10.41,P,68,0,1034,0,79,286,167,9,Z,74,0,412,0,190,363,384,5,1,6,0,-622,0,111,77,217,-4
6847,3.26,T,11,3,203,1,85,35,21,0,Z,13,1,76,0,191,37,99,5,1,2,-2,-127,-1,106,2,78,5
6848,9.59,P,43,0,597,0,8,141,139,2,P,75,0,895,0,51,229,76,3,1,32,0,298,0,43,88,-63,1
6849,3.07,P,10,0,173,0,0,31,19,0,P,4,0,54,0,0,21,8,0,0,-6,0,-119,0,0,-10,-11,0
6850,9.58,T,34,0,436,0,0,52,62,0,Z,56,0,443,0,0,102,154,0,0,22,0,7,0,0,50,92,0
6851,9.59,T,59,2,688,0,11,295,222,2,T,65,0,308,0,407,199,207,7,1,6,-2,-380,0,396,-96,-15,5
6852,7.49,T,67,0,412,0,370,211,134,11,P,56,0,524,0,29,156,76,7,1,-11,0,112,0,-341,-55,-58,-4
6853,6.07,P,36,2,282,0,279,253,75,7,P,60,8,241,0,278,227,84,8,0,24,6,-41,0,-1,-26,9,1
6854,9.55,Z,39,0,299,0,12,58,150,2,Z,56,3,640,0,22,65,169,0,1,17,3,341,0,10,7,19,-2
6855,10.57,T,70,0,614,0,75,88,82,4,Z,68,0,486,0,28,42,176,2,0,-2,0,-128,0,-47,-46,94,-2
6856,8.27,Z,33,0,271,0,1,43,129,2,T,66,0,336,0,0,166,414,3,0,33,0,65,0,-1,123,285,1
6857,5.56,T,27,0,360,0,0,73,75,3,Z,15,4,262,0,34,31,92,0,1,-12,4,-98,0,34,-42,17,-3
6858,9.33,T,39,0,387,0,10,229,83,1,P,43,0,586,0,0,36,49,0,1,4,0,199,0,-10,-193,-34,-1
6859,1.43,P,5,2,142,0,7,24,49,0,T,8,1,122,1,103,18,11,0,0,3,-1,-20,1,96,-6,-38,0
6860,7.58,T,42,0,284,0,26,141,129,8,P,40,0,325,0,37,229,222,6,0,-2,0,41,0,11,88,93,-2
6861,9.14,Z,51,1,462,0,69,269,206,11,Z,61,1,359,0,228,226,387,6,0,10,0,-103,0,159,-43,181,-5
6862,3.34,T,17,0,92,0,25,68,112,1,T,47,0,91,0,156,150,41,4,1,30,0,-1,0,131,82,-71,3
6863,2.38,T,12,4,212,0,223,39,69,0,T,18,2,67,0,256,127,78,6,1,6,-2,-145,0,33,88,9,6
6864,7.37,P,69,5,310,0,462,190,78,12,Z,42,0,424,0,45,176,133,6,0,-27,-5,114,0,-417,-14,55,-6
6865,10.27,Z,118,0,668,20,649,293,415,8,T,151,9,510,0,558,405,234,2,1,33,9,-158,-20,-91,112,-181,-6
6866,9.12,T,26,0,629,0,2,70,66,2,T,50,0,564,0,4,60,85,4,1,24,0,-65,0,2,-10,19,2
6867,9.59,T,62,0,604,0,23,212,133,7,T,34,0,407,0,0,141,88,4,1,-28,0,-197,0,-23,-71,-45,-3
6868,5.35,Z,25,0,241,0,13,73,97,0,Z,30,0,435,0,51,54,105,3,0,5,0,194,0,38,-19,8,3
6869,4.4,Z,21,2,399,0,26,86,97,1,T,43,0,199,0,273,102,60,2,1,22,-2,-200,0,247,16,-37,1
6870,10.53,T,66,6,424,0,29,72,74,0,P,51,8,346,2,36,136,79,0,1,-15,2,-78,2,7,64,5,0
6871,7.42,Z,28,1,468,0,4,140,126,0,Z,41,0,260,0,129,295,237,5,1,13,-1,-208,0,125,155,111,5
6872,10.24,Z,74,13,425,4,588,268,381,6,P,92,16,460,0,688,346,124,3,0,18,3,35,-4,100,78,-257,-3
6873,7.27,Z,18,0,414,0,0,76,92,0,T,31,0,297,0,24,166,57,2,1,13,0,-117,0,24,90,-35,2
6874,7.18,T,61,4,388,4,373,120,72,4,T,59,3,411,0,308,163,97,4,1,-2,-1,23,-4,-65,43,25,0
6875,4.55,P,36,8,215,0,296,166,58,1,Z,38,3,282,2,335,159,150,4,1,2,-5,67,2,39,-7,92,3
6876,9.58,T,55,0,342,0,2,84,100,3,Z,68,0,404,0,112,156,242,7,1,13,0,62,0,110,72,142,4
6877,9.23,P,44,0,465,0,0,32,73,0,Z,42,1,351,0,67,95,135,6,1,-2,1,-114,0,67,63,62,6
6878,7.54,P,16,0,437,0,0,41,37,0,P,20,0,482,0,17,61,44,3,1,4,0,45,0,17,20,7,3
6879,9.58,Z,46,6,607,0,17,89,158,0,P,49,0,557,0,3,108,65,3,1,3,-6,-50,0,-14,19,-93,3
6880,9.59,T,27,0,65,0,0,25,47,0,Z,82,0,472,0,391,158,228,4,1,55,0,407,0,391,133,181,4
6881,6.32,Z,30,3,286,0,26,77,146,4,T,37,0,383,0,14,109,52,4,0,7,-3,97,0,-12,32,-94,0
6882,5.3,T,39,0,241,0,157,129,126,8,P,14,1,182,0,0,90,31,1,0,-25,1,-59,0,-157,-39,-95,-7
6883,9.59,T,65,4,675,0,36,106,102,0,T,88,0,793,0,49,213,268,5,0,23,-4,118,0,13,107,166,5
6884,8.2,T,39,0,445,0,11,139,75,5,P,56,0,857,0,41,244,128,7,1,17,0,412,0,30,105,53,2
6885,9.29,Z,112,7,390,0,438,196,264,9,P,96,0,512,0,221,236,128,10,0,-16,-7,122,0,-217,40,-136,1
6886,9.59,T,41,0,383,0,0,22,76,0,T,36,0,661,0,0,34,55,0,0,-5,0,278,0,0,12,-21,0
6887,9.59,Z,93,11,503,3,394,307,377,7,Z,102,12,810,0,89,215,231,2,0,9,1,307,-3,-305,-92,-146,-5
6888,8.08,P,55,1,276,0,483,311,112,6,T,80,2,334,0,230,302,159,7,0,25,1,58,0,-253,-9,47,1
6889,9.45,Z,120,6,659,0,795,281,262,13,Z,51,5,497,0,45,139,161,3,0,-69,-1,-162,0,-750,-142,-101,-10
6890,4.49,T,28,6,366,0,30,100,80,2,P,26,0,130,3,123,73,72,0,0,-2,-6,-236,3,93,-27,-8,-2
6891,6.54,T,60,0,340,0,527,185,67,10,T,49,0,432,0,20,87,77,4,1,-11,0,92,0,-507,-98,10,-6
6892,3.11,T,17,1,190,0,187,74,37,6,Z,16,3,193,0,429,46,144,3,1,-1,2,3,0,242,-28,107,-3
6893,5.14,P,39,2,179,0,167,178,22,4,T,33,4,255,0,0,77,67,0,1,-6,2,76,0,-167,-101,45,-4
6894,9.46,Z,59,6,540,0,36,165,200,1,P,60,4,515,0,534,222,63,9,1,1,-2,-25,0,498,57,-137,8
6895,9.51,P,52,5,411,0,14,325,99,6,T,91,0,434,0,154,183,187,8,1,39,-5,23,0,140,-142,88,2
6896,6.26,Z,29,2,203,0,34,67,106,2,Z,34,2,222,0,46,135,84,4,1,5,0,19,0,12,68,-22,2
6897,7.42,P,41,4,400,0,86,164,65,7,Z,41,5,514,0,129,181,157,8,1,0,1,114,0,43,17,92,1
6898,9.59,T,68,0,342,9,23,110,115,5,T,47,5,848,0,31,104,68,0,0,-21,5,506,-9,8,-6,-47,-5
6899,9.4,T,52,0,850,0,20,136,125,4,T,86,2,532,0,477,238,298,4,1,34,2,-318,0,457,102,173,0
6900,8.33,P,66,2,485,0,76,184,59,7,T,66,0,778,0,15,180,106,6,0,0,-2,293,0,-61,-4,47,-1
6901,5.54,Z,24,0,153,0,72,102,84,6,Z,26,5,397,0,36,83,97,0,1,2,5,244,0,-36,-19,13,-6
6902,9.58,T,40,1,717,0,3,163,101,11,P,79,0,372,0,631,98,190,13,1,39,-1,-345,0,628,-65,89,2
6903,9.59,P,60,0,499,0,13,187,101,5,Z,59,0,592,0,11,190,239,2,1,-1,0,93,0,-2,3,138,-3
6904,8.07,P,32,0,291,0,1,85,40,3,P,45,0,360,0,10,83,57,1,1,13,0,69,0,9,-2,17,-2
6905,4.48,T,28,1,143,0,48,43,34,1,P,26,5,167,0,264,125,62,3,1,-2,4,24,0,216,82,28,2
6906,2.1,P,5,0,176,0,4,36,6,0,Z,0,0,1,0,0,0,0,0,0,-5,0,-175,0,-4,-36,-6,0
6907,2.43,T,16,1,93,0,198,48,33,2,Z,10,0,22,0,17,9,26,3,1,-6,-1,-71,0,-181,-39,-7,1
6908,8.59,T,30,0,655,0,0,77,77,3,Z,42,1,537,0,21,66,127,1,0,12,1,-118,0,21,-11,50,-2
6909,10.23,T,105,1,682,8,208,185,258,3,T,88,0,773,0,57,361,139,8,0,-17,-1,91,-8,-151,176,-119,5
6910,7.51,Z,72,3,347,0,178,288,236,11,P,27,0,693,0,1,29,46,1,0,-45,-3,346,0,-177,-259,-190,-10
6911,3.29,T,20,0,258,0,410,46,22,4,T,14,1,187,0,28,26,14,3,0,-6,1,-71,0,-382,-20,-8,-1
6912,5.47,Z,24,0,258,0,8,39,302,5,Z,33,2,243,0,139,183,205,2,0,9,2,-15,0,131,144,-97,-3
6913,9.58,T,85,0,537,0,48,231,161,10,P,66,0,1226,0,56,341,149,10,0,-19,0,689,0,8,110,-12,0
6914,9.59,T,100,15,569,0,245,221,162,6,Z,80,6,477,0,89,145,225,2,1,-20,-9,-92,0,-156,-76,63,-4
6915,9.59,T,78,0,756,0,6,264,139,4,T,83,5,586,0,363,232,154,2,1,5,5,-170,0,357,-32,15,-2
6916,8,T,54,0,523,0,59,202,127,3,T,58,0,468,0,1,160,74,1,0,4,0,-55,0,-58,-42,-53,-2
6917,5.36,P,20,0,422,0,0,135,57,1,T,33,0,537,0,36,58,44,2,1,13,0,115,0,36,-77,-13,1
6918,6.34,T,77,3,305,0,220,252,46,8,Z,40,3,270,0,19,51,88,4,0,-37,0,-35,0,-201,-201,42,-4
6919,4.41,T,26,0,155,0,0,14,29,0,T,30,3,208,0,240,28,41,2,0,4,3,53,0,240,14,12,2
6920,8.24,Z,41,0,577,0,47,291,160,3,Z,65,2,333,0,225,214,338,5,1,24,2,-244,0,178,-77,178,2
6921,9.59,P,42,4,423,0,34,122,93,0,T,44,6,1267,0,21,77,60,0,1,2,2,844,0,-13,-45,-33,0
6922,8.47,P,39,0,387,0,0,86,65,0,P,55,2,504,0,33,269,110,3,0,16,2,117,0,33,183,45,3
6923,7.05,T,27,0,327,0,1,112,81,2,P,21,0,456,0,1,62,36,2,0,-6,0,129,0,0,-50,-45,0
6924,9.55,T,61,0,577,0,19,162,99,9,Z,42,0,688,0,0,92,158,0,0,-19,0,111,0,-19,-70,59,-9
6925,10.2,Z,64,0,899,0,108,212,222,10,P,32,4,110,0,8,111,51,0,0,-32,4,-789,0,-100,-101,-171,-10
6926,6.55,P,80,3,333,0,242,227,133,6,Z,65,1,201,0,297,309,236,10,0,-15,-2,-132,0,55,82,103,4
6927,5.33,Z,16,0,306,0,26,17,80,2,Z,26,0,223,0,4,16,90,0,0,10,0,-83,0,-22,-1,10,-2
6928,6.31,Z,37,3,310,2,41,137,176,11,Z,34,0,166,0,13,123,267,5,0,-3,-3,-144,-2,-28,-14,91,-6
6929,7.48,T,63,7,460,0,343,208,104,0,P,67,0,420,0,111,326,63,9,0,4,-7,-40,0,-232,118,-41,9
6930,9.59,T,50,3,968,0,8,74,99,3,P,58,4,511,0,13,273,293,1,1,8,1,-457,0,5,199,194,-2
6931,9.58,T,51,0,517,0,0,8,68,0,Z,38,0,234,0,0,113,124,0,0,-13,0,-283,0,0,105,56,0
6932,9.59,Z,60,3,435,0,226,190,287,8,T,54,0,879,0,0,187,103,0,0,-6,-3,444,0,-226,-3,-184,-8
6933,9.39,Z,78,3,876,0,204,181,318,7,T,79,0,413,0,413,155,151,13,0,1,-3,-463,0,209,-26,-167,6
6934,5.58,P,18,0,172,0,0,102,40,0,Z,37,1,129,0,4,63,94,1,0,19,1,-43,0,4,-39,54,1
6935,10.42,T,96,1,560,0,793,391,124,13,Z,52,7,457,0,11,177,212,0,0,-44,6,-103,0,-782,-214,88,-13
6936,4.43,Z,26,1,185,0,94,64,135,0,T,44,0,188,0,31,73,102,7,0,18,-1,3,0,-63,9,-33,7
6937,9.59,Z,44,0,337,0,26,108,159,4,P,34,0,604,0,29,135,58,4,0,-10,0,267,0,3,27,-101,0
6938,9.59,Z,79,4,624,0,82,473,214,10,T,110,9,626,0,44,410,159,4,0,31,5,2,0,-38,-63,-55,-6
6939,7.18,T,84,0,385,0,374,232,122,16,T,73,0,408,0,263,198,142,14,1,-11,0,23,0,-111,-34,20,-2
6940,5.18,Z,31,1,294,0,4,42,78,0,P,18,0,264,0,0,217,22,0,0,-13,-1,-30,0,-4,175,-56,0
6941,9.58,T,74,0,647,0,37,79,97,10,Z,63,5,534,0,0,135,111,0,0,-11,5,-113,0,-37,56,14,-10
6942,9.46,T,77,0,468,0,28,90,132,5,P,58,4,505,0,81,357,59,6,1,-19,4,37,0,53,267,-73,1
6943,7,T,36,0,118,0,5,105,86,2,T,48,0,340,0,0,128,270,0,0,12,0,222,0,-5,23,184,-2
6944,6.4,Z,42,7,201,0,57,204,160,5,Z,54,5,361,0,80,191,236,7,1,12,-2,160,0,23,-13,76,2
6945,8.38,Z,61,8,245,0,47,433,213,3,T,66,0,522,0,452,185,89,19,1,5,-8,277,0,405,-248,-124,16
6946,6.43,T,44,6,335,0,20,32,54,1,Z,30,5,250,0,63,75,107,0,0,-14,-1,-85,0,43,43,53,-1
6947,9.05,P,37,7,839,0,11,84,79,0,T,33,0,265,0,0,32,61,0,0,-4,-7,-574,0,-11,-52,-18,0
6948,6.53,Z,43,4,489,0,66,132,215,2,P,30,5,506,0,67,210,49,1,0,-13,1,17,0,1,78,-166,-1
6949,5.29,T,35,1,289,0,0,104,88,0,T,31,0,111,0,17,83,111,10,0,-4,-1,-178,0,17,-21,23,10
6950,9.59,Z,47,0,379,0,27,94,193,4,T,35,0,419,0,0,115,73,5,0,-12,0,40,0,-27,21,-120,1
6951,0.49,T,2,0,9,0,0,15,5,0,Z,4,0,17,0,30,20,41,1,1,2,0,8,0,30,5,36,1
6952,9.02,T,76,6,758,0,16,139,109,0,T,55,3,423,0,44,75,93,1,1,-21,-3,-335,0,28,-64,-16,1
6953,2.59,Z,10,2,100,0,13,31,38,0,T,13,0,77,0,30,25,14,10,0,3,-2,-23,0,17,-6,-24,10
6954,9.59,P,63,0,581,0,44,191,83,11,T,65,0,556,0,53,165,133,21,1,2,0,-25,0,9,-26,50,10
6955,9.31,T,47,0,486,0,29,250,67,11,T,64,8,331,6,520,213,168,0,0,17,8,-155,6,491,-37,101,-11
6956,9.59,P,29,0,667,0,0,28,55,0,T,43,0,593,0,0,57,72,0,1,14,0,-74,0,0,29,17,0
6957,7.01,P,29,5,373,0,2,170,80,1,P,30,5,390,0,13,89,38,1,1,1,0,17,0,11,-81,-42,0
6958,10.17,Z,56,0,951,0,126,174,251,11,T,100,0,463,0,73,430,161,9,0,44,0,-488,0,-53,256,-90,-2
6959,9.59,T,64,1,533,0,13,51,68,2,Z,43,0,276,0,45,61,129,5,0,-21,-1,-257,0,32,10,61,3
6960,9.59,Z,96,0,633,8,145,393,389,2,T,133,6,377,0,885,297,155,16,1,37,6,-256,-8,740,-96,-234,14
6961,8.23,T,92,13,511,0,944,234,173,5,Z,73,5,340,0,346,157,362,8,1,-19,-8,-171,0,-598,-77,189,3
6962,0.43,T,2,0,41,0,1,11,6,2,P,3,0,7,0,0,27,4,2,0,1,0,-34,0,-1,16,-2,0
6963,8.23,Z,24,2,254,0,8,82,93,0,P,24,0,149,0,0,115,33,0,0,0,-2,-105,0,-8,33,-60,0
6964,3.04,Z,8,0,114,0,1,63,137,1,Z,22,0,52,0,196,32,86,7,1,14,0,-62,0,195,-31,-51,6
6965,7.43,P,35,0,378,0,0,104,51,0,Z,51,0,453,0,20,39,120,1,1,16,0,75,0,20,-65,69,1
6966,9.36,P,43,0,313,0,112,147,284,2,Z,48,3,401,0,40,151,185,3,1,5,3,88,0,-72,4,-99,1
6967,9.03,Z,53,6,733,0,563,280,227,8,T,94,3,492,0,232,288,138,2,1,41,-3,-241,0,-331,8,-89,-6
6968,4.02,P,24,0,143,0,392,159,67,13,T,24,1,243,0,151,81,37,12,1,0,1,100,0,-241,-78,-30,-1
6969,5.43,T,29,2,203,0,239,120,68,1,Z,19,1,166,0,117,26,177,0,0,-10,-1,-37,0,-122,-94,109,-1
6970,10.38,T,91,0,633,0,347,268,130,10,T,100,9,326,0,312,210,125,3,1,9,9,-307,0,-35,-58,-5,-7
6971,9.58,Z,41,0,816,0,0,39,140,0,Z,66,0,776,0,14,89,200,1,1,25,0,-40,0,14,50,60,1
6972,9.59,Z,41,10,463,0,45,117,178,1,T,65,3,517,2,37,97,77,7,0,24,-7,54,2,-8,-20,-101,6
6973,8.18,Z,77,7,285,0,261,192,197,5,P,72,0,550,0,40,178,73,8,0,-5,-7,265,0,-221,-14,-124,3
6974,9.59,P,79,4,492,0,817,299,152,8,Z,101,0,837,0,124,182,304,9,0,22,-4,345,0,-693,-117,152,1
6975,9.58,P,63,0,376,0,4,252,133,3,T,77,0,521,0,356,214,113,10,0,14,0,145,0,352,-38,-20,7
6976,9.57,T,47,0,608,0,0,119,107,3,Z,38,1,187,0,6,44,129,6,0,-9,1,-421,0,6,-75,22,3
6977,9.59,Z,82,0,503,0,64,263,229,4,Z,59,19,603,0,70,219,239,0,0,-23,19,100,0,6,-44,10,-4
6978,8.42,T,78,4,540,0,210,269,186,11,T,93,0,494,0,54,337,86,14,1,15,-4,-46,0,-156,68,-100,3
6979,6.08,P,32,2,206,0,782,169,165,9,T,30,5,282,0,3,48,43,0,0,-2,3,76,0,-779,-121,-122,-9
6980,9.59,Z,54,0,236,0,68,135,181,4,Z,65,0,303,0,47,81,250,5,0,11,0,67,0,-21,-54,69,1
6981,3.42,Z,11,0,33,0,2,38,39,1,Z,20,0,107,0,19,122,56,0,1,9,0,74,0,17,84,17,-1
6982,4.41,Z,27,0,89,0,28,111,87,5,Z,36,2,132,0,35,73,69,0,1,9,2,43,0,7,-38,-18,-5
6983,9.59,T,120,8,711,0,400,154,172,4,Z,67,6,689,0,95,221,221,6,0,-53,-2,-22,0,-305,67,49,2
6984,9.59,T,42,0,522,0,11,60,73,4,Z,41,0,349,0,23,140,159,2,1,-1,0,-173,0,12,80,86,-2
6985,9.09,Z,45,3,419,0,17,204,167,0,T,74,0,773,0,28,205,146,3,1,29,-3,354,0,11,1,-21,3
6986,10.27,Z,50,1,368,0,5,61,141,0,T,129,0,310,0,423,334,306,18,1,79,-1,-58,0,418,273,165,18
6987,9.59,P,33,0,488,0,0,87,46,0,Z,42,0,672,0,32,153,126,7,1,9,0,184,0,32,66,80,7
6988,6.3,P,32,0,88,0,27,42,49,5,Z,17,0,664,0,1,35,77,2,1,-15,0,576,0,-26,-7,28,-3
6989,5.52,T,48,6,204,0,458,247,137,5,Z,47,0,186,0,557,140,141,6,1,-1,-6,-18,0,99,-107,4,1
6990,6.59,T,51,0,350,0,26,86,239,3,T,56,0,577,0,107,142,169,13,1,5,0,227,0,81,56,-70,10
6991,9.59,T,147,0,677,0,599,255,153,16,Z,82,0,393,0,197,97,294,8,1,-65,0,-284,0,-402,-158,141,-8
6992,9.56,T,128,5,433,0,475,361,242,7,P,74,1,377,0,257,373,110,17,0,-54,-4,-56,0,-218,12,-132,10
6993,9.37,T,79,0,678,0,222,231,149,9,T,124,1,425,0,524,349,308,10,0,45,1,-253,0,302,118,159,1
6994,10.45,T,140,0,589,0,563,308,235,19,P,94,11,566,0,353,293,166,15,1,-46,11,-23,0,-210,-15,-69,-4
6995,5.09,T,31,2,439,0,12,102,65,1,Z,26,2,177,0,107,28,237,5,0,-5,0,-262,0,95,-74,172,4
6996,7.2,T,59,3,433,0,605,251,104,12,Z,59,0,248,0,101,107,206,2,0,0,-3,-185,0,-504,-144,102,-10
6997,8.17,T,53,0,581,0,48,153,95,5,Z,55,0,383,0,81,185,417,11,1,2,0,-198,0,33,32,322,6
6998,10.07,Z,47,0,553,0,0,111,160,0,P,44,0,656,0,10,275,53,2,1,-3,0,103,0,10,164,-107,2
6999,3.58,T,26,0,212,0,225,51,62,6,Z,13,0,217,0,22,56,40,3,0,-13,0,5,0,-203,5,-22,-3
7000,8,T,40,2,497,0,1,60,76,0,T,15,0,471,0,0,8,29,0,0,-25,-2,-26,0,-1,-52,-47,0
7001,9.59,P,61,0,586,0,58,137,63,8,P,66,8,418,0,80,123,83,11,1,5,8,-168,0,22,-14,20,3
7002,6.24,T,53,0,147,0,444,211,153,12,P,57,0,415,0,104,244,60,7,1,4,0,268,0,-340,33,-93,-5
7003,2.21,Z,9,0,34,0,7,34,185,3,T,12,0,63,0,115,62,79,2,0,3,0,29,0,108,28,-106,-1
7004,9.59,T,116,11,424,0,279,386,173,2,Z,61,5,727,0,71,236,192,12,0,-55,-6,303,0,-208,-150,19,10
7005,7.19,Z,64,6,301,0,367,352,240,8,Z,84,15,277,0,325,283,247,12,1,20,9,-24,0,-42,-69,7,4
7006,8.23,T,27,0,373,0,0,228,85,0,P,45,0,462,0,12,262,113,3,0,18,0,89,0,12,34,28,3
7007,3.12,P,15,0,151,0,102,78,52,5,T,11,0,77,0,214,48,50,9,1,-4,0,-74,0,112,-30,-2,4
7008,4.26,T,25,0,269,0,18,32,39,2,P,23,0,159,0,8,50,24,4,0,-2,0,-110,0,-10,18,-15,2
7009,8.51,T,34,0,590,0,20,49,74,3,T,48,2,331,0,1,68,68,0,1,14,2,-259,0,-19,19,-6,-3
7010,10.2,T,47,1,744,0,3,192,88,0,P,42,0,777,0,0,239,73,3,1,-5,-1,33,0,-3,47,-15,3
7011,3.48,T,20,1,137,0,197,108,42,8,P,20,1,86,0,249,107,26,4,1,0,0,-51,0,52,-1,-16,-4
7012,4.18,P,24,0,357,0,14,11,18,6,P,14,0,151,0,12,27,12,2,0,-10,0,-206,0,-2,16,-6,-4
7013,9.59,Z,40,0,698,0,0,71,159,0,P,40,7,659,0,16,255,102,2,1,0,7,-39,0,16,184,-57,2
7014,10.15,Z,84,3,567,0,17,125,218,0,P,69,3,904,0,70,313,80,3,1,-15,0,337,0,53,188,-138,3
7015,10.02,Z,77,6,545,0,212,183,456,1,P,63,4,463,0,22,225,113,0,0,-14,-2,-82,0,-190,42,-343,-1
7016,7.14,P,58,3,238,3,454,161,166,11,P,70,1,317,0,270,203,114,9,1,12,-2,79,-3,-184,42,-52,-2
7017,7.58,Z,47,2,403,0,230,83,161,3,T,76,5,546,0,255,260,103,0,1,29,3,143,0,25,177,-58,-3
7018,10.47,T,151,4,648,0,371,544,279,4,T,193,0,805,0,573,549,188,16,0,42,-4,157,0,202,5,-91,12
7019,8.35,P,43,0,502,0,92,199,91,13,Z,55,0,537,0,45,158,199,3,0,12,0,35,0,-47,-41,108,-10
7020,9.58,T,46,0,396,0,0,41,74,0,T,60,0,655,0,43,210,98,5,1,14,0,259,0,43,169,24,5
7021,9.59,Z,45,0,425,0,275,117,124,9,T,43,0,327,0,5,91,90,3,0,-2,0,-98,0,-270,-26,-34,-6
7022,9.59,Z,46,0,409,0,48,121,163,8,T,108,21,387,0,157,242,125,8,1,62,21,-22,0,109,121,-38,0
7023,10.24,T,100,5,628,0,262,291,170,6,P,80,0,754,0,32,194,139,17,1,-20,-5,126,0,-230,-97,-31,11
7024,8.03,T,45,0,351,0,0,99,69,2,T,50,0,376,0,63,75,53,4,1,5,0,25,0,63,-24,-16,2
7025,7.58,Z,47,6,410,0,130,206,279,0,Z,49,4,292,0,415,166,218,0,0,2,-2,-118,0,285,-40,-61,0
7026,8.59,T,84,7,422,0,127,205,147,4,Z,65,3,409,0,501,241,266,12,0,-19,-4,-13,0,374,36,119,8
7027,9.59,T,52,0,580,0,90,235,135,4,T,50,0,808,0,10,229,102,2,1,-2,0,228,0,-80,-6,-33,-2
7028,6.57,T,49,0,219,0,364,246,140,11,P,43,0,439,0,47,259,55,5,0,-6,0,220,0,-317,13,-85,-6
7029,9.59,Z,92,14,811,0,89,172,227,1,T,141,3,394,0,388,340,231,3,1,49,-11,-417,0,299,168,4,2
7030,7.14,P,35,0,309,0,6,122,59,2,T,35,0,459,0,3,44,48,2,0,0,0,150,0,-3,-78,-11,0
7031,9.58,P,81,8,828,0,65,213,192,0,Z,64,4,417,0,131,190,347,4,0,-17,-4,-411,0,66,-23,155,4
7032,10,P,48,10,337,1,28,128,62,0,P,48,0,435,0,0,132,115,6,0,0,-10,98,-1,-28,4,53,6
7033,9.04,Z,31,5,179,0,51,67,150,0,P,30,0,425,0,0,47,31,0,0,-1,-5,246,0,-51,-20,-119,0
7034,5.47,Z,39,0,141,0,33,114,99,2,Z,24,6,136,0,27,141,86,6,1,-15,6,-5,0,-6,27,-13,4
7035,5.01,Z,28,1,236,0,198,60,228,3,P,18,0,227,5,8,25,33,0,0,-10,-1,-9,5,-190,-35,-195,-3
7036,9.59,T,52,0,699,0,9,127,139,2,T,61,0,625,0,9,151,111,2,1,9,0,-74,0,0,24,-28,0
7037,8.23,Z,53,5,275,0,55,343,175,2,P,36,0,548,0,270,341,63,8,1,-17,-5,273,0,215,-2,-112,6
7038,9.59,P,20,0,283,0,0,136,66,1,P,50,0,618,0,60,220,65,13,0,30,0,335,0,60,84,-1,12
7039,8.41,T,66,0,543,0,75,303,86,6,Z,65,0,354,0,101,182,190,4,1,-1,0,-189,0,26,-121,104,-2
7040,10.18,P,43,0,1124,0,0,151,95,0,Z,62,2,909,0,1001,154,209,2,0,19,2,-215,0,1001,3,114,2
7041,9.43,T,80,1,606,0,20,259,97,2,T,67,0,838,0,51,162,150,6,0,-13,-1,232,0,31,-97,53,4
7042,9.59,T,120,3,697,0,438,223,213,8,T,110,6,557,0,958,342,201,14,0,-10,3,-140,0,520,119,-12,6
7043,7.1,T,63,0,290,0,364,291,118,12,T,57,0,397,0,127,135,116,5,1,-6,0,107,0,-237,-156,-2,-7
7044,9.32,T,88,0,621,0,345,193,124,15,Z,69,8,483,1,78,152,264,3,0,-19,8,-138,1,-267,-41,140,-12
7045,6.43,P,39,0,416,0,124,140,39,9,Z,43,5,408,0,242,146,157,7,0,4,5,-8,0,118,6,118,-2
7046,5.44,T,37,0,246,0,297,164,155,12,T,36,0,511,0,310,111,86,3,1,-1,0,265,0,13,-53,-69,-9
7047,7.12,P,71,0,393,0,125,325,72,11,T,56,3,332,0,496,154,155,5,0,-15,3,-61,0,371,-171,83,-6
7048,9.25,P,34,0,336,0,0,97,67,0,T,80,0,372,0,272,274,167,9,0,46,0,36,0,272,177,100,9
7049,9.13,Z,69,0,498,0,93,191,244,5,T,113,5,537,0,211,213,184,7,1,44,5,39,0,118,22,-60,2
7050,9.51,Z,80,2,541,1,216,150,221,9,P,112,0,518,0,585,494,95,11,1,32,-2,-23,-1,369,344,-126,2
7051,9.29,P,86,1,629,0,110,291,135,1,Z,60,2,541,0,98,233,212,13,0,-26,1,-88,0,-12,-58,77,12
7052,9.57,Z,45,2,383,0,2,28,121,0,Z,51,3,308,0,42,253,127,1,1,6,1,-75,0,40,225,6,1
7053,8.09,Z,46,0,510,0,11,178,213,6,P,38,1,302,0,21,113,115,4,0,-8,1,-208,0,10,-65,-98,-2
7054,9.22,T,66,0,259,0,21,100,113,7,T,62,3,522,0,2,110,103,0,0,-4,3,263,0,-19,10,-10,-7
7055,9.59,Z,82,18,379,7,436,421,319,11,Z,126,14,482,3,442,462,443,15,0,44,-4,103,-4,6,41,124,4
7056,9.59,T,81,0,443,0,11,344,124,6,T,83,2,390,0,588,275,216,12,1,2,2,-53,0,577,-69,92,6
7057,8.33,P,59,0,688,0,29,195,82,5,T,69,4,636,0,272,260,199,3,1,10,4,-52,0,243,65,117,-2
7058,9.59,T,80,0,392,0,66,127,140,7,P,50,0,631,0,15,183,69,3,1,-30,0,239,0,-51,56,-71,-4
7059,7.11,T,74,1,378,0,225,191,168,9,P,57,11,241,0,58,99,65,13,0,-17,10,-137,0,-167,-92,-103,4
7060,9.59,T,101,0,618,0,571,396,161,24,P,79,0,503,0,16,215,249,8,0,-22,0,-115,0,-555,-181,88,-16
7061,7.52,P,60,0,341,0,514,330,75,5,Z,39,0,475,0,7,49,111,2,0,-21,0,134,0,-507,-281,36,-3
7062,9.59,T,89,0,661,0,300,225,89,7,Z,69,2,410,0,4,205,208,0,0,-20,2,-251,0,-296,-20,119,-7
7063,5.45,T,38,1,357,0,404,135,97,5,Z,29,0,168,0,88,91,237,7,1,-9,-1,-189,0,-316,-44,140,2
7064,9.49,Z,38,0,325,0,5,169,111,1,P,31,2,446,0,6,204,56,1,1,-7,2,121,0,1,35,-55,0
7065,8.16,T,74,8,590,0,552,298,94,2,P,58,0,255,0,411,221,83,18,0,-16,-8,-335,0,-141,-77,-11,16
7066,2.16,P,9,0,2,0,124,30,136,1,T,7,0,43,0,193,11,50,1,0,-2,0,41,0,69,-19,-86,0
7067,9.59,T,66,2,591,0,1,74,108,0,Z,47,6,673,0,48,134,122,3,1,-19,4,82,0,47,60,14,3
7068,4.13,T,43,0,181,0,690,131,117,13,Z,34,0,235,5,253,115,186,8,0,-9,0,54,5,-437,-16,69,-5
7069,9.56,P,47,0,462,0,0,38,86,0,T,72,0,837,0,0,37,117,0,1,25,0,375,0,0,-1,31,0
7070,9.58,P,36,0,532,0,0,100,74,0,T,80,0,570,0,6,174,254,3,1,44,0,38,0,6,74,180,3
7071,8.49,T,34,0,784,0,0,20,46,0,P,46,3,329,0,58,275,79,6,1,12,3,-455,0,58,255,33,6
7072,5.25,T,58,0,419,0,522,164,117,15,T,60,0,512,0,28,167,51,2,1,2,0,93,0,-494,3,-66,-13
7073,6.29,T,33,0,453,8,267,66,110,0,P,48,1,379,0,33,107,50,13,0,15,1,-74,-8,-234,41,-60,13
7074,9.59,T,45,3,737,0,36,109,86,2,T,70,13,400,0,51,246,231,4,0,25,10,-337,0,15,137,145,2
7075,9.08,Z,69,3,799,0,75,137,236,3,P,55,0,674,0,25,70,41,4,0,-14,-3,-125,0,-50,-67,-195,1
7076,9.58,T,119,8,395,42,213,242,301,4,P,111,0,691,0,443,363,153,9,0,-8,-8,296,-42,230,121,-148,5
7077,9.03,P,45,10,336,0,33,131,55,0,T,55,0,422,0,397,58,68,7,1,10,-10,86,0,364,-73,13,7
7078,9.59,Z,68,4,581,0,154,229,248,2,T,67,0,308,0,14,140,160,5,0,-1,-4,-273,0,-140,-89,-88,3
7079,5.56,P,9,3,839,0,4,110,36,0,T,18,0,102,0,0,17,39,0,1,9,-3,-737,0,-4,-93,3,0
7080,4.18,P,18,1,157,0,26,127,48,3,Z,21,3,387,0,19,56,67,0,1,3,2,230,0,-7,-71,19,-3
7081,6,Z,29,0,238,0,9,71,109,2,T,52,0,304,0,64,120,99,4,1,23,0,66,0,55,49,-10,2
7082,5.09,Z,26,0,200,0,53,42,136,2,T,43,0,385,0,353,80,59,5,0,17,0,185,0,300,38,-77,3
7083,3.08,Z,13,3,107,0,55,87,82,1,Z,10,0,314,0,7,47,34,1,0,-3,-3,207,0,-48,-40,-48,0
7084,6.44,P,23,0,150,0,2,61,62,5,T,40,3,565,0,8,63,82,0,1,17,3,415,0,6,2,20,-5
7085,9.58,P,38,0,586,0,0,48,54,0,T,41,0,378,0,0,29,61,1,0,3,0,-208,0,0,-19,7,1
7086,9.2,P,61,0,550,0,594,291,145,16,P,99,5,429,0,727,444,242,10,1,38,5,-121,0,133,153,97,-6
7087,9.59,Z,50,6,255,1,163,161,206,5,T,35,0,442,0,0,39,83,0,0,-15,-6,187,-1,-163,-122,-123,-5
7088,6.31,P,22,0,553,0,4,235,39,3,T,37,1,212,0,269,199,160,3,1,15,1,-341,0,265,-36,121,0
7089,9.59,Z,50,10,516,0,155,76,137,3,T,48,0,388,0,14,82,108,3,1,-2,-10,-128,0,-141,6,-29,0
7090,10.32,Z,85,11,479,0,99,275,298,2,P,89,7,458,0,132,478,128,1,1,4,-4,-21,0,33,203,-170,-1
7091,1.55,T,4,0,136,0,1,18,14,1,P,5,0,84,0,0,20,4,0,0,1,0,-52,0,-1,2,-10,-1
7092,8.22,P,63,0,602,0,54,223,79,5,Z,43,1,302,0,25,208,102,1,0,-20,1,-300,0,-29,-15,23,-4
7093,2.4,T,12,0,113,0,31,27,12,2,T,8,2,71,0,7,28,15,0,1,-4,2,-42,0,-24,1,3,-2
7094,9.59,T,107,9,595,0,493,359,202,2,T,80,5,498,0,432,199,167,1,0,-27,-4,-97,0,-61,-160,-35,-1
7095,6.42,Z,43,0,293,6,29,111,132,4,P,45,0,344,29,120,180,84,0,1,2,0,51,23,91,69,-48,-4
7096,2.5,T,13,0,176,0,268,65,78,7,Z,10,0,25,0,48,29,35,6,1,-3,0,-151,0,-220,-36,-43,-1
7097,9.59,P,38,0,444,0,25,12,34,9,T,62,9,182,0,35,63,113,1,1,24,9,-262,0,10,51,79,-8
7098,1.21,T,3,1,47,0,105,43,12,3,Z,3,0,24,0,14,19,22,2,0,0,-1,-23,0,-91,-24,10,-1
7099,4.04,P,21,0,160,0,79,65,72,2,T,17,0,145,0,2,103,34,0,0,-4,0,-15,0,-77,38,-38,-2
7100,5.41,T,35,0,312,0,179,67,43,8,T,30,0,212,0,27,111,43,4,0,-5,0,-100,0,-152,44,0,-4
7101,9.59,Z,58,8,261,0,56,132,177,4,P,97,3,384,8,98,311,161,0,0,39,-5,123,8,42,179,-16,-4
7102,9.59,T,87,0,370,0,39,280,438,6,T,78,5,618,0,383,300,162,9,1,-9,5,248,0,344,20,-276,3
7103,10.4,T,114,0,570,0,1239,290,349,16,Z,98,0,822,0,214,195,338,17,1,-16,0,252,0,-1025,-95,-11,1
7104,9.57,Z,39,0,600,0,16,59,135,3,P,41,0,519,0,11,193,71,6,0,2,0,-81,0,-5,134,-64,3
7105,9.59,T,54,0,719,0,15,59,80,5,Z,55,2,286,0,190,111,326,1,1,1,2,-433,0,175,52,246,-4
7106,9.59,Z,80,0,622,0,24,149,445,11,P,73,0,567,0,412,292,149,5,1,-7,0,-55,0,388,143,-296,-6
7107,10.49,T,82,7,607,0,54,124,121,0,Z,75,4,490,0,307,123,207,6,0,-7,-3,-117,0,253,-1,86,6
7108,9.59,Z,59,11,369,0,122,300,240,5,Z,46,0,473,0,25,201,245,4,1,-13,-11,104,0,-97,-99,5,-1
7109,8.06,T,60,0,326,0,9,47,102,4,T,101,1,425,0,387,224,161,7,1,41,1,99,0,378,177,59,3
7110,9.59,Z,69,1,790,0,1,150,211,0,Z,57,0,430,0,34,107,135,5,1,-12,-1,-360,0,33,-43,-76,5
7111,4.58,T,42,2,244,0,25,58,148,1,P,23,11,243,0,11,104,34,0,0,-19,9,-1,0,-14,46,-114,-1
7112,9.59,P,60,10,702,0,34,166,71,4,T,75,5,503,3,74,93,96,1,0,15,-5,-199,3,40,-73,25,-3
7113,6.28,Z,38,2,350,0,35,163,125,0,Z,30,0,280,9,88,145,209,1,0,-8,-2,-70,9,53,-18,84,1
7114,9.58,Z,69,1,460,0,21,120,213,1,P,75,0,516,0,66,283,149,19,0,6,-1,56,0,45,163,-64,18
7115,9.29,P,61,0,481,0,215,101,414,5,P,61,0,483,0,24,240,286,5,0,0,0,2,0,-191,139,-128,0
7116,9.59,T,58,0,779,0,2,246,139,2,P,41,0,535,0,23,322,78,14,1,-17,0,-244,0,21,76,-61,12
7117,9.59,T,64,4,427,0,26,130,122,0,P,56,0,284,0,0,56,88,1,0,-8,-4,-143,0,-26,-74,-34,1
7118,3.53,Z,20,1,137,1,341,71,81,5,T,24,2,236,0,277,68,54,3,0,4,1,99,-1,-64,-3,-27,-2
7119,8.2,Z,49,1,353,0,241,254,401,6,Z,51,5,455,0,42,207,170,4,1,2,4,102,0,-199,-47,-231,-2
7120,9.59,Z,59,3,428,0,390,133,319,7,T,60,0,833,0,137,218,113,12,0,1,-3,405,0,-253,85,-206,5
7121,4.17,P,12,0,101,0,0,16,12,0,T,15,0,281,0,0,25,33,0,1,3,0,180,0,0,9,21,0
7122,8.43,Z,55,0,453,0,328,208,384,6,Z,41,0,471,0,3,73,147,0,0,-14,0,18,0,-325,-135,-237,-6
7123,9.59,T,125,0,604,0,122,234,109,8,P,100,1,562,0,11,255,152,2,0,-25,1,-42,0,-111,21,43,-6
7124,8.02,T,56,2,625,0,40,123,104,3,Z,43,0,513,0,424,190,120,2,0,-13,-2,-112,0,384,67,16,-1
7125,8.18,P,50,0,777,0,6,201,82,4,P,54,5,472,12,78,262,68,0,0,4,5,-305,12,72,61,-14,-4
7126,5.43,P,21,0,284,0,9,174,22,1,P,18,0,212,0,0,42,25,0,0,-3,0,-72,0,-9,-132,3,-1
7127,5.23,Z,31,5,195,0,170,102,158,4,P,38,1,292,0,82,293,68,3,1,7,-4,97,0,-88,191,-90,-1
7128,8.08,Z,33,0,801,0,13,91,131,1,T,42,1,176,0,35,35,76,2,0,9,1,-625,0,22,-56,-55,1
7129,9.59,P,57,3,425,0,364,283,86,13,T,93,0,621,0,135,212,124,14,0,36,-3,196,0,-229,-71,38,1
7130,2.25,Z,13,2,182,0,6,82,55,0,T,12,0,284,0,211,26,21,7,0,-1,-2,102,0,205,-56,-34,7
7131,9.59,P,66,0,810,0,15,417,99,5,Z,91,12,727,0,316,302,444,0,0,25,12,-83,0,301,-115,345,-5
7132,9.55,T,40,0,270,0,0,48,105,0,T,54,0,673,0,0,24,79,0,0,14,0,403,0,0,-24,-26,0
7133,9.56,T,77,0,848,0,18,106,116,5,P,53,0,444,10,122,219,101,2,1,-24,0,-404,10,104,113,-15,-3
7134,8.11,T,49,1,518,0,17,90,82,4,P,25,1,440,0,3,182,53,0,0,-24,0,-78,0,-14,92,-29,-4
7135,6.13,P,40,0,179,0,1,253,58,0,T,59,0,236,0,297,182,146,7,1,19,0,57,0,296,-71,88,7
7136,2.44,Z,5,1,28,0,12,9,49,0,T,10,0,55,0,1,19,12,1,1,5,-1,27,0,-11,10,-37,1
7137,9.59,P,48,0,329,0,47,228,182,10,Z,71,0,932,0,225,137,366,10,1,23,0,603,0,178,-91,184,0
7138,9.58,T,59,6,608,5,118,133,86,1,P,50,4,586,0,9,78,76,0,1,-9,-2,-22,-5,-109,-55,-10,-1
7139,9.59,T,63,0,921,0,36,152,95,5,Z,99,0,235,0,65,133,249,2,1,36,0,-686,0,29,-19,154,-3
7140,9.59,Z,80,5,450,0,534,268,364,8,T,143,0,710,0,312,265,196,9,1,63,-5,260,0,-222,-3,-168,1
7141,1.48,P,5,0,6,0,0,8,5,0,P,6,0,99,0,27,12,39,3,1,1,0,93,0,27,4,34,3
7142,9.59,P,62,3,555,0,243,203,78,6,Z,50,2,755,0,27,76,157,0,0,-12,-1,200,0,-216,-127,79,-6
7143,4.54,P,26,0,239,0,63,95,34,5,Z,22,4,345,0,35,115,163,0,0,-4,4,106,0,-28,20,129,-5
7144,6.14,Z,35,0,249,0,28,38,205,3,P,33,3,351,0,148,82,28,1,0,-2,3,102,0,120,44,-177,-2
7145,9.59,Z,66,5,585,0,126,131,179,1,P,56,6,686,0,57,269,69,8,1,-10,1,101,0,-69,138,-110,7
7146,8.16,P,60,0,558,0,76,328,129,6,T,92,8,1039,0,389,199,223,5,0,32,8,481,0,313,-129,94,-1
7147,4.58,P,14,0,236,3,14,123,30,0,P,18,0,202,0,1,107,45,2,0,4,0,-34,-3,-13,-16,15,2
7148,3.28,P,15,4,218,0,6,202,32,3,Z,19,0,152,0,42,44,62,2,1,4,-4,-66,0,36,-158,30,-1
7149,7.09,P,53,0,274,0,75,110,49,7,Z,53,0,292,0,347,184,185,7,1,0,0,18,0,272,74,136,0
7150,6.01,T,38,7,636,0,10,44,44,0,P,22,0,270,0,20,32,39,5,1,-16,-7,-366,0,10,-12,-5,5
7151,5.16,Z,38,3,176,0,699,187,160,9,Z,31,7,344,0,218,134,98,11,0,-7,4,168,0,-481,-53,-62,2
7152,9.59,Z,61,3,413,0,116,208,194,2,T,133,3,571,0,156,588,148,10,0,72,0,158,0,40,380,-46,8
7153,6.38,Z,36,0,371,0,113,142,190,4,Z,37,3,458,0,45,120,140,0,1,1,3,87,0,-68,-22,-50,-4
7154,9.59,Z,75,0,802,0,93,199,236,3,P,59,1,456,0,189,197,252,8,1,-16,1,-346,0,96,-2,16,5
7155,3.15,Z,16,3,86,0,307,64,89,3,Z,9,0,48,3,206,21,42,0,0,-7,-3,-38,3,-101,-43,-47,-3
7156,6.13,T,56,2,459,0,630,177,261,2,P,56,3,487,0,219,175,97,4,0,0,1,28,0,-411,-2,-164,2
7157,9.58,Z,51,2,651,0,16,97,165,0,P,68,3,531,0,21,167,135,3,1,17,1,-120,0,5,70,-30,3
7158,9.55,T,30,0,269,0,0,17,34,3,T,43,0,479,0,0,58,80,0,1,13,0,210,0,0,41,46,-3
7159,2.48,T,8,0,133,0,3,14,8,2,Z,12,0,87,0,8,21,24,2,1,4,0,-46,0,5,7,16,0
7160,10.26,Z,93,5,463,0,120,285,367,18,P,106,2,715,0,82,390,143,9,1,13,-3,252,0,-38,105,-224,-9
7161,9.59,Z,67,13,437,0,172,279,400,3,T,79,0,431,0,427,335,139,3,0,12,-13,-6,0,255,56,-261,0
7162,9.59,Z,70,0,467,0,181,176,335,6,P,67,9,502,0,565,142,129,4,1,-3,9,35,0,384,-34,-206,-2
7163,10.35,T,110,3,684,0,303,253,167,5,T,103,0,265,0,167,158,301,7,0,-7,-3,-419,0,-136,-95,134,2
7164,4.45,T,35,0,213,0,102,266,214,3,T,30,0,191,0,495,126,126,7,1,-5,0,-22,0,393,-140,-88,4
7165,9.59,P,66,6,256,0,67,72,44,0,T,47,1,625,0,0,197,91,0,0,-19,-5,369,0,-67,125,47,0
7166,10.2,Z,90,0,900,0,629,350,219,8,T,83,9,610,0,195,249,130,9,0,-7,9,-290,0,-434,-101,-89,1
7167,6.38,Z,62,0,301,0,158,206,300,9,Z,48,0,577,0,40,157,151,8,0,-14,0,276,0,-118,-49,-149,-1
7168,4.11,P,12,1,118,0,1,83,42,0,T,22,3,163,0,0,84,92,0,0,10,2,45,0,-1,1,50,0
7169,5.22,P,16,0,364,0,0,44,18,0,P,34,0,271,0,5,133,49,1,1,18,0,-93,0,5,89,31,1
7170,9.59,T,41,2,608,0,0,97,102,0,P,28,3,506,0,7,169,72,4,1,-13,1,-102,0,7,72,-30,4
7171,8.54,Z,85,0,436,9,789,249,287,9,P,133,4,335,0,250,302,85,10,1,48,4,-101,-9,-539,53,-202,1
7172,2.14,P,11,0,96,0,139,85,24,7,Z,11,2,46,1,184,21,130,0,1,0,2,-50,1,45,-64,106,-7
7173,9.59,T,82,0,866,0,81,283,163,10,P,54,1,483,0,9,178,108,1,1,-28,1,-383,0,-72,-105,-55,-9
7174,9.58,Z,36,1,342,0,43,55,156,0,T,80,5,579,0,28,53,96,1,1,44,4,237,0,-15,-2,-60,1
7175,9.58,T,105,16,503,3,160,197,175,2,Z,55,0,519,0,36,104,184,8,0,-50,-16,16,-3,-124,-93,9,6
7176,9.59,Z,64,11,503,0,34,164,194,1,T,57,4,621,0,15,168,107,2,0,-7,-7,118,0,-19,4,-87,1
7177,7.05,Z,40,0,423,0,16,40,111,9,Z,33,1,265,0,153,79,227,1,0,-7,1,-158,0,137,39,116,-8
7178,9.58,T,44,0,532,0,20,109,65,11,Z,71,0,196,18,422,96,472,2,1,27,0,-336,18,402,-13,407,-9
7179,10.07,P,89,0,368,0,142,375,77,8,T,111,1,372,0,106,229,102,7,0,22,1,4,0,-36,-146,25,-1
7180,8.33,T,60,8,464,0,524,224,138,11,Z,46,4,399,0,249,147,126,2,0,-14,-4,-65,0,-275,-77,-12,-9
7181,3.37,T,16,0,151,0,4,34,24,2,T,30,0,120,0,206,67,113,7,1,14,0,-31,0,202,33,89,5
7182,7.49,Z,50,0,349,0,59,115,140,12,T,91,3,540,0,31,288,99,1,1,41,3,191,0,-28,173,-41,-11
7183,9.41,Z,57,3,283,0,69,81,211,2,P,56,0,436,0,23,232,103,2,0,-1,-3,153,0,-46,151,-108,0
7184,4.02,Z,12,2,219,0,28,74,46,3,T,23,0,230,0,25,65,21,4,1,11,-2,11,0,-3,-9,-25,1
7185,9.3,T,137,0,431,9,339,304,165,0,Z,75,0,609,0,93,196,274,4,0,-62,0,178,-9,-246,-108,109,4
7186,9.22,Z,65,10,424,1,885,266,316,1,Z,94,4,561,0,648,418,344,13,1,29,-6,137,-1,-237,152,28,12
7187,8.11,P,59,0,440,0,230,243,53,10,T,46,3,532,1,119,137,151,5,0,-13,3,92,1,-111,-106,98,-5
7188,1.39,T,8,0,20,0,1,41,59,3,Z,4,0,22,0,9,22,20,2,0,-4,0,2,0,8,-19,-39,-1
7189,6.59,P,45,4,480,1,397,105,111,1,T,76,1,383,0,358,254,183,10,1,31,-3,-97,-1,-39,149,72,9
7190,1.56,T,2,0,128,0,203,8,2,2,T,9,0,163,0,39,7,10,1,0,7,0,35,0,-164,-1,8,-1
7191,5.54,P,18,0,178,0,0,36,27,1,T,35,4,374,0,117,74,47,0,1,17,4,196,0,117,38,20,-1
7192,6.07,Z,49,4,198,0,297,128,266,7,T,64,3,228,0,653,154,97,0,0,15,-1,30,0,356,26,-169,-7
7193,9.58,Z,71,5,385,0,220,198,253,10,T,71,6,661,0,31,103,89,2,1,0,1,276,0,-189,-95,-164,-8
7194,5.28,P,51,6,270,0,373,318,140,5,P,53,2,206,0,208,244,95,2,1,2,-4,-64,0,-165,-74,-45,-3
7195,9.59,P,63,0,382,0,47,109,79,13,T,80,4,696,0,70,166,154,3,0,17,4,314,0,23,57,75,-10
7196,8.01,Z,69,0,557,0,154,324,180,6,Z,65,6,336,2,175,322,259,6,1,-4,6,-221,2,21,-2,79,0
7197,8,T,67,0,336,0,878,269,125,9,T,98,1,299,0,21,296,199,6,1,31,1,-37,0,-857,27,74,-3
7198,9.57,P,70,0,681,0,47,216,128,3,T,76,0,386,0,45,273,115,13,1,6,0,-295,0,-2,57,-13,10
7199,9.13,Z,44,0,275,0,19,131,199,1,T,83,5,319,0,32,156,70,1,0,39,5,44,0,13,25,-129,0
7200,5.25,P,30,2,498,0,121,147,109,5,Z,26,5,197,0,31,76,93,2,0,-4,3,-301,0,-90,-71,-16,-3
7201,9.59,Z,61,10,613,0,49,146,199,0,T,101,0,656,0,56,199,330,6,1,40,-10,43,0,7,53,131,6
7202,3.23,Z,15,0,165,0,52,79,118,6,P,10,1,51,0,14,81,73,0,0,-5,1,-114,0,-38,2,-45,-6
7203,4.09,P,18,0,75,0,195,90,35,10,T,22,0,229,0,16,25,38,0,1,4,0,154,0,-179,-65,3,-10
7204,6,T,58,3,195,0,307,132,89,4,Z,25,2,198,0,10,75,90,0,0,-33,-1,3,0,-297,-57,1,-4
7205,4.22,P,16,2,232,0,35,73,75,1,Z,21,1,158,1,42,87,96,4,1,5,-1,-74,1,7,14,21,3
7206,4.37,Z,22,3,131,0,40,36,83,2,Z,30,3,282,0,267,129,142,1,0,8,0,151,0,227,93,59,-1
7207,2.43,P,6,0,24,0,0,20,17,2,T,7,0,50,0,8,25,26,1,1,1,0,26,0,8,5,9,-1
7208,2.56,Z,16,0,154,0,0,18,50,1,Z,10,0,23,0,11,7,35,0,1,-6,0,-131,0,11,-11,-15,-1
7209,10.57,Z,85,6,408,0,52,353,343,4,Z,53,11,540,0,188,321,305,0,1,-32,5,132,0,136,-32,-38,-4
7210,5.38,P,11,0,257,0,12,131,45,2,P,18,0,257,0,0,201,8,0,1,7,0,0,0,-12,70,-37,-2
7211,9.57,Z,126,2,529,17,256,307,365,2,T,118,8,407,0,670,254,218,12,1,-8,6,-122,-17,414,-53,-147,10
7212,9.58,T,68,0,742,0,17,164,115,0,Z,56,0,372,0,21,68,167,6,1,-12,0,-370,0,4,-96,52,6
7213,5.21,Z,26,0,268,3,194,40,198,0,P,25,0,94,0,17,52,33,2,1,-1,0,-174,-3,-177,12,-165,2
7214,8.24,T,75,6,862,0,173,238,90,3,T,68,3,371,0,567,67,252,17,0,-7,-3,-491,0,394,-171,162,14
7215,7.32,Z,36,2,522,0,483,238,254,7,Z,36,1,208,0,18,184,228,1,1,0,-1,-314,0,-465,-54,-26,-6
7216,9.29,T,73,7,452,3,49,96,100,1,Z,76,7,313,0,38,166,218,4,1,3,0,-139,-3,-11,70,118,3
7217,7.01,T,81,2,475,0,258,187,137,4,Z,59,1,331,0,336,213,245,3,1,-22,-1,-144,0,78,26,108,-1
7218,9.59,Z,65,3,491,0,153,372,256,15,T,113,4,886,0,82,243,126,1,0,48,1,395,0,-71,-129,-130,-14
7219,5.03,T,42,1,297,0,44,180,65,6,P,23,0,231,0,25,77,32,0,0,-19,-1,-66,0,-19,-103,-33,-6
7220,10.58,T,90,3,471,0,602,434,108,3,T,135,6,487,0,124,291,142,8,1,45,3,16,0,-478,-143,34,5
7221,4.09,P,20,0,228,0,28,168,96,5,P,18,1,280,0,28,65,35,1,1,-2,1,52,0,0,-103,-61,-4
7222,4.35,P,16,0,180,0,8,80,31,3,Z,15,0,169,0,64,34,54,2,0,-1,0,-11,0,56,-46,23,-1
7223,9.59,P,67,0,636,0,44,372,105,17,T,58,0,527,0,0,184,160,0,0,-9,0,-109,0,-44,-188,55,-17
7224,5.28,P,16,0,716,0,5,53,18,4,Z,26,3,335,0,122,75,165,0,1,10,3,-381,0,117,22,147,-4
7225,6.01,Z,32,1,371,0,28,77,108,4,Z,34,2,181,0,34,104,112,0,0,2,1,-190,0,6,27,4,-4
7226,4.02,P,14,1,153,0,12,95,26,0,Z,14,1,330,0,10,22,56,1,1,0,0,177,0,-2,-73,30,1
7227,8.34,P,53,15,526,0,11,218,80,0,T,74,0,452,0,133,248,180,8,1,21,-15,-74,0,122,30,100,8
7228,9.59,Z,39,7,156,0,49,104,155,0,T,47,0,660,0,0,32,112,0,0,8,-7,504,0,-49,-72,-43,0
7229,8.29,P,62,8,385,0,40,154,49,5,P,40,2,267,0,22,265,64,4,0,-22,-6,-118,0,-18,111,15,-1
7230,10.38,T,100,4,741,0,539,252,247,6,P,68,2,624,0,60,345,155,6,1,-32,-2,-117,0,-479,93,-92,0
7231,4.46,Z,21,4,332,0,7,15,64,0,P,13,0,183,0,0,39,41,0,1,-8,-4,-149,0,-7,24,-23,0
7232,9.58,P,17,0,405,0,0,39,23,0,T,31,0,1022,0,0,15,42,0,1,14,0,617,0,0,-24,19,0
7233,5.19,P,30,0,246,0,23,93,29,8,T,25,3,125,0,30,13,34,0,0,-5,3,-121,0,7,-80,5,-8
7234,7.45,Z,60,7,274,0,297,135,174,7,T,60,3,407,0,889,253,67,9,0,0,-4,133,0,592,118,-107,2
7235,3.18,P,15,0,120,0,160,72,32,4,P,12,1,204,0,108,134,220,0,0,-3,1,84,0,-52,62,188,-4
7236,9.55,T,41,0,510,0,2,41,55,1,P,44,0,640,0,1,53,88,2,1,3,0,130,0,-1,12,33,1
7237,6.22,T,69,5,232,0,479,180,70,9,Z,43,0,126,0,78,89,175,5,1,-26,-5,-106,0,-401,-91,105,-4
7238,3.13,Z,12,0,323,0,8,105,45,2,P,10,0,75,0,3,100,41,1,1,-2,0,-248,0,-5,-5,-4,-1
7239,10.39,Z,68,0,360,0,210,322,349,6,P,69,0,452,0,59,313,121,13,0,1,0,92,0,-151,-9,-228,7
7240,6.02,T,51,1,584,0,22,132,51,4,P,31,0,377,0,370,117,30,6,0,-20,-1,-207,0,348,-15,-21,2
7241,8.04,P,49,0,425,0,1212,307,111,6,P,44,3,351,0,165,273,204,6,0,-5,3,-74,0,-1047,-34,93,0
7242,9.59,T,62,0,683,0,0,272,94,1,Z,53,8,648,0,52,149,135,0,1,-9,8,-35,0,52,-123,41,-1
7243,7.25,P,38,0,755,0,30,134,64,9,P,42,11,392,0,74,171,75,1,1,4,11,-363,0,44,37,11,-8
7244,0.54,P,1,0,17,0,25,3,2,4,T,6,0,68,0,0,19,3,0,0,5,0,51,0,-25,16,1,-4
7245,5.5,P,30,0,206,0,4,133,312,6,Z,29,1,244,0,12,25,81,0,0,-1,1,38,0,8,-108,-231,-6
7246,10.57,T,61,0,426,0,1,99,81,1,Z,42,0,260,0,7,86,171,2,0,-19,0,-166,0,6,-13,90,1
7247,5.48,T,41,0,257,0,59,88,38,7,P,42,4,193,0,358,165,33,5,0,1,4,-64,0,299,77,-5,-2
7248,9.57,P,39,0,834,0,27,38,56,2,Z,43,0,460,0,3,47,129,2,0,4,0,-374,0,-24,9,73,0
7249,9.59,P,55,6,275,0,44,75,54,7,P,61,3,605,0,69,329,121,1,1,6,-3,330,0,25,254,67,-6
7250,5.36,P,26,0,128,0,53,72,50,5,P,15,0,310,0,0,65,49,0,1,-11,0,182,0,-53,-7,-1,-5
7251,5.25,Z,32,1,273,0,299,137,120,11,Z,30,4,220,0,56,130,95,5,1,-2,3,-53,0,-243,-7,-25,-6
7252,7.11,T,46,1,533,0,111,149,121,5,Z,38,1,410,0,170,67,128,3,1,-8,0,-123,0,59,-82,7,-2
7253,4.21,P,20,0,173,0,5,106,33,1,Z,15,0,118,0,8,37,42,2,1,-5,0,-55,0,3,-69,9,1
7254,7.03,P,28,1,317,0,4,150,51,1,P,19,1,421,0,0,145,28,1,0,-9,0,104,0,-4,-5,-23,0
7255,9.59,Z,62,0,533,0,56,109,222,15,T,88,7,741,0,111,167,169,3,0,26,7,208,0,55,58,-53,-12
7256,8.1,Z,56,3,557,0,238,180,350,2,T,70,0,445,0,45,138,59,4,0,14,-3,-112,0,-193,-42,-291,2
7257,2.54,T,13,0,292,0,102,53,25,2,T,12,0,216,0,21,55,25,5,1,-1,0,-76,0,-81,2,0,3
7258,4.51,Z,20,2,135,0,13,73,57,2,Z,18,1,217,0,12,61,78,2,0,-2,-1,82,0,-1,-12,21,0
7259,5.03,Z,24,1,236,0,31,96,74,5,P,29,0,257,0,229,132,73,9,0,5,-1,21,0,198,36,-1,4
7260,4.31,T,24,0,316,0,65,159,69,4,T,31,0,119,0,390,87,143,2,0,7,0,-197,0,325,-72,74,-2
7261,9.58,T,57,5,835,0,1,210,159,0,T,74,4,1295,0,22,154,112,0,1,17,-1,460,0,21,-56,-47,0
7262,9.57,Z,52,0,503,0,36,215,196,6,T,98,0,365,0,454,254,127,8,1,46,0,-138,0,418,39,-69,2
7263,5.3,T,41,4,319,0,69,138,124,1,P,37,1,314,0,378,159,89,5,0,-4,-3,-5,0,309,21,-35,4
7264,5.17,Z,20,0,246,7,37,169,105,3,P,28,0,236,0,334,171,56,7,1,8,0,-10,-7,297,2,-49,4
7265,9.55,P,59,6,384,0,31,147,84,0,T,90,4,395,0,35,148,110,3,0,31,-2,11,0,4,1,26,3
7266,9.17,Z,66,1,414,0,293,210,478,8,T,89,0,471,0,181,211,167,9,0,23,-1,57,0,-112,1,-311,1
7267,9.58,Z,45,0,442,0,0,113,120,0,T,16,0,397,0,0,12,41,0,0,-29,0,-45,0,0,-101,-79,0
7268,7.27,Z,87,9,573,4,552,292,281,15,Z,86,0,226,19,383,327,367,10,0,-1,-9,-347,15,-169,35,86,-5
7269,6.25,T,32,0,275,0,524,161,104,4,T,28,0,572,0,1,119,54,1,0,-4,0,297,0,-523,-42,-50,-3
7270,6.47,P,27,0,465,0,0,108,59,0,P,27,0,176,0,11,21,22,4,1,0,0,-289,0,11,-87,-37,4
7271,10.23,Z,52,2,469,0,38,107,164,0,P,60,0,425,0,52,308,79,2,1,8,-2,-44,0,14,201,-85,2
7272,10.03,P,40,6,431,0,28,224,67,0,T,87,0,601,0,18,155,113,6,1,47,-6,170,0,-10,-69,46,6
7273,5.1,T,27,0,259,0,222,265,52,3,Z,19,4,102,0,32,73,76,2,0,-8,4,-157,0,-190,-192,24,-1
7274,9.58,Z,62,1,502,0,43,57,165,1,Z,57,3,603,0,35,85,164,0,0,-5,2,101,0,-8,28,-1,-1
7275,2.24,T,10,0,124,0,149,53,96,8,T,10,0,136,0,172,72,71,11,1,0,0,12,0,23,19,-25,3
7276,4.17,P,19,0,235,0,0,118,31,3,Z,24,0,137,0,250,142,116,8,0,5,0,-98,0,250,24,85,5
7277,9.57,T,94,0,302,0,168,226,146,2,T,92,0,549,0,60,416,192,9,0,-2,0,247,0,-108,190,46,7
7278,9.59,Z,51,7,475,0,137,125,254,6,T,68,0,484,0,20,66,103,11,1,17,-7,9,0,-117,-59,-151,5
7279,4.57,Z,23,5,108,0,37,106,69,0,T,46,0,276,0,65,94,31,3,0,23,-5,168,0,28,-12,-38,3
7280,0.47,T,4,0,1,0,0,7,25,0,Z,8,0,131,0,54,30,35,2,1,4,0,130,0,54,23,10,2
7281,9.59,Z,35,1,332,3,75,193,177,1,P,56,3,653,0,43,149,73,3,0,21,2,321,-3,-32,-44,-104,2
7282,9.59,T,113,0,622,0,45,190,135,18,Z,68,11,324,0,56,187,240,2,1,-45,11,-298,0,11,-3,105,-16
7283,9.59,T,64,6,766,0,22,48,73,0,T,56,0,602,0,1,105,82,6,1,-8,-6,-164,0,-21,57,9,6
7284,10.24,T,53,0,672,0,0,237,137,0,P,42,0,851,0,0,282,128,1,1,-11,0,179,0,0,45,-9,1
7285,9.58,T,79,9,665,4,83,169,99,0,P,71,9,419,0,156,251,125,3,0,-8,0,-246,-4,73,82,26,3
7286,10.11,Z,47,0,511,0,52,204,203,8,P,82,3,731,0,45,246,111,3,0,35,3,220,0,-7,42,-92,-5
7287,10.48,T,62,3,723,0,5,211,132,2,P,41,9,260,0,51,202,84,0,1,-21,6,-463,0,46,-9,-48,-2
7288,0.13,Z,0,1,5,0,0,6,7,0,Z,1,0,24,0,0,4,4,7,0,1,-1,19,0,0,-2,-3,7
7289,8.19,Z,65,7,238,0,40,266,186,0,T,49,0,707,0,20,43,81,3,0,-16,-7,469,0,-20,-223,-105,3
7290,4.02,P,18,0,363,0,17,61,34,7,Z,17,1,174,0,170,71,189,2,0,-1,1,-189,0,153,10,155,-5
7291,3.14,P,19,0,135,0,191,60,52,6,T,18,0,146,0,138,58,21,8,0,-1,0,11,0,-53,-2,-31,2
7292,9.59,P,51,0,552,0,51,185,74,12,Z,51,0,387,0,11,91,195,1,1,0,0,-165,0,-40,-94,121,-11
7293,6.13,P,22,2,211,0,35,27,33,3,P,22,5,516,0,9,97,27,0,1,0,3,305,0,-26,70,-6,-3
7294,6.33,T,36,0,438,0,5,78,75,3,Z,32,0,311,0,18,109,114,3,1,-4,0,-127,0,13,31,39,0
7295,9.59,Z,80,8,648,0,434,237,392,0,P,91,0,605,0,260,322,93,16,0,11,-8,-43,0,-174,85,-299,16
7296,4.14,Z,20,0,232,0,68,99,55,5,P,30,0,79,0,375,154,38,3,1,10,0,-153,0,307,55,-17,-2
7297,9.59,Z,88,5,409,0,460,172,226,10,T,146,10,517,0,1155,323,196,34,1,58,5,108,0,695,151,-30,24
7298,6.34,Z,45,0,181,0,49,125,105,3,Z,35,0,360,0,18,164,104,8,0,-10,0,179,0,-31,39,-1,5
7299,9.08,T,27,0,520,0,4,75,60,3,T,50,1,597,0,4,104,92,2,1,23,1,77,0,0,29,32,-1
7300,8.12,T,54,0,355,0,1,217,108,4,P,29,0,483,0,4,93,44,2,0,-25,0,128,0,3,-124,-64,-2
7301,9.59,T,55,0,963,0,54,107,59,6,T,53,5,457,0,116,139,82,0,1,-2,5,-506,0,62,32,23,-6
7302,4.49,P,21,2,279,0,10,86,43,0,T,23,0,478,0,32,55,24,3,1,2,-2,199,0,22,-31,-19,3
7303,6.58,P,32,0,284,0,24,107,49,6,T,47,0,530,0,29,61,87,7,1,15,0,246,0,5,-46,38,1
7304,3.52,Z,16,1,87,0,18,24,80,3,P,18,0,302,0,0,42,30,0,0,2,-1,215,0,-18,18,-50,-3
7305,8.36,P,61,2,322,0,279,269,102,14,T,81,0,845,0,217,304,116,10,0,20,-2,523,0,-62,35,14,-4
7306,7.48,P,50,0,469,0,207,176,81,12,T,27,0,349,1,26,134,69,0,0,-23,0,-120,1,-181,-42,-12,-12
7307,9.51,P,83,0,445,0,61,271,104,5,Z,72,0,318,0,35,46,202,1,0,-11,0,-127,0,-26,-225,98,-4
7308,9.59,P,44,8,312,0,36,114,85,1,T,90,0,488,21,99,288,220,8,1,46,-8,176,21,63,174,135,7
7309,7.46,Z,40,3,181,0,30,123,118,0,Z,37,0,461,0,11,52,144,9,1,-3,-3,280,0,-19,-71,26,9
7310,9.59,T,65,0,869,0,35,43,64,4,P,48,7,410,0,71,86,76,0,1,-17,7,-459,0,36,43,12,-4
7311,8,T,57,1,820,0,25,165,104,6,Z,61,0,623,0,483,104,278,11,0,4,-1,-197,0,458,-61,174,5
7312,9.59,T,76,10,699,0,30,131,116,1,Z,58,4,518,0,47,73,180,3,0,-18,-6,-181,0,17,-58,64,2
7313,5.32,T,34,0,243,0,155,223,41,9,P,51,0,398,0,94,230,96,3,0,17,0,155,0,-61,7,55,-6
7314,4.06,T,20,0,209,0,224,31,49,3,T,14,8,301,0,186,77,74,1,0,-6,8,92,0,-38,46,25,-2
7315,6.29,P,47,0,330,0,70,219,93,4,Z,27,4,343,0,31,135,137,4,0,-20,4,13,0,-39,-84,44,0
7316,0.35,T,1,0,15,0,0,5,3,0,P,3,0,8,0,30,8,28,2,1,2,0,-7,0,30,3,25,2
7317,10.25,P,38,1,451,1,9,99,75,2,T,64,8,982,1,23,210,134,0,1,26,7,531,0,14,111,59,-2
7318,6.42,Z,40,6,143,0,172,182,151,6,Z,50,5,228,0,64,206,147,0,0,10,-1,85,0,-108,24,-4,-6
7319,4.21,P,17,0,192,0,317,80,85,8,T,23,8,342,0,11,74,55,1,0,6,8,150,0,-306,-6,-30,-7
7320,9.59,T,110,0,570,0,125,243,155,18,T,89,0,529,0,468,292,188,26,1,-21,0,-41,0,343,49,33,8
7321,4.45,Z,15,0,203,0,19,58,78,10,T,28,3,97,0,180,82,140,0,1,13,3,-106,0,161,24,62,-10
7322,4.27,Z,24,0,183,0,2,62,87,1,P,20,0,177,4,36,69,51,0,0,-4,0,-6,4,34,7,-36,-1
7323,10.58,T,92,0,695,0,18,342,125,11,T,113,0,726,0,246,358,170,15,1,21,0,31,0,228,16,45,4
7324,9.59,Z,59,0,386,0,10,130,214,2,T,39,0,488,0,17,52,61,5,0,-20,0,102,0,7,-78,-153,3
7325,9.59,P,77,1,446,0,638,318,148,26,T,96,0,549,0,569,230,142,11,1,19,-1,103,0,-69,-88,-6,-15
7326,9.59,Z,61,0,1015,1,7,161,202,0,T,50,0,363,8,78,152,93,0,1,-11,0,-652,7,71,-9,-109,0
7327,6.07,T,49,5,167,0,224,95,73,1,Z,45,6,190,0,389,143,182,0,1,-4,1,23,0,165,48,109,-1
7328,7.09,P,33,0,278,0,3,67,64,2,Z,40,6,422,0,97,70,120,0,1,7,6,144,0,94,3,56,-2
7329,9.15,T,65,0,894,0,17,445,111,9,P,40,0,291,0,4,136,75,3,1,-25,0,-603,0,-13,-309,-36,-6
7330,4.5,Z,29,7,39,0,186,52,218,2,Z,17,0,79,0,32,25,72,3,1,-12,-7,40,0,-154,-27,-146,1
7331,9.57,T,51,0,493,0,204,47,79,4,P,59,0,525,0,22,218,96,7,1,8,0,32,0,-182,171,17,3
7332,9.59,P,109,4,624,1,420,283,148,3,T,115,0,509,0,229,360,114,17,0,6,-4,-115,-1,-191,77,-34,14
7333,10.48,Z,68,6,602,0,272,210,216,7,T,106,0,884,0,107,342,136,11,1,38,-6,282,0,-165,132,-80,4
7334,9.59,Z,67,10,914,0,85,104,172,0,T,77,4,518,0,53,147,108,1,0,10,-6,-396,0,-32,43,-64,1
7335,9.59,T,96,11,629,1,60,126,147,0,T,96,5,397,0,675,354,155,20,1,0,-6,-232,-1,615,228,8,20
7336,9.59,P,60,0,634,0,21,173,62,5,Z,67,0,531,0,0,241,255,1,1,7,0,-103,0,-21,68,193,-4
7337,8,P,46,1,580,0,14,83,77,0,T,44,0,127,0,46,174,96,7,0,-2,-1,-453,0,32,91,19,7
7338,5.19,Z,21,3,239,0,10,73,70,0,T,22,0,362,0,0,51,32,0,0,1,-3,123,0,-10,-22,-38,0
7339,8.19,T,64,0,549,0,339,86,395,11,P,28,0,397,0,0,58,32,0,0,-36,0,-152,0,-339,-28,-363,-11
7340,8,T,44,6,426,0,292,124,92,0,T,41,0,754,0,0,102,94,0,1,-3,-6,328,0,-292,-22,2,0
7341,9.57,T,34,0,745,0,10,107,74,3,T,60,0,679,0,6,308,164,4,1,26,0,-66,0,-4,201,90,1
7342,9.58,Z,57,3,517,0,48,169,248,0,Z,48,7,551,0,121,155,183,2,0,-9,4,34,0,73,-14,-65,2
7343,9.58,T,80,0,507,17,100,112,116,0,P,52,5,836,0,27,184,79,3,0,-28,5,329,-17,-73,72,-37,3
7344,9.59,Z,90,2,587,0,80,157,221,6,T,41,2,463,0,6,49,80,3,0,-49,0,-124,0,-74,-108,-141,-3
7345,8.03,Z,34,0,237,5,35,88,119,0,P,45,0,342,0,29,60,36,4,1,11,0,105,-5,-6,-28,-83,4
7346,8.4,Z,70,0,404,20,122,205,295,0,Z,69,0,530,0,94,417,336,4,1,-1,0,126,-20,-28,212,41,4
7347,9.59,T,84,0,449,0,62,202,161,4,P,41,0,614,0,0,120,75,0,0,-43,0,165,0,-62,-82,-86,-4
7348,8.46,P,59,0,426,0,718,273,194,8,Z,52,0,226,0,34,90,151,3,0,-7,0,-200,0,-684,-183,-43,-5
7349,7.54,T,80,0,327,0,193,196,145,11,P,77,0,513,0,185,151,212,10,1,-3,0,186,0,-8,-45,67,-1
7350,1.11,P,7,0,7,0,129,44,27,2,P,4,0,54,0,1,17,7,3,1,-3,0,47,0,-128,-27,-20,1
7351,9.59,T,75,0,370,0,222,247,78,4,Z,66,1,535,0,160,321,374,12,0,-9,1,165,0,-62,74,296,8
7352,2.24,P,8,0,186,0,0,27,13,0,Z,12,0,113,0,0,10,29,1,1,4,0,-73,0,0,-17,16,1
7353,5.48,Z,36,0,251,0,60,153,120,5,P,37,1,215,0,32,168,102,3,1,1,1,-36,0,-28,15,-18,-2
7354,9.58,T,69,5,664,0,25,179,96,0,P,51,0,527,0,11,141,156,1,0,-18,-5,-137,0,-14,-38,60,1
7355,8.38,Z,77,0,605,0,303,196,309,8,Z,44,10,320,0,25,93,310,0,0,-33,10,-285,0,-278,-103,1,-8
7356,9.59,P,38,0,724,0,0,47,69,0,T,31,0,571,0,6,136,44,2,0,-7,0,-153,0,6,89,-25,2
7357,7.16,T,37,0,706,0,9,122,55,4,P,32,2,163,0,3,50,56,0,0,-5,2,-543,0,-6,-72,1,-4
7358,5.52,P,34,3,369,0,277,216,171,11,P,30,0,315,0,49,138,55,13,0,-4,-3,-54,0,-228,-78,-116,2
7359,1.5,T,8,0,59,0,165,17,4,0,P,6,0,69,0,0,26,3,0,1,-2,0,10,0,-165,9,-1,0
7360,2.57,T,10,0,108,0,1,15,15,0,T,9,0,101,0,7,11,13,2,0,-1,0,-7,0,6,-4,-2,2
7361,8.33,P,45,3,475,0,75,177,73,8,P,42,4,367,0,30,144,42,7,1,-3,1,-108,0,-45,-33,-31,-1
7362,9.57,P,44,0,873,0,16,70,74,5,T,40,0,410,0,0,16,55,0,1,-4,0,-463,0,-16,-54,-19,-5
7363,9.58,P,83,3,471,0,522,236,110,6,Z,85,0,409,85,570,248,497,2,1,2,-3,-62,85,48,12,387,-4
7364,4.24,Z,25,3,126,0,92,113,110,7,Z,22,0,254,0,57,90,94,1,1,-3,-3,128,0,-35,-23,-16,-6
7365,9.59,T,61,0,424,0,9,277,107,7,T,78,6,757,0,702,384,150,2,1,17,6,333,0,693,107,43,-5
7366,9.59,Z,33,0,204,0,0,49,126,0,P,34,0,650,0,3,92,50,2,0,1,0,446,0,3,43,-76,2
7367,6.52,P,42,0,281,0,275,117,54,11,T,48,0,344,0,23,130,93,5,0,6,0,63,0,-252,13,39,-6
7368,9.41,P,67,0,545,0,560,220,210,8,Z,81,20,269,0,357,193,375,1,1,14,20,-276,0,-203,-27,165,-7
7369,9.59,T,97,8,549,0,157,301,330,10,Z,80,9,410,0,312,226,347,10,0,-17,1,-139,0,155,-75,17,0
7370,9.59,T,76,0,371,0,87,324,89,11,T,66,1,470,0,13,64,86,7,0,-10,1,99,0,-74,-260,-3,-4
7371,4.19,T,25,2,162,0,471,106,184,10,Z,24,2,127,0,4,56,108,0,1,-1,0,-35,0,-467,-50,-76,-10
7372,2.58,T,32,0,105,0,109,140,45,1,Z,10,0,19,0,230,55,48,2,1,-22,0,-86,0,121,-85,3,1
7373,10.24,Z,61,9,489,0,57,133,188,0,T,85,0,590,0,36,207,152,8,0,24,-9,101,0,-21,74,-36,8
7374,9.59,T,35,0,1213,0,0,32,154,2,Z,55,0,134,0,0,24,193,0,0,20,0,-1079,0,0,-8,39,-2
7375,2.29,T,13,0,191,0,11,47,35,2,Z,13,0,48,0,172,43,33,2,0,0,0,-143,0,161,-4,-2,0
7376,7.35,Z,42,1,468,0,63,94,188,1,T,47,1,525,0,72,117,92,4,1,5,0,57,0,9,23,-96,3
7377,9.59,T,66,0,1043,0,24,199,116,6,T,90,14,779,0,508,301,127,4,1,24,14,-264,0,484,102,11,-2
7378,9.58,T,83,9,588,1,34,145,112,0,Z,59,6,368,0,77,110,172,0,1,-24,-3,-220,-1,43,-35,60,0
7379,9.59,T,44,0,803,0,0,172,132,0,T,68,4,406,0,8,132,141,0,1,24,4,-397,0,8,-40,9,0
7380,8.49,T,83,0,636,0,180,337,138,9,P,76,5,397,0,259,299,228,0,1,-7,5,-239,0,79,-38,90,-9
7381,8.14,T,97,0,464,0,429,280,90,16,Z,44,9,217,0,143,255,274,4,0,-53,9,-247,0,-286,-25,184,-12
7382,6.1,P,37,0,379,0,25,131,44,7,P,35,2,189,0,17,48,47,0,0,-2,2,-190,0,-8,-83,3,-7
7383,9.59,T,122,0,587,0,77,284,138,5,Z,100,16,459,0,556,359,477,4,1,-22,16,-128,0,479,75,339,-1
7384,3.56,Z,15,2,158,0,116,49,48,3,T,17,0,159,0,3,55,49,1,0,2,-2,1,0,-113,6,1,-2
7385,9.59,P,30,0,259,0,0,37,52,0,Z,45,6,541,0,39,62,167,1,1,15,6,282,0,39,25,115,1
7386,8.24,P,34,1,585,0,7,223,91,2,Z,34,0,468,0,26,76,90,4,0,0,-1,-117,0,19,-147,-1,2
7387,9.59,T,95,0,593,0,96,306,189,7,Z,61,0,592,14,119,272,315,0,1,-34,0,-1,14,23,-34,126,-7
7388,5.28,Z,19,0,191,0,17,28,70,2,T,11,0,277,0,0,13,19,0,0,-8,0,86,0,-17,-15,-51,-2
7389,5.11,P,23,0,476,0,0,112,74,1,T,38,0,162,0,17,95,65,6,1,15,0,-314,0,17,-17,-9,5
7390,9.59,T,98,8,793,0,205,278,120,2,Z,94,9,416,0,170,231,385,2,1,-4,1,-377,0,-35,-47,265,0
7391,8.51,T,52,0,526,0,946,261,134,9,T,25,0,703,0,0,33,56,0,0,-27,0,177,0,-946,-228,-78,-9
7392,5.35,P,32,1,117,0,162,207,38,3,Z,27,7,216,0,323,229,93,2,0,-5,6,99,0,161,22,55,-1
7393,8.39,Z,82,2,564,0,710,232,376,3,T,71,1,490,0,106,261,198,2,0,-11,-1,-74,0,-604,29,-178,-1
7394,3.2,Z,19,0,77,0,87,39,77,4,Z,15,0,167,0,110,45,84,4,1,-4,0,90,0,23,6,7,0
7395,3.21,T,20,0,215,0,45,86,138,3,T,24,0,165,0,158,126,60,2,1,4,0,-50,0,113,40,-78,-1
7396,10.04,Z,56,0,356,0,87,56,179,14,T,78,19,605,0,1273,302,122,1,1,22,19,249,0,1186,246,-57,-13
7397,9.57,T,64,7,535,0,42,104,108,1,T,78,5,753,0,62,110,76,2,1,14,-2,218,0,20,6,-32,1
7398,7.57,T,37,5,737,0,16,28,56,0,T,48,3,216,0,382,137,56,3,1,11,-2,-521,0,366,109,0,3
7399,7.12,P,45,0,374,0,365,179,250,18,P,51,0,316,0,217,209,184,73,1,6,0,-58,0,-148,30,-66,55
7400,9.59,Z,92,7,819,0,61,180,191,0,T,104,0,767,0,187,486,333,17,0,12,-7,-52,0,126,306,142,17
7401,3.55,Z,20,1,84,0,117,77,56,4,Z,18,0,128,0,3,47,55,3,0,-2,-1,44,0,-114,-30,-1,-1
7402,9.25,P,60,3,547,0,169,181,79,8,T,56,6,479,0,61,396,225,3,0,-4,3,-68,0,-108,215,146,-5
7403,5.2,Z,26,6,162,0,59,41,90,0,P,19,0,169,0,1,79,30,2,1,-7,-6,7,0,-58,38,-60,2
7404,5.38,T,26,1,241,0,0,31,43,0,Z,19,0,204,0,15,34,59,3,0,-7,-1,-37,0,15,3,16,3
7405,9.58,T,43,0,523,0,5,67,69,2,T,28,0,577,0,1,37,52,0,0,-15,0,54,0,-4,-30,-17,-2
7406,9.59,T,115,6,641,0,377,169,149,9,Z,107,0,533,0,266,234,556,8,0,-8,-6,-108,0,-111,65,407,-1
7407,5.32,Z,28,1,231,0,169,77,107,4,Z,27,0,129,0,12,72,110,1,0,-1,-1,-102,0,-157,-5,3,-3
7408,6.22,P,45,3,253,0,24,174,89,1,Z,36,7,425,0,364,141,194,1,1,-9,4,172,0,340,-33,105,0
7409,10.55,T,82,5,769,0,239,283,104,1,Z,76,0,1044,0,58,90,215,2,0,-6,-5,275,0,-181,-193,111,1
7410,9.59,T,57,0,880,0,0,197,109,0,Z,75,7,447,0,63,126,202,1,1,18,7,-433,0,63,-71,93,1
7411,3.24,Z,15,2,158,0,36,45,41,4,Z,10,0,131,0,207,34,112,2,0,-5,-2,-27,0,171,-11,71,-2
7412,9.57,P,99,0,795,0,506,454,233,17,Z,93,10,430,0,616,419,309,16,0,-6,10,-365,0,110,-35,76,-1
7413,9.59,T,103,7,653,0,267,199,200,1,Z,70,0,418,0,49,250,208,12,1,-33,-7,-235,0,-218,51,8,11
7414,9.06,P,29,0,364,0,2,129,62,1,Z,30,0,364,0,0,95,107,0,0,1,0,0,0,-2,-34,45,-1
7415,5.15,Z,26,1,263,2,297,116,80,2,P,27,0,394,0,34,131,35,7,1,1,-1,131,-2,-263,15,-45,5
7416,8.15,P,58,0,310,0,484,222,141,11,T,102,0,525,0,659,177,152,16,1,44,0,215,0,175,-45,11,5
7417,4.58,P,24,0,418,0,408,100,100,4,P,23,0,294,0,32,143,68,4,1,-1,0,-124,0,-376,43,-32,0
7418,7.14,P,35,0,349,0,505,149,188,7,Z,41,0,353,0,12,172,144,1,0,6,0,4,0,-493,23,-44,-6
7419,9.59,T,114,17,346,0,728,253,243,5,Z,75,7,459,1,346,159,309,6,0,-39,-10,113,1,-382,-94,66,1
7420,6.28,P,50,2,393,0,485,106,43,14,Z,43,6,238,2,366,161,308,7,0,-7,4,-155,2,-119,55,265,-7
7421,3.01,Z,12,0,136,0,315,50,98,8,T,10,0,187,0,1,50,29,2,0,-2,0,51,0,-314,0,-69,-6
7422,6.59,Z,42,6,407,0,44,116,116,1,P,43,6,390,0,32,104,57,0,0,1,0,-17,0,-12,-12,-59,-1
7423,9.58,Z,57,7,686,0,106,69,182,1,P,54,4,436,0,46,296,69,5,1,-3,-3,-250,0,-60,227,-113,4
7424,9.39,T,14,0,360,0,0,11,27,0,T,54,0,933,0,1,113,122,3,1,40,0,573,0,1,102,95,3
7425,6.11,P,32,2,277,0,15,263,38,0,T,32,0,204,0,60,126,58,5,1,0,-2,-73,0,45,-137,20,5
7426,10.52,Z,85,10,497,0,638,379,321,5,P,103,0,675,0,55,222,112,12,0,18,-10,178,0,-583,-157,-209,7
7427,5.08,T,31,0,264,0,432,28,46,2,T,35,2,280,0,251,147,112,1,1,4,2,16,0,-181,119,66,-1
7428,9.59,Z,70,1,448,0,54,283,239,6,Z,65,12,438,8,454,374,396,5,0,-5,11,-10,8,400,91,157,-1
7429,9.59,T,63,0,490,0,116,118,115,5,T,74,0,280,0,473,195,87,6,1,11,0,-210,0,357,77,-28,1
7430,9.59,Z,83,6,340,0,174,147,248,2,Z,60,2,389,0,311,151,422,2,1,-23,-4,49,0,137,4,174,0
7431,9.59,T,91,0,1010,0,90,176,127,6,Z,58,0,846,0,40,157,266,4,0,-33,0,-164,0,-50,-19,139,-2
7432,7.34,T,84,0,972,0,781,101,164,5,Z,86,0,440,0,154,199,282,8,0,2,0,-532,0,-627,98,118,3
7433,10.08,P,66,0,585,0,4,348,190,6,P,57,0,623,0,278,398,99,12,1,-9,0,38,0,274,50,-91,6
7434,8.13,T,71,2,288,0,24,143,131,6,P,36,0,771,0,0,188,83,0,1,-35,-2,483,0,-24,45,-48,-6
7435,10.17,Z,75,8,462,0,845,248,427,8,T,112,2,739,0,84,419,246,18,1,37,-6,277,0,-761,171,-181,10
7436,7.13,T,29,3,348,0,1,50,76,1,Z,31,1,222,0,18,35,122,1,0,2,-2,-126,0,17,-15,46,0
7437,6.59,Z,45,0,260,0,274,185,164,5,T,57,3,216,0,101,200,215,0,0,12,3,-44,0,-173,15,51,-5
7438,5.4,P,35,0,166,0,6,156,49,4,T,33,2,214,0,184,129,175,4,0,-2,2,48,0,178,-27,126,0
7439,3.59,T,17,0,127,0,4,41,37,4,Z,15,0,235,0,0,22,69,2,1,-2,0,108,0,-4,-19,32,-2
7440,9.05,P,41,0,155,0,10,42,81,2,Z,41,0,394,0,18,77,185,5,1,0,0,239,0,8,35,104,3
7441,4.31,Z,18,0,280,1,5,48,49,0,P,16,3,183,0,34,62,28,0,1,-2,3,-97,-1,29,14,-21,0
7442,10.31,T,58,0,746,0,1,154,91,3,Z,57,7,297,0,67,152,154,3,0,-1,7,-449,0,66,-2,63,0
7443,6.4,Z,35,2,151,0,42,61,121,0,T,50,7,433,0,13,156,110,0,0,15,5,282,0,-29,95,-11,0
7444,5.48,P,39,2,382,0,13,107,87,3,Z,29,0,226,1,3,90,120,2,1,-10,-2,-156,1,-10,-17,33,-1
7445,6.1,P,35,0,314,2,12,59,41,2,T,35,0,328,0,10,125,72,8,0,0,0,14,-2,-2,66,31,6
7446,9.59,T,129,0,733,0,118,365,126,16,T,104,9,472,3,133,227,157,8,0,-25,9,-261,3,15,-138,31,-8
7447,6.41,T,34,2,448,0,4,159,130,1,P,39,4,171,0,16,113,70,4,1,5,2,-277,0,12,-46,-60,3
7448,9.59,T,117,7,701,0,264,257,160,9,P,65,1,407,0,291,329,112,17,0,-52,-6,-294,0,27,72,-48,8
7449,9.58,P,32,2,529,0,248,200,83,3,T,76,0,537,0,476,147,105,10,0,44,-2,8,0,228,-53,22,7
7450,5.56,Z,35,12,277,0,528,189,252,1,Z,44,6,153,0,31,125,129,5,1,9,-6,-124,0,-497,-64,-123,4
7451,9.59,T,84,0,360,0,420,381,154,18,Z,53,6,255,1,133,152,226,3,1,-31,6,-105,1,-287,-229,72,-15
7452,7.18,P,37,0,342,0,1,170,63,2,T,48,4,750,0,17,239,80,1,0,11,4,408,0,16,69,17,-1
7453,7.43,Z,101,0,282,13,281,303,328,4,T,105,4,488,0,456,207,223,7,0,4,4,206,-13,175,-96,-105,3
7454,7.44,P,60,2,426,0,211,253,50,2,Z,61,4,278,0,39,202,158,2,1,1,2,-148,0,-172,-51,108,0
7455,10.29,P,39,0,549,0,0,70,83,0,Z,40,0,744,0,20,163,116,0,1,1,0,195,0,20,93,33,0
7456,9.56,T,51,1,644,0,10,32,61,0,P,41,2,342,0,2,227,74,3,0,-10,1,-302,0,-8,195,13,3
7457,9.59,T,79,5,407,0,18,127,99,3,P,63,11,552,0,684,163,102,3,1,-16,6,145,0,666,36,3,0
7458,8.59,Z,53,4,486,0,331,112,460,9,T,83,4,443,0,106,264,163,6,0,30,0,-43,0,-225,152,-297,-3
7459,9.59,Z,53,17,556,7,38,117,271,6,Z,55,9,386,3,112,227,309,8,1,2,-8,-170,-4,74,110,38,2
7460,9.2,T,74,1,501,0,684,172,299,7,Z,95,6,411,0,181,255,294,8,0,21,5,-90,0,-503,83,-5,1
7461,6.02,T,59,6,392,0,357,197,133,5,Z,38,0,192,34,449,138,277,2,1,-21,-6,-200,34,92,-59,144,-3
7462,6.05,T,59,0,172,0,443,238,152,12,P,22,0,132,0,21,501,41,3,0,-37,0,-40,0,-422,263,-111,-9
7463,9.59,Z,76,0,353,0,273,371,299,13,Z,79,2,492,0,81,272,260,1,0,3,2,139,0,-192,-99,-39,-12
7464,7.58,P,50,3,357,0,415,181,141,9,P,46,0,541,0,20,73,38,2,1,-4,-3,184,0,-395,-108,-103,-7
7465,10.56,T,64,0,245,0,42,85,110,7,P,72,5,700,0,18,232,95,2,1,8,5,455,0,-24,147,-15,-5
7466,3.47,P,19,0,266,0,9,62,28,3,Z,14,2,293,0,12,50,37,0,0,-5,2,27,0,3,-12,9,-3
7467,9.59,T,39,0,570,0,14,248,75,8,P,33,0,498,0,23,105,43,3,1,-6,0,-72,0,9,-143,-32,-5
7468,5.18,P,26,0,267,0,17,121,28,1,Z,22,0,213,0,0,72,60,0,0,-4,0,-54,0,-17,-49,32,-1
7469,6.26,T,47,6,353,0,21,153,103,3,T,42,7,278,0,509,80,94,5,0,-5,1,-75,0,488,-73,-9,2
7470,7.24,P,51,6,284,0,65,92,65,0,T,41,1,169,0,921,98,168,6,0,-10,-5,-115,0,856,6,103,6
7471,9.58,T,42,2,766,0,2,107,119,0,T,50,0,893,0,0,185,125,0,1,8,-2,127,0,-2,78,6,0
7472,9.32,T,73,0,663,0,221,267,103,5,P,66,11,546,0,394,313,71,1,0,-7,11,-117,0,173,46,-32,-4
7473,9.47,P,44,2,585,0,143,137,199,11,P,79,0,832,0,77,426,76,17,1,35,-2,247,0,-66,289,-123,6
7474,2.33,Z,7,0,138,0,11,19,57,2,Z,10,2,25,0,307,44,80,1,0,3,2,-113,0,296,25,23,-1
7475,7.37,P,31,3,197,1,31,73,43,0,T,41,0,440,0,33,108,74,10,1,10,-3,243,-1,2,35,31,10
7476,9.57,P,39,0,447,0,11,90,44,1,P,22,1,577,0,7,107,52,1,1,-17,1,130,0,-4,17,8,0
7477,9.59,P,31,0,356,0,3,52,71,9,T,24,0,359,0,0,15,44,0,0,-7,0,3,0,-3,-37,-27,-9
7478,3.46,T,29,0,131,0,134,36,22,6,Z,12,0,42,0,7,18,29,1,1,-17,0,-89,0,-127,-18,7,-5
7479,10.37,T,108,10,279,0,515,134,187,0,P,79,3,842,0,571,279,307,3,1,-29,-7,563,0,56,145,120,3
7480,8.1,Z,75,12,263,0,317,365,233,4,Z,66,0,334,0,70,336,226,11,0,-9,-12,71,0,-247,-29,-7,7
7481,2.09,P,10,0,106,0,24,68,18,1,P,7,0,115,0,7,36,3,0,0,-3,0,9,0,-17,-32,-15,-1
7482,8.07,T,77,7,391,0,551,69,149,7,T,46,2,254,0,254,154,121,3,0,-31,-5,-137,0,-297,85,-28,-4
7483,9.15,T,67,0,277,0,1027,318,113,12,T,75,1,549,0,884,303,120,13,1,8,1,272,0,-143,-15,7,1
7484,8,T,71,2,620,0,497,356,140,2,Z,57,0,322,11,48,162,208,0,1,-14,-2,-298,11,-449,-194,68,-2
7485,8.54,P,70,0,431,0,667,351,165,12,T,88,0,489,0,489,211,198,15,1,18,0,58,0,-178,-140,33,3
7486,6.19,T,35,3,158,0,31,39,33,4,P,15,0,98,0,0,24,24,0,1,-20,-3,-60,0,-31,-15,-9,-4
7487,4.3,T,20,0,285,0,103,133,36,9,P,31,0,389,0,457,85,74,7,0,11,0,104,0,354,-48,38,-2
7488,9.59,Z,72,8,413,0,97,116,283,1,P,50,7,234,0,54,242,102,2,0,-22,-1,-179,0,-43,126,-181,1
7489,3.51,T,18,0,101,0,134,113,164,2,T,20,1,120,0,490,59,172,4,1,2,1,19,0,356,-54,8,2
7490,8.18,P,47,0,454,0,8,127,80,1,P,44,1,418,0,21,301,62,5,1,-3,1,-36,0,13,174,-18,4
7491,0.2,Z,2,0,4,0,17,9,33,2,T,1,1,42,0,0,2,0,0,1,-1,1,38,0,-17,-7,-33,-2
7492,0.36,T,4,1,26,0,6,4,7,0,T,3,0,27,0,33,16,13,4,0,-1,-1,1,0,27,12,6,4
7493,7.59,Z,70,0,679,0,41,196,142,4,Z,62,2,286,0,190,113,337,3,0,-8,2,-393,0,149,-83,195,-1
7494,7.17,Z,38,0,1235,0,337,36,111,6,P,43,2,476,0,36,140,50,2,0,5,2,-759,0,-301,104,-61,-4
7495,6.23,T,38,0,283,0,10,270,100,8,P,29,0,327,0,102,88,105,3,0,-9,0,44,0,92,-182,5,-5
7496,5.02,T,11,0,228,0,0,125,25,1,P,19,0,211,0,0,19,27,3,0,8,0,-17,0,0,-106,2,2
7497,9.53,Z,42,1,482,0,20,67,142,0,T,40,0,758,0,0,87,61,0,0,-2,-1,276,0,-20,20,-81,0
7498,4.55,T,26,0,260,5,206,78,67,0,Z,21,0,194,0,5,106,80,2,0,-5,0,-66,-5,-201,28,13,2
7499,5.41,T,47,3,376,0,259,148,139,5,P,47,3,246,0,44,163,38,1,0,0,0,-130,0,-215,15,-101,-4
7500,3.28,T,23,0,100,0,400,47,21,5,Z,11,2,157,0,38,45,69,1,1,-12,2,57,0,-362,-2,48,-4
7501,9.59,T,102,0,560,0,909,257,157,25,T,101,0,483,0,435,282,212,13,1,-1,0,-77,0,-474,25,55,-12
7502,1.08,Z,4,0,8,0,0,7,30,0,T,8,0,13,0,53,25,31,2,0,4,0,5,0,53,18,1,2
7503,0.4,T,2,1,13,0,9,8,11,0,T,3,0,22,0,3,15,7,2,0,1,-1,9,0,-6,7,-4,2
7504,10.43,T,105,0,780,0,1060,505,80,13,T,157,13,601,0,359,409,256,10,0,52,13,-179,0,-701,-96,176,-3
7505,9.59,T,76,1,776,0,15,320,122,11,Z,57,7,689,0,246,428,316,12,1,-19,6,-87,0,231,108,194,1
7506,7.33,P,67,0,411,0,296,165,189,10,T,73,1,408,2,470,247,148,18,0,6,1,-3,2,174,82,-41,8
7507,4.27,P,24,4,152,0,31,202,25,4,Z,46,2,165,0,146,113,121,6,1,22,-2,13,0,115,-89,96,2
7508,3.41,P,12,0,285,0,0,44,24,0,P,16,0,187,0,0,40,31,0,0,4,0,-98,0,0,-4,7,0
7509,9.59,T,62,0,633,0,21,69,95,15,T,47,0,349,0,0,81,101,0,0,-15,0,-284,0,-21,12,6,-15
7510,9.58,T,59,6,404,0,92,130,71,0,T,23,0,467,0,0,45,65,0,0,-36,-6,63,0,-92,-85,-6,0
7511,9.59,Z,80,8,535,0,130,234,340,4,T,138,4,428,0,212,309,186,16,1,58,-4,-107,0,82,75,-154,12
7512,7.26,T,36,4,354,0,173,231,34,2,Z,56,0,458,0,28,138,129,7,1,20,-4,104,0,-145,-93,95,5
7513,9.59,T,44,0,790,0,0,149,86,0,Z,40,0,725,0,2,44,161,3,0,-4,0,-65,0,2,-105,75,3
7514,8.01,T,49,0,320,0,31,132,73,3,Z,56,7,325,0,473,339,299,5,0,7,7,5,0,442,207,226,2
7515,3.4,Z,14,2,242,3,332,50,54,0,Z,17,0,136,0,90,43,40,3,1,3,-2,-106,-3,-242,-7,-14,3
7516,9.59,T,171,22,686,0,1139,264,244,10,P,108,8,563,0,312,346,137,12,0,-63,-14,-123,0,-827,82,-107,2
7517,5.42,Z,33,9,346,1,114,123,189,0,Z,33,7,241,0,63,140,94,3,0,0,-2,-105,-1,-51,17,-95,3
7518,9.59,T,85,0,546,0,250,367,145,4,Z,59,0,560,0,364,400,360,9,0,-26,0,14,0,114,33,215,5
7519,6.11,T,56,0,334,0,1055,188,176,18,Z,42,5,353,0,83,134,105,4,0,-14,5,19,0,-972,-54,-71,-14
7520,9.18,Z,52,6,585,0,47,169,157,0,Z,52,9,712,0,59,246,232,0,1,0,3,127,0,12,77,75,0
7521,9.47,T,33,0,718,0,0,31,47,0,Z,35,0,583,0,5,35,116,2,0,2,0,-135,0,5,4,69,2
7522,7.13,Z,33,1,249,0,24,46,97,1,P,35,0,420,0,15,55,52,3,0,2,-1,171,0,-9,9,-45,2
7523,8.44,Z,80,12,610,0,610,410,366,16,Z,48,0,705,0,19,464,198,10,0,-32,-12,95,0,-591,54,-168,-6
7524,9.59,T,97,3,685,0,529,287,81,16,Z,73,0,474,0,52,190,200,7,0,-24,-3,-211,0,-477,-97,119,-9
7525,9.59,T,90,3,999,0,52,148,144,4,T,83,0,540,0,190,288,212,7,0,-7,-3,-459,0,138,140,68,3
7526,9.59,T,73,0,291,1,15,140,141,2,P,53,0,520,0,2,187,100,2,1,-20,0,229,-1,-13,47,-41,0
7527,7.35,T,67,4,399,0,339,149,109,9,Z,43,8,248,0,62,193,147,2,0,-24,4,-151,0,-277,44,38,-7
7528,9.58,Z,56,9,421,0,16,73,172,0,T,70,6,267,0,58,125,83,12,1,14,-3,-154,0,42,52,-89,12
7529,3.46,Z,11,0,88,0,164,29,245,1,Z,12,2,163,0,54,72,93,0,0,1,2,75,0,-110,43,-152,-1
7530,4.13,T,15,0,310,0,200,53,40,5,P,1,0,21,0,0,1,10,0,0,-14,0,-289,0,-200,-52,-30,-5
7531,2.48,Z,7,1,87,0,224,47,97,2,Z,11,0,49,0,23,55,177,2,1,4,-1,-38,0,-201,8,80,0
7532,9.59,T,42,0,480,0,0,91,66,0,Z,52,1,482,0,26,217,254,3,1,10,1,2,0,26,126,188,3
7533,9.59,Z,67,11,524,0,42,308,277,3,Z,70,6,375,0,87,219,259,6,0,3,-5,-149,0,45,-89,-18,3
7534,6.5,T,40,3,144,0,201,149,248,0,P,39,5,315,0,9,182,125,3,0,-1,2,171,0,-192,33,-123,3
7535,9.59,Z,58,14,487,0,145,181,368,0,T,93,0,504,0,157,282,195,12,0,35,-14,17,0,12,101,-173,12
7536,3.06,P,19,0,116,0,72,47,22,4,P,22,2,89,0,380,64,161,4,0,3,2,-27,0,308,17,139,0
7537,9.59,T,80,0,598,2,536,313,181,21,T,69,0,484,0,14,166,118,7,0,-11,0,-114,-2,-522,-147,-63,-14
7538,8.22,T,54,4,535,0,9,170,119,0,T,60,0,167,0,19,265,224,10,0,6,-4,-368,0,10,95,105,10
7539,7.04,T,45,3,321,0,332,77,171,4,P,27,0,101,0,13,54,60,3,1,-18,-3,-220,0,-319,-23,-111,-1
7540,9.59,P,34,0,511,0,0,61,45,0,P,23,0,839,0,7,209,59,2,0,-11,0,328,0,7,148,14,2
7541,4.38,Z,21,4,357,0,61,96,140,0,Z,19,3,270,0,31,131,126,2,0,-2,-1,-87,0,-30,35,-14,2
7542,9.59,T,29,0,384,0,0,22,35,0,Z,34,3,441,0,31,74,100,2,1,5,3,57,0,31,52,65,2
7543,10.42,P,68,6,836,0,77,133,136,4,Z,74,0,411,0,45,258,301,2,1,6,-6,-425,0,-32,125,165,-2
7544,6.3,T,24,0,117,0,6,184,46,2,T,30,0,298,0,0,93,66,0,0,6,0,181,0,-6,-91,20,-2
7545,8,T,49,0,385,0,2,109,63,4,Z,39,4,655,0,24,64,102,0,0,-10,4,270,0,22,-45,39,-4
7546,7.52,P,25,0,357,0,0,58,33,0,P,25,0,578,0,0,17,55,0,1,0,0,221,0,0,-41,22,0
7547,9.43,Z,53,0,642,0,0,135,178,0,T,58,1,637,2,17,103,94,8,1,5,1,-5,2,17,-32,-84,8
7548,9.59,T,55,0,782,0,4,36,100,1,T,68,10,404,0,56,92,74,0,1,13,10,-378,0,52,56,-26,-1
7549,9.58,P,48,3,490,0,36,77,54,3,T,62,0,352,0,1,262,119,1,1,14,-3,-138,0,-35,185,65,-2
7550,9.23,Z,60,4,344,0,51,95,157,12,Z,61,0,334,12,106,317,296,2,1,1,-4,-10,12,55,222,139,-10
7551,6.49,Z,45,1,452,0,109,68,127,3,T,63,5,297,0,425,237,155,3,1,18,4,-155,0,316,169,28,0
7552,9.59,T,75,14,495,0,117,200,207,2,T,84,4,722,0,294,328,137,4,1,9,-10,227,0,177,128,-70,2
7553,3.47,P,20,1,261,0,15,41,43,0,P,18,0,192,0,23,87,32,3,1,-2,-1,-69,0,8,46,-11,3
7554,9.58,Z,45,1,435,0,36,86,125,1,T,43,2,464,0,3,13,67,0,1,-2,1,29,0,-33,-73,-58,-1
7555,9.59,T,87,4,326,0,431,128,168,4,T,138,0,554,0,755,293,177,25,1,51,-4,228,0,324,165,9,21
7556,5.46,P,27,3,210,0,4,81,32,0,T,24,0,319,0,30,16,29,2,0,-3,-3,109,0,26,-65,-3,2
7557,9.45,T,99,0,428,0,187,328,205,8,T,112,7,661,0,441,349,239,15,1,13,7,233,0,254,21,34,7
7558,9.11,T,95,4,520,0,676,350,169,11,T,83,0,546,0,551,266,197,9,0,-12,-4,26,0,-125,-84,28,-2
7559,6.31,P,28,1,228,0,13,83,29,2,Z,34,0,627,0,26,85,124,11,1,6,-1,399,0,13,2,95,9
7560,9.59,P,69,0,634,0,0,174,92,2,Z,53,0,184,0,0,185,182,0,1,-16,0,-450,0,0,11,90,-2
7561,5.08,T,35,1,239,0,206,40,46,4,Z,32,1,229,0,46,33,111,4,0,-3,0,-10,0,-160,-7,65,0
7562,1.29,Z,2,3,30,0,65,14,29,1,T,4,1,44,0,30,29,50,0,1,2,-2,14,0,-35,15,21,-1
7563,5.29,T,46,3,160,0,61,142,45,2,Z,21,0,348,0,39,140,95,4,0,-25,-3,188,0,-22,-2,50,2
7564,9.59,Z,53,0,531,0,10,302,173,5,T,105,1,498,0,20,278,151,7,1,52,1,-33,0,10,-24,-22,2
7565,4.02,Z,17,4,130,0,188,20,303,0,T,19,3,220,0,200,40,36,1,0,2,-1,90,0,12,20,-267,1
7566,9.56,Z,71,0,633,0,103,323,274,11,T,77,3,477,0,13,157,230,13,0,6,3,-156,0,-90,-166,-44,2
7567,8.39,P,56,1,603,0,15,193,88,3,Z,72,0,641,0,721,402,286,10,0,16,-1,38,0,706,209,198,7
7568,7.07,P,45,4,367,4,81,173,100,0,Z,31,5,346,0,35,113,77,3,0,-14,1,-21,-4,-46,-60,-23,3
7569,8,T,51,2,279,0,15,225,52,2,T,12,0,604,0,0,28,56,0,0,-39,-2,325,0,-15,-197,4,-2
7570,9.58,Z,63,0,518,0,55,240,222,8,P,75,6,222,0,667,215,94,11,0,12,6,-296,0,612,-25,-128,3
7571,9.59,Z,47,0,564,0,22,113,211,2,T,75,1,464,0,52,235,171,5,0,28,1,-100,0,30,122,-40,3
7572,7.15,Z,38,0,229,0,4,56,136,7,T,54,1,570,3,143,85,107,4,0,16,1,341,3,139,29,-29,-3
7573,9.58,Z,57,7,324,0,44,98,182,1,T,83,0,592,0,54,99,82,6,0,26,-7,268,0,10,1,-100,5
7574,9.58,P,62,0,703,0,2,104,119,17,T,76,12,415,2,84,244,108,1,1,14,12,-288,2,82,140,-11,-16
7575,9.59,P,47,0,749,0,51,182,75,13,T,68,0,404,0,110,216,143,7,1,21,0,-345,0,59,34,68,-6
7576,9.59,Z,62,4,272,0,89,411,258,0,Z,91,13,349,0,89,222,239,6,0,29,9,77,0,0,-189,-19,6
7577,5.36,P,24,0,178,0,5,58,40,1,P,23,0,313,0,9,55,50,3,1,-1,0,135,0,4,-3,10,2
7578,6.45,T,31,0,274,0,27,106,63,7,Z,42,1,230,0,19,144,95,1,0,11,1,-44,0,-8,38,32,-6
7579,8.26,T,104,0,336,0,68,118,97,7,Z,68,1,482,0,506,197,326,18,0,-36,1,146,0,438,79,229,11
7580,8.49,Z,56,0,497,0,89,71,169,9,P,39,0,388,0,13,152,42,3,1,-17,0,-109,0,-76,81,-127,-6
7581,9.59,T,102,4,356,0,1126,302,237,17,T,70,0,468,0,833,207,93,4,1,-32,-4,112,0,-293,-95,-144,-13
7582,9.15,T,73,3,672,0,102,152,251,9,T,69,0,617,0,30,134,79,3,0,-4,-3,-55,0,-72,-18,-172,-6
7583,9.59,Z,60,3,598,0,305,257,320,6,P,100,0,421,0,394,345,161,14,1,40,-3,-177,0,89,88,-159,8
7584,9.59,T,103,12,1143,0,44,265,191,6,P,58,4,401,0,66,113,83,2,0,-45,-8,-742,0,22,-152,-108,-4
7585,8.36,P,76,0,384,21,115,233,152,2,T,69,5,681,0,88,113,98,4,1,-7,5,297,-21,-27,-120,-54,2
7586,2.3,P,11,0,34,0,2,24,35,2,Z,14,0,171,0,104,64,62,4,1,3,0,137,0,102,40,27,2
7587,9.59,Z,47,11,746,0,40,201,157,2,P,57,0,864,0,11,180,97,3,1,10,-11,118,0,-29,-21,-60,1
7588,9.59,T,76,0,406,1,111,300,132,10,T,94,9,468,0,118,369,252,1,1,18,9,62,-1,7,69,120,-9
7589,9.59,P,96,0,490,0,693,358,183,17,T,147,0,721,0,677,282,179,18,0,51,0,231,0,-16,-76,-4,1
7590,3.46,T,23,0,597,0,2,65,42,2,Z,10,2,135,0,9,8,45,0,1,-13,2,-462,0,7,-57,3,-2
7591,9.59,P,79,0,496,0,78,130,66,11,T,86,10,972,0,38,243,170,0,1,7,10,476,0,-40,113,104,-11
7592,7.39,Z,47,0,257,0,48,130,169,4,P,48,0,284,0,44,109,94,5,1,1,0,27,0,-4,-21,-75,1
7593,9.27,T,68,3,259,0,36,91,103,1,Z,60,0,298,0,67,104,175,9,1,-8,-3,39,0,31,13,72,8
7594,9.02,Z,83,12,476,2,273,190,242,5,P,102,6,360,0,618,269,145,8,0,19,-6,-116,-2,345,79,-97,3
7595,6.17,Z,44,3,267,0,110,191,119,5,Z,35,7,199,0,25,161,104,8,0,-9,4,-68,0,-85,-30,-15,3
7596,5.19,T,58,3,296,0,355,173,92,9,Z,38,1,278,0,340,185,111,7,0,-20,-2,-18,0,-15,12,19,-2
7597,4.1,Z,24,1,200,0,54,149,100,4,Z,28,0,130,0,2,31,81,3,0,4,-1,-70,0,-52,-118,-19,-1
7598,9.59,Z,58,0,479,0,35,148,271,5,T,79,3,697,0,33,186,102,2,1,21,3,218,0,-2,38,-169,-3
7599,9.57,T,43,3,886,0,29,216,166,1,T,60,0,569,0,7,52,93,4,1,17,-3,-317,0,-22,-164,-73,3
7600,9.59,T,103,5,305,0,172,176,202,7,Z,83,12,601,0,34,213,200,10,1,-20,7,296,0,-138,37,-2,3
7601,9.59,T,92,2,545,0,121,255,157,8,Z,63,6,292,0,314,221,491,5,1,-29,4,-253,0,193,-34,334,-3
7602,9.06,T,86,6,864,0,553,186,269,5,P,77,5,807,0,588,208,141,8,1,-9,-1,-57,0,35,22,-128,3
7603,9.58,Z,51,0,393,0,8,92,164,12,P,51,6,200,0,75,113,60,6,0,0,6,-193,0,67,21,-104,-6
7604,6.37,P,38,0,298,0,69,192,61,10,P,29,0,312,0,388,175,155,9,1,-9,0,14,0,319,-17,94,-1
7605,9.59,T,66,0,638,0,18,139,236,6,P,56,0,357,0,32,135,68,8,0,-10,0,-281,0,14,-4,-168,2
7606,9.59,P,62,0,867,0,35,135,68,7,Z,104,8,579,6,231,344,486,12,1,42,8,-288,6,196,209,418,5
7607,7.42,Z,39,2,246,0,123,86,201,3,Z,33,0,451,0,16,151,161,13,0,-6,-2,205,0,-107,65,-40,10
7608,10.24,P,67,0,621,0,85,260,120,19,P,49,1,750,0,28,125,89,5,1,-18,1,129,0,-57,-135,-31,-14
7609,9.59,Z,58,0,462,0,92,106,226,8,Z,87,0,421,0,400,190,283,11,1,29,0,-41,0,308,84,57,3
7610,9.59,P,55,0,910,0,27,115,66,5,P,51,4,632,0,15,161,88,0,1,-4,4,-278,0,-12,46,22,-5
7611,7.27,T,47,0,436,0,24,62,63,2,P,54,8,374,0,57,62,89,1,0,7,8,-62,0,33,0,26,-1
7612,6.55,T,83,3,467,0,457,217,73,4,T,69,2,316,0,269,193,83,16,0,-14,-1,-151,0,-188,-24,10,12
7613,7.1,P,41,1,647,0,16,143,61,0,T,56,0,646,0,246,228,67,6,1,15,-1,-1,0,230,85,6,6
7614,7.25,Z,43,4,216,0,337,144,204,4,Z,43,5,304,0,55,162,155,5,1,0,1,88,0,-282,18,-49,1
7615,9.58,P,61,0,472,0,76,280,76,10,P,81,0,602,0,68,244,90,7,0,20,0,130,0,-8,-36,14,-3
7616,9.59,P,51,0,635,0,32,185,55,2,Z,56,1,635,0,12,115,154,0,1,5,1,0,0,-20,-70,99,-2
7617,2.49,Z,10,0,57,0,0,14,41,1,T,8,1,47,0,8,36,13,0,1,-2,1,-10,0,8,22,-28,-1
7618,9.53,T,74,0,721,0,246,212,89,12,Z,43,5,830,0,43,186,164,1,0,-31,5,109,0,-203,-26,75,-11
7619,9.55,P,44,0,644,0,5,112,49,0,P,51,7,504,0,139,240,112,2,0,7,7,-140,0,134,128,63,2
7620,5.4,T,26,4,166,0,6,52,69,0,T,32,2,261,0,40,158,83,0,1,6,-2,95,0,34,106,14,0
7621,4.47,T,24,0,277,0,56,59,41,4,T,36,5,223,0,308,120,70,0,0,12,5,-54,0,252,61,29,-4
7622,5.39,P,29,0,185,0,10,65,47,1,P,26,0,387,0,245,174,111,7,1,-3,0,202,0,235,109,64,6
7623,4.09,T,23,0,142,0,0,12,47,0,Z,14,0,239,0,0,45,310,1,0,-9,0,97,0,0,33,263,1
7624,5.51,T,40,1,288,0,56,94,53,5,P,33,3,293,0,189,148,105,2,0,-7,2,5,0,133,54,52,-3
7625,9.4,Z,43,3,518,0,59,110,149,0,P,50,0,508,0,85,308,65,5,1,7,-3,-10,0,26,198,-84,5
7626,9.58,P,70,0,341,0,61,191,94,5,T,65,2,609,0,10,144,92,8,0,-5,2,268,0,-51,-47,-2,3
7627,8.31,Z,31,0,674,0,15,151,109,2,P,38,1,646,0,0,182,73,0,1,7,1,-28,0,-15,31,-36,-2
7628,9.57,T,78,9,576,0,108,101,76,8,P,53,7,1101,0,36,302,83,3,0,-25,-2,525,0,-72,201,7,-5
7629,9.53,Z,86,0,966,0,73,269,273,25,Z,51,10,410,0,60,255,199,6,0,-35,10,-556,0,-13,-14,-74,-19
7630,3.59,T,13,0,97,0,1,10,20,1,T,20,0,279,0,10,31,13,2,1,7,0,182,0,9,21,-7,1
7631,9.56,Z,67,4,388,0,57,82,192,0,T,84,0,441,0,93,291,209,7,1,17,-4,53,0,36,209,17,7
7632,9.58,T,81,0,706,0,444,305,165,11,Z,66,0,811,0,135,170,201,11,0,-15,0,105,0,-309,-135,36,0
7633,10.25,T,95,0,404,0,121,324,207,16,P,88,0,522,0,2,407,207,8,0,-7,0,118,0,-119,83,0,-8
7634,0.25,T,2,0,35,0,0,1,2,0,Z,2,0,15,0,2,8,5,1,1,0,0,-20,0,2,7,3,1
7635,9.54,P,44,0,251,0,10,46,47,4,Z,50,3,725,0,30,163,163,0,0,6,3,474,0,20,117,116,-4
7636,4.51,Z,14,0,135,0,619,68,122,3,T,44,1,198,0,341,154,65,7,1,30,1,63,0,-278,86,-57,4
7637,2.43,P,11,0,35,0,0,30,10,0,T,11,0,193,0,10,24,15,1,0,0,0,158,0,10,-6,5,1
7638,4.03,P,9,0,26,0,0,6,7,0,T,14,2,114,0,6,8,25,0,1,5,2,88,0,6,2,18,0
7639,7.32,Z,30,0,378,0,67,138,117,5,P,36,1,297,0,0,115,53,0,0,6,1,-81,0,-67,-23,-64,-5
7640,7.29,Z,37,4,293,0,195,144,190,6,Z,39,2,342,0,36,37,106,6,0,2,-2,49,0,-159,-107,-84,0
7641,4.49,T,22,1,276,0,68,112,60,3,T,26,1,511,0,49,53,40,3,0,4,0,235,0,-19,-59,-20,0
7642,7.41,T,65,3,379,0,368,120,85,5,T,71,2,431,0,160,272,204,5,1,6,-1,52,0,-208,152,119,0
7643,7.25,Z,61,4,306,0,366,140,194,9,T,78,8,209,0,384,66,92,2,1,17,4,-97,0,18,-74,-102,-7
7644,10.56,P,77,0,726,0,18,200,142,3,T,97,0,1017,0,53,187,132,6,0,20,0,291,0,35,-13,-10,3
7645,9.59,Z,49,3,675,0,76,182,171,6,P,49,5,285,0,34,84,61,3,0,0,2,-390,0,-42,-98,-110,-3
7646,9.59,Z,72,0,753,0,204,190,272,8,T,83,0,695,0,45,207,140,20,0,11,0,-58,0,-159,17,-132,12
7647,10.25,T,138,1,656,0,460,282,218,10,Z,84,0,513,0,197,207,314,10,1,-54,-1,-143,0,-263,-75,96,0
7648,9.58,P,58,13,506,0,94,165,61,0,Z,53,0,311,0,191,120,307,5,0,-5,-13,-195,0,97,-45,246,5
7649,9.39,P,36,0,319,0,0,104,49,0,P,43,6,306,0,1076,174,141,10,0,7,6,-13,0,1076,70,92,10
7650,8.11,Z,52,4,463,9,52,133,138,0,T,34,0,690,0,1,99,74,4,0,-18,-4,227,-9,-51,-34,-64,4
7651,9.28,Z,95,3,1168,0,211,288,361,5,P,51,0,528,0,34,205,194,6,0,-44,-3,-640,0,-177,-83,-167,1
7652,4.26,P,24,0,166,0,66,105,37,7,Z,19,0,225,0,29,51,61,2,0,-5,0,59,0,-37,-54,24,-5
7653,5.36,P,43,0,341,0,1,145,59,10,Z,31,1,254,0,45,132,139,5,0,-12,1,-87,0,44,-13,80,-5
7654,10.19,Z,98,18,531,0,624,336,230,25,T,116,8,675,0,110,366,204,12,0,18,-10,144,0,-514,30,-26,-13
7655,10.29,T,161,6,628,0,318,533,166,26,Z,79,1,805,0,246,507,423,8,1,-82,-5,177,0,-72,-26,257,-18
7656,9.59,P,36,2,472,0,9,234,46,0,T,118,1,373,0,455,242,151,30,1,82,-1,-99,0,446,8,105,30
7657,9.19,T,42,4,346,0,171,268,95,7,T,46,0,687,0,0,103,113,0,1,4,-4,341,0,-171,-165,18,-7
7658,8.55,T,33,0,588,0,0,34,96,2,T,48,0,550,0,54,157,154,10,1,15,0,-38,0,54,123,58,8
7659,6.46,Z,22,1,238,0,13,29,63,1,Z,24,1,203,0,0,18,94,0,0,2,0,-35,0,-13,-11,31,-1
7660,2.1,T,6,0,81,0,296,41,19,5,Z,9,0,58,0,68,19,69,10,1,3,0,-23,0,-228,-22,50,5
7661,2.33,Z,15,4,42,0,97,16,40,0,Z,7,0,68,0,9,20,46,6,0,-8,-4,26,0,-88,4,6,6
7662,9.51,P,75,0,476,0,459,481,240,8,P,58,1,577,0,56,442,259,17,0,-17,1,101,0,-403,-39,19,9
7663,7.57,T,86,0,346,0,417,227,222,14,Z,50,1,444,0,261,311,389,15,1,-36,1,98,0,-156,84,167,1
7664,9.59,Z,49,5,622,0,288,151,184,0,T,61,3,1003,0,22,242,210,3,1,12,-2,381,0,-266,91,26,3
7665,7.39,Z,55,0,466,0,45,146,153,2,P,70,0,277,0,501,205,101,7,0,15,0,-189,0,456,59,-52,5
7666,9.59,Z,79,0,606,0,278,295,449,3,T,100,4,479,0,284,406,200,8,1,21,4,-127,0,6,111,-249,5
7667,3.54,Z,15,2,24,0,2,202,79,0,T,19,2,192,0,249,155,114,12,1,4,0,168,0,247,-47,35,12
7668,9.59,P,62,2,807,0,36,189,76,4,T,70,0,240,0,234,148,207,8,0,8,-2,-567,0,198,-41,131,4
7669,4.33,Z,27,3,275,0,495,198,130,4,T,37,0,293,0,90,99,38,5,1,10,-3,18,0,-405,-99,-92,1
7670,3.28,P,8,2,61,0,102,28,62,0,Z,12,0,96,0,22,11,44,1,0,4,-2,35,0,-80,-17,-18,1
7671,6.34,T,38,1,427,0,53,121,155,5,Z,28,0,300,0,7,49,83,3,0,-10,-1,-127,0,-46,-72,-72,-2
7672,1.19,T,5,1,81,0,5,19,13,1,Z,1,0,191,0,207,8,6,1,1,-4,-1,110,0,202,-11,-7,0
7673,9.59,Z,55,0,582,0,5,188,206,4,T,68,3,639,0,24,232,100,2,1,13,3,57,0,19,44,-106,-2
7674,5.38,P,26,3,158,0,7,76,54,2,T,37,1,357,0,0,69,91,0,0,11,-2,199,0,-7,-7,37,-2
7675,3.58,T,25,0,150,0,149,113,110,11,P,25,4,142,0,338,168,96,12,0,0,4,-8,0,189,55,-14,1
7676,8.35,Z,107,10,303,2,550,293,287,10,Z,75,9,481,6,488,349,296,13,0,-32,-1,178,4,-62,56,9,3
7677,5.47,P,32,6,317,0,223,51,53,0,T,34,1,283,0,65,176,69,3,1,2,-5,-34,0,-158,125,16,3
7678,6.12,T,44,4,295,0,136,73,105,4,T,52,3,231,0,249,122,113,1,1,8,-1,-64,0,113,49,8,-3
7679,9.57,Z,73,0,483,0,60,273,178,5,P,61,0,714,0,30,292,111,7,0,-12,0,231,0,-30,19,-67,2
7680,6.46,Z,36,1,552,0,71,120,95,4,T,99,0,262,0,385,187,116,11,1,63,-1,-290,0,314,67,21,7
7681,10.52,T,113,2,540,0,586,303,225,9,Z,85,2,310,0,63,224,299,9,1,-28,0,-230,0,-523,-79,74,0
7682,4.4,P,15,0,158,0,0,93,34,0,T,25,0,118,0,0,21,45,0,1,10,0,-40,0,0,-72,11,0
7683,9.59,T,46,0,614,0,16,137,98,3,Z,51,0,404,0,171,158,149,4,0,5,0,-210,0,155,21,51,1
7684,9.59,T,92,0,516,0,239,242,131,11,T,92,0,458,0,464,355,147,13,1,0,0,-58,0,225,113,16,2
7685,10.16,P,48,5,370,0,44,94,42,6,T,52,0,549,0,8,91,85,18,0,4,-5,179,0,-36,-3,43,12
7686,9.59,Z,84,13,710,0,106,167,261,4,P,76,2,486,0,135,313,319,4,1,-8,-11,-224,0,29,146,58,0
7687,3.48,P,20,1,86,0,200,120,51,1,T,17,1,64,0,31,73,144,6,0,-3,0,-22,0,-169,-47,93,5
7688,9.59,Z,42,3,438,0,175,169,257,5,T,50,3,272,0,24,74,60,0,0,8,0,-166,0,-151,-95,-197,-5
7689,9.59,Z,48,0,425,0,14,134,168,2,P,43,0,532,0,5,206,97,3,0,-5,0,107,0,-9,72,-71,1
7690,7.29,T,45,3,292,0,102,124,103,7,Z,39,2,306,0,136,171,211,0,0,-6,-1,14,0,34,47,108,-7
7691,9.59,T,74,3,792,0,166,148,221,5,Z,69,0,443,0,62,191,316,8,0,-5,-3,-349,0,-104,43,95,3
7692,8.57,T,59,1,517,0,675,241,64,15,T,86,1,556,0,685,170,125,7,1,27,0,39,0,10,-71,61,-8
7693,4.31,Z,15,1,292,0,15,41,60,1,T,23,0,175,0,4,33,39,2,0,8,-1,-117,0,-11,-8,-21,1
7694,10.32,T,72,0,1075,0,22,202,159,11,T,78,0,1213,0,28,250,188,19,1,6,0,138,0,6,48,29,8
7695,6.22,Z,33,3,193,0,20,50,85,0,Z,29,7,475,0,40,35,116,0,1,-4,4,282,0,20,-15,31,0
7696,9.57,T,44,0,695,0,12,125,102,0,P,61,0,302,0,24,305,60,4,0,17,0,-393,0,12,180,-42,4
7697,5.35,Z,33,1,210,0,223,188,143,2,Z,31,0,227,0,63,79,98,2,0,-2,-1,17,0,-160,-109,-45,0
7698,5.08,Z,25,1,151,0,68,99,111,3,T,42,0,228,0,407,122,176,7,1,17,-1,77,0,339,23,65,4
7699,9.58,P,63,0,421,0,34,368,243,0,Z,72,3,507,0,147,202,247,12,1,9,3,86,0,113,-166,4,12
7700,9.59,Z,41,0,623,0,0,214,139,0,P,39,1,645,0,6,181,74,0,1,-2,1,22,0,6,-33,-65,0
7701,9.59,Z,56,0,639,0,91,359,373,4,Z,55,5,499,0,111,401,221,17,1,-1,5,-140,0,20,42,-152,13
7702,7.15,P,52,2,461,6,57,113,73,0,Z,51,0,393,0,32,90,162,11,1,-1,-2,-68,-6,-25,-23,89,11
7703,10.15,T,59,20,537,0,33,477,76,4,Z,33,0,128,0,0,90,144,0,1,-26,-20,-409,0,-33,-387,68,-4
7704,9.56,T,40,0,184,0,0,20,68,0,P,27,4,299,0,4,46,42,3,1,-13,4,115,0,4,26,-26,3
7705,5.03,P,28,0,186,0,46,170,83,1,T,51,3,208,0,273,170,49,5,1,23,3,22,0,227,0,-34,4
7706,7.34,P,37,3,334,0,26,181,47,3,T,51,0,680,0,9,133,80,1,0,14,-3,346,0,-17,-48,33,-2
7707,9.58,Z,39,0,547,0,18,163,158,3,T,53,5,585,0,1,83,86,0,1,14,5,38,0,-17,-80,-72,-3
7708,5.31,P,31,0,448,0,234,81,85,5,Z,30,0,345,0,35,100,96,2,0,-1,0,-103,0,-199,19,11,-3
7709,9.39,T,66,4,659,0,14,134,111,1,P,57,5,712,0,3,211,142,1,1,-9,1,53,0,-11,77,31,0
7710,5.41,Z,28,0,228,0,130,156,181,2,T,40,0,274,0,476,78,162,9,1,12,0,46,0,346,-78,-19,7
7711,9.46,Z,69,0,356,0,21,256,248,8,P,72,9,400,0,379,248,47,0,0,3,9,44,0,358,-8,-201,-8
7712,8.42,T,70,0,324,0,57,268,116,2,Z,74,8,262,4,97,234,262,4,1,4,8,-62,4,40,-34,146,2
7713,8.21,T,81,5,863,0,90,166,86,2,T,83,2,422,0,363,320,93,8,1,2,-3,-441,0,273,154,7,6
7714,3.52,Z,17,2,72,0,27,38,114,2,Z,14,0,221,0,0,46,80,1,1,-3,-2,149,0,-27,8,-34,-1
7715,10.55,T,47,0,939,0,39,153,108,7,T,57,3,527,0,26,248,41,1,1,10,3,-412,0,-13,95,-67,-6
7716,10.31,P,51,0,370,0,21,150,54,5,P,44,0,456,0,1,306,79,2,0,-7,0,86,0,-20,156,25,-3
7717,9.58,T,68,7,434,0,304,187,149,6,Z,66,5,396,0,264,126,222,2,1,-2,-2,-38,0,-40,-61,73,-4
7718,9.58,T,75,0,448,0,34,159,95,9,P,40,0,260,0,7,136,58,1,0,-35,0,-188,0,-27,-23,-37,-8
7719,6.38,Z,37,1,432,0,33,83,107,0,Z,33,0,856,0,26,77,86,2,0,-4,-1,424,0,-7,-6,-21,2
7720,8.5,P,63,1,276,1,1071,358,307,13,T,78,5,448,0,437,141,105,5,1,15,4,172,-1,-634,-217,-202,-8
7721,8.15,Z,49,0,570,0,214,145,174,7,P,61,0,296,0,166,108,45,10,1,12,0,-274,0,-48,-37,-129,3
7722,9.59,Z,82,1,630,0,15,143,289,3,P,78,3,344,2,89,350,124,1,0,-4,2,-286,2,74,207,-165,-2
7723,8.57,Z,51,6,604,0,126,278,146,0,P,53,0,518,0,31,259,74,4,1,2,-6,-86,0,-95,-19,-72,4
7724,2.46,P,8,0,62,0,474,23,8,6,T,11,0,143,0,81,74,9,3,0,3,0,81,0,-393,51,1,-3
7725,2.35,T,11,0,106,0,185,55,19,4,P,9,0,61,0,0,68,21,0,1,-2,0,-45,0,-185,13,2,-4
7726,8,Z,44,7,338,0,77,305,150,5,T,124,0,318,0,144,378,99,9,1,80,-7,-20,0,67,73,-51,4
7727,10.21,T,102,0,686,0,354,216,184,42,T,77,0,532,0,393,560,286,9,0,-25,0,-154,0,39,344,102,-33
7728,9.13,T,60,0,685,0,577,144,128,13,Z,60,6,419,0,79,111,265,0,0,0,6,-266,0,-498,-33,137,-13
7729,4.55,Z,26,0,186,0,446,148,142,15,Z,29,0,258,0,24,80,117,2,1,3,0,72,0,-422,-68,-25,-13
7730,4.16,P,23,1,126,0,18,38,19,1,P,13,0,159,0,3,48,34,1,1,-10,-1,33,0,-15,10,15,0
7731,9.32,Z,58,0,460,0,53,137,171,4,P,47,2,726,0,4,95,71,0,0,-11,2,266,0,-49,-42,-100,-4
7732,9.58,Z,49,2,480,0,92,195,173,5,T,74,4,645,0,89,242,175,3,0,25,2,165,0,-3,47,2,-2
7733,9.54,T,60,6,517,0,24,65,83,0,Z,49,12,429,0,27,183,153,0,1,-11,6,-88,0,3,118,70,0
7734,9.44,P,71,3,563,5,126,271,143,2,Z,77,9,572,0,343,266,326,4,1,6,6,9,-5,217,-5,183,2
7735,9.59,T,72,2,496,0,584,145,221,15,T,84,11,973,0,83,115,78,0,1,12,9,477,0,-501,-30,-143,-15
7736,3.05,Z,14,0,70,0,124,17,73,5,Z,13,3,63,0,33,21,62,4,1,-1,3,-7,0,-91,4,-11,-1
7737,8.21,P,46,3,483,0,450,285,134,8,Z,54,0,459,0,82,243,324,6,0,8,-3,-24,0,-368,-42,190,-2
7738,9.59,Z,66,2,484,0,100,185,222,0,Z,44,15,828,0,52,40,189,1,1,-22,13,344,0,-48,-145,-33,1
7739,9.59,P,104,0,404,0,157,376,80,11,T,134,9,590,0,376,311,229,9,0,30,9,186,0,219,-65,149,-2
7740,1.26,P,9,0,76,0,1,22,13,2,Z,6,1,48,0,12,16,19,1,0,-3,1,-28,0,11,-6,6,-1
7741,4.39,P,19,0,465,0,10,95,43,3,T,21,0,243,0,461,76,56,11,1,2,0,-222,0,451,-19,13,8
7742,9.58,T,104,12,476,0,666,311,106,7,Z,80,0,410,0,446,154,256,11,0,-24,-12,-66,0,-220,-157,150,4
7743,9.59,T,61,0,857,0,3,152,109,2,T,55,0,992,0,10,87,113,4,1,-6,0,135,0,7,-65,4,2
7744,3.59,P,18,2,245,0,5,53,30,0,Z,14,0,212,0,0,34,51,1,0,-4,-2,-33,0,-5,-19,21,1
7745,9.57,P,59,1,390,0,41,166,81,4,T,59,15,543,4,111,266,72,2,0,0,14,153,4,70,100,-9,-2
7746,4.54,Z,21,3,299,0,6,51,87,2,Z,29,1,75,0,9,64,58,0,1,8,-2,-224,0,3,13,-29,-2
7747,10.43,T,84,4,516,0,72,240,154,1,P,73,0,630,0,6,277,130,1,0,-11,-4,114,0,-66,37,-24,0
7748,9.59,T,106,1,624,0,258,405,156,10,T,115,0,568,0,526,373,112,15,1,9,-1,-56,0,268,-32,-44,5
7749,3.48,T,20,2,128,0,91,51,68,0,T,18,2,286,0,14,78,56,3,0,-2,0,158,0,-77,27,-12,3
7750,5.06,T,39,1,177,0,46,97,57,2,P,30,1,282,0,44,84,71,0,1,-9,0,105,0,-2,-13,14,-2
7751,10.42,P,57,2,610,0,1,166,86,0,Z,58,0,319,9,63,123,177,0,1,1,-2,-291,9,62,-43,91,0
7752,9.59,T,73,5,722,0,585,289,191,5,T,53,0,1156,0,2,115,122,2,0,-20,-5,434,0,-583,-174,-69,-3
7753,6.28,P,43,0,419,0,288,169,132,6,P,43,0,422,0,74,157,34,10,0,0,0,3,0,-214,-12,-98,4
7754,6.44,T,38,0,451,0,30,79,63,5,P,26,0,320,0,5,44,51,1,1,-12,0,-131,0,-25,-35,-12,-4
7755,9.59,T,115,0,479,0,552,209,112,16,T,68,0,516,0,21,85,86,3,0,-47,0,37,0,-531,-124,-26,-13
7756,9.59,Z,65,5,465,0,571,212,403,10,T,101,3,414,0,53,401,118,14,0,36,-2,-51,0,-518,189,-285,4
7757,9.02,P,42,0,374,0,11,48,33,1,Z,55,5,882,0,35,93,154,2,0,13,5,508,0,24,45,121,1
7758,3.06,Z,11,0,97,0,19,17,54,7,Z,13,1,91,0,28,43,60,1,1,2,1,-6,0,9,26,6,-6
7759,0.19,Z,2,0,1,0,3,14,10,2,T,1,0,17,0,0,14,1,0,0,-1,0,16,0,-3,0,-9,-2
7760,9.59,Z,78,2,314,0,584,188,350,11,T,119,0,756,0,64,217,121,8,0,41,-2,442,0,-520,29,-229,-3
7761,5.37,T,22,0,254,0,2,21,41,1,P,21,3,473,0,3,103,64,0,1,-1,3,219,0,1,82,23,-1
7762,10.57,T,71,0,609,0,19,103,103,6,T,75,0,891,0,147,213,209,3,0,4,0,282,0,128,110,106,-3
7763,0.46,Z,1,0,10,0,0,38,10,0,P,1,0,48,0,4,10,3,3,1,0,0,38,0,4,-28,-7,3
7764,4.18,P,20,0,200,0,21,99,14,1,Z,12,0,76,0,213,30,242,1,1,-8,0,-124,0,192,-69,228,0
7765,4.39,P,25,1,281,0,71,174,62,6,Z,33,6,224,0,204,132,125,3,0,8,5,-57,0,133,-42,63,-3
7766,9.59,P,64,6,602,0,21,205,115,0,T,72,0,593,0,247,250,119,6,0,8,-6,-9,0,226,45,4,6
7767,6.28,Z,53,9,425,0,163,140,197,6,T,94,5,284,0,446,264,61,5,1,41,-4,-141,0,283,124,-136,-1
7768,7.16,P,63,5,486,0,427,255,130,14,Z,62,4,187,0,43,194,146,6,0,-1,-1,-299,0,-384,-61,16,-8
7769,9.42,T,56,0,728,0,0,189,104,2,P,42,0,323,0,52,106,56,11,1,-14,0,-405,0,52,-83,-48,9
7770,1.44,Z,8,0,204,3,26,38,51,3,P,11,0,94,0,154,38,16,5,0,3,0,-110,-3,128,0,-35,2
7771,3.12,P,11,4,100,0,2,26,17,0,P,8,0,122,0,3,20,20,0,0,-3,-4,22,0,1,-6,3,0
7772,8.06,Z,50,0,449,0,164,221,246,5,T,49,5,933,1,127,199,224,7,1,-1,5,484,1,-37,-22,-22,2
7773,4.37,Z,25,0,165,0,147,77,104,5,Z,23,6,63,0,290,97,101,6,1,-2,6,-102,0,143,20,-3,1
7774,9.58,T,90,0,679,0,13,333,114,9,T,90,1,552,0,756,340,153,10,0,0,1,-127,0,743,7,39,1
7775,9.59,T,95,5,500,0,397,212,133,9,Z,61,9,289,0,39,112,245,0,1,-34,4,-211,0,-358,-100,112,-9
7776,9.55,Z,47,8,324,0,101,76,129,0,T,57,5,448,0,15,155,112,0,1,10,-3,124,0,-86,79,-17,0
7777,3.28,Z,12,0,101,0,5,10,39,1,T,6,0,57,0,0,2,6,0,0,-6,0,-44,0,-5,-8,-33,-1
7778,3.59,T,25,0,214,0,342,98,85,6,Z,13,0,111,0,19,35,37,4,1,-12,0,-103,0,-323,-63,-48,-2
7779,10.13,Z,51,0,323,0,0,55,186,0,P,42,2,416,2,17,106,65,3,0,-9,2,93,2,17,51,-121,3
7780,4.49,Z,25,0,174,4,24,54,73,0,T,34,1,401,0,548,58,31,1,1,9,1,227,-4,524,4,-42,1
7781,4.07,P,16,0,340,0,0,93,39,0,T,27,4,437,0,160,75,88,2,1,11,4,97,0,160,-18,49,2
7782,9.59,Z,54,0,440,0,120,101,214,3,T,37,2,210,0,0,66,58,0,0,-17,2,-230,0,-120,-35,-156,-3
7783,9.59,T,99,0,352,0,176,206,104,8,Z,87,5,462,0,112,205,315,5,0,-12,5,110,0,-64,-1,211,-3
7784,6.03,T,49,6,238,0,45,210,59,1,Z,32,4,296,0,103,372,225,2,1,-17,-2,58,0,58,162,166,1
7785,5.39,T,32,5,260,0,33,63,44,1,T,33,0,503,0,40,77,92,4,1,1,-5,243,0,7,14,48,3
7786,5.06,T,22,2,272,0,17,53,37,1,Z,23,1,198,0,0,15,77,1,0,1,-1,-74,0,-17,-38,40,0
7787,6.34,Z,24,0,36,0,19,18,59,1,Z,33,0,328,0,0,46,140,0,1,9,0,292,0,-19,28,81,-1
7788,9.59,T,36,0,850,0,1,215,80,1,T,41,7,781,0,10,64,114,0,1,5,7,-69,0,9,-151,34,-1
7789,4.55,Z,20,6,321,0,19,64,69,1,Z,29,0,314,0,32,32,71,4,0,9,-6,-7,0,13,-32,2,3
7790,9.59,Z,63,0,397,0,151,291,383,3,T,46,1,871,0,1,266,77,0,0,-17,1,474,0,-150,-25,-306,-3
7791,9.59,Z,53,1,296,0,193,275,170,10,T,59,3,803,0,21,92,71,3,1,6,2,507,0,-172,-183,-99,-7
7792,9.57,Z,41,0,403,0,29,48,141,2,T,54,0,542,0,9,109,129,2,0,13,0,139,0,-20,61,-12,0
7793,9.57,Z,43,0,930,0,123,90,127,1,P,53,0,426,0,19,116,69,11,1,10,0,-504,0,-104,26,-58,10
7794,7.33,Z,63,7,284,0,86,183,145,2,P,60,3,266,0,74,227,56,5,1,-3,-4,-18,0,-12,44,-89,3
7795,4.45,Z,35,3,78,0,351,155,143,9,Z,20,8,61,0,207,127,284,4,0,-15,5,-17,0,-144,-28,141,-5
7796,9.57,T,47,0,676,0,0,103,86,3,P,22,0,375,0,1,195,82,0,1,-25,0,-301,0,1,92,-4,-3
7797,6.39,T,58,7,398,0,48,193,77,1,Z,46,1,211,0,59,220,147,4,0,-12,-6,-187,0,11,27,70,3
7798,9.59,Z,70,0,267,0,23,329,262,12,T,72,0,443,0,22,189,123,8,1,2,0,176,0,-1,-140,-139,-4
7799,7.23,T,52,0,598,0,549,142,67,7,Z,39,0,403,0,39,112,90,3,0,-13,0,-195,0,-510,-30,23,-4
7800,9.16,P,87,6,473,0,951,309,311,9,T,93,0,366,0,365,352,278,9,1,6,-6,-107,0,-586,43,-33,0
7801,6.27,T,28,0,483,0,0,40,62,1,T,23,3,244,0,1,49,38,0,0,-5,3,-239,0,1,9,-24,-1
7802,6.02,Z,35,1,191,0,30,153,225,5,T,47,1,334,0,48,219,105,4,0,12,0,143,0,18,66,-120,-1
7803,5.26,T,33,0,318,0,0,83,93,3,Z,26,0,338,0,4,52,101,2,0,-7,0,20,0,4,-31,8,-1
7804,10.21,Z,60,3,399,0,34,74,171,0,Z,79,6,481,0,166,263,233,8,1,19,3,82,0,132,189,62,8
7805,9.59,T,29,0,528,0,2,93,71,3,P,32,0,401,0,0,143,70,0,1,3,0,-127,0,-2,50,-1,-3
7806,6.14,Z,32,0,325,0,177,65,125,4,P,38,0,346,0,34,312,56,17,1,6,0,21,0,-143,247,-69,13
7807,10.2,T,67,1,713,0,17,211,121,0,T,116,1,935,0,52,281,154,5,1,49,0,222,0,35,70,33,5
7808,5.11,Z,25,2,229,0,10,57,70,0,T,39,0,264,0,304,76,40,6,1,14,-2,35,0,294,19,-30,6
7809,9.59,P,53,0,716,0,16,116,79,10,T,119,0,470,0,63,167,105,10,1,66,0,-246,0,47,51,26,0
7810,2.01,Z,5,0,32,0,7,8,37,1,P,6,0,27,0,1,45,16,1,0,1,0,-5,0,-6,37,-21,0
7811,6.57,P,35,2,479,0,9,160,55,4,T,50,0,371,0,54,146,98,5,1,15,-2,-108,0,45,-14,43,1
7812,9.59,Z,47,4,374,0,6,167,185,2,P,44,3,427,0,23,102,54,2,0,-3,-1,53,0,17,-65,-131,0
7813,10.11,P,65,0,547,0,62,292,134,24,T,68,3,587,0,64,142,75,8,1,3,3,40,0,2,-150,-59,-16
7814,10.34,Z,52,0,539,0,0,133,211,0,T,85,0,666,0,18,440,239,5,0,33,0,127,0,18,307,28,5
7815,2.26,P,7,0,151,0,1,96,24,1,P,11,0,135,0,5,31,11,0,0,4,0,-16,0,4,-65,-13,-1
7816,10.57,Z,87,12,559,0,264,238,287,2,Z,84,3,472,0,405,249,461,8,1,-3,-9,-87,0,141,11,174,6
7817,7.28,Z,41,8,390,0,505,187,246,4,T,94,3,318,0,215,210,198,6,1,53,-5,-72,0,-290,23,-48,2
7818,0.19,T,2,0,1,0,0,3,5,1,P,1,0,7,0,1,9,29,0,1,-1,0,6,0,1,6,24,-1
7819,8.12,T,63,2,415,0,238,219,167,13,T,99,5,307,0,380,240,173,7,1,36,3,-108,0,142,21,6,-6
7820,9.59,Z,91,8,693,0,799,283,262,4,T,148,0,410,0,603,174,127,21,0,57,-8,-283,0,-196,-109,-135,17
7821,4.25,T,22,0,152,0,32,84,29,4,T,20,0,92,0,0,21,28,1,1,-2,0,-60,0,-32,-63,-1,-3
7822,10.31,Z,60,9,737,0,56,149,132,0,T,85,0,689,0,38,180,147,4,1,25,-9,-48,0,-18,31,15,4
7823,7.17,Z,43,4,188,0,53,87,127,0,T,34,2,318,0,1,88,87,1,0,-9,-2,130,0,-52,1,-40,1
7824,1.08,T,4,0,93,0,0,5,7,0,Z,2,0,26,0,0,11,19,0,0,-2,0,-67,0,0,6,12,0
7825,3.57,T,13,0,313,0,1,21,26,2,P,21,0,58,0,0,38,32,2,1,8,0,-255,0,-1,17,6,0
7826,9.59,Z,75,1,384,0,102,365,254,8,P,54,0,547,0,106,266,76,11,0,-21,-1,163,0,4,-99,-178,3
7827,7.46,P,39,11,430,0,109,177,49,1,P,33,1,340,0,65,149,102,4,0,-6,-10,-90,0,-44,-28,53,3
7828,8.18,Z,47,0,453,0,56,155,178,7,T,66,0,578,0,307,221,73,9,1,19,0,125,0,251,66,-105,2
7829,1.04,P,5,0,15,0,7,8,10,0,T,5,2,9,0,3,14,3,0,1,0,2,-6,0,-4,6,-7,0
7830,8.12,T,93,0,531,0,521,197,110,20,Z,87,6,550,0,259,290,358,5,0,-6,6,19,0,-262,93,248,-15
7831,10.07,Z,30,0,481,0,35,164,137,8,T,82,0,436,0,20,160,99,5,1,52,0,-45,0,-15,-4,-38,-3
7832,10,T,63,0,544,0,2,264,145,1,P,35,0,263,7,25,65,59,2,0,-28,0,-281,7,23,-199,-86,1
7833,9.51,Z,56,3,265,0,37,188,339,1,P,86,0,738,0,222,294,89,12,0,30,-3,473,0,185,106,-250,11
7834,4.17,P,17,4,159,0,2,106,60,0,Z,16,0,63,0,17,43,58,4,0,-1,-4,-96,0,15,-63,-2,4
7835,9.59,T,42,0,487,0,14,19,42,0,T,59,0,670,0,32,93,67,3,1,17,0,183,0,18,74,25,3
7836,7.14,T,51,0,819,0,55,89,66,6,T,45,0,354,0,482,178,251,9,0,-6,0,-465,0,427,89,185,3
7837,9.54,P,47,0,376,0,0,109,81,0,T,73,0,1077,0,23,242,163,4,1,26,0,701,0,23,133,82,4
7838,7.26,T,48,2,419,0,362,214,46,4,T,39,0,567,0,2,177,62,2,1,-9,-2,148,0,-360,-37,16,-2
7839,9.59,Z,75,0,322,0,534,180,290,9,T,118,3,514,0,432,292,207,7,0,43,3,192,0,-102,112,-83,-2
7840,2.48,Z,12,2,120,0,7,73,40,0,P,8,0,184,0,4,99,17,1,1,-4,-2,64,0,-3,26,-23,1
7841,6.28,P,52,4,237,0,169,252,140,10,Z,36,0,220,0,38,159,195,4,0,-16,-4,-17,0,-131,-93,55,-6
7842,4.32,Z,18,1,120,0,21,54,87,1,P,20,0,307,0,54,101,86,10,0,2,-1,187,0,33,47,-1,9
7843,6.09,Z,48,0,280,0,98,94,249,11,Z,27,0,170,0,47,46,89,3,1,-21,0,-110,0,-51,-48,-160,-8
7844,9.59,Z,46,0,527,0,408,280,387,7,Z,54,0,659,0,26,211,184,5,1,8,0,132,0,-382,-69,-203,-2
7845,9.04,T,65,4,309,0,122,251,90,6,T,61,2,513,0,18,70,109,0,0,-4,-2,204,0,-104,-181,19,-6
7846,9.57,T,99,4,609,0,312,283,116,3,T,129,0,555,0,433,375,149,33,0,30,-4,-54,0,121,92,33,30
7847,5.52,T,53,5,189,0,9,155,124,5,Z,26,5,273,0,23,160,209,1,0,-27,0,84,0,14,5,85,-4
7848,9.59,T,111,0,481,0,55,128,124,4,Z,70,0,535,0,200,238,345,9,0,-41,0,54,0,145,110,221,5
7849,9.58,T,53,0,649,0,35,121,95,4,P,46,0,599,0,0,142,71,0,0,-7,0,-50,0,-35,21,-24,-4
7850,9.22,Z,35,0,397,0,10,84,155,2,Z,57,0,343,0,1,80,239,1,1,22,0,-54,0,-9,-4,84,-1
7851,10.26,P,59,11,539,0,44,220,146,2,P,57,3,704,0,21,253,89,0,1,-2,-8,165,0,-23,33,-57,-2
7852,4.52,Z,21,0,212,0,9,34,63,1,T,48,0,285,0,51,169,51,8,1,27,0,73,0,42,135,-12,7
7853,8.31,P,25,0,176,0,0,13,28,0,T,33,3,619,0,13,16,30,0,1,8,3,443,0,13,3,2,0
7854,6.17,Z,41,0,511,0,15,114,151,3,P,46,0,255,0,319,155,96,8,1,5,0,-256,0,304,41,-55,5
7855,7.2,T,52,5,336,0,32,197,67,3,P,27,0,597,0,0,115,42,0,0,-25,-5,261,0,-32,-82,-25,-3
7856,8.53,Z,53,0,513,0,96,189,299,4,P,60,1,801,0,146,176,181,5,0,7,1,288,0,50,-13,-118,1
7857,9.59,P,43,6,319,0,26,91,55,4,P,54,0,531,0,10,218,76,2,0,11,-6,212,0,-16,127,21,-2
7858,8.43,T,59,7,402,0,389,233,118,7,T,68,0,511,0,8,186,122,3,1,9,-7,109,0,-381,-47,4,-4
7859,6.42,P,31,1,410,0,16,146,191,2,T,61,1,267,0,583,262,163,12,1,30,0,-143,0,567,116,-28,10
7860,5.53,P,28,0,187,0,15,112,47,1,T,41,5,256,0,44,108,44,0,1,13,5,69,0,29,-4,-3,-1
7861,9.59,P,61,7,254,0,99,276,125,2,T,75,9,375,2,58,140,115,7,1,14,2,121,2,-41,-136,-10,5
7862,9.59,P,70,3,383,0,26,278,95,2,Z,74,10,701,0,367,175,423,3,0,4,7,318,0,341,-103,328,1
7863,9.55,Z,47,0,382,0,6,140,193,1,P,58,1,585,0,21,176,71,4,1,11,1,203,0,15,36,-122,3
7864,5.24,T,19,0,139,0,1,14,39,1,P,26,0,232,0,134,53,25,6,1,7,0,93,0,133,39,-14,5
7865,6.34,T,44,0,381,0,547,195,130,9,T,56,1,434,1,120,91,87,7,1,12,1,53,1,-427,-104,-43,-2
7866,4.36,T,32,0,477,0,78,49,21,3,Z,18,0,135,0,2,20,75,7,0,-14,0,-342,0,-76,-29,54,4
7867,9.59,P,30,0,777,0,0,152,46,0,Z,40,2,1167,0,6,50,123,0,0,10,2,390,0,6,-102,77,0
7868,9.59,Z,42,5,324,0,113,81,145,0,T,72,0,657,0,24,112,92,4,0,30,-5,333,0,-89,31,-53,4
7869,7.17,P,34,1,333,0,9,153,37,2,Z,34,0,229,0,0,47,77,0,0,0,-1,-104,0,-9,-106,40,-2
7870,9.47,P,44,0,574,0,10,247,86,1,Z,63,2,869,0,69,142,173,1,1,19,2,295,0,59,-105,87,0
7871,3.22,T,22,0,166,0,331,44,12,3,T,21,0,275,0,46,85,26,5,0,-1,0,109,0,-285,41,14,2
7872,3.56,Z,15,3,225,0,33,34,62,0,Z,18,0,241,0,299,44,69,3,1,3,-3,16,0,266,10,7,3
7873,6.38,P,36,0,437,0,25,78,91,8,T,43,5,224,0,5,75,110,0,0,7,5,-213,0,-20,-3,19,-8
7874,9.17,P,49,1,579,0,4,83,69,0,P,37,5,401,0,34,163,53,2,1,-12,4,-178,0,30,80,-16,2
7875,9.59,T,111,7,311,0,152,321,188,5,P,49,0,625,0,10,395,92,9,1,-62,-7,314,0,-142,74,-96,4
7876,10.48,P,57,8,782,0,27,155,82,3,P,43,0,874,8,41,239,114,1,1,-14,-8,92,8,14,84,32,-2
7877,4.28,Z,14,0,294,0,8,31,118,1,Z,19,4,146,0,126,85,182,1,0,5,4,-148,0,118,54,64,0
7878,8.26,T,109,5,323,0,587,388,136,14,T,77,10,493,0,71,355,107,0,1,-32,5,170,0,-516,-33,-29,-14
7879,9.58,P,52,0,1172,0,26,192,88,2,Z,50,0,271,0,0,43,204,0,0,-2,0,-901,0,-26,-149,116,-2
7880,9.58,T,52,0,562,2,54,117,86,0,P,58,0,843,0,0,78,136,0,0,6,0,281,-2,-54,-39,50,0
7881,6.37,Z,45,0,177,8,186,208,270,0,P,32,1,464,0,58,157,50,6,1,-13,1,287,-8,-128,-51,-220,6
7882,9.08,P,65,2,683,0,5,134,101,0,T,105,4,456,0,532,255,138,9,0,40,2,-227,0,527,121,37,9
7883,9.59,T,90,4,581,0,220,308,267,3,T,69,0,571,0,53,195,171,3,0,-21,-4,-10,0,-167,-113,-96,0
7884,9.59,T,126,0,495,0,105,307,139,15,Z,110,5,668,0,471,414,330,27,1,-16,5,173,0,366,107,191,12
7885,7.32,T,74,1,417,2,166,308,120,5,T,83,0,369,0,401,219,137,11,1,9,-1,-48,-2,235,-89,17,6
7886,9.59,Z,51,0,430,0,48,110,105,10,P,27,0,435,0,0,33,40,0,1,-24,0,5,0,-48,-77,-65,-10
7887,6.21,P,28,0,437,0,5,75,36,3,T,37,2,436,0,70,93,55,4,0,9,2,-1,0,65,18,19,1
7888,4.23,Z,22,5,118,1,381,195,179,4,Z,28,0,125,0,98,171,109,9,1,6,-5,7,-1,-283,-24,-70,5
7889,3.47,T,15,0,335,0,0,12,24,0,T,18,0,219,0,1,11,33,4,1,3,0,-116,0,1,-1,9,4
7890,4.34,P,22,0,366,0,3,60,28,1,Z,18,0,361,0,24,19,72,6,1,-4,0,-5,0,21,-41,44,5
7891,2.19,T,9,1,126,0,6,42,7,2,T,7,0,140,0,5,64,18,2,1,-2,-1,14,0,-1,22,11,0
7892,6.08,T,41,0,342,0,166,238,153,13,P,45,0,388,0,428,228,115,7,1,4,0,46,0,262,-10,-38,-6
7893,3.09,Z,14,0,194,0,232,77,140,6,P,15,0,214,0,3,47,25,0,0,1,0,20,0,-229,-30,-115,-6
7894,9.59,T,51,0,903,0,4,26,63,3,T,42,0,403,0,0,31,61,0,1,-9,0,-500,0,-4,5,-2,-3
7895,5.2,T,31,0,196,0,235,59,49,3,T,30,0,286,0,425,105,32,8,1,-1,0,90,0,190,46,-17,5
7896,5.54,T,29,0,386,0,4,28,52,2,Z,29,3,266,0,51,65,109,1,1,0,3,-120,0,47,37,57,-1
7897,7.22,Z,31,7,316,0,40,188,127,0,Z,34,8,826,0,11,132,123,0,1,3,1,510,0,-29,-56,-4,0
7898,10.2,T,79,0,710,0,33,223,115,4,P,53,0,899,0,46,350,74,8,1,-26,0,189,0,13,127,-41,4
7899,5.16,P,21,0,337,0,5,108,30,2,Z,22,0,308,0,7,51,103,0,0,1,0,-29,0,2,-57,73,-2
7900,9.59,P,77,0,476,0,99,408,151,22,Z,57,3,505,0,70,231,408,5,1,-20,3,29,0,-29,-177,257,-17
7901,2.18,T,7,0,94,0,8,48,44,2,Z,8,0,50,0,47,23,31,4,0,1,0,-44,0,39,-25,-13,2
7902,5.14,P,19,0,278,0,0,106,32,1,P,27,1,546,0,0,97,60,0,1,8,1,268,0,0,-9,28,-1
7903,10.5,Z,100,4,672,1,63,144,361,8,T,95,0,1005,0,71,334,171,9,0,-5,-4,333,-1,8,190,-190,1
7904,10.11,T,88,0,464,0,529,248,157,10,Z,67,3,651,0,51,195,197,4,0,-21,3,187,0,-478,-53,40,-6
7905,9.59,Z,60,0,351,0,52,396,192,5,T,100,0,563,0,264,413,142,11,0,40,0,212,0,212,17,-50,6
7906,6.15,P,47,3,279,0,482,224,49,5,P,27,0,555,0,0,91,41,0,0,-20,-3,276,0,-482,-133,-8,-5
7907,3.03,Z,11,0,57,0,3,37,81,0,T,18,0,145,0,78,47,32,9,0,7,0,88,0,75,10,-49,9
7908,9.59,T,61,4,904,0,5,141,118,0,P,59,10,663,0,76,136,67,3,1,-2,6,-241,0,71,-5,-51,3
7909,9.59,T,72,0,899,0,30,57,89,5,P,60,6,515,0,32,154,72,5,1,-12,6,-384,0,2,97,-17,0
7910,9.11,Z,63,0,418,11,78,133,195,0,T,112,0,410,0,461,221,244,12,0,49,0,-8,-11,383,88,49,12
7911,4.13,Z,21,2,150,0,138,110,128,1,Z,19,0,301,0,185,65,108,6,0,-2,-2,151,0,47,-45,-20,5
7912,3.49,Z,18,2,175,0,13,94,107,0,Z,19,0,19,0,28,48,37,4,0,1,-2,-156,0,15,-46,-70,4
7913,9.59,T,127,1,429,0,578,392,242,8,Z,95,1,603,52,280,279,457,1,0,-32,0,174,52,-298,-113,215,-7
7914,9.58,Z,42,0,470,0,0,196,140,0,P,43,0,570,0,8,162,91,3,0,1,0,100,0,8,-34,-49,3
7915,9.37,T,39,0,485,0,0,134,95,1,Z,74,0,684,0,70,222,249,9,1,35,0,199,0,70,88,154,8
7916,7.25,T,64,1,291,0,358,159,119,5,Z,52,0,288,0,552,167,245,7,0,-12,-1,-3,0,194,8,126,2
7917,5.32,Z,13,0,459,0,0,58,41,0,P,29,1,315,0,6,148,96,3,1,16,1,-144,0,6,90,55,3
7918,1.4,P,9,0,52,0,0,5,15,0,P,3,0,82,4,11,42,9,0,1,-6,0,30,4,11,37,-6,0
7919,8.23,Z,103,1,459,0,247,281,241,10,Z,65,2,303,0,549,265,251,6,0,-38,1,-156,0,302,-16,10,-4
7920,1.53,Z,5,2,94,0,21,29,27,0,Z,7,5,118,0,125,43,32,0,1,2,3,24,0,104,14,5,0
7921,8.54,Z,57,4,237,0,201,154,321,6,T,71,10,381,0,158,302,125,4,0,14,6,144,0,-43,148,-196,-2
7922,10.43,P,61,0,504,0,21,193,103,9,Z,85,13,518,0,184,292,224,11,0,24,13,14,0,163,99,121,2
7923,9.59,P,94,6,812,0,80,321,100,2,T,102,0,910,0,451,234,165,10,1,8,-6,98,0,371,-87,65,8
7924,9.59,P,67,0,899,0,14,213,99,7,T,66,0,879,0,39,99,109,11,1,-1,0,-20,0,25,-114,10,4
7925,4.32,P,33,0,232,0,81,130,123,9,T,23,0,319,0,33,97,137,12,0,-10,0,87,0,-48,-33,14,3
7926,1.4,Z,4,0,77,0,0,12,18,1,T,4,0,56,0,0,3,12,0,1,0,0,-21,0,0,-9,-6,-1
7927,5.29,Z,25,0,168,0,29,131,97,3,P,25,0,364,0,16,155,43,3,1,0,0,196,0,-13,24,-54,0
7928,4.3,T,26,0,189,0,9,22,43,8,P,19,1,500,0,12,185,27,2,0,-7,1,311,0,3,163,-16,-6
7929,9.45,T,106,1,631,0,877,234,158,11,Z,63,8,453,0,71,231,166,10,0,-43,7,-178,0,-806,-3,8,-1
7930,5.47,P,50,1,213,0,18,140,54,0,Z,28,5,363,0,320,198,144,3,1,-22,4,150,0,302,58,90,3
7931,9.51,P,86,2,472,0,242,255,129,3,T,111,5,623,0,109,160,190,16,1,25,3,151,0,-133,-95,61,13
7932,9.39,Z,51,6,428,0,67,222,198,0,Z,67,22,322,0,143,144,235,8,1,16,16,-106,0,76,-78,37,8
7933,6.52,Z,35,1,653,0,316,107,321,2,Z,47,0,616,0,68,80,149,5,1,12,-1,-37,0,-248,-27,-172,3
7934,10.54,P,92,0,718,0,277,385,191,14,T,117,0,741,0,172,404,142,14,0,25,0,23,0,-105,19,-49,0
7935,6.59,T,42,6,333,0,44,121,45,0,T,42,0,258,0,10,56,59,2,1,0,-6,-75,0,-34,-65,14,2
7936,8.28,T,96,4,521,0,609,190,96,17,T,104,5,448,25,130,255,173,17,0,8,1,-73,25,-479,65,77,0
7937,9.59,Z,84,9,653,0,191,182,372,3,T,113,15,806,0,1062,252,148,0,1,29,6,153,0,871,70,-224,-3
7938,3.46,Z,20,3,175,0,147,112,85,3,T,28,0,167,0,91,143,46,11,1,8,-3,-8,0,-56,31,-39,8
7939,5.25,T,51,1,187,0,475,99,152,12,T,33,3,323,0,228,162,107,11,1,-18,2,136,0,-247,63,-45,-1
7940,5.24,Z,23,0,278,0,150,83,89,6,P,37,1,364,0,37,184,83,2,1,14,1,86,0,-113,101,-6,-4
7941,7.2,Z,50,4,185,0,304,149,116,5,P,49,3,399,0,86,250,103,17,0,-1,-1,214,0,-218,101,-13,12
7942,9.59,P,79,2,479,0,139,341,288,10,T,117,2,438,0,599,209,210,7,0,38,0,-41,0,460,-132,-78,-3
7943,5.18,T,27,0,168,0,0,68,37,1,Z,19,3,364,0,13,70,99,0,0,-8,3,196,0,13,2,62,-1
7944,4.09,Z,16,1,285,0,7,39,102,0,T,18,0,260,0,1,37,48,3,0,2,-1,-25,0,-6,-2,-54,3
7945,10.43,Z,115,0,550,17,577,305,373,2,P,139,5,439,1,196,456,245,7,0,24,5,-111,-16,-381,151,-128,5
7946,9.34,T,53,2,1207,0,23,78,67,0,Z,47,3,709,0,23,52,122,0,1,-6,1,-498,0,0,-26,55,0
7947,3.54,Z,16,7,180,0,104,64,165,5,T,27,3,183,0,30,50,32,2,0,11,-4,3,0,-74,-14,-133,-3
7948,4.44,P,21,0,71,0,1,96,41,0,T,23,1,316,0,1,57,43,1,1,2,1,245,0,0,-39,2,1
7949,9.59,T,86,3,481,0,231,254,211,6,Z,88,13,266,0,138,303,329,7,0,2,10,-215,0,-93,49,118,1
7950,5.57,T,61,6,242,0,438,188,140,11,P,53,0,342,0,392,149,62,12,0,-8,-6,100,0,-46,-39,-78,1
7951,0.59,T,6,0,138,0,6,10,3,1,T,1,0,19,0,0,2,2,2,0,-5,0,-119,0,-6,-8,-1,1
7952,9.59,T,88,10,600,0,194,181,159,3,P,75,0,344,0,31,151,76,5,1,-13,-10,-256,0,-163,-30,-83,2
7953,9.59,Z,58,2,624,0,46,138,172,2,T,91,2,859,0,29,229,125,4,1,33,0,235,0,-17,91,-47,2
7954,10.38,T,113,6,387,0,763,284,264,5,Z,76,3,542,0,48,225,239,0,0,-37,-3,155,0,-715,-59,-25,-5
7955,9.59,Z,56,2,330,0,73,274,208,0,T,54,0,497,0,12,180,80,3,0,-2,-2,167,0,-61,-94,-128,3
7956,4.28,Z,15,0,141,0,0,24,67,0,Z,20,6,204,0,33,59,84,1,0,5,6,63,0,33,35,17,1
7957,9.1,Z,76,12,597,0,48,105,163,0,T,82,1,481,0,65,144,109,11,0,6,-11,-116,0,17,39,-54,11
7958,7.2,Z,31,2,501,0,27,34,115,0,P,24,0,400,0,0,63,71,0,0,-7,-2,-101,0,-27,29,-44,0
7959,9.59,Z,61,1,731,0,59,172,216,3,P,51,1,717,0,25,248,75,3,0,-10,0,-14,0,-34,76,-141,0
7960,5.13,T,26,1,280,0,620,120,39,4,T,22,2,200,0,3,46,65,0,0,-4,1,-80,0,-617,-74,26,-4
7961,9.31,P,68,7,592,0,71,187,104,4,Z,75,0,349,0,87,129,194,3,1,7,-7,-243,0,16,-58,90,-1
7962,8.32,P,51,0,430,0,86,265,112,5,T,86,0,353,0,29,196,151,5,0,35,0,-77,0,-57,-69,39,0
7963,6.21,P,48,0,208,0,11,216,197,6,P,34,1,457,0,298,222,118,2,1,-14,1,249,0,287,6,-79,-4
7964,3.22,P,21,0,133,0,173,112,46,4,P,9,0,180,0,0,85,26,0,0,-12,0,47,0,-173,-27,-20,-4
7965,8.22,T,108,0,515,0,828,224,208,10,P,101,10,418,0,637,248,116,6,1,-7,10,-97,0,-191,24,-92,-4
7966,4.58,P,22,1,431,0,26,25,28,4,T,33,1,228,3,88,85,68,2,1,11,0,-203,3,62,60,40,-2
7967,8.21,Z,46,6,475,0,100,107,192,2,P,48,0,613,0,18,172,62,3,1,2,-6,138,0,-82,65,-130,1
7968,4.23,Z,26,0,146,0,265,79,61,5,T,25,2,146,0,292,70,139,1,0,-1,2,0,0,27,-9,78,-4
7969,10.27,P,46,6,684,0,8,169,112,1,Z,40,0,324,0,0,129,142,0,1,-6,-6,-360,0,-8,-40,30,-1
7970,9.58,T,74,0,844,0,26,123,111,5,Z,65,5,663,0,50,167,153,1,1,-9,5,-181,0,24,44,42,-4
7971,9.59,T,84,1,420,0,120,269,168,21,Z,71,0,353,28,393,303,321,1,0,-13,-1,-67,28,273,34,153,-20
7972,9.37,Z,67,11,269,1,478,211,311,7,Z,82,1,323,0,51,278,277,1,0,15,-10,54,-1,-427,67,-34,-6
7973,9.59,P,87,3,435,0,612,466,78,14,T,104,4,346,0,491,287,155,12,0,17,1,-89,0,-121,-179,77,-2
7974,0.55,Z,4,0,29,0,0,29,34,1,P,3,0,12,0,0,0,4,0,1,-1,0,-17,0,0,-29,-30,-1
7975,6.55,P,37,0,339,0,0,76,57,0,Z,34,0,263,0,335,58,141,14,0,-3,0,-76,0,335,-18,84,14
7976,9.58,T,44,0,801,0,7,67,62,6,T,34,0,278,0,1,50,58,1,0,-10,0,-523,0,-6,-17,-4,-5
7977,8.32,T,60,12,474,0,131,91,92,2,T,114,3,375,0,401,185,286,7,1,54,-9,-99,0,270,94,194,5
7978,9.2,Z,94,0,594,0,203,256,381,9,P,98,0,492,0,202,241,166,9,1,4,0,-102,0,-1,-15,-215,0
7979,9.46,P,46,3,622,0,24,52,37,0,P,58,0,590,0,25,58,54,6,1,12,-3,-32,0,1,6,17,6
7980,4.11,Z,15,0,109,5,22,103,68,0,Z,13,2,53,0,10,38,93,0,0,-2,2,-56,-5,-12,-65,25,0
7981,0.19,T,2,0,53,0,0,5,1,0,P,1,0,5,0,0,0,2,0,0,-1,0,-48,0,0,-5,1,0
7982,10.27,P,39,0,429,0,0,122,114,0,P,38,0,347,0,2,68,67,2,1,-1,0,-82,0,2,-54,-47,2
7983,4.35,Z,20,0,101,0,319,77,57,4,Z,21,0,44,0,18,37,78,6,0,1,0,-57,0,-301,-40,21,2
7984,7.57,Z,29,0,458,0,1,85,150,1,T,57,6,466,0,54,62,46,3,1,28,6,8,0,53,-23,-104,2
7985,3.52,Z,22,3,252,0,48,124,57,4,Z,27,7,185,0,166,43,171,6,1,5,4,-67,0,118,-81,114,2
7986,8.15,T,76,0,395,0,224,300,75,17,Z,58,0,209,0,58,219,164,12,0,-18,0,-186,0,-166,-81,89,-5
7987,9.59,T,72,5,495,0,28,194,139,1,P,76,0,539,0,48,212,53,13,1,4,-5,44,0,20,18,-86,12
7988,9.59,Z,67,0,403,0,9,163,215,2,T,63,3,789,0,36,251,108,1,0,-4,3,386,0,27,88,-107,-1
7989,8.56,Z,47,5,656,0,26,99,158,0,T,35,0,1024,0,0,187,100,5,1,-12,-5,368,0,-26,88,-58,5
7990,9.59,Z,77,2,726,4,23,124,215,0,P,86,0,718,0,63,207,74,12,1,9,-2,-8,-4,40,83,-141,12
7991,9.59,P,118,4,511,0,126,264,101,3,T,97,1,509,0,608,248,134,10,1,-21,-3,-2,0,482,-16,33,7
7992,9.59,T,79,3,414,0,287,100,111,1,Z,65,12,364,0,95,179,212,4,1,-14,9,-50,0,-192,79,101,3
7993,8.1,Z,28,0,60,0,22,32,98,0,Z,23,0,486,0,0,211,93,0,0,-5,0,426,0,-22,179,-5,0
7994,6.05,Z,34,1,247,0,404,155,199,4,Z,34,0,440,0,344,146,105,6,0,0,-1,193,0,-60,-9,-94,2
7995,9.59,T,126,0,582,0,500,384,204,22,T,96,0,445,0,255,436,95,60,1,-30,0,-137,0,-245,52,-109,38
7996,0.18,T,2,0,16,0,5,0,7,3,Z,1,0,7,0,0,3,14,2,0,-1,0,-9,0,-5,3,7,-1
7997,9.58,T,38,0,886,0,4,86,96,3,T,27,0,718,0,0,60,72,0,0,-11,0,-168,0,-4,-26,-24,-3
7998,10.16,Z,69,0,687,0,76,196,356,17,Z,56,10,397,0,197,113,186,2,1,-13,10,-290,0,121,-83,-170,-15
7999,4.39,Z,16,0,41,0,0,11,69,1,Z,26,5,610,0,160,28,53,1,0,10,5,569,0,160,17,-16,0
8000,9.59,T,105,18,698,0,764,188,205,18,T,112,0,469,0,29,141,257,6,0,7,-18,-229,0,-735,-47,52,-12
8001,9.59,Z,52,4,412,0,64,257,204,0,T,57,0,321,0,0,79,74,0,1,5,-4,-91,0,-64,-178,-130,0
8002,8.06,Z,57,5,319,0,115,120,209,0,P,58,0,240,0,55,201,89,5,1,1,-5,-79,0,-60,81,-120,5
8003,9.4,P,73,1,494,0,686,273,153,19,T,112,6,453,0,417,191,139,15,1,39,5,-41,0,-269,-82,-14,-4
8004,9.16,P,61,2,601,4,81,279,161,2,P,41,0,421,0,7,215,75,2,1,-20,-2,-180,-4,-74,-64,-86,0
8005,7.57,T,42,0,408,0,2,69,69,3,P,39,1,211,0,43,113,64,3,1,-3,1,-197,0,41,44,-5,0
8006,9.59,T,76,10,633,0,744,182,181,2,Z,32,2,305,0,18,232,134,2,1,-44,-8,-328,0,-726,50,-47,0
8007,8.26,Z,61,2,473,0,110,255,265,5,T,77,0,709,0,212,262,151,13,1,16,-2,236,0,102,7,-114,8
8008,6.37,T,76,0,269,0,518,167,195,9,P,66,0,333,0,431,263,237,14,1,-10,0,64,0,-87,96,42,5
8009,7.14,T,58,0,472,0,266,206,137,8,T,71,2,261,0,632,209,127,14,1,13,2,-211,0,366,3,-10,6
8010,9.59,T,68,5,798,0,34,134,78,3,Z,43,2,364,0,23,236,137,1,1,-25,-3,-434,0,-11,102,59,-2
8011,2.19,P,11,0,149,0,8,132,16,0,P,4,0,139,0,0,54,10,0,1,-7,0,-10,0,-8,-78,-6,0
8012,8.33,T,53,6,653,0,12,132,86,0,T,47,0,583,0,0,97,64,0,1,-6,-6,-70,0,-12,-35,-22,0
8013,7.56,T,59,2,440,0,29,116,104,0,P,33,1,359,0,73,91,57,4,1,-26,-1,-81,0,44,-25,-47,4
8014,3.28,Z,13,2,80,0,15,30,46,3,Z,10,0,196,10,81,72,106,0,1,-3,-2,116,10,66,42,60,-3
8015,4.3,T,31,3,117,0,75,57,38,1,Z,21,0,76,0,15,23,55,3,0,-10,-3,-41,0,-60,-34,17,2
8016,9.59,Z,52,0,864,0,44,158,327,3,P,78,5,884,0,173,234,56,11,0,26,5,20,0,129,76,-271,8
8017,8.55,T,53,0,416,0,43,87,75,2,Z,47,4,246,0,44,92,217,2,0,-6,4,-170,0,1,5,142,0
8018,9.59,P,36,0,357,0,1,46,59,2,P,58,10,435,0,26,67,63,0,1,22,10,78,0,25,21,4,-2
8019,9.59,T,71,0,684,0,71,146,87,5,P,70,0,654,0,137,297,163,5,0,-1,0,-30,0,66,151,76,0
8020,5.4,T,54,1,503,0,477,162,179,15,Z,39,2,269,0,70,123,117,9,0,-15,1,-234,0,-407,-39,-62,-6
8021,9.26,Z,69,0,590,0,43,209,249,31,P,69,0,621,0,189,292,129,7,1,0,0,31,0,146,83,-120,-24
8022,5.48,T,36,0,522,0,4,151,201,5,Z,32,1,242,0,96,69,128,2,1,-4,1,-280,0,92,-82,-73,-3
8023,4,Z,17,1,195,0,15,52,51,3,Z,13,2,199,0,24,45,78,3,1,-4,1,4,0,9,-7,27,0
8024,6.31,T,41,6,316,0,333,108,92,8,T,46,4,463,0,40,115,52,0,1,5,-2,147,0,-293,7,-40,-8
8025,9.59,P,133,0,530,0,341,346,138,12,Z,84,0,591,0,521,237,285,15,0,-49,0,61,0,180,-109,147,3
8026,9.56,T,54,0,702,0,0,80,94,4,Z,43,0,863,0,15,64,145,2,1,-11,0,161,0,15,-16,51,-2
8027,4.5,P,31,1,216,0,443,71,23,10,Z,27,5,195,0,423,120,209,7,0,-4,4,-21,0,-20,49,186,-3
8028,3.35,Z,12,5,91,0,322,42,71,0,P,20,1,176,0,156,109,101,5,0,8,-4,85,0,-166,67,30,5
8029,8.25,T,74,2,427,0,608,139,125,12,T,61,5,495,0,6,115,121,0,0,-13,3,68,0,-602,-24,-4,-12
8030,3.24,P,12,0,107,0,0,30,28,0,Z,10,2,102,0,4,18,40,0,1,-2,2,-5,0,4,-12,12,0
8031,4.3,T,24,0,260,0,6,72,278,1,P,28,0,140,0,273,73,41,6,1,4,0,-120,0,267,1,-237,5
8032,4.31,T,18,0,256,0,61,84,29,4,P,20,0,129,0,9,76,69,2,0,2,0,-127,0,-52,-8,40,-2
8033,9.06,P,39,0,470,0,22,208,110,1,Z,53,0,447,0,55,220,231,14,1,14,0,-23,0,33,12,121,13
8034,2.46,T,14,0,66,0,11,32,159,2,T,8,0,103,0,398,48,91,4,0,-6,0,37,0,387,16,-68,2
8035,10.19,Z,69,0,509,0,149,231,376,11,T,118,0,632,0,2,341,280,9,0,49,0,123,0,-147,110,-96,-2
8036,4.28,Z,18,0,267,0,46,57,117,3,Z,25,1,153,0,116,74,184,4,1,7,1,-114,0,70,17,67,1
8037,7.44,Z,42,0,282,0,21,98,147,0,T,60,0,230,0,15,136,116,3,0,18,0,-52,0,-6,38,-31,3
8038,7.42,T,28,0,421,0,0,96,93,0,P,28,2,714,0,18,68,50,0,1,0,2,293,0,18,-28,-43,0
8039,9.15,P,67,0,503,0,69,194,116,17,Z,77,0,377,0,34,204,343,7,1,10,0,-126,0,-35,10,227,-10
8040,5.54,T,43,4,350,1,418,165,48,1,P,46,1,355,0,877,206,32,6,0,3,-3,5,-1,459,41,-16,5
8041,3.26,P,34,0,159,0,120,177,20,16,Z,24,0,203,0,48,132,91,10,0,-10,0,44,0,-72,-45,71,-6
8042,8.5,Z,42,9,266,0,212,148,207,4,Z,55,14,263,4,490,232,281,11,1,13,5,-3,4,278,84,74,7
8043,2.4,Z,13,0,51,0,61,52,52,4,Z,7,1,69,0,95,54,137,3,0,-6,1,18,0,34,2,85,-1
8044,7.16,P,48,0,221,0,99,173,98,9,P,36,2,399,0,1,159,65,0,1,-12,2,178,0,-98,-14,-33,-9
8045,4.26,Z,22,1,169,0,322,99,111,4,Z,17,0,93,0,65,21,82,5,0,-5,-1,-76,0,-257,-78,-29,1
8046,8.58,Z,44,3,687,0,39,146,233,1,T,46,4,714,0,7,335,60,0,0,2,1,27,0,-32,189,-173,-1
8047,4.21,T,23,3,232,0,1,8,42,0,T,10,0,173,0,0,26,27,6,1,-13,-3,-59,0,-1,18,-15,6
8048,9.58,Z,48,7,337,0,423,151,149,2,P,45,0,570,0,3,236,61,4,0,-3,-7,233,0,-420,85,-88,2
8049,9.59,T,60,0,670,0,5,167,98,3,T,74,0,600,0,10,280,147,1,0,14,0,-70,0,5,113,49,-2
8050,9.59,T,139,0,556,0,192,333,147,15,Z,86,0,396,61,531,223,409,0,0,-53,0,-160,61,339,-110,262,-15
8051,9.59,T,60,0,512,1,53,124,54,9,T,46,0,336,0,2,111,74,2,0,-14,0,-176,-1,-51,-13,20,-7
8052,6.37,Z,49,11,487,13,158,181,229,7,Z,50,10,325,1,88,175,156,1,0,1,-1,-162,-12,-70,-6,-73,-6
8053,9.59,P,56,2,719,0,512,200,272,2,T,77,0,689,0,56,257,103,6,1,21,-2,-30,0,-456,57,-169,4
8054,9.59,Z,66,0,634,0,73,172,215,4,T,110,1,595,0,130,176,108,10,1,44,1,-39,0,57,4,-107,6
8055,4.12,P,8,0,32,0,1,7,8,1,Z,16,2,393,0,14,17,48,2,0,8,2,361,0,13,10,40,1
8056,7.5,T,13,0,535,0,0,50,40,0,P,40,1,311,0,7,107,153,2,1,27,1,-224,0,7,57,113,2
8057,9.59,T,97,3,1204,0,404,167,205,5,Z,64,5,229,0,105,188,195,2,0,-33,2,-975,0,-299,21,-10,-3
8058,3.24,Z,12,1,71,0,21,27,39,2,T,19,0,107,0,294,71,194,4,1,7,-1,36,0,273,44,155,2
8059,9.58,Z,70,0,366,0,79,133,193,3,T,71,5,433,0,81,217,205,0,0,1,5,67,0,2,84,12,-3
8060,8.22,Z,41,3,569,0,25,87,113,1,Z,47,0,628,0,239,198,151,7,1,6,-3,59,0,214,111,38,6
8061,5.25,P,27,0,372,0,12,146,42,2,P,21,1,319,0,9,118,30,2,0,-6,1,-53,0,-3,-28,-12,0
8062,6.47,T,36,3,288,0,1,90,94,0,P,26,1,324,0,7,55,28,1,0,-10,-2,36,0,6,-35,-66,1
8063,7,Z,31,0,598,0,5,97,131,1,T,49,0,499,0,28,70,157,2,1,18,0,-99,0,23,-27,26,1
8064,9.24,T,67,0,595,0,472,127,86,8,P,54,0,634,0,95,177,107,13,0,-13,0,39,0,-377,50,21,5
8065,3.38,P,13,0,261,0,5,84,19,1,T,21,0,355,0,0,72,37,0,0,8,0,94,0,-5,-12,18,-1
8066,9.59,T,73,0,724,0,164,141,104,8,P,66,0,246,0,30,278,83,7,0,-7,0,-478,0,-134,137,-21,-1
8067,3.17,Z,12,2,119,0,0,14,35,0,T,14,0,81,0,132,63,66,6,0,2,-2,-38,0,132,49,31,6
8068,8.25,Z,63,0,370,0,167,234,251,50,T,63,2,798,0,13,180,127,2,0,0,2,428,0,-154,-54,-124,-48
8069,6.11,P,27,0,283,0,0,117,85,2,T,24,0,106,0,12,190,65,6,1,-3,0,-177,0,12,73,-20,4
8070,9.59,T,60,0,713,0,34,123,90,4,P,35,0,183,0,0,59,80,0,1,-25,0,-530,0,-34,-64,-10,-4
8071,6.03,T,40,3,245,0,2,71,61,0,T,44,2,163,0,214,274,187,0,1,4,-1,-82,0,212,203,126,0
8072,9.59,Z,67,0,505,0,231,254,266,9,Z,54,0,556,0,67,247,189,4,0,-13,0,51,0,-164,-7,-77,-5
8073,4.04,T,21,0,257,0,16,112,101,6,Z,21,6,142,0,497,50,231,7,1,0,6,-115,0,481,-62,130,1
8074,7.52,Z,62,6,581,0,164,262,266,9,Z,78,14,344,7,397,341,302,18,0,16,8,-237,7,233,79,36,9
8075,8.25,T,45,7,390,0,621,76,46,2,T,44,3,461,0,18,53,68,0,0,-1,-4,71,0,-603,-23,22,-2
8076,9.59,Z,66,5,606,0,71,190,201,3,T,75,5,657,0,19,300,106,0,0,9,0,51,0,-52,110,-95,-3
8077,2.25,Z,10,2,139,0,292,17,110,6,Z,11,1,69,0,30,56,44,2,0,1,-1,-70,0,-262,39,-66,-4
8078,3.18,T,17,0,215,0,46,44,36,12,Z,14,0,211,0,29,64,153,2,1,-3,0,-4,0,-17,20,117,-10
8079,5.46,P,29,2,158,0,7,97,38,0,T,31,1,366,0,2,51,79,0,1,2,-1,208,0,-5,-46,41,0
8080,9.59,P,76,0,239,0,39,208,74,7,Z,65,0,865,0,108,332,241,5,0,-11,0,626,0,69,124,167,-2
8081,9.59,P,32,0,520,0,10,60,51,6,Z,56,0,815,0,3,71,156,1,0,24,0,295,0,-7,11,105,-5
8082,6.44,Z,42,0,358,0,265,141,181,8,Z,57,2,291,0,510,175,275,6,1,15,2,-67,0,245,34,94,-2
8083,8.36,Z,75,11,524,0,317,226,225,7,T,94,4,551,0,105,223,100,14,1,19,-7,27,0,-212,-3,-125,7
8084,7.08,P,26,0,453,0,13,267,89,7,T,36,0,371,0,77,118,145,2,0,10,0,-82,0,64,-149,56,-5
8085,9.19,Z,51,6,445,1,44,112,148,1,T,72,0,662,0,59,67,89,7,1,21,-6,217,-1,15,-45,-59,6
8086,6.17,T,26,3,364,0,8,26,44,0,P,27,0,367,0,1,156,79,0,0,1,-3,3,0,-7,130,35,0
8087,9.58,Z,58,9,682,0,109,234,191,1,T,89,7,1019,0,72,242,121,3,0,31,-2,337,0,-37,8,-70,2
8088,10.16,P,53,0,839,0,525,209,88,11,T,89,0,486,0,111,395,163,8,1,36,0,-353,0,-414,186,75,-3
8089,10.34,T,65,5,911,0,39,108,114,1,T,69,0,682,0,77,122,134,21,0,4,-5,-229,0,38,14,20,20
8090,9.58,Z,76,0,543,0,112,285,264,9,T,71,0,368,0,0,49,125,0,1,-5,0,-175,0,-112,-236,-139,-9
8091,9.59,T,115,7,528,0,657,377,146,9,T,102,0,545,0,547,499,198,27,1,-13,-7,17,0,-110,122,52,18
8092,5.56,T,41,0,332,0,0,74,75,0,Z,33,4,238,1,62,49,81,0,0,-8,4,-94,1,62,-25,6,0
8093,9.58,P,75,0,775,0,180,301,119,3,Z,72,10,461,0,73,213,216,2,0,-3,10,-314,0,-107,-88,97,-1
8094,5.28,Z,41,4,194,0,60,68,142,0,T,51,1,542,0,144,256,173,4,0,10,-3,348,0,84,188,31,4
8095,9.59,Z,51,1,595,0,198,45,354,3,T,53,0,592,0,1,45,108,2,0,2,-1,-3,0,-197,0,-246,-1
8096,10.51,T,122,0,664,0,493,209,159,26,Z,95,14,526,0,139,295,353,8,0,-27,14,-138,0,-354,86,194,-18
8097,8.23,T,69,0,292,0,36,171,220,3,P,58,0,364,0,304,173,94,20,1,-11,0,72,0,268,2,-126,17
8098,6.21,T,34,0,578,0,0,11,41,2,T,25,0,215,0,0,41,35,1,1,-9,0,-363,0,0,30,-6,-1
8099,0,T,0,0,1,0,0,0,0,0,T,3,0,53,0,0,1,9,1,1,3,0,52,0,0,1,9,1
8100,4.39,Z,22,3,179,0,214,53,220,0,T,25,0,42,0,0,19,39,0,0,3,-3,-137,0,-214,-34,-181,0
8101,7.06,P,53,1,269,0,241,215,107,4,Z,45,5,355,0,82,135,131,6,0,-8,4,86,0,-159,-80,24,2
8102,9.09,T,91,4,713,0,254,187,183,9,Z,59,3,390,0,70,330,400,4,0,-32,-1,-323,0,-184,143,217,-5
8103,9.56,T,63,1,794,0,9,191,82,2,P,45,1,664,0,11,208,176,1,0,-18,0,-130,0,2,17,94,-1
8104,9.5,T,49,1,394,0,24,94,83,1,P,47,3,880,0,16,261,137,0,0,-2,2,486,0,-8,167,54,-1
8105,2.39,Z,9,1,166,0,211,84,99,5,Z,12,0,192,0,10,13,26,2,0,3,-1,26,0,-201,-71,-73,-3
8106,2.37,P,12,1,48,0,0,92,11,0,P,14,0,132,0,0,73,15,3,0,2,-1,84,0,0,-19,4,3
8107,9.14,Z,71,0,480,0,91,334,345,7,T,77,1,520,0,774,225,148,13,1,6,1,40,0,683,-109,-197,6
8108,9.57,Z,47,0,740,0,53,190,181,3,T,94,0,724,0,493,299,119,16,1,47,0,-16,0,440,109,-62,13
8109,4.22,T,21,1,145,0,132,25,35,1,P,23,0,117,0,3,107,39,2,0,2,-1,-28,0,-129,82,4,1
8110,9.09,T,66,0,511,0,13,229,111,7,T,61,0,774,0,13,200,119,4,0,-5,0,263,0,0,-29,8,-3
8111,9.58,Z,55,2,626,0,25,221,193,0,Z,55,8,533,0,80,151,155,0,1,0,6,-93,0,55,-70,-38,0
8112,9.26,P,71,1,615,0,29,346,99,4,T,80,5,756,18,695,154,109,1,0,9,4,141,18,666,-192,10,-3
8113,8.3,P,53,0,469,0,33,70,66,1,T,68,0,657,0,319,164,161,11,0,15,0,188,0,286,94,95,10
8114,8.31,Z,63,8,340,2,392,336,273,8,Z,60,0,598,0,31,165,161,3,1,-3,-8,258,-2,-361,-171,-112,-5
8115,5.44,T,50,1,453,0,9,158,40,2,T,32,3,349,0,95,131,74,1,1,-18,2,-104,0,86,-27,34,-1
8116,6.26,P,38,1,334,0,144,184,96,6,Z,36,0,311,0,25,134,156,7,1,-2,-1,-23,0,-119,-50,60,1
8117,9.59,T,51,4,830,0,8,151,115,0,T,46,0,867,0,0,163,107,0,0,-5,-4,37,0,-8,12,-8,0
8118,9.59,T,51,0,359,0,0,88,90,1,Z,54,0,582,0,23,63,148,2,0,3,0,223,0,23,-25,58,1
8119,8.58,Z,44,0,249,0,63,129,122,11,T,92,0,328,0,24,178,134,5,1,48,0,79,0,-39,49,12,-6
8120,9.13,T,89,0,517,0,415,240,291,7,P,63,0,554,0,1,215,76,2,1,-26,0,37,0,-414,-25,-215,-5
8121,8.28,T,58,0,563,0,107,82,80,4,P,64,0,548,0,35,122,70,3,0,6,0,-15,0,-72,40,-10,-1
8122,9.59,P,51,10,358,0,29,62,61,0,T,75,0,348,0,49,75,52,18,1,24,-10,-10,0,20,13,-9,18
8123,4.19,Z,24,0,150,0,58,71,120,2,Z,20,1,129,0,290,51,114,5,0,-4,1,-21,0,232,-20,-6,3
8124,4.26,P,16,0,263,0,0,69,40,0,T,29,2,148,0,290,58,74,3,1,13,2,-115,0,290,-11,34,3
8125,0.19,P,0,0,3,0,0,1,2,1,Z,2,0,51,0,0,2,6,0,1,2,0,48,0,0,1,4,-1
8126,9.59,T,62,0,402,0,12,65,114,8,Z,44,7,498,0,161,97,133,2,0,-18,7,96,0,149,32,19,-6
8127,10.2,T,62,0,704,0,271,198,106,12,Z,51,5,569,0,298,193,300,11,0,-11,5,-135,0,27,-5,194,-1
8128,10.36,P,29,0,352,0,2,34,56,2,Z,45,6,454,1,22,305,209,0,1,16,6,102,1,20,271,153,-2
8129,6.37,T,22,0,363,0,0,17,43,0,P,27,2,97,0,0,131,56,0,1,5,2,-266,0,0,114,13,0
8130,6.3,Z,31,3,407,0,28,85,108,0,P,30,0,279,3,45,95,43,0,0,-1,-3,-128,3,17,10,-65,0
8131,9.58,T,88,3,651,0,105,195,84,6,Z,79,0,486,0,192,160,212,6,1,-9,-3,-165,0,87,-35,128,0
8132,8.05,Z,56,4,731,0,67,121,214,10,T,80,1,376,0,155,160,81,6,0,24,-3,-355,0,88,39,-133,-4
8133,8.55,T,87,0,456,0,93,310,124,12,Z,61,1,494,0,42,231,193,0,0,-26,1,38,0,-51,-79,69,-12
8134,9.59,T,33,0,550,0,0,33,62,0,T,74,7,553,0,80,187,213,4,1,41,7,3,0,80,154,151,4
8135,9.3,P,52,0,578,0,0,211,86,0,T,36,0,606,0,0,93,92,0,1,-16,0,28,0,0,-118,6,0
8136,10.56,Z,75,0,749,0,63,189,211,1,Z,59,9,826,0,146,130,287,0,0,-16,9,77,0,83,-59,76,-1
8137,9.59,P,62,0,504,0,53,191,57,9,Z,75,2,497,0,18,106,204,0,0,13,2,-7,0,-35,-85,147,-9
8138,7.41,Z,45,1,275,0,139,149,106,5,Z,40,3,603,0,38,153,149,1,1,-5,2,328,0,-101,4,43,-4
8139,4.31,Z,22,0,132,0,78,83,65,2,P,28,4,253,0,9,127,37,0,0,6,4,121,0,-69,44,-28,-2
8140,3.39,T,22,0,75,0,3,13,27,6,T,20,0,146,0,2,10,62,10,0,-2,0,71,0,-1,-3,35,4
8141,9.59,T,26,0,481,0,0,241,69,1,Z,56,12,789,0,77,75,205,1,1,30,12,308,0,77,-166,136,0
8142,3.23,T,22,4,229,0,97,50,55,0,P,11,0,92,0,11,41,7,2,1,-11,-4,-137,0,-86,-9,-48,2
8143,8.13,P,86,0,318,0,50,246,101,13,T,96,5,471,1,423,255,169,7,0,10,5,153,1,373,9,68,-6
8144,9.59,P,97,5,496,0,81,229,101,6,Z,83,13,575,0,149,258,215,7,1,-14,8,79,0,68,29,114,1
8145,8.01,P,32,5,398,0,359,238,131,4,P,27,0,255,0,0,92,58,3,1,-5,-5,-143,0,-359,-146,-73,-1
8146,9.58,Z,38,0,636,0,4,96,143,1,P,47,4,877,0,18,202,90,5,1,9,4,241,0,14,106,-53,4
8147,10.23,T,142,13,454,0,899,204,283,6,Z,114,19,504,2,384,349,396,19,1,-28,6,50,2,-515,145,113,13
8148,9.05,T,59,5,226,0,484,108,74,4,Z,57,0,272,0,75,57,176,6,0,-2,-5,46,0,-409,-51,102,2
8149,10.09,P,50,5,262,0,40,194,87,5,Z,57,0,479,0,39,61,170,3,1,7,-5,217,0,-1,-133,83,-2
8150,5.14,Z,33,0,445,0,100,201,112,2,Z,35,0,166,0,58,139,183,17,0,2,0,-279,0,-42,-62,71,15
8151,5.07,T,24,0,321,0,30,74,31,3,Z,19,0,431,0,18,32,57,3,1,-5,0,110,0,-12,-42,26,0
8152,10.43,Z,84,0,657,0,149,325,432,9,Z,79,1,450,0,76,376,260,10,1,-5,1,-207,0,-73,51,-172,1
8153,9.59,P,62,14,289,0,41,92,106,0,T,75,4,375,0,12,101,95,1,1,13,-10,86,0,-29,9,-11,1
8154,6.17,P,35,1,272,0,172,151,54,5,T,32,0,285,0,8,195,65,3,0,-3,-1,13,0,-164,44,11,-2
8155,9.59,Z,57,0,533,0,75,203,371,4,T,100,4,612,0,157,263,237,3,1,43,4,79,0,82,60,-134,-1
8156,9.59,T,86,7,387,0,47,115,87,0,Z,77,6,351,0,264,130,154,9,1,-9,-1,-36,0,217,15,67,9
8157,8.31,T,64,2,573,0,39,172,106,6,T,84,6,423,0,95,176,169,4,1,20,4,-150,0,56,4,63,-2
8158,7.28,Z,43,0,262,0,52,181,156,14,Z,43,1,347,0,100,312,326,4,1,0,1,85,0,48,131,170,-10
8159,9.59,P,54,5,710,0,17,113,96,3,T,84,0,421,0,34,237,140,5,0,30,-5,-289,0,17,124,44,2
8160,4.04,P,9,0,172,0,0,7,11,0,T,17,0,287,0,0,22,40,1,1,8,0,115,0,0,15,29,1
8161,1.13,Z,5,0,19,0,2,3,20,0,P,2,0,26,0,91,7,2,1,0,-3,0,7,0,89,4,-18,1
8162,9.58,Z,55,4,753,4,27,147,195,0,T,81,2,653,0,40,216,96,1,0,26,-2,-100,-4,13,69,-99,1
8163,3.15,Z,16,0,164,0,3,47,36,0,Z,10,0,108,0,296,33,41,2,1,-6,0,-56,0,293,-14,5,2
8164,7.27,P,71,3,435,0,39,187,82,7,P,37,0,422,0,24,230,67,15,0,-34,-3,-13,0,-15,43,-15,8
8165,7.39,Z,44,0,442,8,71,97,160,0,Z,53,0,332,0,961,234,304,10,1,9,0,-110,-8,890,137,144,10
8166,8.34,T,42,0,677,0,3,197,61,3,P,24,1,465,0,256,161,69,4,1,-18,1,-212,0,253,-36,8,1
8167,4.27,T,10,0,293,0,0,33,22,0,Z,14,1,165,0,2,66,57,1,0,4,1,-128,0,2,33,35,1
8168,5.42,Z,37,1,312,12,168,107,189,0,P,31,0,263,0,17,140,31,14,1,-6,-1,-49,-12,-151,33,-158,14
8169,4.11,Z,17,0,134,0,143,82,259,4,P,23,1,307,0,13,77,14,2,0,6,1,173,0,-130,-5,-245,-2
8170,8.22,T,106,5,510,0,156,252,265,8,Z,68,5,582,0,464,292,150,3,1,-38,0,72,0,308,40,-115,-5
8171,5.25,Z,18,2,115,0,41,87,97,0,Z,24,3,268,0,2,118,88,0,0,6,1,153,0,-39,31,-9,0
8172,9.59,Z,38,0,558,0,10,161,134,1,P,46,0,368,0,21,296,101,2,1,8,0,-190,0,11,135,-33,1
8173,9.59,T,95,10,528,0,847,154,367,11,P,67,10,549,0,1339,353,221,5,1,-28,0,21,0,492,199,-146,-6
8174,10.3,T,78,3,875,0,40,213,124,2,P,51,1,209,0,34,203,135,4,0,-27,-2,-666,0,-6,-10,11,2
8175,9.59,P,52,5,539,0,17,177,99,1,T,57,4,748,0,31,244,72,0,0,5,-1,209,0,14,67,-27,-1
8176,7.46,T,54,0,315,0,304,260,83,13,T,51,1,598,0,421,224,85,14,0,-3,1,283,0,117,-36,2,1
8177,5.57,Z,24,0,460,0,135,160,109,5,Z,40,4,308,0,13,102,104,4,1,16,4,-152,0,-122,-58,-5,-1
8178,6.51,Z,47,0,303,0,85,158,158,8,T,70,0,503,0,71,149,96,3,1,23,0,200,0,-14,-9,-62,-5
8179,9.59,P,73,7,387,0,660,271,145,9,T,69,0,875,0,48,98,96,7,0,-4,-7,488,0,-612,-173,-49,-2
8180,6.28,P,54,8,295,0,552,296,162,3,P,52,1,224,0,246,241,46,8,1,-2,-7,-71,0,-306,-55,-116,5
8181,9.59,P,50,0,442,0,17,195,85,5,P,49,1,497,0,50,218,79,3,0,-1,1,55,0,33,23,-6,-2
8182,9.59,T,42,0,934,0,0,54,76,0,P,52,0,472,0,48,193,67,10,1,10,0,-462,0,48,139,-9,10
8183,6.56,Z,29,0,528,0,20,18,83,10,T,68,2,332,0,70,234,98,6,1,39,2,-196,0,50,216,15,-4
8184,2.41,P,12,1,68,0,0,51,9,0,P,8,0,193,0,0,17,7,0,1,-4,-1,125,0,0,-34,-2,0
8185,7.25,Z,37,2,253,0,176,127,120,5,Z,41,0,309,0,43,157,112,4,0,4,-2,56,0,-133,30,-8,-1
8186,10,Z,51,1,843,0,93,178,180,1,Z,71,3,166,0,999,207,540,5,1,20,2,-677,0,906,29,360,4
8187,9.59,T,80,4,829,0,71,94,94,4,T,62,0,1155,0,20,70,117,4,1,-18,-4,326,0,-51,-24,23,0
8188,9.59,P,86,4,350,0,230,352,117,5,Z,72,4,512,0,253,197,333,10,0,-14,0,162,0,23,-155,216,5
8189,5.19,T,29,0,255,0,1,102,188,2,T,24,1,290,0,5,43,57,0,1,-5,1,35,0,4,-59,-131,-2
8190,10.57,T,48,0,316,0,17,105,54,4,P,30,0,751,0,0,191,70,5,0,-18,0,435,0,-17,86,16,1
8191,9.59,P,93,0,624,0,222,259,135,13,Z,95,4,593,15,215,424,352,2,1,2,4,-31,15,-7,165,217,-11
8192,10.57,P,39,0,493,0,0,81,90,0,Z,55,0,939,0,0,116,230,0,1,16,0,446,0,0,35,140,0
8193,9.07,P,47,0,587,0,17,148,67,8,P,51,0,617,0,123,196,133,4,0,4,0,30,0,106,48,66,-4
8194,2.41,T,7,0,177,0,1,45,18,2,T,5,0,76,0,0,11,12,0,0,-2,0,-101,0,-1,-34,-6,-2
8195,4.03,T,25,1,202,0,170,59,46,4,Z,19,0,30,0,26,139,77,8,0,-6,-1,-172,0,-144,80,31,4
8196,9.06,P,38,8,565,0,26,47,54,0,Z,32,0,646,0,18,51,116,1,1,-6,-8,81,0,-8,4,62,1
8197,9.59,Z,71,0,568,0,63,122,197,10,T,51,1,617,0,2,173,136,1,0,-20,1,49,0,-61,51,-61,-9
8198,9.59,T,35,1,736,0,1,74,70,0,T,37,0,118,0,0,27,74,0,0,2,-1,-618,0,-1,-47,4,0
8199,7.13,Z,41,0,409,5,60,304,191,8,Z,43,2,488,0,152,221,146,7,0,2,2,79,-5,92,-83,-45,-1
8200,9.57,T,38,0,564,0,5,31,84,5,Z,45,0,434,0,0,129,154,0,1,7,0,-130,0,-5,98,70,-5
8201,10.54,P,119,0,520,0,220,351,225,14,T,127,8,536,0,655,336,285,12,0,8,8,16,0,435,-15,60,-2
8202,9.58,Z,60,1,379,0,50,124,187,3,T,77,0,596,0,65,159,108,6,0,17,-1,217,0,15,35,-79,3
8203,10.2,P,53,0,392,0,14,122,93,2,P,49,0,630,0,44,82,51,8,0,-4,0,238,0,30,-40,-42,6
8204,9.59,P,43,3,440,0,30,100,125,5,T,74,8,660,0,80,173,99,0,1,31,5,220,0,50,73,-26,-5
8205,6.29,Z,28,7,266,0,41,177,100,1,Z,28,0,286,0,261,213,267,3,0,0,-7,20,0,220,36,167,2
8206,9.59,Z,60,0,518,0,155,193,265,5,T,104,11,596,0,112,272,160,1,1,44,11,78,0,-43,79,-105,-4
8207,9.57,P,31,0,383,0,3,32,51,1,Z,56,0,584,0,0,45,151,0,1,25,0,201,0,-3,13,100,-1
8208,1.36,T,7,0,28,0,155,20,80,4,T,7,0,76,0,35,50,21,10,0,0,0,48,0,-120,30,-59,6
8209,4.07,T,20,0,427,0,38,76,41,7,Z,14,2,225,1,778,68,60,0,1,-6,2,-202,1,740,-8,19,-7
8210,9.39,Z,69,1,562,0,25,255,210,5,T,109,8,332,0,891,235,169,10,1,40,7,-230,0,866,-20,-41,5
8211,9.59,Z,47,0,594,0,17,296,195,3,Z,57,0,530,0,11,181,166,2,0,10,0,-64,0,-6,-115,-29,-1
8212,8.58,Z,67,0,445,0,18,276,196,1,Z,55,13,258,0,86,156,197,6,1,-12,13,-187,0,68,-120,1,5
8213,3.39,T,17,0,63,0,318,79,56,11,T,17,0,128,0,0,48,83,4,0,0,0,65,0,-318,-31,27,-7
8214,7.23,P,31,0,276,0,1,58,43,2,P,25,0,536,0,2,86,57,1,0,-6,0,260,0,1,28,14,-1
8215,8.38,Z,42,0,619,0,89,192,179,7,T,57,0,338,0,57,120,54,5,0,15,0,-281,0,-32,-72,-125,-2
8216,8.58,T,131,4,552,0,616,376,155,10,Z,91,0,445,0,113,221,342,7,1,-40,-4,-107,0,-503,-155,187,-3
8217,6.03,P,36,3,180,0,66,179,92,0,T,36,5,336,0,221,102,70,6,0,0,2,156,0,155,-77,-22,6
8218,6.24,T,38,0,385,0,3,43,84,4,P,22,7,249,0,16,123,44,0,0,-16,7,-136,0,13,80,-40,-4
8219,7.26,P,37,3,162,0,5,86,27,0,P,37,0,416,6,23,106,43,0,1,0,-3,254,6,18,20,16,0
8220,1.35,P,3,0,55,0,6,7,6,2,P,6,0,143,0,0,27,6,1,1,3,0,88,0,-6,20,0,-1
8221,9.59,P,40,5,476,0,13,181,58,2,P,50,0,310,0,3,46,66,1,0,10,-5,-166,0,-10,-135,8,-1
8222,8.5,P,51,0,294,0,43,325,44,8,T,57,3,398,0,104,101,88,3,0,6,3,104,0,61,-224,44,-5
8223,9.59,T,83,0,475,0,42,248,161,5,P,87,0,355,0,19,478,187,6,1,4,0,-120,0,-23,230,26,1
8224,5.1,T,38,0,194,0,10,121,55,2,Z,35,0,238,0,274,126,160,4,0,-3,0,44,0,264,5,105,2
8225,9.58,P,55,0,485,0,35,40,42,7,T,72,0,608,0,55,133,164,7,1,17,0,123,0,20,93,122,0
8226,9.59,T,61,0,657,0,11,100,109,4,Z,47,2,563,0,40,83,153,5,0,-14,2,-94,0,29,-17,44,1
8227,3.3,P,19,0,146,0,310,67,29,12,T,23,0,71,0,191,61,47,9,1,4,0,-75,0,-119,-6,18,-3
8228,4.13,T,29,0,224,0,459,169,113,4,T,34,1,226,0,293,135,108,2,0,5,1,2,0,-166,-34,-5,-2
8229,4.57,Z,22,1,113,0,55,59,52,5,T,40,2,265,0,88,83,79,12,1,18,1,152,0,33,24,27,7
8230,8.35,P,61,9,281,0,37,140,66,2,T,49,0,437,0,9,85,105,2,0,-12,-9,156,0,-28,-55,39,0
8231,8.44,T,67,0,506,0,36,201,66,3,T,85,1,365,0,131,140,121,5,1,18,1,-141,0,95,-61,55,2
8232,6.14,Z,48,1,521,0,186,157,151,3,T,81,1,284,0,309,186,144,10,1,33,0,-237,0,123,29,-7,7
8233,9.59,T,94,0,452,0,568,237,236,14,T,120,13,413,0,673,192,186,6,1,26,13,-39,0,105,-45,-50,-8
8234,8.38,T,80,0,445,0,53,131,150,11,Z,44,0,457,0,13,185,224,1,0,-36,0,12,0,-40,54,74,-10
8235,9.19,P,39,0,656,0,2,79,60,2,Z,58,0,319,16,68,117,221,1,1,19,0,-337,16,66,38,161,-1
8236,4.4,P,21,0,194,0,85,150,98,2,P,16,0,125,0,6,64,41,1,0,-5,0,-69,0,-79,-86,-57,-1
8237,9.59,Z,36,0,894,0,1,44,101,4,P,31,4,772,0,10,124,56,2,1,-5,4,-122,0,9,80,-45,-2
8238,9.59,Z,112,12,682,0,543,294,323,10,T,148,20,723,0,617,238,174,7,0,36,8,41,0,74,-56,-149,-3
8239,8.47,T,74,5,544,0,285,202,125,5,T,58,1,434,0,34,197,81,2,0,-16,-4,-110,0,-251,-5,-44,-3
8240,5.08,T,26,0,520,0,21,52,109,1,T,26,0,505,0,8,82,67,4,1,0,0,-15,0,-13,30,-42,3
8241,7.04,T,77,4,334,0,467,185,184,3,T,64,0,513,0,449,120,142,12,0,-13,-4,179,0,-18,-65,-42,9
8242,5.38,P,54,1,371,0,480,250,79,6,Z,50,5,194,0,218,162,157,3,0,-4,4,-177,0,-262,-88,78,-3
8243,9.59,T,106,0,456,0,153,257,163,7,Z,68,3,821,0,60,286,172,2,1,-38,3,365,0,-93,29,9,-5
8244,9.58,P,23,0,359,0,0,52,56,0,Z,45,0,96,0,27,23,115,3,1,22,0,-263,0,27,-29,59,3
8245,1.31,P,0,0,87,0,0,22,8,0,Z,4,0,9,0,1,2,21,1,1,4,0,-78,0,1,-20,13,1
8246,9.59,P,56,0,785,0,24,55,72,14,T,49,0,467,0,11,42,87,4,1,-7,0,-318,0,-13,-13,15,-10
8247,9.59,T,107,0,934,0,517,237,128,15,T,112,1,411,0,633,243,262,18,0,5,1,-523,0,116,6,134,3
8248,9.34,P,73,5,633,0,85,369,94,6,Z,60,0,407,0,0,125,338,0,1,-13,-5,-226,0,-85,-244,244,-6
8249,5.51,T,29,0,367,0,10,59,37,4,T,47,3,421,0,66,75,43,1,1,18,3,54,0,56,16,6,-3
8250,7.58,Z,63,0,513,0,168,147,176,2,Z,76,8,374,0,239,251,293,8,0,13,8,-139,0,71,104,117,6
8251,9.59,P,69,0,753,0,128,184,225,1,T,84,1,510,0,328,293,208,9,0,15,1,-243,0,200,109,-17,8
8252,9.59,T,101,0,566,0,51,106,137,13,Z,86,0,556,0,82,166,276,10,1,-15,0,-10,0,31,60,139,-3
8253,9.59,T,144,7,527,0,239,349,237,14,Z,75,0,618,0,60,443,302,10,0,-69,-7,91,0,-179,94,65,-4
8254,4.3,Z,19,0,180,0,240,178,109,5,T,24,3,196,0,12,51,32,0,0,5,3,16,0,-228,-127,-77,-5
8255,1.47,T,7,2,73,2,32,12,11,0,Z,4,2,70,0,6,5,17,1,0,-3,0,-3,-2,-26,-7,6,1
8256,9.52,T,46,0,353,0,0,27,71,0,P,13,0,284,0,0,177,25,0,0,-33,0,-69,0,0,150,-46,0
8257,9.56,T,42,0,885,0,0,44,94,1,T,56,0,704,0,7,105,100,5,0,14,0,-181,0,7,61,6,4
8258,6.09,T,43,0,362,0,258,152,67,8,T,40,0,174,0,2,113,75,2,1,-3,0,-188,0,-256,-39,8,-6
8259,9.59,Z,31,2,752,8,83,110,214,0,T,31,0,500,0,9,72,76,9,1,0,-2,-252,-8,-74,-38,-138,9
8260,9.23,Z,58,3,292,0,30,173,206,8,P,46,10,431,0,449,178,79,2,0,-12,7,139,0,419,5,-127,-6
8261,2.05,T,10,2,136,0,34,49,27,2,T,10,0,195,0,225,43,22,5,0,0,-2,59,0,191,-6,-5,3
8262,4.03,T,22,4,195,0,383,107,119,4,T,27,0,194,0,301,112,64,4,1,5,-4,-1,0,-82,5,-55,0
8263,6.55,P,34,0,556,0,0,41,90,0,T,41,0,262,2,37,55,78,0,1,7,0,-294,2,37,14,-12,0
8264,3.48,T,21,0,143,0,129,133,111,4,T,21,1,160,0,502,79,29,6,1,0,1,17,0,373,-54,-82,2
8265,6.48,Z,53,6,206,0,526,144,231,1,T,59,6,341,0,30,186,65,1,0,6,0,135,0,-496,42,-166,0
8266,2.37,T,1,0,122,0,1,8,16,2,Z,10,3,162,0,22,34,32,2,0,9,3,40,0,21,26,16,0
8267,9.59,T,48,0,891,0,8,216,128,14,P,31,0,707,0,2,112,68,2,0,-17,0,-184,0,-6,-104,-60,-12
8268,1.41,T,4,2,119,0,35,20,7,1,Z,3,0,6,0,0,7,14,1,1,-1,-2,-113,0,-35,-13,7,0
8269,9.59,Z,33,4,282,0,20,96,182,0,Z,47,0,402,0,13,101,156,1,0,14,-4,120,0,-7,5,-26,1
8270,8.32,Z,65,0,576,0,87,190,347,3,T,81,0,585,0,451,245,133,13,0,16,0,9,0,364,55,-214,10
8271,9.59,Z,71,0,391,0,44,50,212,3,P,62,0,325,0,13,217,97,5,0,-9,0,-66,0,-31,167,-115,2
8272,7.28,T,44,5,314,0,30,106,56,9,Z,39,6,228,2,78,101,143,1,1,-5,1,-86,2,48,-5,87,-8
8273,7.53,Z,35,1,475,0,19,46,97,1,T,44,0,232,0,44,62,63,6,1,9,-1,-243,0,25,16,-34,5
8274,9.28,T,71,0,245,0,46,130,90,12,T,62,0,1337,0,60,180,105,4,0,-9,0,1092,0,14,50,15,-8
8275,3.25,P,15,1,96,0,29,68,102,3,P,15,2,170,0,13,68,32,0,1,0,1,74,0,-16,0,-70,-3
8276,8.19,T,57,0,611,0,0,106,128,0,P,41,5,549,0,11,147,83,0,0,-16,5,-62,0,11,41,-45,0
8277,6.23,Z,21,0,563,0,15,63,99,1,P,40,4,583,0,15,124,51,0,0,19,4,20,0,0,61,-48,-1
8278,9.59,Z,40,4,357,0,63,133,172,0,T,23,0,505,0,3,27,68,3,0,-17,-4,148,0,-60,-106,-104,3
8279,8.28,T,86,6,391,0,26,145,71,0,Z,77,4,469,0,237,322,254,6,1,-9,-2,78,0,211,177,183,6
8280,0.38,T,2,0,24,0,1,11,2,1,P,4,1,32,0,16,18,35,0,1,2,1,8,0,15,7,33,-1
8281,3.29,T,19,0,148,0,1,46,42,1,T,15,0,298,0,0,18,27,0,0,-4,0,150,0,-1,-28,-15,-1
8282,5.52,Z,46,0,369,0,218,182,114,6,P,49,3,455,0,167,198,72,5,0,3,3,86,0,-51,16,-42,-1
8283,5.31,T,38,3,270,0,8,70,63,0,Z,27,0,306,0,21,148,68,3,0,-11,-3,36,0,13,78,5,3
8284,9.01,T,20,0,689,0,0,30,47,0,T,35,0,442,0,0,15,41,0,1,15,0,-247,0,0,-15,-6,0
8285,7.5,Z,41,0,428,0,51,110,145,10,P,62,0,526,0,330,242,68,6,0,21,0,98,0,279,132,-77,-4
8286,2.53,Z,13,0,88,0,19,75,142,8,T,13,0,106,0,356,14,149,20,0,0,0,18,0,337,-61,7,12
8287,6.39,T,18,1,224,0,0,138,95,0,P,43,0,287,0,6,190,37,2,1,25,-1,63,0,6,52,-58,2
8288,2.3,T,6,0,198,0,109,51,9,3,P,10,1,233,0,3,46,76,2,1,4,1,35,0,-106,-5,67,-1
8289,8.56,T,54,0,559,0,244,131,63,2,Z,44,3,353,0,23,61,152,0,0,-10,3,-206,0,-221,-70,89,-2
8290,5.05,T,38,0,176,0,95,109,77,5,T,30,4,197,0,263,46,108,1,1,-8,4,21,0,168,-63,31,-4
8291,2.13,T,6,1,139,0,5,15,26,6,T,7,0,113,0,69,42,19,2,1,1,-1,-26,0,64,27,-7,-4
8292,9.59,T,60,2,392,0,143,294,243,4,T,99,12,487,0,320,417,305,3,1,39,10,95,0,177,123,62,-1
8293,6.11,T,70,1,210,0,247,133,179,9,T,56,0,213,0,128,183,135,7,1,-14,-1,3,0,-119,50,-44,-2
8294,8.03,P,38,5,318,0,45,123,54,0,P,63,6,393,0,39,233,80,6,0,25,1,75,0,-6,110,26,6
8295,4.48,T,59,0,152,0,430,89,49,6,Z,39,5,306,0,494,161,189,5,1,-20,5,154,0,64,72,140,-1
8296,0.55,T,2,0,64,0,3,11,4,2,Z,4,0,19,0,0,7,17,1,1,2,0,-45,0,-3,-4,13,-1
8297,8.52,P,45,17,691,0,743,166,70,0,P,51,3,338,9,64,251,116,1,0,6,-14,-353,9,-679,85,46,1
8298,9.35,Z,57,3,689,0,43,160,279,1,Z,68,0,305,0,390,196,190,2,1,11,-3,-384,0,347,36,-89,1
8299,10.07,T,38,0,589,0,1,57,76,2,Z,46,0,485,0,0,168,173,1,0,8,0,-104,0,-1,111,97,-1
8300,9.57,T,101,3,555,0,21,141,184,0,Z,57,5,378,0,206,127,198,4,0,-44,2,-177,0,185,-14,14,4
8301,9.59,Z,79,0,502,0,5,181,220,6,T,55,0,370,0,0,161,106,1,0,-24,0,-132,0,-5,-20,-114,-5
8302,8,T,64,0,323,16,259,122,130,1,Z,59,3,461,0,70,215,229,2,1,-5,3,138,-16,-189,93,99,1
8303,3.03,Z,15,0,138,0,33,58,47,2,P,13,1,154,0,191,76,52,9,0,-2,1,16,0,158,18,5,7
8304,6.23,Z,37,2,338,0,23,87,106,3,P,39,1,482,0,10,107,70,0,1,2,-1,144,0,-13,20,-36,-3
8305,9.59,P,74,2,535,0,58,383,112,3,Z,80,4,743,0,55,167,221,0,0,6,2,208,0,-3,-216,109,-3
8306,7.04,Z,51,12,304,1,205,140,152,7,T,71,4,436,0,53,128,60,0,0,20,-8,132,-1,-152,-12,-92,-7
8307,3.36,Z,12,1,111,0,383,40,83,1,Z,12,1,128,0,7,42,47,2,0,0,0,17,0,-376,2,-36,1
8308,9.59,P,62,10,527,0,422,155,302,3,T,80,5,388,0,736,147,220,23,0,18,-5,-139,0,314,-8,-82,20
8309,3.59,P,22,0,222,0,253,147,67,6,T,29,2,192,0,204,158,105,0,0,7,2,-30,0,-49,11,38,-6
8310,9.58,P,32,0,495,0,0,29,36,0,Z,44,2,504,0,2,133,163,2,1,12,2,9,0,2,104,127,2
8311,10.26,T,79,4,943,0,238,177,91,0,T,89,9,518,0,366,134,187,0,1,10,5,-425,0,128,-43,96,0
8312,10.25,T,124,1,835,0,282,214,120,13,T,118,7,1173,0,584,253,252,9,0,-6,6,338,0,302,39,132,-4
8313,6.44,T,26,0,375,0,0,15,48,1,T,39,0,532,0,34,59,61,5,0,13,0,157,0,34,44,13,4
8314,3.14,P,11,0,90,0,2,122,25,1,T,11,0,174,0,6,60,63,4,1,0,0,84,0,4,-62,38,3
8315,5.57,T,21,0,263,0,7,11,15,4,T,14,0,253,0,0,34,29,0,1,-7,0,-10,0,-7,23,14,-4
8316,9.43,P,79,1,898,0,122,300,161,8,Z,73,14,436,0,102,294,281,0,1,-6,13,-462,0,-20,-6,120,-8
8317,3.57,Z,20,3,212,1,222,89,76,2,Z,20,2,64,0,27,86,55,3,1,0,-1,-148,-1,-195,-3,-21,1
8318,9.56,T,70,9,441,0,566,287,164,4,T,78,4,678,0,123,355,118,0,1,8,-5,237,0,-443,68,-46,-4
8319,4.12,Z,20,2,167,0,116,52,54,4,Z,22,1,162,0,104,65,65,4,0,2,-1,-5,0,-12,13,11,0
8320,6.28,Z,50,7,419,0,486,187,179,3,T,64,0,302,1,184,259,100,12,0,14,-7,-117,1,-302,72,-79,9
8321,9.59,T,67,0,804,0,10,208,125,9,Z,77,0,654,0,68,238,253,4,0,10,0,-150,0,58,30,128,-5
8322,4.31,T,26,0,212,0,0,79,80,0,T,20,0,423,0,16,131,147,2,0,-6,0,211,0,16,52,67,2
8323,5.48,T,46,3,318,3,47,231,113,1,Z,36,0,421,0,407,120,114,3,0,-10,-3,103,-3,360,-111,1,2
8324,3.47,P,29,0,128,0,50,101,65,6,T,25,1,287,0,417,82,104,9,0,-4,1,159,0,367,-19,39,3
8325,6.24,Z,31,0,256,23,304,163,242,1,Z,28,0,287,0,116,125,190,5,1,-3,0,31,-23,-188,-38,-52,4
8326,9.59,P,60,8,420,1,357,206,131,0,Z,73,4,460,0,41,157,285,2,0,13,-4,40,-1,-316,-49,154,2
8327,10.44,T,77,0,753,0,34,172,127,8,P,102,10,437,0,75,276,118,5,1,25,10,-316,0,41,104,-9,-3
8328,9.58,T,102,3,643,0,179,219,103,11,T,110,0,559,0,438,260,170,16,0,8,-3,-84,0,259,41,67,5
8329,10.56,T,60,1,477,0,26,29,39,3,P,46,3,1134,0,107,113,49,0,1,-14,2,657,0,81,84,10,-3
8330,8,T,66,0,425,0,72,142,100,1,Z,43,0,477,0,223,173,206,9,1,-23,0,52,0,151,31,106,8
8331,6.43,P,42,0,462,0,41,136,39,5,T,53,2,523,0,35,64,73,0,1,11,2,61,0,-6,-72,34,-5
8332,4.54,Z,22,0,271,0,17,51,67,8,T,20,3,344,0,883,50,145,1,1,-2,3,73,0,866,-1,78,-7
8333,9.58,T,57,2,429,0,8,98,80,0,P,37,7,469,0,44,53,42,0,1,-20,5,40,0,36,-45,-38,0
8334,2.14,P,13,0,104,2,16,71,36,0,P,9,0,185,0,41,95,6,4,0,-4,0,81,-2,25,24,-30,4
8335,9.58,Z,54,1,537,0,30,209,200,9,T,77,1,642,0,54,107,134,9,1,23,0,105,0,24,-102,-66,0
8336,8.17,Z,39,0,439,0,54,136,129,5,Z,39,0,669,0,0,168,137,0,0,0,0,230,0,-54,32,8,-5
8337,5.04,Z,21,0,190,0,26,122,67,3,Z,25,0,224,0,45,149,79,4,1,4,0,34,0,19,27,12,1
8338,4.13,T,32,0,206,0,394,107,121,7,Z,23,1,252,0,21,84,68,2,1,-9,1,46,0,-373,-23,-53,-5
8339,4.37,T,27,0,149,0,112,76,32,8,T,23,1,223,0,6,43,48,3,0,-4,1,74,0,-106,-33,16,-5
8340,3.32,Z,16,0,93,0,34,42,154,2,Z,15,2,159,0,3,59,109,2,1,-1,2,66,0,-31,17,-45,0
8341,9.59,P,37,0,682,0,8,101,83,6,T,56,0,312,0,0,128,96,1,0,19,0,-370,0,-8,27,13,-5
8342,6.42,T,87,1,207,0,366,209,175,8,Z,56,5,443,0,335,285,240,6,0,-31,4,236,0,-31,76,65,-2
8343,6.52,P,22,0,359,0,0,136,68,0,P,22,0,152,0,1,45,44,0,1,0,0,-207,0,1,-91,-24,0
8344,2.35,Z,7,1,79,0,0,12,33,0,T,8,0,280,0,0,15,12,0,0,1,-1,201,0,0,3,-21,0
8345,7.49,T,81,6,315,0,524,150,136,5,T,60,0,460,0,280,208,98,14,1,-21,-6,145,0,-244,58,-38,9
8346,6.08,T,54,3,381,0,261,140,163,1,Z,24,1,169,0,424,57,78,6,0,-30,-2,-212,0,163,-83,-85,5
8347,8.46,T,50,0,690,0,8,152,68,2,Z,55,1,576,0,48,220,284,1,0,5,1,-114,0,40,68,216,-1
8348,9.56,T,66,0,789,0,171,170,230,6,T,63,3,609,0,41,145,83,3,0,-3,3,-180,0,-130,-25,-147,-3
8349,0.18,Z,2,0,8,0,8,8,18,3,Z,0,0,2,0,0,0,4,0,0,-2,0,-6,0,-8,-8,-14,-3
8350,9.19,T,63,0,749,0,11,193,148,6,P,42,0,547,0,0,155,73,0,0,-21,0,-202,0,-11,-38,-75,-6
8351,6.23,P,31,0,433,0,11,167,30,8,Z,25,1,140,0,13,180,125,4,0,-6,1,-293,0,2,13,95,-4
8352,9.59,P,58,2,403,0,34,374,127,4,P,60,0,313,2,37,205,69,4,1,2,-2,-90,2,3,-169,-58,0
8353,2.09,P,12,0,189,0,14,101,9,4,Z,7,1,43,0,189,20,20,0,1,-5,1,-146,0,175,-81,11,-4
8354,10.05,Z,89,9,740,0,806,334,408,16,P,89,1,405,0,88,204,77,7,0,0,-8,-335,0,-718,-130,-331,-9
8355,9.59,T,95,1,354,0,307,233,189,10,Z,72,5,459,0,304,157,279,4,0,-23,4,105,0,-3,-76,90,-6
8356,8.52,T,44,0,287,0,88,260,108,5,P,52,2,437,0,25,86,117,0,1,8,2,150,0,-63,-174,9,-5
8357,9.59,P,57,0,323,0,27,182,64,6,T,58,0,660,0,32,103,86,6,0,1,0,337,0,5,-79,22,0
8358,9.58,Z,72,0,747,0,141,245,331,3,T,83,0,651,0,46,145,130,11,1,11,0,-96,0,-95,-100,-201,8
8359,6.01,T,51,2,242,0,59,158,70,3,Z,36,1,382,0,2,80,142,2,1,-15,-1,140,0,-57,-78,72,-1
8360,9.46,T,123,3,495,0,750,206,192,15,Z,80,10,457,0,105,199,192,2,0,-43,7,-38,0,-645,-7,0,-13
8361,9,T,57,0,595,0,103,159,186,10,P,62,2,407,0,142,266,66,7,1,5,2,-188,0,39,107,-120,-3
8362,8.11,P,55,6,541,0,29,281,96,0,T,70,0,455,0,236,275,140,13,1,15,-6,-86,0,207,-6,44,13
8363,7.31,T,57,0,427,0,111,176,160,6,Z,53,1,251,0,380,153,185,4,1,-4,1,-176,0,269,-23,25,-2
8364,5.03,P,31,0,248,0,2,76,35,1,Z,20,0,143,0,78,76,103,9,1,-11,0,-105,0,76,0,68,8
8365,8.42,Z,70,0,318,8,92,142,191,0,T,117,2,377,0,486,270,205,10,1,47,2,59,-8,394,128,14,10
8366,7.49,P,53,1,398,0,68,189,113,7,Z,43,3,694,0,189,183,301,0,0,-10,2,296,0,121,-6,188,-7
8367,9.59,Z,61,0,850,0,715,191,294,8,T,69,8,727,0,7,171,207,1,0,8,8,-123,0,-708,-20,-87,-7
8368,5.27,T,37,1,200,0,111,56,33,3,T,29,1,585,0,5,91,50,3,0,-8,0,385,0,-106,35,17,0
8369,2.43,P,12,0,157,0,3,13,13,1,Z,3,0,128,0,4,16,14,2,1,-9,0,-29,0,1,3,1,1
8370,9.36,Z,58,0,390,0,8,95,148,2,P,36,0,709,0,0,167,118,0,1,-22,0,319,0,-8,72,-30,-2
8371,9.09,Z,59,6,389,0,107,207,240,3,T,117,0,546,0,101,317,202,10,1,58,-6,157,0,-6,110,-38,7
8372,3.02,P,13,0,154,0,7,35,23,2,T,11,0,117,0,39,22,63,5,0,-2,0,-37,0,32,-13,40,3
8373,4,T,30,2,197,0,292,108,92,3,Z,26,0,116,0,39,80,81,1,1,-4,-2,-81,0,-253,-28,-11,-2
8374,9.59,Z,54,2,846,0,84,137,221,4,P,46,0,428,0,10,146,37,2,0,-8,-2,-418,0,-74,9,-184,-2
8375,10.17,T,118,0,521,17,498,189,260,2,T,81,0,460,0,613,259,146,25,0,-37,0,-61,-17,115,70,-114,23
8376,9.59,Z,95,4,396,0,362,257,246,7,Z,74,0,370,0,259,237,383,5,1,-21,-4,-26,0,-103,-20,137,-2
8377,9.58,P,49,0,427,0,0,114,91,2,P,51,0,594,0,0,77,74,0,1,2,0,167,0,0,-37,-17,-2
8378,7.43,P,28,0,408,0,57,106,51,2,T,32,0,422,0,0,68,63,1,0,4,0,14,0,-57,-38,12,-1
8379,4.18,P,24,0,122,0,258,114,214,4,T,20,0,229,0,5,62,45,4,0,-4,0,107,0,-253,-52,-169,0
8380,9.21,Z,53,0,72,5,16,59,191,0,T,61,6,818,0,11,65,63,0,1,8,6,746,-5,-5,6,-128,0
8381,9.59,Z,50,0,164,0,59,98,172,2,T,48,10,507,0,18,69,62,0,1,-2,10,343,0,-41,-29,-110,-2
8382,7.46,T,51,6,535,0,144,114,84,0,Z,35,1,664,0,3,87,100,3,0,-16,-5,129,0,-141,-27,16,3
8383,9.46,Z,25,0,179,0,4,49,98,1,P,39,0,402,0,8,64,50,9,1,14,0,223,0,4,15,-48,8
8384,5.48,P,33,0,244,0,152,119,54,8,Z,34,0,154,10,46,82,103,2,0,1,0,-90,10,-106,-37,49,-6
8385,1.5,T,5,0,108,0,0,7,11,1,T,2,0,77,0,0,1,3,0,1,-3,0,-31,0,0,-6,-8,-1
8386,8.39,T,61,0,650,0,9,175,184,5,P,60,1,363,0,33,343,92,5,1,-1,1,-287,0,24,168,-92,0
8387,8.13,T,41,0,678,0,13,127,68,0,P,26,0,291,0,108,148,239,5,1,-15,0,-387,0,95,21,171,5
8388,9.59,Z,69,0,404,0,123,97,219,4,Z,72,0,563,0,110,154,253,14,1,3,0,159,0,-13,57,34,10
8389,9.05,T,83,1,362,0,596,207,173,20,P,48,0,547,0,6,302,68,4,0,-35,-1,185,0,-590,95,-105,-16
8390,9.58,T,48,3,813,0,27,101,95,4,T,99,0,326,0,156,290,187,21,1,51,-3,-487,0,129,189,92,17
8391,9.59,P,61,0,480,0,29,336,172,5,Z,65,2,523,0,73,413,286,3,1,4,2,43,0,44,77,114,-2
8392,5.02,P,16,1,246,0,9,38,27,2,P,18,0,79,0,13,51,24,6,1,2,-1,-167,0,4,13,-3,4
8393,9.34,Z,58,0,518,0,37,155,210,2,T,59,0,1203,0,2,249,153,9,0,1,0,685,0,-35,94,-57,7
8394,9.58,Z,72,4,390,0,65,152,154,1,T,85,3,447,0,55,225,119,6,0,13,-1,57,0,-10,73,-35,5
8395,2.13,T,11,0,99,0,204,15,10,3,P,10,2,76,0,9,92,11,1,1,-1,2,-23,0,-195,77,1,-2
8396,9.59,Z,65,12,629,0,77,156,210,3,T,67,0,646,0,98,54,89,6,1,2,-12,17,0,21,-102,-121,3
8397,9.53,T,72,3,357,0,733,228,86,4,Z,70,8,648,3,475,128,210,1,0,-2,5,291,3,-258,-100,124,-3
8398,9.56,P,53,0,352,0,17,230,79,5,T,71,2,672,0,63,229,137,2,0,18,2,320,0,46,-1,58,-3
8399,5.28,Z,43,3,232,0,52,113,91,7,P,35,1,213,0,679,161,105,5,1,-8,-2,-19,0,627,48,14,-2
8400,7.3,Z,50,8,297,0,458,174,215,7,P,55,0,621,0,67,184,48,9,1,5,-8,324,0,-391,10,-167,2
8401,9.59,Z,75,9,266,0,407,281,280,2,Z,68,0,643,0,73,310,266,12,1,-7,-9,377,0,-334,29,-14,10
8402,9.58,P,46,0,567,0,5,302,62,3,P,69,0,315,0,126,326,111,4,0,23,0,-252,0,121,24,49,1
8403,5.24,Z,23,0,126,0,2,37,72,1,P,30,0,367,0,0,93,32,1,1,7,0,241,0,-2,56,-40,0
8404,8.54,Z,60,1,305,0,70,239,333,10,Z,47,0,259,0,6,272,419,1,0,-13,-1,-46,0,-64,33,86,-9
8405,9.59,T,72,4,983,0,81,159,182,1,P,38,0,454,0,7,107,52,1,0,-34,-4,-529,0,-74,-52,-130,0
8406,9.59,T,92,4,644,0,18,173,84,3,Z,53,1,655,0,27,126,223,5,0,-39,-3,11,0,9,-47,139,2
8407,8.55,P,51,3,242,0,105,199,68,10,Z,54,0,511,0,384,200,511,6,1,3,-3,269,0,279,1,443,-4
8408,9.59,Z,52,2,531,0,31,81,169,4,T,47,8,1008,0,48,115,82,0,1,-5,6,477,0,17,34,-87,-4
8409,9.17,T,89,1,679,0,172,250,204,5,Z,84,10,452,0,360,213,217,3,1,-5,9,-227,0,188,-37,13,-2
8410,1,P,3,0,27,0,8,8,5,2,P,1,0,28,0,0,1,1,0,0,-2,0,1,0,-8,-7,-4,-2
8411,10.52,T,98,5,688,0,56,194,162,2,T,81,9,420,0,259,253,175,0,1,-17,4,-268,0,203,59,13,-2
8412,3.39,Z,13,0,124,0,27,24,57,1,Z,9,0,141,0,11,27,61,9,0,-4,0,17,0,-16,3,4,8
8413,8.1,Z,41,0,313,0,23,165,334,5,T,44,0,470,0,0,48,75,0,0,3,0,157,0,-23,-117,-259,-5
8414,6.15,P,68,4,245,0,420,247,88,8,Z,54,2,609,1,471,252,193,12,1,-14,-2,364,1,51,5,105,4
8415,9.58,T,85,7,650,0,33,192,191,0,T,98,1,819,0,24,228,153,3,1,13,-6,169,0,-9,36,-38,3
8416,8.44,P,64,5,488,0,47,419,127,5,T,57,6,486,0,17,209,157,0,0,-7,1,-2,0,-30,-210,30,-5
8417,9.59,P,39,2,516,0,148,167,65,13,P,33,0,506,0,0,51,53,0,1,-6,-2,-10,0,-148,-116,-12,-13
8418,6.57,T,71,7,445,4,97,218,89,7,Z,50,0,286,0,1190,198,201,13,0,-21,-7,-159,-4,1093,-20,112,6
8419,7.04,Z,35,3,158,0,36,50,131,1,Z,59,1,399,0,114,138,128,7,1,24,-2,241,0,78,88,-3,6
8420,9.59,T,65,0,525,0,100,132,115,1,T,43,0,515,0,36,134,55,9,1,-22,0,-10,0,-64,2,-60,8
8421,7.33,P,55,0,231,0,40,149,132,12,T,57,3,600,0,161,149,105,5,0,2,3,369,0,121,0,-27,-7
8422,5.24,T,26,0,296,0,20,87,197,1,P,26,0,129,0,0,44,176,0,1,0,0,-167,0,-20,-43,-21,-1
8423,9.45,P,69,1,625,0,51,188,172,3,P,29,4,247,0,3,95,50,0,1,-40,3,-378,0,-48,-93,-122,-3
8424,9.59,Z,53,1,567,0,323,222,190,7,T,107,4,407,0,152,229,284,5,0,54,3,-160,0,-171,7,94,-2
8425,7.51,T,60,5,488,0,199,221,99,2,Z,37,5,260,0,435,107,198,0,0,-23,0,-228,0,236,-114,99,-2
8426,9.59,Z,60,2,347,0,138,232,269,5,T,76,1,732,0,2,271,165,0,1,16,-1,385,0,-136,39,-104,-5
8427,9.59,Z,45,6,313,0,74,128,169,0,P,32,0,421,0,0,32,19,0,0,-13,-6,108,0,-74,-96,-150,0
8428,2.26,Z,6,0,120,0,36,35,47,0,T,14,0,267,0,8,9,18,1,1,8,0,147,0,-28,-26,-29,1
8429,8.53,P,57,0,367,0,92,225,160,1,Z,64,5,316,3,66,152,238,0,0,7,5,-51,3,-26,-73,78,-1
8430,8.59,T,67,4,630,0,211,255,110,9,T,79,7,272,0,416,232,177,5,0,12,3,-358,0,205,-23,67,-4
8431,4.07,T,18,0,257,0,3,50,45,2,P,16,0,198,0,0,94,22,0,1,-2,0,-59,0,-3,44,-23,-2
8432,6.42,T,56,0,307,0,133,236,70,12,Z,48,5,255,0,123,227,211,2,1,-8,5,-52,0,-10,-9,141,-10
8433,8.27,T,58,0,600,0,619,157,217,10,P,85,0,401,0,321,338,99,18,1,27,0,-199,0,-298,181,-118,8
8434,9.59,P,55,2,396,0,54,54,47,5,Z,58,0,597,0,9,220,205,1,1,3,-2,201,0,-45,166,158,-4
8435,9.59,T,88,3,839,0,59,175,125,3,Z,79,0,468,0,113,140,237,5,0,-9,-3,-371,0,54,-35,112,2
8436,3.24,Z,10,4,52,0,157,18,125,2,P,11,2,195,0,0,29,57,0,1,1,-2,143,0,-157,11,-68,-2
8437,9.59,Z,51,0,765,0,185,516,171,18,Z,64,7,450,0,160,449,305,19,0,13,7,-315,0,-25,-67,134,1
8438,4.24,P,19,0,147,0,94,147,58,2,P,19,0,239,0,0,202,38,0,0,0,0,92,0,-94,55,-20,-2
8439,6.29,P,53,1,294,1,7,108,66,0,P,20,0,231,0,4,134,83,3,0,-33,-1,-63,-1,-3,26,17,3
8440,7.1,T,52,0,473,0,23,83,57,3,P,29,3,139,0,12,78,102,1,1,-23,3,-334,0,-11,-5,45,-2
8441,6.58,P,45,4,452,0,41,338,115,2,T,48,2,433,0,93,191,72,2,1,3,-2,-19,0,52,-147,-43,0
8442,7.01,T,48,1,496,0,60,101,93,4,Z,52,0,597,0,38,23,128,4,1,4,-1,101,0,-22,-78,35,0
8443,8.49,P,52,0,584,0,20,140,63,4,T,67,1,340,0,5,177,147,3,0,15,1,-244,0,-15,37,84,-1
8444,1.35,P,8,2,78,0,57,53,10,0,P,4,0,71,3,50,30,18,0,1,-4,-2,-7,3,-7,-23,8,0
8445,2.17,P,10,2,37,0,1,49,6,0,T,8,0,25,0,0,7,13,0,0,-2,-2,-12,0,-1,-42,7,0
8446,9.59,T,46,0,720,0,32,56,74,6,T,65,0,441,0,16,155,141,10,1,19,0,-279,0,-16,99,67,4
8447,4.39,Z,19,2,262,0,4,42,71,0,Z,15,3,350,0,33,27,69,2,1,-4,1,88,0,29,-15,-2,2
8448,5.27,P,20,0,314,0,0,14,34,0,P,24,1,47,0,0,32,41,0,1,4,1,-267,0,0,18,7,0
8449,5.52,T,37,2,248,0,273,106,58,5,P,21,0,349,0,0,76,24,0,0,-16,-2,101,0,-273,-30,-34,-5
8450,5.03,P,38,0,208,6,23,96,32,0,Z,13,2,185,0,16,39,57,0,1,-25,2,-23,-6,-7,-57,25,0
8451,6.15,T,46,0,400,0,277,62,138,6,T,44,0,345,0,348,153,144,7,1,-2,0,-55,0,71,91,6,1
8452,5.15,P,18,0,94,0,2,199,35,2,T,50,7,235,0,147,125,91,1,1,32,7,141,0,145,-74,56,-1
8453,9.59,Z,45,0,308,0,230,205,471,2,P,49,8,409,0,513,222,78,4,1,4,8,101,0,283,17,-393,2
8454,9.58,P,23,0,636,0,0,106,53,0,T,37,0,751,0,8,109,88,4,1,14,0,115,0,8,3,35,4
8455,4.26,T,19,0,156,0,21,37,42,5,T,22,0,123,0,246,95,84,1,1,3,0,-33,0,225,58,42,-4
8456,9.34,T,74,5,457,0,12,274,191,0,Z,37,0,588,0,2,165,117,1,0,-37,-5,131,0,-10,-109,-74,1
8457,9.59,Z,100,17,325,0,149,182,346,7,P,61,5,1154,0,30,184,112,8,1,-39,-12,829,0,-119,2,-234,1
8458,8.43,P,48,0,394,0,285,191,106,3,P,57,0,407,0,388,342,92,11,1,9,0,13,0,103,151,-14,8
8459,9.59,T,117,3,795,0,44,323,105,7,Z,88,1,610,0,99,171,200,14,1,-29,-2,-185,0,55,-152,95,7
8460,9.59,P,51,0,608,0,0,92,56,0,P,46,0,411,0,28,91,45,2,0,-5,0,-197,0,28,-1,-11,2
8461,9.59,P,49,0,718,0,1,234,113,2,T,60,2,685,0,2,242,124,1,0,11,2,-33,0,1,8,11,-1
8462,9.59,T,67,0,657,0,41,239,92,5,T,79,2,445,4,174,72,100,0,0,12,2,-212,4,133,-167,8,-5
8463,3.36,Z,15,2,128,0,1,50,61,0,T,16,1,207,0,5,38,56,1,0,1,-1,79,0,4,-12,-5,1
8464,10.23,P,62,2,983,0,27,140,91,6,T,37,5,418,0,15,36,36,0,0,-25,3,-565,0,-12,-104,-55,-6
8465,6.44,T,62,2,347,0,378,259,152,7,Z,52,1,342,0,111,213,178,0,1,-10,-1,-5,0,-267,-46,26,-7
8466,9.58,T,96,7,1034,0,297,125,139,9,P,56,4,636,0,102,194,108,0,1,-40,-3,-398,0,-195,69,-31,-9
8467,7.56,Z,39,0,321,0,18,163,114,5,T,66,9,608,0,318,279,155,1,1,27,9,287,0,300,116,41,-4
8468,9.19,T,90,0,457,0,96,226,165,17,Z,72,0,517,0,77,178,232,9,0,-18,0,60,0,-19,-48,67,-8
8469,7.35,P,38,5,403,0,35,59,29,1,T,44,0,430,0,24,87,67,4,1,6,-5,27,0,-11,28,38,3
8470,0.5,P,4,0,41,0,21,16,22,0,Z,3,0,3,0,44,10,14,3,1,-1,0,-38,0,23,-6,-8,3
8471,9.53,T,66,0,556,0,666,170,122,12,P,43,0,657,0,6,231,130,3,0,-23,0,101,0,-660,61,8,-9
8472,2.15,Z,7,0,22,0,0,14,32,1,Z,11,0,108,0,11,14,43,2,0,4,0,86,0,11,0,11,1
8473,3.13,Z,14,3,158,0,71,90,115,4,Z,13,0,106,0,46,38,162,7,0,-1,-3,-52,0,-25,-52,47,3
8474,6.45,P,47,0,405,0,7,102,178,3,Z,57,1,231,0,152,212,163,2,1,10,1,-174,0,145,110,-15,-1
8475,7.35,Z,60,2,418,0,28,100,141,0,Z,48,2,207,0,191,150,117,4,0,-12,0,-211,0,163,50,-24,4
8476,9.59,Z,84,0,520,0,110,236,278,6,T,124,0,462,0,143,210,139,12,0,40,0,-58,0,33,-26,-139,6
8477,8.28,Z,30,0,524,0,0,52,85,0,T,46,0,642,0,0,104,67,2,1,16,0,118,0,0,52,-18,2
8478,4.18,P,27,1,234,0,26,86,31,1,T,30,0,235,0,205,129,92,9,0,3,-1,1,0,179,43,61,8
8479,9.59,T,91,0,818,0,57,310,119,4,T,96,0,830,0,970,366,168,8,0,5,0,12,0,913,56,49,4
8480,6.25,T,43,1,177,0,176,127,74,9,T,58,6,469,0,104,192,129,10,1,15,5,292,0,-72,65,55,1
8481,6.49,Z,44,14,498,0,377,307,230,4,P,67,1,311,0,90,265,73,16,0,23,-13,-187,0,-287,-42,-157,12
8482,6.07,T,32,0,538,0,50,85,188,8,P,48,0,491,0,29,113,57,20,1,16,0,-47,0,-21,28,-131,12
8483,10.22,P,30,0,463,0,0,200,71,0,T,19,0,291,0,0,47,53,0,0,-11,0,-172,0,0,-153,-18,0
8484,10.48,T,60,10,1194,1,53,81,81,2,P,39,1,328,0,11,40,67,0,0,-21,-9,-866,-1,-42,-41,-14,-2
8485,9.59,T,91,0,535,0,296,274,167,10,P,79,0,355,0,144,217,177,8,1,-12,0,-180,0,-152,-57,10,-2
8486,5.46,P,14,0,45,0,0,15,14,0,Z,18,0,244,0,13,72,114,2,1,4,0,199,0,13,57,100,2
8487,4.57,P,12,0,434,0,0,55,25,0,P,24,1,308,0,7,218,30,2,1,12,1,-126,0,7,163,5,2
8488,9.59,Z,88,7,580,0,593,223,313,12,T,134,6,581,0,578,299,245,18,0,46,-1,1,0,-15,76,-68,6
8489,9.07,T,44,0,676,0,9,120,85,3,Z,48,0,492,0,30,44,121,3,1,4,0,-184,0,21,-76,36,0
8490,3.5,T,43,1,283,0,158,96,55,8,Z,21,0,235,0,116,51,86,7,0,-22,-1,-48,0,-42,-45,31,-1
8491,10,T,65,6,571,1,48,100,92,1,T,73,3,711,0,161,272,210,2,1,8,-3,140,-1,113,172,118,1
8492,7.04,P,27,1,381,0,3,28,36,2,T,45,0,294,0,253,98,57,5,1,18,-1,-87,0,250,70,21,3
8493,4.51,P,34,0,169,0,56,118,42,5,Z,17,2,101,0,50,54,82,3,1,-17,2,-68,0,-6,-64,40,-2
8494,9.03,Z,45,0,338,0,40,51,142,3,Z,40,0,447,0,52,53,123,1,0,-5,0,109,0,12,2,-19,-2
8495,6.49,T,74,0,305,0,517,177,79,15,P,78,3,332,0,391,230,279,9,0,4,3,27,0,-126,53,200,-6
8496,4.29,Z,12,0,84,0,0,29,62,0,T,27,1,163,0,4,85,150,1,1,15,1,79,0,4,56,88,1
8497,3.23,T,16,2,233,0,3,73,38,0,T,18,1,174,3,53,45,32,0,0,2,-1,-59,3,50,-28,-6,0
8498,10.29,P,34,1,989,0,6,81,77,1,T,56,0,478,0,0,165,89,0,1,22,-1,-511,0,-6,84,12,-1
8499,8.02,P,44,0,484,0,18,165,264,4,Z,37,12,417,0,28,73,130,0,0,-7,12,-67,0,10,-92,-134,-4
8500,7.01,Z,33,0,309,0,929,97,304,6,T,31,0,343,0,4,32,76,1,0,-2,0,34,0,-925,-65,-228,-5
8501,2.51,P,10,1,303,0,2,72,35,0,Z,13,0,103,0,0,25,41,2,1,3,-1,-200,0,-2,-47,6,2
8502,7.14,T,49,0,648,0,8,104,67,4,T,45,3,600,0,22,59,59,0,0,-4,3,-48,0,14,-45,-8,-4
8503,9.59,P,84,0,709,0,306,262,69,16,T,99,9,530,0,459,204,156,4,1,15,9,-179,0,153,-58,87,-12
8504,4.38,T,31,0,223,0,229,105,49,7,T,29,2,324,0,199,66,228,1,0,-2,2,101,0,-30,-39,179,-6
8505,10.59,T,122,0,424,0,81,326,276,20,P,91,4,635,0,110,351,209,14,1,-31,4,211,0,29,25,-67,-6
8506,2.19,Z,5,0,14,0,7,4,22,1,T,4,0,103,0,0,3,5,0,0,-1,0,89,0,-7,-1,-17,-1
8507,7.52,P,52,2,422,0,22,138,62,2,Z,43,0,672,0,25,83,181,1,0,-9,-2,250,0,3,-55,119,-1
8508,9.59,Z,104,13,635,4,589,346,372,10,P,100,7,381,0,588,349,143,5,0,-4,-6,-254,-4,-1,3,-229,-5
8509,9.58,T,64,0,314,0,45,104,65,4,P,64,14,642,0,98,103,82,1,1,0,14,328,0,53,-1,17,-3
8510,9.58,T,66,0,381,0,178,113,113,9,T,47,3,567,0,18,49,71,0,0,-19,3,186,0,-160,-64,-42,-9
8511,0,P,0,0,1,0,0,0,0,0,P,1,0,1,0,45,4,2,2,1,1,0,0,0,45,4,2,2
8512,10.03,T,70,4,668,0,104,289,198,8,P,53,2,1169,0,31,85,67,0,1,-17,-2,501,0,-73,-204,-131,-8
8513,7.07,Z,31,0,334,0,57,131,142,14,Z,38,0,292,0,23,108,146,2,1,7,0,-42,0,-34,-23,4,-12
8514,9.59,T,60,5,897,0,7,101,83,0,Z,60,0,153,0,18,58,183,4,1,0,-5,-744,0,11,-43,100,4
8515,3.54,T,38,0,240,0,163,122,62,17,Z,15,0,247,0,273,127,84,8,1,-23,0,7,0,110,5,22,-9
8516,9.59,P,35,2,428,0,26,41,50,0,T,23,0,627,0,0,28,65,0,0,-12,-2,199,0,-26,-13,15,0
8517,7.29,T,35,3,350,0,23,107,44,0,Z,40,0,220,0,8,101,195,2,1,5,-3,-130,0,-15,-6,151,2
8518,9.59,T,49,0,411,0,0,80,96,0,P,37,2,1266,0,3,227,74,0,0,-12,2,855,0,3,147,-22,0
8519,10.34,P,35,0,852,0,0,182,66,0,Z,44,4,1083,0,17,84,150,2,1,9,4,231,0,17,-98,84,2
8520,3.27,Z,19,1,93,0,103,90,167,3,P,19,0,174,0,99,117,63,13,0,0,-1,81,0,-4,27,-104,10
8521,7.34,Z,58,0,588,0,45,155,210,4,P,57,0,261,0,480,281,105,4,0,-1,0,-327,0,435,126,-105,0
8522,7.01,T,61,3,345,0,46,92,119,0,T,41,0,453,0,171,143,104,6,0,-20,-3,108,0,125,51,-15,6
8523,8.43,Z,70,9,387,0,70,252,288,1,P,67,0,524,0,314,262,150,10,0,-3,-9,137,0,244,10,-138,9
8524,9.59,Z,57,1,316,0,36,90,154,7,T,48,7,387,0,21,122,74,0,0,-9,6,71,0,-15,32,-80,-7
8525,8.56,Z,48,3,444,0,209,138,237,4,Z,54,0,547,0,16,101,136,2,0,6,-3,103,0,-193,-37,-101,-2
8526,6.4,P,31,0,257,0,0,50,42,3,T,44,5,340,0,167,91,60,1,1,13,5,83,0,167,41,18,-2
8527,7.08,P,46,2,197,0,5,186,105,0,Z,31,2,348,0,31,234,202,5,1,-15,0,151,0,26,48,97,5
8528,3.41,T,15,0,163,0,8,60,30,2,T,8,0,267,0,0,47,11,2,0,-7,0,104,0,-8,-13,-19,0
8529,9.25,Z,53,8,732,0,49,138,125,0,Z,53,0,651,0,17,171,172,1,0,0,-8,-81,0,-32,33,47,1
8530,9.59,Z,54,0,500,0,29,386,228,6,P,63,0,437,0,0,204,129,2,0,9,0,-63,0,-29,-182,-99,-4
8531,9.58,T,93,5,489,0,182,131,114,2,T,71,0,433,0,61,103,155,15,1,-22,-5,-56,0,-121,-28,41,13
8532,9.58,P,47,0,258,0,40,153,73,6,T,69,3,488,0,7,147,94,1,0,22,3,230,0,-33,-6,21,-5
8533,1.5,Z,6,0,35,0,0,11,58,0,T,11,0,72,0,204,4,46,2,0,5,0,37,0,204,-7,-12,2
8534,9.59,Z,74,9,991,0,120,152,216,9,T,110,0,694,0,219,301,328,8,0,36,-9,-297,0,99,149,112,-1
8535,9.58,T,123,3,484,0,108,156,168,5,P,53,0,818,0,0,152,86,2,1,-70,-3,334,0,-108,-4,-82,-3
8536,7.33,P,33,0,252,0,0,99,60,0,P,30,0,348,0,5,91,48,2,0,-3,0,96,0,5,-8,-12,2
8537,9.14,P,47,0,363,0,50,225,84,4,Z,62,5,497,0,81,139,193,4,1,15,5,134,0,31,-86,109,0
8538,9.59,P,53,2,597,0,22,40,54,0,P,35,0,481,0,16,139,135,2,0,-18,-2,-116,0,-6,99,81,2
8539,5.39,T,31,0,205,0,21,225,182,4,Z,37,0,164,0,130,115,167,6,0,6,0,-41,0,109,-110,-15,2
8540,6.32,Z,38,4,408,1,51,176,112,0,Z,37,0,384,0,42,56,108,2,0,-1,-4,-24,-1,-9,-120,-4,2
8541,3.42,T,23,1,125,0,169,166,97,4,T,27,2,173,0,135,101,96,5,1,4,1,48,0,-34,-65,-1,1
8542,6.39,T,46,4,409,0,631,184,79,9,P,34,1,274,0,14,194,70,2,0,-12,-3,-135,0,-617,10,-9,-7
8543,9.58,P,75,2,563,7,107,295,132,0,Z,123,4,516,0,710,329,371,12,1,48,2,-47,-7,603,34,239,12
8544,6.02,Z,40,0,302,0,23,86,126,3,T,46,0,378,0,75,130,125,2,1,6,0,76,0,52,44,-1,-1
8545,9.59,P,61,2,827,0,114,120,124,6,P,61,0,462,25,160,211,133,0,1,0,-2,-365,25,46,91,9,-6
8546,5.34,P,28,4,75,1,21,28,28,3,P,27,0,477,0,2,64,36,1,0,-1,-4,402,-1,-19,36,8,-2
8547,9.27,Z,44,4,378,0,2,107,191,0,P,38,0,666,0,16,294,103,4,0,-6,-4,288,0,14,187,-88,4
8548,10.34,T,132,3,1061,1,272,367,213,14,Z,76,7,640,0,242,513,360,7,1,-56,4,-421,-1,-30,146,147,-7
8549,8.5,P,42,5,520,0,34,90,52,3,T,46,0,593,0,0,122,110,0,0,4,-5,73,0,-34,32,58,-3
8550,9.59,T,116,8,532,0,299,255,195,10,P,79,0,335,0,96,212,191,4,0,-37,-8,-197,0,-203,-43,-4,-6
8551,9.2,Z,45,1,627,0,193,245,163,5,Z,45,0,499,0,1,173,123,1,0,0,-1,-128,0,-192,-72,-40,-4
8552,8.37,Z,39,4,568,0,34,53,115,1,T,107,7,314,0,291,275,162,6,1,68,3,-254,0,257,222,47,5
8553,4.58,T,22,1,192,0,1,6,33,0,T,18,1,180,0,0,14,25,0,0,-4,0,-12,0,-1,8,-8,0
8554,3.14,T,10,0,211,0,7,6,11,1,T,13,0,114,0,12,11,22,2,1,3,0,-97,0,5,5,11,1
8555,4.31,T,19,0,90,0,0,12,21,0,P,18,0,290,0,0,96,49,0,0,-1,0,200,0,0,84,28,0
8556,5.56,P,15,1,143,0,1,66,31,0,P,19,0,93,0,0,36,39,2,0,4,-1,-50,0,-1,-30,8,2
8557,5.42,Z,25,1,226,0,0,58,78,0,P,22,0,151,0,0,114,30,0,0,-3,-1,-75,0,0,56,-48,0
8558,8.28,P,47,0,359,0,340,188,107,5,P,59,0,529,0,38,259,76,13,0,12,0,170,0,-302,71,-31,8
8559,4.18,T,20,2,255,0,314,151,25,4,P,29,0,98,0,54,54,63,5,1,9,-2,-157,0,-260,-97,38,1
8560,9.59,T,62,0,680,0,12,142,119,10,T,56,5,825,0,234,138,63,1,0,-6,5,145,0,222,-4,-56,-9
8561,7.05,Z,38,0,270,0,211,105,187,2,Z,35,2,454,0,31,178,114,0,1,-3,2,184,0,-180,73,-73,-2
8562,8.43,T,48,0,489,0,15,49,65,6,P,44,2,42,0,27,269,63,2,0,-4,2,-447,0,12,220,-2,-4
8563,4.51,P,25,4,398,0,5,99,37,0,T,24,0,243,0,5,55,54,3,0,-1,-4,-155,0,0,-44,17,3
8564,1.48,T,5,0,49,0,0,28,10,2,T,3,2,61,0,38,30,22,0,0,-2,2,12,0,38,2,12,-2
8565,0.5,T,3,0,68,0,3,3,3,1,P,0,0,6,0,89,6,3,1,0,-3,0,-62,0,86,3,0,0
8566,3.15,Z,14,2,57,0,116,81,127,3,Z,8,4,312,0,14,21,37,0,0,-6,2,255,0,-102,-60,-90,-3
8567,10.36,Z,74,2,621,0,116,317,299,5,Z,93,1,522,0,317,299,274,15,1,19,-1,-99,0,201,-18,-25,10
8568,9.59,P,62,0,413,0,157,240,97,8,Z,55,0,549,0,0,104,155,0,1,-7,0,136,0,-157,-136,58,-8
8569,10.23,Z,77,2,552,0,324,260,317,7,T,97,0,666,0,275,273,110,7,1,20,-2,114,0,-49,13,-207,0
8570,9.59,Z,64,6,573,0,184,379,306,5,T,81,6,366,0,76,223,122,1,1,17,0,-207,0,-108,-156,-184,-4
8571,3.2,P,10,0,280,0,2,83,25,2,P,20,3,84,0,9,60,20,0,1,10,3,-196,0,7,-23,-5,-2
8572,9.13,Z,60,0,913,0,31,303,213,13,T,92,0,368,0,466,213,152,8,1,32,0,-545,0,435,-90,-61,-5
8573,9.58,Z,59,2,441,0,24,44,172,0,P,63,13,279,0,56,186,73,0,1,4,11,-162,0,32,142,-99,0
8574,5.51,Z,27,1,652,0,6,56,103,1,T,32,4,320,3,11,27,78,0,1,5,3,-332,3,5,-29,-25,-1
8575,9.59,P,112,0,591,0,412,300,194,36,P,92,0,651,0,299,259,159,13,1,-20,0,60,0,-113,-41,-35,-23
8576,5.1,Z,20,1,360,0,20,90,115,5,Z,30,1,257,0,21,65,63,0,0,10,0,-103,0,1,-25,-52,-5
8577,6.56,Z,32,6,429,0,73,170,154,2,P,36,4,702,0,25,170,56,4,1,4,-2,273,0,-48,0,-98,2
8578,6.5,T,40,3,521,0,3,103,66,2,P,32,1,395,0,324,193,163,8,1,-8,-2,-126,0,321,90,97,6
8579,9.59,Z,52,0,491,0,44,137,205,4,P,64,0,582,0,7,160,75,12,0,12,0,91,0,-37,23,-130,8
8580,1.5,T,8,0,56,0,172,67,15,4,P,5,0,66,0,60,19,59,2,0,-3,0,10,0,-112,-48,44,-2
8581,9.59,P,37,1,480,0,38,224,67,5,P,39,0,608,0,18,125,50,3,0,2,-1,128,0,-20,-99,-17,-2
8582,6,T,46,1,322,6,89,131,136,3,Z,42,0,210,0,479,176,317,5,1,-4,-1,-112,-6,390,45,181,2
8583,7.1,Z,50,0,394,0,134,136,125,5,P,27,1,307,0,4,148,60,2,1,-23,1,-87,0,-130,12,-65,-3
8584,4.02,T,26,2,128,0,137,77,78,1,Z,20,1,82,0,12,47,99,4,1,-6,-1,-46,0,-125,-30,21,3
8585,9.58,Z,52,0,568,0,1,85,170,2,T,55,1,508,0,89,171,126,7,1,3,1,-60,0,88,86,-44,5
8586,10.43,T,77,0,613,0,26,200,178,9,Z,56,4,426,0,34,89,136,0,0,-21,4,-187,0,8,-111,-42,-9
8587,7.33,P,34,0,434,0,7,91,50,5,T,50,0,329,0,2,129,86,1,1,16,0,-105,0,-5,38,36,-4
8588,9.56,Z,57,0,822,0,1,104,247,3,P,81,0,693,0,67,150,67,17,1,24,0,-129,0,66,46,-180,14
8589,4.39,T,27,0,356,0,2,44,51,2,T,26,2,340,0,204,164,119,2,1,-1,2,-16,0,202,120,68,0
8590,4.39,P,26,0,446,0,37,115,29,4,P,24,0,123,0,20,89,54,5,1,-2,0,-323,0,-17,-26,25,1
8591,9.59,P,41,0,323,0,0,96,91,0,Z,26,2,686,0,21,110,134,1,1,-15,2,363,0,21,14,43,1
8592,6.14,T,33,0,430,4,44,70,49,1,T,43,2,214,0,909,77,120,6,0,10,2,-216,-4,865,7,71,5
8593,7.07,Z,34,5,387,0,28,139,122,0,Z,38,0,358,0,25,155,114,2,1,4,-5,-29,0,-3,16,-8,2
8594,9.27,T,50,3,454,0,5,97,89,1,T,33,0,427,0,0,95,128,0,1,-17,-3,-27,0,-5,-2,39,-1
8595,9.59,T,101,0,499,0,61,388,154,4,T,122,1,659,0,521,325,180,14,0,21,1,160,0,460,-63,26,10
8596,9.58,P,48,0,854,0,0,204,111,0,Z,60,0,1342,0,72,74,474,1,0,12,0,488,0,72,-130,363,1
8597,4,P,15,2,108,0,7,25,19,0,T,24,3,275,0,91,44,42,1,1,9,1,167,0,84,19,23,1
8598,4.23,T,28,1,350,0,370,68,189,0,T,36,0,301,0,518,97,59,3,1,8,-1,-49,0,148,29,-130,3
8599,9.53,T,76,3,877,0,478,211,84,10,T,72,12,1239,0,102,142,80,1,0,-4,9,362,0,-376,-69,-4,-9
8600,5.49,T,36,0,450,0,27,41,43,7,Z,26,9,236,0,14,104,94,0,0,-10,9,-214,0,-13,63,51,-7
8601,5.05,Z,18,0,229,0,5,46,83,3,T,26,4,346,0,10,69,42,0,0,8,4,117,0,5,23,-41,-3
8602,4.49,T,25,0,259,0,12,79,58,5,P,19,1,164,0,9,40,30,3,0,-6,1,-95,0,-3,-39,-28,-2
8603,9.59,Z,74,10,601,0,159,329,297,7,Z,80,4,223,0,44,160,175,5,1,6,-6,-378,0,-115,-169,-122,-2
8604,9.58,P,56,8,515,0,347,117,70,1,T,110,10,317,0,140,250,116,3,0,54,2,-198,0,-207,133,46,2
8605,5.58,T,38,2,239,0,523,108,90,7,P,20,0,277,0,0,50,39,0,0,-18,-2,38,0,-523,-58,-51,-7
8606,3.42,P,19,1,171,0,25,145,25,3,Z,18,1,76,0,673,55,54,2,0,-1,0,-95,0,648,-90,29,-1
8607,9.55,T,62,5,598,0,221,123,149,7,Z,84,0,672,0,116,222,270,13,1,22,-5,74,0,-105,99,121,6
8608,9.59,Z,61,17,456,0,161,549,235,6,T,103,7,424,1,505,339,202,5,0,42,-10,-32,1,344,-210,-33,-1
8609,9.59,Z,69,10,348,0,59,159,182,0,T,80,0,925,0,50,121,103,9,0,11,-10,577,0,-9,-38,-79,9
8610,7.46,Z,57,3,514,0,76,208,127,1,Z,55,9,482,0,444,278,202,8,0,-2,6,-32,0,368,70,75,7
8611,5.51,Z,34,6,890,0,31,99,94,0,T,18,0,275,0,0,32,45,0,0,-16,-6,-615,0,-31,-67,-49,0
8612,9.58,Z,51,0,675,0,39,168,169,6,T,100,0,593,0,547,367,140,7,0,49,0,-82,0,508,199,-29,1
8613,8.26,T,73,0,531,0,325,200,191,9,Z,50,4,319,0,50,219,176,1,0,-23,4,-212,0,-275,19,-15,-8
8614,4.51,P,26,0,139,0,48,75,77,1,T,29,0,335,0,1,108,49,1,1,3,0,196,0,-47,33,-28,0
8615,2.05,T,8,0,113,0,15,45,10,2,T,12,0,105,0,0,42,16,2,1,4,0,-8,0,-15,-3,6,0
8616,8.09,T,65,0,349,0,109,156,79,8,Z,50,2,388,0,74,135,134,5,0,-15,2,39,0,-35,-21,55,-3
8617,9.59,P,62,4,672,0,74,214,125,0,T,72,0,796,0,41,209,112,6,0,10,-4,124,0,-33,-5,-13,6
8618,6.07,P,34,0,357,0,0,128,147,0,Z,39,0,170,0,117,36,173,2,1,5,0,-187,0,117,-92,26,2
8619,10.54,T,36,0,893,0,0,132,109,0,P,43,0,450,0,5,273,65,3,0,7,0,-443,0,5,141,-44,3
8620,3.05,Z,9,0,113,0,0,14,37,1,Z,8,0,81,0,7,5,32,1,0,-1,0,-32,0,7,-9,-5,0
8621,9.22,P,49,4,432,0,25,190,128,5,T,67,0,552,0,45,254,81,5,1,18,-4,120,0,20,64,-47,0
8622,3.1,T,13,0,221,0,0,26,32,2,T,8,2,169,0,77,70,127,0,0,-5,2,-52,0,77,44,95,-2
8623,6.04,Z,31,1,334,0,239,82,101,7,Z,32,0,219,0,228,45,76,3,0,1,-1,-115,0,-11,-37,-25,-4
8624,4.42,P,7,0,338,0,0,16,17,0,T,21,0,333,0,87,74,66,5,1,14,0,-5,0,87,58,49,5
8625,9.59,P,60,0,548,0,21,221,94,5,T,82,4,393,0,18,151,106,0,1,22,4,-155,0,-3,-70,12,-5
8626,2.53,T,11,0,242,0,5,38,18,1,Z,12,3,128,1,18,17,37,0,0,1,3,-114,1,13,-21,19,-1
8627,9.59,Z,51,6,370,0,60,149,181,0,T,73,0,558,0,12,100,115,3,1,22,-6,188,0,-48,-49,-66,3
8628,9.56,Z,65,3,375,8,111,117,195,0,P,67,0,642,0,7,173,98,18,0,2,-3,267,-8,-104,56,-97,18
8629,9.59,P,67,0,768,0,54,386,99,5,T,71,3,643,0,54,118,79,9,1,4,3,-125,0,0,-268,-20,4
8630,2.24,P,12,0,90,0,11,57,7,4,Z,6,0,153,0,8,15,23,3,1,-6,0,63,0,-3,-42,16,-1
8631,7.38,P,38,0,510,0,1,111,55,2,T,46,2,486,0,16,159,116,2,0,8,2,-24,0,15,48,61,0
8632,3.55,Z,12,0,70,0,0,16,79,0,P,21,2,144,0,2,57,25,0,1,9,2,74,0,2,41,-54,0
8633,5.38,Z,32,0,233,0,36,63,102,2,Z,28,0,493,0,150,42,79,4,1,-4,0,260,0,114,-21,-23,2
8634,9.59,T,83,0,577,0,72,265,123,9,T,92,1,320,0,404,221,101,7,1,9,1,-257,0,332,-44,-22,-2
8635,8.39,Z,59,0,380,41,178,146,306,4,T,83,9,508,0,466,164,223,0,1,24,9,128,-41,288,18,-83,-4
8636,4.34,P,17,0,340,0,4,162,40,3,P,19,0,233,0,31,71,98,4,1,2,0,-107,0,27,-91,58,1
8637,9.59,T,66,3,1003,0,24,255,133,1,T,67,0,728,0,115,258,166,8,0,1,-3,-275,0,91,3,33,7
8638,5.43,T,43,1,377,0,110,133,73,3,P,19,0,295,0,0,73,30,0,0,-24,-1,-82,0,-110,-60,-43,-3
8639,4.43,P,28,0,172,0,15,101,40,3,T,38,1,185,0,180,116,84,1,0,10,1,13,0,165,15,44,-2
8640,9.06,T,84,0,292,21,163,140,135,2,Z,45,8,657,0,47,63,171,0,0,-39,8,365,-21,-116,-77,36,-2
8641,7,Z,48,2,324,0,254,136,204,6,T,89,0,438,0,368,238,136,5,1,41,-2,114,0,114,102,-68,-1
8642,7.32,T,49,7,486,0,216,239,75,2,P,43,0,461,0,11,154,43,4,1,-6,-7,-25,0,-205,-85,-32,2
8643,7.28,P,18,0,336,0,4,118,70,9,T,41,0,770,0,17,102,75,2,1,23,0,434,0,13,-16,5,-7
8644,5.08,P,31,0,302,0,21,56,30,7,T,30,0,197,0,24,53,50,4,1,-1,0,-105,0,3,-3,20,-3
8645,8.2,T,38,0,224,0,0,66,87,1,T,52,4,502,0,141,280,101,0,0,14,4,278,0,141,214,14,-1
8646,6.37,T,31,9,296,0,547,81,151,4,T,41,0,672,0,22,74,76,7,1,10,-9,376,0,-525,-7,-75,3
8647,9.59,P,29,0,515,0,9,96,103,3,T,83,0,628,0,83,266,150,14,1,54,0,113,0,74,170,47,11
8648,9.59,T,84,0,721,0,45,183,129,10,P,81,6,560,1,98,299,91,1,1,-3,6,-161,1,53,116,-38,-9
8649,4.4,Z,22,0,230,0,271,97,73,4,T,20,4,181,0,26,152,105,2,0,-2,4,-49,0,-245,55,32,-2
8650,10.56,T,107,0,825,0,71,242,170,10,T,80,0,1161,0,14,78,117,6,1,-27,0,336,0,-57,-164,-53,-4
8651,9.33,T,55,0,786,0,0,135,67,0,Z,67,5,569,0,42,188,185,0,1,12,5,-217,0,42,53,118,0
8652,9.56,Z,67,5,265,0,377,242,470,2,T,90,2,425,0,293,163,102,4,1,23,-3,160,0,-84,-79,-368,2
8653,3.22,Z,12,0,121,0,79,89,80,9,P,15,0,152,0,24,232,32,2,0,3,0,31,0,-55,143,-48,-7
8654,10.45,Z,80,0,1108,0,193,262,296,10,T,117,5,219,0,112,275,103,8,1,37,5,-889,0,-81,13,-193,-2
8655,2.33,Z,8,1,158,0,244,70,34,4,Z,8,0,55,0,4,25,40,1,0,0,-1,-103,0,-240,-45,6,-3
8656,9.59,T,95,6,603,1,276,260,204,6,T,92,4,706,0,228,427,285,16,1,-3,-2,103,-1,-48,167,81,10
8657,6.42,T,35,0,778,0,7,198,115,3,P,34,0,492,0,47,132,45,3,0,-1,0,-286,0,40,-66,-70,0
8658,4.18,T,34,0,167,0,309,122,57,6,T,38,0,146,0,423,256,146,7,1,4,0,-21,0,114,134,89,1
8659,7.02,T,34,0,504,0,3,147,83,0,Z,29,8,338,3,32,187,83,0,0,-5,8,-166,3,29,40,0,0
8660,2.49,P,4,0,227,0,2,188,6,2,P,10,0,69,0,2,17,12,2,1,6,0,-158,0,0,-171,6,0
8661,3.36,T,13,0,399,0,0,23,22,2,Z,11,0,77,10,50,30,50,0,1,-2,0,-322,10,50,7,28,-2
8662,9.59,P,24,0,349,0,0,57,40,0,T,51,2,685,0,8,94,88,0,1,27,2,336,0,8,37,48,0
8663,5.55,T,33,0,572,0,80,187,50,4,P,18,0,418,0,0,160,20,0,0,-15,0,-154,0,-80,-27,-30,-4
8664,9.57,T,34,2,444,0,3,51,59,0,T,43,0,366,0,0,18,81,0,0,9,-2,-78,0,-3,-33,22,0
8665,8.15,Z,49,1,410,0,71,136,182,5,Z,46,0,762,0,25,226,194,8,1,-3,-1,352,0,-46,90,12,3
8666,9.58,Z,112,3,375,0,280,367,390,2,T,159,7,471,0,845,319,308,5,1,47,4,96,0,565,-48,-82,3
8667,6.3,Z,45,0,242,11,41,219,117,1,P,49,0,457,0,33,272,59,9,0,4,0,215,-11,-8,53,-58,8
8668,9.13,P,48,5,692,0,18,115,80,0,P,56,5,598,0,34,88,82,0,1,8,0,-94,0,16,-27,2,0
8669,8.49,Z,27,3,301,0,15,125,89,0,P,49,0,547,0,5,52,86,1,1,22,-3,246,0,-10,-73,-3,1
8670,10.22,T,94,0,474,0,598,385,220,22,T,131,3,620,0,696,260,165,12,0,37,3,146,0,98,-125,-55,-10
8671,5.42,T,20,0,357,0,0,27,28,0,P,24,1,158,0,3,136,42,1,0,4,1,-199,0,3,109,14,1
8672,6.1,T,50,0,337,0,579,135,101,19,T,48,2,383,0,302,92,116,5,0,-2,2,46,0,-277,-43,15,-14
8673,2.54,T,9,0,140,0,17,65,25,7,Z,12,0,102,0,30,74,43,3,1,3,0,-38,0,13,9,18,-4
8674,5.12,T,26,2,292,0,0,31,61,0,P,21,1,158,0,10,40,29,0,0,-5,-1,-134,0,10,9,-32,0
8675,10.27,T,63,1,360,0,258,225,115,14,P,49,0,593,0,667,311,106,11,1,-14,-1,233,0,409,86,-9,-3
8676,9.58,Z,39,0,476,0,2,66,170,2,P,39,0,569,0,0,63,56,0,1,0,0,93,0,-2,-3,-114,-2
8677,8.37,Z,96,8,538,0,546,238,227,7,T,98,7,583,0,534,260,201,0,0,2,-1,45,0,-12,22,-26,-7
8678,9.4,Z,76,4,658,0,173,248,360,0,T,107,5,391,0,257,196,273,3,0,31,1,-267,0,84,-52,-87,3
8679,6.22,T,68,3,262,0,540,193,124,14,T,46,2,152,0,239,265,60,10,1,-22,-1,-110,0,-301,72,-64,-4
8680,7.3,P,36,0,489,0,0,122,72,0,T,60,2,492,0,64,181,82,1,1,24,2,3,0,64,59,10,1
8681,4.45,P,27,1,75,0,2,89,76,0,Z,17,0,129,0,16,79,77,4,0,-10,-1,54,0,14,-10,1,4
8682,5.3,T,18,0,420,0,0,26,21,0,T,29,1,547,0,6,24,54,0,1,11,1,127,0,6,-2,33,0
8683,8.27,T,56,0,502,0,0,87,121,0,Z,37,0,600,0,0,95,229,0,1,-19,0,98,0,0,8,108,0
8684,5.47,Z,36,3,250,0,155,176,272,6,Z,42,3,153,0,405,239,212,5,1,6,0,-97,0,250,63,-60,-1
8685,5.21,T,28,0,204,0,441,86,42,7,Z,30,0,298,0,20,41,95,3,0,2,0,94,0,-421,-45,53,-4
8686,10.05,Z,58,10,418,0,44,254,235,2,Z,64,8,320,0,83,290,207,1,0,6,-2,-98,0,39,36,-28,-1
8687,4.54,P,28,2,251,0,16,53,34,2,Z,22,0,479,0,29,70,71,1,0,-6,-2,228,0,13,17,37,-1
8688,9.58,T,71,5,756,0,232,170,190,4,T,65,0,486,0,8,43,104,5,0,-6,-5,-270,0,-224,-127,-86,1
8689,9.59,T,116,4,1071,0,28,244,212,9,T,75,0,838,0,545,202,108,10,1,-41,-4,-233,0,517,-42,-104,1
8690,5.16,Z,28,3,336,0,15,32,67,0,T,28,2,224,0,0,17,35,0,0,0,-1,-112,0,-15,-15,-32,0
8691,9.58,T,77,2,593,0,70,174,132,2,T,93,2,364,0,419,255,168,2,1,16,0,-229,0,349,81,36,0
8692,6.57,P,28,0,469,0,8,85,65,4,T,32,0,573,0,0,138,51,1,0,4,0,104,0,-8,53,-14,-3
8693,6.24,P,99,2,416,0,389,306,44,8,Z,42,0,271,0,291,201,182,7,0,-57,-2,-145,0,-98,-105,138,-1
8694,9.59,T,88,2,348,0,287,97,115,0,T,65,0,882,0,18,124,98,5,1,-23,-2,534,0,-269,27,-17,5
8695,9.58,P,62,4,359,0,56,212,82,8,Z,80,7,629,0,38,79,187,0,1,18,3,270,0,-18,-133,105,-8
8696,4.33,P,25,7,224,0,97,254,165,1,P,33,0,235,0,450,72,78,7,0,8,-7,11,0,353,-182,-87,6
8697,9.59,Z,148,8,738,0,762,392,380,9,P,81,0,588,0,222,232,82,17,0,-67,-8,-150,0,-540,-160,-298,8
8698,8.13,P,66,1,624,0,15,258,132,3,T,98,14,487,0,487,254,118,6,0,32,13,-137,0,472,-4,-14,3
8699,9.59,Z,61,0,739,0,43,165,205,3,P,76,0,547,0,110,281,109,12,1,15,0,-192,0,67,116,-96,9
8700,9.57,P,74,0,513,0,40,215,129,10,P,44,0,304,0,2,93,63,0,0,-30,0,-209,0,-38,-122,-66,-10
8701,4.32,P,25,0,134,0,167,160,73,12,P,13,0,109,0,6,65,24,1,0,-12,0,-25,0,-161,-95,-49,-11
8702,3.28,Z,10,0,122,0,3,51,26,5,Z,15,1,173,0,3,38,46,0,1,5,1,51,0,0,-13,20,-5
8703,10.2,T,79,0,660,0,99,114,105,12,T,76,0,903,0,388,207,232,15,0,-3,0,243,0,289,93,127,3
8704,9.11,P,45,1,589,0,8,180,81,1,Z,26,0,698,0,23,129,113,2,1,-19,-1,109,0,15,-51,32,1
8705,4.12,P,28,0,184,0,65,92,90,3,T,15,2,93,0,330,118,172,5,0,-13,2,-91,0,265,26,82,2
8706,6.06,Z,24,2,173,0,106,138,251,0,Z,30,0,293,0,25,210,134,16,1,6,-2,120,0,-81,72,-117,16
8707,9.59,T,54,0,822,0,37,113,90,7,P,54,9,365,0,31,385,116,6,0,0,9,-457,0,-6,272,26,-1
8708,3.01,T,12,2,310,0,34,42,62,0,Z,15,1,53,0,56,75,82,1,1,3,-1,-257,0,22,33,20,1
8709,3.39,P,34,2,191,0,311,22,27,6,Z,10,2,238,0,10,32,35,1,1,-24,0,47,0,-301,10,8,-5
8710,7.21,P,34,0,345,0,0,84,41,0,Z,25,6,212,0,493,170,145,4,1,-9,6,-133,0,493,86,104,4
8711,2.56,P,29,0,115,0,16,69,17,1,T,8,0,28,0,10,5,11,1,0,-21,0,-87,0,-6,-64,-6,0
8712,9.38,P,57,0,210,0,15,140,62,2,T,48,3,353,0,1,73,103,0,1,-9,3,143,0,-14,-67,41,-2
8713,9.59,P,87,0,518,0,306,272,171,19,Z,68,0,329,0,63,163,166,2,1,-19,0,-189,0,-243,-109,-5,-17
8714,9.59,Z,50,2,572,1,4,85,207,0,T,49,0,427,0,24,59,85,4,0,-1,-2,-145,-1,20,-26,-122,4
8715,9.26,P,43,0,660,0,13,186,75,7,Z,71,0,337,0,67,142,214,4,1,28,0,-323,0,54,-44,139,-3
8716,4.06,P,21,0,255,0,19,56,44,4,T,17,0,305,0,11,71,36,1,0,-4,0,50,0,-8,15,-8,-3
8717,9.59,T,88,2,486,0,257,294,116,5,T,71,0,544,0,19,281,141,3,0,-17,-2,58,0,-238,-13,25,-2
8718,9.59,Z,121,15,591,0,310,454,321,10,P,98,0,468,0,99,364,124,11,0,-23,-15,-123,0,-211,-90,-197,1
8719,9.58,P,50,0,498,0,56,319,87,3,Z,50,3,339,0,22,66,161,0,1,0,3,-159,0,-34,-253,74,-3
8720,6.47,P,37,0,349,0,13,144,62,5,P,40,0,403,0,171,160,112,11,1,3,0,54,0,158,16,50,6
8721,1.55,Z,7,0,16,0,4,12,22,1,P,8,0,98,0,0,19,76,0,0,1,0,82,0,-4,7,54,-1
8722,9.59,Z,91,7,515,0,154,127,255,2,T,81,5,766,0,81,175,128,2,1,-10,-2,251,0,-73,48,-127,0
8723,7.21,P,52,0,363,0,30,119,69,5,T,40,6,429,0,86,150,95,1,0,-12,6,66,0,56,31,26,-4
8724,8.22,P,57,0,737,0,42,313,61,4,Z,51,7,260,0,434,213,264,6,1,-6,7,-477,0,392,-100,203,2
8725,6.32,T,57,0,196,0,363,139,128,10,P,48,10,323,0,13,107,146,3,1,-9,10,127,0,-350,-32,18,-7
8726,9.5,P,70,0,696,0,70,238,135,14,P,61,3,457,0,169,220,117,5,1,-9,3,-239,0,99,-18,-18,-9
8727,9.57,T,33,0,559,0,0,37,55,3,Z,52,8,579,0,74,187,527,2,0,19,8,20,0,74,150,472,-1
8728,9.59,Z,61,5,324,0,91,107,211,1,T,87,0,307,0,490,165,141,10,1,26,-5,-17,0,399,58,-70,9
8729,7.53,Z,41,7,315,0,77,266,116,4,Z,75,1,642,0,218,146,372,2,1,34,-6,327,0,141,-120,256,-2
8730,9.1,P,35,0,720,0,0,74,48,0,T,78,0,883,11,95,190,144,0,1,43,0,163,11,95,116,96,0
8731,3.3,T,7,0,167,0,0,37,15,2,Z,14,2,76,0,24,93,55,0,1,7,2,-91,0,24,56,40,-2
8732,5.31,Z,29,0,163,0,53,129,103,8,T,45,0,326,0,332,81,117,13,0,16,0,163,0,279,-48,14,5
8733,4.03,Z,17,0,164,3,162,20,50,0,Z,20,4,173,0,91,68,233,1,0,3,4,9,-3,-71,48,183,1
8734,10.37,P,33,0,266,0,11,27,46,1,T,49,0,744,0,57,53,71,6,1,16,0,478,0,46,26,25,5
8735,9.58,Z,93,0,399,10,131,179,271,0,T,95,1,320,0,236,175,187,9,1,2,1,-79,-10,105,-4,-84,9
8736,9.58,P,65,0,488,0,158,314,111,11,P,43,2,691,0,9,186,101,1,0,-22,2,203,0,-149,-128,-10,-10
8737,9.59,T,86,0,414,11,142,233,224,0,Z,66,1,340,0,49,109,238,6,0,-20,1,-74,-11,-93,-124,14,6
8738,7.55,P,63,0,280,0,72,133,77,6,T,60,0,530,0,446,253,88,18,0,-3,0,250,0,374,120,11,12
8739,3.22,P,13,2,147,0,54,83,13,1,Z,11,0,125,0,24,44,46,6,1,-2,-2,-22,0,-30,-39,33,5
8740,7.35,T,43,0,306,0,1,137,92,1,P,24,7,558,0,595,108,312,0,0,-19,7,252,0,594,-29,220,-1
8741,9.59,T,57,0,488,0,59,74,83,7,Z,49,1,793,0,4,89,174,0,0,-8,1,305,0,-55,15,91,-7
8742,7.43,P,25,0,96,0,7,72,45,1,P,60,0,239,0,12,219,90,0,1,35,0,143,0,5,147,45,-1
8743,6.2,P,45,4,290,0,131,100,40,2,T,48,1,385,0,171,183,113,2,0,3,-3,95,0,40,83,73,0
8744,9.58,Z,38,0,513,0,32,100,146,3,P,52,5,974,0,358,208,59,10,1,14,5,461,0,326,108,-87,7
8745,9.21,T,97,0,727,0,377,146,93,8,Z,54,3,726,0,55,102,174,0,0,-43,3,-1,0,-322,-44,81,-8
8746,9.59,P,46,1,810,0,26,229,65,6,P,32,2,677,0,322,175,65,1,0,-14,1,-133,0,296,-54,0,-5
8747,7.09,P,56,5,295,0,374,132,110,6,Z,63,0,705,0,149,224,199,5,1,7,-5,410,0,-225,92,89,-1
8748,9.59,P,61,2,810,0,24,223,102,2,Z,50,0,262,0,99,76,183,8,0,-11,-2,-548,0,75,-147,81,6
8749,10.39,T,75,0,524,0,44,100,95,7,Z,46,0,238,0,0,20,143,0,1,-29,0,-286,0,-44,-80,48,-7
8750,9.59,P,83,0,446,0,27,212,333,3,P,61,0,376,0,14,223,84,6,0,-22,0,-70,0,-13,11,-249,3
8751,4.36,Z,25,4,349,1,23,46,130,0,Z,34,1,199,0,52,119,176,3,1,9,-3,-150,-1,29,73,46,3
8752,3.49,Z,16,1,189,0,29,94,178,3,Z,24,4,519,0,404,23,101,0,0,8,3,330,0,375,-71,-77,-3
8753,6.23,Z,30,0,394,0,18,80,100,4,Z,30,0,227,0,0,53,101,0,0,0,0,-167,0,-18,-27,1,-4
8754,9.59,T,77,12,698,0,257,119,99,0,T,66,0,830,0,209,174,221,4,1,-11,-12,132,0,-48,55,122,4
8755,7.45,T,59,0,663,0,24,198,100,9,Z,33,6,622,0,24,129,114,2,0,-26,6,-41,0,0,-69,14,-7
8756,7.25,T,84,3,327,0,261,229,126,5,P,59,0,342,0,150,247,129,8,0,-25,-3,15,0,-111,18,3,3
8757,3.55,T,24,0,257,0,35,70,36,1,P,23,1,119,0,24,99,121,3,1,-1,1,-138,0,-11,29,85,2
8758,9.59,T,99,3,527,0,797,331,372,7,Z,90,5,501,0,206,259,323,7,0,-9,2,-26,0,-591,-72,-49,0
8759,3.36,T,29,0,173,0,185,115,53,5,P,21,1,63,0,11,67,23,0,0,-8,1,-110,0,-174,-48,-30,-5
8760,2.22,T,6,0,204,0,1,21,16,1,P,10,0,17,0,0,14,14,0,1,4,0,-187,0,-1,-7,-2,-1
8761,9.59,T,82,0,656,0,62,192,142,9,T,97,0,508,0,150,231,198,10,0,15,0,-148,0,88,39,56,1
8762,10.57,T,93,0,563,0,139,87,118,20,T,87,7,599,0,828,272,123,4,1,-6,7,36,0,689,185,5,-16
8763,10.26,T,107,1,603,0,13,410,97,0,Z,71,0,240,0,30,309,240,5,1,-36,-1,-363,0,17,-101,143,5
8764,7.09,P,48,2,370,0,266,331,49,6,Z,19,2,341,0,9,80,74,1,0,-29,0,-29,0,-257,-251,25,-5
8765,9.59,P,67,0,403,0,246,220,117,2,P,71,15,443,0,119,408,74,0,1,4,15,40,0,-127,188,-43,-2
8766,7.24,P,42,7,534,0,22,74,46,0,P,37,0,439,0,45,181,69,9,0,-5,-7,-95,0,23,107,23,9
8767,1.33,P,5,0,36,0,161,35,8,3,P,9,0,108,0,2,45,35,1,0,4,0,72,0,-159,10,27,-2
8768,4.41,P,21,2,84,0,128,72,290,1,T,28,0,315,0,130,102,41,1,0,7,-2,231,0,2,30,-249,0
8769,4.22,Z,18,1,61,0,93,15,123,1,P,17,0,92,0,0,19,21,0,1,-1,-1,31,0,-93,4,-102,-1
8770,9.59,T,127,0,465,0,463,213,161,18,Z,77,12,665,0,55,246,240,4,1,-50,12,200,0,-408,33,79,-14
8771,8.17,P,27,1,599,0,9,179,67,0,P,35,7,454,0,19,134,39,0,0,8,6,-145,0,10,-45,-28,0
8772,7.16,Z,40,6,198,0,45,106,179,7,Z,41,0,539,0,5,156,152,1,1,1,-6,341,0,-40,50,-27,-6
8773,9.59,P,65,1,605,0,37,188,71,3,Z,54,4,212,0,50,55,137,0,0,-11,3,-393,0,13,-133,66,-3
8774,9.59,T,122,9,674,0,719,380,138,7,P,86,0,795,0,521,440,237,22,1,-36,-9,121,0,-198,60,99,15
8775,9.58,T,55,4,870,0,16,93,85,1,P,49,0,591,0,52,381,228,9,0,-6,-4,-279,0,36,288,143,8
8776,9.44,Z,79,0,490,0,529,216,365,24,P,56,0,417,0,494,160,84,11,0,-23,0,-73,0,-35,-56,-281,-13
8777,4.5,T,26,0,269,0,25,44,44,7,T,29,0,239,0,3,51,49,2,1,3,0,-30,0,-22,7,5,-5
8778,9.59,P,71,0,737,0,54,365,113,1,P,37,0,484,0,3,188,62,1,0,-34,0,-253,0,-51,-177,-51,0
8779,3.41,T,16,1,134,0,18,24,17,1,Z,11,0,186,0,10,26,57,4,1,-5,-1,52,0,-8,2,40,3
8780,3.5,T,19,0,151,0,335,65,179,13,P,17,0,248,0,0,36,46,9,1,-2,0,97,0,-335,-29,-133,-4
8781,2.43,T,13,1,113,0,211,36,26,1,T,7,1,159,0,275,39,33,9,0,-6,0,46,0,64,3,7,8
8782,9.59,T,48,5,870,0,45,153,111,1,T,59,0,507,0,5,148,73,3,1,11,-5,-363,0,-40,-5,-38,2
8783,2.41,T,10,0,40,0,273,41,105,10,T,10,0,122,0,108,60,86,3,0,0,0,82,0,-165,19,-19,-7
8784,4.58,P,41,2,240,0,188,127,106,2,Z,22,0,152,0,26,84,237,7,0,-19,-2,-88,0,-162,-43,131,5
8785,8.22,T,48,0,233,0,0,121,133,0,P,70,6,532,0,37,386,90,5,1,22,6,299,0,37,265,-43,5
8786,8.21,Z,29,4,738,0,0,95,111,0,Z,46,3,347,0,222,222,334,6,1,17,-1,-391,0,222,127,223,6
8787,4.46,Z,26,0,189,7,215,76,202,0,Z,16,0,152,0,0,24,68,1,1,-10,0,-37,-7,-215,-52,-134,1
8788,7.59,Z,53,3,454,0,230,160,214,1,P,48,0,529,0,32,150,47,3,0,-5,-3,75,0,-198,-10,-167,2
8789,8.5,P,33,0,329,0,9,171,69,5,Z,42,0,529,0,10,55,168,1,0,9,0,200,0,1,-116,99,-4
8790,8.23,T,88,2,661,0,93,178,111,5,T,78,3,446,0,81,246,108,6,1,-10,1,-215,0,-12,68,-3,1
8791,4.34,T,18,0,142,0,3,66,18,4,P,6,0,116,0,0,16,4,0,0,-12,0,-26,0,-3,-50,-14,-4
8792,5.25,T,50,3,203,0,19,176,71,0,P,39,1,159,0,251,138,87,4,1,-11,-2,-44,0,232,-38,16,4
8793,3.18,T,22,1,101,0,246,21,18,4,P,19,0,71,0,190,104,94,5,1,-3,-1,-30,0,-56,83,76,1
8794,9.59,P,67,0,810,0,20,442,92,5,Z,91,15,904,0,45,134,256,2,1,24,15,94,0,25,-308,164,-3
8795,9.59,P,52,1,760,0,42,402,113,2,Z,43,0,600,4,25,250,128,0,1,-9,-1,-160,4,-17,-152,15,-2
8796,3.55,Z,14,2,143,0,51,42,69,0,P,19,5,176,0,2,31,29,0,0,5,3,33,0,-49,-11,-40,0
8797,4.11,T,18,3,271,0,21,6,20,0,T,28,3,228,0,96,97,26,0,0,10,0,-43,0,75,91,6,0
8798,9.47,Z,99,2,532,0,170,247,325,4,T,116,5,585,0,148,162,144,11,0,17,3,53,0,-22,-85,-181,7
8799,8.5,P,46,1,652,0,4,124,91,2,P,37,0,621,0,56,170,46,7,1,-9,-1,-31,0,52,46,-45,5
8800,9.59,P,60,0,899,0,43,177,105,8,T,91,8,426,0,694,205,115,5,0,31,8,-473,0,651,28,10,-3
8801,1.2,T,3,0,20,0,0,31,48,0,Z,3,0,72,0,17,13,24,2,0,0,0,52,0,17,-18,-24,2
8802,7.25,T,65,0,328,0,104,100,251,22,P,51,0,324,0,489,191,197,10,0,-14,0,-4,0,385,91,-54,-12
8803,3.57,Z,19,4,84,0,76,33,98,0,T,14,0,273,0,1,87,31,4,0,-5,-4,189,0,-75,54,-67,4
8804,9.59,T,97,1,481,0,247,135,119,11,T,137,0,614,0,339,324,109,16,0,40,-1,133,0,92,189,-10,5
8805,9.59,T,102,3,661,0,79,360,208,6,T,89,0,415,0,112,367,140,17,0,-13,-3,-246,0,33,7,-68,11
8806,4.41,Z,15,2,159,0,23,49,71,3,Z,17,1,213,0,42,48,55,2,0,2,-1,54,0,19,-1,-16,-1
8807,7.32,T,35,0,336,0,1,31,66,1,T,30,0,385,0,0,34,52,0,0,-5,0,49,0,-1,3,-14,-1
8808,9.57,T,30,0,436,0,1,32,55,1,P,21,0,321,0,0,69,55,0,1,-9,0,-115,0,-1,37,0,-1
8809,6.43,T,35,5,333,0,66,146,72,0,T,48,3,298,0,29,192,102,3,0,13,-2,-35,0,-37,46,30,3
8810,5.21,T,39,4,206,0,41,84,48,1,Z,22,0,178,0,0,27,78,0,1,-17,-4,-28,0,-41,-57,30,-1
8811,6.05,P,24,4,195,0,9,82,44,0,T,33,5,279,0,7,150,70,1,0,9,1,84,0,-2,68,26,1
8812,9.59,P,34,0,641,0,0,72,111,0,P,54,1,468,0,10,274,74,1,1,20,1,-173,0,10,202,-37,1
8813,5.57,Z,35,0,406,0,11,70,83,1,P,28,4,209,0,16,68,51,0,1,-7,4,-197,0,5,-2,-32,-1
8814,9.3,Z,61,4,647,0,492,197,217,6,P,44,1,463,0,17,379,49,3,0,-17,-3,-184,0,-475,182,-168,-3
8815,5.39,P,19,0,111,0,0,91,34,1,T,39,0,222,0,0,70,43,0,1,20,0,111,0,0,-21,9,-1
8816,9.59,Z,50,2,561,0,71,114,133,0,T,71,5,359,0,75,203,107,6,1,21,3,-202,0,4,89,-26,6
8817,4.43,T,50,0,192,0,208,123,97,21,T,49,0,210,0,486,149,78,11,0,-1,0,18,0,278,26,-19,-10
8818,9.23,Z,37,0,675,0,0,42,128,0,T,39,4,570,0,18,55,65,0,0,2,4,-105,0,18,13,-63,0
8819,4.37,Z,16,0,126,0,19,16,52,1,T,29,0,181,0,0,10,35,1,0,13,0,55,0,-19,-6,-17,0
8820,9.59,T,90,0,492,0,424,170,258,8,Z,84,0,301,0,635,207,323,8,1,-6,0,-191,0,211,37,65,0
8821,8.19,T,98,0,593,0,248,286,127,15,T,74,0,255,0,293,171,92,10,1,-24,0,-338,0,45,-115,-35,-5
8822,8.08,Z,42,0,268,0,56,100,152,8,T,53,0,341,0,107,154,89,11,0,11,0,73,0,51,54,-63,3
8823,9.58,T,82,0,454,0,12,203,146,9,Z,83,11,446,0,85,210,204,0,0,1,11,-8,0,73,7,58,-9
8824,9.59,Z,85,2,424,0,264,361,460,10,Z,61,0,340,0,207,239,278,6,0,-24,-2,-84,0,-57,-122,-182,-4
8825,8.53,T,84,1,310,0,427,200,177,13,Z,108,0,408,0,158,190,248,5,1,24,-1,98,0,-269,-10,71,-8
8826,9.59,P,62,4,418,0,22,131,86,5,P,47,0,822,0,2,149,67,3,1,-15,-4,404,0,-20,18,-19,-2
8827,9.59,Z,76,0,652,5,158,433,362,0,T,85,0,648,0,649,268,106,10,1,9,0,-4,-5,491,-165,-256,10
8828,6.17,Z,33,0,518,0,0,98,106,0,T,35,0,272,0,109,185,127,4,1,2,0,-246,0,109,87,21,4
8829,7.17,Z,20,0,748,0,0,137,79,0,T,10,0,391,0,0,28,24,0,0,-10,0,-357,0,0,-109,-55,0
8830,2.58,T,9,0,125,0,12,58,14,2,T,13,3,104,0,318,44,82,3,1,4,3,-21,0,306,-14,68,1
8831,6.09,Z,25,2,283,0,11,31,79,0,Z,19,2,469,0,14,54,79,0,0,-6,0,186,0,3,23,0,0
8832,8.15,Z,67,6,369,3,652,325,249,22,P,113,1,413,0,561,267,137,22,1,46,-5,44,-3,-91,-58,-112,0
8833,9.58,T,50,0,763,0,3,118,127,2,T,25,0,542,0,0,31,44,0,0,-25,0,-221,0,-3,-87,-83,-2
8834,3.23,Z,13,0,183,0,12,10,27,3,P,12,2,117,0,7,23,13,2,1,-1,2,-66,0,-5,13,-14,-1
8835,4.52,P,25,0,186,0,101,159,41,5,Z,15,0,184,0,0,16,45,2,0,-10,0,-2,0,-101,-143,4,-3
8836,6.1,Z,22,1,397,0,266,183,101,3,Z,36,0,322,0,25,59,117,1,1,14,-1,-75,0,-241,-124,16,-2
8837,5.38,P,43,1,307,2,25,145,42,2,T,37,4,203,0,134,140,82,7,1,-6,3,-104,-2,109,-5,40,5
8838,4.59,Z,20,3,186,1,407,100,193,4,T,32,5,296,0,533,53,117,3,1,12,2,110,-1,126,-47,-76,-1
8839,9.59,P,89,0,318,0,59,215,126,4,T,79,0,684,0,140,197,119,7,0,-10,0,366,0,81,-18,-7,3
8840,10.49,P,112,3,416,0,345,319,245,3,T,118,0,713,0,71,228,160,6,0,6,-3,297,0,-274,-91,-85,3
8841,8.29,T,71,5,390,0,552,256,107,6,T,87,5,666,0,588,234,301,12,1,16,0,276,0,36,-22,194,6
8842,3.19,T,16,2,124,0,161,61,159,13,T,20,0,85,0,47,105,103,7,0,4,-2,-39,0,-114,44,-56,-6
8843,5.13,T,35,0,278,0,2,83,61,3,P,30,8,159,0,4,150,41,0,1,-5,8,-119,0,2,67,-20,-3
8844,5.51,P,38,0,239,0,33,132,29,6,T,34,5,330,0,16,220,85,0,1,-4,5,91,0,-17,88,56,-6
8845,3.05,P,11,0,298,0,0,22,35,0,P,11,0,94,0,0,113,14,1,1,0,0,-204,0,0,91,-21,1
8846,8.38,Z,53,0,260,0,131,139,213,4,Z,52,11,173,0,235,174,360,16,1,-1,11,-87,0,104,35,147,12
8847,5.26,Z,30,0,109,0,42,43,84,2,T,33,0,124,0,378,190,170,6,1,3,0,15,0,336,147,86,4
8848,7.19,Z,29,5,600,0,13,64,92,0,P,35,1,281,0,25,77,59,5,0,6,-4,-319,0,12,13,-33,5
8849,6.1,P,22,0,339,0,3,130,32,5,T,32,0,636,0,4,64,51,2,0,10,0,297,0,1,-66,19,-3
8850,4.17,P,21,0,88,0,77,56,22,4,T,33,0,120,0,22,22,23,1,0,12,0,32,0,-55,-34,1,-3
8851,9.59,T,111,5,390,0,318,380,316,1,T,85,0,566,0,85,169,90,7,0,-26,-5,176,0,-233,-211,-226,6
8852,4.5,P,21,0,345,0,348,166,35,5,P,19,0,236,0,7,43,33,4,1,-2,0,-109,0,-341,-123,-2,-1
8853,8.37,T,61,0,346,0,306,238,129,15,T,44,0,364,0,12,61,46,2,0,-17,0,18,0,-294,-177,-83,-13
8854,9.56,P,54,1,774,0,39,145,130,1,T,78,1,711,0,13,311,299,0,1,24,0,-63,0,-26,166,169,-1
8855,8.15,Z,33,0,310,3,68,38,141,0,P,54,5,253,0,42,79,107,2,1,21,5,-57,-3,-26,41,-34,2
8856,10.33,T,73,0,765,0,2,113,123,4,P,51,1,655,0,36,121,66,12,1,-22,1,-110,0,34,8,-57,8
8857,9.2,T,99,0,766,0,853,236,233,12,T,108,0,440,0,485,395,205,15,1,9,0,-326,0,-368,159,-28,3
8858,3.21,P,16,0,108,0,63,120,41,1,T,16,0,89,0,157,34,60,6,0,0,0,-19,0,94,-86,19,5
8859,9.59,Z,37,1,119,0,4,84,188,1,T,31,0,394,0,0,10,55,0,0,-6,-1,275,0,-4,-74,-133,-1
8860,9.59,T,76,4,451,0,532,104,128,11,Z,68,6,542,1,142,221,315,2,1,-8,2,91,1,-390,117,187,-9
8861,9.59,Z,27,0,740,0,20,102,89,4,T,55,0,653,0,0,49,81,0,0,28,0,-87,0,-20,-53,-8,-4
8862,9.59,T,78,5,737,1,59,116,119,0,T,66,1,782,0,397,139,111,4,1,-12,-4,45,-1,338,23,-8,4
8863,3.25,Z,17,4,38,0,304,51,113,4,Z,10,1,145,0,220,29,152,4,1,-7,-3,107,0,-84,-22,39,0
8864,6.38,T,23,0,299,0,0,26,34,0,Z,16,0,326,0,0,53,97,0,0,-7,0,27,0,0,27,63,0
8865,7.13,T,60,8,423,0,335,183,111,1,P,35,0,318,0,17,105,34,10,0,-25,-8,-105,0,-318,-78,-77,9
8866,9.59,P,57,10,733,0,146,290,214,2,T,75,2,456,0,24,212,215,0,0,18,-8,-277,0,-122,-78,1,-2
8867,9.5,P,54,3,999,0,27,89,61,0,Z,55,0,766,0,0,243,215,0,0,1,-3,-233,0,-27,154,154,0
8868,7.03,T,28,0,179,0,31,7,19,2,Z,31,0,369,0,0,32,122,0,1,3,0,190,0,-31,25,103,-2
8869,10.1,Z,96,7,720,6,580,578,423,40,Z,121,5,514,0,492,429,316,27,0,25,-2,-206,-6,-88,-149,-107,-13
8870,3.38,Z,18,0,136,0,6,89,90,4,Z,20,4,234,0,224,72,145,6,1,2,4,98,0,218,-17,55,2
8871,6.06,P,21,6,226,0,5,51,45,1,T,37,0,430,0,28,60,81,3,1,16,-6,204,0,23,9,36,2
8872,9.59,T,58,7,417,0,25,161,112,1,Z,69,6,794,0,47,296,207,3,1,11,-1,377,0,22,135,95,2
8873,5.46,T,55,8,744,0,380,140,133,2,P,67,2,282,0,148,222,98,2,1,12,-6,-462,0,-232,82,-35,0
8874,3.47,Z,12,0,105,0,10,26,37,1,Z,21,0,75,0,71,128,113,1,0,9,0,-30,0,61,102,76,0
8875,9.58,P,36,2,332,0,0,44,55,0,Z,28,1,303,0,20,78,113,3,0,-8,-1,-29,0,20,34,58,3
8876,9.59,T,58,0,482,0,0,113,100,0,Z,61,3,443,0,11,128,201,0,1,3,3,-39,0,11,15,101,0
8877,9.37,T,26,0,275,0,0,18,55,0,P,53,0,524,2,5,95,83,0,1,27,0,249,2,5,77,28,0
8878,7.53,P,49,0,331,0,95,134,234,7,T,69,0,884,0,346,128,277,18,1,20,0,553,0,251,-6,43,11
8879,9.51,Z,94,6,489,0,556,194,235,4,T,80,5,687,0,431,332,274,3,0,-14,-1,198,0,-125,138,39,-1
8880,9.59,T,108,6,550,0,88,229,139,4,P,94,13,718,1,79,284,86,1,0,-14,7,168,1,-9,55,-53,-3
8881,9.59,T,77,0,597,0,84,169,184,2,P,69,18,555,0,23,326,74,0,1,-8,18,-42,0,-61,157,-110,-2
8882,9.59,T,67,0,760,0,41,166,92,9,T,51,6,472,8,490,275,144,1,0,-16,6,-288,8,449,109,52,-8
8883,7.37,T,86,7,465,0,223,297,180,7,P,72,7,403,0,627,302,103,3,0,-14,0,-62,0,404,5,-77,-4
8884,9.59,T,103,6,565,0,632,344,210,11,T,121,0,839,0,52,183,162,9,1,18,-6,274,0,-580,-161,-48,-2
8885,9.59,T,103,11,432,0,966,311,326,9,P,95,0,506,0,171,261,190,9,1,-8,-11,74,0,-795,-50,-136,0
8886,9.57,P,43,5,389,0,32,99,48,3,T,52,0,749,0,0,30,78,0,0,9,-5,360,0,-32,-69,30,-3
8887,4.27,Z,26,6,174,0,158,76,101,0,T,40,3,369,0,219,115,36,8,1,14,-3,195,0,61,39,-65,8
8888,9.59,T,105,1,602,0,114,299,187,5,Z,74,4,685,0,65,204,295,2,1,-31,3,83,0,-49,-95,108,-3
8889,2.23,T,7,0,98,0,73,23,20,3,P,7,0,137,0,0,50,11,0,0,0,0,39,0,-73,27,-9,-3
8890,9.58,P,53,0,591,0,54,113,139,12,T,79,1,629,0,64,117,78,13,0,26,1,38,0,10,4,-61,1
8891,8.02,P,60,1,618,0,364,210,85,8,T,91,1,397,0,317,235,155,18,1,31,0,-221,0,-47,25,70,10
8892,8.13,T,94,0,441,4,467,215,122,9,T,92,1,319,0,692,237,128,9,0,-2,1,-122,-4,225,22,6,0
8893,7.06,T,83,0,346,0,151,180,161,9,Z,44,1,169,0,416,138,198,5,0,-39,1,-177,0,265,-42,37,-4
8894,10.07,T,128,6,422,0,363,332,197,10,T,155,2,458,0,477,324,204,2,0,27,-4,36,0,114,-8,7,-8
8895,9.59,Z,55,6,1108,0,342,83,187,2,T,37,3,344,2,21,45,52,0,0,-18,-3,-764,2,-321,-38,-135,-2
8896,3.03,T,11,0,173,0,222,43,109,3,T,9,0,95,0,286,22,69,5,1,-2,0,-78,0,64,-21,-40,2
8897,9.58,T,134,8,632,0,352,370,286,8,Z,90,9,615,0,171,332,298,5,0,-44,1,-17,0,-181,-38,12,-3
8898,7.15,Z,41,5,530,0,46,180,132,0,Z,39,5,397,3,156,204,286,5,1,-2,0,-133,3,110,24,154,5
8899,7.53,P,78,0,294,0,558,219,119,25,Z,73,0,435,25,289,269,335,1,1,-5,0,141,25,-269,50,216,-24
8900,7.16,Z,18,0,429,0,0,43,49,0,P,38,1,330,0,14,127,35,4,1,20,1,-99,0,14,84,-14,4
8901,4.58,P,23,5,264,0,35,57,46,0,P,21,0,261,0,5,66,78,5,0,-2,-5,-3,0,-30,9,32,5
8902,9.56,P,32,0,203,0,10,377,47,2,T,36,0,304,0,0,119,82,0,1,4,0,101,0,-10,-258,35,-2
8903,7.1,T,74,0,546,0,488,224,138,11,Z,72,7,315,1,86,234,332,5,0,-2,7,-231,1,-402,10,194,-6
8904,9.59,Z,53,9,480,0,99,207,269,4,P,67,0,529,0,428,328,164,15,1,14,-9,49,0,329,121,-105,11
8905,2.06,T,9,0,85,0,25,46,16,3,T,13,1,97,0,138,46,68,1,1,4,1,12,0,113,0,52,-2
8906,8.41,P,43,1,574,0,4,153,76,0,T,44,2,559,0,33,86,98,4,0,1,1,-15,0,29,-67,22,4
8907,5.45,Z,42,8,498,0,63,244,169,4,P,27,0,320,0,227,75,233,4,1,-15,-8,-178,0,164,-169,64,0
8908,7.13,T,58,6,195,0,21,89,42,0,Z,65,9,280,0,82,187,177,3,1,7,3,85,0,61,98,135,3
8909,9.59,P,53,2,351,0,16,277,69,5,T,75,4,739,0,56,166,126,0,0,22,2,388,0,40,-111,57,-5
8910,10.15,Z,54,0,684,0,45,177,233,7,Z,44,3,731,0,22,160,156,0,1,-10,3,47,0,-23,-17,-77,-7
8911,6.37,T,47,0,280,13,105,156,139,0,Z,36,4,314,0,19,110,126,2,1,-11,4,34,-13,-86,-46,-13,2
8912,9.58,Z,97,3,484,0,105,208,349,1,Z,61,4,204,0,43,276,232,4,1,-36,1,-280,0,-62,68,-117,3
8913,8.04,P,37,2,585,0,6,75,52,0,P,25,0,180,0,7,27,23,3,0,-12,-2,-405,0,1,-48,-29,3
8914,10.09,Z,87,7,521,0,114,247,234,2,T,124,13,478,0,476,300,166,8,0,37,6,-43,0,362,53,-68,6
8915,3.34,Z,16,0,105,0,52,45,75,2,P,13,2,87,0,11,64,17,0,0,-3,2,-18,0,-41,19,-58,-2
8916,8.37,T,90,0,445,0,239,360,111,7,T,75,1,369,0,633,231,134,15,0,-15,1,-76,0,394,-129,23,8
8917,9.56,Z,79,3,451,0,51,104,232,2,T,95,5,511,0,54,150,127,4,0,16,2,60,0,3,46,-105,2
8918,9.58,Z,41,1,363,0,24,55,159,0,T,42,0,360,0,2,27,93,3,0,1,-1,-3,0,-22,-28,-66,3
8919,6.43,P,41,0,317,0,42,111,63,3,P,27,0,350,0,24,88,120,4,0,-14,0,33,0,-18,-23,57,1
8920,9.59,P,45,0,494,0,12,162,89,8,Z,53,0,1031,0,33,64,165,2,0,8,0,537,0,21,-98,76,-6
8921,9.59,Z,100,2,731,0,78,178,296,1,T,120,0,704,0,260,208,190,17,1,20,-2,-27,0,182,30,-106,16
8922,10.35,T,67,5,611,0,34,151,112,4,Z,88,8,288,0,212,197,260,9,1,21,3,-323,0,178,46,148,5
8923,5.18,T,35,1,357,0,10,80,30,0,T,35,1,179,0,72,116,67,4,1,0,0,-178,0,62,36,37,4
8924,8.01,P,20,0,448,0,0,63,41,0,T,49,6,570,0,16,162,86,0,1,29,6,122,0,16,99,45,0
8925,9.59,P,60,0,393,0,24,142,72,12,T,60,0,485,0,17,96,70,4,0,0,0,92,0,-7,-46,-2,-8
8926,4.29,P,28,2,215,0,4,77,41,2,P,23,0,202,0,0,142,45,0,1,-5,-2,-13,0,-4,65,4,-2
8927,9.57,T,67,1,922,0,5,198,134,4,T,78,2,590,0,348,132,137,8,0,11,1,-332,0,343,-66,3,4
8928,9.19,P,54,0,440,0,24,174,133,5,Z,59,2,303,0,27,113,172,2,1,5,2,-137,0,3,-61,39,-3
8929,3.45,T,21,0,279,0,86,69,68,6,P,14,0,134,0,330,38,16,15,1,-7,0,-145,0,244,-31,-52,9
8930,4.17,Z,14,2,102,0,11,42,39,1,P,21,1,235,0,11,215,65,0,1,7,-1,133,0,0,173,26,-1
8931,3.48,Z,15,0,321,0,10,33,52,5,T,14,2,99,0,16,20,26,0,0,-1,2,-222,0,6,-13,-26,-5
8932,8.24,P,95,0,332,0,591,261,161,23,T,107,0,472,0,680,224,213,26,1,12,0,140,0,89,-37,52,3
8933,9.58,T,92,0,342,0,207,210,152,14,Z,81,4,402,0,107,159,260,3,1,-11,4,60,0,-100,-51,108,-11
8934,8.09,P,36,0,310,0,0,180,67,0,T,45,0,226,0,3,74,114,2,0,9,0,-84,0,3,-106,47,2
8935,6.2,Z,35,7,169,3,60,104,145,3,Z,35,5,275,0,65,99,150,3,1,0,-2,106,-3,5,-5,5,0
8936,10,T,72,0,752,0,936,158,124,12,Z,99,23,614,3,238,305,374,8,0,27,23,-138,3,-698,147,250,-4
8937,7.51,P,42,3,344,0,229,175,133,1,T,78,0,316,0,406,271,226,7,0,36,-3,-28,0,177,96,93,6
8938,9.59,T,75,0,645,0,0,72,139,0,Z,49,0,508,0,35,53,124,6,1,-26,0,-137,0,35,-19,-15,6
8939,10.17,P,48,0,436,1,4,95,79,1,Z,57,2,685,0,11,143,191,0,0,9,2,249,-1,7,48,112,-1
8940,9.34,Z,66,0,388,0,130,246,265,4,P,62,0,580,0,11,145,103,4,0,-4,0,192,0,-119,-101,-162,0
8941,9.59,Z,52,1,287,0,32,131,116,0,T,39,0,576,0,15,115,131,6,0,-13,-1,289,0,-17,-16,15,6
8942,2.08,P,7,0,36,0,0,7,7,0,Z,7,0,3,0,6,4,23,1,1,0,0,-33,0,6,-3,16,1
8943,9.58,Z,64,0,420,0,135,169,263,5,T,86,3,709,0,298,220,119,7,0,22,3,289,0,163,51,-144,2
8944,5.1,T,37,0,353,0,32,78,43,5,Z,23,0,148,0,65,68,94,5,0,-14,0,-205,0,33,-10,51,0
8945,9.59,T,45,0,842,0,0,29,94,1,T,52,0,1059,0,12,31,96,2,1,7,0,217,0,12,2,2,1
8946,9.59,P,89,2,637,0,29,377,198,5,T,77,10,712,0,49,310,119,6,0,-12,8,75,0,20,-67,-79,1
8947,9.59,T,104,4,682,0,661,302,201,3,P,57,2,953,0,18,119,73,0,0,-47,-2,271,0,-643,-183,-128,-3
8948,7.56,Z,47,0,359,0,90,79,178,3,T,74,0,436,0,134,206,116,12,1,27,0,77,0,44,127,-62,9
8949,9.59,Z,77,0,443,0,39,345,216,8,T,115,2,652,0,228,298,135,5,0,38,2,209,0,189,-47,-81,-3
8950,8.59,T,109,0,351,0,210,302,122,14,T,123,6,473,1,588,261,227,22,0,14,6,122,1,378,-41,105,8
8951,10.34,T,46,0,337,0,15,137,134,3,T,88,5,781,0,72,237,86,2,0,42,5,444,0,57,100,-48,-1
8952,6.31,T,49,1,340,0,126,134,193,5,T,31,5,420,0,38,67,34,0,0,-18,4,80,0,-88,-67,-159,-5
8953,9.58,Z,37,0,298,0,49,66,158,1,T,44,0,446,0,2,76,70,4,1,7,0,148,0,-47,10,-88,3
8954,9.56,Z,33,1,159,0,12,50,152,1,P,56,0,382,0,1,150,133,1,1,23,-1,223,0,-11,100,-19,0
8955,5.49,T,71,5,179,0,189,228,86,11,Z,42,2,243,0,186,131,224,4,1,-29,-3,64,0,-3,-97,138,-7
8956,9.59,T,60,1,707,0,10,200,139,0,T,69,0,411,0,173,126,128,2,1,9,-1,-296,0,163,-74,-11,2
8957,6.21,T,53,2,300,0,394,175,160,5,P,40,0,275,0,181,145,73,4,0,-13,-2,-25,0,-213,-30,-87,-1
8958,10.18,T,103,10,523,2,201,192,109,11,T,109,5,543,0,463,219,133,8,0,6,-5,20,-2,262,27,24,-3
8959,8.19,T,66,2,436,0,410,191,185,8,P,71,0,454,0,6,221,102,1,0,5,-2,18,0,-404,30,-83,-7
8960,9.59,P,65,0,934,0,38,276,128,9,T,91,0,555,0,388,290,217,9,1,26,0,-379,0,350,14,89,0
8961,9.58,T,71,0,685,0,56,156,85,5,T,49,0,537,0,5,86,140,3,0,-22,0,-148,0,-51,-70,55,-2
8962,9.05,Z,52,3,298,0,35,153,168,0,T,64,6,706,0,211,153,143,0,0,12,3,408,0,176,0,-25,0
8963,9.44,T,62,0,400,0,471,318,104,12,P,62,0,689,0,2,185,93,2,0,0,0,289,0,-469,-133,-11,-10
8964,9.56,T,42,0,263,0,16,64,83,3,P,32,0,526,0,11,55,46,4,0,-10,0,263,0,-5,-9,-37,1
8965,9.59,Z,72,7,371,0,43,169,248,0,T,128,0,410,0,494,312,200,11,0,56,-7,39,0,451,143,-48,11
8966,6.55,Z,50,1,354,0,402,235,261,2,Z,36,8,318,0,376,351,153,0,1,-14,7,-36,0,-26,116,-108,-2
8967,9.14,P,40,0,470,0,2,76,67,1,P,71,0,559,0,427,225,355,9,0,31,0,89,0,425,149,288,8
8968,9.59,T,75,0,505,0,4,424,152,3,Z,83,3,290,1,375,177,186,7,0,8,3,-215,1,371,-247,34,4
8969,9.23,T,63,0,573,0,437,153,85,9,P,60,0,541,0,91,391,247,7,1,-3,0,-32,0,-346,238,162,-2
8970,3.49,P,19,0,99,0,0,15,42,1,T,17,0,93,0,68,17,68,2,0,-2,0,-6,0,68,2,26,1
8971,9.58,P,45,2,590,0,26,91,70,5,Z,45,0,331,2,26,82,144,0,1,0,-2,-259,2,0,-9,74,-5
8972,9.59,Z,53,5,1101,0,29,117,175,0,T,58,5,731,0,19,160,122,0,1,5,0,-370,0,-10,43,-53,0
8973,7.47,P,36,0,379,0,9,123,40,4,T,32,0,618,0,14,254,50,3,0,-4,0,239,0,5,131,10,-1
8974,10.45,Z,44,3,449,0,27,65,162,0,Z,61,4,236,0,441,136,613,6,1,17,1,-213,0,414,71,451,6
8975,9.59,Z,63,3,434,0,121,243,297,6,P,45,0,437,0,0,61,59,0,0,-18,-3,3,0,-121,-182,-238,-6
8976,7.09,P,28,3,456,0,46,101,84,5,P,34,0,693,0,15,79,57,7,1,6,-3,237,0,-31,-22,-27,2
8977,2.51,T,12,0,170,0,202,101,77,4,T,12,0,118,0,257,86,87,3,0,0,0,-52,0,55,-15,10,-1
8978,8.07,T,40,3,286,0,39,181,68,0,P,55,1,647,0,91,185,59,6,1,15,-2,361,0,52,4,-9,6
8979,9.36,T,80,4,303,0,372,302,135,13,T,57,3,838,0,11,252,110,0,0,-23,-1,535,0,-361,-50,-25,-13
8980,9.57,Z,52,0,408,0,35,193,158,5,P,75,0,402,0,275,351,127,10,1,23,0,-6,0,240,158,-31,5
8981,9.31,Z,44,5,367,0,43,89,158,0,Z,55,1,326,0,77,156,170,2,1,11,-4,-41,0,34,67,12,2
8982,9.59,P,61,7,619,0,129,294,89,6,T,71,0,917,0,47,95,138,7,0,10,-7,298,0,-82,-199,49,1
8983,3.26,T,19,0,183,0,35,43,26,3,P,11,1,123,0,0,31,19,0,1,-8,1,-60,0,-35,-12,-7,-3
8984,3.06,T,8,0,135,0,0,22,30,1,T,12,0,199,0,0,22,20,0,0,4,0,64,0,0,0,-10,-1
8985,10.08,P,61,0,261,0,13,218,66,9,T,63,1,599,0,106,105,187,7,0,2,1,338,0,93,-113,121,-2
8986,9.18,T,75,3,530,0,36,263,116,2,T,71,0,662,0,485,228,75,4,1,-4,-3,132,0,449,-35,-41,2
8987,5.27,P,43,2,378,0,161,109,52,2,P,22,0,173,0,3,112,26,3,1,-21,-2,-205,0,-158,3,-26,1
8988,7.48,Z,57,7,480,0,318,292,236,11,T,58,0,285,0,6,212,131,8,0,1,-7,-195,0,-312,-80,-105,-3
8989,4.12,T,24,2,176,0,276,143,40,4,Z,20,0,258,0,12,72,107,6,1,-4,-2,82,0,-264,-71,67,2
8990,7.37,T,49,7,350,0,73,154,125,3,T,43,2,327,0,1,25,61,1,0,-6,-5,-23,0,-72,-129,-64,-2
8991,9.42,P,72,7,564,5,94,391,281,2,T,99,6,487,0,239,187,151,4,1,27,-1,-77,-5,145,-204,-130,2
8992,7.32,Z,41,0,497,0,33,195,151,1,T,124,13,287,0,382,302,101,5,1,83,13,-210,0,349,107,-50,4
8993,2.52,Z,13,0,111,0,3,34,41,2,T,16,0,104,3,13,52,20,0,0,3,0,-7,3,10,18,-21,-2
8994,9.59,P,65,6,310,0,41,423,67,2,Z,35,3,695,0,41,120,153,1,0,-30,-3,385,0,0,-303,86,-1
8995,9.02,P,58,0,545,0,48,184,89,7,P,46,0,931,0,7,159,100,4,0,-12,0,386,0,-41,-25,11,-3
8996,6.56,T,41,0,217,0,3,45,106,6,T,35,0,418,0,109,63,55,4,1,-6,0,201,0,106,18,-51,-2
8997,4.41,Z,21,5,130,0,25,89,57,5,Z,18,1,276,0,15,96,71,0,1,-3,-4,146,0,-10,7,14,-5
8998,9.51,T,92,7,764,0,651,230,182,6,T,93,13,471,0,980,188,170,13,1,1,6,-293,0,329,-42,-12,7
8999,4.21,P,13,0,449,0,0,45,11,0,T,22,0,210,0,1,45,28,2,1,9,0,-239,0,1,0,17,2
9000,9.59,T,110,6,559,0,116,264,151,0,P,70,0,664,0,525,268,110,7,0,-40,-6,105,0,409,4,-41,7
9001,8.28,P,56,5,459,0,88,253,70,6,Z,47,0,513,0,262,211,166,10,1,-9,-5,54,0,174,-42,96,4
9002,5.49,P,31,0,227,0,23,305,54,3,T,41,0,202,0,28,125,113,3,1,10,0,-25,0,5,-180,59,0
9003,4.16,T,32,0,174,0,109,108,73,6,P,25,0,207,0,52,149,17,3,1,-7,0,33,0,-57,41,-56,-3
9004,1.2,T,5,0,37,0,0,21,15,0,T,6,3,33,0,0,7,7,0,0,1,3,-4,0,0,-14,-8,0
9005,9.05,P,56,0,525,0,43,285,92,4,T,71,10,409,0,21,225,104,0,0,15,10,-116,0,-22,-60,12,-4
9006,7.07,P,23,0,687,0,1,69,36,1,P,15,0,89,0,0,96,36,0,1,-8,0,-598,0,-1,27,0,-1
9007,3.4,Z,17,1,139,0,3,49,51,0,Z,15,2,85,0,41,81,48,0,1,-2,1,-54,0,38,32,-3,0
9008,10.35,P,50,0,1094,0,11,210,121,1,Z,59,0,603,0,73,233,174,4,0,9,0,-491,0,62,23,53,3
9009,5.03,Z,28,1,329,0,246,187,204,6,T,63,2,208,0,347,145,150,5,0,35,1,-121,0,101,-42,-54,-1
9010,9.56,Z,44,0,697,0,3,46,136,3,T,51,0,594,0,0,64,119,0,1,7,0,-103,0,-3,18,-17,-3
9011,9.58,T,51,4,352,0,53,21,63,1,P,53,14,673,0,40,179,98,0,0,2,10,321,0,-13,158,35,-1
9012,10.16,Z,84,3,997,0,54,186,204,0,T,82,7,475,0,68,239,97,5,1,-2,4,-522,0,14,53,-107,5
9013,9.59,T,87,11,1102,3,54,338,136,0,T,73,0,985,0,39,149,117,7,1,-14,-11,-117,-3,-15,-189,-19,7
9014,10.55,Z,81,3,688,0,232,247,273,6,T,137,9,767,0,65,244,142,0,1,56,6,79,0,-167,-3,-131,-6
9015,8.15,Z,78,6,327,0,215,178,321,6,P,61,4,342,0,444,272,120,6,1,-17,-2,15,0,229,94,-201,0
9016,6.21,Z,26,0,54,0,20,16,68,2,Z,19,0,266,0,0,72,78,0,0,-7,0,212,0,-20,56,10,-2
9017,9.57,T,75,0,541,0,0,183,136,0,Z,50,4,386,0,91,164,202,2,0,-25,4,-155,0,91,-19,66,2
9018,8,P,13,0,175,0,0,16,17,0,T,44,1,284,0,27,295,61,2,1,31,1,109,0,27,279,44,2
9019,9.55,Z,54,8,764,0,69,134,223,3,T,55,0,763,0,3,130,96,2,0,1,-8,-1,0,-66,-4,-127,-1
9020,7.45,Z,45,1,682,0,41,126,159,1,Z,34,0,394,0,367,264,225,3,0,-11,-1,-288,0,326,138,66,2
9021,2.38,P,10,2,97,0,5,25,13,1,T,12,0,113,0,218,27,9,1,0,2,-2,16,0,213,2,-4,0
9022,4.3,Z,31,0,118,45,316,88,176,0,Z,16,0,79,0,11,29,50,2,0,-15,0,-39,-45,-305,-59,-126,2
9023,9.59,T,75,0,663,0,140,216,94,5,T,57,1,471,0,24,126,72,3,0,-18,1,-192,0,-116,-90,-22,-2
9024,9.59,T,78,2,519,0,53,145,173,1,T,26,0,431,0,0,46,51,0,0,-52,-2,-88,0,-53,-99,-122,-1
9025,7.13,T,88,0,517,0,125,272,117,7,Z,39,5,277,0,80,97,156,0,0,-49,5,-240,0,-45,-175,39,-7
9026,9.58,P,81,1,631,0,27,107,110,3,Z,78,0,270,0,115,184,227,6,1,-3,-1,-361,0,88,77,117,3
9027,7.5,P,27,3,792,0,13,57,40,4,T,54,0,475,4,84,221,113,2,1,27,-3,-317,4,71,164,73,-2
9028,6.26,Z,32,2,463,0,13,51,93,0,T,35,4,477,0,8,78,56,1,0,3,2,14,0,-5,27,-37,1
9029,6.29,Z,35,0,376,0,578,248,260,10,Z,36,0,131,0,5,40,124,1,1,1,0,-245,0,-573,-208,-136,-9
9030,9.57,T,87,3,658,0,28,181,89,0,T,89,0,559,0,459,221,213,6,1,2,-3,-99,0,431,40,124,6
9031,9.59,P,70,0,476,0,94,172,88,12,P,61,8,827,0,68,129,124,7,1,-9,8,351,0,-26,-43,36,-5
9032,6.05,T,13,0,218,0,0,35,53,0,Z,32,2,274,0,430,78,150,3,1,19,2,56,0,430,43,97,3
9033,4.53,T,43,0,189,33,133,141,114,0,Z,57,3,232,0,281,139,103,5,0,14,3,43,-33,148,-2,-11,5
9034,9.58,Z,55,0,292,0,409,134,589,13,T,97,0,377,0,162,320,226,8,0,42,0,85,0,-247,186,-363,-5
9035,10.25,P,23,0,634,0,0,132,45,0,T,49,1,482,0,5,98,89,4,1,26,1,-152,0,5,-34,44,4
9036,9.59,T,32,1,818,0,1,71,62,0,P,35,15,629,0,50,61,63,0,1,3,14,-189,0,49,-10,1,0
9037,9.59,Z,70,2,284,0,177,105,218,2,P,59,5,558,0,173,253,69,3,0,-11,3,274,0,-4,148,-149,1
9038,6.35,T,39,1,238,0,89,151,63,9,T,42,0,625,0,3,134,72,1,0,3,-1,387,0,-86,-17,9,-8
9039,5.41,T,27,0,512,0,2,160,53,3,T,24,2,332,0,1,35,44,0,1,-3,2,-180,0,-1,-125,-9,-3
9040,6.06,T,40,4,162,0,242,78,63,2,P,32,1,200,0,440,124,66,6,1,-8,-3,38,0,198,46,3,4
9041,9.56,T,97,0,399,0,77,280,140,7,T,111,1,424,0,1026,413,325,12,0,14,1,25,0,949,133,185,5
9042,4.57,Z,18,0,29,0,0,10,53,0,T,22,3,315,0,101,35,27,0,0,4,3,286,0,101,25,-26,0
9043,9.59,Z,43,11,327,0,45,29,149,0,T,74,7,402,0,114,103,92,2,0,31,-4,75,0,69,74,-57,2
9044,3.18,Z,10,0,122,0,143,40,115,3,Z,7,0,96,0,18,24,31,14,0,-3,0,-26,0,-125,-16,-84,11
9045,8.4,P,36,0,351,0,0,42,38,1,P,38,0,371,0,15,44,47,2,1,2,0,20,0,15,2,9,1
9046,9.58,T,85,2,991,0,68,223,115,4,Z,58,0,541,0,47,134,180,6,0,-27,-2,-450,0,-21,-89,65,2
9047,8.43,Z,43,5,316,0,232,97,374,2,P,33,12,473,0,33,60,27,1,0,-10,7,157,0,-199,-37,-347,-1
9048,9.05,P,55,5,442,0,35,237,95,4,Z,58,3,199,0,115,118,160,2,1,3,-2,-243,0,80,-119,65,-2
9049,9.59,Z,47,0,497,0,0,32,144,0,T,48,0,317,0,12,19,61,1,0,1,0,-180,0,12,-13,-83,1
9050,8.2,Z,47,8,403,0,126,174,214,1,T,57,0,755,0,9,190,86,3,1,10,-8,352,0,-117,16,-128,2
9051,5.02,T,41,0,260,0,212,49,160,4,Z,26,0,478,0,32,124,90,1,1,-15,0,218,0,-180,75,-70,-3
9052,8.02,Z,72,0,235,0,727,358,400,7,Z,75,0,625,0,107,205,177,4,1,3,0,390,0,-620,-153,-223,-3
9053,3.22,Z,15,0,43,7,193,93,121,4,Z,15,0,130,19,158,97,109,0,0,0,0,87,12,-35,4,-12,-4
9054,0.15,Z,1,1,21,0,15,3,2,0,P,2,0,2,0,7,7,3,3,0,1,-1,-19,0,-8,4,1,3
9055,6.27,P,38,0,211,0,113,221,145,6,P,59,0,251,0,339,262,71,9,1,21,0,40,0,226,41,-74,3
9056,9.59,T,88,2,503,0,70,223,85,7,Z,77,0,523,0,28,305,284,11,1,-11,-2,20,0,-42,82,199,4
9057,6.59,Z,63,0,264,0,760,218,235,9,Z,47,0,184,0,80,181,246,11,0,-16,0,-80,0,-680,-37,11,2
9058,9.59,P,49,0,718,0,19,223,61,3,T,67,0,202,0,34,254,107,3,0,18,0,-516,0,15,31,46,0
9059,10.23,Z,93,1,489,0,180,200,359,11,P,74,0,656,0,280,250,177,8,1,-19,-1,167,0,100,50,-182,-3
9060,9.59,Z,54,0,551,0,169,416,296,2,Z,55,3,587,0,179,324,295,3,0,1,3,36,0,10,-92,-1,1
9061,4.22,P,25,0,157,0,173,124,122,9,P,24,0,107,0,165,184,129,5,0,-1,0,-50,0,-8,60,7,-4
9062,9.25,Z,35,0,512,0,0,224,176,0,T,74,0,761,0,19,385,112,4,0,39,0,249,0,19,161,-64,4
9063,6,T,21,0,300,0,8,153,42,4,T,50,2,541,0,35,131,52,7,1,29,2,241,0,27,-22,10,3
9064,4.46,P,26,2,429,0,15,90,27,7,Z,22,1,442,0,24,167,74,8,1,-4,-1,13,0,9,77,47,1
9065,7.57,P,44,0,375,0,45,178,88,19,P,40,0,180,0,39,106,41,8,1,-4,0,-195,0,-6,-72,-47,-11
9066,6.54,Z,33,0,594,0,12,81,118,5,P,45,0,436,0,3,121,65,2,1,12,0,-158,0,-9,40,-53,-3
9067,4.14,Z,23,0,94,0,9,49,121,3,P,30,0,167,0,85,152,80,3,0,7,0,73,0,76,103,-41,0
9068,9.59,Z,72,6,406,0,256,169,205,7,Z,75,0,356,18,129,270,244,3,0,3,-6,-50,18,-127,101,39,-4
9069,9.33,P,70,1,341,0,89,228,124,5,T,127,8,414,0,1068,248,192,26,1,57,7,73,0,979,20,68,21
9070,9.59,P,78,4,535,0,206,387,79,2,Z,56,3,610,0,11,203,232,1,0,-22,-1,75,0,-195,-184,153,-1
9071,6.16,T,57,4,356,0,456,74,65,1,Z,31,1,342,0,25,41,101,2,0,-26,-3,-14,0,-431,-33,36,1
9072,5.09,T,40,0,264,0,414,95,188,7,T,24,0,270,0,26,114,60,2,0,-16,0,6,0,-388,19,-128,-5
9073,3.04,P,11,0,140,0,0,28,21,0,T,11,5,155,0,3,30,20,1,0,0,5,15,0,3,2,-1,1
9074,6.52,T,61,1,485,0,73,197,151,8,P,51,0,455,0,85,173,101,6,0,-10,-1,-30,0,12,-24,-50,-2
9075,7.54,Z,38,0,815,0,25,131,119,2,P,65,0,321,0,13,228,149,1,1,27,0,-494,0,-12,97,30,-1
9076,10.19,T,43,3,603,0,5,132,73,0,Z,59,1,796,0,93,320,141,2,1,16,-2,193,0,88,188,68,2
9077,6.45,P,48,2,446,0,32,215,88,2,Z,62,0,264,0,90,170,159,11,1,14,-2,-182,0,58,-45,71,9
9078,9.59,P,75,4,748,0,35,269,78,8,Z,65,1,862,0,34,201,226,0,0,-10,-3,114,0,-1,-68,148,-8
9079,5.27,T,57,0,354,0,278,141,42,10,P,32,0,414,0,0,173,45,0,0,-25,0,60,0,-278,32,3,-10
9080,3.15,Z,16,0,139,0,178,112,48,5,Z,17,0,120,0,5,21,71,2,1,1,0,-19,0,-173,-91,23,-3
9081,9.35,T,49,3,600,0,21,242,99,0,Z,58,0,197,0,24,63,169,3,0,9,-3,-403,0,3,-179,70,3
9082,6.57,P,43,3,351,0,161,141,63,10,P,36,2,303,0,353,180,80,6,1,-7,-1,-48,0,192,39,17,-4
9083,8.41,Z,58,2,242,0,402,144,340,7,T,102,0,270,0,83,277,113,10,1,44,-2,28,0,-319,133,-227,3
9084,5.43,T,38,0,333,0,25,191,111,5,P,28,1,310,0,6,78,45,0,1,-10,1,-23,0,-19,-113,-66,-5
9085,5.24,P,25,1,246,0,3,109,73,2,Z,26,0,277,0,177,164,188,51,1,1,-1,31,0,174,55,115,49
9086,7.58,Z,65,6,462,0,121,170,221,4,Z,59,3,531,0,129,275,234,1,1,-6,-3,69,0,8,105,13,-3
9087,8.52,Z,76,2,259,0,124,197,253,8,T,98,0,429,0,841,226,228,9,0,22,-2,170,0,717,29,-25,1
9088,3.23,T,16,2,222,0,245,71,51,4,P,14,0,269,0,48,45,60,4,0,-2,-2,47,0,-197,-26,9,0
9089,8.11,Z,29,0,393,0,0,123,141,0,P,48,0,545,0,21,143,72,0,0,19,0,152,0,21,20,-69,0
9090,4.01,Z,15,0,189,0,18,25,63,22,P,14,0,379,0,0,76,43,1,0,-1,0,190,0,-18,51,-20,-21
9091,7.16,Z,45,7,253,31,308,138,278,0,Z,37,0,377,0,29,112,151,1,0,-8,-7,124,-31,-279,-26,-127,1
9092,10.35,Z,64,10,294,0,298,290,316,6,T,92,0,521,0,193,300,199,13,1,28,-10,227,0,-105,10,-117,7
9093,5.52,T,12,0,239,0,0,21,26,0,T,33,0,448,0,0,34,53,1,1,21,0,209,0,0,13,27,1
9094,9.59,T,63,0,630,0,13,215,176,4,T,61,0,535,0,59,115,75,3,1,-2,0,-95,0,46,-100,-101,-1
9095,9.18,T,123,8,690,0,662,354,103,4,Z,60,4,545,6,76,111,179,0,0,-63,-4,-145,6,-586,-243,76,-4
9096,0.36,Z,1,0,2,0,4,7,19,4,Z,2,0,19,0,3,12,26,2,0,1,0,17,0,-1,5,7,-2
9097,9.59,T,93,2,380,0,323,304,314,6,P,59,0,450,0,8,343,94,5,0,-34,-2,70,0,-315,39,-220,-1
9098,5.07,Z,28,0,164,0,13,62,72,3,Z,21,3,207,0,39,96,100,0,1,-7,3,43,0,26,34,28,-3
9099,7.3,T,79,13,626,3,181,209,108,1,Z,50,0,373,17,78,62,161,0,1,-29,-13,-253,14,-103,-147,53,-1
9100,4.54,T,25,4,269,0,24,131,52,2,Z,25,0,287,0,29,68,73,2,1,0,-4,18,0,5,-63,21,0
9101,9.59,P,52,0,628,0,57,374,74,8,T,83,3,559,0,43,258,141,6,1,31,3,-69,0,-14,-116,67,-2
9102,5.25,P,31,0,432,0,22,222,81,5,Z,29,2,274,0,84,80,123,0,0,-2,2,-158,0,62,-142,42,-5
9103,9.57,Z,46,2,267,0,39,89,144,1,Z,58,12,289,0,83,95,165,3,1,12,10,22,0,44,6,21,2
9104,8.25,Z,56,4,447,0,39,184,262,0,Z,40,0,227,13,153,320,305,3,1,-16,-4,-220,13,114,136,43,3
9105,7.37,Z,39,9,263,0,73,226,138,1,P,63,3,416,0,631,185,54,9,0,24,-6,153,0,558,-41,-84,8
9106,8.51,P,81,7,768,0,66,303,83,4,T,94,3,577,0,822,131,118,15,0,13,-4,-191,0,756,-172,35,11
9107,9.59,P,81,8,698,0,44,426,77,6,Z,46,0,315,0,95,53,181,8,0,-35,-8,-383,0,51,-373,104,2
9108,10.32,Z,57,4,556,0,52,98,156,1,Z,38,0,595,0,13,52,196,1,1,-19,-4,39,0,-39,-46,40,0
9109,5.21,Z,21,0,372,0,27,70,116,4,P,37,2,340,0,19,41,69,0,1,16,2,-32,0,-8,-29,-47,-4
9110,9.25,T,70,3,831,0,32,145,83,0,T,61,0,886,0,8,226,116,1,0,-9,-3,55,0,-24,81,33,1
9111,3.35,P,13,1,156,0,10,125,28,2,T,20,2,209,0,8,52,47,1,1,7,1,53,0,-2,-73,19,-1
9112,3.51,Z,19,0,113,0,174,53,90,6,T,24,0,159,0,249,52,45,8,0,5,0,46,0,75,-1,-45,2
9113,1.38,T,6,0,69,3,34,58,8,1,P,7,0,44,0,0,56,9,0,1,1,0,-25,-3,-34,-2,1,-1
9114,9.59,Z,37,2,489,0,11,63,132,0,T,45,0,717,0,0,201,96,0,1,8,-2,228,0,-11,138,-36,0
9115,0.47,T,3,0,29,0,0,12,18,0,T,2,0,73,0,0,15,7,0,0,-1,0,44,0,0,3,-11,0
9116,9.59,Z,77,2,324,0,137,421,268,6,T,79,2,387,0,573,273,133,20,0,2,0,63,0,436,-148,-135,14
9117,5.32,Z,36,0,183,0,363,134,138,4,Z,34,3,215,0,133,123,186,7,0,-2,3,32,0,-230,-11,48,3
9118,3.02,T,13,0,116,0,52,36,15,2,Z,7,0,166,2,5,34,37,2,1,-6,0,50,2,-47,-2,22,0
9119,7.04,T,85,0,408,0,544,210,200,11,P,81,0,408,0,577,306,94,13,0,-4,0,0,0,33,96,-106,2
9120,5.14,T,40,0,299,0,25,93,42,4,Z,24,7,220,0,183,117,133,2,1,-16,7,-79,0,158,24,91,-2
9121,9.39,T,68,0,346,0,31,121,97,2,P,71,4,414,0,401,283,83,8,1,3,4,68,0,370,162,-14,6
9122,7.19,T,27,0,175,0,10,58,37,3,T,41,3,347,0,25,120,63,1,0,14,3,172,0,15,62,26,-2
9123,9.55,T,62,0,678,0,43,93,100,4,Z,51,2,333,0,22,197,212,0,0,-11,2,-345,0,-21,104,112,-4
9124,6.42,Z,53,8,378,0,575,208,205,7,T,106,0,319,0,688,213,113,7,0,53,-8,-59,0,113,5,-92,0
9125,1.16,Z,4,0,40,0,43,44,45,5,T,5,0,39,0,75,32,42,0,1,1,0,-1,0,32,-12,-3,-5
9126,4.22,Z,28,0,75,0,18,37,82,1,T,26,0,213,0,11,50,30,6,0,-2,0,138,0,-7,13,-52,5
9127,7.49,P,26,0,480,0,0,213,33,0,T,80,5,625,0,3,170,68,0,1,54,5,145,0,3,-43,35,0
9128,5.31,T,52,0,327,0,352,183,122,20,P,40,0,255,0,255,172,193,11,1,-12,0,-72,0,-97,-11,71,-9
9129,9.02,Z,63,4,335,0,145,241,216,8,Z,51,4,370,2,103,133,281,3,0,-12,0,35,2,-42,-108,65,-5
9130,6.22,P,44,2,401,0,215,152,87,2,Z,38,0,389,0,51,192,173,11,0,-6,-2,-12,0,-164,40,86,9
9131,10.09,P,86,1,452,0,626,302,112,13,T,80,2,375,0,18,116,96,2,0,-6,1,-77,0,-608,-186,-16,-11
9132,10.03,P,18,0,516,0,0,120,46,0,T,21,0,952,0,0,57,84,0,1,3,0,436,0,0,-63,38,0
9133,4.19,T,32,0,240,0,173,71,46,3,Z,18,0,101,0,357,33,57,3,0,-14,0,-139,0,184,-38,11,0
9134,9.59,Z,94,4,644,0,182,354,271,8,T,137,9,456,0,809,256,193,21,1,43,5,-188,0,627,-98,-78,13
9135,3.02,Z,12,0,87,0,45,29,83,2,Z,8,0,103,0,235,71,83,5,0,-4,0,16,0,190,42,0,3
9136,4.55,T,35,3,362,0,6,113,50,0,P,16,1,106,0,0,109,59,1,1,-19,-2,-256,0,-6,-4,9,1
9137,9.56,P,28,0,422,0,0,27,59,0,T,28,0,472,0,0,44,85,0,1,0,0,50,0,0,17,26,0
9138,7.15,P,40,0,218,0,0,88,46,0,Z,35,0,178,0,37,53,112,5,1,-5,0,-40,0,37,-35,66,5
9139,9.59,Z,35,0,247,0,0,7,97,0,P,30,0,347,0,0,114,44,0,0,-5,0,100,0,0,107,-53,0
9140,9.2,Z,39,3,1140,0,37,81,227,0,Z,49,0,540,0,27,147,215,7,0,10,-3,-600,0,-10,66,-12,7
9141,7.12,Z,47,0,566,0,12,71,118,5,T,57,3,472,0,48,108,86,3,1,10,3,-94,0,36,37,-32,-2
9142,0.18,P,2,0,8,0,0,1,4,0,P,1,0,14,0,82,0,2,2,1,-1,0,6,0,82,-1,-2,2
9143,9.59,Z,87,0,391,22,367,280,309,1,T,134,0,762,0,598,363,233,11,0,47,0,371,-22,231,83,-76,10
9144,3.31,T,23,1,252,0,279,117,106,5,T,22,2,147,0,270,120,125,1,0,-1,1,-105,0,-9,3,19,-4
9145,9.57,Z,57,2,598,0,20,50,146,0,T,56,0,580,0,11,244,89,7,0,-1,-2,-18,0,-9,194,-57,7
9146,5,P,22,0,124,0,28,189,52,3,T,26,0,330,0,0,56,45,3,0,4,0,206,0,-28,-133,-7,0
9147,8.08,Z,60,5,290,0,187,216,158,4,T,62,4,637,0,754,114,92,3,1,2,-1,347,0,567,-102,-66,-1
9148,6.34,T,38,0,147,0,3,107,81,4,T,37,0,240,0,54,196,64,4,0,-1,0,93,0,51,89,-17,0
9149,9.59,T,67,0,402,0,870,429,230,11,Z,59,0,681,10,56,147,183,6,0,-8,0,279,10,-814,-282,-47,-5
9150,5.22,T,36,3,349,0,422,205,34,3,P,40,2,254,0,106,103,56,2,1,4,-1,-95,0,-316,-102,22,-1
9151,8.26,P,33,0,255,0,5,188,173,2,T,82,0,553,0,564,498,202,8,1,49,0,298,0,559,310,29,6
9152,8.21,Z,60,0,463,0,41,92,150,5,P,54,0,457,0,0,196,91,1,0,-6,0,-6,0,-41,104,-59,-4
9153,9.58,T,52,0,424,0,288,253,183,3,P,72,0,440,0,110,255,339,15,1,20,0,16,0,-178,2,156,12
9154,5.16,P,30,3,239,7,73,170,74,0,P,25,11,127,0,219,118,44,5,0,-5,8,-112,-7,146,-52,-30,5
9155,7.36,P,45,0,257,0,11,165,269,5,T,69,0,518,0,33,112,429,7,1,24,0,261,0,22,-53,160,2
9156,9.13,P,63,0,508,0,349,222,188,24,Z,64,0,448,0,42,214,172,7,0,1,0,-60,0,-307,-8,-16,-17
9157,9.59,P,85,5,473,0,163,309,218,9,T,93,6,453,0,281,194,124,20,1,8,1,-20,0,118,-115,-94,11
9158,1.33,Z,5,0,8,0,0,25,16,2,Z,6,0,22,0,0,9,30,0,0,1,0,14,0,0,-16,14,-2
9159,2.48,Z,8,1,152,0,99,64,49,3,Z,9,0,121,0,237,50,123,0,1,1,-1,-31,0,138,-14,74,-3
9160,9.58,P,54,0,511,0,102,114,81,10,T,92,6,979,0,105,201,135,0,0,38,6,468,0,3,87,54,-10
9161,10.36,T,70,5,451,2,66,141,109,6,P,44,2,831,8,82,175,101,1,1,-26,-3,380,6,16,34,-8,-5
9162,5.33,Z,23,4,197,0,28,84,122,0,P,30,0,271,0,68,92,21,4,1,7,-4,74,0,40,8,-101,4
9163,9.55,T,72,0,738,0,32,177,119,6,P,71,4,523,0,112,323,171,7,0,-1,4,-215,0,80,146,52,1
9164,10.23,T,80,0,660,0,157,200,141,15,P,62,5,445,0,47,274,74,6,0,-18,5,-215,0,-110,74,-67,-9
9165,3.17,P,13,3,122,0,78,41,64,3,P,7,0,92,0,2,33,5,1,1,-6,-3,-30,0,-76,-8,-59,-2
9166,9.59,T,88,0,687,0,48,230,189,12,Z,98,3,479,0,137,255,274,9,1,10,3,-208,0,89,25,85,-3
9167,10.36,T,114,0,397,0,751,339,199,22,Z,87,0,568,15,412,314,430,5,1,-27,0,171,15,-339,-25,231,-17
9168,7.33,T,73,1,432,0,534,196,160,8,T,86,4,431,0,531,235,87,7,1,13,3,-1,0,-3,39,-73,-1
9169,7.3,Z,37,0,342,0,21,103,131,7,P,28,0,388,0,17,73,35,3,0,-9,0,46,0,-4,-30,-96,-4
9170,3.06,P,17,3,111,0,73,63,27,0,Z,18,1,92,0,131,73,146,1,0,1,-2,-19,0,58,10,119,1
9171,7.28,Z,33,3,293,0,86,73,125,3,P,26,0,327,0,4,121,52,1,0,-7,-3,34,0,-82,48,-73,-2
9172,9.59,T,69,0,520,0,29,215,231,9,T,68,7,743,0,475,107,103,2,0,-1,7,223,0,446,-108,-128,-7
9173,5.03,P,28,2,88,0,14,143,45,1,T,23,0,200,0,218,92,105,9,0,-5,-2,112,0,204,-51,60,8
9174,8.46,T,89,3,507,0,259,243,90,6,P,88,3,390,0,189,165,246,6,0,-1,0,-117,0,-70,-78,156,0
9175,2.56,Z,14,2,126,0,10,99,48,0,Z,16,4,219,0,332,49,55,1,1,2,2,93,0,322,-50,7,1
9176,9.58,P,69,0,587,0,35,222,112,3,P,72,0,545,0,33,212,93,8,1,3,0,-42,0,-2,-10,-19,5
9177,9.58,T,63,0,737,0,7,165,98,5,P,65,0,577,0,94,141,70,17,1,2,0,-160,0,87,-24,-28,12
9178,10.17,T,132,0,559,0,272,348,198,25,P,120,0,679,0,367,443,168,37,0,-12,0,120,0,95,95,-30,12
9179,6.5,Z,48,0,220,0,431,87,518,6,T,60,0,368,0,452,202,100,10,1,12,0,148,0,21,115,-418,4
9180,9.59,T,57,0,325,0,15,120,110,8,T,75,0,802,0,40,194,82,9,1,18,0,477,0,25,74,-28,1
9181,8.59,Z,58,0,594,0,49,121,208,6,Z,46,5,311,0,64,105,195,1,1,-12,5,-283,0,15,-16,-13,-5
9182,9.59,P,39,1,938,0,0,91,90,0,P,49,6,873,0,18,102,56,1,1,10,5,-65,0,18,11,-34,1
9183,9.59,Z,64,4,707,0,86,159,247,8,T,127,0,656,0,92,38,65,5,1,63,-4,-51,0,6,-121,-182,-3
9184,4.28,P,6,1,116,0,0,5,17,0,Z,19,1,206,0,10,15,43,0,1,13,0,90,0,10,10,26,0
9185,4.4,P,17,0,21,0,0,17,16,0,T,24,0,252,0,516,34,99,3,1,7,0,231,0,516,17,83,3
9186,9.59,P,39,0,708,0,0,194,77,0,Z,48,0,454,0,432,113,127,8,1,9,0,-254,0,432,-81,50,8
9187,9.41,Z,57,4,450,0,76,149,245,4,T,63,3,409,0,3,190,156,0,0,6,-1,-41,0,-73,41,-89,-4
9188,9.59,T,108,6,320,0,325,348,263,10,P,85,0,912,0,571,241,160,19,1,-23,-6,592,0,246,-107,-103,9
9189,4.06,P,12,0,269,0,0,44,23,0,T,18,1,286,0,162,62,48,0,0,6,1,17,0,162,18,25,0
9190,9.59,Z,67,2,363,0,169,150,204,3,T,79,0,478,0,982,212,480,5,1,12,-2,115,0,813,62,276,2
9191,10.26,Z,72,0,903,0,52,193,190,6,T,76,3,603,0,28,208,83,1,1,4,3,-300,0,-24,15,-107,-5
9192,9.59,T,43,0,1151,0,1,248,116,1,P,27,0,259,0,0,224,71,0,0,-16,0,-892,0,-1,-24,-45,-1
9193,9.59,T,55,0,702,0,0,101,78,2,Z,86,0,385,0,73,141,274,8,1,31,0,-317,0,73,40,196,6
9194,9.59,T,46,0,614,0,6,119,83,4,T,44,0,708,0,1,130,96,3,1,-2,0,94,0,-5,11,13,-1
9195,7.05,P,26,0,439,0,6,81,40,8,Z,28,6,324,0,42,253,122,2,1,2,6,-115,0,36,172,82,-6
9196,9.59,Z,54,4,334,0,89,276,242,21,Z,65,0,326,0,246,260,195,10,1,11,-4,-8,0,157,-16,-47,-11
9197,9.59,Z,45,0,543,0,13,145,126,2,T,62,0,507,0,0,94,108,0,1,17,0,-36,0,-13,-51,-18,-2
9198,7.59,P,42,0,540,0,7,96,64,4,Z,37,0,449,0,12,88,139,1,0,-5,0,-91,0,5,-8,75,-3
9199,9.59,Z,59,1,734,0,33,292,286,5,T,87,0,599,0,19,234,164,7,1,28,-1,-135,0,-14,-58,-122,2
9200,10.18,T,63,0,799,0,9,145,121,2,P,49,0,694,0,167,268,127,7,1,-14,0,-105,0,158,123,6,5
9201,9.59,T,62,0,439,0,0,143,123,1,Z,51,0,378,0,31,80,153,2,1,-11,0,-61,0,31,-63,30,1
9202,9.59,P,47,0,634,0,97,341,123,9,Z,49,0,335,0,7,137,176,2,0,2,0,-299,0,-90,-204,53,-7
9203,7.33,T,45,0,564,0,7,64,82,2,T,47,0,677,0,26,93,86,7,1,2,0,113,0,19,29,4,5
9204,5.25,T,23,0,466,0,11,56,30,2,T,30,0,438,0,0,39,38,0,0,7,0,-28,0,-11,-17,8,-2
9205,8.16,T,65,0,344,0,23,75,96,6,Z,50,3,318,0,203,167,204,2,0,-15,3,-26,0,180,92,108,-4
9206,4.5,T,52,0,124,0,91,166,66,8,Z,24,0,59,0,96,152,176,4,0,-28,0,-65,0,5,-14,110,-4
9207,9.32,P,65,6,682,0,47,143,79,4,Z,46,6,289,0,53,128,164,0,0,-19,0,-393,0,6,-15,85,-4
9208,8.01,Z,38,0,439,0,43,174,182,10,Z,38,6,161,0,38,119,113,0,1,0,6,-278,0,-5,-55,-69,-10
9209,8.23,T,96,0,342,0,121,317,182,8,Z,57,5,307,0,144,182,268,0,1,-39,5,-35,0,23,-135,86,-8
9210,6.42,Z,26,0,290,0,18,39,98,1,T,41,2,399,0,47,52,53,4,0,15,2,109,0,29,13,-45,3
9211,9.45,P,51,0,448,0,37,192,98,7,P,59,0,397,0,241,149,108,5,0,8,0,-51,0,204,-43,10,-2
9212,8.11,P,74,2,392,0,254,271,134,14,T,84,12,288,0,693,268,190,10,1,10,10,-104,0,439,-3,56,-4
9213,9.59,T,89,0,632,0,400,214,133,21,T,68,0,956,0,332,188,132,2,0,-21,0,324,0,-68,-26,-1,-19
9214,9.28,Z,64,4,474,0,186,133,206,2,T,53,0,460,0,290,153,259,0,0,-11,-4,-14,0,104,20,53,-2
9215,9.58,P,80,0,604,0,229,208,217,7,T,104,0,413,0,460,179,135,9,1,24,0,-191,0,231,-29,-82,2
9216,7.27,T,60,0,413,0,50,188,87,6,P,53,0,494,0,67,237,88,3,0,-7,0,81,0,17,49,1,-3
9217,10.21,T,79,0,652,0,102,191,111,1,Z,75,5,390,0,35,298,279,0,1,-4,5,-262,0,-67,107,168,-1
9218,9.56,T,64,5,426,0,105,112,103,1,Z,61,0,462,0,4,127,276,1,1,-3,-5,36,0,-101,15,173,0
9219,9.59,Z,88,4,499,0,520,312,533,11,T,97,0,321,0,60,126,94,6,0,9,-4,-178,0,-460,-186,-439,-5
9220,8.17,T,54,0,687,0,11,267,102,1,T,38,9,541,0,25,94,71,0,0,-16,9,-146,0,14,-173,-31,-1
9221,9.59,P,33,0,803,0,0,28,58,0,Z,34,0,678,0,22,208,125,2,1,1,0,-125,0,22,180,67,2
9222,9.59,T,98,0,779,0,122,273,140,5,T,91,0,359,0,104,260,143,14,0,-7,0,-420,0,-18,-13,3,9
9223,9.59,T,114,0,355,27,621,231,247,9,Z,90,8,331,0,770,281,479,8,1,-24,8,-24,-27,149,50,232,-1
9224,9.27,Z,64,1,561,0,263,90,197,12,T,55,0,677,0,9,126,92,6,0,-9,-1,116,0,-254,36,-105,-6
9225,7.56,P,40,0,308,0,19,190,52,5,T,53,2,210,0,381,76,217,2,1,13,2,-98,0,362,-114,165,-3
9226,9.59,Z,65,8,423,4,327,426,278,1,P,117,4,366,0,358,313,124,13,1,52,-4,-57,-4,31,-113,-154,12
9227,9.59,Z,51,0,160,0,52,77,216,10,T,34,0,383,0,0,88,83,0,0,-17,0,223,0,-52,11,-133,-10
9228,6.34,P,22,2,72,0,11,102,30,1,T,16,0,207,0,0,65,34,0,0,-6,-2,135,0,-11,-37,4,-1
9229,6.48,T,48,22,465,0,268,117,64,0,T,43,0,290,0,59,100,43,2,0,-5,-22,-175,0,-209,-17,-21,2
9230,4.29,P,20,0,240,0,19,190,98,9,Z,22,2,225,0,323,96,88,5,0,2,2,-15,0,304,-94,-10,-4
9231,1.51,Z,3,1,38,0,131,44,46,7,Z,5,3,81,0,192,49,36,1,1,2,2,43,0,61,5,-10,-6
9232,9.19,Z,50,2,482,0,39,171,156,0,Z,56,0,721,0,57,154,175,3,0,6,-2,239,0,18,-17,19,3
9233,10.55,Z,70,3,686,0,84,89,232,0,T,95,0,523,0,34,176,176,12,0,25,-3,-163,0,-50,87,-56,12
9234,9.59,Z,75,0,983,0,65,167,232,6,T,94,0,353,0,84,187,127,15,1,19,0,-630,0,19,20,-105,9
9235,2.58,Z,16,0,39,0,126,29,72,6,Z,9,0,64,0,65,40,87,3,0,-7,0,25,0,-61,11,15,-3
9236,6.36,Z,41,0,267,0,161,128,171,7,T,77,0,281,0,228,169,156,8,1,36,0,14,0,67,41,-15,1
9237,9,P,85,0,499,15,382,294,181,2,Z,70,0,346,0,3,141,178,3,0,-15,0,-153,-15,-379,-153,-3,1
9238,3.04,Z,12,0,383,0,41,28,51,2,Z,13,0,154,0,128,23,78,4,1,1,0,-229,0,87,-5,27,2
9239,5.47,Z,30,0,188,0,22,89,196,9,P,28,0,659,0,106,114,27,6,1,-2,0,471,0,84,25,-169,-3
9240,10.22,Z,66,3,624,0,28,240,282,0,P,55,0,730,0,55,209,237,8,0,-11,-3,106,0,27,-31,-45,8
9241,10.55,Z,44,12,417,0,90,176,294,1,T,113,0,711,0,12,440,293,2,0,69,-12,294,0,-78,264,-1,1
9242,8.44,Z,71,1,441,0,435,156,222,9,T,84,0,624,0,25,334,120,6,0,13,-1,183,0,-410,178,-102,-3
9243,9.58,T,41,0,1027,0,6,48,61,5,T,49,2,390,0,4,127,65,0,1,8,2,-637,0,-2,79,4,-5
9244,2.14,T,11,0,154,0,29,31,6,4,T,9,0,116,0,173,37,75,5,1,-2,0,-38,0,144,6,69,1
9245,9.05,P,31,0,275,0,1,115,95,2,Z,41,0,335,0,17,105,250,7,1,10,0,60,0,16,-10,155,5
9246,10.49,Z,47,7,460,0,93,225,149,3,T,80,2,709,0,146,258,150,6,1,33,-5,249,0,53,33,1,3
9247,9.59,T,52,0,1161,0,0,196,148,0,T,51,8,420,0,28,97,73,0,1,-1,8,-741,0,28,-99,-75,0
9248,7.13,P,31,0,122,0,0,62,38,0,P,25,0,475,0,0,53,45,0,1,-6,0,353,0,0,-9,7,0
9249,10.13,P,55,1,504,0,229,264,182,10,T,48,0,728,0,6,54,84,2,0,-7,-1,224,0,-223,-210,-98,-8
9250,7.23,T,67,5,325,0,510,166,108,12,P,78,5,309,0,136,210,50,8,0,11,0,-16,0,-374,44,-58,-4
9251,9.01,T,73,4,514,0,27,147,107,0,P,47,1,438,0,81,145,50,2,0,-26,-3,-76,0,54,-2,-57,2
9252,2.03,P,6,0,96,0,0,83,7,1,Z,6,2,238,0,10,25,21,0,0,0,2,142,0,10,-58,14,-1
9253,7.11,Z,40,2,561,0,16,191,136,1,Z,39,6,544,0,56,137,128,8,1,-1,4,-17,0,40,-54,-8,7
9254,4.05,T,27,3,213,0,90,104,109,3,Z,17,0,163,0,98,133,78,10,1,-10,-3,-50,0,8,29,-31,7
9255,4.19,Z,18,0,136,0,31,54,47,1,T,0,0,1,0,0,0,0,0,0,-18,0,-135,0,-31,-54,-47,-1
9256,5.1,T,32,0,109,0,16,64,440,5,T,27,0,123,0,0,53,262,1,1,-5,0,14,0,-16,-11,-178,-4
9257,3.33,Z,17,0,125,0,144,114,88,2,P,19,3,174,0,58,120,39,3,0,2,3,49,0,-86,6,-49,1
9258,9.59,T,86,4,509,0,345,227,117,1,T,62,6,415,0,56,298,165,3,0,-24,2,-94,0,-289,71,48,2
9259,6.06,T,33,2,208,0,23,19,25,2,Z,43,0,170,0,62,152,198,4,1,10,-2,-38,0,39,133,173,2
9260,9.38,Z,32,7,343,0,31,79,129,0,P,42,0,576,0,0,105,48,0,1,10,-7,233,0,-31,26,-81,0
9261,3.18,Z,12,1,294,0,104,24,103,2,Z,13,0,146,0,528,94,91,4,0,1,-1,-148,0,424,70,-12,2
9262,9.57,T,125,2,460,0,93,434,104,17,T,99,0,554,0,360,337,151,7,0,-26,-2,94,0,267,-97,47,-10
9263,6.39,P,31,0,376,0,2,147,50,2,T,24,0,355,0,3,153,43,4,1,-7,0,-21,0,1,6,-7,2
9264,9.58,P,45,0,751,0,20,304,60,1,P,56,0,829,0,0,272,92,1,1,11,0,78,0,-20,-32,32,0
9265,8.21,P,71,0,297,0,6,205,259,12,Z,48,0,414,0,121,195,328,6,0,-23,0,117,0,115,-10,69,-6
9266,5.28,P,30,4,299,0,202,71,121,2,P,24,0,494,0,508,207,115,7,1,-6,-4,195,0,306,136,-6,5
9267,9.07,T,83,3,457,0,53,229,168,1,P,59,0,338,0,16,265,92,3,0,-24,-3,-119,0,-37,36,-76,2
9268,6.43,Z,26,2,304,1,41,77,97,4,Z,33,3,152,0,457,33,274,6,0,7,1,-152,-1,416,-44,177,2
9269,9.58,P,78,2,740,0,58,102,121,1,T,91,0,679,0,107,233,144,4,0,13,-2,-61,0,49,131,23,3
9270,5.46,P,34,0,430,0,16,97,61,7,P,26,1,546,0,0,172,55,0,1,-8,1,116,0,-16,75,-6,-7
9271,8.05,T,84,0,547,0,58,178,99,17,Z,63,1,487,0,91,203,196,5,1,-21,1,-60,0,33,25,97,-12
9272,4.02,Z,13,0,102,0,16,53,51,0,Z,16,0,160,0,211,110,75,2,1,3,0,58,0,195,57,24,2
9273,9.59,P,49,0,1051,0,18,88,72,9,P,62,0,813,0,265,175,79,9,0,13,0,-238,0,247,87,7,0
9274,6.55,P,29,0,338,0,21,171,62,5,P,25,2,171,0,4,169,135,3,0,-4,2,-167,0,-17,-2,73,-2
9275,9.59,P,62,1,359,0,9,96,90,1,T,98,3,793,0,14,280,192,0,1,36,2,434,0,5,184,102,-1
9276,8.3,Z,48,4,631,0,147,132,267,5,Z,50,0,643,0,465,268,147,11,1,2,-4,12,0,318,136,-120,6
9277,4.41,T,14,0,352,0,8,49,33,2,Z,20,0,195,0,2,68,87,1,1,6,0,-157,0,-6,19,54,-1
9278,9.59,T,83,15,612,0,41,214,120,0,Z,71,4,532,0,60,237,168,3,1,-12,-11,-80,0,19,23,48,3
9279,10.18,T,67,0,753,0,0,72,101,0,Z,63,1,427,0,30,127,330,1,0,-4,1,-326,0,30,55,229,1
9280,4.02,T,19,1,224,0,150,72,59,1,T,34,0,250,0,393,30,89,3,0,15,-1,26,0,243,-42,30,2
9281,5.19,P,19,0,38,0,0,18,25,1,T,28,2,541,0,16,68,28,0,1,9,2,503,0,16,50,3,-1
9282,7.27,Z,41,1,411,0,12,73,124,0,P,33,1,586,0,10,147,49,3,1,-8,0,175,0,-2,74,-75,3
9283,4.07,T,22,3,367,0,1,81,56,0,P,16,1,162,0,3,36,29,0,0,-6,-2,-205,0,2,-45,-27,0
9284,7.45,P,33,0,716,0,31,39,72,3,T,42,0,363,0,105,98,40,4,1,9,0,-353,0,74,59,-32,1
9285,4.25,T,35,4,196,0,4,88,41,0,Z,13,0,164,0,124,33,45,2,1,-22,-4,-32,0,120,-55,4,2
9286,6.52,T,59,4,241,4,56,99,76,1,Z,37,1,391,0,50,53,190,3,0,-22,-3,150,-4,-6,-46,114,2
9287,7.52,Z,52,4,318,0,42,116,131,5,T,57,5,276,0,81,199,152,4,0,5,1,-42,0,39,83,21,-1
9288,8.54,Z,58,0,391,0,4,130,177,1,P,63,3,388,0,235,176,330,0,1,5,3,-3,0,231,46,153,-1
9289,3.04,Z,11,2,108,0,18,24,42,0,P,12,4,150,0,28,54,18,0,0,1,2,42,0,10,30,-24,0
9290,9.59,T,77,0,510,0,127,214,122,8,T,84,8,748,0,37,219,131,0,0,7,8,238,0,-90,5,9,-8
9291,3.39,T,34,0,87,0,28,110,36,8,T,22,2,152,0,384,39,116,6,0,-12,2,65,0,356,-71,80,-2
9292,6.39,P,22,0,222,0,0,74,40,0,P,38,0,177,0,12,121,57,5,1,16,0,-45,0,12,47,17,5
9293,7.07,T,40,0,699,0,143,129,91,5,P,42,0,416,0,12,136,163,2,1,2,0,-283,0,-131,7,72,-3
9294,10.13,P,76,0,629,0,40,191,65,9,T,122,0,431,0,131,306,126,7,0,46,0,-198,0,91,115,61,-2
9295,3.22,T,20,0,140,0,378,50,51,5,T,23,0,182,0,399,96,54,5,0,3,0,42,0,21,46,3,0
9296,9.59,P,26,0,400,0,0,103,87,0,P,45,5,300,3,35,269,60,0,0,19,5,-100,3,35,166,-27,0
9297,7,P,39,0,252,0,10,106,86,4,T,32,0,855,0,0,118,59,0,0,-7,0,603,0,-10,12,-27,-4
9298,10,Z,29,0,563,0,11,93,147,1,Z,67,8,425,0,61,168,217,0,1,38,8,-138,0,50,75,70,-1
9299,5.26,P,36,1,210,0,38,139,51,3,P,27,5,195,0,9,46,37,0,1,-9,4,-15,0,-29,-93,-14,-3
9300,5.47,T,20,0,369,0,0,58,39,0,P,29,2,285,0,23,98,61,1,1,9,2,-84,0,23,40,22,1
9301,9.59,T,31,0,393,0,12,276,66,1,Z,49,7,318,0,34,161,140,0,0,18,7,-75,0,22,-115,74,-1
9302,6.24,P,54,0,352,0,253,240,125,7,T,52,7,461,0,535,190,56,1,1,-2,7,109,0,282,-50,-69,-6
9303,9.59,Z,61,0,567,0,57,167,232,3,T,56,0,1061,0,51,128,92,4,0,-5,0,494,0,-6,-39,-140,1
9304,5.24,Z,26,0,230,0,8,108,323,3,P,26,0,205,0,3,44,25,5,0,0,0,-25,0,-5,-64,-298,2
9305,9.59,T,70,5,510,0,23,41,93,1,T,41,0,695,0,0,31,72,0,0,-29,-5,185,0,-23,-10,-21,-1
9306,5.1,T,24,0,203,0,3,13,27,0,P,19,1,121,0,0,25,31,2,0,-5,1,-82,0,-3,12,4,2
9307,10.5,P,60,0,544,0,8,110,85,3,Z,72,0,781,0,184,250,357,15,0,12,0,237,0,176,140,272,12
9308,1.48,T,7,2,44,0,192,101,28,7,T,4,0,227,0,14,35,12,1,0,-3,-2,183,0,-178,-66,-16,-6
9309,9.25,Z,59,0,361,0,87,160,291,7,P,77,2,686,0,269,194,99,3,0,18,2,325,0,182,34,-192,-4
9310,9.58,T,59,5,830,0,8,99,119,0,T,61,0,564,0,5,65,100,6,1,2,-5,-266,0,-3,-34,-19,6
9311,7.04,Z,40,2,377,0,52,58,132,0,Z,33,3,216,0,164,179,290,2,0,-7,1,-161,0,112,121,158,2
9312,3.06,T,16,2,101,0,350,38,15,3,T,11,0,182,0,68,92,31,3,0,-5,-2,81,0,-282,54,16,0
9313,4.02,Z,19,0,153,0,76,94,61,5,T,25,0,173,0,4,67,40,2,0,6,0,20,0,-72,-27,-21,-3
9314,9.59,P,75,2,721,0,23,172,141,5,Z,67,5,525,0,265,317,397,5,1,-8,3,-196,0,242,145,256,0
9315,9.59,T,57,0,623,0,4,41,67,0,T,67,0,385,0,0,66,141,0,1,10,0,-238,0,-4,25,74,0
9316,7.39,T,50,2,642,0,336,180,74,8,P,26,0,225,0,4,59,45,1,0,-24,-2,-417,0,-332,-121,-29,-7
9317,8.08,Z,61,7,298,0,274,112,235,4,T,62,2,250,0,28,163,114,0,0,1,-5,-48,0,-246,51,-121,-4
9318,8.05,Z,44,2,736,0,55,101,152,1,P,54,6,572,0,41,156,73,3,1,10,4,-164,0,-14,55,-79,2
9319,10.49,P,41,0,335,0,4,135,70,5,T,83,2,773,0,218,241,182,5,1,42,2,438,0,214,106,112,0
9320,9.59,P,54,0,833,0,0,82,106,0,T,60,0,802,0,10,144,112,2,1,6,0,-31,0,10,62,6,2
9321,5.04,T,22,0,219,0,18,40,43,4,P,20,0,221,0,0,70,36,0,1,-2,0,2,0,-18,30,-7,-4
9322,9.59,T,51,0,425,0,314,167,77,4,T,81,13,566,0,120,180,162,1,0,30,13,141,0,-194,13,85,-3
9323,7.09,Z,40,0,276,0,24,126,157,5,Z,32,4,271,0,40,231,145,0,1,-8,4,-5,0,16,105,-12,-5
9324,9.11,T,66,0,441,5,42,68,86,1,Z,36,0,300,0,4,145,185,2,0,-30,0,-141,-5,-38,77,99,1
9325,7,P,46,0,221,13,84,140,58,0,T,43,0,156,0,5,48,87,4,1,-3,0,-65,-13,-79,-92,29,4
9326,9.26,Z,58,6,392,0,378,140,362,2,P,58,0,639,0,72,250,105,6,0,0,-6,247,0,-306,110,-257,4
9327,6.06,T,44,0,262,0,82,146,24,3,P,10,0,254,0,0,18,24,0,0,-34,0,-8,0,-82,-128,0,-3
9328,4.44,P,25,0,210,0,360,266,128,3,P,33,0,212,0,281,189,75,15,1,8,0,2,0,-79,-77,-53,12
9329,4.13,T,28,0,351,0,46,145,28,4,T,36,4,270,0,286,108,54,2,1,8,4,-81,0,240,-37,26,-2
9330,9.59,P,46,0,119,0,27,133,53,9,Z,41,0,486,0,6,97,150,3,0,-5,0,367,0,-21,-36,97,-6
9331,9.44,P,37,1,1143,0,1,55,97,1,T,70,6,409,0,289,156,239,10,1,33,5,-734,0,288,101,142,9
9332,9.59,T,114,0,939,0,514,291,236,9,P,84,0,555,0,214,297,107,15,1,-30,0,-384,0,-300,6,-129,6
9333,9.56,T,89,0,440,0,335,168,108,6,P,53,7,288,0,177,99,57,5,1,-36,7,-152,0,-158,-69,-51,-1
9334,6.46,P,26,2,331,0,8,93,51,2,P,27,0,319,0,7,78,37,3,0,1,-2,-12,0,-1,-15,-14,1
9335,10.06,Z,59,0,484,0,445,187,309,5,Z,69,16,310,0,115,226,295,0,1,10,16,-174,0,-330,39,-14,-5
9336,9.59,Z,49,3,480,0,20,79,181,0,P,40,0,785,0,9,120,56,4,0,-9,-3,305,0,-11,41,-125,4
9337,9.59,P,33,3,846,0,11,173,60,6,Z,55,2,288,0,18,107,130,3,0,22,-1,-558,0,7,-66,70,-3
9338,3.21,T,14,0,140,0,111,83,40,7,T,17,1,205,0,374,69,107,13,1,3,1,65,0,263,-14,67,6
9339,3.01,P,12,0,99,0,83,81,114,3,T,12,0,138,0,1,14,22,2,1,0,0,39,0,-82,-67,-92,-1
9340,6.48,T,68,0,632,0,1143,150,110,13,T,51,3,438,0,259,115,97,9,0,-17,3,-194,0,-884,-35,-13,-4
9341,10.14,T,80,0,602,0,620,225,203,17,Z,61,0,561,0,40,111,183,6,1,-19,0,-41,0,-580,-114,-20,-11
9342,10.58,T,86,0,470,0,46,130,112,8,Z,62,0,667,0,22,149,185,2,1,-24,0,197,0,-24,19,73,-6
9343,9.59,Z,62,0,259,0,117,80,201,6,T,69,0,1041,0,45,199,129,9,0,7,0,782,0,-72,119,-72,3
9344,6.04,T,45,0,334,0,266,182,133,10,T,51,0,222,0,302,99,128,8,1,6,0,-112,0,36,-83,-5,-2
9345,7.38,T,42,0,642,0,12,105,88,2,P,43,0,293,0,13,273,56,5,0,1,0,-349,0,1,168,-32,3
9346,8.37,T,137,5,465,0,693,339,237,16,Z,124,0,554,81,508,254,584,4,1,-13,-5,89,81,-185,-85,347,-12
9347,3.38,T,14,3,302,0,0,77,43,0,P,14,1,137,0,162,51,17,5,0,0,-2,-165,0,162,-26,-26,5
9348,8.39,T,76,0,873,0,50,38,84,6,Z,59,0,311,18,604,174,187,0,1,-17,0,-562,18,554,136,103,-6
9349,9.49,Z,49,4,729,2,507,199,170,1,T,61,3,538,1,43,122,120,0,1,12,-1,-191,-1,-464,-77,-50,-1
9350,4.05,T,25,3,396,0,3,82,38,0,T,13,0,391,0,40,46,42,8,1,-12,-3,-5,0,37,-36,4,8
9351,8.45,Z,60,5,338,0,626,125,212,12,Z,59,0,688,0,131,154,255,4,0,-1,-5,350,0,-495,29,43,-8
9352,9.59,T,88,7,770,0,116,172,122,12,T,77,0,765,0,37,72,73,5,0,-11,-7,-5,0,-79,-100,-49,-7
9353,4.09,P,22,0,217,0,0,70,27,2,T,23,2,243,0,3,85,108,0,0,1,2,26,0,3,15,81,-2
9354,9.43,T,75,12,446,0,19,220,91,1,T,82,0,844,0,36,174,118,10,0,7,-12,398,0,17,-46,27,9
9355,5.09,Z,34,0,84,0,320,89,69,4,P,20,3,214,0,7,57,21,0,0,-14,3,130,0,-313,-32,-48,-4
9356,6.49,P,46,1,293,0,55,209,63,6,P,45,0,524,0,103,106,52,8,0,-1,-1,231,0,48,-103,-11,2
9357,9.45,T,117,4,509,0,86,308,274,4,P,90,0,613,0,176,235,156,15,0,-27,-4,104,0,90,-73,-118,11
9358,4.47,P,20,0,118,0,4,59,32,1,Z,24,0,214,0,0,36,78,2,0,4,0,96,0,-4,-23,46,1
9359,9.59,T,53,0,412,0,26,235,76,6,T,47,0,590,0,0,117,144,0,0,-6,0,178,0,-26,-118,68,-6
9360,2.21,T,9,1,75,0,6,43,15,1,T,0,0,1,0,0,0,0,0,0,-9,-1,-74,0,-6,-43,-15,-1
9361,5.34,Z,26,1,161,0,15,135,82,3,Z,34,1,77,0,30,18,83,1,1,8,0,-84,0,15,-117,1,-2
9362,4,T,18,5,147,0,234,82,98,7,Z,15,0,54,0,74,44,214,1,1,-3,-5,-93,0,-160,-38,116,-6
9363,8.07,T,73,7,328,0,479,254,73,4,T,59,0,343,0,287,277,73,17,0,-14,-7,15,0,-192,23,0,13
9364,6.38,P,45,3,344,0,44,89,63,4,Z,36,2,340,0,1,79,103,0,0,-9,-1,-4,0,-43,-10,40,-4
9365,9.59,P,68,0,455,0,49,279,147,9,T,86,7,492,0,663,229,179,4,0,18,7,37,0,614,-50,32,-5
9366,10.36,T,57,0,612,0,31,103,48,6,P,60,13,251,2,72,117,50,0,1,3,13,-361,2,41,14,2,-6
9367,7.16,P,44,0,391,0,538,149,169,19,P,49,0,492,0,421,244,94,3,1,5,0,101,0,-117,95,-75,-16
9368,3.37,Z,16,2,61,0,305,115,93,4,Z,15,3,41,0,69,96,123,4,0,-1,1,-20,0,-236,-19,30,0
9369,5.5,T,11,0,47,0,0,10,38,0,T,47,0,281,0,277,110,141,14,1,36,0,234,0,277,100,103,14
9370,8.4,Z,42,0,289,0,3,124,122,1,P,31,0,488,0,6,248,54,3,0,-11,0,199,0,3,124,-68,2
9371,7.49,T,27,0,651,0,0,75,83,3,Z,45,7,408,0,67,144,181,0,1,18,7,-243,0,67,69,98,-3
9372,9.59,T,54,0,745,0,0,58,95,0,P,44,0,190,0,0,54,53,0,1,-10,0,-555,0,0,-4,-42,0
9373,8.23,Z,47,7,477,0,389,136,163,0,T,77,0,422,0,252,201,83,6,1,30,-7,-55,0,-137,65,-80,6
9374,6.58,T,62,0,182,0,357,297,116,11,T,40,0,345,0,277,149,74,7,1,-22,0,163,0,-80,-148,-42,-4
9375,4.29,T,44,7,218,0,369,139,130,1,Z,23,0,213,0,127,171,108,6,0,-21,-7,-5,0,-242,32,-22,5
9376,8.36,Z,74,6,392,0,874,332,257,13,Z,79,0,395,0,57,134,223,5,1,5,-6,3,0,-817,-198,-34,-8
9377,3.09,T,13,0,82,0,362,46,147,5,T,14,0,22,0,0,41,138,8,1,1,0,-60,0,-362,-5,-9,3
9378,8.31,P,37,0,171,0,61,137,45,4,P,23,4,1017,0,1,24,37,0,0,-14,4,846,0,-60,-113,-8,-4
9379,9.43,Z,65,2,351,0,34,233,234,4,P,91,0,480,0,453,305,304,7,1,26,-2,129,0,419,72,70,3
9380,9.56,P,63,0,847,0,12,218,106,4,Z,63,3,742,0,44,233,179,2,1,0,3,-105,0,32,15,73,-2
9381,3.53,T,23,2,281,0,4,24,26,0,Z,22,0,177,0,6,28,50,1,1,-1,-2,-104,0,2,4,24,1
9382,4.5,T,48,0,244,0,203,147,60,15,P,27,1,299,0,19,115,40,3,0,-21,1,55,0,-184,-32,-20,-12
9383,9.59,T,70,2,503,0,33,226,109,2,T,61,15,435,0,210,125,137,3,0,-9,13,-68,0,177,-101,28,1
9384,3.27,P,13,0,156,0,0,44,29,0,P,19,3,315,0,124,178,58,1,1,6,3,159,0,124,134,29,1
9385,9.59,T,124,0,623,0,717,325,195,15,Z,88,2,385,0,164,383,358,1,0,-36,2,-238,0,-553,58,163,-14
9386,2.57,P,9,0,216,0,0,38,15,0,P,14,1,78,2,7,51,135,0,1,5,1,-138,2,7,13,120,0
9387,3.35,T,14,2,114,0,294,38,16,1,T,16,1,159,0,98,84,120,4,1,2,-1,45,0,-196,46,104,3
9388,4.26,Z,23,1,131,0,49,86,125,3,Z,22,0,138,0,21,111,137,8,1,-1,-1,7,0,-28,25,12,5
9389,7.21,Z,60,3,458,0,121,233,178,10,T,54,0,366,0,253,145,209,20,0,-6,-3,-92,0,132,-88,31,10
9390,5.25,T,62,3,237,0,202,184,103,3,Z,18,0,87,0,1,100,64,3,0,-44,-3,-150,0,-201,-84,-39,0
9391,5.35,T,44,0,412,0,18,134,74,3,P,29,2,263,0,484,103,78,7,0,-15,2,-149,0,466,-31,4,4
9392,3.22,T,15,0,89,5,109,36,37,3,Z,18,0,73,0,3,29,66,1,1,3,0,-16,-5,-106,-7,29,-2
9393,9.42,P,50,0,1028,0,13,172,84,8,Z,55,0,745,0,0,175,223,0,1,5,0,-283,0,-13,3,139,-8
9394,9.59,P,61,15,516,0,302,284,100,3,P,49,0,462,0,11,142,108,9,1,-12,-15,-54,0,-291,-142,8,6
9395,3.2,P,17,0,114,0,108,25,26,3,T,10,0,65,0,10,10,14,4,0,-7,0,-49,0,-98,-15,-12,1
9396,3.57,Z,22,0,107,0,1,39,81,3,Z,18,0,153,0,11,22,43,2,0,-4,0,46,0,10,-17,-38,-1
9397,6.54,P,67,2,332,0,312,210,101,9,T,37,1,349,0,1,136,77,0,1,-30,-1,17,0,-311,-74,-24,-9
9398,9.58,T,68,0,433,0,337,335,208,7,Z,33,1,105,0,9,127,117,1,1,-35,1,-328,0,-328,-208,-91,-6
9399,9.58,Z,52,0,407,0,34,86,176,2,P,25,0,336,0,0,27,40,0,0,-27,0,-71,0,-34,-59,-136,-2
9400,5.42,T,34,4,539,0,18,80,69,0,P,44,0,344,0,646,125,31,6,1,10,-4,-195,0,628,45,-38,6
9401,7.56,Z,47,11,216,0,218,159,255,1,T,50,2,523,0,9,130,95,0,0,3,-9,307,0,-209,-29,-160,-1
9402,8.34,P,88,0,419,28,496,278,239,15,T,136,0,445,0,536,292,127,26,1,48,0,26,-28,40,14,-112,11
9403,7.22,P,32,0,502,0,13,155,58,4,T,48,0,472,0,1,171,71,1,1,16,0,-30,0,-12,16,13,-3
9404,4.28,P,17,0,296,0,7,29,17,1,Z,22,3,376,0,85,40,127,0,0,5,3,80,0,78,11,110,-1
9405,9.31,P,88,0,815,0,437,299,113,13,Z,104,1,441,0,149,287,279,9,1,16,1,-374,0,-288,-12,166,-4
9406,9.59,T,49,0,428,0,10,173,99,2,Z,48,0,262,0,32,149,157,1,1,-1,0,-166,0,22,-24,58,-1
9407,9.58,T,61,0,844,0,7,89,107,2,Z,45,3,673,0,42,94,143,0,1,-16,3,-171,0,35,5,36,-2
9408,9.58,T,63,0,546,0,16,139,87,6,Z,48,10,422,2,37,69,156,7,0,-15,10,-124,2,21,-70,69,1
9409,1.07,P,5,0,15,0,5,6,11,0,T,4,0,46,0,132,17,13,2,0,-1,0,31,0,127,11,2,2
9410,8.01,T,74,3,441,0,481,241,166,10,Z,70,9,525,1,485,217,169,6,1,-4,6,84,1,4,-24,3,-4
9411,1.22,Z,3,0,33,0,33,15,39,4,Z,3,0,9,0,0,3,15,1,0,0,0,-24,0,-33,-12,-24,-3
9412,9.4,Z,88,0,352,0,47,295,217,9,T,94,7,770,0,199,286,256,1,0,6,7,418,0,152,-9,39,-8
9413,10.23,T,107,5,436,0,130,146,137,8,Z,70,4,302,1,56,107,199,9,0,-37,-1,-134,1,-74,-39,62,1
9414,6.48,P,25,0,276,0,14,60,36,10,T,52,0,423,0,36,125,60,5,1,27,0,147,0,22,65,24,-5
9415,9.48,Z,26,2,595,0,20,64,99,1,P,73,2,516,0,263,366,128,7,1,47,0,-79,0,243,302,29,6
9416,6.44,Z,31,0,459,0,22,92,131,2,P,48,6,383,0,244,145,50,0,1,17,6,-76,0,222,53,-81,-2
9417,9.59,T,96,5,550,0,1096,238,225,5,P,73,0,707,0,10,311,127,3,0,-23,-5,157,0,-1086,73,-98,-2
9418,6.56,P,35,6,364,0,22,165,53,0,T,43,0,534,0,60,182,71,2,1,8,-6,170,0,38,17,18,2
9419,8.48,T,93,0,536,0,734,234,180,8,Z,78,0,556,0,366,294,243,16,0,-15,0,20,0,-368,60,63,8
9420,9.59,T,42,0,320,0,12,86,59,3,P,35,2,357,2,9,66,54,0,0,-7,2,37,2,-3,-20,-5,-3
9421,5.11,P,47,5,244,0,127,73,71,14,Z,30,0,83,0,116,66,165,4,1,-17,-5,-161,0,-11,-7,94,-10
9422,9.59,Z,53,0,591,0,76,98,186,6,T,54,4,618,0,1,193,80,1,0,1,4,27,0,-75,95,-106,-5
9423,5.43,Z,22,4,289,0,41,76,72,0,T,27,0,252,0,10,63,50,2,1,5,-4,-37,0,-31,-13,-22,2
9424,6.08,T,51,0,327,0,33,167,42,2,Z,40,10,330,0,34,149,151,1,1,-11,10,3,0,1,-18,109,-1
9425,7.12,P,59,9,320,0,167,221,125,3,T,78,0,346,0,554,164,212,8,1,19,-9,26,0,387,-57,87,5
9426,7.25,Z,73,0,263,0,339,257,191,11,T,95,0,596,0,781,239,118,17,1,22,0,333,0,442,-18,-73,6
9427,6.38,P,31,0,419,0,157,143,140,4,T,53,8,509,0,32,131,105,0,1,22,8,90,0,-125,-12,-35,-4
9428,5.28,P,23,0,302,0,94,78,32,8,T,32,2,484,0,32,54,105,0,0,9,2,182,0,-62,-24,73,-8
9429,9.59,P,61,6,535,0,26,200,85,1,Z,83,0,723,0,48,112,230,4,0,22,-6,188,0,22,-88,145,3
9430,9.59,T,73,2,593,1,390,181,105,9,T,73,8,544,0,469,248,192,7,0,0,6,-49,-1,79,67,87,-2
9431,9.59,P,59,1,257,0,249,164,74,2,Z,55,1,242,0,1,122,207,0,0,-4,0,-15,0,-248,-42,133,-2
9432,4.32,Z,21,0,172,0,18,139,127,4,Z,18,0,115,0,0,49,74,0,0,-3,0,-57,0,-18,-90,-53,-4
9433,7.06,T,82,1,289,0,684,253,268,10,T,73,0,292,0,156,272,172,8,0,-9,-1,3,0,-528,19,-96,-2
9434,0,P,0,0,1,0,0,0,0,0,Z,8,0,102,0,0,15,34,0,1,8,0,101,0,0,15,34,0
9435,10.58,T,74,0,966,0,8,83,126,2,Z,66,1,401,0,124,199,292,6,1,-8,1,-565,0,116,116,166,4
9436,9.59,Z,75,7,483,0,64,238,232,3,T,94,3,766,0,228,216,115,6,0,19,-4,283,0,164,-22,-117,3
9437,1.44,T,5,1,102,0,1,11,15,2,T,9,0,100,0,6,15,5,0,0,4,-1,-2,0,5,4,-10,-2
9438,7.58,P,84,1,444,0,476,330,136,8,T,76,3,478,0,279,336,244,8,0,-8,2,34,0,-197,6,108,0
9439,1.28,Z,5,0,46,0,28,47,50,3,P,5,0,49,0,6,43,4,3,0,0,0,3,0,-22,-4,-46,0
9440,9.59,P,55,8,859,0,64,346,75,3,T,71,0,813,0,152,129,127,6,1,16,-8,-46,0,88,-217,52,3
9441,5.04,T,22,2,323,0,402,57,41,5,T,15,0,373,0,1,43,42,2,1,-7,-2,50,0,-401,-14,1,-3
9442,3.33,Z,18,3,151,0,40,114,49,4,Z,26,4,105,0,339,75,179,5,0,8,1,-46,0,299,-39,130,1
9443,4.1,T,13,0,317,0,2,42,44,1,T,27,1,292,0,216,88,85,1,0,14,1,-25,0,214,46,41,0
9444,5.41,Z,20,2,437,0,130,245,129,3,Z,42,6,87,0,84,147,175,2,1,22,4,-350,0,-46,-98,46,-1
9445,9.22,T,70,3,490,0,4,193,261,0,P,36,1,606,0,92,206,63,2,0,-34,-2,116,0,88,13,-198,2
9446,2.13,T,8,0,250,0,3,21,15,2,Z,3,0,193,0,0,47,11,0,1,-5,0,-57,0,-3,26,-4,-2
9447,7.11,P,50,5,374,0,415,193,72,4,Z,80,0,453,0,150,202,280,5,0,30,-5,79,0,-265,9,208,1
9448,10.51,T,99,13,375,0,216,119,113,2,Z,55,0,568,0,0,159,172,0,0,-44,-13,193,0,-216,40,59,-2
9449,6.36,T,47,3,336,0,227,181,185,6,P,51,0,444,0,364,238,82,26,1,4,-3,108,0,137,57,-103,20
9450,9.59,Z,63,18,492,0,358,276,363,3,Z,99,0,1012,0,260,349,292,8,1,36,-18,520,0,-98,73,-71,5
9451,9.58,Z,62,0,1011,0,118,253,217,12,T,85,0,916,0,21,181,88,5,0,23,0,-95,0,-97,-72,-129,-7
9452,5.09,P,23,3,199,0,12,90,30,0,Z,24,4,239,1,149,111,102,4,1,1,1,40,1,137,21,72,4
9453,9.57,Z,51,11,262,0,75,156,171,6,T,43,0,678,0,1,62,93,3,0,-8,-11,416,0,-74,-94,-78,-3
9454,4.29,P,38,0,220,65,501,175,455,0,T,27,2,180,0,5,132,77,0,0,-11,2,-40,-65,-496,-43,-378,0
9455,6.34,Z,29,1,222,0,25,130,109,0,T,53,3,333,0,111,56,80,5,1,24,2,111,0,86,-74,-29,5
9456,9.24,P,55,0,794,0,0,319,91,0,T,73,4,518,0,98,164,82,3,1,18,4,-276,0,98,-155,-9,3
9457,10.56,Z,75,6,562,0,406,253,327,17,P,56,0,238,0,27,86,120,7,0,-19,-6,-324,0,-379,-167,-207,-10
9458,6.47,Z,74,1,301,3,418,277,304,22,Z,57,6,200,5,318,227,218,11,1,-17,5,-101,2,-100,-50,-86,-11
9459,9.59,Z,38,3,336,0,16,128,158,0,Z,44,0,370,0,3,237,196,4,0,6,-3,34,0,-13,109,38,4
9460,6.15,P,38,1,223,0,125,114,31,4,T,34,4,369,0,21,135,54,1,1,-4,3,146,0,-104,21,23,-3
9461,9.58,P,28,0,581,4,22,232,78,1,Z,41,2,521,0,77,282,256,7,0,13,2,-60,-4,55,50,178,6
9462,8.2,P,50,0,233,0,18,314,120,11,T,75,6,366,0,262,187,279,6,1,25,6,133,0,244,-127,159,-5
9463,5.38,P,20,3,87,0,6,55,20,1,T,15,0,436,0,0,39,33,0,0,-5,-3,349,0,-6,-16,13,-1
9464,10.41,P,102,6,523,0,217,334,146,17,Z,96,3,1173,0,102,219,235,5,1,-6,-3,650,0,-115,-115,89,-12
9465,7.2,Z,46,0,483,0,45,146,117,4,P,62,3,449,0,72,118,119,0,1,16,3,-34,0,27,-28,2,-4
9466,9.59,P,43,0,671,0,0,186,101,0,T,65,5,501,0,18,118,92,1,0,22,5,-170,0,18,-68,-9,1
9467,3.48,P,17,1,180,0,1,55,22,0,P,4,0,106,0,0,5,3,0,0,-13,-1,-74,0,-1,-50,-19,0
9468,7.03,T,57,0,399,0,582,248,80,9,T,41,0,582,0,10,216,71,5,0,-16,0,183,0,-572,-32,-9,-4
9469,0.45,P,5,0,71,0,2,26,6,1,T,2,0,62,0,0,6,4,0,1,-3,0,-9,0,-2,-20,-2,-1
9470,5.31,T,20,0,173,0,3,15,36,2,T,24,0,415,1,400,85,184,8,1,4,0,242,1,397,70,148,6
9471,8.57,T,60,2,481,0,45,243,115,5,T,58,0,585,0,12,61,90,1,0,-2,-2,104,0,-33,-182,-25,-4
9472,5.05,Z,25,4,199,0,309,53,229,5,T,27,0,326,0,25,34,47,5,1,2,-4,127,0,-284,-19,-182,0
9473,6.15,Z,37,0,171,0,137,198,233,5,T,38,3,492,0,24,66,38,2,0,1,3,321,0,-113,-132,-195,-3
9474,2.29,Z,4,1,95,0,80,24,155,1,T,10,0,56,0,253,26,32,8,1,6,-1,-39,0,173,2,-123,7
9475,2.43,P,13,0,126,0,19,43,30,4,P,10,4,155,0,1,54,11,0,1,-3,4,29,0,-18,11,-19,-4
9476,9.59,T,60,3,585,0,0,33,99,1,P,26,0,410,0,0,61,34,0,0,-34,-3,-175,0,0,28,-65,-1
9477,3.54,P,21,0,42,0,147,53,225,2,T,20,0,296,0,109,122,49,4,0,-1,0,254,0,-38,69,-176,2
9478,8.28,T,26,0,312,0,2,37,36,5,Z,42,0,220,0,5,44,126,2,1,16,0,-92,0,3,7,90,-3
9479,3.23,Z,15,2,293,0,9,126,56,5,P,14,0,116,0,104,82,36,2,1,-1,-2,-177,0,95,-44,-20,-3
9480,10.36,T,88,0,690,0,0,337,178,0,T,95,7,733,0,84,203,139,2,1,7,7,43,0,84,-134,-39,2
9481,4.04,P,13,0,262,0,2,28,12,2,T,23,0,256,0,549,56,44,4,1,10,0,-6,0,547,28,32,2
9482,9.33,Z,151,8,534,1,505,214,326,8,P,119,0,486,0,203,352,172,12,0,-32,-8,-48,-1,-302,138,-154,4
9483,9.59,Z,49,0,497,0,51,146,189,5,P,30,0,409,0,0,93,59,0,0,-19,0,-88,0,-51,-53,-130,-5
9484,9.58,T,70,3,443,0,43,154,90,0,P,56,1,724,0,57,207,68,3,0,-14,-2,281,0,14,53,-22,3
9485,8.26,Z,54,0,282,0,32,116,148,15,P,98,0,464,0,131,297,144,4,1,44,0,182,0,99,181,-4,-11
9486,5.31,Z,30,2,189,0,66,166,70,3,T,45,0,220,0,149,163,141,1,0,15,-2,31,0,83,-3,71,-2
9487,4.46,P,29,0,225,0,367,92,33,11,T,28,2,266,0,82,53,49,0,0,-1,2,41,0,-285,-39,16,-11
9488,7.46,T,73,0,405,0,14,206,102,4,Z,45,0,590,0,86,274,160,9,1,-28,0,185,0,72,68,58,5
9489,2.02,Z,9,0,27,0,148,15,88,2,T,5,0,64,0,0,10,153,2,1,-4,0,37,0,-148,-5,65,0
9490,9.59,P,57,0,557,0,16,182,57,10,T,87,0,305,0,216,237,193,9,0,30,0,-252,0,200,55,136,-1
9491,8.22,P,61,0,279,0,102,229,213,3,Z,45,0,433,0,411,135,164,7,1,-16,0,154,0,309,-94,-49,4
9492,6.52,T,71,4,162,0,479,167,179,15,T,71,5,264,0,401,232,138,6,0,0,1,102,0,-78,65,-41,-9
9493,9.59,T,65,1,441,0,128,200,181,7,T,76,0,606,0,236,227,150,16,0,11,-1,165,0,108,27,-31,9
9494,4.26,T,36,0,121,0,255,76,115,9,Z,15,2,307,0,34,71,62,3,0,-21,2,186,0,-221,-5,-53,-6
9495,8.2,Z,57,8,549,0,52,204,194,2,Z,41,0,291,0,95,269,275,3,0,-16,-8,-258,0,43,65,81,1
9496,10.44,P,66,5,939,0,28,216,136,4,P,56,0,601,0,14,219,108,4,0,-10,-5,-338,0,-14,3,-28,0
9497,7.01,T,41,4,437,0,4,48,70,1,T,40,2,385,0,7,116,59,1,1,-1,-2,-52,0,3,68,-11,0
9498,9.46,P,54,0,378,0,26,166,69,7,P,69,1,285,0,51,333,120,12,1,15,1,-93,0,25,167,51,5
9499,9.59,Z,82,0,733,0,306,221,197,8,P,76,4,518,0,207,194,70,8,1,-6,4,-215,0,-99,-27,-127,0
9500,9.59,Z,53,0,531,0,2,123,156,1,T,69,0,1043,0,31,256,160,3,1,16,0,512,0,29,133,4,2
9501,5.18,Z,31,5,189,0,6,83,139,0,T,43,0,215,0,368,83,57,4,1,12,-5,26,0,362,0,-82,4
9502,6,Z,33,3,338,0,52,114,192,1,P,34,1,545,0,32,140,57,3,1,1,-2,207,0,-20,26,-135,2
9503,5.35,P,19,3,265,0,17,54,19,3,Z,34,6,279,0,636,124,138,3,0,15,3,14,0,619,70,119,0
9504,9.58,P,75,7,625,9,590,170,124,6,T,82,4,587,0,219,216,259,3,0,7,-3,-38,-9,-371,46,135,-3
9505,9.59,Z,73,0,871,0,64,147,216,3,T,87,0,477,0,50,136,126,8,0,14,0,-394,0,-14,-11,-90,5
9506,10.37,Z,84,3,1021,0,295,241,283,0,Z,74,8,139,0,42,104,204,4,0,-10,5,-882,0,-253,-137,-79,4
9507,9.17,T,35,0,399,0,0,29,82,0,T,41,0,1121,0,1,120,115,1,1,6,0,722,0,1,91,33,1
9508,9.23,P,57,8,355,0,28,124,53,0,Z,32,0,672,0,18,115,140,3,1,-25,-8,317,0,-10,-9,87,3
9509,10.41,T,52,0,499,0,17,199,203,12,Z,64,0,592,0,105,102,186,11,0,12,0,93,0,88,-97,-17,-1
9510,7.33,Z,46,4,564,2,44,164,134,2,Z,45,4,417,0,54,72,132,3,1,-1,0,-147,-2,10,-92,-2,1
9511,9.19,Z,82,8,513,0,478,182,308,7,P,122,7,342,0,225,330,249,5,0,40,-1,-171,0,-253,148,-59,-2
9512,7.58,P,45,4,388,0,15,257,135,0,Z,24,2,189,0,9,146,94,0,1,-21,-2,-199,0,-6,-111,-41,0
9513,4.03,Z,21,3,98,0,457,69,62,5,Z,25,6,306,0,91,55,126,1,0,4,3,208,0,-366,-14,64,-4
9514,9.54,Z,48,0,486,0,44,42,143,2,P,72,0,676,0,33,171,104,5,1,24,0,190,0,-11,129,-39,3
9515,4.15,T,22,1,199,0,524,113,63,9,Z,23,0,157,0,27,147,51,3,1,1,-1,-42,0,-497,34,-12,-6
9516,3.23,P,11,0,125,0,32,227,16,2,T,26,0,83,0,10,161,27,3,0,15,0,-42,0,-22,-66,11,1
9517,8.22,P,58,0,491,0,38,419,94,14,Z,71,1,348,0,111,141,256,13,0,13,1,-143,0,73,-278,162,-1
9518,5.1,T,34,0,262,0,11,96,47,7,P,18,0,207,0,0,84,27,0,0,-16,0,-55,0,-11,-12,-20,-7
9519,7.38,Z,42,8,269,0,105,69,185,0,Z,53,0,333,0,36,137,140,2,0,11,-8,64,0,-69,68,-45,2
9520,1.22,P,6,0,15,0,24,31,28,5,Z,5,0,12,0,7,13,20,2,1,-1,0,-3,0,-17,-18,-8,-3
9521,5.4,Z,31,5,237,0,405,165,168,4,P,44,3,381,0,165,160,104,5,0,13,-2,144,0,-240,-5,-64,1
9522,9.59,T,98,0,430,0,54,243,227,18,P,54,5,746,0,9,136,108,0,1,-44,5,316,0,-45,-107,-119,-18
9523,9.58,P,43,0,797,0,34,378,82,14,Z,42,0,348,0,0,106,168,0,0,-1,0,-449,0,-34,-272,86,-14
9524,10.06,Z,60,4,508,0,89,335,412,7,Z,67,2,1173,0,47,266,225,0,1,7,-2,665,0,-42,-69,-187,-7
9525,7.19,P,59,5,441,0,385,177,70,6,T,72,4,386,0,375,245,250,1,1,13,-1,-55,0,-10,68,180,-5
9526,5.24,Z,17,2,187,0,8,37,68,0,Z,26,2,375,0,12,129,155,4,0,9,0,188,0,4,92,87,4
9527,3.53,P,13,0,122,0,278,51,28,4,T,24,0,288,0,27,91,26,5,0,11,0,166,0,-251,40,-2,1
9528,4.32,T,28,0,268,0,1,54,106,2,P,31,0,350,0,40,66,28,3,0,3,0,82,0,39,12,-78,1
9529,9.59,Z,46,0,374,0,81,72,173,8,T,78,0,447,0,61,234,99,5,0,32,0,73,0,-20,162,-74,-3
9530,8.16,Z,52,4,300,0,149,117,197,6,P,83,0,512,0,839,242,435,1,1,31,-4,212,0,690,125,238,-5
9531,10.38,P,56,2,691,0,6,191,70,2,Z,57,0,550,0,54,157,153,7,1,1,-2,-141,0,48,-34,83,5
9532,5.32,T,24,0,268,0,1,76,45,4,P,26,0,298,0,8,137,47,4,1,2,0,30,0,7,61,2,0
9533,6.4,P,44,0,429,0,649,160,56,11,T,63,6,315,0,25,84,73,1,1,19,6,-114,0,-624,-76,17,-10
9534,9.58,Z,80,2,228,0,251,69,329,6,Z,54,0,835,0,40,134,162,4,0,-26,-2,607,0,-211,65,-167,-2
9535,9.59,Z,97,3,299,0,92,249,344,18,T,151,4,391,0,304,234,143,19,1,54,1,92,0,212,-15,-201,1
9536,6.24,Z,27,0,150,0,0,35,186,0,Z,35,4,255,0,11,65,107,0,1,8,4,105,0,11,30,-79,0
9537,7.36,Z,36,0,437,0,29,98,155,2,P,49,0,278,0,43,39,48,7,1,13,0,-159,0,14,-59,-107,5
9538,5.38,T,40,0,291,0,138,106,160,6,T,43,1,219,0,414,137,55,9,0,3,1,-72,0,276,31,-105,3
9539,9.02,P,40,2,221,0,17,76,64,4,Z,46,0,230,0,10,85,169,1,1,6,-2,9,0,-7,9,105,-3
9540,8.15,T,37,2,333,0,23,65,45,5,T,37,0,473,0,8,81,84,5,1,0,-2,140,0,-15,16,39,0
9541,2.55,Z,8,1,123,0,64,46,70,0,P,12,0,196,1,3,27,21,1,0,4,-1,73,1,-61,-19,-49,1
9542,0.26,P,3,1,25,0,0,6,3,0,T,1,0,31,0,0,16,4,1,1,-2,-1,6,0,0,10,1,1
9543,9.54,T,48,2,475,0,5,48,59,0,P,30,0,245,0,0,25,32,0,0,-18,-2,-230,0,-5,-23,-27,0
9544,5.07,Z,14,0,235,0,0,125,68,1,Z,25,8,270,0,197,138,132,0,0,11,8,35,0,197,13,64,-1
9545,8.48,P,35,2,329,0,5,152,52,0,T,42,0,1216,0,5,149,92,3,0,7,-2,887,0,0,-3,40,3
9546,9.59,P,38,0,518,0,0,277,67,0,P,25,0,220,0,0,141,63,0,1,-13,0,-298,0,0,-136,-4,0
9547,7.58,Z,40,1,519,0,29,214,175,5,T,71,3,476,0,734,218,99,5,1,31,2,-43,0,705,4,-76,0
9548,8.37,P,34,1,267,0,10,51,73,4,P,19,0,604,0,1,44,36,1,0,-15,-1,337,0,-9,-7,-37,-3
9549,6.08,Z,26,2,198,0,25,119,204,3,T,47,1,446,0,132,214,230,5,1,21,-1,248,0,107,95,26,2
9550,9.59,T,119,0,438,0,596,300,215,19,T,109,2,393,0,640,374,164,11,0,-10,2,-45,0,44,74,-51,-8
9551,9.58,P,30,2,447,0,0,129,59,0,T,41,0,796,0,3,88,79,2,0,11,-2,349,0,3,-41,20,2
9552,8.5,P,61,0,607,0,362,265,84,8,T,67,0,447,0,558,128,76,5,0,6,0,-160,0,196,-137,-8,-3
9553,6.38,T,62,3,448,0,636,188,234,5,P,42,2,296,0,25,132,62,4,0,-20,-1,-152,0,-611,-56,-172,-1
9554,9.42,P,71,5,305,0,117,247,132,9,T,73,0,391,0,25,149,90,8,0,2,-5,86,0,-92,-98,-42,-1
9555,9.58,P,41,0,440,0,34,37,84,5,T,59,0,765,0,0,85,111,5,0,18,0,325,0,-34,48,27,0
9556,6.37,P,23,0,347,6,23,127,52,0,T,35,0,397,0,12,23,37,3,1,12,0,50,-6,-11,-104,-15,3
9557,6.32,Z,33,0,335,0,26,88,126,14,Z,36,0,190,0,17,113,100,4,0,3,0,-145,0,-9,25,-26,-10
9558,8.19,T,87,0,540,0,619,161,183,13,Z,53,0,472,0,66,94,150,25,0,-34,0,-68,0,-553,-67,-33,12
9559,9.59,Z,65,0,456,0,36,203,245,2,Z,69,2,675,0,193,188,353,4,0,4,2,219,0,157,-15,108,2
9560,5.55,T,39,1,320,0,86,80,75,2,P,38,0,300,0,109,246,75,10,0,-1,-1,-20,0,23,166,0,8
9561,6.45,T,34,0,339,0,1,46,57,1,T,41,1,219,0,45,122,99,1,1,7,1,-120,0,44,76,42,0
9562,4.4,Z,24,0,336,0,34,23,98,4,P,30,6,316,0,442,96,91,1,0,6,6,-20,0,408,73,-7,-3
9563,8.4,T,58,0,507,0,64,132,123,10,Z,60,4,384,0,162,208,299,1,1,2,4,-123,0,98,76,176,-9
9564,10.44,P,63,0,255,0,58,56,56,10,P,78,1,838,0,43,105,89,5,1,15,1,583,0,-15,49,33,-5
9565,8.44,Z,40,0,786,0,1,181,176,4,T,30,0,630,0,0,215,66,0,0,-10,0,-156,0,-1,34,-110,-4
9566,9.59,T,63,0,549,0,4,231,137,2,T,59,0,517,0,0,159,107,0,1,-4,0,-32,0,-4,-72,-30,-2
9567,9.59,Z,65,0,563,0,211,192,474,6,T,94,2,533,7,114,202,166,1,0,29,2,-30,7,-97,10,-308,-5
9568,3.09,Z,8,0,193,0,196,21,133,2,Z,13,0,38,5,141,38,61,3,0,5,0,-155,5,-55,17,-72,1
9569,7.16,Z,44,0,605,0,85,154,130,6,P,23,0,193,0,19,134,27,3,0,-21,0,-412,0,-66,-20,-103,-3
9570,9.59,Z,76,3,450,0,236,196,388,10,T,81,9,684,0,270,204,116,6,0,5,6,234,0,34,8,-272,-4
9571,7,P,37,0,351,0,7,30,37,7,P,38,2,375,0,20,146,50,0,1,1,2,24,0,13,116,13,-7
9572,8.28,T,42,0,738,0,0,70,87,0,Z,34,0,557,0,0,155,115,0,0,-8,0,-181,0,0,85,28,0
9573,7.03,T,59,0,465,0,138,226,75,10,T,51,4,329,0,513,219,93,5,0,-8,4,-136,0,375,-7,18,-5
9574,8.02,P,39,2,473,0,18,63,39,4,P,44,4,278,0,14,112,72,3,0,5,2,-195,0,-4,49,33,-1
9575,9.59,Z,71,5,295,0,517,183,325,12,T,101,4,745,0,125,192,110,8,1,30,-1,450,0,-392,9,-215,-4
9576,9.3,P,85,0,313,0,123,226,128,8,Z,73,0,893,0,97,196,282,4,0,-12,0,580,0,-26,-30,154,-4
9577,9.59,T,78,0,781,0,177,251,124,4,Z,66,0,709,0,50,175,160,5,0,-12,0,-72,0,-127,-76,36,1
9578,9.59,Z,50,5,277,0,47,118,125,2,Z,45,2,204,0,30,231,189,0,0,-5,-3,-73,0,-17,113,64,-2
9579,6.05,Z,37,0,236,0,11,111,95,1,Z,33,1,190,0,12,229,112,0,1,-4,1,-46,0,1,118,17,-1
9580,5.46,Z,60,6,278,0,210,209,163,4,P,27,0,362,0,169,214,27,5,0,-33,-6,84,0,-41,5,-136,1
9581,7.06,T,58,0,357,2,169,243,114,4,P,74,0,396,75,546,333,492,0,1,16,0,39,73,377,90,378,-4
9582,8.16,Z,61,0,530,0,212,195,347,8,P,62,0,406,0,178,264,173,11,1,1,0,-124,0,-34,69,-174,3
9583,9.59,Z,76,0,735,0,58,146,199,10,T,110,1,475,2,136,134,228,5,1,34,1,-260,2,78,-12,29,-5
9584,10.24,Z,62,0,420,0,4,78,309,3,T,92,0,752,0,66,288,96,12,1,30,0,332,0,62,210,-213,9
9585,7.58,Z,61,4,388,0,540,102,304,6,Z,75,5,282,0,265,242,204,5,1,14,1,-106,0,-275,140,-100,-1
9586,3.29,Z,14,0,158,0,3,51,67,1,Z,10,1,185,0,20,39,50,1,0,-4,1,27,0,17,-12,-17,0
9587,7.46,T,50,2,467,0,26,98,68,3,T,51,4,463,0,26,53,82,0,0,1,2,-4,0,0,-45,14,-3
9588,10.24,T,76,0,800,0,404,178,117,12,T,119,3,587,0,626,131,160,5,1,43,3,-213,0,222,-47,43,-7
9589,3.02,Z,10,2,101,0,6,27,150,0,T,23,0,184,0,236,53,51,7,0,13,-2,83,0,230,26,-99,7
9590,9.36,T,111,0,461,0,160,255,117,8,Z,83,0,562,0,125,294,280,5,0,-28,0,101,0,-35,39,163,-3
9591,10.3,T,130,6,352,0,661,181,138,8,Z,48,9,911,0,30,75,142,1,0,-82,3,559,0,-631,-106,4,-7
9592,10.22,P,65,2,573,0,271,253,241,5,T,99,5,818,0,41,242,139,0,1,34,3,245,0,-230,-11,-102,-5
9593,3.3,T,15,0,232,0,42,53,27,5,T,16,0,268,0,98,26,24,3,0,1,0,36,0,56,-27,-3,-2
9594,5.36,T,29,0,830,0,17,25,36,5,Z,19,1,213,0,12,72,67,0,0,-10,1,-617,0,-5,47,31,-5
9595,7.03,T,86,1,294,0,293,263,85,7,T,73,3,469,0,318,322,117,12,1,-13,2,175,0,25,59,32,5
9596,7.25,T,40,0,437,0,2,39,74,4,T,36,0,386,0,4,71,62,3,0,-4,0,-51,0,2,32,-12,-1
9597,9.59,T,59,0,418,0,88,338,214,5,Z,66,3,700,0,34,166,204,0,0,7,3,282,0,-54,-172,-10,-5
9598,2.36,P,9,0,145,0,0,36,11,0,T,10,0,156,0,0,3,13,0,0,1,0,11,0,0,-33,2,0
9599,9.18,P,42,0,572,0,0,275,63,0,P,41,1,483,0,42,107,41,2,1,-1,1,-89,0,42,-168,-22,2
9600,9.58,T,73,2,406,0,3,118,114,0,T,57,0,580,0,0,107,111,0,1,-16,-2,174,0,-3,-11,-3,0
9601,7.13,T,65,4,559,0,65,187,165,6,Z,46,1,263,0,8,51,114,0,0,-19,-3,-296,0,-57,-136,-51,-6
9602,9.59,T,45,10,600,0,1,64,104,1,Z,56,0,478,0,6,34,140,3,1,11,-10,-122,0,5,-30,36,2
9603,10.56,Z,68,4,654,0,81,170,212,0,P,95,0,540,0,235,357,115,7,1,27,-4,-114,0,154,187,-97,7
9604,3.22,P,11,0,151,0,47,109,19,6,Z,10,0,52,0,0,25,52,2,0,-1,0,-99,0,-47,-84,33,-4
9605,4.21,P,18,0,183,0,36,97,25,3,T,34,2,190,0,32,80,21,0,1,16,2,7,0,-4,-17,-4,-3
9606,2.06,P,5,0,32,0,3,43,16,3,T,8,0,58,0,75,81,30,4,1,3,0,26,0,72,38,14,1
9607,0.5,T,5,1,14,0,27,19,36,0,T,5,0,27,0,0,13,1,0,0,0,-1,13,0,-27,-6,-35,0
9608,9.58,Z,66,0,328,0,11,106,166,1,T,38,0,473,0,1,59,54,2,1,-28,0,145,0,-10,-47,-112,1
9609,8.34,Z,83,6,353,0,480,237,235,14,P,100,0,451,31,217,251,177,1,1,17,-6,98,31,-263,14,-58,-13
9610,6.07,Z,23,0,209,0,8,86,67,0,P,29,4,498,0,2,185,47,0,0,6,4,289,0,-6,99,-20,0
9611,9.08,T,74,13,357,0,447,151,106,3,Z,70,2,585,0,887,105,263,4,0,-4,-11,228,0,440,-46,157,1
9612,5.41,P,21,0,313,0,0,21,60,0,Z,22,0,296,0,5,47,96,3,0,1,0,-17,0,5,26,36,3
9613,5.32,P,32,0,311,0,210,168,41,4,P,23,3,341,0,3,86,39,2,0,-9,3,30,0,-207,-82,-2,-2
9614,10.58,Z,80,1,362,0,22,89,217,0,T,54,0,690,0,0,162,106,0,0,-26,-1,328,0,-22,73,-111,0
9615,2.35,Z,7,0,97,0,10,55,51,4,Z,8,1,85,0,17,45,88,1,1,1,1,-12,0,7,-10,37,-3
9616,5.54,T,49,3,338,0,238,100,75,5,P,19,0,453,0,0,114,51,0,0,-30,-3,115,0,-238,14,-24,-5
9617,7.28,Z,39,2,338,0,165,116,274,2,P,34,0,539,0,15,129,57,3,0,-5,-2,201,0,-150,13,-217,1
9618,10.46,Z,71,0,382,0,61,136,222,6,T,99,5,897,0,559,217,100,7,1,28,5,515,0,498,81,-122,1
9619,7.46,Z,62,0,257,0,54,245,340,15,T,74,0,534,0,291,238,80,10,1,12,0,277,0,237,-7,-260,-5
9620,7.17,P,41,2,222,0,418,212,179,4,T,55,0,446,0,34,170,143,3,1,14,-2,224,0,-384,-42,-36,-1
9621,4.24,Z,19,1,105,0,12,30,56,1,Z,33,0,85,0,22,51,79,1,0,14,-1,-20,0,10,21,23,0
9622,8.23,Z,27,0,432,0,0,19,94,0,T,60,0,531,0,16,37,101,4,1,33,0,99,0,16,18,7,4
9623,8.51,T,68,3,294,0,34,250,176,10,T,82,8,581,0,564,240,226,8,1,14,5,287,0,530,-10,50,-2
9624,9.59,Z,85,0,513,0,65,261,224,2,T,102,8,615,0,231,323,130,4,1,17,8,102,0,166,62,-94,2
9625,8.55,T,110,4,286,0,157,367,168,3,Z,82,8,433,0,295,329,503,0,1,-28,4,147,0,138,-38,335,-3
9626,5.08,T,49,0,185,0,76,136,50,4,T,29,3,309,0,51,64,53,1,0,-20,3,124,0,-25,-72,3,-3
9627,4.03,P,10,0,157,0,0,46,19,0,P,13,0,95,0,0,40,21,0,1,3,0,-62,0,0,-6,2,0
9628,4.52,Z,16,0,276,0,0,87,61,0,P,21,0,130,0,5,206,23,1,0,5,0,-146,0,5,119,-38,1
9629,9.04,P,64,11,409,0,52,142,55,1,T,97,0,460,0,363,244,221,9,1,33,-11,51,0,311,102,166,8
9630,10.08,T,100,0,655,0,200,425,188,16,T,109,0,892,0,247,422,322,12,0,9,0,237,0,47,-3,134,-4
9631,4.27,T,29,0,314,0,12,72,116,1,Z,20,0,100,0,204,127,103,5,1,-9,0,-214,0,192,55,-13,4
9632,4.31,T,30,1,128,0,587,61,136,4,T,32,0,96,0,32,165,50,2,1,2,-1,-32,0,-555,104,-86,-2
9633,3.56,Z,16,0,102,0,1,21,60,3,T,21,2,130,0,0,4,22,0,1,5,2,28,0,-1,-17,-38,-3
9634,7.18,T,41,5,172,0,251,170,95,1,T,36,0,273,0,0,108,94,0,1,-5,-5,101,0,-251,-62,-1,-1
9635,9.25,P,50,1,389,0,137,111,95,8,P,38,2,616,0,4,209,42,1,1,-12,1,227,0,-133,98,-53,-7
9636,9.54,P,67,0,478,0,24,106,78,7,T,57,0,490,0,29,60,103,2,0,-10,0,12,0,5,-46,25,-5
9637,7.01,P,40,1,455,0,75,169,95,6,T,41,0,406,0,24,111,78,7,1,1,-1,-49,0,-51,-58,-17,1
9638,8.52,P,60,0,462,0,27,239,70,8,T,69,0,256,0,15,162,75,6,1,9,0,-206,0,-12,-77,5,-2
9639,5.1,P,14,0,207,0,1,14,10,1,T,24,0,331,0,6,68,71,1,1,10,0,124,0,5,54,61,0
9640,3.53,P,29,0,150,0,30,141,97,8,P,15,0,267,0,110,52,115,2,0,-14,0,117,0,80,-89,18,-6
9641,7.4,Z,35,0,435,0,19,26,86,3,T,47,0,435,0,14,133,74,2,1,12,0,0,0,-5,107,-12,-1
9642,4.37,T,20,0,266,0,5,24,39,2,P,18,1,129,0,11,46,20,0,0,-2,1,-137,0,6,22,-19,-2
9643,6.09,T,53,4,530,0,476,143,60,1,T,46,0,511,0,21,54,49,4,1,-7,-4,-19,0,-455,-89,-11,3
9644,4.34,Z,23,1,85,0,38,111,82,2,Z,17,0,243,0,15,40,98,4,1,-6,-1,158,0,-23,-71,16,2
9645,6.46,T,65,3,293,0,447,164,210,10,T,48,1,335,0,579,129,136,3,1,-17,-2,42,0,132,-35,-74,-7
9646,4.55,T,45,4,246,0,203,140,66,6,T,35,0,230,0,401,94,111,7,0,-10,-4,-16,0,198,-46,45,1
9647,7.45,T,76,9,578,0,228,222,86,1,T,61,1,495,0,124,179,103,7,0,-15,-8,-83,0,-104,-43,17,6
9648,1.22,T,1,0,2,0,0,1,1,0,P,3,0,53,0,2,6,5,1,1,2,0,51,0,2,5,4,1
9649,3.44,T,23,0,150,0,8,25,37,9,T,23,0,51,0,146,43,37,3,0,0,0,-99,0,138,18,0,-6
9650,9.59,T,131,2,784,0,339,384,191,13,Z,52,0,299,0,4,175,193,3,1,-79,-2,-485,0,-335,-209,2,-10
9651,9.58,T,80,6,1033,0,60,249,198,0,Z,64,7,525,0,112,177,218,4,1,-16,1,-508,0,52,-72,20,4
9652,9.59,Z,46,2,581,0,44,197,128,2,P,36,0,279,0,0,107,67,0,0,-10,-2,-302,0,-44,-90,-61,-2
9653,5.29,T,40,2,288,0,99,245,36,8,Z,39,1,112,0,1,78,96,0,1,-1,-1,-176,0,-98,-167,60,-8
9654,10.51,T,72,1,771,0,317,340,157,12,T,129,0,728,0,5,392,355,2,1,57,-1,-43,0,-312,52,198,-10
9655,3.29,T,16,0,281,0,9,29,34,3,Z,12,0,240,0,44,97,99,4,0,-4,0,-41,0,35,68,65,1
9656,7.45,T,55,1,637,0,92,114,102,7,T,83,0,406,0,317,288,48,10,1,28,-1,-231,0,225,174,-54,3
9657,9.59,P,49,8,367,0,76,359,88,5,T,55,6,550,0,12,139,96,0,1,6,-2,183,0,-64,-220,8,-5
9658,9.58,P,40,0,656,0,0,177,74,0,P,45,0,669,0,0,169,46,0,1,5,0,13,0,0,-8,-28,0
9659,8.49,Z,45,0,294,0,0,57,118,2,Z,35,0,392,0,19,158,218,0,0,-10,0,98,0,19,101,100,-2
9660,5.24,P,38,0,204,0,89,89,98,4,Z,29,0,59,0,13,60,95,4,1,-9,0,-145,0,-76,-29,-3,0
9661,2.23,T,10,0,143,0,14,28,22,5,Z,6,0,120,0,111,39,40,3,0,-4,0,-23,0,97,11,18,-2
9662,9.58,T,112,2,459,0,127,349,131,17,P,58,0,442,0,752,216,90,11,0,-54,-2,-17,0,625,-133,-41,-6
9663,7.13,T,54,4,723,0,21,243,91,0,P,52,1,344,0,410,165,109,10,0,-2,-3,-379,0,389,-78,18,10
9664,9.59,T,81,12,544,0,629,261,192,2,P,64,2,595,0,13,120,101,6,0,-17,-10,51,0,-616,-141,-91,4
9665,5.47,T,31,0,339,0,251,87,84,4,T,42,9,273,0,360,131,95,0,0,11,9,-66,0,109,44,11,-4
9666,8.05,Z,66,0,490,0,178,297,291,8,Z,58,6,375,0,46,251,159,2,1,-8,6,-115,0,-132,-46,-132,-6
9667,7.41,Z,39,0,409,0,62,186,116,6,P,32,0,360,0,10,105,94,2,1,-7,0,-49,0,-52,-81,-22,-4
9668,6.19,P,65,4,281,0,118,278,166,6,P,37,0,275,0,54,259,70,8,0,-28,-4,-6,0,-64,-19,-96,2
9669,9.59,T,85,4,247,0,49,180,134,9,T,65,5,511,0,72,294,190,0,1,-20,1,264,0,23,114,56,-9
9670,2.48,Z,11,0,35,0,5,8,25,0,Z,11,4,244,0,14,17,35,0,0,0,4,209,0,9,9,10,0
9671,9.59,T,68,3,1070,0,21,143,77,0,P,53,0,628,0,9,158,103,2,1,-15,-3,-442,0,-12,15,26,2
9672,9.59,Z,43,8,538,0,195,243,292,4,P,52,0,345,0,17,95,67,0,0,9,-8,-193,0,-178,-148,-225,-4
9673,0.39,T,3,0,17,0,0,5,4,1,P,3,1,52,0,0,14,0,1,1,0,1,35,0,0,9,-4,0
9674,9.58,Z,80,0,450,0,81,228,286,15,T,76,9,459,0,108,154,88,2,1,-4,9,9,0,27,-74,-198,-13
9675,9.59,T,100,0,834,0,39,184,147,14,T,92,6,568,2,633,258,263,0,0,-8,6,-266,2,594,74,116,-14
9676,5.44,P,20,0,90,0,0,21,20,0,P,24,0,144,0,0,44,37,0,1,4,0,54,0,0,23,17,0
9677,10.58,P,55,4,1047,0,39,150,55,0,Z,71,0,453,0,38,108,205,7,1,16,-4,-594,0,-1,-42,150,7
9678,9.59,Z,75,0,343,0,543,266,240,10,P,45,0,467,0,25,196,172,4,0,-30,0,124,0,-518,-70,-68,-6
9679,9,P,19,0,239,0,0,96,52,0,P,39,3,664,0,0,178,79,1,0,20,3,425,0,0,82,27,1
9680,5.11,T,35,0,83,0,75,177,154,3,T,27,0,184,0,0,16,35,0,1,-8,0,101,0,-75,-161,-119,-3
9681,9.59,T,102,2,642,0,500,266,138,10,P,80,9,739,0,10,250,103,2,1,-22,7,97,0,-490,-16,-35,-8
9682,9.59,Z,74,0,1082,0,77,96,218,5,T,46,0,640,0,0,32,92,0,0,-28,0,-442,0,-77,-64,-126,-5
9683,9.58,P,44,0,459,0,14,381,101,2,T,65,0,471,0,17,57,116,7,0,21,0,12,0,3,-324,15,5
9684,9.57,P,62,5,559,0,178,118,222,9,T,87,9,392,0,376,171,154,6,0,25,4,-167,0,198,53,-68,-3
9685,4.44,Z,20,3,182,0,74,55,109,1,T,33,0,229,0,99,77,33,7,1,13,-3,47,0,25,22,-76,6
9686,9.59,T,64,1,276,0,42,200,367,3,Z,57,0,313,0,257,244,165,10,0,-7,-1,37,0,215,44,-202,7
9687,9.59,T,56,0,472,0,28,135,76,4,Z,66,0,488,0,270,161,184,12,1,10,0,16,0,242,26,108,8
9688,6.18,Z,22,0,266,0,13,168,95,1,T,21,0,451,0,11,69,26,6,0,-1,0,185,0,-2,-99,-69,5
9689,9.59,Z,63,0,707,0,80,120,260,7,T,68,0,780,0,2,245,202,2,0,5,0,73,0,-78,125,-58,-5
9690,4.02,Z,15,4,139,0,66,17,74,0,P,14,0,460,0,5,34,21,0,1,-1,-4,321,0,-61,17,-53,0
9691,9.38,P,56,0,266,0,14,318,110,14,Z,70,9,467,0,213,185,274,12,1,14,9,201,0,199,-133,164,-2
9692,5.33,T,40,7,404,0,37,145,79,1,P,33,0,314,0,140,110,170,7,0,-7,-7,-90,0,103,-35,91,6
9693,10.27,T,64,3,708,0,13,271,118,1,P,87,0,660,0,64,234,115,10,1,23,-3,-48,0,51,-37,-3,9
9694,10.54,Z,83,6,694,0,376,242,572,6,T,107,12,437,0,702,320,110,5,0,24,6,-257,0,326,78,-462,-1
9695,6.49,P,69,3,299,0,431,224,86,16,P,59,3,187,0,476,269,92,4,0,-10,0,-112,0,45,45,6,-12
9696,10.28,Z,44,2,542,0,533,235,374,4,T,93,7,682,0,139,136,167,2,1,49,5,140,0,-394,-99,-207,-2
9697,6.12,Z,41,0,152,0,13,60,329,2,T,49,2,255,0,349,94,127,1,1,8,2,103,0,336,34,-202,-1
9698,4.18,T,17,0,191,0,1,19,46,4,Z,19,3,84,0,10,48,134,0,0,2,3,-107,0,9,29,88,-4
9699,9.59,P,42,0,342,0,165,266,167,5,T,66,0,739,0,56,258,336,6,0,24,0,397,0,-109,-8,169,1
9700,7.15,P,33,4,443,0,58,88,49,4,P,36,3,756,0,167,206,42,9,0,3,-1,313,0,109,118,-7,5
9701,10,P,47,4,597,0,169,314,70,9,T,65,1,654,3,20,131,139,0,1,18,-3,57,3,-149,-183,69,-9
9702,9.59,T,81,0,214,0,39,310,176,16,T,102,0,617,0,11,196,138,4,0,21,0,403,0,-28,-114,-38,-12
9703,9.59,T,57,2,148,0,72,85,73,6,T,44,0,364,0,0,16,68,0,0,-13,-2,216,0,-72,-69,-5,-6
9704,9.59,Z,49,4,426,0,17,87,164,1,T,58,0,897,0,0,94,138,0,0,9,-4,471,0,-17,7,-26,-1
9705,9.59,T,119,0,561,0,755,304,177,13,Z,79,10,409,7,457,289,314,6,0,-40,10,-152,7,-298,-15,137,-7
9706,9.16,Z,57,0,621,0,356,226,201,14,T,63,0,525,0,199,125,73,8,0,6,0,-96,0,-157,-101,-128,-6
9707,7.35,P,53,1,396,0,51,158,63,9,T,52,6,422,0,114,138,159,2,1,-1,5,26,0,63,-20,96,-7
9708,10.34,T,86,2,871,0,73,225,141,3,P,66,5,569,0,508,239,177,9,1,-20,3,-302,0,435,14,36,6
9709,9.59,T,66,0,779,0,116,250,118,7,Z,114,4,448,0,453,288,283,12,0,48,4,-331,0,337,38,165,5
9710,9.37,T,93,5,532,0,236,260,281,7,Z,59,0,320,0,10,163,164,4,0,-34,-5,-212,0,-226,-97,-117,-3
9711,7.42,Z,105,8,376,0,906,222,260,23,T,90,6,399,0,365,370,200,3,0,-15,-2,23,0,-541,148,-60,-20
9712,6.46,P,32,0,242,0,23,147,66,5,Z,27,2,332,0,15,131,157,2,0,-5,2,90,0,-8,-16,91,-3
9713,5.46,P,32,0,266,6,259,135,120,0,P,14,0,125,0,0,20,17,0,0,-18,0,-141,-6,-259,-115,-103,0
9714,9.59,Z,56,0,563,0,54,149,181,7,T,103,10,538,7,136,237,82,1,0,47,10,-25,7,82,88,-99,-6
9715,5.43,T,10,0,313,0,0,69,43,0,T,41,6,315,0,15,132,65,1,1,31,6,2,0,15,63,22,1
9716,10.03,P,72,9,554,3,90,291,149,0,P,26,0,429,0,0,86,61,0,0,-46,-9,-125,-3,-90,-205,-88,0
9717,4.59,Z,19,0,63,0,296,57,309,2,P,19,4,243,0,56,102,132,0,0,0,4,180,0,-240,45,-177,-2
9718,9.59,T,82,0,652,0,92,233,119,10,P,79,0,473,0,11,305,83,5,1,-3,0,-179,0,-81,72,-36,-5
9719,7.24,Z,64,0,459,0,482,179,230,5,T,63,3,248,0,309,186,76,12,0,-1,3,-211,0,-173,7,-154,7
9720,4.49,T,23,0,166,0,6,20,37,1,P,9,0,383,0,1,39,21,2,0,-14,0,217,0,-5,19,-16,1
9721,3.27,Z,11,1,97,2,27,67,54,0,T,21,0,168,0,314,104,67,3,0,10,-1,71,-2,287,37,13,3
9722,5.07,T,22,0,463,0,57,69,47,5,T,28,0,224,0,31,21,22,3,1,6,0,-239,0,-26,-48,-25,-2
9723,4.4,P,17,0,192,0,82,107,107,1,P,18,0,198,0,7,147,38,3,1,1,0,6,0,-75,40,-69,2
9724,5.18,Z,24,0,99,5,51,77,130,0,P,34,0,195,0,211,141,150,1,1,10,0,96,-5,160,64,20,1
9725,5.12,P,21,0,244,0,0,34,59,1,T,28,5,347,0,89,81,49,3,0,7,5,103,0,89,47,-10,2
9726,10.48,T,104,0,506,0,79,230,194,18,P,98,5,886,0,153,419,194,11,0,-6,5,380,0,74,189,0,-7
9727,9.59,T,95,0,788,0,173,297,167,9,P,72,0,539,0,40,324,105,17,0,-23,0,-249,0,-133,27,-62,8
9728,3.1,T,13,1,268,0,3,23,23,2,Z,11,0,167,0,33,40,43,4,1,-2,-1,-101,0,30,17,20,2
9729,9.59,Z,36,0,938,0,33,141,237,4,T,66,5,979,0,47,111,117,2,1,30,5,41,0,14,-30,-120,-2
9730,9.59,P,34,0,584,0,0,158,159,1,T,76,3,578,0,26,131,101,0,1,42,3,-6,0,26,-27,-58,-1
9731,8.08,T,99,2,547,0,343,217,114,10,Z,66,10,334,0,118,181,211,6,0,-33,8,-213,0,-225,-36,97,-4
9732,3.52,T,19,0,341,0,57,39,51,2,Z,15,0,418,0,89,23,129,7,0,-4,0,77,0,32,-16,78,5
9733,8.24,Z,47,3,394,0,30,160,112,1,T,67,0,456,0,686,234,183,11,1,20,-3,62,0,656,74,71,10
9734,9.57,P,48,0,717,0,29,271,85,1,T,68,0,479,0,918,258,268,5,1,20,0,-238,0,889,-13,183,4
9735,3.58,T,20,0,259,0,35,103,30,2,T,16,0,218,1,0,78,32,0,0,-4,0,-41,1,-35,-25,2,-2
9736,9.24,T,106,3,773,0,486,383,175,7,Z,76,1,611,0,27,147,248,1,0,-30,-2,-162,0,-459,-236,73,-6
9737,10.28,Z,40,7,442,0,16,52,182,2,P,50,3,646,0,4,117,108,1,1,10,-4,204,0,-12,65,-74,-1
9738,5.45,Z,34,0,514,0,66,47,111,2,Z,29,4,374,0,330,73,97,4,1,-5,4,-140,0,264,26,-14,2
9739,10.47,T,89,2,729,0,35,233,158,10,T,114,0,903,0,35,181,180,6,1,25,-2,174,0,0,-52,22,-4
9740,9.59,T,85,0,422,0,562,223,215,15,Z,76,0,186,0,0,112,247,0,0,-9,0,-236,0,-562,-111,32,-15
9741,1.36,Z,11,0,25,0,1,37,34,1,Z,6,2,75,0,26,36,70,0,0,-5,2,50,0,25,-1,36,-1
9742,3.43,T,22,0,217,0,138,64,37,3,Z,10,0,112,0,13,56,48,6,0,-12,0,-105,0,-125,-8,11,3
9743,9.52,T,25,0,447,0,0,31,83,0,P,33,0,682,0,0,119,63,0,1,8,0,235,0,0,88,-20,0
9744,9.59,P,45,0,692,0,18,133,90,0,T,26,0,466,9,13,21,86,0,1,-19,0,-226,9,-5,-112,-4,0
9745,9.59,T,64,5,262,1,125,194,86,7,T,36,1,654,0,0,253,75,0,0,-28,-4,392,-1,-125,59,-11,-7
9746,8.33,P,63,0,556,0,54,224,65,12,P,49,0,519,0,406,224,71,7,1,-14,0,-37,0,352,0,6,-5
9747,8,T,34,0,208,0,5,19,53,3,T,37,0,419,0,16,45,50,3,1,3,0,211,0,11,26,-3,0
9748,10.39,P,17,0,965,0,0,87,34,0,T,76,4,748,0,45,217,113,0,1,59,4,-217,0,45,130,79,0
9749,9.29,T,110,2,570,0,493,292,252,9,Z,50,0,866,0,14,195,234,8,0,-60,-2,296,0,-479,-97,-18,-1
9750,9.58,Z,56,1,270,0,32,121,246,0,T,80,1,1047,0,458,249,105,14,1,24,0,777,0,426,128,-141,14
9751,8.27,T,49,0,320,0,6,146,103,5,T,46,1,729,0,9,219,80,2,0,-3,1,409,0,3,73,-23,-3
9752,8.15,P,73,1,523,17,263,171,122,7,T,80,0,373,0,302,235,147,4,0,7,-1,-150,-17,39,64,25,-3
9753,4.41,T,24,1,529,0,39,71,32,2,P,25,0,511,0,5,122,35,2,0,1,-1,-18,0,-34,51,3,0
9754,6.12,Z,37,0,345,0,137,129,186,3,Z,36,8,284,0,88,158,122,10,0,-1,8,-61,0,-49,29,-64,7
9755,9.18,T,43,0,860,0,65,171,121,6,T,54,5,813,0,293,129,132,1,0,11,5,-47,0,228,-42,11,-5
9756,8.56,T,65,0,359,0,375,170,141,10,P,57,0,593,0,0,119,98,1,0,-8,0,234,0,-375,-51,-43,-9
9757,10.46,T,67,10,639,0,756,381,247,6,T,93,7,798,0,932,264,241,1,0,26,-3,159,0,176,-117,-6,-5
9758,4.34,Z,18,2,71,0,6,54,57,1,Z,20,0,148,0,68,97,57,4,1,2,-2,77,0,62,43,0,3
9759,10.08,Z,47,0,300,0,8,73,159,1,P,32,3,663,0,6,190,99,1,1,-15,3,363,0,-2,117,-60,0
9760,2.19,Z,5,0,76,0,6,6,119,2,Z,9,1,54,0,45,10,29,1,0,4,1,-22,0,39,4,-90,-1
9761,8.05,T,55,0,492,0,126,251,274,10,T,63,3,621,0,71,274,223,0,0,8,3,129,0,-55,23,-51,-10
9762,6.16,P,40,1,300,12,48,67,75,2,T,44,0,300,0,198,184,127,6,1,4,-1,0,-12,150,117,52,4
9763,6.06,P,47,0,197,0,79,146,64,10,T,51,0,278,0,156,147,70,6,1,4,0,81,0,77,1,6,-4
9764,9.59,Z,79,13,500,0,244,366,498,9,Z,94,2,624,0,650,278,454,18,0,15,-11,124,0,406,-88,-44,9
9765,5.51,P,29,0,168,0,0,104,46,0,T,29,0,585,0,49,117,86,14,1,0,0,417,0,49,13,40,14
9766,9.56,Z,40,0,412,0,51,202,178,2,T,79,0,461,0,30,243,125,11,1,39,0,49,0,-21,41,-53,9
9767,6.2,T,40,0,414,0,305,223,194,5,T,53,2,197,0,86,110,133,15,1,13,2,-217,0,-219,-113,-61,10
9768,9.59,T,119,0,435,0,350,332,112,10,Z,84,8,576,0,97,299,243,9,0,-35,8,141,0,-253,-33,131,-1
9769,5.4,Z,35,3,178,0,70,108,108,7,T,39,0,339,0,3,136,162,7,0,4,-3,161,0,-67,28,54,0
9770,7.12,T,62,0,473,0,58,285,92,14,T,58,0,269,0,2,202,114,5,1,-4,0,-204,0,-56,-83,22,-9
9771,5.4,T,30,0,253,0,34,90,44,13,T,35,4,325,0,228,55,77,5,1,5,4,72,0,194,-35,33,-8
9772,3.02,T,12,0,127,0,35,33,13,1,Z,14,8,114,0,83,60,82,0,1,2,8,-13,0,48,27,69,-1
9773,5.23,P,28,0,188,7,376,165,68,0,T,32,0,370,0,366,143,172,5,1,4,0,182,-7,-10,-22,104,5
9774,7.19,Z,33,10,332,0,23,126,87,0,T,64,1,584,0,166,152,111,5,1,31,-9,252,0,143,26,24,5
9775,5.37,T,38,0,279,0,184,146,65,5,Z,26,2,280,0,193,74,171,2,1,-12,2,1,0,9,-72,106,-3
9776,8.58,Z,70,0,653,0,77,187,199,4,Z,55,8,519,0,94,163,219,0,0,-15,8,-134,0,17,-24,20,-4
9777,9.57,P,44,6,375,0,42,80,46,3,T,35,0,646,0,3,87,75,1,0,-9,-6,271,0,-39,7,29,-2
9778,9.59,Z,79,3,438,0,59,197,217,5,T,116,9,385,1,657,280,143,7,0,37,6,-53,1,598,83,-74,2
9779,9.59,P,41,0,894,0,1,122,70,2,P,27,0,132,0,9,46,43,0,0,-14,0,-762,0,8,-76,-27,-2
9780,9.59,T,42,0,784,0,0,168,75,0,T,51,0,781,0,0,133,82,0,1,9,0,-3,0,0,-35,7,0
9781,7.39,P,39,0,422,0,103,218,108,5,T,38,2,471,0,315,233,108,5,0,-1,2,49,0,212,15,0,0
9782,2.54,T,8,0,273,0,76,41,20,5,T,14,0,156,0,151,49,82,12,1,6,0,-117,0,75,8,62,7
9783,7.44,P,40,0,430,0,5,125,103,2,T,51,2,479,0,16,142,86,5,1,11,2,49,0,11,17,-17,3
9784,10.18,P,29,0,944,0,16,163,49,3,T,47,5,652,0,46,72,79,1,1,18,5,-292,0,30,-91,30,-2
9785,10.1,T,89,2,412,0,248,328,263,8,T,128,4,550,0,74,354,384,1,0,39,2,138,0,-174,26,121,-7
9786,9.44,Z,66,7,779,0,782,191,303,5,Z,67,1,880,0,497,157,190,1,1,1,-6,101,0,-285,-34,-113,-4
9787,10.11,P,71,0,658,0,104,373,73,14,Z,77,0,851,0,147,359,261,12,0,6,0,193,0,43,-14,188,-2
9788,8.11,T,60,0,542,0,512,285,113,7,T,86,0,447,0,54,195,145,14,0,26,0,-95,0,-458,-90,32,7
9789,4.14,T,19,0,235,0,259,62,17,9,T,28,0,155,0,282,80,88,7,1,9,0,-80,0,23,18,71,-2
9790,8.37,Z,64,7,375,0,369,145,289,1,T,67,9,419,0,400,92,145,5,0,3,2,44,0,31,-53,-144,4
9791,5.03,Z,25,0,59,0,11,77,98,3,Z,23,0,240,0,56,30,99,3,0,-2,0,181,0,45,-47,1,0
9792,3.34,T,20,0,228,0,15,98,50,9,P,16,0,296,0,104,141,113,5,0,-4,0,68,0,89,43,63,-4
9793,9.58,Z,55,0,678,0,65,98,204,2,P,104,4,552,0,100,338,119,4,1,49,4,-126,0,35,240,-85,2
9794,5.34,P,39,0,189,0,289,170,143,5,P,48,3,242,0,302,175,64,14,1,9,3,53,0,13,5,-79,9
9795,9.3,T,67,7,371,0,37,257,109,2,T,65,0,584,0,34,159,149,1,0,-2,-7,213,0,-3,-98,40,-1
9796,8.2,T,107,6,619,17,385,286,114,2,T,85,2,313,2,83,252,97,8,0,-22,-4,-306,-15,-302,-34,-17,6
9797,5.36,T,23,2,299,0,80,126,62,3,P,18,1,140,0,0,66,130,2,1,-5,-1,-159,0,-80,-60,68,-1
9798,7.45,Z,32,2,271,0,17,104,88,0,T,76,4,405,0,279,152,97,1,1,44,2,134,0,262,48,9,1
9799,5.31,T,42,3,203,0,28,125,68,0,Z,29,0,296,0,20,140,98,3,1,-13,-3,93,0,-8,15,30,3
9800,3.3,P,24,0,185,0,122,117,32,4,Z,18,1,151,2,24,94,52,2,1,-6,1,-34,2,-98,-23,20,-2
9801,6.4,Z,38,6,485,0,336,232,178,0,Z,43,5,321,0,152,181,217,14,1,5,-1,-164,0,-184,-51,39,14
9802,5.39,T,33,2,318,0,52,182,59,1,P,48,4,452,0,395,182,48,0,0,15,2,134,0,343,0,-11,-1
9803,10.53,Z,63,0,636,0,0,336,251,3,Z,70,4,704,0,778,216,195,6,1,7,4,68,0,778,-120,-56,3
9804,9.59,T,50,1,560,0,14,52,74,4,T,79,0,830,0,15,184,141,6,1,29,-1,270,0,1,132,67,2
9805,9.59,P,70,0,472,0,68,169,155,13,T,72,2,547,0,35,69,71,3,1,2,2,75,0,-33,-100,-84,-10
9806,9.59,T,64,0,593,0,4,204,99,3,T,25,0,585,0,0,28,47,0,0,-39,0,-8,0,-4,-176,-52,-3
9807,6.03,P,14,0,173,0,0,8,19,0,T,31,0,520,0,0,28,59,2,1,17,0,347,0,0,20,40,2
9808,6.49,T,45,0,389,0,370,108,164,10,P,45,0,194,0,63,252,52,3,1,0,0,-195,0,-307,144,-112,-7
9809,3.14,T,16,0,76,0,61,61,109,3,P,11,0,68,0,0,33,25,0,0,-5,0,-8,0,-61,-28,-84,-3
9810,9.59,P,65,4,519,0,37,237,64,3,Z,40,0,579,0,3,161,131,1,0,-25,-4,60,0,-34,-76,67,-2
9811,5.31,Z,17,0,250,0,11,19,52,1,P,30,1,272,0,113,84,96,7,1,13,1,22,0,102,65,44,6
9812,6.14,P,40,0,500,0,39,107,45,2,Z,35,0,494,0,193,82,163,4,1,-5,0,-6,0,154,-25,118,2
9813,9.13,T,92,6,284,0,408,117,138,3,T,76,0,496,0,662,214,199,7,0,-16,-6,212,0,254,97,61,4
9814,7.33,P,58,0,557,0,11,165,68,4,Z,48,0,366,0,107,214,231,9,0,-10,0,-191,0,96,49,163,5
9815,9.59,T,47,0,741,0,41,114,62,5,P,51,1,518,0,30,222,175,20,1,4,1,-223,0,-11,108,113,15
9816,10.49,T,106,0,657,0,103,354,148,9,Z,113,9,696,0,729,257,313,10,1,7,9,39,0,626,-97,165,1
9817,5.14,Z,30,2,263,0,91,117,234,5,P,35,0,238,0,355,185,55,5,1,5,-2,-25,0,264,68,-179,0
9818,9.59,Z,56,12,537,0,444,453,400,5,Z,55,0,529,0,234,425,249,18,1,-1,-12,-8,0,-210,-28,-151,13
9819,4.33,T,23,4,235,0,53,64,44,0,T,19,0,416,0,3,44,38,3,0,-4,-4,181,0,-50,-20,-6,3
9820,8.08,P,45,0,340,0,55,78,43,13,Z,57,3,357,0,84,162,195,2,1,12,3,17,0,29,84,152,-11
9821,8.13,T,51,0,607,0,17,31,76,6,P,32,0,529,0,13,65,47,11,1,-19,0,-78,0,-4,34,-29,5
9822,6.24,Z,19,0,142,0,14,64,129,1,P,53,4,318,0,52,106,75,1,1,34,4,176,0,38,42,-54,0
9823,5.06,T,26,0,409,0,225,153,74,11,T,43,0,157,3,480,72,91,4,1,17,0,-252,3,255,-81,17,-7
9824,2.26,T,5,0,93,0,3,8,11,1,T,10,0,90,0,2,8,11,0,0,5,0,-3,0,-1,0,0,-1
9825,2.59,T,12,2,98,0,0,33,31,0,T,14,7,113,0,11,64,30,0,0,2,5,15,0,11,31,-1,0
9826,9.59,Z,48,8,117,0,41,102,133,0,P,24,0,604,0,0,91,44,0,0,-24,-8,487,0,-41,-11,-89,0
9827,9.57,T,42,3,477,0,4,36,65,0,T,28,0,336,0,0,52,66,0,1,-14,-3,-141,0,-4,16,1,0
9828,3.38,P,18,0,106,0,33,56,73,8,T,16,0,286,0,278,123,134,11,0,-2,0,180,0,245,67,61,3
9829,9.03,Z,56,0,451,6,286,191,216,16,Z,50,9,221,0,603,227,266,7,0,-6,9,-230,-6,317,36,50,-9
9830,5.46,T,28,0,532,0,19,15,35,2,P,18,0,108,0,18,28,26,4,1,-10,0,-424,0,-1,13,-9,2
9831,9.57,T,54,0,781,0,22,166,127,6,T,65,16,495,0,19,165,91,0,1,11,16,-286,0,-3,-1,-36,-6
9832,9.59,P,70,0,739,0,144,294,125,8,T,88,14,508,0,450,235,168,2,0,18,14,-231,0,306,-59,43,-6
9833,4.56,Z,38,0,128,5,80,160,215,3,Z,27,0,198,13,32,100,109,1,0,-11,0,70,8,-48,-60,-106,-2
9834,9.59,Z,91,3,407,0,614,185,253,6,T,106,7,553,8,64,237,257,1,0,15,4,146,8,-550,52,4,-5
9835,10.25,T,50,3,619,0,5,94,101,0,P,75,3,755,0,294,250,158,7,1,25,0,136,0,289,156,57,7
9836,10.45,T,117,0,442,0,356,434,195,32,Z,91,8,614,1,104,202,323,9,1,-26,8,172,1,-252,-232,128,-23
9837,4.35,P,21,0,189,0,49,83,60,8,Z,22,0,310,0,21,55,99,3,1,1,0,121,0,-28,-28,39,-5
9838,3.1,P,16,1,87,0,0,136,21,0,Z,16,2,163,0,223,75,58,1,1,0,1,76,0,223,-61,37,1
9839,6.21,Z,27,0,207,0,27,70,96,0,T,44,0,215,0,301,203,94,4,1,17,0,8,0,274,133,-2,4
9840,5.54,Z,27,1,290,0,149,151,129,5,Z,29,0,320,0,157,161,99,7,1,2,-1,30,0,8,10,-30,2
9841,9.57,T,61,0,439,0,26,311,131,9,P,105,0,338,0,215,257,80,5,0,44,0,-101,0,189,-54,-51,-4
9842,10.15,Z,108,0,577,0,408,250,447,12,T,115,0,595,0,883,306,193,9,0,7,0,18,0,475,56,-254,-3
9843,6.54,T,34,0,239,0,8,108,79,14,Z,39,3,389,0,331,152,136,7,0,5,3,150,0,323,44,57,-7
9844,6.29,P,47,1,175,0,543,75,52,13,T,58,0,277,0,284,210,53,12,0,11,-1,102,0,-259,135,1,-1
9845,8.37,P,48,0,204,0,16,219,150,2,T,83,2,438,0,32,295,121,3,1,35,2,234,0,16,76,-29,1
9846,3.06,P,23,0,60,0,449,8,108,4,T,15,3,119,0,15,29,21,1,1,-8,3,59,0,-434,21,-87,-3
9847,9.59,P,64,3,476,0,348,251,146,8,P,56,0,493,0,14,266,95,5,1,-8,-3,17,0,-334,15,-51,-3
9848,10.14,P,54,0,407,0,32,184,129,3,Z,59,4,249,0,239,145,259,1,1,5,4,-158,0,207,-39,130,-2
9849,5.3,Z,32,1,202,0,32,104,109,1,Z,36,13,208,0,30,127,134,0,0,4,12,6,0,-2,23,25,-1
9850,6.24,Z,26,1,298,0,35,99,104,5,T,44,4,381,0,603,68,223,5,1,18,3,83,0,568,-31,119,0
9851,4.54,P,23,0,238,0,1,31,47,1,P,24,0,113,0,0,38,27,1,1,1,0,-125,0,-1,7,-20,0
9852,9.39,Z,43,1,455,0,19,142,170,3,Z,49,0,620,0,66,111,154,4,1,6,-1,165,0,47,-31,-16,1
9853,9.43,Z,70,0,359,0,213,175,322,3,Z,55,6,218,0,54,65,193,0,0,-15,6,-141,0,-159,-110,-129,-3
9854,5.23,T,28,0,487,0,24,22,22,5,P,17,0,174,0,4,31,29,6,1,-11,0,-313,0,-20,9,7,1
9855,9.59,Z,84,10,307,0,106,368,325,0,P,53,0,627,0,41,294,79,3,0,-31,-10,320,0,-65,-74,-246,3
9856,5,T,24,0,294,0,2,70,41,1,Z,30,6,75,0,11,58,63,2,0,6,6,-219,0,9,-12,22,1
9857,7.03,T,53,0,411,8,127,115,85,0,Z,44,0,244,0,8,102,189,5,0,-9,0,-167,-8,-119,-13,104,5
9858,9.32,T,72,0,680,0,99,303,93,11,P,32,0,366,0,1,93,70,1,0,-40,0,-314,0,-98,-210,-23,-10
9859,9.59,P,76,4,495,0,282,313,177,10,Z,68,4,417,0,36,242,249,0,1,-8,0,-78,0,-246,-71,72,-10
9860,5.05,Z,22,0,311,0,9,66,98,1,Z,16,0,147,0,8,114,109,0,0,-6,0,-164,0,-1,48,11,-1
9861,4.24,P,15,0,209,0,0,46,33,0,T,27,3,179,0,106,175,38,2,1,12,3,-30,0,106,129,5,2
9862,9.58,P,75,0,415,0,125,189,116,10,Z,80,3,385,0,413,235,280,3,1,5,3,-30,0,288,46,164,-7
9863,8.52,Z,79,4,454,3,478,492,342,11,Z,72,12,463,0,134,280,330,8,0,-7,8,9,-3,-344,-212,-12,-3
9864,8.57,T,67,1,618,0,166,336,114,11,Z,51,0,333,0,0,150,243,5,1,-16,-1,-285,0,-166,-186,129,-6
9865,9.59,T,67,3,491,0,36,141,62,7,Z,58,0,564,0,17,134,170,3,1,-9,-3,73,0,-19,-7,108,-4
9866,9.59,T,82,0,517,0,930,226,403,5,T,68,10,1209,0,112,59,85,0,1,-14,10,692,0,-818,-167,-318,-5
9867,8.48,Z,49,0,357,0,258,139,286,6,T,69,0,595,0,33,69,83,2,1,20,0,238,0,-225,-70,-203,-4
9868,8.33,P,79,2,502,7,60,147,91,0,Z,76,13,600,0,470,267,193,3,1,-3,11,98,-7,410,120,102,3
9869,5.12,T,31,4,191,0,4,101,220,5,T,32,0,288,0,441,123,91,11,1,1,-4,97,0,437,22,-129,6
9870,4.55,T,23,1,399,0,7,75,37,1,P,24,2,243,0,9,114,26,0,0,1,1,-156,0,2,39,-11,-1
9871,7.15,T,53,0,325,0,250,148,171,3,Z,49,1,512,0,37,159,197,0,0,-4,1,187,0,-213,11,26,-3
9872,9.59,Z,146,6,563,0,310,256,447,9,P,89,3,518,0,203,323,77,16,1,-57,-3,-45,0,-107,67,-370,7
9873,9.59,P,61,0,643,0,22,350,157,6,P,77,0,503,0,80,320,153,4,0,16,0,-140,0,58,-30,-4,-2
9874,9.59,T,53,0,522,0,0,88,119,1,T,61,4,628,0,36,183,98,1,0,8,4,106,0,36,95,-21,0
9875,8.34,P,51,0,408,10,64,172,77,0,Z,43,7,668,0,130,142,145,0,0,-8,7,260,-10,66,-30,68,0
9876,9.59,Z,97,28,505,0,128,219,287,8,T,140,9,222,1,520,184,202,11,1,43,-19,-283,1,392,-35,-85,3
9877,7.11,P,29,2,434,0,8,71,40,0,P,25,0,504,0,0,32,35,1,0,-4,-2,70,0,-8,-39,-5,1
9878,9.58,T,45,0,315,0,6,31,52,3,T,72,0,769,0,8,113,92,4,1,27,0,454,0,2,82,40,1
9879,5.2,Z,21,0,221,0,9,99,70,2,Z,21,1,130,0,0,32,69,0,1,0,1,-91,0,-9,-67,-1,-2
9880,4.32,T,21,0,304,0,0,69,73,4,Z,16,3,46,0,8,35,55,0,1,-5,3,-258,0,8,-34,-18,-4
9881,3.31,T,23,0,53,0,310,76,93,5,P,19,1,145,0,428,117,152,3,0,-4,1,92,0,118,41,59,-2
9882,8.31,P,34,0,741,0,23,81,56,6,T,42,5,283,0,78,112,76,1,0,8,5,-458,0,55,31,20,-5
9883,4.56,P,30,0,192,0,19,49,30,2,Z,17,2,106,0,13,25,59,0,1,-13,2,-86,0,-6,-24,29,-2
9884,9.59,Z,46,0,429,0,18,163,159,2,T,43,0,782,0,0,40,108,0,0,-3,0,353,0,-18,-123,-51,-2
9885,3.11,Z,12,0,168,0,4,47,81,2,Z,17,0,90,0,321,50,63,2,1,5,0,-78,0,317,3,-18,0
9886,3.4,T,21,3,172,0,269,25,83,1,P,13,1,130,0,2,82,26,0,1,-8,-2,-42,0,-267,57,-57,-1
9887,6.23,P,38,0,278,10,98,89,61,1,T,29,0,650,0,5,31,93,3,1,-9,0,372,-10,-93,-58,32,2
9888,9.59,T,91,0,638,0,384,120,121,8,Z,69,0,634,0,0,58,220,0,0,-22,0,-4,0,-384,-62,99,-8
9889,8.05,P,34,0,321,0,15,84,56,4,P,39,4,730,0,11,76,49,0,1,5,4,409,0,-4,-8,-7,-4
9890,3.15,Z,18,1,130,0,73,163,92,3,Z,15,0,203,0,48,44,62,6,1,-3,-1,73,0,-25,-119,-30,3
9891,9.59,P,52,1,801,0,9,118,78,2,Z,57,1,501,0,3,97,167,0,1,5,0,-300,0,-6,-21,89,-2
9892,4.32,P,11,0,335,0,5,74,41,1,T,17,0,240,0,150,142,46,6,0,6,0,-95,0,145,68,5,5
9893,9.05,T,86,0,512,0,613,307,170,28,T,88,2,718,0,300,225,161,2,1,2,2,206,0,-313,-82,-9,-26
9894,9.28,T,128,0,505,0,557,148,140,19,P,73,1,398,0,209,244,150,5,0,-55,1,-107,0,-348,96,10,-14
9895,3.21,Z,14,2,278,0,5,44,58,0,Z,13,2,88,0,113,45,55,2,0,-1,0,-190,0,108,1,-3,2
9896,6.43,P,27,5,218,0,10,86,45,3,Z,27,5,451,0,58,138,148,0,1,0,0,233,0,48,52,103,-3
9897,4.28,Z,27,0,199,0,23,53,83,3,Z,20,0,156,0,10,29,53,2,0,-7,0,-43,0,-13,-24,-30,-1
9898,7.27,Z,58,5,199,0,91,164,126,5,T,71,0,425,0,608,324,67,13,0,13,-5,226,0,517,160,-59,8
9899,9.06,Z,35,2,557,0,23,236,143,0,Z,34,2,610,0,9,248,209,0,0,-1,0,53,0,-14,12,66,0
9900,4.54,P,20,1,181,0,82,53,100,0,Z,18,0,134,0,8,32,66,3,0,-2,-1,-47,0,-74,-21,-34,3
9901,9.59,T,85,0,560,0,231,275,186,4,P,56,0,841,0,22,220,72,4,1,-29,0,281,0,-209,-55,-114,0
9902,9.59,Z,80,13,384,7,414,298,373,13,T,95,9,954,0,707,225,149,7,1,15,-4,570,-7,293,-73,-224,-6
9903,4.2,Z,18,0,225,0,26,51,54,1,Z,20,2,236,0,37,55,78,4,1,2,2,11,0,11,4,24,3
9904,4.49,Z,15,0,357,0,33,60,151,3,Z,23,1,194,0,14,60,93,0,1,8,1,-163,0,-19,0,-58,-3
9905,9.59,Z,79,0,402,0,313,263,355,2,T,103,0,630,0,694,265,101,10,1,24,0,228,0,381,2,-254,8
9906,5.57,P,35,0,244,1,6,193,77,2,P,25,3,447,0,9,123,46,0,0,-10,3,203,-1,3,-70,-31,-2
9907,5.55,P,31,0,123,14,47,113,67,1,Z,38,4,210,0,148,111,190,8,1,7,4,87,-14,101,-2,123,7
9908,9.59,T,107,3,598,0,89,318,130,2,Z,67,1,652,0,202,300,394,10,1,-40,-2,54,0,113,-18,264,8
9909,9.59,P,36,0,258,0,9,90,40,2,T,60,5,311,0,105,92,63,2,1,24,5,53,0,96,2,23,0
9910,9.59,P,113,0,500,0,426,344,246,8,Z,60,0,553,0,0,271,203,0,0,-53,0,53,0,-426,-73,-43,-8
9911,9.59,P,58,0,447,0,22,161,91,4,T,67,1,435,0,34,148,79,5,1,9,1,-12,0,12,-13,-12,1
9912,9.58,P,47,4,671,0,43,182,51,2,Z,61,9,492,0,271,167,208,0,0,14,5,-179,0,228,-15,157,-2
9913,5.17,Z,19,1,166,0,78,170,85,2,Z,20,0,60,0,57,54,148,3,1,1,-1,-106,0,-21,-116,63,1
9914,6.29,T,37,0,572,0,2,89,75,1,P,44,4,436,0,40,147,135,7,1,7,4,-136,0,38,58,60,6
9915,8.24,Z,42,3,424,0,21,70,131,5,T,79,0,594,0,98,228,130,11,1,37,-3,170,0,77,158,-1,6
9916,8.27,Z,45,2,538,0,160,491,302,5,T,60,0,389,0,4,132,205,4,0,15,-2,-149,0,-156,-359,-97,-1
9917,0.23,Z,2,0,9,0,0,1,3,1,Z,2,0,19,0,2,5,8,0,1,0,0,10,0,2,4,5,-1
9918,8.11,Z,51,1,438,0,208,233,207,1,P,47,0,297,0,1,161,103,1,1,-4,-1,-141,0,-207,-72,-104,0
9919,9.59,P,56,2,469,0,9,115,77,1,Z,81,0,309,0,53,187,254,2,1,25,-2,-160,0,44,72,177,1
9920,9.59,T,105,5,794,0,94,293,224,0,P,63,2,779,0,298,256,138,4,0,-42,-3,-15,0,204,-37,-86,4
9921,9.55,P,80,0,598,0,334,313,225,15,T,83,0,482,0,48,191,117,5,0,3,0,-116,0,-286,-122,-108,-10
9922,7.17,T,43,0,241,0,164,99,48,3,Z,36,8,193,0,74,111,104,1,0,-7,8,-48,0,-90,12,56,-2
9923,9.59,T,96,0,553,0,256,355,318,10,T,115,6,355,0,418,187,113,5,0,19,6,-198,0,162,-168,-205,-5
9924,10.28,T,77,3,261,0,17,158,95,0,P,50,0,433,0,0,197,76,0,1,-27,-3,172,0,-17,39,-19,0
9925,9.16,Z,82,10,519,0,660,391,303,5,P,90,1,531,0,39,254,90,8,0,8,-9,12,0,-621,-137,-213,3
9926,6.03,Z,28,0,341,0,19,136,121,2,Z,26,0,266,0,10,82,109,2,0,-2,0,-75,0,-9,-54,-12,0
9927,2.16,Z,8,0,92,0,0,6,27,0,P,8,0,53,0,0,7,6,0,1,0,0,-39,0,0,1,-21,0
9928,8.57,P,56,0,446,0,69,217,67,7,P,120,4,396,0,335,362,175,13,1,64,4,-50,0,266,145,108,6
9929,8.49,P,42,5,352,0,18,290,76,0,P,44,5,534,0,4,74,71,0,1,2,0,182,0,-14,-216,-5,0
9930,6.16,T,25,2,368,0,4,65,56,0,T,46,0,535,0,13,103,173,5,1,21,-2,167,0,9,38,117,5
9931,9.59,Z,62,0,578,0,91,186,167,17,T,95,1,612,0,72,87,122,3,0,33,1,34,0,-19,-99,-45,-14
9932,4.2,P,19,0,128,0,0,292,6,0,T,11,0,191,0,0,73,41,0,0,-8,0,63,0,0,-219,35,0
9933,8.18,T,39,1,583,0,18,48,50,1,P,33,0,283,0,2,158,47,2,0,-6,-1,-300,0,-16,110,-3,1
9934,4.51,T,19,0,132,0,0,111,228,1,T,28,0,324,0,17,96,77,3,0,9,0,192,0,17,-15,-151,2
9935,9.53,T,55,5,570,0,963,158,143,2,T,53,4,553,0,327,134,104,2,0,-2,-1,-17,0,-636,-24,-39,0
9936,9.59,P,82,10,715,0,67,223,89,3,Z,93,9,669,0,87,226,193,0,1,11,-1,-46,0,20,3,104,-3
9937,10.14,Z,68,5,255,0,37,145,221,2,P,54,1,673,0,12,239,86,6,1,-14,-4,418,0,-25,94,-135,4
9938,6.45,Z,51,1,456,0,268,109,136,2,Z,58,0,221,0,151,110,197,4,1,7,-1,-235,0,-117,1,61,2
9939,9.59,T,140,0,518,0,170,431,179,8,Z,74,0,733,0,315,235,247,6,1,-66,0,215,0,145,-196,68,-2
9940,9.57,Z,52,4,260,0,26,149,205,4,Z,61,0,666,0,20,203,192,2,0,9,-4,406,0,-6,54,-13,-2
9941,9.11,T,85,0,817,0,15,300,130,5,Z,55,8,475,0,39,102,185,0,1,-30,8,-342,0,24,-198,55,-5
9942,9.44,P,121,0,298,0,379,351,112,14,Z,77,7,534,0,445,286,321,9,0,-44,7,236,0,66,-65,209,-5
9943,10.51,T,104,0,530,5,706,276,293,5,Z,96,0,596,32,458,165,484,0,0,-8,0,66,27,-248,-111,191,-5
9944,9.41,T,66,6,1016,0,43,116,99,0,T,75,7,569,0,845,193,304,1,1,9,1,-447,0,802,77,205,1
9945,8.43,T,90,0,442,0,236,238,233,19,Z,71,0,440,0,129,218,362,4,0,-19,0,-2,0,-107,-20,129,-15
9946,9.59,T,83,4,645,0,84,244,154,1,P,69,0,586,0,17,113,98,1,0,-14,-4,-59,0,-67,-131,-56,0
9947,9.58,T,100,5,508,0,428,187,126,5,P,72,3,482,0,158,314,207,8,0,-28,-2,-26,0,-270,127,81,3
9948,4.42,Z,24,4,190,0,102,97,166,1,T,30,0,465,0,393,72,16,7,0,6,-4,275,0,291,-25,-150,6
9949,9.59,T,50,5,839,0,3,225,143,0,Z,70,1,350,0,27,178,228,3,1,20,-4,-489,0,24,-47,85,3
9950,2.19,Z,7,3,60,0,358,16,21,0,P,3,2,83,0,320,25,19,0,1,-4,-1,23,0,-38,9,-2,0
9951,9.59,Z,84,2,550,0,262,254,260,5,T,101,0,555,0,207,216,166,22,1,17,-2,5,0,-55,-38,-94,17
9952,4.25,Z,26,0,152,15,149,93,166,4,P,24,1,278,0,91,144,41,4,1,-2,1,126,-15,-58,51,-125,0
9953,8.12,T,51,0,601,0,1,85,84,2,Z,55,9,266,1,65,225,173,3,1,4,9,-335,1,64,140,89,1
9954,9.33,P,109,0,557,0,678,317,203,12,T,93,0,858,0,414,319,187,9,0,-16,0,301,0,-264,2,-16,-3
9955,6.48,P,44,3,280,23,410,197,119,3,T,71,0,315,0,432,162,104,12,1,27,-3,35,-23,22,-35,-15,9
9956,8.13,Z,44,3,567,0,29,132,167,0,T,68,0,219,0,355,186,162,11,1,24,-3,-348,0,326,54,-5,11
9957,9.59,Z,64,10,482,0,55,120,186,3,T,80,7,849,0,101,340,175,2,0,16,-3,367,0,46,220,-11,-1
9958,7.52,T,58,4,437,0,353,159,129,1,Z,34,0,124,2,55,115,114,0,0,-24,-4,-313,2,-298,-44,-15,-1
9959,8.07,P,41,1,514,0,101,174,123,4,T,52,0,583,0,47,84,77,16,0,11,-1,69,0,-54,-90,-46,12
9960,3.33,T,22,1,187,0,0,38,52,0,P,23,0,28,0,183,129,62,4,0,1,-1,-159,0,183,91,10,4
9961,8,T,46,0,399,0,23,66,59,1,T,70,4,512,0,25,165,128,0,0,24,4,113,0,2,99,69,-1
9962,5.07,Z,23,0,84,0,0,26,68,0,Z,28,0,230,0,12,51,53,3,1,5,0,146,0,12,25,-15,3
9963,8.51,T,55,4,274,0,15,124,106,0,P,61,1,542,0,20,406,144,1,1,6,-3,268,0,5,282,38,1
9964,9.14,T,133,4,467,0,793,255,136,15,Z,113,0,670,0,816,274,339,12,0,-20,-4,203,0,23,19,203,-3
9965,5.38,P,30,1,415,0,57,190,64,5,Z,24,0,280,0,7,77,65,1,0,-6,-1,-135,0,-50,-113,1,-4
9966,4.19,P,24,1,250,0,219,119,48,18,Z,29,8,93,0,149,121,107,2,1,5,7,-157,0,-70,2,59,-16
9967,9.59,T,39,0,429,0,0,82,118,1,T,47,0,456,0,4,198,115,1,1,8,0,27,0,4,116,-3,0
9968,8.42,P,49,5,744,0,12,95,46,4,Z,48,1,354,0,32,26,129,1,0,-1,-4,-390,0,20,-69,83,-3
9969,7.06,P,67,3,296,0,223,242,103,5,Z,52,0,751,0,46,104,155,5,0,-15,-3,455,0,-177,-138,52,0
9970,9.59,Z,57,6,645,0,85,76,156,3,Z,44,0,402,0,25,58,182,5,1,-13,-6,-243,0,-60,-18,26,2
9971,3.39,T,17,1,154,0,0,31,36,0,P,17,0,167,0,55,75,21,2,1,0,-1,13,0,55,44,-15,2
9972,9.58,T,80,4,869,0,14,411,195,1,Z,41,2,365,0,14,224,130,3,0,-39,-2,-504,0,0,-187,-65,2
9973,4.1,Z,23,5,221,0,149,85,148,9,Z,21,5,222,0,250,117,89,5,1,-2,0,1,0,101,32,-59,-4
9974,9.43,Z,61,5,424,0,139,209,291,5,T,71,0,352,0,30,252,362,5,0,10,-5,-72,0,-109,43,71,0
9975,9.59,T,81,7,579,0,36,227,101,4,P,50,8,806,0,20,124,63,0,1,-31,1,227,0,-16,-103,-38,-4
9976,4.21,P,20,0,174,0,10,62,56,4,P,24,0,81,0,10,50,22,2,1,4,0,-93,0,0,-12,-34,-2
9977,7.2,Z,43,0,538,0,472,127,146,10,P,43,0,451,0,75,189,97,11,1,0,0,-87,0,-397,62,-49,1
9978,3.08,Z,8,0,154,0,42,46,102,4,Z,12,0,194,0,39,74,158,2,1,4,0,40,0,-3,28,56,-2
9979,8.12,T,73,5,429,0,51,223,149,6,P,50,5,544,0,12,110,89,1,0,-23,0,115,0,-39,-113,-60,-5
9980,9.59,T,100,0,829,0,40,173,102,8,Z,68,11,648,0,193,197,364,2,1,-32,11,-181,0,153,24,262,-6
9981,6.04,T,77,0,241,0,383,183,141,14,P,77,0,332,0,456,205,138,14,1,0,0,91,0,73,22,-3,0
9982,9.59,P,70,10,519,0,15,279,66,0,T,62,3,771,0,56,85,54,4,1,-8,-7,252,0,41,-194,-12,4
9983,8.21,Z,52,1,264,0,268,235,235,4,Z,68,1,402,0,109,185,260,3,0,16,0,138,0,-159,-50,25,-1
9984,9.59,P,76,1,495,0,42,318,143,0,P,42,3,665,0,15,153,101,0,1,-34,2,170,0,-27,-165,-42,0
9985,6.4,Z,30,0,296,0,18,80,74,5,T,61,2,263,0,152,148,76,7,1,31,2,-33,0,134,68,2,2
9986,7.05,P,31,0,833,0,4,30,43,2,P,18,0,277,0,1,84,30,4,0,-13,0,-556,0,-3,54,-13,2
9987,9.58,T,49,0,648,0,0,89,126,0,Z,53,1,844,0,23,80,122,1,1,4,1,196,0,23,-9,-4,1
9988,9.58,P,90,0,668,0,307,247,98,11,T,117,0,542,0,809,172,143,22,0,27,0,-126,0,502,-75,45,11
9989,8.59,T,41,2,740,0,6,102,105,0,P,44,0,777,0,37,371,64,16,0,3,-2,37,0,31,269,-41,16
9990,8.56,Z,82,6,467,0,159,177,251,12,T,44,0,797,0,6,119,118,6,0,-38,-6,330,0,-153,-58,-133,-6
9991,9.02,T,110,6,304,0,403,178,135,4,Z,115,11,522,0,351,248,319,2,1,5,5,218,0,-52,70,184,-2
9992,9.54,T,87,0,514,0,84,139,121,12,Z,66,10,318,0,80,104,245,0,1,-21,10,-196,0,-4,-35,124,-12
9993,9.59,T,65,0,514,0,307,162,118,7,Z,55,5,247,7,98,160,213,1,0,-10,5,-267,7,-209,-2,95,-6
9994,9.58,T,124,0,387,0,491,414,235,8,P,112,0,365,0,95,409,102,16,0,-12,0,-22,0,-396,-5,-133,8
9995,6.37,P,44,2,456,0,11,104,47,0,Z,28,2,169,0,11,36,114,0,0,-16,0,-287,0,0,-68,67,0
9996,6.59,T,40,0,295,0,118,151,220,6,P,21,0,237,0,0,59,50,0,0,-19,0,-58,0,-118,-92,-170,-6
9997,9.59,Z,75,0,773,0,222,364,353,17,Z,63,0,602,0,11,141,287,1,0,-12,0,-171,0,-211,-223,-66,-16
9998,3.41,T,15,0,214,0,2,82,27,2,Z,14,0,128,0,27,74,61,5,1,-1,0,-86,0,25,-8,34,3
9999,9.51,Z,51,9,324,0,356,142,213,0,T,39,4,1052,0,12,95,100,0,0,-12,-5,728,0,-344,-47,-113,0
10000,9.59,T,74,0,973,0,50,109,92,4,Z,55,8,338,0,634,140,381,4,1,-19,8,-635,0,584,31,289,0
10001,10.21,T,67,0,725,0,36,126,74,3,P,51,3,379,0,212,316,59,4,0,-16,3,-346,0,176,190,-15,1
10002,9.59,Z,84,7,686,0,345,165,294,8,Z,87,7,673,0,132,144,257,10,0,3,0,-13,0,-213,-21,-37,2
10003,3.11,P,14,0,120,0,52,93,12,3,Z,10,1,66,0,12,16,31,0,1,-4,1,-54,0,-40,-77,19,-3
10004,3.54,P,16,0,156,0,0,67,21,0,Z,15,0,161,0,0,14,54,0,1,-1,0,5,0,0,-53,33,0
10005,5.05,Z,20,0,235,0,120,83,95,2,T,32,0,310,0,2,116,166,2,1,12,0,75,0,-118,33,71,0
10006,9.59,T,91,6,709,0,65,144,110,10,Z,74,7,459,0,36,134,182,4,0,-17,1,-250,0,-29,-10,72,-6
10007,3.39,T,15,0,142,0,361,81,46,11,T,23,0,270,0,4,35,58,1,0,8,0,128,0,-357,-46,12,-10
10008,9.59,T,114,0,713,0,711,477,229,11,Z,63,0,210,0,83,119,172,9,1,-51,0,-503,0,-628,-358,-57,-2
10009,9.58,P,48,1,676,0,11,222,142,1,Z,48,0,415,0,19,82,221,3,1,0,-1,-261,0,8,-140,79,2
10010,6.03,P,43,3,342,0,18,81,81,4,P,26,2,286,0,16,52,28,1,1,-17,-1,-56,0,-2,-29,-53,-3
10011,9.57,Z,79,1,742,0,182,184,291,9,P,68,3,525,0,19,102,102,0,1,-11,2,-217,0,-163,-82,-189,-9
10012,10.15,Z,77,0,630,0,137,196,368,6,P,101,0,555,0,82,354,239,9,1,24,0,-75,0,-55,158,-129,3
10013,8.39,P,58,4,526,0,417,142,92,11,P,69,1,374,0,287,174,211,4,1,11,-3,-152,0,-130,32,119,-7
10014,7.16,Z,46,10,275,0,212,222,286,1,Z,44,8,145,0,36,133,119,2,1,-2,-2,-130,0,-176,-89,-167,1
10015,10.35,T,70,0,227,0,4,161,119,7,P,76,0,832,0,32,226,105,8,0,6,0,605,0,28,65,-14,1
10016,4.08,T,20,2,163,0,134,120,26,10,P,19,0,210,0,5,82,26,3,1,-1,-2,47,0,-129,-38,0,-7
10017,9.59,T,86,7,719,0,244,184,300,0,Z,76,6,760,0,82,171,314,4,1,-10,-1,41,0,-162,-13,14,4
10018,9.59,P,37,0,391,0,10,63,65,2,Z,35,1,191,0,15,32,139,2,1,-2,1,-200,0,5,-31,74,0
10019,9.56,Z,61,10,404,0,14,139,188,1,P,45,0,886,0,102,141,111,2,0,-16,-10,482,0,88,2,-77,1
10020,5.03,T,35,0,227,0,657,116,84,8,Z,31,4,144,0,184,79,162,4,0,-4,4,-83,0,-473,-37,78,-4
10021,9.55,T,35,0,278,0,0,52,80,0,T,19,0,372,0,8,24,28,4,1,-16,0,94,0,8,-28,-52,4
10022,5.27,T,41,0,326,11,549,118,140,5,P,37,3,150,0,191,108,83,11,0,-4,3,-176,-11,-358,-10,-57,6
10023,9.59,Z,76,4,824,0,181,298,320,8,T,118,0,934,0,168,205,150,6,0,42,-4,110,0,-13,-93,-170,-2
10024,4.41,T,28,2,308,0,7,27,35,1,P,19,0,111,0,1,52,38,2,1,-9,-2,-197,0,-6,25,3,1
10025,5.22,T,39,2,180,0,175,154,59,2,Z,33,0,179,0,25,95,193,3,1,-6,-2,-1,0,-150,-59,134,1
10026,6.47,T,61,3,556,0,159,189,157,11,Z,50,4,277,0,52,167,142,0,1,-11,1,-279,0,-107,-22,-15,-11
10027,5.07,Z,20,0,115,0,39,24,74,3,T,29,1,254,0,9,56,78,3,1,9,1,139,0,-30,32,4,0
10028,9.58,Z,59,0,211,0,8,45,130,1,T,66,3,514,0,60,200,88,6,1,7,3,303,0,52,155,-42,5
10029,6.13,Z,36,4,405,0,28,41,108,5,T,42,0,155,0,10,46,367,4,0,6,-4,-250,0,-18,5,259,-1
10030,10.36,T,61,7,192,0,36,105,105,1,T,63,0,668,0,1,47,120,1,0,2,-7,476,0,-35,-58,15,0
10031,4.37,P,32,0,217,0,402,209,49,8,Z,28,2,293,1,134,116,155,5,0,-4,2,76,1,-268,-93,106,-3
10032,8.07,T,49,3,482,0,35,260,82,2,T,50,6,232,0,106,173,111,0,1,1,3,-250,0,71,-87,29,-2
10033,4.21,T,30,0,115,0,213,97,61,10,T,36,2,180,0,358,126,100,5,0,6,2,65,0,145,29,39,-5
10034,9.12,Z,57,1,554,14,72,121,219,0,T,92,0,420,0,427,108,136,15,1,35,-1,-134,-14,355,-13,-83,15
10035,7.39,P,44,3,319,0,31,226,62,4,T,35,12,194,0,15,163,71,0,1,-9,9,-125,0,-16,-63,9,-4
10036,8.14,T,62,2,295,0,177,290,98,13,P,66,0,458,0,449,254,76,12,0,4,-2,163,0,272,-36,-22,-1
10037,8.51,Z,73,0,542,0,173,165,189,3,Z,55,6,320,0,47,90,146,0,1,-18,6,-222,0,-126,-75,-43,-3
10038,9.59,P,63,2,539,0,25,214,71,2,T,70,0,641,0,30,270,157,7,0,7,-2,102,0,5,56,86,5
10039,4.12,P,9,0,210,0,3,29,23,2,Z,17,0,77,0,39,27,67,0,1,8,0,-133,0,36,-2,44,-2
10040,8.4,P,105,6,482,0,293,326,157,15,P,104,0,492,0,594,435,107,36,1,-1,-6,10,0,301,109,-50,21
10041,4.5,T,23,0,52,0,0,11,29,0,P,20,0,508,0,0,102,64,1,0,-3,0,456,0,0,91,35,1
10042,8.01,Z,48,4,596,0,51,142,137,1,Z,45,0,367,0,2,191,121,1,0,-3,-4,-229,0,-49,49,-16,0
10043,9.27,T,58,2,391,0,7,150,89,3,Z,49,5,512,0,103,193,263,4,1,-9,3,121,0,96,43,174,1
10044,9.58,Z,41,2,750,0,0,100,149,0,P,44,2,276,0,1,166,123,0,1,3,0,-474,0,1,66,-26,0
10045,7.1,P,28,1,461,0,0,93,38,0,P,23,0,232,2,16,51,30,0,0,-5,-1,-229,2,16,-42,-8,0
10046,4.3,Z,17,1,197,0,0,43,100,0,P,20,0,367,0,42,124,61,3,1,3,-1,170,0,42,81,-39,3
10047,5.03,Z,22,0,286,8,18,33,80,0,T,33,0,291,0,18,39,23,3,1,11,0,5,-8,0,6,-57,3
10048,3.09,P,14,0,148,0,0,19,13,0,P,16,2,198,0,119,61,23,3,1,2,2,50,0,119,42,10,3
10049,9.59,Z,111,5,505,0,585,419,284,11,T,130,0,525,0,475,317,167,22,0,19,-5,20,0,-110,-102,-117,11
10050,10.28,Z,66,4,221,0,30,168,219,3,T,97,6,607,0,75,229,148,2,1,31,2,386,0,45,61,-71,-1
10051,8.49,T,68,0,491,0,109,178,85,15,P,71,0,514,0,759,197,199,14,1,3,0,23,0,650,19,114,-1
10052,10.22,T,111,0,755,0,250,411,302,12,P,105,0,563,0,609,274,205,16,1,-6,0,-192,0,359,-137,-97,4
10053,9.59,Z,69,0,395,0,69,236,277,23,Z,99,0,647,0,86,390,272,14,1,30,0,252,0,17,154,-5,-9
10054,9.55,P,61,0,720,0,10,269,67,1,Z,64,5,441,0,36,120,177,3,0,3,5,-279,0,26,-149,110,2
10055,10.12,T,37,0,703,0,2,147,59,2,T,57,2,823,0,6,51,87,2,1,20,2,120,0,4,-96,28,0
10056,9.59,Z,59,0,547,0,76,152,235,3,P,105,6,299,0,483,238,107,15,0,46,6,-248,0,407,86,-128,12
10057,8.54,P,53,0,490,0,21,143,64,3,T,71,4,511,0,23,316,97,0,1,18,4,21,0,2,173,33,-3
10058,10.39,P,77,4,819,0,33,217,90,0,P,43,0,526,0,7,131,83,2,1,-34,-4,-293,0,-26,-86,-7,2
10059,9.59,Z,55,3,764,0,18,129,215,1,T,76,0,642,0,7,181,146,4,0,21,-3,-122,0,-11,52,-69,3
10060,5.08,T,34,3,129,0,16,37,119,0,Z,29,0,138,0,48,32,90,2,0,-5,-3,9,0,32,-5,-29,2
10061,7.53,Z,53,2,294,0,24,67,148,5,P,30,6,718,0,2,113,89,0,0,-23,4,424,0,-22,46,-59,-5
10062,9.59,P,84,0,645,0,30,136,125,7,Z,85,0,435,0,141,158,288,2,1,1,0,-210,0,111,22,163,-5
10063,8.03,P,44,2,408,0,10,140,61,1,P,22,0,541,0,20,109,53,4,1,-22,-2,133,0,10,-31,-8,3
10064,8.07,Z,56,3,652,0,83,180,204,3,P,75,0,688,0,43,153,83,9,1,19,-3,36,0,-40,-27,-121,6
10065,7.34,T,57,0,331,0,511,138,87,7,P,59,0,391,0,180,275,153,10,1,2,0,60,0,-331,137,66,3
10066,9.02,Z,67,0,367,0,422,226,267,14,P,65,10,337,0,317,208,154,4,1,-2,10,-30,0,-105,-18,-113,-10
10067,6.53,P,32,0,369,0,8,183,67,2,T,38,0,510,0,40,133,84,5,1,6,0,141,0,32,-50,17,3
10068,9.59,T,113,21,908,4,269,276,184,1,T,83,0,662,0,359,212,103,13,0,-30,-21,-246,-4,90,-64,-81,12
10069,9.27,Z,58,0,594,0,29,146,198,8,T,63,2,658,0,50,134,126,7,1,5,2,64,0,21,-12,-72,-1
10070,4.02,T,14,4,210,0,4,30,37,0,P,15,0,60,0,0,33,17,0,0,1,-4,-150,0,-4,3,-20,0
10071,9.59,P,60,0,377,0,165,365,169,10,T,92,2,707,0,164,326,152,10,1,32,2,330,0,-1,-39,-17,0
10072,5.2,T,30,4,254,0,95,95,60,0,T,39,1,193,0,297,91,59,4,0,9,-3,-61,0,202,-4,-1,4
10073,9.59,Z,82,0,641,0,66,191,232,26,T,113,8,633,0,61,134,147,0,1,31,8,-8,0,-5,-57,-85,-26
10074,10.22,T,62,4,679,0,19,296,246,1,T,67,4,349,2,12,180,125,0,0,5,0,-330,2,-7,-116,-121,-1
10075,10.07,Z,79,7,417,4,412,401,310,7,Z,63,6,524,0,70,350,245,11,0,-16,-1,107,-4,-342,-51,-65,4
10076,9.59,P,99,5,543,0,408,216,163,4,Z,69,3,466,0,415,249,287,17,1,-30,-2,-77,0,7,33,124,13
10077,8.07,Z,61,5,222,0,40,152,176,0,T,52,0,620,0,32,156,96,3,0,-9,-5,398,0,-8,4,-80,3
10078,7.25,T,47,0,248,0,5,206,121,3,P,46,1,524,0,286,185,212,7,1,-1,1,276,0,281,-21,91,4
10079,8.07,T,97,0,455,0,110,225,110,23,P,77,7,505,0,683,306,143,10,1,-20,7,50,0,573,81,33,-13
10080,4.55,P,23,0,192,0,0,99,52,0,T,26,2,316,0,9,26,46,0,1,3,2,124,0,9,-73,-6,0
10081,6.1,T,57,8,552,0,37,88,42,0,Z,34,0,527,0,43,99,93,8,0,-23,-8,-25,0,6,11,51,8
10082,3.52,Z,16,0,434,0,20,54,44,7,T,12,4,224,0,0,49,24,0,1,-4,4,-210,0,-20,-5,-20,-7
10083,9.59,T,66,4,583,0,469,415,164,6,P,56,0,756,0,30,149,62,9,1,-10,-4,173,0,-439,-266,-102,3
10084,2.5,Z,19,2,125,0,49,70,50,3,Z,14,1,188,0,282,22,154,5,0,-5,-1,63,0,233,-48,104,2
10085,7.47,T,64,0,395,0,31,87,88,16,Z,34,0,222,0,39,41,158,3,0,-30,0,-173,0,8,-46,70,-13
10086,4.42,P,16,0,136,0,2,74,36,1,Z,18,0,150,0,10,31,51,2,1,2,0,14,0,8,-43,15,1
10087,9.55,T,64,7,415,1,38,92,99,2,T,49,0,584,0,0,120,96,1,1,-15,-7,169,-1,-38,28,-3,-1
10088,7.02,P,30,0,250,0,73,84,64,5,T,52,0,328,0,626,156,83,12,1,22,0,78,0,553,72,19,7
10089,0.35,P,1,0,1,0,109,1,2,8,P,0,0,1,0,0,0,0,0,1,-1,0,0,0,-109,-1,-2,-8
10090,9.59,T,146,12,440,0,762,269,289,24,Z,131,11,538,1,403,373,499,21,1,-15,-1,98,1,-359,104,210,-3
10091,9.58,T,91,0,480,0,10,329,184,2,Z,54,0,327,0,56,216,176,2,1,-37,0,-153,0,46,-113,-8,0
10092,10.07,T,89,0,488,0,198,205,117,8,Z,64,0,399,0,34,260,319,9,0,-25,0,-89,0,-164,55,202,1
10093,9.59,Z,48,7,624,0,25,113,231,3,Z,39,0,643,0,0,160,136,0,0,-9,-7,19,0,-25,47,-95,-3
10094,9.59,Z,77,20,389,0,500,321,218,7,Z,105,0,467,0,279,370,242,1,0,28,-20,78,0,-221,49,24,-6
10095,4.04,P,14,0,187,0,0,38,24,0,T,18,2,132,0,0,64,66,0,1,4,2,-55,0,0,26,42,0
10096,9.59,Z,38,10,411,0,62,271,167,0,T,62,3,493,0,18,190,104,1,1,24,-7,82,0,-44,-81,-63,1
10097,9.58,T,118,0,697,0,593,542,163,6,Z,80,9,720,0,421,300,440,6,0,-38,9,23,0,-172,-242,277,0
10098,9.09,T,56,0,423,0,188,142,193,6,Z,65,3,496,0,87,198,242,5,1,9,3,73,0,-101,56,49,-1
10099,5.34,T,43,2,255,0,89,89,71,7,Z,21,1,407,0,49,72,109,1,0,-22,-1,152,0,-40,-17,38,-6
10100,7.27,Z,28,4,414,0,296,57,347,3,T,41,1,331,0,218,70,57,1,0,13,-3,-83,0,-78,13,-290,-2
10101,3.13,P,15,1,135,0,138,111,186,0,Z,9,1,23,0,10,44,72,0,1,-6,0,-112,0,-128,-67,-114,0
10102,2.57,Z,15,0,38,0,7,39,45,2,Z,5,0,113,0,12,10,45,2,0,-10,0,75,0,5,-29,0,0
10103,6.04,P,21,0,235,0,0,36,47,1,T,45,5,308,0,27,135,94,0,1,24,5,73,0,27,99,47,-1
10104,9.59,Z,64,2,295,0,113,142,224,1,T,94,0,651,0,94,171,127,5,1,30,-2,356,0,-19,29,-97,4
10105,9.59,Z,53,1,120,0,125,106,198,1,P,82,3,537,0,64,87,90,2,1,29,2,417,0,-61,-19,-108,1
10106,9.59,T,58,3,694,5,136,213,100,0,T,76,7,659,0,55,439,166,6,1,18,4,-35,-5,-81,226,66,6
10107,5.3,P,23,1,194,0,4,77,51,2,P,17,0,202,0,0,91,31,0,1,-6,-1,8,0,-4,14,-20,-2
10108,9.59,T,74,0,338,0,21,221,99,6,T,93,12,782,2,108,315,112,3,1,19,12,444,2,87,94,13,-3
10109,7.47,Z,48,1,324,0,39,134,140,0,Z,34,0,145,0,13,27,119,3,0,-14,-1,-179,0,-26,-107,-21,3
10110,9.59,Z,62,3,285,0,64,81,208,1,P,54,0,629,0,52,174,107,3,1,-8,-3,344,0,-12,93,-101,2
10111,6.2,P,47,2,328,0,36,156,47,4,T,44,0,468,0,43,60,53,6,0,-3,-2,140,0,7,-96,6,2
10112,10.15,P,71,8,488,0,206,166,156,5,P,70,1,877,0,21,286,111,3,1,-1,-7,389,0,-185,120,-45,-2
10113,3.4,Z,12,1,47,0,566,64,64,2,Z,13,2,139,0,34,50,57,0,1,1,1,92,0,-532,-14,-7,-2
10114,9.11,P,35,5,702,0,22,119,70,4,P,61,0,622,0,34,129,61,11,1,26,-5,-80,0,12,10,-9,7
10115,3.42,Z,11,3,111,0,3,46,75,0,P,14,0,132,0,3,37,19,2,0,3,-3,21,0,0,-9,-56,2
10116,9.59,T,64,0,908,0,46,75,90,4,P,42,0,551,0,2,179,67,2,1,-22,0,-357,0,-44,104,-23,-2
10117,8,Z,51,5,387,0,72,222,177,0,Z,45,1,339,0,58,222,212,1,0,-6,-4,-48,0,-14,0,35,1
10118,7.01,Z,22,0,620,0,8,160,95,2,P,41,0,451,0,0,100,61,0,0,19,0,-169,0,-8,-60,-34,-2
10119,4.05,Z,21,0,148,0,0,40,67,0,T,28,0,146,6,423,47,32,0,1,7,0,-2,6,423,7,-35,0
10120,10.46,T,69,0,335,0,7,209,187,8,P,72,0,508,0,61,268,125,13,0,3,0,173,0,54,59,-62,5
10121,10.37,P,56,0,1126,0,29,186,67,7,T,58,0,1521,0,0,115,124,3,0,2,0,395,0,-29,-71,57,-4
10122,2.5,T,13,0,364,0,165,17,89,2,Z,8,0,41,0,25,28,38,5,1,-5,0,-323,0,-140,11,-51,3
10123,6,Z,27,1,295,0,3,131,96,0,T,55,6,307,0,33,183,166,6,0,28,5,12,0,30,52,70,6
10124,2.37,P,11,1,119,0,0,71,17,0,T,9,2,186,0,3,21,29,0,1,-2,1,67,0,3,-50,12,0
10125,5.01,Z,23,4,172,0,20,68,65,0,Z,32,0,143,15,218,132,133,0,1,9,-4,-29,15,198,64,68,0
10126,10.33,Z,55,2,320,0,21,67,192,8,T,73,1,496,0,177,209,90,8,0,18,-1,176,0,156,142,-102,0
10127,5.47,P,33,0,300,0,421,92,36,6,Z,30,2,267,0,187,110,164,5,1,-3,2,-33,0,-234,18,128,-1
10128,10.55,T,110,4,456,0,602,292,253,10,Z,75,0,557,0,68,105,197,12,0,-35,-4,101,0,-534,-187,-56,2
10129,9.59,Z,72,8,465,1,36,182,215,1,P,56,0,523,0,0,190,192,0,1,-16,-8,58,-1,-36,8,-23,-1
10130,6.34,T,55,0,269,0,241,249,68,15,Z,47,0,204,0,28,146,268,2,0,-8,0,-65,0,-213,-103,200,-13
10131,8.39,T,40,0,635,0,0,280,68,1,T,54,3,675,0,9,105,84,0,1,14,3,40,0,9,-175,16,-1
10132,5.47,P,32,0,254,0,9,147,180,3,Z,41,2,277,0,31,138,113,6,1,9,2,23,0,22,-9,-67,3
10133,9.25,T,48,0,502,0,8,79,86,2,T,57,5,471,0,32,48,58,0,0,9,5,-31,0,24,-31,-28,-2
10134,8.56,P,53,9,824,0,26,99,78,0,P,32,0,662,0,16,104,61,4,0,-21,-9,-162,0,-10,5,-17,4
10135,7.32,Z,36,0,252,0,38,140,103,3,T,81,0,339,0,546,177,108,7,1,45,0,87,0,508,37,5,4
10136,8.09,T,79,0,417,0,275,202,65,6,Z,54,2,219,0,122,121,185,11,0,-25,2,-198,0,-153,-81,120,5
10137,6.05,Z,21,0,257,0,5,31,104,0,T,25,2,543,0,1,81,80,3,0,4,2,286,0,-4,50,-24,3
10138,8.4,Z,38,1,535,0,0,50,124,0,T,35,0,398,0,0,56,54,0,1,-3,-1,-137,0,0,6,-70,0
10139,9.55,P,64,0,403,0,676,342,120,14,Z,57,0,342,0,26,173,164,3,0,-7,0,-61,0,-650,-169,44,-11
10140,9.58,T,39,0,1565,0,0,146,67,0,T,61,5,334,1,55,178,72,8,1,22,5,-1231,1,55,32,5,8
10141,3.18,T,4,0,169,0,0,17,16,0,T,6,0,203,0,0,46,20,0,1,2,0,34,0,0,29,4,0
10142,9.5,Z,67,0,507,0,66,105,189,8,Z,57,2,288,0,56,100,143,5,0,-10,2,-219,0,-10,-5,-46,-3
10143,5.59,Z,37,0,226,36,403,117,264,1,P,45,3,286,0,404,210,125,21,1,8,3,60,-36,1,93,-139,20
10144,7.52,T,87,6,835,0,324,286,182,6,Z,55,5,438,0,112,260,310,10,0,-32,-1,-397,0,-212,-26,128,4
10145,8.07,T,77,5,470,2,460,136,178,4,T,86,0,420,18,404,227,176,7,1,9,-5,-50,16,-56,91,-2,3
10146,5.11,T,27,0,400,0,199,224,120,4,P,20,1,361,0,4,125,109,4,0,-7,1,-39,0,-195,-99,-11,0
10147,3.29,Z,9,0,101,0,307,39,76,4,Z,13,0,156,0,0,46,135,0,1,4,0,55,0,-307,7,59,-4
10148,7.15,T,38,2,601,0,9,91,68,1,T,34,0,429,8,85,135,64,1,0,-4,-2,-172,8,76,44,-4,0
10149,2.38,T,15,0,119,0,0,41,51,4,Z,16,0,101,0,53,37,51,2,1,1,0,-18,0,53,-4,0,-2
10150,6.22,Z,35,2,125,0,8,48,102,0,T,50,2,300,0,459,136,92,6,0,15,0,175,0,451,88,-10,6
10151,9.59,T,60,0,388,0,225,217,418,5,T,80,8,654,0,85,321,111,11,0,20,8,266,0,-140,104,-307,6
10152,7.26,T,58,7,546,0,25,157,139,1,T,66,10,394,0,1030,152,209,12,1,8,3,-152,0,1005,-5,70,11
10153,9.58,P,65,0,247,0,62,260,286,4,P,71,0,713,0,476,357,80,7,0,6,0,466,0,414,97,-206,3
10154,5.49,T,49,0,329,0,234,112,75,8,Z,43,7,313,1,159,173,175,0,1,-6,7,-16,1,-75,61,100,-8
10155,4.31,T,28,0,226,0,429,193,110,6,T,32,0,332,0,210,176,105,23,1,4,0,106,0,-219,-17,-5,17
10156,9.59,Z,101,0,832,0,57,95,203,4,Z,102,0,640,0,144,152,284,18,1,1,0,-192,0,87,57,81,14
10157,10.25,P,66,10,455,0,105,157,62,1,P,63,7,375,0,50,170,64,0,1,-3,-3,-80,0,-55,13,2,-1
10158,3.01,T,11,0,191,0,5,19,16,0,T,13,3,159,0,1,18,28,0,1,2,3,-32,0,-4,-1,12,0
10159,9.58,Z,61,3,582,0,551,121,275,13,P,73,0,1036,0,25,149,103,2,1,12,-3,454,0,-526,28,-172,-11
10160,0.53,T,1,3,40,0,0,6,4,0,T,2,0,10,0,11,6,17,1,0,1,-3,-30,0,11,0,13,1
10161,9.59,T,94,0,559,0,41,429,212,6,Z,52,2,553,0,43,179,213,4,0,-42,2,-6,0,2,-250,1,-2
10162,3.51,Z,27,1,153,0,38,83,216,1,T,21,0,244,0,7,99,45,6,0,-6,-1,91,0,-31,16,-171,5
10163,9.59,Z,82,0,382,0,247,160,229,22,T,106,0,487,0,310,287,117,12,0,24,0,105,0,63,127,-112,-10
10164,9.59,T,39,0,606,0,10,80,77,8,Z,51,4,430,0,17,178,188,0,0,12,4,-176,0,7,98,111,-8
10165,6.13,P,32,1,357,0,26,91,42,0,Z,27,2,442,0,17,66,111,2,0,-5,1,85,0,-9,-25,69,2
10166,4.52,Z,16,7,247,0,97,72,158,5,Z,23,0,139,0,94,107,235,2,1,7,-7,-108,0,-3,35,77,-3
10167,10.53,Z,43,0,435,0,18,85,166,1,P,58,0,783,0,18,162,75,10,1,15,0,348,0,0,77,-91,9
10168,6.2,P,47,0,473,0,42,114,58,7,Z,27,1,272,0,115,125,172,4,1,-20,1,-201,0,73,11,114,-3
10169,7.18,Z,20,0,357,0,0,60,91,0,P,26,0,394,0,0,67,42,0,1,6,0,37,0,0,7,-49,0
10170,9.59,Z,75,0,546,0,30,330,381,2,T,133,8,424,0,506,471,178,13,1,58,8,-122,0,476,141,-203,11
10171,9.59,T,64,6,676,0,232,111,155,0,T,89,0,408,0,488,200,199,9,1,25,-6,-268,0,256,89,44,9
10172,3.44,T,17,1,233,0,4,76,34,0,P,16,0,175,0,35,175,42,2,0,-1,-1,-58,0,31,99,8,2
10173,10.28,Z,108,15,724,7,188,227,389,5,T,127,0,747,0,562,356,227,10,0,19,-15,23,-7,374,129,-162,5
10174,4.33,T,16,0,283,0,18,79,29,3,P,17,0,147,0,25,92,44,2,1,1,0,-136,0,7,13,15,-1
10175,3.41,P,19,0,163,0,350,90,93,6,T,24,1,76,0,393,68,38,5,1,5,1,-87,0,43,-22,-55,-1
10176,9.59,Z,44,0,193,0,6,144,182,3,Z,38,1,273,0,93,131,180,5,1,-6,1,80,0,87,-13,-2,2
10177,3.17,Z,10,1,31,0,361,22,42,5,Z,13,2,37,0,9,73,50,0,0,3,1,6,0,-352,51,8,-5
10178,9.58,P,72,1,515,0,18,162,102,4,T,74,3,609,0,133,147,201,4,0,2,2,94,0,115,-15,99,0
10179,3.38,Z,17,0,91,0,36,72,81,3,Z,14,0,58,0,349,50,159,1,0,-3,0,-33,0,313,-22,78,-2
10180,9.59,Z,53,2,398,0,20,140,208,1,T,65,7,350,0,58,216,161,1,1,12,5,-48,0,38,76,-47,0
10181,7.43,T,49,0,300,6,292,78,91,0,Z,34,3,218,0,42,50,124,0,0,-15,3,-82,-6,-250,-28,33,0
10182,10.49,P,68,3,709,0,194,356,79,15,T,96,9,611,0,85,159,104,2,0,28,6,-98,0,-109,-197,25,-13
10183,9.4,T,73,7,472,0,633,306,132,6,Z,51,2,297,0,43,241,154,6,0,-22,-5,-175,0,-590,-65,22,0
10184,10.32,Z,66,0,175,0,0,131,281,1,T,32,0,896,0,0,114,65,0,0,-34,0,721,0,0,-17,-216,-1
10185,1.37,P,8,0,70,0,79,46,5,10,Z,5,0,8,0,0,2,16,0,1,-3,0,-62,0,-79,-44,11,-10
10186,7.19,P,66,2,307,0,577,245,136,8,T,75,4,485,0,17,187,111,0,0,9,2,178,0,-560,-58,-25,-8
10187,8.38,P,19,0,371,0,1,25,30,2,T,54,0,577,0,0,42,81,0,1,35,0,206,0,-1,17,51,-2
10188,8.27,Z,76,1,715,0,46,205,211,5,Z,49,5,460,0,139,256,332,5,1,-27,4,-255,0,93,51,121,0
10189,3.2,T,15,0,107,0,3,30,36,2,P,19,0,65,0,255,50,107,10,1,4,0,-42,0,252,20,71,8
10190,9.59,P,80,2,398,0,317,367,90,14,T,127,5,509,0,275,256,177,14,1,47,3,111,0,-42,-111,87,0
10191,9.19,Z,33,1,630,1,12,140,142,0,P,52,0,388,0,38,113,120,11,1,19,-1,-242,-1,26,-27,-22,11
10192,7.09,P,14,0,183,0,0,78,32,0,T,35,0,211,0,1,11,49,4,1,21,0,28,0,1,-67,17,4
10193,8.34,Z,36,2,351,0,15,107,174,3,T,64,7,431,0,70,97,75,10,1,28,5,80,0,55,-10,-99,7
10194,8.16,T,116,4,470,0,466,224,138,19,T,87,1,323,0,556,212,211,15,0,-29,-3,-147,0,90,-12,73,-4
10195,10.44,Z,74,4,567,0,34,295,211,1,Z,43,2,313,0,20,156,208,0,0,-31,-2,-254,0,-14,-139,-3,-1
10196,6.42,T,76,6,433,0,53,219,90,2,P,36,0,266,0,0,300,80,1,0,-40,-6,-167,0,-53,81,-10,-1
10197,9.29,P,57,6,756,0,17,264,110,2,Z,71,1,342,0,424,191,174,4,1,14,-5,-414,0,407,-73,64,2
10198,9.59,T,60,0,433,0,34,253,142,9,T,75,0,735,0,224,223,121,7,1,15,0,302,0,190,-30,-21,-2
10199,5.09,Z,24,0,190,0,156,147,152,6,P,25,0,281,0,2,150,48,2,0,1,0,91,0,-154,3,-104,-4
10200,7.48,Z,43,4,321,4,22,71,137,0,Z,35,2,406,0,33,80,130,0,1,-8,-2,85,-4,11,9,-7,0
10201,2.55,P,13,0,106,0,82,140,15,7,T,10,4,166,0,4,27,19,0,1,-3,4,60,0,-78,-113,4,-7
10202,8.11,Z,33,2,519,3,21,101,179,0,Z,55,0,473,0,24,145,133,6,1,22,-2,-46,-3,3,44,-46,6
10203,5.31,T,37,0,227,0,57,143,34,4,T,30,0,365,0,0,22,47,0,0,-7,0,138,0,-57,-121,13,-4
10204,10.16,P,97,0,687,0,157,417,121,27,T,159,0,533,0,727,334,116,5,1,62,0,-154,0,570,-83,-5,-22
10205,8.14,Z,20,0,311,0,0,53,124,0,Z,23,0,418,0,0,31,88,0,0,3,0,107,0,0,-22,-36,0
10206,7.33,P,35,0,424,0,0,214,58,0,T,37,0,164,0,5,172,74,2,1,2,0,-260,0,5,-42,16,2
10207,4.14,Z,15,1,177,0,17,33,55,1,T,14,0,246,0,32,80,39,2,0,-1,-1,69,0,15,47,-16,1
10208,5.53,T,20,0,262,0,0,41,29,0,T,25,0,273,0,0,33,46,0,1,5,0,11,0,0,-8,17,0
10209,3.23,P,10,0,150,0,0,17,16,0,Z,16,0,253,0,15,46,46,2,1,6,0,103,0,15,29,30,2
10210,3.28,Z,12,0,176,0,103,76,53,4,T,16,2,125,0,285,54,169,4,0,4,2,-51,0,182,-22,116,0
10211,0.18,P,1,0,7,0,5,3,13,1,Z,1,0,1,0,25,2,15,2,1,0,0,-6,0,20,-1,2,1
10212,9.57,T,54,0,356,0,48,97,58,12,T,63,4,477,0,33,113,71,2,1,9,4,121,0,-15,16,13,-10
10213,9.59,Z,72,4,452,0,246,268,156,6,Z,71,0,367,13,105,220,289,0,0,-1,-4,-85,13,-141,-48,133,-6
10214,3.01,T,10,0,173,0,305,64,62,5,T,10,0,97,0,316,77,64,5,0,0,0,-76,0,11,13,2,0
10215,7.54,Z,67,3,454,1,845,242,313,5,P,42,2,308,0,455,133,46,6,0,-25,-1,-146,-1,-390,-109,-267,1
10216,2.12,Z,8,0,27,0,2,6,31,0,Z,8,1,48,0,4,52,25,1,0,0,1,21,0,2,46,-6,1
10217,1,T,5,0,55,0,12,14,10,2,Z,4,0,64,0,19,21,31,2,0,-1,0,9,0,7,7,21,0
10218,8.14,T,70,0,535,0,44,256,101,5,Z,65,3,377,0,140,192,290,6,0,-5,3,-158,0,96,-64,189,1
10219,9.15,T,79,1,357,0,47,263,185,4,T,51,4,381,0,38,158,93,1,1,-28,3,24,0,-9,-105,-92,-3
10220,3.39,Z,13,0,123,0,4,15,88,3,Z,11,2,44,0,6,40,28,0,1,-2,2,-79,0,2,25,-60,-3
10221,10.3,T,68,0,699,0,23,344,193,10,Z,65,0,340,0,41,257,260,13,1,-3,0,-359,0,18,-87,67,3
10222,9.14,P,39,0,97,0,11,103,45,0,P,23,0,407,0,0,24,58,0,0,-16,0,310,0,-11,-79,13,0
10223,8.11,P,56,1,464,0,53,142,54,3,T,79,0,414,0,295,211,234,10,0,23,-1,-50,0,242,69,180,7
10224,5.33,P,24,0,249,0,1,141,57,1,T,18,2,337,0,3,136,60,0,1,-6,2,88,0,2,-5,3,-1
10225,4.49,Z,27,6,206,0,272,63,155,2,Z,32,1,210,0,102,114,131,7,1,5,-5,4,0,-170,51,-24,5
10226,7.52,Z,55,7,381,0,23,218,203,1,P,52,1,531,0,63,153,37,6,1,-3,-6,150,0,40,-65,-166,5
10227,9.59,T,97,11,625,0,43,350,150,6,Z,74,6,642,0,352,216,337,7,1,-23,-5,17,0,309,-134,187,1
10228,8.45,T,37,0,635,0,70,324,79,3,T,30,0,344,0,9,30,52,3,0,-7,0,-291,0,-61,-294,-27,0
10229,6.16,P,40,0,273,0,33,97,102,7,T,44,0,326,0,151,211,76,6,1,4,0,53,0,118,114,-26,-1
10230,6.11,P,58,6,364,0,462,182,88,9,Z,32,0,417,0,34,143,102,3,0,-26,-6,53,0,-428,-39,14,-6
10231,6.12,T,57,0,538,0,56,118,68,7,P,34,0,372,0,58,116,40,5,0,-23,0,-166,0,2,-2,-28,-2
10232,7.42,P,43,2,487,0,41,205,158,6,P,57,2,490,0,83,284,94,7,1,14,0,3,0,42,79,-64,1
10233,5.14,Z,29,0,307,0,10,30,71,0,Z,22,4,202,0,10,89,143,0,0,-7,4,-105,0,0,59,72,0
10234,1.41,T,7,0,107,0,0,23,13,1,P,7,0,99,0,4,16,4,0,1,0,0,-8,0,4,-7,-9,-1
10235,9.59,T,58,0,533,0,26,169,74,3,Z,31,0,528,0,0,58,122,1,0,-27,0,-5,0,-26,-111,48,-2
10236,3.17,Z,10,0,51,0,6,10,41,1,T,8,0,243,0,0,30,18,0,0,-2,0,192,0,-6,20,-23,-1
10237,8.19,T,112,4,341,0,271,278,143,6,P,48,1,353,0,38,219,133,0,0,-64,-3,12,0,-233,-59,-10,-6
10238,4.05,T,29,1,132,0,83,95,98,7,Z,13,0,233,0,86,109,64,3,0,-16,-1,101,0,3,14,-34,-4
10239,7.42,P,31,0,407,0,14,113,85,4,P,50,0,386,12,136,134,95,0,1,19,0,-21,12,122,21,10,-4
10240,8.12,T,87,1,923,0,30,164,74,5,Z,52,0,631,0,39,137,147,5,1,-35,-1,-292,0,9,-27,73,0
10241,9.58,T,113,8,606,0,221,340,209,4,Z,54,0,455,0,64,179,209,3,1,-59,-8,-151,0,-157,-161,0,-1
10242,8.36,T,35,0,429,0,0,27,53,0,T,44,0,771,0,0,67,97,0,1,9,0,342,0,0,40,44,0
10243,3.05,Z,17,1,191,0,39,34,47,4,P,15,0,92,0,13,31,52,1,0,-2,-1,-99,0,-26,-3,5,-3
10244,9.59,T,135,0,331,0,57,336,92,7,Z,71,2,779,0,55,134,223,2,0,-64,2,448,0,-2,-202,131,-5
10245,9.59,T,87,7,647,0,79,229,138,4,T,104,0,356,0,9,261,182,5,1,17,-7,-291,0,-70,32,44,1
10246,0.24,P,3,0,0,0,3,24,4,1,Z,0,0,8,0,1,9,25,1,1,-3,0,8,0,-2,-15,21,0
10247,9.59,T,120,7,767,0,346,244,191,5,Z,83,2,611,0,212,257,279,4,0,-37,-5,-156,0,-134,13,88,-1
10248,10.57,P,64,0,480,0,156,190,116,11,T,114,1,673,0,425,356,272,10,0,50,1,193,0,269,166,156,-1
10249,3.58,T,25,0,142,0,590,52,38,3,T,20,0,260,0,52,70,250,6,0,-5,0,118,0,-538,18,212,3
10250,9.21,T,38,0,759,0,0,52,70,1,Z,40,0,353,0,13,47,120,2,0,2,0,-406,0,13,-5,50,1
10251,9.57,P,56,0,458,0,37,158,79,4,T,102,0,602,0,988,254,200,8,1,46,0,144,0,951,96,121,4
10252,4.52,P,33,5,178,0,332,59,100,3,Z,16,3,208,0,430,45,108,2,0,-17,-2,30,0,98,-14,8,-1
10253,9.34,Z,98,2,789,0,239,316,330,8,T,96,5,437,0,92,254,149,5,1,-2,3,-352,0,-147,-62,-181,-3
10254,8.04,T,55,0,279,0,280,145,151,14,T,62,0,476,0,266,165,81,8,1,7,0,197,0,-14,20,-70,-6
10255,2.33,Z,16,1,69,0,220,56,96,4,Z,11,3,75,0,4,48,148,0,1,-5,2,6,0,-216,-8,52,-4
10256,4.44,T,19,0,187,0,61,112,59,4,T,24,3,273,0,23,162,44,0,1,5,3,86,0,-38,50,-15,-4
10257,5.07,Z,34,1,262,0,220,108,136,4,T,46,0,194,0,434,183,120,7,1,12,-1,-68,0,214,75,-16,3
10258,9.06,P,37,0,313,0,8,129,56,3,T,81,0,845,0,48,170,190,7,1,44,0,532,0,40,41,134,4
10259,2.3,T,7,3,219,0,11,19,8,0,Z,8,0,24,0,10,34,35,4,0,1,-3,-195,0,-1,15,27,4
10260,9.55,T,70,6,434,0,35,140,84,0,Z,48,8,335,0,39,55,132,0,0,-22,2,-99,0,4,-85,48,0
10261,2.54,P,8,0,139,0,3,34,10,1,Z,11,0,48,0,2,14,31,3,0,3,0,-91,0,-1,-20,21,2
10262,2.55,Z,6,0,92,0,2,10,31,0,T,11,0,194,0,1,17,17,1,0,5,0,102,0,-1,7,-14,1
10263,7.49,Z,50,7,229,0,389,121,135,2,T,47,0,185,0,130,189,137,10,0,-3,-7,-44,0,-259,68,2,8
10264,9.59,T,63,2,431,0,28,183,86,3,Z,60,0,859,0,637,245,245,3,0,-3,-2,428,0,609,62,159,0
10265,5,T,19,0,211,0,3,28,32,2,Z,17,3,488,0,14,46,52,0,0,-2,3,277,0,11,18,20,-2
10266,4.24,Z,21,2,98,0,17,37,50,3,T,32,0,218,0,5,95,34,2,0,11,-2,120,0,-12,58,-16,-1
10267,9.2,T,70,1,484,0,128,350,80,6,Z,34,2,703,0,7,66,159,0,0,-36,1,219,0,-121,-284,79,-6
10268,5.02,Z,32,8,285,0,284,63,95,0,Z,24,3,168,0,450,94,157,3,1,-8,-5,-117,0,166,31,62,3
10269,1.01,P,1,0,30,0,0,11,49,0,T,1,0,24,0,0,3,4,0,0,0,0,-6,0,0,-8,-45,0
10270,7.5,T,87,0,596,0,560,165,115,13,T,69,1,572,0,416,244,78,10,0,-18,1,-24,0,-144,79,-37,-3
10271,0.44,T,3,0,12,0,0,7,5,0,P,2,0,2,0,30,7,5,2,1,-1,0,-10,0,30,0,0,2
10272,10.53,T,55,0,595,0,10,306,102,4,P,43,0,795,0,15,231,68,6,1,-12,0,200,0,5,-75,-34,2
10273,4.16,Z,19,1,188,0,37,23,71,0,Z,21,2,206,0,6,66,88,0,0,2,1,18,0,-31,43,17,0
10274,9.59,T,82,10,669,0,62,180,138,0,P,35,0,209,0,0,56,64,0,0,-47,-10,-460,0,-62,-124,-74,0
10275,5.04,T,15,1,134,0,2,29,40,0,T,27,3,245,0,6,54,37,0,0,12,2,111,0,4,25,-3,0
10276,8.1,Z,61,0,300,0,82,106,182,7,T,62,0,627,0,7,101,129,5,0,1,0,327,0,-75,-5,-53,-2
10277,9.59,T,85,0,607,0,143,323,103,9,T,51,0,330,0,0,239,98,0,0,-34,0,-277,0,-143,-84,-5,-9
10278,9.59,P,86,1,505,0,875,362,178,6,P,44,4,739,0,7,105,92,0,0,-42,3,234,0,-868,-257,-86,-6
10279,9.15,P,89,2,579,0,199,260,168,11,Z,73,8,641,0,223,246,380,5,1,-16,6,62,0,24,-14,212,-6
10280,10.1,T,110,2,530,0,852,238,144,5,T,107,3,454,0,931,318,367,0,1,-3,1,-76,0,79,80,223,-5
10281,9.59,P,41,0,523,0,19,63,48,10,T,59,0,699,5,50,201,131,0,1,18,0,176,5,31,138,83,-10
10282,7.25,Z,55,3,567,0,46,165,136,3,Z,41,0,182,0,42,235,145,3,1,-14,-3,-385,0,-4,70,9,0
10283,8.07,T,58,5,692,0,86,142,88,1,T,46,0,417,0,40,136,120,11,0,-12,-5,-275,0,-46,-6,32,10
10284,1.13,Z,3,0,88,0,0,19,11,1,T,7,0,49,0,0,17,10,2,1,4,0,-39,0,0,-2,-1,1
10285,7.12,T,71,3,291,0,486,273,184,16,Z,56,0,417,0,30,111,140,4,0,-15,-3,126,0,-456,-162,-44,-12
10286,5.33,Z,35,0,155,0,230,109,262,6,T,33,1,309,0,36,70,215,4,1,-2,1,154,0,-194,-39,-47,-2
10287,3.25,Z,15,0,153,0,3,61,62,4,P,19,0,248,0,12,61,12,1,0,4,0,95,0,9,0,-50,-3
10288,9.59,T,109,0,498,0,664,241,163,13,Z,81,0,499,0,63,228,266,11,0,-28,0,1,0,-601,-13,103,-2
10289,6.41,P,62,8,179,0,247,138,65,6,Z,33,1,224,0,652,107,130,4,0,-29,-7,45,0,405,-31,65,-2
10290,8.41,Z,58,9,338,0,71,221,207,10,P,74,1,518,0,403,187,95,16,1,16,-8,180,0,332,-34,-112,6
10291,8.26,P,40,0,150,0,24,53,28,5,T,63,0,310,0,25,225,160,8,1,23,0,160,0,1,172,132,3
10292,7.13,P,28,0,345,0,0,114,68,0,T,52,0,352,0,13,242,185,5,1,24,0,7,0,13,128,117,5
10293,6.5,T,40,1,541,3,21,101,48,0,T,34,0,478,0,3,111,85,13,0,-6,-1,-63,-3,-18,10,37,13
10294,9.57,T,26,0,303,0,0,64,68,0,T,39,0,526,0,3,72,45,5,1,13,0,223,0,3,8,-23,5
10295,1.16,P,5,0,37,0,41,18,36,1,T,4,0,39,0,104,18,85,3,1,-1,0,2,0,63,0,49,2
10296,4.4,Z,22,0,119,1,40,60,65,1,P,27,2,310,0,497,177,64,8,1,5,2,191,-1,457,117,-1,7
10297,9.59,Z,94,6,356,0,44,243,533,2,P,69,0,302,0,31,169,121,9,1,-25,-6,-54,0,-13,-74,-412,7
10298,7.45,T,70,0,223,0,27,150,95,13,Z,48,4,396,0,110,123,121,2,1,-22,4,173,0,83,-27,26,-11
10299,9.59,T,68,0,598,0,0,210,145,1,Z,60,0,502,0,127,213,215,7,1,-8,0,-96,0,127,3,70,6
10300,10.18,T,64,5,665,0,17,161,103,0,T,67,4,859,0,51,225,137,2,0,3,-1,194,0,34,64,34,2
10301,4.27,T,30,0,156,0,41,34,40,7,Z,21,0,104,0,37,114,177,3,1,-9,0,-52,0,-4,80,137,-4
10302,4.43,Z,27,2,142,0,102,102,103,4,Z,20,1,126,0,258,91,142,7,1,-7,-1,-16,0,156,-11,39,3
10303,10.01,T,68,10,642,0,61,156,107,6,P,66,0,381,0,33,189,106,6,1,-2,-10,-261,0,-28,33,-1,0
10304,10.3,T,79,0,697,0,170,167,121,11,P,83,7,460,0,612,244,115,16,1,4,7,-237,0,442,77,-6,5
10305,9.59,P,57,5,668,0,31,264,154,7,T,74,0,504,0,91,112,104,7,1,17,-5,-164,0,60,-152,-50,0
10306,10.08,P,85,20,481,0,677,296,161,4,T,130,4,672,0,707,286,230,7,1,45,-16,191,0,30,-10,69,3
10307,10.23,T,99,0,523,0,81,214,116,13,T,96,2,382,3,249,349,156,5,1,-3,2,-141,3,168,135,40,-8
10308,9.59,T,47,1,598,0,0,102,83,0,Z,38,6,245,0,7,85,174,0,0,-9,5,-353,0,7,-17,91,0
10309,7.41,Z,89,2,345,0,160,258,319,6,Z,71,8,522,0,303,288,290,9,1,-18,6,177,0,143,30,-29,3
10310,9.09,T,107,1,564,0,609,144,177,11,Z,69,5,518,0,621,192,334,8,0,-38,4,-46,0,12,48,157,-3
10311,9.59,Z,82,2,850,0,57,272,292,10,T,114,0,769,0,527,257,158,14,0,32,-2,-81,0,470,-15,-134,4
10312,9.59,T,94,9,469,0,113,109,82,1,T,60,5,361,0,621,183,269,8,0,-34,-4,-108,0,508,74,187,7
10313,3.09,T,10,0,249,0,20,77,22,8,T,13,0,142,0,3,51,72,3,1,3,0,-107,0,-17,-26,50,-5
10314,9.59,Z,77,0,524,0,41,148,220,2,P,50,0,488,0,649,227,237,5,0,-27,0,-36,0,608,79,17,3
10315,5.02,T,23,0,300,0,0,83,37,1,P,18,0,153,0,242,45,19,3,1,-5,0,-147,0,242,-38,-18,2
10316,10.09,T,58,1,626,1,21,101,163,8,T,58,6,955,0,22,138,99,1,0,0,5,329,-1,1,37,-64,-7
10317,10.47,T,63,0,655,0,3,118,89,3,P,45,0,865,0,82,106,82,3,1,-18,0,210,0,79,-12,-7,0
10318,6.39,T,45,0,464,0,367,109,171,10,T,48,2,349,0,193,285,64,3,1,3,2,-115,0,-174,176,-107,-7
10319,9.57,Z,54,0,1007,0,38,61,187,2,T,48,0,600,0,1,96,73,3,0,-6,0,-407,0,-37,35,-114,1
10320,5.52,T,41,3,348,0,233,99,74,1,Z,32,3,254,0,267,141,209,10,1,-9,0,-94,0,34,42,135,9
10321,0.17,Z,1,0,28,0,0,5,9,0,T,1,0,18,0,0,6,3,1,0,0,0,-10,0,0,1,-6,1
10322,5.04,T,28,4,323,0,34,45,49,0,T,29,5,319,0,143,74,32,2,0,1,1,-4,0,109,29,-17,2
10323,4.49,T,38,2,167,0,330,128,98,2,Z,26,1,139,0,42,103,84,7,0,-12,-1,-28,0,-288,-25,-14,5
10324,10.12,Z,58,0,618,0,52,83,207,5,Z,55,0,542,0,0,129,145,0,0,-3,0,-76,0,-52,46,-62,-5
10325,9.57,P,28,0,894,0,0,46,63,0,T,48,6,599,0,8,98,103,0,0,20,6,-295,0,8,52,40,0
10326,2.37,P,8,3,114,0,126,101,18,0,Z,9,0,59,0,0,3,35,0,1,1,-3,-55,0,-126,-98,17,0
10327,9.59,P,44,7,1113,0,22,151,68,0,T,51,0,747,0,4,58,68,1,1,7,-7,-366,0,-18,-93,0,1
10328,8.49,P,44,1,1012,0,4,210,81,0,Z,34,4,519,0,24,74,136,0,0,-10,3,-493,0,20,-136,55,0
10329,5.27,P,27,0,250,0,9,100,25,0,T,24,0,339,0,0,91,60,2,1,-3,0,89,0,-9,-9,35,2
10330,7.54,P,32,0,474,0,0,205,52,0,Z,47,8,485,0,41,150,124,2,1,15,8,11,0,41,-55,72,2
10331,10.09,T,46,1,622,0,1,87,106,0,Z,37,9,338,0,117,295,239,0,0,-9,8,-284,0,116,208,133,0
10332,3.4,Z,12,2,255,0,11,40,29,2,T,15,2,283,0,171,77,97,0,1,3,0,28,0,160,37,68,-2
10333,9.59,T,104,6,384,0,205,256,202,9,Z,97,7,453,3,264,227,322,6,0,-7,1,69,3,59,-29,120,-3
10334,2.29,P,5,1,89,0,471,33,48,0,Z,8,0,98,0,10,16,32,1,0,3,-1,9,0,-461,-17,-16,1
10335,1.15,T,5,0,6,0,0,12,4,1,T,6,0,22,0,0,31,11,0,1,1,0,16,0,0,19,7,-1
10336,9.58,P,82,0,476,0,28,103,69,12,Z,47,0,132,0,23,31,114,5,0,-35,0,-344,0,-5,-72,45,-7
10337,7.13,Z,27,0,362,0,0,47,92,0,T,24,0,535,0,0,48,45,0,1,-3,0,173,0,0,1,-47,0
10338,9.59,T,30,2,372,0,2,29,44,0,Z,57,10,505,0,77,241,228,1,0,27,8,133,0,75,212,184,1
10339,5.1,P,18,2,271,0,5,82,27,1,T,27,0,314,0,17,67,40,2,1,9,-2,43,0,12,-15,13,1
10340,9.04,T,57,12,470,0,208,202,226,6,T,57,0,847,0,0,123,81,0,0,0,-12,377,0,-208,-79,-145,-6
10341,3.07,P,9,1,82,0,11,36,4,2,P,11,0,161,0,2,30,15,1,1,2,-1,79,0,-9,-6,11,-1
10342,9.59,P,77,0,626,0,19,237,180,8,Z,51,2,484,0,121,143,174,9,0,-26,2,-142,0,102,-94,-6,1
10343,7.33,T,82,2,490,0,38,103,237,1,T,66,0,327,0,541,172,73,13,1,-16,-2,-163,0,503,69,-164,12
10344,1.46,T,5,0,80,0,139,37,44,3,T,6,0,89,0,183,24,11,6,1,1,0,9,0,44,-13,-33,3
10345,3.08,Z,10,0,109,0,59,37,98,2,T,21,0,301,0,309,33,15,4,1,11,0,192,0,250,-4,-83,2
10346,5.47,Z,23,0,212,0,14,67,97,1,Z,18,2,160,0,7,19,66,1,1,-5,2,-52,0,-7,-48,-31,0
10347,7.16,P,48,2,404,0,136,178,165,10,T,62,2,337,0,372,69,57,11,1,14,0,-67,0,236,-109,-108,1
10348,9.59,Z,40,0,514,0,5,55,160,3,P,41,6,532,0,37,59,35,0,1,1,6,18,0,32,4,-125,-3
10349,9.59,T,93,0,963,0,32,218,164,11,P,86,0,352,0,336,291,99,14,0,-7,0,-611,0,304,73,-65,3
10350,9.59,P,52,13,626,1,31,101,83,1,T,52,0,681,0,1,194,92,2,0,0,-13,55,-1,-30,93,9,1
10351,7.31,T,59,0,707,0,82,126,101,7,T,63,3,328,0,296,85,66,3,1,4,3,-379,0,214,-41,-35,-4
10352,9.59,T,57,2,858,0,43,283,71,2,T,61,0,768,0,0,150,154,1,1,4,-2,-90,0,-43,-133,83,-1
10353,4.02,T,9,0,260,0,0,20,10,0,T,11,0,141,0,0,29,27,0,0,2,0,-119,0,0,9,17,0
10354,9.03,Z,37,0,555,0,0,98,125,0,P,20,1,282,0,6,34,41,0,1,-17,1,-273,0,6,-64,-84,0
10355,9.59,T,61,6,482,0,400,177,84,9,T,93,17,582,0,374,193,132,5,0,32,11,100,0,-26,16,48,-4
10356,2.4,P,13,0,125,0,6,80,13,3,T,13,0,129,0,0,26,31,3,0,0,0,4,0,-6,-54,18,0
10357,6.15,T,51,0,222,0,402,109,154,7,P,39,1,235,0,27,181,40,9,0,-12,1,13,0,-375,72,-114,2
10358,7.23,P,49,6,390,0,354,201,202,3,P,72,0,339,0,364,226,99,9,0,23,-6,-51,0,10,25,-103,6
10359,3.23,Z,28,0,141,0,43,56,175,0,T,17,0,121,0,246,35,24,4,1,-11,0,-20,0,203,-21,-151,4
10360,6.23,T,42,0,216,0,12,82,63,5,P,19,0,177,0,0,75,52,0,0,-23,0,-39,0,-12,-7,-11,-5
10361,7.47,T,50,0,366,0,5,61,140,3,P,40,0,503,0,0,245,59,0,0,-10,0,137,0,-5,184,-81,-3
10362,6.44,T,43,4,353,0,354,65,264,2,P,41,1,381,1,121,111,132,2,0,-2,-3,28,1,-233,46,-132,0
10363,6.47,P,32,1,267,0,18,81,38,4,T,23,0,253,0,0,98,58,0,1,-9,-1,-14,0,-18,17,20,-4
10364,9.55,P,33,0,267,0,27,92,37,4,T,45,0,754,0,0,53,67,0,0,12,0,487,0,-27,-39,30,-4
10365,7.1,T,50,0,203,0,143,273,77,3,Z,45,2,383,0,66,122,153,4,0,-5,2,180,0,-77,-151,76,1
10366,9.59,T,61,0,626,0,46,113,83,3,Z,59,8,265,3,148,111,285,5,1,-2,8,-361,3,102,-2,202,2
10367,6.4,P,14,0,492,0,0,84,30,2,Z,20,0,321,0,47,215,110,7,1,6,0,-171,0,47,131,80,5
10368,5.26,T,28,0,344,0,7,109,108,2,T,19,3,366,0,3,149,87,0,1,-9,3,22,0,-4,40,-21,-2
10369,9.59,T,20,0,712,0,0,46,53,3,T,27,2,673,0,2,17,38,1,0,7,2,-39,0,2,-29,-15,-2
10370,9.59,T,54,1,917,0,18,153,74,0,T,62,0,1120,0,223,151,94,5,0,8,-1,203,0,205,-2,20,5
10371,10.15,Z,65,0,458,0,456,203,265,1,T,101,0,629,0,100,308,253,10,1,36,0,171,0,-356,105,-12,9
10372,6.01,Z,33,2,455,0,78,87,88,11,P,28,2,407,0,34,59,23,3,0,-5,0,-48,0,-44,-28,-65,-8
10373,5.44,P,37,3,286,0,68,141,122,7,T,51,2,329,0,100,181,69,10,1,14,-1,43,0,32,40,-53,3
10374,6.26,P,28,2,275,0,3,61,35,1,Z,19,0,494,0,0,42,82,0,1,-9,-2,219,0,-3,-19,47,-1
10375,9.46,T,112,0,641,0,740,254,221,12,Z,74,0,439,0,38,318,288,2,0,-38,0,-202,0,-702,64,67,-10
10376,9.59,Z,30,2,483,0,6,282,133,0,T,50,0,686,0,21,110,94,2,1,20,-2,203,0,15,-172,-39,2
10377,6.35,P,30,6,295,0,32,167,68,1,T,55,0,306,0,6,187,91,2,0,25,-6,11,0,-26,20,23,1
10378,4,T,25,5,119,0,138,51,41,0,Z,16,0,287,0,20,51,47,4,0,-9,-5,168,0,-118,0,6,4
10379,4.29,P,36,0,94,0,438,163,273,7,P,34,0,228,0,87,152,23,7,0,-2,0,134,0,-351,-11,-250,0
10380,10.51,Z,76,0,896,0,83,145,168,10,Z,55,2,455,0,91,251,240,12,1,-21,2,-441,0,8,106,72,2
10381,6.33,T,70,1,837,0,285,142,141,2,T,59,0,235,0,7,91,78,4,0,-11,-1,-602,0,-278,-51,-63,2
10382,6.48,T,33,0,375,0,9,72,64,3,P,28,0,296,0,16,53,64,0,0,-5,0,-79,0,7,-19,0,-3
10383,9.37,Z,78,2,446,0,118,397,310,8,Z,70,10,341,0,111,232,311,0,0,-8,8,-105,0,-7,-165,1,-8
10384,9.58,Z,51,1,142,0,22,31,122,4,Z,46,3,574,0,21,70,138,0,0,-5,2,432,0,-1,39,16,-4
10385,6.02,Z,29,0,343,0,21,83,87,3,Z,37,0,339,0,590,158,337,12,1,8,0,-4,0,569,75,250,9
10386,9.59,Z,55,0,381,0,87,232,283,14,T,70,0,726,0,11,299,135,12,1,15,0,345,0,-76,67,-148,-2
10387,9.57,T,51,1,630,0,0,263,233,0,Z,71,0,544,0,16,303,172,3,1,20,-1,-86,0,16,40,-61,3
10388,7.52,T,64,5,498,0,208,190,102,2,P,63,5,319,0,179,170,67,7,0,-1,0,-179,0,-29,-20,-35,5
10389,9.59,Z,67,2,611,0,216,171,336,6,P,91,2,493,0,106,384,106,11,0,24,0,-118,0,-110,213,-230,5
10390,5.2,T,20,0,432,0,0,56,38,0,T,41,3,302,0,68,73,26,1,1,21,3,-130,0,68,17,-12,1
10391,10.23,T,49,4,425,0,14,51,68,2,Z,54,5,513,0,44,80,207,1,1,5,1,88,0,30,29,139,-1
10392,8.49,T,85,10,369,0,455,248,152,1,T,82,0,576,0,120,272,174,14,0,-3,-10,207,0,-335,24,22,13
10393,7.33,P,41,0,404,0,252,135,42,10,Z,46,2,378,0,452,225,151,3,0,5,2,-26,0,200,90,109,-7
10394,3.48,T,12,5,156,0,6,30,25,0,T,12,0,213,0,8,26,34,2,0,0,-5,57,0,2,-4,9,2
10395,9.59,Z,84,2,634,0,18,101,216,1,Z,61,7,361,0,160,223,319,7,1,-23,5,-273,0,142,122,103,6
10396,4.57,T,40,2,272,0,21,111,95,4,T,32,2,201,0,169,132,198,6,1,-8,0,-71,0,148,21,103,2
10397,9.26,T,84,0,439,0,0,256,121,0,Z,74,2,558,0,82,177,203,0,1,-10,2,119,0,82,-79,82,0
10398,9.58,T,40,0,849,0,2,182,94,3,T,50,0,546,0,0,153,72,0,0,10,0,-303,0,-2,-29,-22,-3
10399,7.07,P,55,0,350,9,278,135,109,0,Z,42,0,168,0,70,53,170,0,0,-13,0,-182,-9,-208,-82,61,0
10400,9.59,Z,114,6,420,0,418,224,390,13,T,118,0,428,0,573,296,290,19,0,4,-6,8,0,155,72,-100,6
10401,8.22,Z,42,9,293,0,93,146,130,0,P,44,3,394,0,4,91,60,3,0,2,-6,101,0,-89,-55,-70,3
10402,4.16,Z,11,0,171,0,17,79,61,2,T,22,3,410,0,27,37,23,2,0,11,3,239,0,10,-42,-38,0
10403,5.17,Z,29,2,275,0,55,127,92,5,Z,28,2,200,0,67,83,118,0,0,-1,0,-75,0,12,-44,26,-5
10404,9.59,Z,65,0,369,0,59,142,224,9,P,64,0,397,0,20,59,55,5,0,-1,0,28,0,-39,-83,-169,-4
10405,9.58,Z,100,0,615,0,561,229,286,12,T,64,0,749,0,75,253,85,9,0,-36,0,134,0,-486,24,-201,-3
10406,3.13,T,12,0,158,0,0,44,28,1,T,9,0,207,0,0,39,187,0,1,-3,0,49,0,0,-5,159,-1
10407,9.59,P,69,0,430,0,545,412,109,22,T,69,0,448,0,154,138,125,9,0,0,0,18,0,-391,-274,16,-13
10408,9.18,T,148,8,537,0,571,331,211,6,P,103,0,464,0,291,322,209,17,1,-45,-8,-73,0,-280,-9,-2,11
10409,9.59,Z,64,16,327,1,130,143,214,1,Z,66,8,446,0,68,184,175,0,1,2,-8,119,-1,-62,41,-39,-1
10410,10.22,Z,50,7,179,0,2,37,159,0,T,32,3,725,0,5,102,80,0,0,-18,-4,546,0,3,65,-79,0
10411,9.59,P,45,0,247,0,0,65,69,1,T,72,1,678,0,78,472,107,2,1,27,1,431,0,78,407,38,1
10412,8.16,P,57,5,673,0,141,302,98,2,Z,66,0,532,0,252,197,190,6,1,9,-5,-141,0,111,-105,92,4
10413,9.59,T,60,2,490,0,37,308,91,4,T,70,9,634,0,20,249,188,2,0,10,7,144,0,-17,-59,97,-2
10414,9.53,P,51,0,463,0,4,121,66,3,P,37,0,331,0,0,78,80,0,1,-14,0,-132,0,-4,-43,14,-3
10415,6.39,Z,31,5,351,0,88,199,109,3,P,27,0,330,0,1,57,35,4,0,-4,-5,-21,0,-87,-142,-74,1
10416,10.15,P,76,0,891,0,3,197,229,1,T,102,0,619,0,356,309,298,8,1,26,0,-272,0,353,112,69,7
10417,6.1,P,34,0,178,0,25,126,41,7,P,41,2,468,0,109,111,64,5,0,7,2,290,0,84,-15,23,-2
10418,8.22,Z,45,4,558,0,76,42,143,4,Z,41,0,571,0,31,74,112,4,0,-4,-4,13,0,-45,32,-31,0
10419,1.16,P,4,0,59,0,60,51,23,2,P,2,0,36,0,61,40,24,3,0,-2,0,-23,0,1,-11,1,1
10420,6.23,T,38,0,252,0,77,55,59,9,P,39,1,310,0,265,153,125,5,1,1,1,58,0,188,98,66,-4
10421,7.28,P,53,0,488,5,24,165,84,0,T,47,5,448,0,23,41,70,2,0,-6,5,-40,-5,-1,-124,-14,2
10422,5.3,T,41,0,410,0,86,160,86,7,Z,29,0,81,0,116,96,172,3,1,-12,0,-329,0,30,-64,86,-4
10423,5.26,P,22,0,251,0,0,32,38,0,T,22,5,240,0,2,22,43,0,0,0,5,-11,0,2,-10,5,0
10424,6.11,P,24,0,542,0,135,130,87,4,Z,29,5,248,0,40,71,118,0,1,5,5,-294,0,-95,-59,31,-4
10425,9.59,Z,66,0,475,0,646,245,311,14,T,83,0,506,0,68,173,156,9,0,17,0,31,0,-578,-72,-155,-5
10426,5,Z,22,0,388,0,0,16,68,0,T,24,0,210,0,0,16,44,3,1,2,0,-178,0,0,0,-24,3
10427,7.17,Z,41,0,368,0,6,57,185,3,T,74,3,270,2,238,102,94,2,0,33,3,-98,2,232,45,-91,-1
10428,3.41,T,18,0,246,0,33,157,50,3,T,26,0,256,0,11,54,41,5,1,8,0,10,0,-22,-103,-9,2
10429,4.53,Z,25,0,188,0,42,104,128,7,P,15,0,422,0,3,181,45,2,1,-10,0,234,0,-39,77,-83,-5
10430,10.19,P,82,2,636,0,641,304,129,16,T,98,0,599,0,484,189,404,8,1,16,-2,-37,0,-157,-115,275,-8
10431,6.49,Z,39,2,373,0,31,197,144,3,P,28,2,384,0,14,34,26,2,0,-11,0,11,0,-17,-163,-118,-1
10432,9.59,Z,136,0,562,37,666,266,470,3,T,140,11,472,0,835,356,223,18,0,4,11,-90,-37,169,90,-247,15
10433,5.57,Z,25,3,220,0,38,62,97,1,Z,32,0,247,0,31,160,123,4,0,7,-3,27,0,-7,98,26,3
10434,5.47,Z,30,3,580,4,28,63,85,0,Z,33,0,401,0,258,58,119,7,1,3,-3,-179,-4,230,-5,34,7
10435,0.34,T,4,0,17,1,20,3,29,0,T,2,0,35,0,5,25,3,4,0,-2,0,18,-1,-15,22,-26,4
10436,9.59,T,116,0,671,0,149,354,160,14,T,135,0,507,0,470,376,213,14,1,19,0,-164,0,321,22,53,0
10437,9.59,T,50,2,710,0,11,160,132,2,T,73,3,714,0,34,187,107,2,1,23,1,4,0,23,27,-25,0
10438,3.04,Z,15,0,160,0,48,38,59,4,Z,11,0,54,0,18,64,40,3,1,-4,0,-106,0,-30,26,-19,-1
10439,10.05,P,42,0,471,0,1,115,93,1,Z,42,2,291,0,60,308,261,0,1,0,2,-180,0,59,193,168,-1
10440,9.58,Z,52,12,790,0,361,267,381,2,T,108,0,694,0,145,281,182,10,1,56,-12,-96,0,-216,14,-199,8
10441,3.59,T,27,1,176,0,112,171,136,1,T,29,0,182,0,31,102,54,3,0,2,-1,6,0,-81,-69,-82,2
10442,10.39,Z,150,0,501,159,832,421,953,6,T,132,7,377,0,464,473,220,20,0,-18,7,-124,-159,-368,52,-733,14
10443,7.11,P,43,3,413,0,49,122,46,4,Z,32,0,231,0,300,132,117,6,1,-11,-3,-182,0,251,10,71,2
10444,9.59,T,51,0,760,0,0,239,172,1,T,44,0,706,0,0,274,106,0,0,-7,0,-54,0,0,35,-66,-1
10445,1.38,Z,4,0,22,0,192,13,53,2,T,8,0,133,0,130,16,52,3,0,4,0,111,0,-62,3,-1,1
10446,9.59,Z,52,2,443,1,254,298,309,6,Z,53,1,432,0,33,194,213,6,1,1,-1,-11,-1,-221,-104,-96,0
10447,8.51,T,49,0,444,0,556,160,80,2,Z,40,0,346,0,6,30,140,0,0,-9,0,-98,0,-550,-130,60,-2
10448,9.58,Z,37,0,202,0,21,40,136,2,Z,39,0,322,0,20,165,195,0,1,2,0,120,0,-1,125,59,-2
10449,8.4,Z,52,0,332,10,314,357,344,4,T,88,0,415,0,0,207,157,1,0,36,0,83,-10,-314,-150,-187,-3
10450,1.04,T,3,0,14,0,0,3,4,0,Z,6,0,20,0,0,15,34,1,1,3,0,6,0,0,12,30,1
10451,9.59,Z,97,0,474,19,826,231,412,10,T,150,0,667,0,408,297,106,14,1,53,0,193,-19,-418,66,-306,4
10452,5.42,Z,22,0,225,0,0,78,56,0,Z,27,7,169,0,169,78,83,1,1,5,7,-56,0,169,0,27,1
10453,6.52,T,70,4,430,0,547,153,162,8,Z,27,0,504,0,9,123,89,6,0,-43,-4,74,0,-538,-30,-73,-2
10454,9.59,T,62,6,847,0,33,139,108,0,P,49,0,511,0,29,106,63,6,1,-13,-6,-336,0,-4,-33,-45,6
10455,9.59,P,44,4,724,0,2,160,83,0,T,48,4,770,0,21,163,167,0,1,4,0,46,0,19,3,84,0
10456,6.23,P,53,2,483,0,294,152,133,6,T,60,0,454,0,397,155,131,8,0,7,-2,-29,0,103,3,-2,2
10457,3.32,T,20,0,119,0,184,143,148,6,P,26,3,105,0,39,42,52,7,0,6,3,-14,0,-145,-101,-96,1
10458,10.32,Z,71,2,492,0,9,207,290,2,T,67,4,776,0,42,113,79,7,1,-4,2,284,0,33,-94,-211,5
10459,9.59,T,75,0,998,0,94,194,222,7,T,68,0,883,0,22,84,95,1,1,-7,0,-115,0,-72,-110,-127,-6
10460,9.59,Z,48,0,598,0,28,238,219,2,P,40,0,405,0,20,322,42,6,0,-8,0,-193,0,-8,84,-177,4
10461,7.09,T,33,1,568,0,20,123,49,0,P,38,1,453,0,6,143,102,2,1,5,0,-115,0,-14,20,53,2
10462,9.59,P,64,7,280,3,597,308,64,5,Z,61,0,1053,0,87,119,176,12,0,-3,-7,773,-3,-510,-189,112,7
10463,9.21,P,40,3,501,0,2,216,67,0,P,55,0,348,0,196,246,166,7,1,15,-3,-153,0,194,30,99,7
10464,10.31,T,123,10,355,16,361,238,290,25,T,105,8,559,0,424,152,134,5,1,-18,-2,204,-16,63,-86,-156,-20
10465,9.01,T,26,0,522,0,0,44,66,0,P,35,0,412,0,69,346,119,4,1,9,0,-110,0,69,302,53,4
10466,6.3,P,33,1,261,0,10,137,53,1,P,25,0,432,0,0,39,38,0,0,-8,-1,171,0,-10,-98,-15,-1
10467,9.09,T,81,0,621,0,354,186,98,12,Z,62,5,837,0,43,117,161,4,0,-19,5,216,0,-311,-69,63,-8
10468,8.29,T,42,0,665,0,42,72,39,2,P,32,0,540,0,0,72,65,0,0,-10,0,-125,0,-42,0,26,-2
10469,9.13,P,48,0,723,0,6,158,74,3,T,33,0,403,0,2,48,57,2,0,-15,0,-320,0,-4,-110,-17,-1
10470,3.3,T,10,0,165,0,2,19,29,0,P,13,0,128,0,15,110,25,2,1,3,0,-37,0,13,91,-4,2
10471,9.57,Z,88,4,412,0,277,341,433,10,P,66,0,399,0,726,382,206,16,0,-22,-4,-13,0,449,41,-227,6
10472,9.59,P,39,0,399,0,7,84,66,7,Z,33,1,518,0,22,63,117,2,1,-6,1,119,0,15,-21,51,-5
10473,10.33,P,57,0,875,0,34,401,138,3,Z,84,5,420,0,138,347,295,10,1,27,5,-455,0,104,-54,157,7
10474,9.03,Z,61,0,338,0,176,178,268,12,Z,50,0,315,0,34,249,201,8,0,-11,0,-23,0,-142,71,-67,-4
10475,7.44,T,49,0,449,0,76,101,99,4,T,57,14,325,1,275,169,64,0,1,8,14,-124,1,199,68,-35,-4
10476,7.53,T,74,4,368,0,76,196,271,5,T,53,0,364,0,318,274,73,9,1,-21,-4,-4,0,242,78,-198,4
10477,7.27,T,44,2,343,0,4,111,95,2,P,20,0,358,0,9,142,31,2,0,-24,-2,15,0,5,31,-64,0
10478,5.2,T,26,2,187,0,1,14,64,0,T,30,0,314,0,42,60,27,3,0,4,-2,127,0,41,46,-37,3
10479,6.21,Z,50,0,311,0,73,131,156,6,P,30,5,441,0,22,277,62,4,0,-20,5,130,0,-51,146,-94,-2
10480,9.37,T,61,1,492,0,300,288,157,8,T,46,0,470,0,0,66,100,0,0,-15,-1,-22,0,-300,-222,-57,-8
10481,7.27,Z,39,1,209,0,12,75,84,0,Z,30,0,124,0,2,19,98,0,1,-9,-1,-85,0,-10,-56,14,0
10482,9.59,P,69,0,729,8,57,188,95,0,Z,59,3,200,0,52,93,152,1,0,-10,3,-529,-8,-5,-95,57,1
10483,7.09,Z,34,0,331,0,27,104,146,2,P,44,0,349,0,13,128,83,4,0,10,0,18,0,-14,24,-63,2
10484,9.59,T,49,0,402,0,0,43,104,0,P,30,0,493,0,0,81,54,0,1,-19,0,91,0,0,38,-50,0
10485,5.02,P,22,0,205,0,4,64,41,2,Z,23,2,152,0,22,68,60,0,0,1,2,-53,0,18,4,19,-2
10486,9.58,Z,49,7,410,0,48,237,217,1,Z,53,0,363,0,9,111,198,1,1,4,-7,-47,0,-39,-126,-19,0
10487,4.32,Z,24,2,170,0,36,41,61,0,Z,16,4,106,0,19,60,128,0,0,-8,2,-64,0,-17,19,67,0
10488,3.17,Z,7,2,196,0,9,6,33,0,Z,8,0,60,0,4,7,27,1,0,1,-2,-136,0,-5,1,-6,1
10489,4.33,Z,33,3,256,0,253,187,100,3,P,46,0,305,0,234,248,29,6,0,13,-3,49,0,-19,61,-71,3
10490,9.58,P,56,2,677,0,9,94,61,1,P,52,0,565,0,1,106,123,1,0,-4,-2,-112,0,-8,12,62,0
10491,5.32,T,28,2,289,0,7,48,50,0,P,29,3,291,0,15,25,47,0,0,1,1,2,0,8,-23,-3,0
10492,9.58,Z,51,1,284,0,35,59,123,5,P,52,0,336,0,18,103,74,5,1,1,-1,52,0,-17,44,-49,0
10493,5.07,P,27,0,306,0,16,126,24,4,T,43,2,187,0,20,106,52,0,1,16,2,-119,0,4,-20,28,-4
10494,10.33,P,116,3,526,0,223,343,245,32,P,74,3,635,0,266,334,109,11,0,-42,0,109,0,43,-9,-136,-21
10495,5.52,Z,29,3,481,0,18,60,74,1,Z,27,3,414,0,27,33,72,1,1,-2,0,-67,0,9,-27,-2,0
10496,8.09,P,21,0,348,0,0,50,28,0,Z,26,2,372,0,1,168,120,0,0,5,2,24,0,1,118,92,0
10497,7.47,T,110,7,474,0,668,260,188,5,Z,114,1,468,14,184,255,253,4,1,4,-6,-6,14,-484,-5,65,-1
10498,5.07,P,23,0,172,0,173,64,32,2,P,25,0,181,0,11,83,59,1,1,2,0,9,0,-162,19,27,-1
10499,6.34,Z,27,0,219,0,289,95,101,5,T,39,0,385,0,7,78,77,13,1,12,0,166,0,-282,-17,-24,8
10500,9.59,T,83,0,806,0,35,213,241,5,T,88,6,505,0,199,241,207,2,0,5,6,-301,0,164,28,-34,-3
10501,7.37,Z,67,9,426,0,101,169,199,4,T,80,10,346,0,406,227,112,10,0,13,1,-80,0,305,58,-87,6
10502,4.53,Z,20,1,174,0,5,10,68,0,Z,22,0,164,0,63,28,102,1,1,2,-1,-10,0,58,18,34,1
10503,2.59,T,14,2,141,0,51,51,21,2,Z,9,0,28,0,10,14,28,1,1,-5,-2,-113,0,-41,-37,7,-1
10504,9.5,T,74,9,481,0,619,223,168,0,P,85,17,473,2,105,304,122,2,1,11,8,-8,2,-514,81,-46,2
10505,10.35,P,61,12,364,0,1140,344,148,1,T,88,0,434,0,25,192,126,6,0,27,-12,70,0,-1115,-152,-22,5
10506,4.44,Z,22,2,214,0,112,110,103,6,Z,21,0,215,0,535,36,131,5,0,-1,-2,1,0,423,-74,28,-1
10507,7,T,25,1,591,0,2,193,53,0,T,9,0,180,0,0,6,19,0,0,-16,-1,-411,0,-2,-187,-34,0
10508,4.42,P,15,0,395,0,9,144,26,2,T,38,2,326,0,98,186,32,3,1,23,2,-69,0,89,42,6,1
10509,8.1,T,41,0,302,0,11,61,52,4,T,34,0,398,0,0,18,62,0,1,-7,0,96,0,-11,-43,10,-4
10510,9.13,P,39,1,818,0,20,74,56,3,Z,53,3,373,0,54,81,131,0,0,14,2,-445,0,34,7,75,-3
10511,4.26,Z,18,0,249,3,9,27,50,0,Z,11,0,246,0,0,11,57,0,0,-7,0,-3,-3,-9,-16,7,0
10512,9.59,T,72,9,455,4,358,127,75,7,T,70,0,551,6,35,93,81,0,1,-2,-9,96,2,-323,-34,6,-7
10513,9.4,Z,40,0,301,0,65,284,154,2,T,40,2,561,0,25,54,56,4,1,0,2,260,0,-40,-230,-98,2
10514,4.51,Z,18,2,156,0,55,56,63,4,T,38,0,382,0,50,66,60,7,1,20,-2,226,0,-5,10,-3,3
10515,8.32,P,51,0,687,0,0,148,117,0,T,71,2,641,0,499,275,228,7,0,20,2,-46,0,499,127,111,7
10516,7.34,T,59,0,523,0,0,236,228,0,Z,49,0,325,0,22,75,173,1,1,-10,0,-198,0,22,-161,-55,1
10517,8.4,T,80,0,244,0,198,250,257,8,Z,40,2,603,0,59,187,204,0,1,-40,2,359,0,-139,-63,-53,-8
10518,6.04,T,43,3,266,0,388,102,187,7,P,26,0,263,0,60,151,92,2,0,-17,-3,-3,0,-328,49,-95,-5
10519,6.39,P,48,0,281,0,601,182,114,7,T,47,0,442,0,85,236,56,11,0,-1,0,161,0,-516,54,-58,4
10520,5.39,P,29,0,139,0,348,95,40,9,T,34,0,224,0,248,173,61,6,1,5,0,85,0,-100,78,21,-3
10521,7.11,T,60,2,335,0,350,274,168,13,T,58,2,331,0,230,117,96,11,1,-2,0,-4,0,-120,-157,-72,-2
10522,9.02,T,75,0,652,0,57,152,102,10,Z,57,12,349,0,88,81,181,5,1,-18,12,-303,0,31,-71,79,-5
10523,7.34,T,76,1,503,0,251,199,87,6,T,99,3,426,0,534,282,84,22,1,23,2,-77,0,283,83,-3,16
10524,8.04,Z,62,0,218,0,0,199,155,0,Z,59,0,276,0,11,178,259,2,0,-3,0,58,0,11,-21,104,2
10525,9.57,P,27,0,791,0,0,40,57,0,Z,50,1,514,0,14,46,162,1,1,23,1,-277,0,14,6,105,1
10526,8.57,Z,68,1,353,0,332,167,256,20,Z,81,2,206,0,257,215,424,4,1,13,1,-147,0,-75,48,168,-16
10527,7.06,T,37,0,395,0,3,38,54,2,P,36,5,436,0,25,43,44,0,1,-1,5,41,0,22,5,-10,-2
10528,4.37,T,35,0,217,0,26,84,65,6,T,24,0,171,0,22,119,40,6,0,-11,0,-46,0,-4,35,-25,0
10529,4.4,P,16,1,259,0,2,18,23,4,P,21,0,247,2,10,15,19,0,1,5,-1,-12,2,8,-3,-4,-4
10530,9.58,Z,45,7,282,0,81,81,201,0,P,57,3,555,0,9,83,44,0,1,12,-4,273,0,-72,2,-157,0
10531,9.59,Z,69,12,427,0,42,232,300,1,T,109,6,453,0,607,299,243,19,1,40,-6,26,0,565,67,-57,18
10532,10.3,T,58,0,825,0,10,151,142,1,P,41,0,683,0,19,157,62,9,1,-17,0,-142,0,9,6,-80,8
10533,9.03,Z,137,17,679,1,732,315,361,9,T,115,0,565,0,763,338,228,12,1,-22,-17,-114,-1,31,23,-133,3
10534,5.36,P,29,0,223,0,94,185,62,15,P,38,2,285,0,159,190,118,6,1,9,2,62,0,65,5,56,-9
10535,8.42,P,42,2,794,0,19,267,106,0,P,42,0,388,0,25,186,33,7,0,0,-2,-406,0,6,-81,-73,7
10536,10.45,T,114,12,658,0,160,294,212,4,Z,67,3,888,0,93,115,236,1,0,-47,-9,230,0,-67,-179,24,-3
10537,4.55,Z,30,0,190,0,105,159,132,7,T,40,1,182,0,173,169,49,6,1,10,1,-8,0,68,10,-83,-1
10538,10.52,P,74,0,844,0,69,320,97,16,T,112,3,468,0,326,274,105,9,1,38,3,-376,0,257,-46,8,-7
10539,9.59,Z,67,2,443,0,46,186,192,1,Z,43,2,918,0,108,96,230,2,0,-24,0,475,0,62,-90,38,1
10540,9.59,T,109,8,425,0,775,255,102,11,Z,77,0,679,0,47,98,225,2,1,-32,-8,254,0,-728,-157,123,-9
10541,9.59,Z,66,6,444,0,133,318,127,8,T,76,0,537,0,15,273,124,5,1,10,-6,93,0,-118,-45,-3,-3
10542,5.27,T,35,4,369,0,12,142,45,1,Z,35,0,248,0,58,142,183,3,1,0,-4,-121,0,46,0,138,2
10543,4.16,T,18,3,200,0,0,80,51,0,T,14,0,97,0,3,92,31,3,1,-4,-3,-103,0,3,12,-20,3
10544,9.59,T,95,0,701,0,240,232,249,6,T,82,3,769,0,346,239,154,3,0,-13,3,68,0,106,7,-95,-3
10545,7.48,Z,49,0,623,0,0,187,157,0,P,39,3,655,0,12,116,52,2,1,-10,3,32,0,12,-71,-105,2
10546,9.55,T,89,4,584,0,432,373,174,8,Z,66,9,505,0,89,149,224,1,1,-23,5,-79,0,-343,-224,50,-7
10547,9.59,Z,64,4,770,0,21,96,164,0,T,60,0,517,0,4,200,212,3,0,-4,-4,-253,0,-17,104,48,3
10548,9.59,T,62,0,908,0,115,88,76,4,T,55,4,672,0,3,107,111,0,1,-7,4,-236,0,-112,19,35,-4
10549,2.44,T,10,0,71,0,0,16,16,0,T,8,0,125,0,44,39,64,3,1,-2,0,54,0,44,23,48,3
10550,9.01,T,83,6,634,1,25,263,96,0,P,33,0,450,0,19,82,52,3,0,-50,-6,-184,-1,-6,-181,-44,3
10551,2.13,Z,6,0,104,0,20,38,57,3,T,7,0,174,0,0,15,17,2,0,1,0,70,0,-20,-23,-40,-1
10552,1.11,T,3,0,21,0,0,16,22,4,P,7,0,95,0,2,14,6,0,1,4,0,74,0,2,-2,-16,-4
10553,10.08,Z,46,0,272,0,22,257,203,0,T,80,0,577,0,244,260,116,8,1,34,0,305,0,222,3,-87,8
10554,2.48,T,12,0,116,0,98,79,42,3,Z,9,1,77,0,93,38,72,1,0,-3,1,-39,0,-5,-41,30,-2
10555,9.59,Z,53,0,775,0,40,69,165,2,Z,53,0,420,0,63,54,221,11,0,0,0,-355,0,23,-15,56,9
10556,7.35,T,39,5,725,0,22,94,52,3,T,36,0,605,0,108,18,62,5,0,-3,-5,-120,0,86,-76,10,2
10557,9.06,Z,60,3,478,0,74,140,170,6,T,74,0,942,0,62,234,147,4,0,14,-3,464,0,-12,94,-23,-2
10558,9.58,Z,48,10,417,0,47,41,125,0,Z,41,0,607,0,31,59,154,7,1,-7,-10,190,0,-16,18,29,7
10559,9.59,T,80,0,662,0,202,217,76,7,Z,41,1,528,0,12,219,118,1,0,-39,1,-134,0,-190,2,42,-6
10560,10.58,T,56,0,562,0,8,202,102,5,T,40,0,1641,0,0,60,102,0,0,-16,0,1079,0,-8,-142,0,-5
10561,7.18,T,59,0,383,1,303,192,121,12,Z,46,0,593,0,70,166,259,11,0,-13,0,210,-1,-233,-26,138,-1
10562,7.17,Z,53,0,270,0,101,120,181,1,Z,34,4,280,0,40,89,115,0,0,-19,4,10,0,-61,-31,-66,-1
10563,9.58,Z,86,9,525,0,212,204,287,3,P,72,2,358,0,586,272,161,9,1,-14,-7,-167,0,374,68,-126,6
10564,8.5,T,37,0,454,0,0,37,73,2,P,49,7,340,0,58,80,58,0,0,12,7,-114,0,58,43,-15,-2
10565,2.3,Z,8,1,89,0,156,33,113,3,P,9,0,156,0,0,30,13,0,0,1,-1,67,0,-156,-3,-100,-3
10566,0.29,Z,2,0,2,0,21,6,40,2,Z,2,0,23,0,1,23,6,1,0,0,0,21,0,-20,17,-34,-1
10567,8,Z,35,0,199,0,27,133,516,3,Z,46,0,588,0,336,87,261,4,1,11,0,389,0,309,-46,-255,1
10568,9.58,P,67,0,636,0,26,423,125,4,Z,51,1,468,0,45,53,146,1,1,-16,1,-168,0,19,-370,21,-3
10569,9.58,T,33,0,505,0,1,65,70,2,P,38,0,448,0,11,122,51,1,1,5,0,-57,0,10,57,-19,-1
10570,9.35,P,36,0,408,0,0,138,75,0,T,69,0,364,0,22,120,100,5,1,33,0,-44,0,22,-18,25,5
10571,8.09,Z,50,6,324,0,49,126,165,2,P,70,6,452,0,42,149,70,1,1,20,0,128,0,-7,23,-95,-1
10572,6.41,Z,57,7,486,0,253,183,180,6,T,47,2,274,0,155,109,102,7,0,-10,-5,-212,0,-98,-74,-78,1
10573,3.53,Z,25,0,109,0,8,128,76,5,Z,12,1,76,0,1,66,70,0,0,-13,1,-33,0,-7,-62,-6,-5
10574,5.26,Z,20,0,253,0,3,16,77,1,Z,27,0,223,0,7,78,102,1,1,7,0,-30,0,4,62,25,0
10575,9.58,P,36,0,593,0,0,21,33,0,T,37,0,611,0,0,22,66,0,0,1,0,18,0,0,1,33,0
10576,10.53,Z,110,10,349,0,349,411,566,3,P,82,2,751,0,201,226,158,10,0,-28,-8,402,0,-148,-185,-408,7
10577,5.4,P,35,7,541,2,317,114,85,0,Z,21,2,213,0,34,120,133,2,1,-14,-5,-328,-2,-283,6,48,2
10578,9.59,Z,90,4,595,0,29,334,227,1,P,53,2,405,0,23,261,139,4,1,-37,-2,-190,0,-6,-73,-88,3
10579,8.49,T,69,0,399,0,2,163,70,1,T,45,0,550,0,0,144,102,0,0,-24,0,151,0,-2,-19,32,-1
10580,4.29,P,11,0,173,0,0,85,20,0,T,13,0,304,0,0,20,23,0,1,2,0,131,0,0,-65,3,0
10581,10.09,T,64,0,793,0,83,227,224,11,T,113,0,462,0,144,290,165,11,1,49,0,-331,0,61,63,-59,0
10582,10.57,P,51,3,656,0,22,327,93,5,P,48,0,888,0,49,58,72,14,0,-3,-3,232,0,27,-269,-21,9
10583,7.39,T,64,1,473,0,195,132,183,4,T,75,2,284,0,465,253,146,7,0,11,1,-189,0,270,121,-37,3
10584,5.2,Z,18,0,200,0,2,20,83,3,Z,4,0,7,0,0,21,10,0,0,-14,0,-193,0,-2,1,-73,-3
10585,8.5,P,68,2,385,8,103,294,125,0,T,81,0,938,0,488,172,141,6,0,13,-2,553,-8,385,-122,16,6
10586,8.59,P,27,0,323,0,0,55,31,0,Z,38,2,300,0,63,56,145,1,1,11,2,-23,0,63,1,114,1
10587,9.59,T,79,14,748,5,122,307,117,2,T,87,6,676,0,204,200,165,2,0,8,-8,-72,-5,82,-107,48,0
10588,9.58,P,36,0,428,0,0,81,60,0,Z,63,3,451,0,17,201,208,2,1,27,3,23,0,17,120,148,2
10589,9.59,T,68,7,583,0,60,215,82,3,T,65,0,882,0,25,67,114,3,1,-3,-7,299,0,-35,-148,32,0
10590,6.26,P,21,0,331,0,1,32,42,1,P,28,0,212,0,0,147,122,1,1,7,0,-119,0,-1,115,80,0
10591,3.12,T,14,0,207,0,5,23,15,3,Z,7,0,20,0,0,14,27,0,0,-7,0,-187,0,-5,-9,12,-3
10592,6.12,P,59,0,321,0,142,163,77,13,Z,46,1,280,10,162,274,195,0,1,-13,1,-41,10,20,111,118,-13
10593,9.58,T,66,0,431,0,15,85,78,3,Z,35,10,597,0,39,62,192,1,1,-31,10,166,0,24,-23,114,-2
10594,9.57,T,33,0,355,0,0,56,50,0,Z,40,0,813,0,2,77,125,1,0,7,0,458,0,2,21,75,1
10595,9.41,P,45,0,783,0,1,313,86,1,Z,75,6,785,6,310,139,298,0,1,30,6,2,6,309,-174,212,-1
10596,9.03,Z,59,0,368,0,28,125,198,2,T,78,0,555,0,596,168,191,17,1,19,0,187,0,568,43,-7,15
10597,8.2,Z,59,3,339,0,191,167,278,1,Z,54,0,350,0,47,126,167,6,1,-5,-3,11,0,-144,-41,-111,5
10598,9.34,P,50,0,650,0,32,263,119,7,P,55,0,640,0,15,205,343,5,0,5,0,-10,0,-17,-58,224,-2
10599,6.51,T,38,0,602,0,13,118,76,0,P,22,3,159,0,12,19,25,0,1,-16,3,-443,0,-1,-99,-51,0
10600,9.59,P,60,1,869,0,54,293,109,1,Z,46,0,383,0,1,130,195,2,1,-14,-1,-486,0,-53,-163,86,1
10601,9.59,T,76,0,498,0,272,207,206,14,Z,47,2,401,0,28,120,204,0,1,-29,2,-97,0,-244,-87,-2,-14
10602,7.43,P,80,0,208,0,586,227,369,9,T,83,8,385,0,508,231,225,6,0,3,8,177,0,-78,4,-144,-3
10603,3.47,P,18,0,112,0,7,85,117,1,P,21,0,183,0,52,102,35,3,1,3,0,71,0,45,17,-82,2
10604,9.59,Z,68,0,343,4,12,178,244,1,Z,49,1,313,0,125,236,208,12,0,-19,1,-30,-4,113,58,-36,11
10605,9.59,T,69,0,547,0,28,172,93,4,P,49,0,695,0,23,157,63,4,0,-20,0,148,0,-5,-15,-30,0
10606,3.55,P,22,5,386,0,28,162,139,7,Z,23,4,154,0,312,67,166,3,1,1,-1,-232,0,284,-95,27,-4
10607,2.56,T,13,4,104,0,5,14,15,0,T,10,0,43,0,8,12,22,13,1,-3,-4,-61,0,3,-2,7,13
10608,9.59,P,71,11,588,0,54,165,79,0,Z,85,5,422,0,158,243,249,6,0,14,-6,-166,0,104,78,170,6
10609,9.59,P,75,4,668,0,435,361,86,12,T,97,2,528,0,220,242,208,12,0,22,-2,-140,0,-215,-119,122,0
10610,9,Z,54,0,415,0,351,192,319,11,Z,45,2,48,0,25,126,202,4,1,-9,2,-367,0,-326,-66,-117,-7
10611,6.59,T,38,0,178,0,0,39,50,2,T,25,0,464,0,0,39,63,0,0,-13,0,286,0,0,0,13,-2
10612,9.49,P,35,0,431,0,1,216,64,1,T,58,8,986,0,52,309,179,2,1,23,8,555,0,51,93,115,1
10613,6.21,P,30,2,323,0,20,119,34,4,P,29,1,307,0,271,192,59,8,0,-1,-1,-16,0,251,73,25,4
10614,8.28,P,63,3,579,7,486,138,109,6,T,75,7,495,0,193,215,145,9,0,12,4,-84,-7,-293,77,36,3
10615,2.11,T,14,0,43,0,64,28,52,2,T,8,0,84,0,337,46,45,8,1,-6,0,41,0,273,18,-7,6
10616,7.41,T,63,0,406,0,11,114,95,7,P,60,0,308,0,223,365,273,7,0,-3,0,-98,0,212,251,178,0
10617,9.59,Z,66,4,342,0,44,210,206,2,P,71,0,636,0,340,234,129,6,1,5,-4,294,0,296,24,-77,4
10618,3.28,Z,10,0,169,0,4,34,28,1,P,15,0,102,0,16,48,90,2,1,5,0,-67,0,12,14,62,1
10619,3.41,Z,14,1,138,0,220,48,135,6,T,21,1,166,0,37,107,40,4,0,7,0,28,0,-183,59,-95,-2
10620,7.53,P,86,0,472,0,677,234,82,8,Z,59,8,458,2,401,272,250,2,1,-27,8,-14,2,-276,38,168,-6
10621,5.37,P,36,0,376,0,23,63,30,2,T,38,0,254,0,417,152,80,6,1,2,0,-122,0,394,89,50,4
10622,9.59,Z,69,0,756,0,68,108,255,4,P,75,2,770,0,38,335,99,1,1,6,2,14,0,-30,227,-156,-3
10623,10.32,Z,74,4,467,0,114,203,309,11,P,58,3,843,0,156,265,68,2,1,-16,-1,376,0,42,62,-241,-9
10624,3.44,P,16,2,79,0,140,25,38,0,Z,14,1,168,0,11,9,40,1,0,-2,-1,89,0,-129,-16,2,1
10625,5.52,P,36,0,234,0,154,146,74,12,P,26,0,321,0,5,118,61,3,1,-10,0,87,0,-149,-28,-13,-9
10626,10.33,P,23,0,431,0,0,19,41,0,T,65,0,863,0,0,44,108,0,1,42,0,432,0,0,25,67,0
10627,5.16,T,31,6,321,0,2,53,59,1,P,28,3,199,0,24,200,37,4,0,-3,-3,-122,0,22,147,-22,3
10628,2.35,Z,6,0,117,0,5,43,43,2,T,9,0,155,0,4,18,13,2,0,3,0,38,0,-1,-25,-30,0
10629,3.32,P,14,1,212,0,1,28,25,0,T,11,0,127,0,221,23,67,6,1,-3,-1,-85,0,220,-5,42,6
10630,8.49,P,47,0,612,0,54,132,113,6,Z,52,4,473,0,78,257,220,5,0,5,4,-139,0,24,125,107,-1
10631,9.21,Z,74,8,567,0,468,301,236,2,Z,63,10,657,0,361,332,331,7,1,-11,2,90,0,-107,31,95,5
10632,6.43,T,34,0,650,0,395,132,57,4,T,44,0,415,0,133,207,94,4,0,10,0,-235,0,-262,75,37,0
10633,8.55,P,53,0,285,0,29,147,62,4,T,96,0,387,0,564,224,191,13,1,43,0,102,0,535,77,129,9
10634,10.53,T,93,10,367,0,627,256,155,3,Z,71,16,652,17,1317,282,330,1,0,-22,6,285,17,690,26,175,-2
10635,9.59,Z,68,7,552,0,570,134,217,11,T,124,8,865,0,223,326,272,3,1,56,1,313,0,-347,192,55,-8
10636,8.06,P,55,0,407,0,22,202,85,0,Z,33,0,442,0,42,154,147,4,1,-22,0,35,0,20,-48,62,4
10637,9.59,T,93,0,521,0,132,327,215,10,Z,54,0,371,0,10,131,301,1,0,-39,0,-150,0,-122,-196,86,-9
10638,9.59,Z,33,0,322,0,24,77,107,0,Z,45,0,229,0,43,158,131,5,0,12,0,-93,0,19,81,24,5
10639,9.16,T,60,0,332,15,2320,61,241,1,T,61,12,348,0,98,114,94,7,1,1,12,16,-15,-2222,53,-147,6
10640,8.57,T,61,0,541,0,5,130,118,9,Z,38,2,331,0,13,50,151,0,1,-23,2,-210,0,8,-80,33,-9
10641,9.22,Z,72,0,949,0,169,133,170,6,P,76,0,518,0,239,160,166,9,0,4,0,-431,0,70,27,-4,3
10642,9.59,Z,71,7,456,1,142,237,268,3,T,84,0,232,0,13,303,166,13,0,13,-7,-224,-1,-129,66,-102,10
10643,9.59,T,118,0,516,0,302,349,273,18,P,82,0,741,0,643,236,193,9,1,-36,0,225,0,341,-113,-80,-9
10644,7.14,P,30,0,341,0,5,55,50,3,T,56,6,327,0,97,78,59,6,1,26,6,-14,0,92,23,9,3
10645,7.38,P,30,0,489,0,10,58,43,1,Z,27,0,469,0,5,42,93,2,0,-3,0,-20,0,-5,-16,50,1
10646,8.41,T,46,0,399,0,42,106,70,2,T,49,0,379,0,10,34,80,5,0,3,0,-20,0,-32,-72,10,3
10647,10.08,Z,41,1,420,4,52,118,158,4,Z,45,6,521,0,24,77,140,1,1,4,5,101,-4,-28,-41,-18,-3
10648,4.28,P,25,0,194,0,12,76,36,2,T,24,6,236,0,166,90,56,1,0,-1,6,42,0,154,14,20,-1
10649,10.37,T,140,0,436,0,366,298,178,12,P,91,11,356,2,670,294,162,9,0,-49,11,-80,2,304,-4,-16,-3
10650,2.56,Z,12,1,202,0,14,31,42,0,P,11,0,188,0,22,40,23,1,0,-1,-1,-14,0,8,9,-19,1
10651,6.28,T,52,3,511,0,11,124,204,0,Z,32,1,300,0,98,144,132,1,1,-20,-2,-211,0,87,20,-72,1
10652,9.07,T,115,0,277,0,21,210,121,8,Z,51,1,188,0,30,42,144,3,0,-64,1,-89,0,9,-168,23,-5
10653,10.22,P,71,11,686,1,73,184,79,0,T,67,0,613,0,68,281,362,7,0,-4,-11,-73,-1,-5,97,283,7
10654,10.41,Z,62,6,445,0,42,174,209,0,P,37,0,1083,0,4,97,95,1,0,-25,-6,638,0,-38,-77,-114,1
10655,9.59,Z,35,1,494,0,3,70,144,1,T,41,0,540,0,0,66,64,2,1,6,-1,46,0,-3,-4,-80,1
10656,8.55,P,71,6,532,0,94,188,104,0,Z,63,0,707,0,110,159,377,12,1,-8,-6,175,0,16,-29,273,12
10657,5.5,T,35,3,351,0,0,50,71,0,P,21,0,252,2,4,25,42,1,0,-14,-3,-99,2,4,-25,-29,1
10658,9.59,T,56,0,642,0,3,54,112,9,Z,53,5,799,0,10,28,164,0,0,-3,5,157,0,7,-26,52,-9
10659,4.53,T,32,0,256,0,7,57,71,3,P,28,0,183,0,8,210,45,6,0,-4,0,-73,0,1,153,-26,3
10660,5.49,T,35,1,422,0,53,128,81,5,Z,30,3,567,0,54,109,106,1,0,-5,2,145,0,1,-19,25,-4
10661,9.59,Z,82,0,568,0,61,116,311,8,P,73,0,756,0,124,233,166,10,0,-9,0,188,0,63,117,-145,2
10662,10.16,T,87,0,590,0,371,192,147,12,Z,61,7,680,0,688,380,235,2,0,-26,7,90,0,317,188,88,-10
10663,8.34,T,54,0,475,0,242,163,140,13,T,88,0,312,0,218,229,122,8,0,34,0,-163,0,-24,66,-18,-5
10664,9.59,T,110,0,433,0,231,213,211,5,Z,43,0,309,0,0,48,195,0,0,-67,0,-124,0,-231,-165,-16,-5
10665,7.57,T,70,2,356,0,324,256,176,10,Z,62,6,429,0,75,141,170,1,1,-8,4,73,0,-249,-115,-6,-9
10666,9.59,Z,58,5,640,4,136,172,248,7,Z,57,0,462,0,197,249,294,5,0,-1,-5,-178,-4,61,77,46,-2
10667,5.08,T,25,2,241,0,186,64,127,3,Z,21,0,109,0,24,14,78,3,0,-4,-2,-132,0,-162,-50,-49,0
10668,2.52,T,10,1,330,0,40,15,28,1,Z,7,0,14,0,9,18,23,1,1,-3,-1,-316,0,-31,3,-5,0
10669,9.59,T,59,0,351,0,98,132,241,3,Z,47,1,153,0,0,72,175,1,1,-12,1,-198,0,-98,-60,-66,-2
10670,5.12,Z,21,4,92,0,21,50,87,0,T,40,0,174,0,409,86,162,9,1,19,-4,82,0,388,36,75,9
10671,4.09,T,17,2,249,0,8,66,38,0,P,15,0,162,0,0,25,22,0,0,-2,-2,-87,0,-8,-41,-16,0
10672,9.59,T,73,9,956,0,41,208,115,1,P,67,2,502,1,42,194,89,0,0,-6,-7,-454,1,1,-14,-26,-1
10673,9.31,T,45,0,959,0,2,125,109,5,P,36,0,545,0,0,89,51,0,0,-9,0,-414,0,-2,-36,-58,-5
10674,9.58,P,36,1,491,0,5,217,51,2,T,38,2,566,1,117,310,86,12,1,2,1,75,1,112,93,35,10
10675,8.32,P,55,4,238,0,539,276,190,8,T,98,3,398,0,566,269,208,14,1,43,-1,160,0,27,-7,18,6
10676,7.32,P,72,4,330,0,477,211,101,11,T,78,0,462,0,154,247,94,14,1,6,-4,132,0,-323,36,-7,3
10677,9.37,P,90,5,448,0,244,208,126,10,T,127,15,476,0,779,318,214,14,0,37,10,28,0,535,110,88,4
10678,7.1,P,45,2,433,0,136,208,38,14,P,47,0,422,9,110,255,118,0,0,2,-2,-11,9,-26,47,80,-14
10679,7.14,T,46,0,292,0,97,228,71,5,T,53,0,397,0,259,138,67,4,0,7,0,105,0,162,-90,-4,-1
10680,5.49,Z,20,3,315,0,189,60,70,7,P,26,1,284,0,6,42,49,1,1,6,-2,-31,0,-183,-18,-21,-6
10681,10.33,T,130,0,388,0,259,402,189,4,Z,83,2,614,0,93,418,306,1,1,-47,2,226,0,-166,16,117,-3
10682,9.59,T,95,5,728,0,405,212,98,3,Z,58,0,485,0,84,69,227,3,1,-37,-5,-243,0,-321,-143,129,0
10683,9.59,Z,78,4,565,0,70,262,271,5,Z,60,8,675,1,163,270,274,7,0,-18,4,110,1,93,8,3,2
10684,9.58,P,57,0,834,0,32,143,55,2,T,73,0,477,0,122,110,150,4,0,16,0,-357,0,90,-33,95,2
10685,7.25,P,30,0,334,0,19,168,56,8,P,40,0,482,0,55,170,96,10,1,10,0,148,0,36,2,40,2
10686,4.39,Z,30,0,294,0,62,149,117,4,T,43,0,233,0,14,199,133,1,0,13,0,-61,0,-48,50,16,-3
10687,9.59,Z,59,0,745,0,30,226,222,5,T,80,0,445,0,530,258,223,23,0,21,0,-300,0,500,32,1,18
10688,2.13,T,5,0,82,0,156,33,40,2,Z,6,0,39,0,87,34,122,3,1,1,0,-43,0,-69,1,82,1
10689,9.05,T,80,3,492,0,194,224,199,2,Z,67,7,551,6,1469,195,335,0,1,-13,4,59,6,1275,-29,136,-2
10690,9.57,P,43,1,403,0,10,78,75,1,Z,49,3,514,0,8,114,210,0,1,6,2,111,0,-2,36,135,-1
10691,9.59,Z,54,0,511,0,20,189,235,6,T,74,3,581,0,109,202,151,2,0,20,3,70,0,89,13,-84,-4
10692,5.03,T,20,0,207,0,0,91,43,2,T,22,2,468,0,1,92,49,2,1,2,2,261,0,1,1,6,0
10693,6.18,T,65,0,325,0,327,128,51,8,Z,37,5,189,2,449,174,253,2,0,-28,5,-136,2,122,46,202,-6
10694,7.56,Z,54,2,582,0,50,56,198,0,T,45,0,416,0,47,139,140,6,0,-9,-2,-166,0,-3,83,-58,6
10695,8.32,Z,59,7,352,0,157,267,379,2,P,44,0,188,0,15,161,52,2,0,-15,-7,-164,0,-142,-106,-327,0
10696,4.48,T,31,0,246,0,6,66,39,4,Z,21,2,258,0,286,69,78,0,1,-10,2,12,0,280,3,39,-4
10697,9.59,T,107,0,583,0,99,373,212,8,Z,71,2,575,0,508,274,646,2,1,-36,2,-8,0,409,-99,434,-6
10698,10.21,P,55,0,905,0,25,214,79,11,T,58,1,888,0,2,112,135,8,0,3,1,-17,0,-23,-102,56,-3
10699,4.23,T,28,0,128,0,4,68,93,11,T,28,1,224,0,191,72,51,11,0,0,1,96,0,187,4,-42,0
10700,4.06,T,27,0,213,0,293,145,21,4,T,28,2,232,0,204,131,69,3,1,1,2,19,0,-89,-14,48,-1
10701,10.43,T,97,0,492,0,134,220,177,8,P,60,13,572,0,65,195,132,1,1,-37,13,80,0,-69,-25,-45,-7
10702,9.25,T,78,4,411,0,64,265,133,11,T,91,0,573,0,694,283,120,18,0,13,-4,162,0,630,18,-13,7
10703,9.59,T,99,6,660,0,370,276,131,7,Z,78,4,963,0,196,310,400,0,1,-21,-2,303,0,-174,34,269,-7
10704,9.59,Z,75,0,783,0,79,238,222,6,Z,55,0,527,0,154,272,269,8,0,-20,0,-256,0,75,34,47,2
10705,7.23,T,47,0,263,0,27,176,78,6,T,54,0,154,0,39,77,62,4,0,7,0,-109,0,12,-99,-16,-2
10706,9.59,Z,90,6,267,0,366,293,348,5,T,113,0,513,7,684,271,140,10,0,23,-6,246,7,318,-22,-208,5
10707,7.48,T,57,0,373,0,21,115,66,4,P,26,0,196,0,3,115,39,2,1,-31,0,-177,0,-18,0,-27,-2
10708,8.19,Z,47,2,470,0,215,126,308,4,P,33,0,317,0,19,98,106,3,0,-14,-2,-153,0,-196,-28,-202,-1
10709,9.58,P,82,0,510,0,293,419,134,5,Z,79,10,600,0,102,288,305,1,0,-3,10,90,0,-191,-131,171,-4
10710,9.59,Z,79,0,615,0,696,191,275,15,T,99,0,723,0,215,135,116,20,1,20,0,108,0,-481,-56,-159,5
10711,9.59,T,70,0,615,0,33,319,139,5,T,76,0,445,0,33,218,113,6,1,6,0,-170,0,0,-101,-26,1
10712,9.59,P,23,0,400,0,3,57,34,3,T,29,0,711,0,0,30,53,0,0,6,0,311,0,-3,-27,19,-3
10713,9.59,P,92,18,814,0,112,384,223,7,T,104,7,671,0,122,207,152,9,0,12,-11,-143,0,10,-177,-71,2
10714,5.02,T,30,0,173,5,1378,61,51,1,T,39,2,107,0,11,81,194,5,1,9,2,-66,-5,-1367,20,143,4
10715,5.52,T,41,5,281,0,263,120,72,13,T,25,0,473,0,17,38,37,1,0,-16,-5,192,0,-246,-82,-35,-12
10716,9.59,P,58,1,808,0,54,116,64,8,P,32,2,416,0,6,31,49,0,0,-26,1,-392,0,-48,-85,-15,-8
10717,4.39,Z,25,2,325,0,568,81,198,7,P,22,0,296,0,41,184,18,2,1,-3,-2,-29,0,-527,103,-180,-5
10718,8.15,Z,73,9,232,0,549,231,355,5,P,54,0,632,0,292,192,112,5,1,-19,-9,400,0,-257,-39,-243,0
10719,8.1,P,84,14,580,2,168,228,132,5,T,90,6,351,0,260,186,153,13,0,6,-8,-229,-2,92,-42,21,8
10720,9.5,T,65,0,394,7,71,90,83,1,T,61,0,600,0,13,235,121,3,0,-4,0,206,-7,-58,145,38,2
10721,7.14,T,41,5,192,0,14,122,50,0,T,30,0,514,0,0,79,59,0,0,-11,-5,322,0,-14,-43,9,0
10722,10.18,Z,51,1,347,2,28,340,241,5,P,64,4,811,0,126,259,129,3,1,13,3,464,-2,98,-81,-112,-2
10723,5.54,T,45,0,150,3,181,126,46,6,T,49,6,413,0,16,182,93,0,0,4,6,263,-3,-165,56,47,-6
10724,4.53,T,22,0,149,0,180,110,62,5,P,22,2,131,5,58,58,30,1,1,0,2,-18,5,-122,-52,-32,-4
10725,9.52,Z,57,5,208,0,19,136,258,3,P,64,0,539,0,11,142,99,6,0,7,-5,331,0,-8,6,-159,3
10726,10.52,Z,78,0,913,0,649,200,349,12,T,92,0,800,0,36,230,130,6,0,14,0,-113,0,-613,30,-219,-6
10727,3.46,P,18,2,217,0,1,78,49,1,T,11,0,376,0,0,62,20,0,0,-7,-2,159,0,-1,-16,-29,-1
10728,9.59,Z,167,10,516,0,1111,385,352,10,T,173,0,536,0,682,395,256,60,0,6,-10,20,0,-429,10,-96,50
10729,6.54,T,49,0,329,0,494,126,154,9,T,66,0,441,0,66,172,82,10,1,17,0,112,0,-428,46,-72,1
10730,7.25,P,47,2,366,0,145,262,87,17,P,75,1,409,0,268,175,160,20,1,28,-1,43,0,123,-87,73,3
10731,9.59,T,104,0,551,0,702,375,109,20,Z,109,0,558,0,147,271,273,31,0,5,0,7,0,-555,-104,164,11
10732,3.36,P,20,4,188,0,161,50,65,1,T,17,0,314,0,26,39,47,9,1,-3,-4,126,0,-135,-11,-18,8
10733,8.59,P,62,0,354,0,182,328,94,17,Z,39,8,603,0,301,211,431,5,1,-23,8,249,0,119,-117,337,-12
10734,5.33,P,21,0,410,0,0,53,35,0,P,14,0,142,0,0,107,50,1,1,-7,0,-268,0,0,54,15,1
10735,5.25,T,16,0,135,0,1,11,33,0,P,23,0,543,0,0,13,46,2,1,7,0,408,0,-1,2,13,2
10736,5.27,T,17,0,146,0,0,13,29,0,T,22,3,302,0,10,18,35,2,0,5,3,156,0,10,5,6,2
10737,9.59,T,76,6,532,0,78,174,114,0,Z,39,2,619,0,24,76,128,2,1,-37,-4,87,0,-54,-98,14,2
10738,10.42,Z,83,0,525,0,486,260,387,17,T,135,7,676,0,553,278,194,6,1,52,7,151,0,67,18,-193,-11
10739,9.59,T,101,11,439,0,928,294,268,18,T,95,7,537,0,1151,161,459,12,1,-6,-4,98,0,223,-133,191,-6
10740,10.56,Z,79,0,745,0,6,275,226,6,T,85,5,993,0,52,227,98,1,1,6,5,248,0,46,-48,-128,-5
10741,9.59,T,71,0,676,0,0,120,99,0,P,39,0,945,0,0,168,100,0,1,-32,0,269,0,0,48,1,0
10742,3.33,T,11,0,144,0,1,18,23,1,T,16,2,276,0,5,47,23,0,0,5,2,132,0,4,29,0,-1
10743,10.04,T,68,2,780,0,139,269,114,2,T,61,9,556,0,283,175,224,2,0,-7,7,-224,0,144,-94,110,0
10744,9.36,T,45,1,574,2,80,61,113,2,Z,52,0,217,0,59,86,184,7,0,7,-1,-357,-2,-21,25,71,5
10745,9.1,T,84,2,557,0,128,253,227,8,Z,61,0,616,0,7,56,222,1,0,-23,-2,59,0,-121,-197,-5,-7
10746,9.57,T,27,0,632,0,0,24,53,3,T,39,0,568,0,0,90,63,0,0,12,0,-64,0,0,66,10,-3
10747,3.34,T,24,2,203,0,45,59,46,2,T,19,1,170,0,209,87,28,5,1,-5,-1,-33,0,164,28,-18,3
10748,9.29,Z,65,7,658,2,137,488,337,2,Z,51,0,641,0,77,311,294,6,1,-14,-7,-17,-2,-60,-177,-43,4
10749,9.59,T,62,0,869,0,23,170,186,2,Z,61,3,824,0,228,277,264,2,1,-1,3,-45,0,205,107,78,0
10750,5.4,Z,26,5,308,0,34,108,101,0,Z,24,0,341,0,138,158,191,4,1,-2,-5,33,0,104,50,90,4
10751,9.59,P,31,0,303,0,0,113,64,0,P,24,0,259,0,0,25,31,0,0,-7,0,-44,0,0,-88,-33,0
10752,5.22,P,26,0,243,0,8,55,28,2,T,34,0,432,0,15,135,112,9,1,8,0,189,0,7,80,84,7
10753,2.3,Z,9,0,43,0,14,18,36,4,Z,12,2,149,0,12,56,60,0,0,3,2,106,0,-2,38,24,-4
10754,3.32,Z,19,0,94,23,370,62,130,0,Z,17,4,80,0,194,39,135,4,1,-2,4,-14,-23,-176,-23,5,4
10755,9.59,T,140,3,403,0,644,322,186,18,Z,57,3,340,0,491,165,180,7,0,-83,0,-63,0,-153,-157,-6,-11
10756,6.38,T,56,0,332,19,412,201,184,1,P,74,2,262,0,242,267,123,2,1,18,2,-70,-19,-170,66,-61,1
10757,9.58,T,77,1,415,12,1209,81,114,0,P,72,0,312,0,31,138,77,4,1,-5,-1,-103,-12,-1178,57,-37,4
10758,7.3,Z,66,0,238,0,283,283,231,13,P,77,0,204,0,190,255,239,12,1,11,0,-34,0,-93,-28,8,-1
10759,7.42,P,62,8,386,0,560,156,77,2,Z,44,5,319,4,477,151,266,4,0,-18,-3,-67,4,-83,-5,189,2
10760,7.23,T,58,0,582,0,5,98,156,1,P,56,0,478,0,165,207,143,11,0,-2,0,-104,0,160,109,-13,10
10761,9.58,Z,51,1,70,0,18,51,146,1,T,22,0,177,0,0,20,43,0,0,-29,-1,107,0,-18,-31,-103,-1
10762,2.47,Z,6,1,98,0,4,11,28,0,Z,13,0,121,0,0,21,46,0,0,7,-1,23,0,-4,10,18,0
10763,4.01,P,18,0,87,0,0,74,28,0,T,13,3,218,0,3,60,61,0,0,-5,3,131,0,3,-14,33,0
10764,9.59,Z,68,0,340,34,330,233,313,0,P,69,8,486,0,92,209,81,8,1,1,8,146,-34,-238,-24,-232,8
10765,7.1,T,59,0,511,0,298,145,75,11,P,40,0,319,0,4,101,66,4,0,-19,0,-192,0,-294,-44,-9,-7
10766,9.59,T,86,0,388,0,6,188,92,5,T,52,1,758,0,26,267,94,3,1,-34,1,370,0,20,79,2,-2
10767,4.32,T,20,0,162,0,7,41,34,2,T,27,0,210,0,16,49,53,2,0,7,0,48,0,9,8,19,0
10768,6.25,Z,33,1,217,0,112,55,232,2,P,40,7,484,0,25,64,43,0,1,7,6,267,0,-87,9,-189,-2
10769,9.59,Z,53,0,634,0,7,174,240,1,P,52,2,687,0,5,240,72,0,0,-1,2,53,0,-2,66,-168,-1
10770,8.19,T,87,25,657,0,523,205,184,13,T,75,4,578,0,862,245,108,7,0,-12,-21,-79,0,339,40,-76,-6
10771,10.24,P,36,0,719,0,0,85,106,0,T,84,4,762,0,189,134,120,0,1,48,4,43,0,189,49,14,0
10772,1.32,T,8,0,75,0,7,3,7,1,T,3,0,90,0,0,10,15,0,0,-5,0,15,0,-7,7,8,-1
10773,6.44,T,32,0,718,0,0,22,61,1,T,25,1,446,0,14,62,50,1,1,-7,1,-272,0,14,40,-11,0
10774,10.27,T,105,18,1066,7,264,242,166,1,Z,84,10,484,2,212,338,421,5,1,-21,-8,-582,-5,-52,96,255,4
10775,9.58,P,70,0,351,0,71,228,110,7,Z,66,2,399,0,171,183,187,3,0,-4,2,48,0,100,-45,77,-4
10776,9.59,T,42,0,611,0,18,79,92,8,T,50,3,240,0,29,91,70,3,1,8,3,-371,0,11,12,-22,-5
10777,5.18,T,32,3,254,0,386,86,53,1,P,42,4,386,0,17,199,58,0,1,10,1,132,0,-369,113,5,-1
10778,4.03,T,22,2,156,0,29,54,36,3,P,31,0,181,0,6,98,47,1,1,9,-2,25,0,-23,44,11,-2
10779,5.42,T,30,0,376,0,11,148,130,5,T,39,7,233,0,279,196,99,0,1,9,7,-143,0,268,48,-31,-5
10780,7.56,T,20,0,183,0,2,219,94,6,P,28,1,480,0,8,198,17,2,0,8,1,297,0,6,-21,-77,-4
10781,9.59,P,104,9,402,0,125,336,100,10,T,106,3,539,0,317,547,196,3,0,2,-6,137,0,192,211,96,-7
10782,4.02,P,14,1,458,0,2,41,9,0,Z,22,2,268,0,11,74,73,0,1,8,1,-190,0,9,33,64,0
10783,10.1,T,134,3,627,0,433,234,187,16,P,75,0,840,0,28,184,127,11,0,-59,-3,213,0,-405,-50,-60,-5
10784,9.59,T,99,0,713,0,163,202,121,5,Z,67,9,528,0,495,231,243,2,0,-32,9,-185,0,332,29,122,-3
10785,6.46,Z,18,0,192,0,4,67,90,1,P,37,2,750,0,10,111,63,0,1,19,2,558,0,6,44,-27,-1
10786,5.12,T,28,0,285,0,0,184,71,8,T,44,0,285,0,405,171,51,7,0,16,0,0,0,405,-13,-20,-1
10787,6.49,T,27,1,386,0,0,35,44,0,T,18,1,371,0,4,12,40,5,0,-9,0,-15,0,4,-23,-4,5
10788,4.2,Z,18,0,287,0,71,106,108,4,T,24,1,172,0,150,81,85,8,1,6,1,-115,0,79,-25,-23,4
10789,9.59,T,69,5,380,0,66,226,167,1,T,88,5,502,1,119,171,233,0,1,19,0,122,1,53,-55,66,-1
10790,3.24,T,18,3,210,0,199,65,29,4,T,19,0,173,0,234,66,82,4,1,1,-3,-37,0,35,1,53,0
10791,3.48,Z,19,0,79,0,0,27,79,0,T,20,4,139,1,46,61,17,0,0,1,4,60,1,46,34,-62,0
10792,4.07,P,12,4,232,0,8,122,52,0,T,24,0,174,0,4,49,28,1,0,12,-4,-58,0,-4,-73,-24,1
10793,9.59,T,102,2,605,0,587,279,217,7,T,101,4,564,0,29,122,120,0,0,-1,2,-41,0,-558,-157,-97,-7
10794,7,P,43,0,232,0,362,116,129,7,Z,55,0,565,0,107,95,192,13,0,12,0,333,0,-255,-21,63,6
10795,5.3,P,38,0,175,0,0,64,53,2,P,27,1,401,0,155,119,49,3,1,-11,1,226,0,155,55,-4,1
10796,9.27,T,102,11,427,0,798,195,150,7,T,87,0,776,0,117,140,97,15,0,-15,-11,349,0,-681,-55,-53,8
10797,10.08,Z,59,0,371,0,20,106,225,7,Z,48,5,628,0,81,73,190,3,0,-11,5,257,0,61,-33,-35,-4
10798,4.16,P,24,0,169,0,317,89,33,6,Z,20,2,219,0,50,83,70,2,0,-4,2,50,0,-267,-6,37,-4
10799,7.38,P,44,0,357,0,13,76,53,1,P,36,9,222,0,655,111,133,1,0,-8,9,-135,0,642,35,80,0
10800,7.47,T,49,0,468,0,8,111,60,4,P,37,0,502,0,1001,143,45,6,0,-12,0,34,0,993,32,-15,2
10801,9.58,P,34,0,537,0,0,88,47,0,P,47,0,513,0,0,201,76,0,1,13,0,-24,0,0,113,29,0
10802,4.4,P,24,2,288,0,4,96,23,1,T,24,2,224,0,35,137,44,3,1,0,0,-64,0,31,41,21,2
10803,3.33,T,22,1,228,0,113,37,22,4,T,21,1,95,0,227,28,34,3,1,-1,0,-133,0,114,-9,12,-1
10804,9.58,T,90,0,434,11,760,325,154,0,T,73,5,632,0,39,154,117,0,0,-17,5,198,-11,-721,-171,-37,0
10805,8.39,T,55,3,325,0,196,189,169,13,T,52,7,492,0,26,165,111,3,0,-3,4,167,0,-170,-24,-58,-10
10806,8.49,Z,96,2,534,0,853,355,321,8,P,103,0,505,0,267,350,92,16,1,7,-2,-29,0,-586,-5,-229,8
10807,9.14,P,60,0,225,0,23,101,58,7,Z,52,0,524,11,75,231,240,1,1,-8,0,299,11,52,130,182,-6
10808,4.52,Z,19,2,321,0,201,71,75,9,P,25,0,311,0,12,168,53,2,0,6,-2,-10,0,-189,97,-22,-7
10809,7.45,Z,30,0,682,0,0,137,100,1,P,38,1,351,0,15,192,36,0,1,8,1,-331,0,15,55,-64,-1
10810,9.58,T,76,1,546,0,213,364,150,4,P,77,2,621,0,8,304,104,0,1,1,1,75,0,-205,-60,-46,-4
10811,4.01,Z,20,0,223,0,15,52,65,13,Z,14,3,186,0,18,18,47,2,0,-6,3,-37,0,3,-34,-18,-11
10812,7.58,P,43,2,818,0,309,185,256,1,Z,46,2,376,0,266,164,335,1,0,3,0,-442,0,-43,-21,79,0
10813,9.18,T,88,2,558,0,320,141,120,9,Z,89,0,482,0,79,158,237,8,1,1,-2,-76,0,-241,17,117,-1
10814,10.41,T,117,10,556,0,548,286,180,6,T,100,0,609,0,415,293,378,8,1,-17,-10,53,0,-133,7,198,2
10815,4.08,Z,26,8,194,0,98,70,77,0,T,30,0,334,0,229,136,74,3,1,4,-8,140,0,131,66,-3,3
10816,6.34,T,32,2,557,0,304,78,59,2,T,36,0,539,0,8,91,65,6,0,4,-2,-18,0,-296,13,6,4
10817,7.04,P,57,0,280,0,385,177,141,11,T,69,0,449,0,162,265,87,8,0,12,0,169,0,-223,88,-54,-3
10818,2.41,T,14,1,116,0,2,39,36,3,Z,13,0,61,0,237,25,51,2,1,-1,-1,-55,0,235,-14,15,-1
10819,9.59,Z,43,3,630,0,19,276,166,0,T,37,0,667,0,11,49,48,3,0,-6,-3,37,0,-8,-227,-118,3
10820,6.3,Z,33,0,295,0,10,67,129,4,T,34,0,377,0,1,63,73,3,1,1,0,82,0,-9,-4,-56,-1
10821,2.33,P,16,1,83,0,287,39,26,6,T,9,0,111,0,160,37,46,5,0,-7,-1,28,0,-127,-2,20,-1
10822,7.25,T,59,8,584,0,264,162,82,2,Z,71,4,186,0,255,169,163,10,1,12,-4,-398,0,-9,7,81,8
10823,9.59,T,91,0,582,0,232,62,138,23,Z,66,0,346,0,0,107,218,0,0,-25,0,-236,0,-232,45,80,-23
10824,6.31,Z,27,5,309,0,22,145,123,3,P,55,0,362,0,7,291,115,2,1,28,-5,53,0,-15,146,-8,-1
10825,9.59,Z,68,2,386,0,20,158,192,0,T,77,8,958,0,37,152,86,0,1,9,6,572,0,17,-6,-106,0
10826,3.08,Z,17,0,109,0,53,107,92,5,Z,10,4,141,2,235,124,57,1,1,-7,4,32,2,182,17,-35,-4
10827,6.16,Z,58,0,371,0,68,192,125,32,T,71,0,504,0,20,164,111,6,1,13,0,133,0,-48,-28,-14,-26
10828,9.58,P,45,0,477,0,0,121,80,0,P,31,0,522,0,0,241,70,0,1,-14,0,45,0,0,120,-10,0
10829,9.44,P,31,0,475,0,3,70,72,1,P,36,0,562,0,0,42,48,0,0,5,0,87,0,-3,-28,-24,-1
10830,9.59,T,44,10,861,0,18,65,68,1,Z,53,0,558,0,31,68,180,2,1,9,-10,-303,0,13,3,112,1
10831,9.58,P,25,0,419,0,0,37,42,0,T,48,5,730,0,13,174,85,2,0,23,5,311,0,13,137,43,2
10832,3.02,Z,11,0,34,0,0,36,48,1,Z,18,0,176,0,28,35,34,2,0,7,0,142,0,28,-1,-14,1
10833,9.59,Z,69,3,576,0,1019,375,307,5,T,122,0,531,0,703,329,195,9,1,53,-3,-45,0,-316,-46,-112,4
10834,6.39,P,62,2,368,0,223,125,136,6,Z,44,2,354,0,398,153,196,7,0,-18,0,-14,0,175,28,60,1
10835,5.38,T,47,0,317,0,33,78,63,6,Z,26,2,209,0,129,114,191,4,0,-21,2,-108,0,96,36,128,-2
10836,10.39,T,100,0,556,0,97,149,149,7,P,77,3,801,0,31,150,70,0,0,-23,3,245,0,-66,1,-79,-7
10837,9.58,Z,52,3,672,0,22,38,124,0,Z,25,0,172,0,13,18,105,2,1,-27,-3,-500,0,-9,-20,-19,2
10838,10.33,T,83,0,629,0,100,318,232,13,P,69,7,611,0,31,341,155,0,1,-14,7,-18,0,-69,23,-77,-13
10839,6.3,T,69,0,224,0,1,192,54,1,P,36,0,363,0,2,223,75,1,0,-33,0,139,0,1,31,21,0
10840,9.08,Z,55,2,657,0,501,258,210,6,Z,66,8,329,3,224,243,245,9,1,11,6,-328,3,-277,-15,35,3
10841,7.27,Z,52,1,382,0,302,136,167,12,T,68,0,437,0,349,165,175,5,0,16,-1,55,0,47,29,8,-7
10842,8.24,T,55,0,439,0,45,121,79,11,T,87,6,581,0,518,303,180,7,1,32,6,142,0,473,182,101,-4
10843,10.49,T,109,0,697,0,40,189,142,7,P,52,0,571,0,2,362,105,1,1,-57,0,-126,0,-38,173,-37,-6
10844,9.59,T,67,5,794,0,23,161,166,1,T,72,4,533,0,14,199,228,2,0,5,-1,-261,0,-9,38,62,1
10845,8.01,T,40,3,437,0,0,22,66,0,T,34,5,695,0,55,80,37,1,1,-6,2,258,0,55,58,-29,1
10846,9.59,Z,125,5,315,0,295,284,477,0,T,120,7,478,61,270,299,315,7,1,-5,2,163,61,-25,15,-162,7
10847,6.27,Z,35,3,412,0,256,136,151,9,P,40,0,254,0,20,177,55,10,1,5,-3,-158,0,-236,41,-96,1
10848,9.57,P,38,2,348,0,0,73,60,0,T,40,0,340,0,33,82,57,3,0,2,-2,-8,0,33,9,-3,3
10849,4.58,T,28,2,280,0,0,69,105,0,P,20,0,125,0,0,52,28,0,1,-8,-2,-155,0,0,-17,-77,0
10850,10.52,T,141,6,467,0,330,348,233,4,T,88,0,969,0,55,221,203,11,1,-53,-6,502,0,-275,-127,-30,7
10851,9.58,T,38,0,714,0,0,16,57,0,T,28,0,521,0,0,21,41,0,1,-10,0,-193,0,0,5,-16,0
10852,9.59,T,47,0,424,0,11,153,168,3,Z,56,11,837,0,63,80,236,1,0,9,11,413,0,52,-73,68,-2
10853,6.18,P,32,0,361,0,18,127,27,4,P,33,0,184,0,210,111,319,4,0,1,0,-177,0,192,-16,292,0
10854,10.49,P,69,0,826,0,43,177,69,9,T,121,10,686,0,776,198,293,3,0,52,10,-140,0,733,21,224,-6
10855,9.59,T,90,6,518,0,49,296,163,3,Z,63,0,556,0,340,265,451,7,1,-27,-6,38,0,291,-31,288,4
10856,4.33,T,26,1,186,0,297,143,98,8,T,29,0,308,0,24,87,29,5,0,3,-1,122,0,-273,-56,-69,-3
10857,7.5,T,47,4,683,0,81,275,75,4,T,57,3,546,0,96,175,94,3,0,10,-1,-137,0,15,-100,19,-1
10858,5.43,P,39,4,231,0,61,152,46,7,Z,41,0,206,0,63,74,118,2,0,2,-4,-25,0,2,-78,72,-5
10859,9.46,P,46,0,593,0,1,304,106,2,T,60,0,784,0,171,289,129,2,1,14,0,191,0,170,-15,23,0
10860,10.08,P,45,1,253,0,33,156,70,12,P,27,0,665,0,5,122,47,7,0,-18,-1,412,0,-28,-34,-23,-5
10861,2.17,Z,14,7,39,0,4,26,85,1,T,10,0,48,0,191,66,40,7,1,-4,-7,9,0,187,40,-45,6
10862,7.39,T,57,3,400,0,39,106,129,3,P,38,3,557,0,69,231,105,0,1,-19,0,157,0,30,125,-24,-3
10863,1.39,T,9,0,65,0,113,35,31,3,Z,7,1,56,0,61,50,75,1,1,-2,1,-9,0,-52,15,44,-2
10864,3.31,T,14,0,229,0,0,54,66,2,T,12,0,229,0,19,52,67,3,1,-2,0,0,0,19,-2,1,1
10865,7.55,T,59,3,777,0,9,169,72,0,T,30,0,907,0,0,195,93,0,0,-29,-3,130,0,-9,26,21,0
10866,9.15,P,69,0,401,0,65,104,72,11,Z,90,0,639,0,295,185,442,8,0,21,0,238,0,230,81,370,-3
10867,5.02,Z,20,3,543,0,17,169,101,1,P,19,1,141,0,9,171,21,1,1,-1,-2,-402,0,-8,2,-80,0
10868,9.07,P,26,0,518,0,0,48,45,0,Z,23,3,728,0,1,76,119,0,1,-3,3,210,0,1,28,74,0
10869,4.51,Z,26,7,129,0,26,90,83,0,Z,22,2,198,0,70,68,75,2,0,-4,-5,69,0,44,-22,-8,2
10870,7.41,Z,29,0,388,0,7,57,85,2,T,28,2,337,0,0,26,61,0,0,-1,2,-51,0,-7,-31,-24,-2
10871,3.13,T,18,0,150,0,362,77,58,8,T,20,0,87,0,104,165,19,4,0,2,0,-63,0,-258,88,-39,-4
10872,8.33,T,37,0,477,0,69,32,37,8,T,32,0,615,0,0,90,64,0,1,-5,0,138,0,-69,58,27,-8
10873,7.47,T,69,5,200,0,308,158,95,6,Z,52,3,394,0,30,102,187,0,1,-17,-2,194,0,-278,-56,92,-6
10874,5.39,T,41,0,194,0,16,124,140,5,Z,21,0,279,0,16,40,194,4,1,-20,0,85,0,0,-84,54,-1
10875,5.46,P,55,1,226,0,151,267,32,9,Z,37,7,265,1,447,291,107,1,0,-18,6,39,1,296,24,75,-8
10876,9.59,T,113,0,493,0,62,182,100,7,Z,67,5,380,0,51,101,199,4,0,-46,5,-113,0,-11,-81,99,-3
10877,3.31,P,19,0,143,0,266,56,83,3,P,17,0,142,0,3,47,20,2,1,-2,0,-1,0,-263,-9,-63,-1
10878,9.59,Z,77,2,474,0,208,241,295,5,P,101,2,516,0,513,354,104,7,1,24,0,42,0,305,113,-191,2
10879,8.35,T,68,3,335,0,31,201,197,7,T,63,4,496,0,3,115,279,0,0,-5,1,161,0,-28,-86,82,-7
10880,5.56,T,26,0,311,0,0,31,54,2,Z,25,0,349,0,15,72,74,6,0,-1,0,38,0,15,41,20,4
10881,9.59,T,74,8,602,0,75,168,112,2,T,80,5,624,0,171,244,116,7,0,6,-3,22,0,96,76,4,5
10882,7.07,Z,64,7,142,0,47,227,205,4,Z,49,8,226,4,456,228,250,8,0,-15,1,84,4,409,1,45,4
10883,5.49,T,27,0,426,0,1,105,68,3,P,26,0,183,0,25,105,252,2,1,-1,0,-243,0,24,0,184,-1
10884,6.31,Z,43,0,315,0,459,123,225,5,Z,37,0,264,0,78,344,218,16,0,-6,0,-51,0,-381,221,-7,11
10885,5.05,Z,21,0,178,0,12,31,78,6,T,21,0,137,0,5,52,54,3,0,0,0,-41,0,-7,21,-24,-3
10886,9.59,Z,66,10,361,0,132,260,254,25,T,87,0,444,0,70,473,212,10,1,21,-10,83,0,-62,213,-42,-15
10887,2.32,P,13,0,69,0,5,28,17,2,T,9,0,75,0,186,20,22,7,1,-4,0,6,0,181,-8,5,5
10888,7.22,T,37,0,325,0,6,75,84,6,Z,38,0,427,0,8,105,196,0,0,1,0,102,0,2,30,112,-6
10889,7.23,T,57,2,580,0,30,191,122,4,Z,44,8,290,0,113,148,264,0,1,-13,6,-290,0,83,-43,142,-4
10890,6.18,Z,33,7,293,0,48,61,113,1,P,30,0,118,0,16,33,58,11,1,-3,-7,-175,0,-32,-28,-55,10
10891,9.58,P,63,6,573,0,18,187,104,0,T,91,5,738,0,64,193,147,2,0,28,-1,165,0,46,6,43,2
10892,6.33,P,24,0,409,0,118,232,145,6,P,38,1,376,0,51,144,69,2,0,14,1,-33,0,-67,-88,-76,-4
10893,8.58,T,76,2,533,0,40,178,107,5,T,64,3,317,0,9,154,121,8,1,-12,1,-216,0,-31,-24,14,3
10894,2.3,Z,11,1,130,0,1,37,37,0,T,11,0,252,0,0,14,18,1,1,0,-1,122,0,-1,-23,-19,1
10895,5.18,P,36,1,373,0,79,125,32,4,Z,39,1,307,0,79,185,274,4,1,3,0,-66,0,0,60,242,0
10896,1.34,P,4,0,38,0,0,19,12,1,P,8,1,31,0,0,41,13,0,1,4,1,-7,0,0,22,1,-1
10897,4.47,Z,23,5,212,0,26,48,66,0,Z,25,0,217,0,60,103,180,2,0,2,-5,5,0,34,55,114,2
10898,9.59,Z,43,2,838,0,7,75,151,4,T,56,4,375,0,13,82,79,2,1,13,2,-463,0,6,7,-72,-2
10899,6.27,Z,41,0,240,0,43,77,118,11,T,41,4,327,0,9,50,54,1,0,0,4,87,0,-34,-27,-64,-10
10900,6.4,P,36,0,562,0,18,130,50,4,Z,39,0,192,0,237,147,193,2,1,3,0,-370,0,219,17,143,-2
10901,10.28,P,33,0,665,0,0,223,70,0,T,79,6,685,0,18,129,207,5,1,46,6,20,0,18,-94,137,5
10902,2.27,P,12,0,151,0,0,73,17,0,Z,10,0,172,11,12,18,44,5,0,-2,0,21,11,12,-55,27,5
10903,9.59,T,53,5,404,0,1241,141,64,0,P,36,0,553,0,0,64,60,0,1,-17,-5,149,0,-1241,-77,-4,0
10904,9.59,Z,66,2,740,0,51,95,183,4,T,86,6,926,0,40,180,166,1,1,20,4,186,0,-11,85,-17,-3
10905,9.59,T,72,0,772,0,41,123,80,8,Z,43,0,493,0,36,92,133,8,0,-29,0,-279,0,-5,-31,53,0
10906,10.02,Z,61,0,331,0,98,204,402,8,Z,50,1,852,0,16,187,205,1,0,-11,1,521,0,-82,-17,-197,-7
10907,9.59,T,20,0,603,0,0,16,38,0,T,29,0,283,0,0,23,49,0,1,9,0,-320,0,0,7,11,0
10908,10.13,T,91,0,452,0,476,336,224,24,P,91,6,522,0,768,294,92,12,1,0,6,70,0,292,-42,-132,-12
10909,5.01,P,27,0,273,0,23,56,33,1,T,28,0,284,0,82,141,51,2,0,1,0,11,0,59,85,18,1
10910,8.46,Z,63,9,626,0,97,156,186,3,P,62,4,406,0,152,204,71,6,0,-1,-5,-220,0,55,48,-115,3
10911,9.59,T,78,9,871,0,7,144,134,1,P,72,8,528,0,72,358,116,4,1,-6,-1,-343,0,65,214,-18,3
10912,5.12,P,12,0,138,0,0,12,18,0,Z,12,0,123,0,1,8,35,1,1,0,0,-15,0,1,-4,17,1
10913,3.3,T,12,0,83,0,4,17,20,2,Z,14,1,6,0,28,18,53,3,0,2,1,-77,0,24,1,33,1
10914,4.05,Z,16,2,325,0,168,64,150,5,T,21,0,329,0,0,28,30,0,0,5,-2,4,0,-168,-36,-120,-5
10915,9.58,T,61,7,327,0,35,149,70,0,Z,56,0,817,0,184,280,205,8,1,-5,-7,490,0,149,131,135,8
10916,2.41,P,6,0,158,0,1,17,9,3,T,9,3,101,0,7,40,44,0,1,3,3,-57,0,6,23,35,-3
10917,10.46,T,108,9,764,12,664,214,147,1,P,77,2,793,0,43,386,123,1,0,-31,-7,29,-12,-621,172,-24,0
10918,9.59,P,77,6,311,1,132,198,147,0,Z,45,0,495,0,1,265,136,2,0,-32,-6,184,-1,-131,67,-11,2
10919,5.31,P,26,0,131,0,1,104,40,1,P,32,1,317,19,203,133,103,0,0,6,1,186,19,202,29,63,-1
10920,9.57,Z,50,0,391,0,3,82,207,0,Z,41,2,980,0,3,56,158,0,0,-9,2,589,0,0,-26,-49,0
10921,2.44,T,15,0,158,0,69,53,6,3,T,12,2,142,0,11,89,8,1,1,-3,2,-16,0,-58,36,2,-2
10922,9.52,Z,24,0,187,0,0,26,98,0,P,27,0,375,0,7,106,51,1,1,3,0,188,0,7,80,-47,1
10923,10.15,P,105,3,323,0,307,383,296,11,P,62,4,806,0,171,296,199,6,1,-43,1,483,0,-136,-87,-97,-5
10924,5.51,P,30,2,252,0,11,257,113,2,Z,33,0,209,0,105,127,136,6,0,3,-2,-43,0,94,-130,23,4
10925,5.44,P,42,1,329,0,38,165,49,6,Z,38,5,269,0,379,146,145,0,0,-4,4,-60,0,341,-19,96,-6
10926,4.25,P,15,0,82,0,2,45,29,0,P,16,0,257,0,96,102,83,4,1,1,0,175,0,94,57,54,4
10927,5.07,T,21,0,581,0,0,48,66,0,T,16,0,160,0,0,38,30,1,0,-5,0,-421,0,0,-10,-36,1
10928,9.59,P,61,5,623,0,45,90,65,7,T,78,5,355,0,98,119,119,1,1,17,0,-268,0,53,29,54,-6
10929,10.38,T,62,0,541,0,3,78,102,4,T,57,1,755,0,616,160,96,7,0,-5,1,214,0,613,82,-6,3
10930,8.29,Z,67,8,646,0,85,189,191,1,Z,45,3,585,0,83,122,181,2,1,-22,-5,-61,0,-2,-67,-10,1
10931,8.1,T,69,0,466,0,144,159,120,13,T,62,7,209,0,287,100,381,2,0,-7,7,-257,0,143,-59,261,-11
10932,4.06,Z,11,0,83,0,7,90,55,4,Z,18,0,176,0,9,58,53,1,1,7,0,93,0,2,-32,-2,-3
10933,9.59,T,83,0,639,0,75,302,235,11,T,56,0,564,0,4,105,93,2,1,-27,0,-75,0,-71,-197,-142,-9
10934,7.38,T,60,0,286,0,39,91,82,10,T,69,0,474,0,392,171,71,8,0,9,0,188,0,353,80,-11,-2
10935,9.59,P,84,6,590,0,146,376,102,3,T,86,0,418,0,45,219,190,12,0,2,-6,-172,0,-101,-157,88,9
10936,2.38,Z,11,0,30,0,37,25,57,2,Z,14,1,149,0,285,82,47,2,1,3,1,119,0,248,57,-10,0
10937,8.44,P,30,0,570,0,6,88,57,3,P,73,2,238,0,94,558,137,1,1,43,2,-332,0,88,470,80,-2
10938,8.23,T,57,0,428,0,0,93,102,0,T,43,1,451,0,44,187,97,6,1,-14,1,23,0,44,94,-5,6
10939,6.13,P,28,0,155,0,0,112,74,0,Z,29,0,132,0,57,43,81,0,0,1,0,-23,0,57,-69,7,0
10940,7.14,Z,70,0,320,0,304,305,258,17,P,80,3,403,0,263,218,107,10,0,10,3,83,0,-41,-87,-151,-7
10941,5.23,P,32,0,316,0,139,179,82,3,Z,16,0,317,0,4,78,71,1,0,-16,0,1,0,-135,-101,-11,-2
10942,9.59,Z,49,2,821,0,33,83,156,1,P,45,0,534,0,0,131,113,0,1,-4,-2,-287,0,-33,48,-43,-1
10943,7.22,Z,34,0,434,0,49,81,134,6,P,43,0,397,0,243,188,257,13,1,9,0,-37,0,194,107,123,7
10944,9.59,Z,56,0,336,0,30,124,147,4,T,66,0,495,0,60,362,250,9,0,10,0,159,0,30,238,103,5
10945,9.18,T,63,2,638,0,48,159,63,6,T,33,0,620,0,0,28,53,0,1,-30,-2,-18,0,-48,-131,-10,-6
10946,10.28,P,54,0,943,0,0,240,109,0,Z,58,0,820,0,19,165,179,1,1,4,0,-123,0,19,-75,70,1
10947,8.22,Z,64,1,274,0,63,237,275,2,T,77,3,433,0,487,240,225,6,1,13,2,159,0,424,3,-50,4
10948,9.59,T,29,0,350,0,0,30,50,0,T,75,2,463,0,70,65,67,1,0,46,2,113,0,70,35,17,1
10949,2.32,T,14,1,112,0,2,11,17,0,T,3,0,185,0,0,29,8,0,0,-11,-1,73,0,-2,18,-9,0
10950,10,P,36,0,653,0,0,109,76,0,P,61,7,557,0,16,318,144,6,1,25,7,-96,0,16,209,68,6
10951,9.59,Z,69,6,483,0,85,146,190,7,T,110,2,466,0,247,207,131,11,1,41,-4,-17,0,162,61,-59,4
10952,9.5,Z,81,2,382,0,65,130,222,1,T,80,11,712,0,328,256,191,2,0,-1,9,330,0,263,126,-31,1
10953,10.41,P,55,7,823,0,43,226,146,0,Z,57,0,233,2,94,239,202,0,0,2,-7,-590,2,51,13,56,0
10954,9.59,T,77,0,724,0,99,214,128,7,P,47,0,855,0,27,115,42,6,1,-30,0,131,0,-72,-99,-86,-1
10955,2.55,T,13,0,193,0,11,36,41,2,P,13,3,153,0,6,51,27,1,1,0,3,-40,0,-5,15,-14,-1
10956,9.35,Z,37,0,809,0,32,108,162,2,P,59,5,730,0,30,308,68,0,1,22,5,-79,0,-2,200,-94,-2
10957,6.5,T,70,1,327,0,379,177,143,9,T,75,6,230,0,576,256,161,9,1,5,5,-97,0,197,79,18,0
10958,0.44,T,3,0,47,0,86,12,5,3,T,2,1,33,0,2,11,5,0,0,-1,1,-14,0,-84,-1,0,-3
10959,9.33,P,52,0,395,0,6,159,82,7,T,103,10,857,3,220,329,177,0,0,51,10,462,3,214,170,95,-7
10960,6,P,32,0,589,0,6,204,94,1,T,30,0,336,0,0,80,90,1,0,-2,0,-253,0,-6,-124,-4,0
10961,5.43,P,22,0,288,0,3,22,26,4,Z,23,3,123,0,321,105,184,0,1,1,3,-165,0,318,83,158,-4
10962,5.07,T,32,2,144,0,314,143,99,1,T,40,3,205,3,155,152,110,3,1,8,1,61,3,-159,9,11,2
10963,5.57,Z,24,0,387,0,13,55,72,2,P,33,0,327,0,474,142,122,2,1,9,0,-60,0,461,87,50,0
10964,6.07,T,27,0,320,0,0,14,45,0,P,19,0,434,0,12,26,29,3,0,-8,0,114,0,12,12,-16,3
10965,9.59,T,96,3,516,0,279,187,152,8,Z,77,8,365,0,167,186,225,0,0,-19,5,-151,0,-112,-1,73,-8
10966,8.37,Z,43,2,282,0,44,101,118,0,T,58,0,823,0,45,186,79,8,1,15,-2,541,0,1,85,-39,8
10967,8.44,P,56,0,393,0,415,223,169,14,P,53,10,707,0,20,142,108,1,0,-3,10,314,0,-395,-81,-61,-13
10968,9.57,T,86,0,649,0,45,196,189,17,T,78,11,311,0,588,158,96,5,0,-8,11,-338,0,543,-38,-93,-12
10969,3.2,P,17,0,134,0,19,87,16,3,Z,12,1,193,0,1,57,40,0,0,-5,1,59,0,-18,-30,24,-3
10970,9.59,Z,63,0,583,0,21,62,141,1,P,86,3,471,0,395,336,304,7,1,23,3,-112,0,374,274,163,6
10971,9.59,Z,30,1,429,0,25,25,95,1,T,42,0,305,0,0,31,77,0,0,12,-1,-124,0,-25,6,-18,-1
10972,2.44,T,13,0,74,0,266,16,12,4,T,14,2,151,0,4,31,27,0,1,1,2,77,0,-262,15,15,-4
10973,10.16,T,128,0,521,0,445,380,355,9,P,66,0,883,0,1,256,139,1,1,-62,0,362,0,-444,-124,-216,-8
10974,9.58,P,47,1,614,0,49,128,47,9,T,53,5,785,0,46,163,71,0,0,6,4,171,0,-3,35,24,-9
10975,7.26,T,45,0,376,0,57,119,88,8,Z,33,5,482,0,21,35,119,0,1,-12,5,106,0,-36,-84,31,-8
10976,9.54,T,67,0,326,0,18,209,91,5,P,40,5,441,0,34,167,57,2,0,-27,5,115,0,16,-42,-34,-3
10977,4.4,Z,22,1,120,0,21,63,87,0,Z,28,0,209,0,136,130,85,10,1,6,-1,89,0,115,67,-2,10
10978,9.59,T,48,0,475,0,0,201,98,3,P,39,0,607,0,0,277,99,1,0,-9,0,132,0,0,76,1,-2
10979,9,Z,40,1,353,0,28,110,196,1,Z,52,3,326,0,368,226,248,0,1,12,2,-27,0,340,116,52,-1
10980,7.38,Z,51,16,261,0,537,186,166,2,T,68,2,369,0,65,268,96,6,0,17,-14,108,0,-472,82,-70,4
10981,8.11,T,46,3,455,0,20,56,72,1,T,64,0,418,0,295,151,146,26,1,18,-3,-37,0,275,95,74,25
10982,9.59,Z,79,0,929,0,66,241,212,4,Z,78,9,274,0,33,171,236,2,0,-1,9,-655,0,-33,-70,24,-2
10983,0.13,T,1,1,18,0,0,10,1,0,T,1,1,15,0,1,5,1,0,1,0,0,-3,0,1,-5,0,0
10984,9.36,Z,61,1,733,0,48,147,162,1,P,64,12,630,0,96,156,118,2,1,3,11,-103,0,48,9,-44,1
10985,3.28,Z,31,0,75,0,27,32,67,2,Z,16,0,112,0,13,37,44,1,1,-15,0,37,0,-14,5,-23,-1
10986,8.18,T,77,0,543,0,48,118,160,8,Z,56,0,562,0,58,140,205,2,0,-21,0,19,0,10,22,45,-6
10987,4.21,T,20,9,217,0,84,122,51,0,T,28,0,211,0,364,181,27,5,0,8,-9,-6,0,280,59,-24,5
10988,9.59,Z,72,0,594,0,225,199,384,14,P,57,0,466,0,131,341,109,6,1,-15,0,-128,0,-94,142,-275,-8
10989,9.03,Z,93,6,646,0,117,185,248,4,T,75,0,627,0,10,110,68,5,0,-18,-6,-19,0,-107,-75,-180,1
10990,6.36,T,85,4,202,0,592,162,131,8,Z,47,5,286,0,351,181,230,5,0,-38,1,84,0,-241,19,99,-3
10991,3.39,P,13,0,53,0,10,63,23,5,Z,15,1,87,0,15,61,44,1,1,2,1,34,0,5,-2,21,-4
10992,8.58,Z,78,6,453,0,109,222,168,3,P,45,0,468,0,14,271,153,2,0,-33,-6,15,0,-95,49,-15,-1
10993,9.59,P,50,0,562,0,23,177,75,6,Z,60,2,527,0,58,129,190,0,1,10,2,-35,0,35,-48,115,-6
10994,7.36,P,41,1,623,0,23,125,50,3,T,43,0,251,7,222,75,68,2,1,2,-1,-372,7,199,-50,18,-1
10995,9.59,Z,70,0,464,0,23,72,189,1,T,71,5,1073,0,49,138,64,1,0,1,5,609,0,26,66,-125,0
10996,7.17,P,63,1,438,0,38,226,81,7,Z,73,0,508,0,89,260,204,6,1,10,-1,70,0,51,34,123,-1
10997,6.46,Z,46,3,319,0,514,149,195,5,P,49,3,358,11,82,76,62,4,0,3,0,39,11,-432,-73,-133,-1
10998,6.58,Z,41,4,189,0,218,115,146,4,P,37,0,463,3,11,92,51,0,1,-4,-4,274,3,-207,-23,-95,-4
10999,2.42,T,15,0,202,0,99,38,49,3,T,11,0,87,0,123,26,73,3,1,-4,0,-115,0,24,-12,24,0
11000,4.24,P,21,0,198,0,4,82,209,5,T,27,2,91,0,5,25,50,1,1,6,2,-107,0,1,-57,-159,-4
11001,10.01,P,46,3,606,0,13,99,72,2,Z,49,0,916,0,29,80,153,5,1,3,-3,310,0,16,-19,81,3
11002,8.36,Z,38,6,594,0,83,144,211,0,T,70,0,384,0,216,158,77,7,0,32,-6,-210,0,133,14,-134,7
11003,9.57,P,58,0,582,0,336,226,112,5,P,34,0,739,0,17,93,76,3,0,-24,0,157,0,-319,-133,-36,-2
11004,7.06,Z,30,0,317,0,0,154,134,0,T,67,5,344,0,208,141,305,2,1,37,5,27,0,208,-13,171,2
11005,1.59,P,6,0,62,0,0,19,6,2,P,8,0,126,0,17,52,42,2,1,2,0,64,0,17,33,36,0
11006,9.59,T,74,10,504,0,111,298,140,1,P,71,0,604,37,749,206,161,1,1,-3,-10,100,37,638,-92,21,0
11007,9.59,Z,49,0,454,0,211,280,304,2,P,31,0,251,0,0,93,47,0,0,-18,0,-203,0,-211,-187,-257,-2
11008,9.59,Z,64,0,957,0,218,234,304,7,T,63,1,330,0,44,198,340,3,0,-1,1,-627,0,-174,-36,36,-4
11009,5.19,Z,25,0,508,0,18,25,109,0,Z,17,0,139,0,78,74,158,4,1,-8,0,-369,0,60,49,49,4
11010,5.34,Z,23,0,101,0,27,81,74,1,Z,23,0,345,0,11,152,119,2,0,0,0,244,0,-16,71,45,1
11011,3.57,T,14,0,127,0,0,52,16,2,T,18,0,342,0,17,18,35,2,1,4,0,215,0,17,-34,19,0
11012,4.56,T,27,2,261,0,148,127,139,2,T,30,0,103,0,8,72,111,6,0,3,-2,-158,0,-140,-55,-28,4
11013,10,T,65,0,522,6,22,118,115,0,Z,61,4,585,0,43,122,178,4,1,-4,4,63,-6,21,4,63,4
11014,4.35,P,22,1,198,0,451,85,28,16,T,33,2,195,0,219,153,56,9,1,11,1,-3,0,-232,68,28,-7
11015,7.51,P,43,0,405,0,10,78,81,2,T,61,4,630,0,33,139,73,2,0,18,4,225,0,23,61,-8,0
11016,2.35,P,14,1,68,0,0,44,32,0,P,8,1,114,0,3,61,10,0,1,-6,0,46,0,3,17,-22,0
11017,7.13,Z,41,0,413,0,18,19,123,3,P,39,0,387,0,8,167,66,3,0,-2,0,-26,0,-10,148,-57,0
11018,8.52,T,34,0,538,0,6,278,83,2,P,54,4,679,0,15,208,85,0,0,20,4,141,0,9,-70,2,-2
11019,4.26,T,20,1,495,0,8,41,29,1,T,22,0,310,0,2,76,41,2,1,2,-1,-185,0,-6,35,12,1
11020,7.59,Z,31,0,86,16,95,34,180,6,P,46,2,341,0,45,138,61,2,0,15,2,255,-16,-50,104,-119,-4
11021,9.59,Z,55,1,526,0,148,137,170,4,T,115,2,535,0,525,312,191,6,1,60,1,9,0,377,175,21,2
11022,7.28,P,25,1,308,0,11,257,35,0,T,35,3,438,0,143,122,94,0,0,10,2,130,0,132,-135,59,0
11023,9.04,Z,50,1,627,0,28,193,177,3,P,55,1,716,0,64,123,127,1,0,5,0,89,0,36,-70,-50,-2
11024,4.08,T,18,0,276,0,0,34,20,0,T,15,0,302,0,3,45,36,4,0,-3,0,26,0,3,11,16,4
11025,9.59,T,58,0,1042,0,22,205,234,5,T,81,5,408,0,793,252,238,7,1,23,5,-634,0,771,47,4,2
11026,9.3,T,77,13,898,0,383,215,116,5,Z,64,5,550,0,35,168,277,0,0,-13,-8,-348,0,-348,-47,161,-5
11027,9.59,Z,67,0,381,0,25,88,181,1,T,65,6,801,0,327,286,94,3,0,-2,6,420,0,302,198,-87,2
11028,9.06,T,68,0,314,0,44,125,73,4,P,53,0,235,0,282,125,62,17,0,-15,0,-79,0,238,0,-11,13
11029,9.59,Z,68,4,593,1,171,226,222,6,P,82,0,830,0,111,286,170,2,1,14,-4,237,-1,-60,60,-52,-4
11030,8.58,P,57,0,521,0,537,268,92,18,T,72,0,588,0,630,166,173,11,0,15,0,67,0,93,-102,81,-7
11031,9.13,P,94,7,593,0,350,361,133,8,Z,68,0,305,0,195,233,425,6,0,-26,-7,-288,0,-155,-128,292,-2
11032,3.13,Z,18,0,84,0,2,43,112,2,P,21,0,92,0,38,78,51,8,1,3,0,8,0,36,35,-61,6
11033,5.19,P,28,7,236,4,247,92,52,1,Z,31,3,229,0,277,55,184,2,0,3,-4,-7,-4,30,-37,132,1
11034,4.01,Z,25,3,221,0,204,127,149,10,T,29,0,143,0,268,157,68,10,1,4,-3,-78,0,64,30,-81,0
11035,6.48,Z,42,4,208,2,151,113,126,2,P,52,0,264,0,110,213,119,8,1,10,-4,56,-2,-41,100,-7,6
11036,6.2,P,44,1,469,0,222,346,46,8,Z,33,0,236,0,28,139,109,5,0,-11,-1,-233,0,-194,-207,63,-3
11037,9.59,P,48,10,483,0,78,301,75,4,P,72,0,511,0,8,267,132,8,1,24,-10,28,0,-70,-34,57,4
11038,9.59,P,59,7,542,0,39,145,63,0,Z,49,2,419,0,36,162,176,0,0,-10,-5,-123,0,-3,17,113,0
11039,9.59,Z,56,6,701,0,51,119,165,0,T,57,0,579,0,24,62,99,7,0,1,-6,-122,0,-27,-57,-66,7
11040,5.5,Z,28,6,153,0,481,81,265,1,P,38,6,524,0,107,109,92,0,0,10,0,371,0,-374,28,-173,-1
11041,9.18,P,53,7,627,0,56,251,53,4,Z,64,4,262,0,191,138,229,11,1,11,-3,-365,0,135,-113,176,7
11042,9.59,Z,54,12,635,2,293,211,286,0,T,93,5,318,0,106,191,165,0,0,39,-7,-317,-2,-187,-20,-121,0
11043,8.31,T,82,1,423,0,520,239,208,12,T,90,0,629,0,97,172,134,12,0,8,-1,206,0,-423,-67,-74,0
11044,9.59,P,37,0,807,0,2,169,54,1,T,65,2,604,0,15,124,75,4,0,28,2,-203,0,13,-45,21,3
11045,4.36,T,34,0,214,0,278,127,83,5,P,27,0,177,0,318,88,30,10,0,-7,0,-37,0,40,-39,-53,5
11046,10.11,T,55,0,671,0,15,50,86,5,T,41,0,178,0,2,54,104,4,0,-14,0,-493,0,-13,4,18,-1
11047,4.54,P,26,2,366,0,113,85,101,2,T,22,0,192,0,189,140,144,6,0,-4,-2,-174,0,76,55,43,4
11048,9.59,T,97,1,709,0,298,247,208,10,P,78,7,542,0,47,298,108,10,0,-19,6,-167,0,-251,51,-100,0
11049,9.59,T,60,0,640,0,7,239,74,4,P,97,0,451,0,128,316,84,13,1,37,0,-189,0,121,77,10,9
11050,2.45,T,12,0,209,0,134,51,91,8,T,13,0,126,0,30,93,33,5,0,1,0,-83,0,-104,42,-58,-3
11051,9.2,Z,95,0,477,16,121,349,307,1,P,107,11,418,0,198,288,126,14,1,12,11,-59,-16,77,-61,-181,13
11052,9.09,T,77,0,546,0,65,171,103,1,P,63,0,574,0,202,188,74,8,1,-14,0,28,0,137,17,-29,7
11053,0,P,0,0,1,0,0,0,0,0,P,1,0,10,0,76,3,2,1,1,1,0,9,0,76,3,2,1
11054,8.51,Z,60,3,436,0,751,175,404,12,Z,51,2,583,0,21,306,208,2,1,-9,-1,147,0,-730,131,-196,-10
11055,9.59,T,43,0,602,0,8,55,82,1,P,32,0,475,0,0,289,40,0,0,-11,0,-127,0,-8,234,-42,-1
11056,9.1,Z,26,0,297,0,0,17,101,0,T,51,0,924,0,55,161,115,7,1,25,0,627,0,55,144,14,7
11057,8.24,Z,50,0,583,0,159,135,209,6,T,93,0,358,0,494,242,222,14,1,43,0,-225,0,335,107,13,8
11058,9.59,Z,52,10,350,8,89,140,138,0,T,86,10,790,0,33,205,112,3,1,34,0,440,-8,-56,65,-26,3
11059,9.59,Z,41,0,386,0,20,121,218,8,P,38,0,427,0,6,54,63,4,0,-3,0,41,0,-14,-67,-155,-4
11060,9.43,P,40,0,428,0,6,144,59,3,P,64,3,722,0,39,151,58,4,1,24,3,294,0,33,7,-1,1
11061,4.08,P,5,0,31,0,0,11,3,0,P,12,0,167,0,9,73,23,4,1,7,0,136,0,9,62,20,4
11062,6.46,P,34,0,278,0,13,202,117,5,T,43,1,201,0,62,161,93,6,0,9,1,-77,0,49,-41,-24,1
11063,9.41,T,91,2,689,0,243,297,134,10,Z,68,6,415,0,94,150,200,5,1,-23,4,-274,0,-149,-147,66,-5
11064,10.2,Z,112,13,461,0,577,321,367,10,T,136,0,523,0,540,432,126,17,1,24,-13,62,0,-37,111,-241,7
11065,6.09,T,34,0,435,0,7,146,94,1,P,35,0,191,0,108,199,35,7,1,1,0,-244,0,101,53,-59,6
11066,10.24,P,72,1,675,0,50,244,214,7,T,122,0,528,0,93,295,116,6,0,50,-1,-147,0,43,51,-98,-1
11067,9.59,P,64,3,550,0,60,312,157,4,T,73,10,775,0,418,261,202,7,0,9,7,225,0,358,-51,45,3
11068,6.2,T,46,6,300,0,16,130,201,4,Z,27,1,333,0,42,49,76,1,0,-19,-5,33,0,26,-81,-125,-3
11069,9.58,P,43,7,488,0,33,197,57,1,Z,65,7,781,0,53,36,230,1,0,22,0,293,0,20,-161,173,0
11070,9.58,T,91,4,586,0,25,240,198,1,Z,70,6,403,0,56,85,180,11,0,-21,2,-183,0,31,-155,-18,10
11071,5.48,P,39,0,375,0,56,269,124,2,Z,38,4,357,0,192,112,169,6,0,-1,4,-18,0,136,-157,45,4
11072,9.59,P,66,1,394,0,304,259,78,4,P,55,0,533,0,17,239,79,7,0,-11,-1,139,0,-287,-20,1,3
11073,6.34,P,25,0,193,0,7,95,90,4,P,31,1,377,0,26,193,73,0,0,6,1,184,0,19,98,-17,-4
11074,5.17,T,49,0,419,0,192,85,121,15,T,29,1,190,0,153,108,64,5,0,-20,1,-229,0,-39,23,-57,-10
11075,4.08,Z,15,1,279,0,12,39,105,3,T,16,0,106,0,22,53,38,4,0,1,-1,-173,0,10,14,-67,1
11076,9.13,T,46,0,238,0,25,26,29,4,P,46,0,624,0,14,251,83,9,1,0,0,386,0,-11,225,54,5
11077,9,T,59,0,533,0,19,252,98,3,T,38,2,371,0,13,59,63,2,0,-21,2,-162,0,-6,-193,-35,-1
11078,9.58,Z,59,7,512,0,72,128,201,1,P,72,0,679,0,383,215,53,8,0,13,-7,167,0,311,87,-148,7
11079,6.03,P,31,7,214,0,16,67,56,0,P,35,0,350,0,3,198,70,8,1,4,-7,136,0,-13,131,14,8
11080,4.51,T,24,2,380,0,381,127,34,3,P,40,2,231,0,180,92,28,7,1,16,0,-149,0,-201,-35,-6,4
11081,9.59,Z,84,7,577,0,59,338,201,2,T,75,0,407,0,4,256,141,4,0,-9,-7,-170,0,-55,-82,-60,2
11082,9.59,T,54,0,491,0,112,407,184,15,P,33,0,784,0,10,175,90,0,0,-21,0,293,0,-102,-232,-94,-15
11083,9.59,T,92,4,714,0,546,252,216,9,Z,96,8,442,0,777,180,374,1,1,4,4,-272,0,231,-72,158,-8
11084,5.3,Z,38,3,245,0,165,202,206,2,Z,30,12,172,0,29,52,89,0,0,-8,9,-73,0,-136,-150,-117,-2
11085,9.58,P,59,0,776,0,16,195,93,5,T,52,0,341,0,0,162,124,0,0,-7,0,-435,0,-16,-33,31,-5
11086,2.39,T,8,9,66,0,239,55,22,5,Z,7,1,143,1,265,15,77,5,1,-1,-8,77,1,26,-40,55,0
11087,10,P,88,0,400,0,63,226,277,10,T,87,4,936,0,299,293,196,3,1,-1,4,536,0,236,67,-81,-7
11088,8.24,T,41,0,418,0,13,173,97,5,T,73,0,691,0,41,138,52,6,1,32,0,273,0,28,-35,-45,1
11089,10.49,T,112,3,503,0,168,217,187,8,Z,70,5,566,0,15,279,217,0,0,-42,2,63,0,-153,62,30,-8
11090,10.53,T,32,0,769,0,0,128,80,0,T,106,2,676,0,289,296,89,7,1,74,2,-93,0,289,168,9,7
11091,7.44,T,48,1,547,0,127,239,86,4,P,32,0,562,0,0,99,49,0,1,-16,-1,15,0,-127,-140,-37,-4
11092,9.58,P,75,2,682,0,34,251,97,4,Z,45,6,687,0,126,164,212,1,1,-30,4,5,0,92,-87,115,-3
11093,6.17,T,35,0,498,0,10,84,55,1,T,28,0,125,0,15,24,38,4,1,-7,0,-373,0,5,-60,-17,3
11094,7.31,Z,40,0,276,0,14,99,154,2,P,38,0,652,0,8,137,55,3,0,-2,0,376,0,-6,38,-99,1
11095,5.5,T,43,0,344,0,41,141,50,8,P,28,0,141,0,140,108,60,7,1,-15,0,-203,0,99,-33,10,-1
11096,6.15,Z,36,4,290,0,101,76,158,0,T,42,5,417,0,34,50,37,1,1,6,1,127,0,-67,-26,-121,1
11097,10.24,T,89,5,493,0,584,155,142,16,P,105,7,360,0,177,230,215,1,1,16,2,-133,0,-407,75,73,-15
11098,4.3,Z,22,0,237,0,3,76,87,0,Z,17,1,238,0,5,59,83,2,0,-5,1,1,0,2,-17,-4,2
11099,8.3,Z,103,5,523,0,139,191,289,0,T,79,0,692,0,20,257,69,7,0,-24,-5,169,0,-119,66,-220,7
11100,9.59,Z,61,12,458,0,397,225,241,6,P,103,0,648,0,930,370,279,8,0,42,-12,190,0,533,145,38,2
11101,3.5,P,18,0,148,0,0,113,34,0,P,14,0,235,0,0,71,34,0,1,-4,0,87,0,0,-42,0,0
11102,8.09,T,42,0,418,0,113,137,75,8,T,54,0,523,0,33,74,255,4,1,12,0,105,0,-80,-63,180,-4
11103,9.05,T,65,0,672,0,114,239,124,5,T,92,3,821,0,109,346,210,1,0,27,3,149,0,-5,107,86,-4
11104,9.59,Z,63,8,449,0,39,113,187,1,T,107,0,822,0,167,196,238,10,0,44,-8,373,0,128,83,51,9
11105,10.03,T,141,4,556,0,472,182,197,7,P,111,0,458,0,599,465,222,18,1,-30,-4,-98,0,127,283,25,11
11106,3.05,T,10,0,74,0,268,66,33,10,T,18,2,120,0,346,110,85,2,1,8,2,46,0,78,44,52,-8
11107,7.25,T,69,5,627,1,5,130,98,0,Z,37,0,231,0,51,153,117,2,1,-32,-5,-396,-1,46,23,19,2
11108,5.07,P,21,1,297,0,5,44,25,0,T,25,0,130,0,0,18,37,3,0,4,-1,-167,0,-5,-26,12,3
11109,9.31,P,68,0,493,0,37,213,195,2,P,86,0,454,0,693,382,118,13,1,18,0,-39,0,656,169,-77,11
11110,9.59,P,59,3,508,4,21,246,443,2,T,55,0,422,0,3,133,93,1,0,-4,-3,-86,-4,-18,-113,-350,-1
11111,9.59,P,112,1,359,0,554,277,150,32,T,137,0,592,18,542,314,183,0,0,25,-1,233,18,-12,37,33,-32
11112,6.4,T,51,0,370,0,42,216,113,3,T,27,0,160,0,0,237,168,0,0,-24,0,-210,0,-42,21,55,-3
11113,9.57,P,59,0,526,0,99,323,45,13,T,83,3,657,0,63,168,118,21,0,24,3,131,0,-36,-155,73,8
11114,3.56,P,18,0,151,0,48,61,36,2,T,15,0,133,0,1,19,24,1,0,-3,0,-18,0,-47,-42,-12,-1
11115,7.06,Z,38,5,319,0,52,98,158,0,Z,39,4,403,0,49,135,137,5,1,1,-1,84,0,-3,37,-21,5
11116,3.41,T,20,0,148,0,4,19,22,1,P,16,0,163,0,0,19,18,0,1,-4,0,15,0,-4,0,-4,-1
11117,9.58,T,79,8,660,2,175,187,86,0,P,90,0,370,0,261,375,115,12,0,11,-8,-290,-2,86,188,29,12
11118,9.43,T,68,8,527,0,39,274,104,1,T,66,0,555,0,13,158,84,3,1,-2,-8,28,0,-26,-116,-20,2
11119,8.47,Z,77,0,452,0,0,181,416,0,Z,49,3,697,0,101,217,262,3,1,-28,3,245,0,101,36,-154,3
11120,9.59,T,96,0,386,0,357,267,189,13,Z,96,0,448,0,184,204,278,12,1,0,0,62,0,-173,-63,89,-1
11121,9.59,T,51,6,591,0,73,105,80,1,T,32,0,402,0,0,54,73,0,0,-19,-6,-189,0,-73,-51,-7,-1
11122,9.39,Z,90,2,459,0,260,224,264,1,P,78,5,459,0,576,399,212,13,0,-12,3,0,0,316,175,-52,12
11123,5.22,Z,27,0,147,0,5,42,79,1,Z,28,0,336,0,21,31,64,4,1,1,0,189,0,16,-11,-15,3
11124,4.11,T,28,4,286,0,88,64,72,1,T,23,3,148,0,3,116,116,0,1,-5,-1,-138,0,-85,52,44,-1
11125,10.05,T,62,0,803,0,16,139,66,2,P,56,0,727,0,31,157,87,8,1,-6,0,-76,0,15,18,21,6
11126,9.53,T,82,0,691,0,99,332,227,9,P,42,0,393,0,4,67,76,1,1,-40,0,-298,0,-95,-265,-151,-8
11127,7.24,Z,43,8,467,0,414,329,228,8,Z,50,7,363,0,397,173,141,5,0,7,-1,-104,0,-17,-156,-87,-3
11128,1.32,Z,7,2,57,1,82,30,32,0,P,6,0,70,0,0,10,8,2,1,-1,-2,13,-1,-82,-20,-24,2
11129,9.59,P,72,10,525,0,200,328,160,5,P,53,2,559,0,984,276,151,15,0,-19,-8,34,0,784,-52,-9,10
11130,8.46,P,60,4,370,0,458,181,57,10,Z,41,0,651,0,21,96,139,4,0,-19,-4,281,0,-437,-85,82,-6
11131,8.05,T,61,0,642,0,29,194,94,5,Z,60,2,610,0,471,243,326,8,0,-1,2,-32,0,442,49,232,3
11132,9.59,T,55,0,558,0,12,238,83,4,Z,70,6,318,0,132,122,239,0,1,15,6,-240,0,120,-116,156,-4
11133,6.07,Z,36,2,485,0,59,74,165,4,T,49,0,431,0,551,77,256,7,0,13,-2,-54,0,492,3,91,3
11134,10.55,Z,51,5,645,0,14,217,271,7,Z,88,0,483,0,0,269,282,0,1,37,-5,-162,0,-14,52,11,-7
11135,9.59,T,83,5,324,0,165,145,152,14,Z,60,1,625,0,29,218,251,3,0,-23,-4,301,0,-136,73,99,-11
11136,9.56,T,35,0,740,0,1,45,53,5,Z,34,0,324,0,18,45,130,1,1,-1,0,-416,0,17,0,77,-4
11137,9.59,T,78,9,485,2,516,133,92,12,Z,66,0,532,10,68,155,181,0,0,-12,-9,47,8,-448,22,89,-12
11138,9.33,Z,58,0,515,0,60,180,228,4,P,51,1,395,0,24,127,71,6,0,-7,1,-120,0,-36,-53,-157,2
11139,8.34,P,49,7,301,0,40,334,173,0,T,59,0,282,0,358,271,91,17,0,10,-7,-19,0,318,-63,-82,17
11140,9.59,T,110,4,436,0,265,405,73,14,Z,49,0,720,0,46,271,165,9,0,-61,-4,284,0,-219,-134,92,-5
11141,3.46,Z,21,0,123,6,391,85,80,0,Z,20,0,48,24,106,89,122,0,0,-1,0,-75,18,-285,4,42,0
11142,8.41,T,48,0,814,0,0,113,97,0,Z,39,3,529,0,35,210,158,4,0,-9,3,-285,0,35,97,61,4
11143,9.59,T,50,0,651,0,20,160,105,10,Z,47,0,415,0,16,127,161,2,1,-3,0,-236,0,-4,-33,56,-8
11144,9.02,Z,51,0,523,0,102,190,200,4,Z,48,0,616,0,80,237,194,8,1,-3,0,93,0,-22,47,-6,4
11145,3.19,T,11,0,171,0,234,35,33,2,Z,14,2,87,0,6,91,52,0,1,3,2,-84,0,-228,56,19,-2
11146,8.59,Z,39,8,494,0,135,186,237,0,P,38,1,593,0,0,187,57,0,0,-1,-7,99,0,-135,1,-180,0
11147,6.49,Z,30,1,285,0,9,110,140,2,T,56,2,519,0,328,246,139,0,1,26,1,234,0,319,136,-1,-2
11148,9.59,Z,55,4,448,0,26,87,163,0,T,43,0,1058,0,9,94,85,4,1,-12,-4,610,0,-17,7,-78,4
11149,3.17,P,13,4,197,0,5,106,29,0,Z,13,0,53,0,91,28,44,3,1,0,-4,-144,0,86,-78,15,3
11150,6.46,T,73,5,456,0,543,310,155,2,P,41,3,220,0,549,277,73,5,0,-32,-2,-236,0,6,-33,-82,3
11151,9.59,Z,65,2,316,0,68,83,178,4,T,85,0,460,0,686,109,92,13,0,20,-2,144,0,618,26,-86,9
11152,3.55,P,18,0,306,0,465,52,73,7,Z,19,1,109,0,374,36,162,7,0,1,1,-197,0,-91,-16,89,0
11153,9.59,T,125,5,449,0,772,314,204,9,Z,52,1,365,0,198,191,215,2,0,-73,-4,-84,0,-574,-123,11,-7
11154,4.39,T,42,0,171,0,32,132,57,6,Z,21,5,267,0,115,78,76,2,1,-21,5,96,0,83,-54,19,-4
11155,7.25,T,54,0,595,0,35,193,72,2,P,34,0,513,0,26,302,87,4,0,-20,0,-82,0,-9,109,15,2
11156,2.42,Z,6,5,202,0,53,61,44,1,Z,9,0,89,0,108,45,61,5,0,3,-5,-113,0,55,-16,17,4
11157,5.16,T,24,0,129,0,6,41,54,8,T,47,0,216,0,0,181,115,1,0,23,0,87,0,-6,140,61,-7
11158,7.17,P,87,1,372,0,217,328,87,18,T,72,7,435,0,482,164,188,7,0,-15,6,63,0,265,-164,101,-11
11159,6.08,P,33,0,481,0,25,84,24,5,Z,34,0,154,0,40,40,130,4,0,1,0,-327,0,15,-44,106,-1
11160,7.56,P,82,0,369,0,561,265,298,19,T,131,0,360,0,605,333,210,36,0,49,0,-9,0,44,68,-88,17
11161,3.17,P,8,0,82,0,0,40,23,0,P,12,0,86,0,16,71,30,2,1,4,0,4,0,16,31,7,2
11162,3.07,Z,12,1,21,0,17,31,31,5,T,14,0,255,0,13,33,26,0,0,2,-1,234,0,-4,2,-5,-5
11163,4.54,P,63,0,185,0,63,188,44,5,T,29,3,208,0,163,93,70,6,0,-34,3,23,0,100,-95,26,1
11164,10.01,T,82,0,361,0,5,165,378,3,Z,63,0,522,0,321,312,346,17,0,-19,0,161,0,316,147,-32,14
11165,9.59,T,47,2,618,0,10,47,68,0,P,48,0,509,0,22,168,76,7,1,1,-2,-109,0,12,121,8,7
11166,4.26,Z,19,0,141,0,110,93,176,4,T,29,0,201,0,148,92,147,7,0,10,0,60,0,38,-1,-29,3
11167,9.59,P,95,0,795,0,459,194,69,7,Z,84,7,509,8,267,294,295,0,0,-11,7,-286,8,-192,100,226,-7
11168,9.59,P,45,0,484,0,1,178,105,2,Z,27,0,579,0,37,111,116,7,0,-18,0,95,0,36,-67,11,5
11169,4.29,P,22,0,136,0,11,34,23,3,T,20,0,195,0,18,67,54,10,0,-2,0,59,0,7,33,31,7
11170,9.58,T,75,0,601,0,44,183,126,4,T,115,0,423,0,219,244,105,10,0,40,0,-178,0,175,61,-21,6
11171,9.59,P,60,0,756,0,208,299,143,4,P,85,0,441,0,117,257,105,7,1,25,0,-315,0,-91,-42,-38,3
11172,9.16,Z,39,0,543,0,0,35,167,0,Z,52,0,380,0,18,47,142,3,1,13,0,-163,0,18,12,-25,3
11173,7.46,T,42,0,140,0,25,149,70,6,T,59,5,357,0,24,127,80,1,1,17,5,217,0,-1,-22,10,-5
11174,8.44,T,70,8,725,0,52,172,89,2,T,68,0,545,0,35,225,130,6,1,-2,-8,-180,0,-17,53,41,4
11175,7.03,Z,29,0,380,0,427,141,259,10,Z,31,6,108,0,34,52,96,4,0,2,6,-272,0,-393,-89,-163,-6
11176,7.02,T,64,4,377,0,279,109,286,6,P,35,0,411,0,27,43,54,6,0,-29,-4,34,0,-252,-66,-232,0
11177,9.57,T,62,0,360,0,23,91,91,7,Z,84,0,487,0,68,152,174,2,1,22,0,127,0,45,61,83,-5
11178,9.18,P,69,9,333,0,315,215,84,11,T,110,6,577,0,891,235,205,18,1,41,-3,244,0,576,20,121,7
11179,6.11,Z,32,0,377,0,157,103,109,5,T,43,1,328,0,87,108,115,5,0,11,1,-49,0,-70,5,6,0
11180,8.48,Z,42,0,440,0,133,203,188,4,Z,52,0,428,0,303,274,159,4,0,10,0,-12,0,170,71,-29,0
11181,4.49,T,31,2,134,0,37,47,45,3,T,29,1,174,0,372,56,113,4,0,-2,-1,40,0,335,9,68,1
11182,9.58,T,54,4,860,0,7,151,108,0,P,42,1,790,0,6,200,67,4,1,-12,-3,-70,0,-1,49,-41,4
11183,5.5,Z,28,0,392,0,4,58,113,1,P,26,1,224,0,7,63,37,2,0,-2,1,-168,0,3,5,-76,1
11184,2.51,P,7,0,130,0,9,28,8,1,Z,6,0,78,0,0,4,27,0,0,-1,0,-52,0,-9,-24,19,-1
11185,9.58,Z,36,0,237,5,22,93,175,0,T,39,1,488,0,1,104,129,0,0,3,1,251,-5,-21,11,-46,0
11186,9.49,P,37,1,804,0,11,244,52,6,Z,45,0,708,0,0,94,162,1,0,8,-1,-96,0,-11,-150,110,-5
11187,9.58,Z,63,8,601,0,93,52,181,2,P,73,7,544,0,14,142,88,0,0,10,-1,-57,0,-79,90,-93,-2
11188,4.41,T,29,0,168,0,232,144,110,7,P,22,0,239,0,9,67,34,2,0,-7,0,71,0,-223,-77,-76,-5
11189,2.13,T,12,1,62,0,0,29,25,0,P,5,2,96,0,1,9,7,0,0,-7,1,34,0,1,-20,-18,0
11190,10.28,Z,77,5,594,0,128,113,224,0,Z,72,10,434,0,488,230,326,0,0,-5,5,-160,0,360,117,102,0
11191,9.58,T,27,1,614,0,1,32,50,0,Z,54,0,294,0,30,84,163,9,1,27,-1,-320,0,29,52,113,9
11192,10.2,T,88,5,870,0,38,189,91,2,T,66,0,738,0,119,142,179,10,0,-22,-5,-132,0,81,-47,88,8
11193,3.3,P,13,0,264,0,0,96,18,0,P,12,0,505,0,0,89,20,0,0,-1,0,241,0,0,-7,2,0
11194,2.59,Z,14,2,89,0,321,80,90,4,P,15,1,137,0,162,76,51,10,0,1,-1,48,0,-159,-4,-39,6
11195,8.16,T,40,0,361,0,62,81,50,7,Z,19,0,965,0,0,163,81,0,0,-21,0,604,0,-62,82,31,-7
11196,8.39,P,38,0,361,0,0,128,107,0,T,32,0,338,2,42,179,70,0,0,-6,0,-23,2,42,51,-37,0
11197,9.58,T,115,0,530,0,177,283,151,3,Z,80,2,558,0,302,290,242,13,1,-35,2,28,0,125,7,91,10
11198,0.2,T,2,0,34,0,2,5,3,5,Z,2,0,1,0,0,5,6,0,0,0,0,-33,0,-2,0,3,-5
11199,9.32,T,46,11,608,0,41,249,86,0,P,51,0,392,0,14,142,133,10,1,5,-11,-216,0,-27,-107,47,10
11200,6.54,P,44,1,370,0,5,139,46,0,T,47,4,366,0,57,136,100,4,1,3,3,-4,0,52,-3,54,4
11201,3.44,Z,12,1,138,0,10,37,41,1,Z,12,1,88,0,9,14,35,1,1,0,0,-50,0,-1,-23,-6,0
11202,4.44,P,17,0,314,0,0,90,14,0,Z,24,1,400,0,36,37,72,2,1,7,1,86,0,36,-53,58,2
11203,9.59,T,62,0,622,0,0,290,93,0,Z,77,5,593,0,153,332,421,0,1,15,5,-29,0,153,42,328,0
11204,9.59,Z,99,6,671,0,499,209,309,4,T,112,6,555,0,364,348,241,8,0,13,0,-116,0,-135,139,-68,4
11205,6.36,Z,34,0,241,0,159,95,250,8,P,98,0,475,0,365,150,98,14,0,64,0,234,0,206,55,-152,6
11206,9.13,P,104,9,499,0,330,397,158,12,T,89,0,316,0,57,251,165,11,0,-15,-9,-183,0,-273,-146,7,-1
11207,4.52,P,35,0,185,0,24,169,41,4,T,30,0,229,0,322,141,60,13,1,-5,0,44,0,298,-28,19,9
11208,9.38,T,108,7,492,0,280,300,211,11,Z,82,8,444,0,450,201,211,8,0,-26,1,-48,0,170,-99,0,-3
11209,9.59,P,43,0,852,0,18,175,55,8,T,59,8,974,0,30,39,50,1,1,16,8,122,0,12,-136,-5,-7
11210,10.47,P,59,0,407,0,77,199,65,6,Z,79,3,321,0,76,202,341,4,1,20,3,-86,0,-1,3,276,-2
11211,5.42,Z,36,1,179,0,22,72,191,3,T,44,1,351,0,235,70,99,7,1,8,0,172,0,213,-2,-92,4
11212,7.56,Z,44,0,492,0,0,79,164,0,T,39,0,534,0,2,119,79,3,1,-5,0,42,0,2,40,-85,3
11213,7.31,P,54,1,231,0,233,156,63,13,Z,41,0,456,6,327,96,289,0,0,-13,-1,225,6,94,-60,226,-13
11214,8.17,T,82,2,421,8,408,190,137,2,T,93,0,431,0,406,213,91,12,1,11,-2,10,-8,-2,23,-46,10
11215,3.35,Z,11,0,185,0,16,8,39,1,Z,13,4,207,0,4,77,58,1,1,2,4,22,0,-12,69,19,0
11216,5.28,T,12,0,444,0,0,145,31,0,P,26,0,149,0,0,35,37,0,1,14,0,-295,0,0,-110,6,0
11217,9.59,T,61,0,540,0,8,72,116,6,T,74,0,1284,0,0,63,152,0,0,13,0,744,0,-8,-9,36,-6
11218,3.19,Z,18,0,68,0,14,10,55,2,T,13,2,134,0,4,43,18,0,0,-5,2,66,0,-10,33,-37,-2
11219,6.32,P,28,1,178,0,5,11,38,0,Z,18,0,215,0,8,14,65,4,0,-10,-1,37,0,3,3,27,4
11220,3.11,Z,15,0,87,0,104,44,65,4,Z,14,3,68,0,220,26,80,0,0,-1,3,-19,0,116,-18,15,-4
11221,9.42,T,59,0,389,0,0,41,103,1,T,42,0,424,0,1,71,61,1,0,-17,0,35,0,1,30,-42,0
11222,4.53,Z,18,1,193,0,322,101,97,1,P,30,2,428,0,24,79,45,1,1,12,1,235,0,-298,-22,-52,0
11223,10.22,P,34,0,600,0,2,66,70,2,Z,47,7,465,0,40,113,170,2,0,13,7,-135,0,38,47,100,0
11224,9.59,Z,50,0,536,0,4,71,159,5,T,66,0,459,0,26,69,76,7,1,16,0,-77,0,22,-2,-83,2
11225,9.59,Z,48,1,792,0,18,154,168,0,T,37,0,299,0,5,37,47,2,1,-11,-1,-493,0,-13,-117,-121,2
11226,8.29,T,66,11,354,1,36,189,154,3,P,41,7,559,0,65,234,66,0,1,-25,-4,205,-1,29,45,-88,-3
11227,9.03,Z,40,0,647,0,19,93,110,3,P,25,0,325,0,0,166,49,0,0,-15,0,-322,0,-19,73,-61,-3
11228,10.44,P,62,10,679,0,35,217,113,1,P,69,5,749,0,35,292,80,4,1,7,-5,70,0,0,75,-33,3
11229,10.48,T,47,0,588,0,5,174,190,3,Z,74,7,953,0,149,138,344,8,1,27,7,365,0,144,-36,154,5
11230,9.59,Z,62,10,744,0,41,302,205,3,T,97,0,230,0,76,217,353,11,1,35,-10,-514,0,35,-85,148,8
11231,4.15,Z,14,2,203,0,6,59,73,2,T,24,0,146,0,26,101,45,3,0,10,-2,-57,0,20,42,-28,1
11232,9.23,P,29,0,282,0,0,147,70,1,P,14,0,648,0,0,35,13,0,0,-15,0,366,0,0,-112,-57,-1
11233,7.17,Z,38,0,467,0,348,148,151,5,Z,34,0,388,0,559,192,175,11,1,-4,0,-79,0,211,44,24,6
11234,6.46,P,62,2,353,0,42,231,55,0,Z,43,6,301,0,24,225,170,0,0,-19,4,-52,0,-18,-6,115,0
11235,10.26,P,81,8,644,0,319,582,135,11,P,80,0,694,0,106,185,194,10,0,-1,-8,50,0,-213,-397,59,-1
11236,9.58,T,73,0,694,0,339,271,115,10,T,111,3,603,0,507,224,125,5,0,38,3,-91,0,168,-47,10,-5
11237,10.08,T,71,2,911,0,457,221,108,6,Z,52,6,341,0,141,127,172,5,0,-19,4,-570,0,-316,-94,64,-1
11238,5.25,Z,28,0,92,0,255,104,98,4,T,20,0,404,0,0,53,37,0,1,-8,0,312,0,-255,-51,-61,-4
11239,6.47,P,28,0,141,0,0,45,30,0,Z,35,0,519,0,33,49,107,2,1,7,0,378,0,33,4,77,2
11240,9.59,P,23,0,340,0,0,35,32,0,T,32,0,812,0,0,136,63,1,0,9,0,472,0,0,101,31,1
11241,10.39,Z,95,0,353,0,152,241,248,7,T,49,1,244,0,32,123,80,8,0,-46,1,-109,0,-120,-118,-168,1
11242,6.54,P,34,0,530,0,0,136,49,0,T,61,0,500,0,21,76,126,2,1,27,0,-30,0,21,-60,77,2
11243,9.56,P,39,0,577,0,15,131,44,4,T,58,0,713,0,12,192,97,2,1,19,0,136,0,-3,61,53,-2
11244,0.56,T,1,1,101,0,1,11,2,0,T,8,0,46,0,29,20,19,6,1,7,-1,-55,0,28,9,17,6
11245,9.59,Z,59,19,662,0,24,103,192,9,P,43,11,404,0,660,200,57,3,0,-16,-8,-258,0,636,97,-135,-6
11246,2.21,T,15,2,115,0,36,19,6,1,T,9,2,168,0,3,38,21,0,1,-6,0,53,0,-33,19,15,-1
11247,8.01,Z,81,16,428,0,457,256,279,10,T,83,4,207,0,518,104,264,7,0,2,-12,-221,0,61,-152,-15,-3
11248,10.58,T,61,0,1384,0,17,171,113,4,T,55,0,985,0,0,73,97,0,1,-6,0,-399,0,-17,-98,-16,-4
11249,8.55,Z,56,9,309,0,56,202,164,1,P,57,0,555,0,8,193,66,9,0,1,-9,246,0,-48,-9,-98,8
11250,6.42,Z,50,0,217,0,340,144,132,9,T,73,4,442,8,543,218,195,0,1,23,4,225,8,203,74,63,-9
11251,5.3,P,16,0,235,0,0,91,34,1,P,30,1,259,0,86,225,43,4,1,14,1,24,0,86,134,9,3
11252,7.51,Z,49,0,539,0,41,55,185,5,P,64,6,359,0,1052,291,151,5,0,15,6,-180,0,1011,236,-34,0
11253,9.49,P,69,0,714,0,22,196,90,8,T,102,5,765,0,122,188,165,3,1,33,5,51,0,100,-8,75,-5
11254,2.37,T,7,0,107,0,118,35,54,8,T,13,0,148,0,116,47,40,3,0,6,0,41,0,-2,12,-14,-5
11255,10.59,Z,66,0,484,0,126,271,249,5,Z,60,2,527,0,16,162,194,3,1,-6,2,43,0,-110,-109,-55,-2
11256,10.03,T,125,0,388,0,879,471,151,14,Z,105,16,391,6,1011,272,488,29,1,-20,16,3,6,132,-199,337,15
11257,4.48,Z,35,8,156,0,179,93,170,3,Z,21,4,392,1,355,150,187,9,0,-14,-4,236,1,176,57,17,6
11258,7.35,P,46,5,249,0,41,220,264,6,T,54,0,242,0,23,284,123,4,1,8,-5,-7,0,-18,64,-141,-2
11259,10.46,Z,70,0,646,0,76,163,208,6,P,77,0,510,0,25,202,70,3,0,7,0,-136,0,-51,39,-138,-3
11260,9.23,Z,59,11,809,0,200,234,359,7,Z,48,1,577,0,13,140,176,2,0,-11,-10,-232,0,-187,-94,-183,-5
11261,9.38,T,58,4,764,0,47,189,98,1,T,48,0,476,0,0,187,100,0,0,-10,-4,-288,0,-47,-2,2,-1
11262,9.59,Z,47,0,966,0,20,252,143,2,P,59,0,524,0,42,309,100,7,0,12,0,-442,0,22,57,-43,5
11263,9.59,T,95,3,417,0,341,203,109,8,Z,65,0,671,0,93,192,299,19,0,-30,-3,254,0,-248,-11,190,11
11264,9.51,P,60,0,677,0,140,223,88,12,T,100,4,492,0,543,303,253,15,0,40,4,-185,0,403,80,165,3
11265,8.23,T,22,0,161,0,1,23,45,1,P,23,1,214,0,11,26,21,0,1,1,1,53,0,10,3,-24,-1
11266,9.59,T,47,0,524,0,0,74,112,0,T,57,0,416,0,21,213,98,6,1,10,0,-108,0,21,139,-14,6
11267,9.59,Z,97,1,727,0,99,151,218,6,Z,80,6,845,0,332,261,249,5,0,-17,5,118,0,233,110,31,-1
11268,2.2,Z,9,0,9,0,86,73,175,2,T,9,0,56,0,52,16,18,2,0,0,0,47,0,-34,-57,-157,0
11269,9.51,Z,51,0,332,13,74,94,192,2,P,27,1,332,0,2,39,56,1,0,-24,1,0,-13,-72,-55,-136,-1
11270,3.19,T,14,0,104,0,105,52,139,4,T,8,0,98,0,0,16,13,0,1,-6,0,-6,0,-105,-36,-126,-4
11271,6.13,Z,38,0,455,0,46,112,139,2,Z,39,0,379,0,23,93,179,14,1,1,0,-76,0,-23,-19,40,12
11272,9.09,T,119,14,409,0,726,237,176,6,Z,57,13,200,0,146,191,343,0,0,-62,-1,-209,0,-580,-46,167,-6
11273,9.59,P,67,5,497,0,63,216,82,11,Z,57,13,411,0,83,257,294,3,0,-10,8,-86,0,20,41,212,-8
11274,4.49,T,28,1,229,0,332,168,69,2,P,26,0,265,0,480,73,24,8,0,-2,-1,36,0,148,-95,-45,6
11275,6.09,T,48,0,374,0,195,65,54,5,Z,28,4,521,0,4,40,74,0,0,-20,4,147,0,-191,-25,20,-5
11276,10.44,T,131,0,761,0,579,389,175,12,Z,92,10,527,0,136,240,403,4,1,-39,10,-234,0,-443,-149,228,-8
11277,7.34,P,62,1,630,0,373,250,115,5,Z,73,6,299,0,203,366,254,7,1,11,5,-331,0,-170,116,139,2
11278,9.58,P,67,0,252,0,17,118,101,3,Z,76,0,600,0,114,254,315,3,0,9,0,348,0,97,136,214,0
11279,9.57,P,42,0,996,0,3,105,67,4,T,48,0,886,0,367,121,125,8,1,6,0,-110,0,364,16,58,4
11280,7.45,Z,42,3,427,0,22,76,157,5,Z,29,0,369,0,5,86,147,2,1,-13,-3,-58,0,-17,10,-10,-3
11281,9.13,Z,86,11,703,0,428,369,352,5,P,86,3,867,0,582,350,167,8,0,0,-8,164,0,154,-19,-185,3
11282,10.29,P,106,12,489,0,657,442,220,17,T,183,0,450,0,611,343,258,15,0,77,-12,-39,0,-46,-99,38,-2
11283,9.59,P,75,6,451,0,168,263,175,6,T,93,12,890,0,67,191,160,1,0,18,6,439,0,-101,-72,-15,-5
11284,6.18,T,55,1,251,0,282,164,61,12,Z,29,0,382,0,31,196,121,6,1,-26,-1,131,0,-251,32,60,-6
11285,9.22,Z,45,1,171,0,24,116,207,1,P,39,0,580,0,1,79,73,2,1,-6,-1,409,0,-23,-37,-134,1
11286,9.59,P,64,9,461,0,19,156,153,2,T,89,8,571,0,30,194,134,0,1,25,-1,110,0,11,38,-19,-2
11287,7.17,T,45,0,844,0,26,67,47,6,P,43,7,389,0,105,151,91,4,1,-2,7,-455,0,79,84,44,-2
11288,3.58,P,15,2,146,0,55,15,23,1,P,16,0,80,0,0,68,28,0,0,1,-2,-66,0,-55,53,5,-1
11289,10.05,Z,51,3,463,0,159,134,270,1,P,52,0,615,0,21,252,347,7,1,1,-3,152,0,-138,118,77,6
11290,6.42,T,43,0,459,0,14,222,78,5,T,40,1,519,0,0,70,109,0,0,-3,1,60,0,-14,-152,31,-5
11291,10.17,Z,87,0,434,0,116,279,238,6,T,158,8,664,0,379,328,182,4,1,71,8,230,0,263,49,-56,-2
11292,9.57,T,39,0,470,0,6,24,43,2,Z,35,0,267,0,15,47,120,2,0,-4,0,-203,0,9,23,77,0
11293,5.49,Z,51,7,231,0,562,133,159,4,Z,41,0,367,10,388,180,187,1,0,-10,-7,136,10,-174,47,28,-3
11294,10.2,T,39,0,675,0,0,121,93,3,T,76,3,688,0,42,336,140,1,1,37,3,13,0,42,215,47,-2
11295,9.59,Z,46,3,887,0,34,202,256,0,P,54,0,1065,0,37,150,89,4,1,8,-3,178,0,3,-52,-167,4
11296,9.5,T,59,6,557,0,12,137,174,0,Z,55,10,889,0,622,112,374,1,0,-4,4,332,0,610,-25,200,1
11297,9.59,Z,42,2,813,0,40,223,207,1,P,70,6,835,0,56,158,70,3,1,28,4,22,0,16,-65,-137,2
11298,4.05,T,20,3,186,0,229,73,90,5,T,15,2,196,2,362,111,113,3,1,-5,-1,10,2,133,38,23,-2
11299,2.16,Z,6,1,49,0,29,19,18,1,Z,6,1,34,0,0,15,38,0,1,0,0,-15,0,-29,-4,20,-1
11300,7.39,T,76,2,420,0,304,224,162,9,T,48,7,240,1,52,215,80,4,0,-28,5,-180,1,-252,-9,-82,-5
11301,3.15,T,20,2,202,0,28,52,29,4,P,22,0,36,0,26,51,14,4,1,2,-2,-166,0,-2,-1,-15,0
11302,3.1,T,15,0,148,0,10,106,17,2,Z,12,0,157,0,2,32,49,1,1,-3,0,9,0,-8,-74,32,-1
11303,9.58,T,101,0,705,0,17,372,168,1,T,75,0,597,0,123,259,148,7,1,-26,0,-108,0,106,-113,-20,6
11304,8.05,T,60,0,335,0,0,237,227,0,T,47,0,457,0,0,134,105,0,0,-13,0,122,0,0,-103,-122,0
11305,5.43,Z,44,7,194,0,93,72,147,0,Z,32,0,243,0,385,121,224,5,0,-12,-7,49,0,292,49,77,5
11306,5.18,Z,32,5,134,0,22,120,84,0,T,35,0,193,0,16,163,50,5,0,3,-5,59,0,-6,43,-34,5
11307,9.58,T,121,0,648,0,366,327,122,21,Z,114,6,489,0,323,391,429,5,1,-7,6,-159,0,-43,64,307,-16
11308,9.58,Z,70,5,498,0,32,284,195,2,T,72,7,362,0,261,285,301,0,0,2,2,-136,0,229,1,106,-2
11309,6.28,Z,24,1,284,0,22,47,113,1,Z,25,0,334,0,0,22,75,0,1,1,-1,50,0,-22,-25,-38,-1
11310,2.42,Z,7,0,205,0,27,28,38,2,T,6,0,144,0,1,22,11,0,0,-1,0,-61,0,-26,-6,-27,-2
11311,9.4,P,62,4,873,0,22,287,115,0,T,68,0,331,0,5,198,182,9,1,6,-4,-542,0,-17,-89,67,9
11312,5.1,T,37,0,132,0,543,117,180,4,T,28,1,178,0,228,66,64,9,0,-9,1,46,0,-315,-51,-116,5
11313,5.05,Z,27,0,317,0,32,88,199,3,P,55,0,295,0,291,98,90,10,1,28,0,-22,0,259,10,-109,7
11314,6.59,T,17,0,96,0,0,10,32,0,P,27,0,270,0,0,141,36,0,0,10,0,174,0,0,131,4,0
11315,9.59,T,71,4,630,0,21,164,124,2,P,56,0,477,2,9,127,74,2,0,-15,-4,-153,2,-12,-37,-50,0
11316,3.33,Z,16,3,268,0,21,40,44,0,Z,14,2,170,0,9,41,53,0,1,-2,-1,-98,0,-12,1,9,0
11317,10.26,T,130,0,731,0,627,333,233,24,P,82,9,444,0,451,224,165,7,0,-48,9,-287,0,-176,-109,-68,-17
11318,8.48,T,85,10,560,0,371,105,117,10,Z,58,3,276,0,220,205,241,5,0,-27,-7,-284,0,-151,100,124,-5
11319,8.32,T,78,3,534,0,610,225,122,5,T,66,5,273,0,437,279,155,2,1,-12,2,-261,0,-173,54,33,-3
11320,4.27,T,26,0,124,0,6,106,50,2,P,29,2,212,0,33,139,53,2,1,3,2,88,0,27,33,3,0
11321,8.42,P,47,0,405,0,0,195,60,0,P,28,0,438,0,0,137,51,0,1,-19,0,33,0,0,-58,-9,0
11322,3.02,Z,13,0,124,4,71,108,72,0,Z,9,0,181,0,226,75,93,3,1,-4,0,57,-4,155,-33,21,3
11323,6.08,Z,38,2,389,0,262,118,252,1,P,52,0,260,0,37,215,116,3,0,14,-2,-129,0,-225,97,-136,2
11324,9.59,P,41,1,585,0,28,82,59,5,T,61,7,756,0,30,110,87,0,1,20,6,171,0,2,28,28,-5
11325,9.59,P,35,0,592,0,10,102,52,2,T,40,3,568,0,2,13,55,0,1,5,3,-24,0,-8,-89,3,-2
11326,10.27,Z,75,9,686,0,76,275,284,2,T,105,6,610,0,554,339,226,5,0,30,-3,-76,0,478,64,-58,3
11327,6.55,P,35,1,264,0,12,144,45,5,T,41,8,321,1,246,83,71,1,1,6,7,57,1,234,-61,26,-4
11328,9.59,T,81,2,922,0,29,237,93,0,T,75,0,598,0,43,273,136,12,0,-6,-2,-324,0,14,36,43,12
11329,5.31,P,16,0,324,0,0,71,57,0,Z,27,0,322,0,417,106,207,7,1,11,0,-2,0,417,35,150,7
11330,5.15,T,21,1,294,0,160,37,38,7,T,14,0,550,0,0,16,60,1,0,-7,-1,256,0,-160,-21,22,-6
11331,9.59,Z,60,1,575,0,43,218,198,5,T,53,0,624,0,62,162,101,9,1,-7,-1,49,0,19,-56,-97,4
11332,8.23,Z,34,0,535,0,52,232,124,7,P,47,0,914,0,6,190,107,3,0,13,0,379,0,-46,-42,-17,-4
11333,9.59,T,44,0,344,0,472,166,130,4,P,31,0,308,0,6,180,75,2,0,-13,0,-36,0,-466,14,-55,-2
11334,3.56,T,22,1,140,0,5,36,26,0,T,20,0,202,0,1,14,31,2,1,-2,-1,62,0,-4,-22,5,2
11335,9.58,Z,51,0,212,0,25,57,159,10,Z,47,0,309,0,27,143,187,1,0,-4,0,97,0,2,86,28,-9
11336,9.09,T,52,0,616,0,0,159,138,0,P,52,0,194,0,41,221,114,9,1,0,0,-422,0,41,62,-24,9
11337,9.59,P,34,4,630,0,6,72,72,0,Z,56,0,425,0,0,143,192,0,0,22,-4,-205,0,-6,71,120,0
11338,9.59,Z,59,6,682,0,41,102,151,1,P,50,0,638,0,18,274,84,6,1,-9,-6,-44,0,-23,172,-67,5
11339,7.37,P,58,0,441,0,306,147,46,6,Z,45,0,483,0,65,356,200,7,0,-13,0,42,0,-241,209,154,1
11340,9.59,P,54,2,618,1,32,274,92,0,Z,46,4,476,0,30,248,127,1,0,-8,2,-142,-1,-2,-26,35,1
11341,1.09,Z,5,0,40,0,37,9,70,2,T,4,0,23,0,15,5,23,1,0,-1,0,-17,0,-22,-4,-47,-1
11342,5.41,P,47,3,261,0,287,230,151,2,T,34,0,328,0,53,193,138,8,0,-13,-3,67,0,-234,-37,-13,6
11343,7.43,P,63,0,491,0,452,208,109,7,T,51,1,738,0,4,147,99,0,0,-12,1,247,0,-448,-61,-10,-7
11344,7.1,P,31,0,391,0,0,58,49,0,P,19,0,261,0,0,71,44,0,0,-12,0,-130,0,0,13,-5,0
11345,9.59,P,35,0,864,0,28,66,81,3,T,53,0,362,0,11,44,75,6,1,18,0,-502,0,-17,-22,-6,3
11346,3.21,P,12,0,232,0,0,56,34,3,Z,14,0,103,0,47,54,79,1,0,2,0,-129,0,47,-2,45,-2
11347,7.28,P,74,10,402,0,377,207,88,7,T,88,4,528,0,303,306,128,17,0,14,-6,126,0,-74,99,40,10
11348,2.54,Z,12,0,138,0,323,60,127,5,T,16,0,106,0,166,85,71,3,0,4,0,-32,0,-157,25,-56,-2
11349,7.37,Z,39,0,423,0,51,135,147,10,Z,47,0,277,0,266,170,147,10,0,8,0,-146,0,215,35,0,0
11350,6.58,P,16,0,269,0,0,44,29,0,P,27,6,220,0,277,102,45,2,1,11,6,-49,0,277,58,16,2
11351,4.31,P,15,0,170,0,8,116,46,2,P,19,0,245,0,0,82,18,0,0,4,0,75,0,-8,-34,-28,-2
11352,8.56,Z,53,7,481,0,136,179,141,3,P,36,0,509,0,11,293,97,3,0,-17,-7,28,0,-125,114,-44,0
11353,9.49,T,47,0,540,0,0,22,82,0,P,29,0,459,0,5,29,46,3,0,-18,0,-81,0,5,7,-36,3
11354,9.58,Z,76,0,382,0,80,86,197,9,T,71,0,389,0,3,114,119,8,0,-5,0,7,0,-77,28,-78,-1
11355,3.45,P,21,1,102,0,21,82,27,0,T,18,0,255,0,20,65,34,3,0,-3,-1,153,0,-1,-17,7,3
11356,6.13,T,48,1,216,0,85,263,112,2,T,52,0,344,0,4,254,52,2,0,4,-1,128,0,-81,-9,-60,0
11357,9.59,Z,77,14,729,0,466,266,248,0,T,79,0,596,0,746,240,125,11,1,2,-14,-133,0,280,-26,-123,11
11358,9.59,Z,65,12,444,0,441,190,318,12,T,88,0,402,0,114,152,137,17,0,23,-12,-42,0,-327,-38,-181,5
11359,8.42,Z,57,0,303,0,78,245,182,5,Z,43,2,588,0,220,201,262,6,1,-14,2,285,0,142,-44,80,1
11360,2.09,P,8,0,92,0,12,34,10,2,Z,6,0,139,0,125,66,24,3,1,-2,0,47,0,113,32,14,1
11361,9.56,Z,53,0,387,11,246,81,209,0,P,40,3,1002,0,25,111,72,4,0,-13,3,615,-11,-221,30,-137,4
11362,9.59,P,56,0,289,0,344,97,91,15,Z,89,0,676,0,50,137,297,11,1,33,0,387,0,-294,40,206,-4
11363,9.38,P,64,5,422,0,75,104,64,7,T,83,0,590,0,334,216,225,8,0,19,-5,168,0,259,112,161,1
11364,5.51,Z,24,0,122,0,33,71,254,10,T,34,0,506,0,87,96,229,4,0,10,0,384,0,54,25,-25,-6
11365,8.44,Z,74,9,424,0,83,212,211,6,Z,71,2,327,0,139,309,272,11,1,-3,-7,-97,0,56,97,61,5
11366,9.59,Z,80,3,451,0,183,213,332,4,T,83,0,848,0,113,148,265,7,0,3,-3,397,0,-70,-65,-67,3
11367,8.42,Z,57,2,287,0,140,299,389,6,Z,38,8,560,0,403,302,175,4,0,-19,6,273,0,263,3,-214,-2
11368,9.59,P,45,0,551,0,3,254,70,1,P,48,0,823,0,0,90,93,0,0,3,0,272,0,-3,-164,23,-1
11369,6.41,P,11,0,315,0,8,109,67,2,P,22,0,90,0,2,41,42,3,0,11,0,-225,0,-6,-68,-25,1
11370,7.43,Z,39,2,113,0,11,113,171,1,Z,32,8,372,0,884,187,168,2,0,-7,6,259,0,873,74,-3,1
11371,9.18,T,30,0,776,0,6,105,52,1,T,59,1,483,0,76,322,180,7,1,29,1,-293,0,70,217,128,6
11372,2.58,T,14,0,103,0,1,45,28,1,T,9,0,102,0,0,11,17,1,1,-5,0,-1,0,-1,-34,-11,0
11373,3.51,Z,17,2,197,0,24,48,55,1,P,18,3,239,0,208,127,32,2,0,1,1,42,0,184,79,-23,1
11374,5.31,T,28,1,427,0,5,62,27,0,P,22,0,285,0,0,20,35,1,0,-6,-1,-142,0,-5,-42,8,1
11375,9.59,Z,47,2,279,0,18,110,136,0,Z,52,9,480,0,60,365,147,4,1,5,7,201,0,42,255,11,4
11376,5.45,T,42,1,273,0,333,132,123,5,T,34,0,177,0,522,122,193,6,0,-8,-1,-96,0,189,-10,70,1
11377,9.59,T,107,4,285,4,75,201,187,3,T,60,1,745,0,15,125,146,8,0,-47,-3,460,-4,-60,-76,-41,5
11378,8.15,T,57,0,358,0,41,206,83,3,Z,55,0,385,0,29,193,113,1,1,-2,0,27,0,-12,-13,30,-2
11379,10,T,69,4,641,0,145,205,140,2,P,46,0,347,0,0,238,167,0,0,-23,-4,-294,0,-145,33,27,-2
11380,10.17,P,116,0,549,0,502,505,243,35,P,130,9,618,4,313,418,175,8,0,14,9,69,4,-189,-87,-68,-27
11381,5.25,T,25,0,453,0,6,42,46,0,T,12,2,303,0,0,37,36,0,0,-13,2,-150,0,-6,-5,-10,0
11382,7.52,Z,37,0,392,8,46,115,166,1,T,106,5,588,0,723,180,149,9,1,69,5,196,-8,677,65,-17,8
11383,10.07,Z,69,3,512,0,120,120,391,0,T,88,0,462,0,24,379,132,10,1,19,-3,-50,0,-96,259,-259,10
11384,9.58,Z,46,1,632,0,49,35,169,5,Z,46,0,833,0,46,201,176,3,1,0,-1,201,0,-3,166,7,-2
11385,4.01,Z,20,0,153,0,9,25,63,2,Z,20,0,81,0,4,35,72,12,1,0,0,-72,0,-5,10,9,10
11386,9.22,T,81,0,632,0,32,176,101,13,Z,55,1,484,0,156,216,264,6,0,-26,1,-148,0,124,40,163,-7
11387,9.59,T,20,0,199,0,2,20,42,4,P,32,6,408,0,6,153,60,0,1,12,6,209,0,4,133,18,-4
11388,0.18,P,0,0,18,0,0,0,1,0,T,0,0,15,0,0,5,12,1,0,0,0,-3,0,0,5,11,1
11389,8.59,T,68,0,635,0,0,191,229,0,T,83,2,484,0,329,268,113,5,0,15,2,-151,0,329,77,-116,5
11390,9.58,T,83,9,533,0,106,184,83,1,P,43,0,621,0,8,198,97,5,0,-40,-9,88,0,-98,14,14,4
11391,8.59,T,86,9,446,0,774,393,204,9,T,91,5,538,0,42,279,147,17,0,5,-4,92,0,-732,-114,-57,8
11392,9.59,Z,108,0,531,0,253,247,445,6,T,159,14,421,0,609,301,257,12,1,51,14,-110,0,356,54,-188,6
11393,9.59,T,90,11,371,0,611,135,132,7,T,82,0,609,0,285,321,294,10,1,-8,-11,238,0,-326,186,162,3
11394,3.39,Z,7,0,157,0,13,5,31,2,T,10,0,79,0,0,3,21,0,0,3,0,-78,0,-13,-2,-10,-2
11395,9.59,Z,66,8,483,0,105,162,183,3,Z,60,11,658,0,574,257,339,5,0,-6,3,175,0,469,95,156,2
11396,6.16,P,24,0,265,0,0,116,55,0,T,42,1,466,0,124,180,146,0,1,18,1,201,0,124,64,91,0
11397,9.59,T,53,6,439,0,136,51,67,2,P,36,0,305,0,0,52,82,1,1,-17,-6,-134,0,-136,1,15,-1
11398,5.59,T,30,2,416,0,21,59,40,4,Z,38,0,167,0,174,236,262,7,1,8,-2,-249,0,153,177,222,3
11399,10.15,P,54,2,542,0,43,229,74,2,Z,58,0,611,0,161,126,208,8,1,4,-2,69,0,118,-103,134,6
11400,4.56,T,31,0,303,0,481,97,57,10,P,22,3,166,0,315,59,60,0,0,-9,3,-137,0,-166,-38,3,-10
11401,9.59,Z,62,2,781,0,164,259,349,4,T,58,5,535,0,20,206,197,0,0,-4,3,-246,0,-144,-53,-152,-4
11402,9.58,Z,39,11,426,2,45,100,258,1,T,77,2,420,0,509,270,220,4,0,38,-9,-6,-2,464,170,-38,3
11403,5.54,T,54,0,390,0,109,181,82,4,T,49,0,330,0,42,177,50,3,1,-5,0,-60,0,-67,-4,-32,-1
11404,6.11,T,47,0,99,0,294,126,130,12,T,42,0,420,0,30,115,46,4,1,-5,0,321,0,-264,-11,-84,-8
11405,3.42,Z,11,1,164,0,139,57,72,1,T,14,0,308,0,3,52,51,3,0,3,-1,144,0,-136,-5,-21,2
11406,10.36,P,47,3,546,0,24,38,53,2,Z,45,1,462,0,26,67,146,0,1,-2,-2,-84,0,2,29,93,-2
11407,4.2,T,41,2,257,0,478,129,82,5,Z,28,3,191,0,187,104,131,5,0,-13,1,-66,0,-291,-25,49,0
11408,9.56,P,55,4,594,0,16,146,78,1,P,69,0,589,0,314,344,120,16,0,14,-4,-5,0,298,198,42,15
11409,6.54,T,82,0,337,0,526,176,238,10,Z,52,0,215,0,154,197,182,9,0,-30,0,-122,0,-372,21,-56,-1
11410,7.4,P,30,0,559,0,20,72,43,3,T,52,0,319,0,70,170,64,10,1,22,0,-240,0,50,98,21,7
11411,4.35,T,18,0,295,0,177,87,46,3,Z,21,0,93,0,6,93,186,2,1,3,0,-202,0,-171,6,140,-1
11412,5.57,T,23,0,78,0,0,13,36,0,T,30,1,234,0,16,5,19,1,1,7,1,156,0,16,-8,-17,1
11413,9.59,T,92,9,721,0,139,139,166,9,Z,59,0,617,0,81,133,264,6,0,-33,-9,-104,0,-58,-6,98,-3
11414,9.48,Z,55,0,605,0,612,146,247,3,T,113,0,363,0,268,308,235,11,1,58,0,-242,0,-344,162,-12,8
11415,6.11,T,38,4,641,0,18,184,115,0,T,41,1,395,0,41,82,47,6,0,3,-3,-246,0,23,-102,-68,6
11416,10.38,T,53,0,406,1,41,23,54,3,Z,48,0,452,0,24,200,171,8,0,-5,0,46,-1,-17,177,117,5
11417,9.59,Z,59,3,559,0,114,245,183,4,P,83,6,745,0,206,460,112,7,0,24,3,186,0,92,215,-71,3
11418,3.51,P,23,0,95,0,73,145,179,3,Z,13,0,136,0,4,67,134,1,1,-10,0,41,0,-69,-78,-45,-2
11419,4.06,P,22,0,187,0,216,111,115,8,T,24,3,292,0,109,74,39,3,0,2,3,105,0,-107,-37,-76,-5
11420,9.58,P,38,0,516,0,0,144,125,0,Z,44,2,325,0,44,29,164,0,1,6,2,-191,0,44,-115,39,0
11421,0.41,T,3,0,17,0,12,10,4,2,T,4,2,19,0,56,14,33,0,1,1,2,2,0,44,4,29,-2
11422,7.5,T,48,5,460,0,49,207,76,0,Z,42,0,287,0,6,107,111,1,1,-6,-5,-173,0,-43,-100,35,1
11423,9.57,T,27,0,585,0,2,145,66,2,Z,30,0,555,1,0,158,128,0,0,3,0,-30,1,-2,13,62,-2
11424,6.54,Z,49,3,204,0,331,111,367,1,P,29,8,685,0,30,116,49,4,1,-20,5,481,0,-301,5,-318,3
11425,8,T,58,0,262,0,374,127,201,10,P,44,0,435,0,33,108,80,7,0,-14,0,173,0,-341,-19,-121,-3
11426,5.1,Z,30,0,87,0,14,8,52,2,T,36,4,414,0,113,113,130,5,1,6,4,327,0,99,105,78,3
11427,9.58,T,68,3,730,0,73,30,65,5,Z,52,5,743,1,50,122,193,0,1,-16,2,13,1,-23,92,128,-5
11428,10.11,P,81,1,353,0,42,245,121,3,Z,65,0,478,0,42,145,199,13,1,-16,-1,125,0,0,-100,78,10
11429,9.59,P,41,2,756,0,8,246,62,0,Z,56,1,483,0,35,134,153,7,0,15,-1,-273,0,27,-112,91,7
11430,9.59,Z,55,0,390,0,22,130,183,4,T,34,0,203,0,6,70,59,2,1,-21,0,-187,0,-16,-60,-124,-2
11431,4.38,Z,25,6,106,0,57,111,149,0,Z,27,0,90,0,22,40,81,3,0,2,-6,-16,0,-35,-71,-68,3
11432,8.16,P,54,0,507,0,895,216,71,7,T,73,2,504,0,14,156,120,4,0,19,2,-3,0,-881,-60,49,-3
11433,4.12,T,29,0,31,0,121,67,51,6,T,23,0,239,0,105,114,53,8,0,-6,0,208,0,-16,47,2,2
11434,9.31,T,80,6,780,2,49,191,264,0,Z,63,0,436,0,160,175,268,17,1,-17,-6,-344,-2,111,-16,4,17
11435,5.18,P,21,3,227,0,9,60,15,0,Z,22,2,104,0,138,80,230,1,1,1,-1,-123,0,129,20,215,1
11436,9.59,T,29,0,319,0,0,47,86,0,Z,48,0,482,0,0,49,116,0,1,19,0,163,0,0,2,30,0
11437,9.59,T,91,8,929,0,279,188,156,8,P,69,9,660,0,58,262,103,0,0,-22,1,-269,0,-221,74,-53,-8
11438,9.41,T,54,0,512,0,0,110,163,0,P,48,0,426,0,14,203,65,4,1,-6,0,-86,0,14,93,-98,4
11439,9.59,Z,50,0,1229,0,9,153,180,2,T,44,0,936,0,0,70,67,1,0,-6,0,-293,0,-9,-83,-113,-1
11440,9.59,Z,77,6,365,0,61,110,176,2,T,125,1,1034,0,439,216,148,8,1,48,-5,669,0,378,106,-28,6
11441,7.28,T,71,3,503,0,190,170,178,4,Z,53,4,1034,0,52,137,174,2,1,-18,1,531,0,-138,-33,-4,-2
11442,5.26,P,21,0,166,0,9,47,25,2,P,25,0,610,0,0,100,34,1,0,4,0,444,0,-9,53,9,-1
11443,4.55,P,26,0,211,0,17,366,22,3,T,31,2,227,0,3,137,170,2,0,5,2,16,0,-14,-229,148,-1
11444,9.58,Z,79,0,687,0,101,294,227,7,T,106,5,621,0,813,201,254,10,0,27,5,-66,0,712,-93,27,3
11445,4.04,T,16,2,177,0,9,19,28,3,T,14,0,109,0,683,31,38,4,1,-2,-2,-68,0,674,12,10,1
11446,9.59,Z,62,6,508,0,111,204,240,8,Z,70,10,311,4,791,253,374,1,1,8,4,-197,4,680,49,134,-7
11447,6.24,P,61,2,347,0,230,172,128,9,T,57,0,310,0,519,102,186,18,0,-4,-2,-37,0,289,-70,58,9
11448,4.41,P,21,0,237,0,12,35,19,3,Z,18,0,199,0,11,70,56,5,0,-3,0,-38,0,-1,35,37,2
11449,9.58,P,55,3,718,0,26,225,66,0,Z,46,9,506,0,69,146,161,0,0,-9,6,-212,0,43,-79,95,0
11450,9.57,P,41,0,518,0,3,94,52,4,T,52,0,685,0,8,148,88,2,0,11,0,167,0,5,54,36,-2
11451,9.56,T,66,0,505,0,26,167,125,4,P,65,0,310,0,28,187,52,9,1,-1,0,-195,0,2,20,-73,5
11452,6.07,Z,26,1,181,0,9,33,82,1,T,40,5,523,0,11,81,96,1,0,14,4,342,0,2,48,14,0
11453,6.05,T,42,1,343,0,33,141,54,3,Z,34,3,492,0,37,58,74,0,0,-8,2,149,0,4,-83,20,-3
11454,2.57,Z,13,0,204,0,9,16,35,1,Z,8,4,75,1,13,43,31,0,1,-5,4,-129,1,4,27,-4,-1
11455,9,Z,90,11,570,0,346,287,274,2,P,73,1,540,0,445,313,92,2,1,-17,-10,-30,0,99,26,-182,0
11456,4.51,T,28,5,335,0,30,71,34,0,T,26,0,304,0,174,162,85,6,1,-2,-5,-31,0,144,91,51,6
11457,3.49,T,19,0,256,0,255,39,33,10,T,28,0,132,0,480,187,134,7,1,9,0,-124,0,225,148,101,-3
11458,8.05,P,38,2,580,0,5,186,122,2,Z,48,0,435,1,77,97,136,2,1,10,-2,-145,1,72,-89,14,0
11459,7.04,P,33,0,182,0,4,150,76,3,T,51,2,299,0,136,74,66,3,0,18,2,117,0,132,-76,-10,0
11460,7.43,Z,54,2,237,1,493,157,226,8,P,60,2,519,0,600,256,108,9,0,6,0,282,-1,107,99,-118,1
11461,4.31,P,26,0,253,0,58,70,34,8,T,19,2,436,0,0,3,18,0,0,-7,2,183,0,-58,-67,-16,-8
11462,9.59,P,53,2,674,0,0,148,77,0,Z,35,5,341,0,39,206,155,1,0,-18,3,-333,0,39,58,78,1
11463,4.2,T,30,0,158,0,360,127,91,7,T,26,2,133,0,293,101,75,7,0,-4,2,-25,0,-67,-26,-16,0
11464,9.59,Z,37,2,501,0,7,137,155,1,P,42,12,705,0,5,73,66,0,0,5,10,204,0,-2,-64,-89,-1
11465,7.21,T,67,0,493,0,14,181,110,3,P,62,0,316,0,344,155,158,7,0,-5,0,-177,0,330,-26,48,4
11466,5.35,Z,29,5,387,0,27,78,80,0,T,40,2,266,0,8,77,105,2,0,11,-3,-121,0,-19,-1,25,2
11467,10.13,T,55,2,638,0,2,204,100,2,P,54,16,299,0,312,141,209,4,1,-1,14,-339,0,310,-63,109,2
11468,2.21,T,8,2,171,0,18,25,20,0,T,9,0,110,0,0,19,17,1,1,1,-2,-61,0,-18,-6,-3,1
11469,8.2,T,63,0,397,0,125,280,182,6,T,73,3,551,0,394,130,74,8,1,10,3,154,0,269,-150,-108,2
11470,9.59,P,68,0,540,0,184,297,103,17,T,96,2,936,0,77,177,86,7,0,28,2,396,0,-107,-120,-17,-10
11471,7.05,Z,36,3,300,0,52,142,128,0,P,39,0,224,0,58,123,180,5,1,3,-3,-76,0,6,-19,52,5
11472,4.4,Z,23,0,124,0,237,108,112,5,T,38,1,220,0,27,100,42,7,1,15,1,96,0,-210,-8,-70,2
11473,8.42,T,72,0,692,0,341,173,114,5,Z,36,0,438,0,167,112,142,8,0,-36,0,-254,0,-174,-61,28,3
11474,10.12,T,69,0,667,0,10,203,115,8,T,57,2,875,0,45,119,69,4,0,-12,2,208,0,35,-84,-46,-4
11475,9.59,P,74,0,316,0,40,206,95,16,Z,60,5,371,0,508,217,196,3,1,-14,5,55,0,468,11,101,-13
11476,9.59,T,83,0,490,0,23,242,175,3,T,61,0,303,0,202,133,114,6,1,-22,0,-187,0,179,-109,-61,3
11477,10.28,T,121,10,588,0,758,244,279,14,Z,80,18,447,0,283,284,336,6,0,-41,8,-141,0,-475,40,57,-8
11478,4.01,T,24,0,228,0,56,46,44,3,P,20,0,256,0,42,54,97,2,0,-4,0,28,0,-14,8,53,-1
11479,3.52,T,23,0,98,0,266,82,34,4,P,19,0,183,0,287,69,98,8,1,-4,0,85,0,21,-13,64,4
11480,3.28,Z,15,3,90,0,14,50,41,1,Z,13,0,129,0,44,22,65,1,0,-2,-3,39,0,30,-28,24,0
11481,8.33,T,88,5,675,0,36,165,81,1,Z,44,0,747,0,419,150,261,5,0,-44,-5,72,0,383,-15,180,4
11482,9.59,T,68,6,392,0,34,120,78,1,Z,52,5,818,0,45,76,187,7,1,-16,-1,426,0,11,-44,109,6
11483,9.51,T,77,0,806,0,457,224,125,7,Z,54,0,547,0,18,64,184,0,0,-23,0,-259,0,-439,-160,59,-7
11484,4.22,T,16,0,329,0,61,58,35,5,T,19,2,184,0,0,54,50,0,0,3,2,-145,0,-61,-4,15,-5
11485,9.57,Z,55,0,211,0,0,182,203,0,T,75,4,253,0,11,290,342,4,0,20,4,42,0,11,108,139,4
11486,9.57,Z,63,1,392,0,23,189,195,2,T,85,4,329,0,28,107,92,0,0,22,3,-63,0,5,-82,-103,-2
11487,6.18,T,40,6,226,0,80,74,31,0,T,32,1,386,0,5,35,51,3,0,-8,-5,160,0,-75,-39,20,3
11488,2.48,Z,8,1,57,0,8,8,25,0,Z,9,0,250,0,0,37,38,0,1,1,-1,193,0,-8,29,13,0
11489,9.18,P,65,1,452,0,19,161,69,2,T,101,8,446,0,595,173,265,6,1,36,7,-6,0,576,12,196,4
11490,6.53,T,82,2,353,0,487,259,180,13,P,44,7,224,0,28,114,60,1,0,-38,5,-129,0,-459,-145,-120,-12
11491,9.59,T,66,0,935,0,23,170,93,11,T,92,0,612,0,348,165,99,14,1,26,0,-323,0,325,-5,6,3
11492,4.1,Z,19,0,129,0,19,17,53,1,T,34,0,88,0,110,116,108,4,1,15,0,-41,0,91,99,55,3
11493,5.32,Z,22,1,248,0,17,25,53,2,P,27,1,538,0,378,111,46,4,1,5,0,290,0,361,86,-7,2
11494,6.24,P,42,1,490,5,68,65,52,0,T,45,4,250,0,0,79,70,0,1,3,3,-240,-5,-68,14,18,0
11495,5.21,P,16,0,164,0,0,23,31,0,P,23,0,263,0,0,31,23,1,1,7,0,99,0,0,8,-8,1
11496,5.12,Z,23,4,172,0,44,144,141,3,Z,30,9,204,0,66,67,90,2,1,7,5,32,0,22,-77,-51,-1
11497,9.55,P,34,0,557,0,1,114,67,1,Z,38,0,462,0,0,56,151,0,0,4,0,-95,0,-1,-58,84,-1
11498,9.47,T,82,2,553,0,20,133,96,12,P,38,0,491,0,23,256,119,3,0,-44,-2,-62,0,3,123,23,-9
11499,7.24,T,38,0,626,0,3,27,57,4,P,35,0,213,0,7,71,53,3,1,-3,0,-413,0,4,44,-4,-1
11500,7.46,Z,47,10,466,0,93,115,183,0,T,72,0,314,0,364,202,209,8,1,25,-10,-152,0,271,87,26,8
11501,8.5,T,81,0,617,0,82,134,162,8,Z,88,10,320,0,195,328,275,4,1,7,10,-297,0,113,194,113,-4
11502,9.3,Z,101,0,504,0,337,180,355,35,T,145,4,435,0,694,322,174,30,0,44,4,-69,0,357,142,-181,-5
11503,6.23,Z,19,0,454,0,6,8,49,1,T,44,2,361,0,0,98,119,0,1,25,2,-93,0,-6,90,70,-1
11504,0.2,T,2,0,18,0,1,5,2,0,T,4,1,49,0,0,5,2,0,1,2,1,31,0,-1,0,0,0
11505,0.13,P,1,0,42,0,0,0,1,0,P,2,0,16,0,0,3,3,0,0,1,0,-26,0,0,3,2,0
11506,9.27,Z,50,4,292,0,41,148,210,3,T,101,0,400,0,153,191,101,12,1,51,-4,108,0,112,43,-109,9
11507,9.3,Z,54,1,317,0,96,122,191,4,Z,51,0,488,0,31,111,148,10,0,-3,-1,171,0,-65,-11,-43,6
11508,9.58,T,137,0,482,0,744,261,174,17,Z,113,17,485,1,498,284,362,3,1,-24,17,3,1,-246,23,188,-14
11509,9.58,P,30,1,509,0,121,297,52,2,T,83,0,662,0,104,374,118,8,1,53,-1,153,0,-17,77,66,6
11510,10.17,P,55,0,616,0,0,154,78,1,P,47,0,521,0,14,336,84,2,0,-8,0,-95,0,14,182,6,1
11511,4.31,P,32,0,221,0,41,191,90,4,P,15,2,216,0,19,130,37,4,1,-17,2,-5,0,-22,-61,-53,0
11512,10.55,Z,75,10,972,0,119,187,265,6,P,46,0,331,0,0,207,71,0,0,-29,-10,-641,0,-119,20,-194,-6
11513,9.59,Z,63,8,1077,0,38,161,150,0,T,55,0,452,0,0,283,86,0,0,-8,-8,-625,0,-38,122,-64,0
11514,9.58,P,59,0,542,0,20,170,64,3,P,68,1,679,0,149,340,81,13,1,9,1,137,0,129,170,17,10
11515,9.59,Z,55,4,592,0,50,65,166,3,Z,59,0,408,0,2,107,237,3,0,4,-4,-184,0,-48,42,71,0
11516,10.34,P,45,0,862,0,27,164,46,1,T,36,0,463,0,0,6,45,0,0,-9,0,-399,0,-27,-158,-1,-1
11517,9.59,T,69,8,647,0,205,176,145,0,P,60,2,487,0,165,166,60,3,1,-9,-6,-160,0,-40,-10,-85,3
11518,6.25,P,39,8,393,0,654,124,52,0,Z,34,1,156,0,49,73,102,8,1,-5,-7,-237,0,-605,-51,50,8
11519,7.22,P,27,0,263,0,1,108,36,1,T,95,1,278,0,389,222,115,17,1,68,1,15,0,388,114,79,16
11520,10.23,Z,71,7,484,0,121,253,267,2,T,131,0,531,0,74,256,234,8,0,60,-7,47,0,-47,3,-33,6
11521,1.36,Z,3,0,97,0,0,14,12,0,P,7,0,96,0,192,43,13,5,1,4,0,-1,0,192,29,1,5
11522,9.59,T,64,12,723,0,54,147,111,0,T,76,1,498,0,25,92,100,0,1,12,-11,-225,0,-29,-55,-11,0
11523,7.17,P,54,1,340,0,569,257,93,13,Z,51,6,243,0,232,205,261,5,1,-3,5,-97,0,-337,-52,168,-8
11524,10.59,P,35,0,887,0,0,82,69,0,T,59,4,799,0,34,106,91,3,1,24,4,-88,0,34,24,22,3
11525,5.2,T,34,0,78,0,3,57,59,2,Z,26,0,129,0,46,147,159,5,0,-8,0,51,0,43,90,100,3
11526,6.14,Z,42,2,290,0,193,177,247,7,Z,36,8,207,0,62,112,132,0,0,-6,6,-83,0,-131,-65,-115,-7
11527,9.59,P,64,10,409,2,485,210,236,13,Z,81,6,385,0,65,90,212,4,1,17,-4,-24,-2,-420,-120,-24,-9
11528,3.43,P,11,0,216,0,1,91,26,1,T,18,3,236,0,49,77,39,2,1,7,3,20,0,48,-14,13,1
11529,9.59,T,51,0,676,0,0,76,97,0,T,64,0,512,0,0,143,126,0,1,13,0,-164,0,0,67,29,0
11530,10.52,P,101,11,440,0,654,472,268,4,T,106,0,703,0,314,263,320,4,1,5,-11,263,0,-340,-209,52,0
11531,1.23,P,7,0,85,0,4,36,2,3,T,4,0,30,0,0,9,9,1,1,-3,0,-55,0,-4,-27,7,-2
11532,9.04,T,38,0,358,0,17,149,111,4,P,33,0,441,0,22,167,54,4,0,-5,0,83,0,5,18,-57,0
11533,2.45,P,10,0,44,0,35,47,104,1,T,8,0,105,0,189,37,79,7,0,-2,0,61,0,154,-10,-25,6
11534,3.43,Z,9,0,115,0,9,12,39,2,T,14,0,65,0,0,13,27,0,1,5,0,-50,0,-9,1,-12,-2
11535,9.24,P,23,0,233,0,0,47,61,3,P,33,0,552,0,0,84,44,0,1,10,0,319,0,0,37,-17,-3
11536,8.23,T,58,0,188,0,49,91,52,5,Z,45,0,273,7,333,85,205,2,0,-13,0,85,7,284,-6,153,-3
11537,9.38,P,86,0,463,0,15,244,235,5,T,76,0,1007,0,28,142,90,4,0,-10,0,544,0,13,-102,-145,-1
11538,10.18,P,72,0,497,0,465,322,215,12,T,112,7,682,0,186,236,133,7,0,40,7,185,0,-279,-86,-82,-5
11539,2.27,P,11,1,115,2,8,70,16,0,T,9,0,161,0,272,30,16,7,1,-2,-1,46,-2,264,-40,0,7
11540,4.32,Z,27,2,151,0,114,144,148,4,T,26,0,137,0,17,56,24,2,1,-1,-2,-14,0,-97,-88,-124,-2
11541,6.07,Z,23,2,137,0,164,145,74,6,T,28,0,326,0,0,61,113,0,1,5,-2,189,0,-164,-84,39,-6
11542,9.56,P,46,5,579,0,26,159,80,3,Z,45,0,742,0,20,63,142,7,0,-1,-5,163,0,-6,-96,62,4
11543,9.54,T,73,0,702,0,47,252,156,6,T,81,4,561,0,17,207,128,2,1,8,4,-141,0,-30,-45,-28,-4
11544,9.59,T,44,0,189,0,3,69,74,3,Z,43,0,686,0,40,145,206,3,1,-1,0,497,0,37,76,132,0
11545,3.23,Z,16,0,69,0,204,36,275,4,Z,16,0,89,0,18,36,39,3,1,0,0,20,0,-186,0,-236,-1
11546,9.59,T,77,5,724,0,268,302,134,2,T,90,2,625,0,350,259,163,3,1,13,-3,-99,0,82,-43,29,1
11547,0.32,T,1,0,22,0,0,4,15,4,T,3,0,28,0,40,5,7,1,0,2,0,6,0,40,1,-8,-3
11548,0,Z,0,0,1,0,0,0,0,0,T,8,0,86,0,2,20,7,1,1,8,0,85,0,2,20,7,1
11549,7.51,Z,39,0,529,0,30,183,173,8,P,38,2,248,0,17,57,31,1,0,-1,2,-281,0,-13,-126,-142,-7
11550,3.49,P,18,0,80,0,628,74,16,4,T,14,0,168,0,199,144,38,12,0,-4,0,88,0,-429,70,22,8
11551,5.44,T,30,0,477,0,17,61,42,4,Z,24,1,144,0,23,17,79,0,1,-6,1,-333,0,6,-44,37,-4
11552,0.2,T,1,2,43,0,0,2,2,0,T,1,0,7,0,0,2,11,1,1,0,-2,-36,0,0,0,9,1
11553,9.59,Z,67,0,589,0,32,160,198,0,T,124,6,958,0,124,226,177,5,0,57,6,369,0,92,66,-21,5
11554,9.59,T,90,0,330,0,539,357,248,14,Z,66,0,462,0,62,113,223,7,1,-24,0,132,0,-477,-244,-25,-7
11555,7.21,Z,48,7,262,0,50,285,271,5,Z,42,0,94,0,66,140,164,24,1,-6,-7,-168,0,16,-145,-107,19
11556,9.59,T,80,2,428,0,217,214,97,3,T,94,2,676,0,106,284,134,4,0,14,0,248,0,-111,70,37,1
11557,2.43,T,1,1,102,0,1,15,1,1,Z,10,0,105,0,120,24,61,3,0,9,-1,3,0,119,9,60,2
11558,9.59,Z,75,0,472,0,134,239,262,5,P,85,0,483,31,348,230,205,1,0,10,0,11,31,214,-9,-57,-4
11559,9.54,P,15,0,433,0,0,8,22,0,T,75,6,465,0,68,53,78,0,1,60,6,32,0,68,45,56,0
11560,9.59,Z,76,9,525,1,91,235,279,0,T,55,0,382,0,59,317,145,10,0,-21,-9,-143,-1,-32,82,-134,10
11561,7.58,T,55,2,406,0,12,96,109,0,Z,28,2,493,0,12,172,112,0,1,-27,0,87,0,0,76,3,0
11562,9.59,T,83,1,665,0,337,283,148,21,T,93,7,487,0,413,305,164,19,1,10,6,-178,0,76,22,16,-2
11563,7.4,Z,31,8,561,0,29,109,109,5,P,30,0,395,0,22,83,33,5,1,-1,-8,-166,0,-7,-26,-76,0
11564,4.39,T,47,0,150,0,137,126,103,10,Z,30,3,149,0,425,106,137,8,0,-17,3,-1,0,288,-20,34,-2
11565,7.26,T,49,1,515,0,81,227,103,8,P,49,0,768,0,107,102,73,13,0,0,-1,253,0,26,-125,-30,5
11566,9.59,Z,87,9,543,0,125,276,433,13,T,133,5,621,0,271,228,132,4,0,46,-4,78,0,146,-48,-301,-9
11567,6.55,P,57,3,426,0,249,324,55,5,T,64,3,285,0,151,65,247,4,0,7,0,-141,0,-98,-259,192,-1
11568,5.02,Z,27,0,116,0,79,83,187,0,Z,22,6,197,0,89,60,71,0,0,-5,6,81,0,10,-23,-116,0
11569,9.59,T,36,3,685,0,3,56,61,0,Z,80,0,907,0,90,155,225,4,1,44,-3,222,0,87,99,164,4
11570,6.12,P,24,0,468,0,67,116,26,4,P,37,0,204,0,16,135,115,4,0,13,0,-264,0,-51,19,89,0
11571,6.26,P,20,0,325,0,0,41,39,0,P,28,0,283,0,7,79,22,2,1,8,0,-42,0,7,38,-17,2
11572,9.59,T,67,0,454,0,27,86,67,6,T,52,2,522,0,39,75,101,0,1,-15,2,68,0,12,-11,34,-6
11573,0.58,T,6,0,13,0,89,14,48,3,T,4,0,100,0,23,9,32,1,1,-2,0,87,0,-66,-5,-16,-2
11574,7.01,T,30,0,318,0,3,107,59,3,Z,33,0,267,0,22,165,304,5,1,3,0,-51,0,19,58,245,2
11575,7.5,T,66,0,493,0,281,180,158,5,Z,55,4,348,0,332,171,221,0,0,-11,4,-145,0,51,-9,63,-5
11576,9.42,T,32,0,326,0,0,18,50,0,P,36,0,365,0,16,42,32,5,1,4,0,39,0,16,24,-18,5
11577,3.58,P,24,4,110,0,161,78,53,2,Z,20,1,251,0,244,45,59,4,1,-4,-3,141,0,83,-33,6,2
11578,4.38,T,29,0,251,0,34,103,50,5,P,20,5,286,0,100,135,72,2,1,-9,5,35,0,66,32,22,-3
11579,9.57,P,61,0,549,0,56,301,153,2,T,77,0,692,0,12,192,120,4,0,16,0,143,0,-44,-109,-33,2
11580,9.58,Z,35,0,328,0,0,94,140,0,P,38,0,272,0,0,70,43,0,1,3,0,-56,0,0,-24,-97,0
11581,4.17,P,14,0,183,0,16,88,38,2,P,19,0,257,0,2,125,20,2,0,5,0,74,0,-14,37,-18,0
11582,2.41,Z,13,0,77,0,7,26,35,1,P,12,0,83,0,0,33,31,2,0,-1,0,6,0,-7,7,-4,1
11583,6.39,Z,36,0,219,0,5,132,126,1,T,40,0,392,0,85,125,111,3,1,4,0,173,0,80,-7,-15,2
11584,10.2,Z,81,15,382,9,92,182,230,9,P,107,1,533,0,243,183,192,10,0,26,-14,151,-9,151,1,-38,1
11585,10.37,Z,58,0,403,0,16,99,281,8,T,77,2,875,0,62,241,93,8,0,19,2,472,0,46,142,-188,0
11586,7.47,T,58,0,349,0,4,243,130,3,P,22,0,373,0,0,191,54,0,0,-36,0,24,0,-4,-52,-76,-3
11587,9.2,Z,46,6,492,0,46,78,136,7,Z,41,0,918,0,40,158,150,2,1,-5,-6,426,0,-6,80,14,-5
11588,10.06,P,59,0,434,0,9,43,79,2,P,58,0,776,0,0,212,134,0,1,-1,0,342,0,-9,169,55,-2
11589,8.43,Z,66,6,551,0,105,163,249,0,T,70,2,526,0,56,138,128,2,0,4,-4,-25,0,-49,-25,-121,2
11590,0.42,P,2,0,5,0,7,9,7,2,T,4,0,16,0,4,5,24,2,0,2,0,11,0,-3,-4,17,0
11591,5,T,29,0,186,0,209,65,27,5,T,26,0,92,0,0,25,44,1,1,-3,0,-94,0,-209,-40,17,-4
11592,9.59,T,70,7,774,0,68,172,111,2,P,77,12,534,0,292,199,203,3,0,7,5,-240,0,224,27,92,1
11593,10.31,P,66,0,613,0,337,136,70,14,P,61,4,793,0,22,162,81,0,1,-5,4,180,0,-315,26,11,-14
11594,5.2,Z,26,7,497,0,36,78,67,0,T,50,2,304,0,261,142,97,8,1,24,-5,-193,0,225,64,30,8
11595,2.34,Z,10,0,113,0,0,33,68,0,P,7,3,174,0,31,57,56,1,0,-3,3,61,0,31,24,-12,1
11596,9.59,P,112,0,421,0,1055,324,160,21,T,152,0,545,0,1249,265,182,57,1,40,0,124,0,194,-59,22,36
11597,9.59,P,50,0,651,0,18,200,102,3,Z,48,1,807,0,27,204,178,5,0,-2,1,156,0,9,4,76,2
11598,8.34,P,50,1,405,0,21,101,61,4,T,48,1,544,0,1,67,105,1,0,-2,0,139,0,-20,-34,44,-3
11599,5.5,T,24,0,304,0,0,26,53,1,Z,11,0,166,0,3,47,49,4,0,-13,0,-138,0,3,21,-4,3
11600,8.33,P,59,2,250,0,183,192,64,8,P,69,8,272,0,190,290,137,7,1,10,6,22,0,7,98,73,-1
11601,7.41,P,37,0,343,0,28,116,31,3,T,52,2,322,0,34,161,72,6,0,15,2,-21,0,6,45,41,3
11602,9.31,P,55,0,740,0,155,212,99,5,P,62,0,726,0,869,281,89,6,0,7,0,-14,0,714,69,-10,1
11603,5.06,Z,33,3,343,0,61,128,158,9,Z,27,3,129,0,27,90,85,4,0,-6,0,-214,0,-34,-38,-73,-5
11604,9.59,Z,80,1,353,0,72,343,238,11,Z,61,3,796,0,35,75,166,0,1,-19,2,443,0,-37,-268,-72,-11
11605,8.02,Z,51,0,224,0,55,115,155,5,Z,43,0,376,0,26,157,276,6,0,-8,0,152,0,-29,42,121,1
11606,5.12,T,21,0,280,0,0,118,69,1,Z,19,0,148,0,0,37,56,0,0,-2,0,-132,0,0,-81,-13,-1
11607,7.04,T,66,0,508,0,497,236,130,11,Z,65,10,303,0,275,182,231,2,1,-1,10,-205,0,-222,-54,101,-9
11608,8.53,T,99,3,506,0,178,303,212,6,Z,64,4,872,0,316,166,196,5,0,-35,1,366,0,138,-137,-16,-1
11609,10.25,T,44,0,578,0,13,61,79,4,P,52,0,795,0,28,104,70,14,1,8,0,217,0,15,43,-9,10
11610,6.52,Z,50,3,296,0,47,152,132,1,Z,37,1,377,0,256,249,127,6,1,-13,-2,81,0,209,97,-5,5
11611,9.59,P,69,9,349,0,334,260,171,9,P,86,0,613,106,753,393,658,2,1,17,-9,264,106,419,133,487,-7
11612,6.52,Z,38,0,472,0,80,161,176,3,T,68,0,257,0,247,150,79,9,1,30,0,-215,0,167,-11,-97,6
11613,9.59,T,87,7,726,0,417,265,209,9,P,49,2,491,0,51,368,135,4,1,-38,-5,-235,0,-366,103,-74,-5
11614,1.39,T,4,0,36,0,0,6,8,0,P,4,0,63,0,0,21,12,0,1,0,0,27,0,0,15,4,0
11615,6.1,T,56,0,229,16,388,171,148,2,Z,36,0,150,0,47,157,77,1,1,-20,0,-79,-16,-341,-14,-71,-1
11616,10.37,T,131,6,633,0,329,319,172,13,Z,93,0,622,0,74,328,228,8,1,-38,-6,-11,0,-255,9,56,-5
11617,6.33,Z,41,1,208,0,146,131,273,6,Z,50,13,407,1,55,134,150,6,0,9,12,199,1,-91,3,-123,0
11618,4.29,T,15,5,199,0,36,53,61,0,T,24,2,114,0,8,51,52,3,0,9,-3,-85,0,-28,-2,-9,3
11619,9.07,P,61,2,714,1,47,168,72,14,Z,73,4,262,0,43,241,193,8,1,12,2,-452,-1,-4,73,121,-6
11620,7.25,T,39,2,420,0,20,153,88,3,P,27,2,423,0,36,86,68,2,0,-12,0,3,0,16,-67,-20,-1
11621,9.59,P,61,8,939,0,28,226,108,2,Z,57,8,238,0,84,97,172,6,1,-4,0,-701,0,56,-129,64,4
11622,7.53,Z,61,0,257,0,343,214,201,13,T,62,8,343,0,305,125,56,0,0,1,8,86,0,-38,-89,-145,-13
11623,10.4,Z,51,4,429,0,168,216,170,1,T,100,10,688,0,91,157,182,2,1,49,6,259,0,-77,-59,12,1
11624,10.58,T,85,5,1114,0,26,113,87,7,Z,104,2,442,0,354,178,543,0,0,19,-3,-672,0,328,65,456,-7
11625,5.42,P,57,0,246,0,103,221,102,14,T,38,2,278,0,112,137,119,3,1,-19,2,32,0,9,-84,17,-11
11626,9.08,T,77,6,489,0,239,234,79,7,Z,64,4,494,0,51,207,178,2,1,-13,-2,5,0,-188,-27,99,-5
11627,9.57,T,56,0,466,0,0,15,66,0,T,44,3,719,0,24,95,53,0,1,-12,3,253,0,24,80,-13,0
11628,6.48,Z,25,4,128,0,89,26,140,0,T,21,2,333,0,0,37,57,0,1,-4,-2,205,0,-89,11,-83,0
11629,7.18,Z,63,0,229,0,16,271,174,5,Z,49,1,304,0,49,319,199,1,1,-14,1,75,0,33,48,25,-4
11630,9.15,P,44,3,642,0,30,344,115,3,T,64,2,833,0,10,167,99,6,1,20,-1,191,0,-20,-177,-16,3
11631,5.15,Z,28,6,109,0,166,121,283,4,Z,22,0,298,0,24,30,75,4,0,-6,-6,189,0,-142,-91,-208,0
11632,9.5,T,86,0,424,0,247,298,169,14,T,99,2,423,0,578,368,264,15,0,13,2,-1,0,331,70,95,1
11633,4.35,Z,20,4,256,0,23,20,47,2,Z,16,0,207,0,23,46,57,2,0,-4,-4,-49,0,0,26,10,0
11634,9.59,P,37,0,546,0,8,130,76,10,T,54,4,1028,0,38,39,51,2,1,17,4,482,0,30,-91,-25,-8
11635,9.56,T,40,0,379,0,13,51,45,5,P,36,0,280,0,26,45,48,7,0,-4,0,-99,0,13,-6,3,2
11636,3.52,P,19,0,62,0,144,61,51,4,T,18,3,259,0,4,82,48,0,0,-1,3,197,0,-140,21,-3,-4
11637,9.59,Z,80,10,753,2,89,187,229,1,T,100,3,389,0,359,349,292,4,0,20,-7,-364,-2,270,162,63,3
11638,5.02,P,21,0,268,0,0,118,59,1,Z,15,2,151,0,8,96,157,0,1,-6,2,-117,0,8,-22,98,-1
11639,6.55,Z,67,0,330,0,176,214,136,11,T,82,0,366,0,27,254,110,7,1,15,0,36,0,-149,40,-26,-4
11640,4.24,P,24,0,156,0,22,59,83,5,P,25,0,130,0,173,105,89,6,0,1,0,-26,0,151,46,6,1
11641,10.59,P,77,9,729,0,823,331,105,3,T,118,7,1015,0,522,205,141,10,0,41,-2,286,0,-301,-126,36,7
11642,10.26,T,117,7,548,0,497,204,182,11,Z,99,10,451,0,468,303,307,1,0,-18,3,-97,0,-29,99,125,-10
11643,10.25,T,72,0,574,14,285,181,142,0,Z,74,11,455,3,80,112,267,2,1,2,11,-119,-11,-205,-69,125,2
11644,7.34,T,43,0,414,0,4,131,114,7,P,56,6,331,0,255,165,29,3,1,13,6,-83,0,251,34,-85,-4
11645,6.56,Z,50,1,205,0,40,180,154,1,T,53,0,340,0,546,161,101,13,1,3,-1,135,0,506,-19,-53,12
11646,9.59,T,66,0,726,7,282,182,101,0,Z,72,4,591,0,44,153,158,2,1,6,4,-135,-7,-238,-29,57,2
11647,6,T,49,0,413,0,147,147,65,7,P,31,1,357,0,404,175,67,8,1,-18,1,-56,0,257,28,2,1
11648,9.55,P,56,0,617,0,19,130,65,3,Z,64,14,303,0,45,116,190,1,0,8,14,-314,0,26,-14,125,-2
11649,9.17,Z,72,1,751,0,56,107,430,0,Z,71,2,613,0,126,131,250,3,0,-1,1,-138,0,70,24,-180,3
11650,9.59,T,81,7,612,0,51,268,138,4,Z,74,11,579,0,291,206,371,5,1,-7,4,-33,0,240,-62,233,1
11651,2.42,T,10,2,144,0,17,18,8,1,P,10,2,103,0,5,22,10,0,0,0,0,-41,0,-12,4,2,-1
11652,9.41,T,114,8,563,0,43,294,126,2,T,91,8,475,1,605,309,171,12,1,-23,0,-88,1,562,15,45,10
11653,4,T,22,0,85,0,298,50,31,2,T,27,1,159,0,580,73,154,7,1,5,1,74,0,282,23,123,5
11654,9.59,Z,79,10,711,0,71,193,233,0,P,102,1,475,0,157,346,169,12,1,23,-9,-236,0,86,153,-64,12
11655,10.18,T,39,0,734,0,0,27,60,1,Z,87,8,391,0,245,144,283,7,1,48,8,-343,0,245,117,223,6
11656,9.59,T,64,0,610,0,19,119,122,1,T,63,5,910,0,127,267,173,3,1,-1,5,300,0,108,148,51,2
11657,7.22,Z,29,2,163,0,9,96,75,0,P,36,1,536,0,5,171,74,0,0,7,-1,373,0,-4,75,-1,0
11658,10.14,Z,100,3,596,0,132,266,268,4,T,113,5,430,0,160,198,144,10,1,13,2,-166,0,28,-68,-124,6
11659,9.59,T,35,0,595,0,0,45,75,0,T,44,1,723,0,8,57,91,3,0,9,1,128,0,8,12,16,3
11660,7.53,Z,64,3,467,0,118,140,179,6,T,65,0,418,0,1250,282,176,20,1,1,-3,-49,0,1132,142,-3,14
11661,6.26,T,32,0,181,0,20,103,97,2,P,19,0,292,0,3,21,20,1,0,-13,0,111,0,-17,-82,-77,-1
11662,9.24,T,64,0,930,0,15,131,89,5,Z,69,6,584,0,157,242,222,10,1,5,6,-346,0,142,111,133,5
11663,7.46,T,57,4,370,0,485,194,63,1,P,46,4,591,0,209,193,159,6,0,-11,0,221,0,-276,-1,96,5
11664,5.33,Z,18,0,273,0,19,32,64,3,T,33,2,232,0,153,69,50,2,0,15,2,-41,0,134,37,-14,-1
11665,9.58,Z,42,0,881,0,8,130,180,3,Z,38,3,204,0,14,125,202,6,0,-4,3,-677,0,6,-5,22,3
11666,9.59,Z,46,6,266,0,672,180,191,1,T,65,0,102,0,9,157,85,2,0,19,-6,-164,0,-663,-23,-106,1
11667,3.03,P,18,4,123,0,208,55,101,1,T,11,0,172,0,147,73,103,2,1,-7,-4,49,0,-61,18,2,1
11668,3.14,P,11,0,95,0,0,28,61,2,Z,6,0,67,0,0,14,134,0,1,-5,0,-28,0,0,-14,73,-2
11669,6.23,P,45,0,218,0,389,146,128,13,T,47,0,400,0,453,182,184,6,1,2,0,182,0,64,36,56,-7
11670,9.32,P,30,0,263,0,11,27,39,8,Z,32,0,716,0,0,102,180,0,1,2,0,453,0,-11,75,141,-8
11671,9.59,T,71,0,786,0,51,168,101,5,Z,48,0,467,0,64,127,149,5,1,-23,0,-319,0,13,-41,48,0
11672,9.59,Z,64,8,264,0,52,77,213,1,T,79,3,428,0,9,299,189,1,0,15,-5,164,0,-43,222,-24,0
11673,3.51,P,15,0,191,0,170,41,64,7,T,23,0,90,0,113,68,20,5,1,8,0,-101,0,-57,27,-44,-2
11674,6.3,Z,30,0,487,0,30,83,103,1,Z,25,0,314,0,19,58,128,3,0,-5,0,-173,0,-11,-25,25,2
11675,4.2,P,22,0,202,0,53,123,70,4,P,18,0,239,0,39,112,53,3,1,-4,0,37,0,-14,-11,-17,-1
11676,4.11,T,27,0,174,0,122,114,36,7,P,24,0,272,0,34,189,35,2,0,-3,0,98,0,-88,75,-1,-5
11677,3.5,P,15,1,89,0,137,31,20,3,T,16,1,116,0,225,64,53,3,0,1,0,27,0,88,33,33,0
11678,8.07,P,24,0,505,0,18,178,98,15,P,42,7,235,0,14,126,54,3,0,18,7,-270,0,-4,-52,-44,-12
11679,6.25,P,22,0,434,0,0,101,63,2,Z,33,0,383,0,72,109,91,1,0,11,0,-51,0,72,8,28,-1
11680,1.14,Z,3,0,31,0,6,15,20,0,T,6,0,140,0,0,1,5,0,1,3,0,109,0,-6,-14,-15,0
11681,8.43,T,116,0,386,0,592,276,142,20,Z,70,6,313,0,555,263,268,8,0,-46,6,-73,0,-37,-13,126,-12
11682,3.12,P,16,0,128,0,422,67,20,4,T,14,1,150,0,185,76,21,2,1,-2,1,22,0,-237,9,1,-2
11683,7.4,T,88,3,364,0,379,221,218,21,P,67,0,280,0,22,152,64,3,0,-21,-3,-84,0,-357,-69,-154,-18
11684,7.21,Z,71,4,425,0,310,147,250,7,P,75,0,382,0,191,246,130,10,0,4,-4,-43,0,-119,99,-120,3
11685,9.58,T,51,0,694,0,0,61,99,2,T,67,4,689,0,51,138,102,2,1,16,4,-5,0,51,77,3,0
11686,4.56,Z,18,2,291,0,18,68,123,1,Z,25,4,206,0,40,86,78,0,1,7,2,-85,0,22,18,-45,-1
11687,4.14,T,17,0,29,0,6,10,23,3,T,28,0,507,0,0,52,48,1,1,11,0,478,0,-6,42,25,-2
11688,9.5,Z,60,3,367,0,82,180,224,2,P,76,0,273,0,528,289,205,6,0,16,-3,-94,0,446,109,-19,4
11689,7.56,P,56,1,546,0,43,207,102,4,Z,52,7,393,0,56,150,172,3,0,-4,6,-153,0,13,-57,70,-1
11690,8.4,P,24,0,748,0,0,39,40,0,T,58,7,363,2,75,114,75,3,1,34,7,-385,2,75,75,35,3
11691,6.03,T,19,0,147,0,1,16,25,2,T,0,0,1,0,0,0,0,0,0,-19,0,-146,0,-1,-16,-25,-2
11692,8.19,T,68,0,575,0,501,110,104,14,P,36,0,744,0,5,108,50,3,0,-32,0,169,0,-496,-2,-54,-11
11693,8.26,P,28,0,361,0,65,165,75,3,P,24,0,313,0,0,100,34,0,1,-4,0,-48,0,-65,-65,-41,-3
11694,10.07,Z,73,9,321,0,105,208,196,9,P,74,0,665,0,63,312,94,10,1,1,-9,344,0,-42,104,-102,1
11695,10.59,P,69,1,1145,0,25,98,98,4,Z,64,4,364,0,39,46,184,1,0,-5,3,-781,0,14,-52,86,-3
11696,6.46,P,50,0,368,13,263,272,112,0,T,65,0,380,10,56,199,124,5,1,15,0,12,-3,-207,-73,12,5
11697,7.28,P,39,1,751,0,25,55,41,1,Z,33,2,429,0,19,74,153,3,0,-6,1,-322,0,-6,19,112,2
11698,9.48,P,50,0,604,0,38,233,94,2,Z,50,3,629,0,219,148,210,0,0,0,3,25,0,181,-85,116,-2
11699,10.59,P,72,0,823,0,0,254,125,0,T,82,2,584,0,48,152,126,3,0,10,2,-239,0,48,-102,1,3
11700,9.59,T,112,0,577,0,195,200,160,43,Z,74,0,712,0,248,185,222,10,1,-38,0,135,0,53,-15,62,-33
11701,10.3,Z,76,2,347,0,488,235,273,3,T,119,4,749,0,207,415,138,6,1,43,2,402,0,-281,180,-135,3
11702,5.22,P,31,0,111,0,19,200,95,2,T,29,2,300,0,28,93,55,1,0,-2,2,189,0,9,-107,-40,-1
11703,3.24,T,14,0,174,0,279,57,169,2,T,11,0,175,0,85,78,73,3,0,-3,0,1,0,-194,21,-96,1
11704,5.18,P,46,1,195,0,445,172,149,9,T,34,0,384,0,324,100,66,7,1,-12,-1,189,0,-121,-72,-83,-2
11705,9.49,Z,41,0,819,0,13,166,124,0,P,43,2,448,0,13,163,80,4,0,2,2,-371,0,0,-3,-44,4
11706,9.59,P,28,0,651,0,3,169,72,1,T,48,5,496,0,2,122,94,0,0,20,5,-155,0,-1,-47,22,-1
11707,9.59,P,85,11,748,0,74,340,153,4,Z,97,0,445,0,52,333,290,4,1,12,-11,-303,0,-22,-7,137,0
11708,7.39,P,26,0,672,0,0,201,68,0,Z,31,0,266,0,847,120,255,7,1,5,0,-406,0,847,-81,187,7
11709,9.14,Z,59,4,467,0,187,323,255,2,Z,54,8,464,0,103,165,255,2,1,-5,4,-3,0,-84,-158,0,0
11710,5.58,T,18,0,198,0,0,127,42,0,T,28,0,152,0,0,12,46,0,1,10,0,-46,0,0,-115,4,0
11711,10.14,P,51,0,482,43,110,313,210,0,T,64,0,513,0,25,262,125,7,0,13,0,31,-43,-85,-51,-85,7
11712,10.13,Z,75,3,423,0,243,108,208,2,T,71,4,913,0,131,285,104,17,0,-4,1,490,0,-112,177,-104,15
11713,9.55,P,47,0,873,0,10,62,48,4,Z,31,0,341,0,2,184,211,1,0,-16,0,-532,0,-8,122,163,-3
11714,4.37,P,18,0,147,0,7,23,11,4,P,21,0,193,0,280,116,36,5,0,3,0,46,0,273,93,25,1
11715,3.53,T,32,5,497,0,200,92,79,2,P,27,1,190,0,35,61,15,3,1,-5,-4,-307,0,-165,-31,-64,1
11716,9.59,T,125,4,514,0,519,347,233,9,Z,57,6,797,0,91,64,165,3,1,-68,2,283,0,-428,-283,-68,-6
11717,9.59,P,69,2,656,0,69,278,192,4,P,60,7,891,0,500,254,75,6,1,-9,5,235,0,431,-24,-117,2
11718,6.27,Z,32,2,382,0,146,176,158,6,Z,26,0,159,0,20,156,124,6,1,-6,-2,-223,0,-126,-20,-34,0
11719,9.59,T,126,0,605,0,463,245,130,11,Z,92,15,275,13,403,209,398,1,1,-34,15,-330,13,-60,-36,268,-10
11720,8.18,Z,38,1,219,0,702,195,380,4,P,54,4,565,0,33,141,67,1,0,16,3,346,0,-669,-54,-313,-3
11721,6.17,T,48,1,221,0,253,132,122,17,P,37,1,364,0,52,114,59,1,1,-11,0,143,0,-201,-18,-63,-16
11722,9.59,T,103,3,505,0,26,152,130,3,Z,51,0,507,0,13,153,189,4,1,-52,-3,2,0,-13,1,59,1
11723,9.39,T,62,0,707,0,108,170,136,8,P,35,0,830,0,1,194,72,0,0,-27,0,123,0,-107,24,-64,-8
11724,9.55,T,41,0,721,0,0,132,115,0,P,47,0,476,0,0,47,64,0,0,6,0,-245,0,0,-85,-51,0
11725,7.13,Z,34,0,100,0,6,159,244,0,T,44,3,374,0,269,127,73,6,1,10,3,274,0,263,-32,-171,6
11726,8.02,Z,33,2,506,0,264,166,295,1,P,76,4,217,0,298,177,78,5,1,43,2,-289,0,34,11,-217,4
11727,9.59,T,34,0,226,3,3,75,91,0,T,72,0,804,0,0,92,136,1,1,38,0,578,-3,-3,17,45,1
11728,8.18,Z,31,0,392,0,67,79,168,2,P,46,0,650,0,6,175,90,2,0,15,0,258,0,-61,96,-78,0
11729,2.29,T,15,0,184,0,147,55,49,5,T,7,0,117,0,329,45,29,4,1,-8,0,-67,0,182,-10,-20,-1
11730,9.58,T,58,6,457,0,289,89,89,1,Z,39,9,335,0,16,71,184,0,1,-19,3,-122,0,-273,-18,95,-1
11731,9.59,T,115,0,534,0,623,290,192,8,Z,77,4,416,0,766,216,412,11,1,-38,4,-118,0,143,-74,220,3
11732,9.59,Z,79,6,417,0,518,270,468,8,Z,63,5,340,0,137,162,295,8,1,-16,-1,-77,0,-381,-108,-173,0
11733,9.59,P,96,0,668,0,510,441,183,15,Z,100,0,837,0,139,281,335,3,1,4,0,169,0,-371,-160,152,-12
11734,8.46,P,39,1,183,0,4,64,60,0,Z,47,0,415,0,98,126,183,4,0,8,-1,232,0,94,62,123,4
11735,7.13,P,32,7,358,0,58,87,54,1,Z,35,0,105,0,29,21,123,1,1,3,-7,-253,0,-29,-66,69,0
11736,2.11,Z,8,1,32,0,0,21,49,0,Z,8,0,48,0,243,37,31,2,1,0,-1,16,0,243,16,-18,2
11737,9.4,P,115,8,426,0,643,271,112,7,P,83,11,518,0,448,489,222,13,1,-32,3,92,0,-195,218,110,6
11738,5.59,T,68,11,567,0,205,178,94,4,Z,38,3,476,0,219,245,200,4,0,-30,-8,-91,0,14,67,106,0
11739,8.04,T,37,3,508,0,17,86,48,1,P,35,0,368,0,36,179,58,3,0,-2,-3,-140,0,19,93,10,2
11740,9.59,Z,118,0,278,0,272,255,379,16,P,120,0,625,0,492,263,134,16,1,2,0,347,0,220,8,-245,0
11741,9.59,Z,62,0,166,0,0,41,225,0,T,42,0,483,0,0,20,72,0,1,-20,0,317,0,0,-21,-153,0
11742,9.57,T,76,0,1095,0,23,233,139,3,Z,74,0,375,0,70,184,204,6,1,-2,0,-720,0,47,-49,65,3
11743,5.41,Z,32,0,247,0,120,161,139,3,Z,35,19,249,0,110,201,110,5,0,3,19,2,0,-10,40,-29,2
11744,9.58,P,69,3,552,0,40,264,83,13,P,74,11,526,0,1266,308,227,4,0,5,8,-26,0,1226,44,144,-9
11745,6.27,T,57,0,321,0,31,232,101,4,P,26,0,208,0,1,90,65,1,1,-31,0,-113,0,-30,-142,-36,-3
11746,2.23,Z,7,0,229,0,4,6,20,0,P,4,0,51,0,0,25,12,0,1,-3,0,-178,0,-4,19,-8,0
11747,9.59,Z,40,2,617,0,32,141,149,1,P,74,0,605,1,101,231,177,4,1,34,-2,-12,1,69,90,28,3
11748,9.34,P,69,0,812,0,31,213,120,4,T,87,4,632,0,55,163,119,6,0,18,4,-180,0,24,-50,-1,2
11749,9.59,P,58,0,511,0,19,170,105,6,Z,81,6,613,0,208,197,254,2,1,23,6,102,0,189,27,149,-4
11750,10.08,Z,72,8,555,0,52,243,173,2,T,51,0,595,0,7,236,87,4,0,-21,-8,40,0,-45,-7,-86,2
11751,0.3,T,2,0,14,0,22,23,15,9,T,2,0,23,0,14,7,5,1,1,0,0,9,0,-8,-16,-10,-8
11752,8.12,P,65,0,742,0,65,456,134,4,Z,55,0,479,0,50,161,161,3,1,-10,0,-263,0,-15,-295,27,-1
11753,9.59,Z,39,2,577,0,7,54,120,0,T,46,0,742,0,1,324,177,3,0,7,-2,165,0,-6,270,57,3
11754,9.58,Z,51,0,233,0,0,38,166,0,T,58,1,393,0,25,60,73,3,0,7,1,160,0,25,22,-93,3
11755,9.59,Z,66,0,754,34,135,211,228,1,T,92,3,328,0,320,216,211,9,1,26,3,-426,-34,185,5,-17,8
11756,9.59,T,43,0,645,0,3,126,86,4,T,69,0,635,4,29,174,85,0,1,26,0,-10,4,26,48,-1,-4
11757,7.33,P,72,4,419,0,252,238,80,7,T,69,0,518,0,211,129,219,7,0,-3,-4,99,0,-41,-109,139,0
11758,9.59,T,90,9,714,0,242,218,228,1,Z,64,4,358,0,44,230,275,0,1,-26,-5,-356,0,-198,12,47,-1
11759,9.57,P,37,0,827,4,4,424,65,0,P,63,3,473,0,1,212,140,0,1,26,3,-354,-4,-3,-212,75,0
11760,9.59,T,68,0,367,0,77,182,157,12,P,56,0,625,0,14,159,107,6,1,-12,0,258,0,-63,-23,-50,-6
11761,4.4,Z,24,0,250,0,36,175,100,6,Z,23,4,360,0,32,88,91,2,1,-1,4,110,0,-4,-87,-9,-4
11762,5.25,Z,26,5,231,0,159,50,107,2,P,30,0,211,0,26,151,67,2,1,4,-5,-20,0,-133,101,-40,0
11763,9.59,P,58,2,378,0,32,97,43,1,T,86,0,507,0,63,316,322,12,1,28,-2,129,0,31,219,279,11
11764,6.49,P,39,2,630,0,390,145,27,6,P,49,5,348,0,16,171,74,2,0,10,3,-282,0,-374,26,47,-4
11765,4.18,Z,22,0,75,0,12,27,75,3,T,23,0,191,0,139,68,24,7,0,1,0,116,0,127,41,-51,4
11766,10.37,T,48,0,1002,2,1,197,113,0,P,69,3,491,0,95,411,249,17,1,21,3,-511,-2,94,214,136,17
11767,3.21,Z,14,0,71,0,7,74,112,3,Z,23,0,133,0,5,89,77,1,1,9,0,62,0,-2,15,-35,-2
11768,5.32,Z,30,0,565,0,6,115,105,8,T,41,1,375,0,191,161,72,3,1,11,1,-190,0,185,46,-33,-5
11769,9.58,T,27,0,549,0,5,25,36,2,T,58,0,706,0,33,133,127,5,1,31,0,157,0,28,108,91,3
11770,5.15,Z,31,1,236,0,38,61,83,2,P,30,0,145,0,0,103,197,0,1,-1,-1,-91,0,-38,42,114,-2
11771,9.59,T,76,3,438,0,623,185,105,6,Z,87,2,445,0,28,311,232,3,1,11,-1,7,0,-595,126,127,-3
11772,10.18,P,79,5,444,0,251,329,98,4,P,76,11,421,0,153,438,88,6,1,-3,6,-23,0,-98,109,-10,2
11773,2.56,T,10,0,95,0,46,63,32,2,T,10,0,87,0,237,65,85,5,0,0,0,-8,0,191,2,53,3
11774,5.55,T,43,0,287,0,22,79,76,8,T,52,0,239,0,189,107,56,11,1,9,0,-48,0,167,28,-20,3
11775,9.03,T,74,1,736,0,51,146,229,8,T,112,0,360,0,968,234,145,24,1,38,-1,-376,0,917,88,-84,16
11776,6.31,P,34,2,591,0,46,140,39,3,Z,37,0,124,0,10,28,111,4,1,3,-2,-467,0,-36,-112,72,1
11777,9.58,T,31,0,424,0,1,14,43,3,T,30,0,417,0,0,28,63,0,1,-1,0,-7,0,-1,14,20,-3
11778,3.05,Z,19,0,147,0,18,105,60,4,Z,15,0,140,0,25,28,43,7,0,-4,0,-7,0,7,-77,-17,3
11779,4.52,P,20,1,228,0,12,46,76,3,P,23,2,292,0,0,135,19,0,0,3,1,64,0,-12,89,-57,-3
11780,4.55,T,44,0,283,0,36,124,50,8,T,32,0,448,0,123,70,161,7,0,-12,0,165,0,87,-54,111,-1
11781,4.32,Z,20,0,102,0,329,63,107,4,T,41,0,179,0,525,51,80,4,0,21,0,77,0,196,-12,-27,0
11782,7.08,P,46,3,246,0,108,200,48,5,Z,48,4,385,0,503,108,188,3,0,2,1,139,0,395,-92,140,-2
11783,1.18,Z,3,0,11,0,0,3,20,1,P,7,1,121,0,0,17,10,0,0,4,1,110,0,0,14,-10,-1
11784,9.58,P,84,0,444,0,540,338,192,14,T,125,0,422,0,186,223,128,6,1,41,0,-22,0,-354,-115,-64,-8
11785,6.59,T,101,2,267,0,503,260,182,3,T,58,1,468,0,271,159,104,5,0,-43,-1,201,0,-232,-101,-78,2
11786,1.45,Z,7,0,59,0,35,28,42,1,Z,6,1,64,1,225,15,51,0,1,-1,1,5,1,190,-13,9,-1
11787,3.31,Z,12,0,30,0,34,10,38,4,Z,17,1,112,0,3,20,45,0,0,5,1,82,0,-31,10,7,-4
11788,3.49,T,14,0,201,0,11,61,25,3,T,26,3,35,0,204,36,114,0,1,12,3,-166,0,193,-25,89,-3
11789,9.58,T,66,1,520,0,158,187,121,3,P,46,0,378,0,9,109,65,0,0,-20,-1,-142,0,-149,-78,-56,-3
11790,7.33,P,45,0,330,0,33,139,33,4,Z,37,2,313,0,7,139,145,0,1,-8,2,-17,0,-26,0,112,-4
11791,2.57,Z,9,1,51,0,91,93,85,8,P,8,0,168,0,1,25,11,4,0,-1,-1,117,0,-90,-68,-74,-4
11792,9.59,P,91,6,387,0,633,297,153,5,T,131,4,588,0,239,323,250,9,0,40,-2,201,0,-394,26,97,4
11793,9.53,Z,57,8,380,0,55,82,176,0,T,77,0,475,0,89,167,102,9,1,20,-8,95,0,34,85,-74,9
11794,9.58,T,84,0,841,0,6,56,124,1,P,51,5,454,0,133,249,232,5,1,-33,5,-387,0,127,193,108,4
11795,2.29,Z,10,1,75,0,78,15,118,1,Z,11,5,87,0,210,28,106,0,1,1,4,12,0,132,13,-12,-1
11796,9.58,T,73,0,489,0,52,327,89,4,Z,48,0,623,0,43,92,130,3,0,-25,0,134,0,-9,-235,41,-1
11797,8.21,T,58,0,466,0,407,89,97,6,T,73,10,244,0,582,145,117,8,1,15,10,-222,0,175,56,20,2
11798,4.47,T,23,0,273,0,140,88,28,2,P,23,4,351,0,19,141,63,2,1,0,4,78,0,-121,53,35,0
11799,6.18,Z,42,0,282,0,49,114,113,4,Z,35,0,282,0,60,186,137,5,1,-7,0,0,0,11,72,24,1
11800,4.25,Z,26,0,201,0,92,103,125,4,P,18,0,211,0,2,58,60,12,0,-8,0,10,0,-90,-45,-65,8
11801,10.16,T,133,0,594,0,296,529,279,27,T,129,0,701,0,370,405,186,22,1,-4,0,107,0,74,-124,-93,-5
11802,9.59,Z,110,6,684,8,598,397,347,9,P,135,14,477,0,567,218,98,4,0,25,8,-207,-8,-31,-179,-249,-5
11803,10.45,P,38,0,567,0,8,189,73,4,T,50,4,762,0,3,174,84,0,1,12,4,195,0,-5,-15,11,-4
11804,4.41,T,17,2,400,0,6,76,37,1,Z,21,3,96,0,2,29,72,0,1,4,1,-304,0,-4,-47,35,-1
11805,4.45,Z,15,0,110,0,0,42,66,0,Z,17,1,120,0,1,94,73,0,0,2,1,10,0,1,52,7,0
11806,5.29,Z,23,0,243,0,23,103,102,12,T,35,1,387,0,271,43,59,6,1,12,1,144,0,248,-60,-43,-6
11807,9.59,T,69,0,438,0,56,192,75,3,T,48,1,557,0,222,167,102,3,0,-21,1,119,0,166,-25,27,0
11808,7.02,Z,30,3,418,0,43,71,107,0,Z,27,1,296,0,143,128,277,2,1,-3,-2,-122,0,100,57,170,2
11809,4.1,T,26,7,255,0,365,82,36,6,P,22,2,150,0,196,155,46,5,1,-4,-5,-105,0,-169,73,10,-1
11810,4.59,Z,28,0,396,0,154,172,139,2,T,32,0,237,0,10,67,94,1,0,4,0,-159,0,-144,-105,-45,-1
11811,4.46,T,20,0,213,0,0,97,31,0,Z,22,4,194,0,60,107,69,0,0,2,4,-19,0,60,10,38,0
11812,8.24,Z,64,4,243,0,68,187,218,3,P,50,0,347,0,37,148,65,6,0,-14,-4,104,0,-31,-39,-153,3
11813,9.58,T,145,9,619,0,773,324,227,13,Z,87,13,529,0,586,218,372,6,1,-58,4,-90,0,-187,-106,145,-7
11814,7.34,P,21,0,419,0,14,103,21,5,Z,36,0,603,0,40,64,104,3,0,15,0,184,0,26,-39,83,-2
11815,10.16,P,87,1,439,0,295,325,179,6,T,91,6,960,0,42,138,97,0,1,4,5,521,0,-253,-187,-82,-6
11816,5.24,Z,29,0,363,0,28,34,70,2,T,27,1,808,0,210,72,66,5,1,-2,1,445,0,182,38,-4,3
11817,6.21,T,53,4,493,0,30,140,83,3,P,26,2,237,0,179,184,54,5,1,-27,-2,-256,0,149,44,-29,2
11818,8.58,P,74,0,616,0,439,252,140,16,Z,59,10,585,0,199,220,228,12,1,-15,10,-31,0,-240,-32,88,-4
11819,9.57,T,29,0,933,0,0,73,48,0,Z,55,0,357,0,0,129,233,0,1,26,0,-576,0,0,56,185,0
11820,3.19,T,14,0,157,3,170,54,27,1,T,0,0,1,0,0,0,0,0,0,-14,0,-156,-3,-170,-54,-27,-1
11821,9.59,P,70,7,663,0,770,245,154,2,P,68,0,710,0,68,326,101,9,1,-2,-7,47,0,-702,81,-53,7
11822,2.31,T,10,3,41,0,308,25,115,0,T,9,0,132,0,1,35,23,4,1,-1,-3,91,0,-307,10,-92,4
11823,7.01,P,34,5,244,0,350,71,31,2,P,24,0,351,0,0,27,37,0,0,-10,-5,107,0,-350,-44,6,-2
11824,9.59,T,93,6,491,0,479,272,251,12,T,112,1,576,0,557,249,186,9,0,19,-5,85,0,78,-23,-65,-3
11825,10.17,T,89,4,412,0,26,260,142,4,Z,54,2,461,0,24,258,123,1,0,-35,-2,49,0,-2,-2,-19,-3
11826,6.16,Z,25,2,245,0,0,79,152,2,P,32,0,360,0,0,133,41,0,0,7,-2,115,0,0,54,-111,-2
11827,5.28,Z,31,1,358,0,593,47,192,2,T,33,0,269,0,346,57,129,15,1,2,-1,-89,0,-247,10,-63,13
11828,4.33,Z,21,0,317,0,299,44,73,6,T,15,3,326,0,80,57,54,0,0,-6,3,9,0,-219,13,-19,-6
11829,9.58,T,78,0,684,11,30,316,167,0,T,84,0,639,0,23,206,104,5,1,6,0,-45,-11,-7,-110,-63,5
11830,9.59,T,91,16,514,5,276,240,242,2,P,91,8,587,0,389,403,168,0,1,0,-8,73,-5,113,163,-74,-2
11831,7.21,Z,46,9,166,0,54,183,193,0,T,65,4,179,12,101,96,106,1,0,19,-5,13,12,47,-87,-87,1
11832,9.06,P,118,0,256,0,183,266,154,11,P,39,0,838,0,6,186,71,3,1,-79,0,582,0,-177,-80,-83,-8
11833,5.13,Z,29,0,233,0,188,123,235,8,Z,24,0,323,0,40,131,151,1,1,-5,0,90,0,-148,8,-84,-7
11834,7.27,Z,24,0,224,0,20,203,151,1,Z,43,4,213,0,54,79,171,1,1,19,4,-11,0,34,-124,20,0
11835,3.35,Z,28,2,216,0,0,14,54,0,P,16,1,150,4,51,120,49,0,0,-12,-1,-66,4,51,106,-5,0
11836,5.52,T,39,7,226,0,546,112,67,9,T,38,0,246,0,69,94,150,4,0,-1,-7,20,0,-477,-18,83,-5
11837,4.4,T,19,2,484,0,1,41,74,5,T,11,0,240,0,3,15,18,0,0,-8,-2,-244,0,2,-26,-56,-5
11838,4.34,P,7,0,144,0,0,7,6,0,P,15,0,102,0,0,27,32,0,1,8,0,-42,0,0,20,26,0
11839,7.07,T,56,0,223,0,369,279,184,23,T,57,4,341,0,170,228,82,3,0,1,4,118,0,-199,-51,-102,-20
11840,5.43,Z,31,2,260,0,227,117,115,5,Z,33,1,168,0,92,133,122,8,0,2,-1,-92,0,-135,16,7,3
11841,6.08,P,25,0,375,0,1,93,49,1,P,34,0,375,0,0,134,77,1,1,9,0,0,0,-1,41,28,0
11842,8.29,T,66,0,645,0,16,184,109,7,Z,44,5,488,0,45,132,120,0,0,-22,5,-157,0,29,-52,11,-7
11843,9.58,T,68,0,646,0,36,330,319,3,T,60,6,635,0,174,297,105,4,0,-8,6,-11,0,138,-33,-214,1
11844,9.57,P,36,0,115,0,21,60,47,4,Z,49,3,157,0,30,128,138,0,1,13,3,42,0,9,68,91,-4
11845,5.23,T,28,0,283,0,78,53,72,15,P,39,4,218,0,26,185,38,4,0,11,4,-65,0,-52,132,-34,-11
11846,3.25,T,17,2,173,0,3,13,30,0,T,11,0,124,0,17,36,21,0,1,-6,-2,-49,0,14,23,-9,0
11847,6.31,T,58,0,218,0,39,230,178,11,P,25,1,661,0,10,64,33,1,0,-33,1,443,0,-29,-166,-145,-10
11848,9.59,P,59,0,554,0,244,359,120,5,T,71,5,1056,0,157,161,109,2,1,12,5,502,0,-87,-198,-11,-3
11849,2.33,P,5,0,102,0,0,31,12,0,T,6,1,39,0,0,8,22,2,1,1,1,-63,0,0,-23,10,2
11850,4.46,T,22,0,329,0,44,63,26,3,Z,20,1,283,1,16,30,63,0,0,-2,1,-46,1,-28,-33,37,-3
11851,4.52,T,32,3,295,0,169,74,66,4,T,37,0,263,0,217,183,27,5,0,5,-3,-32,0,48,109,-39,1
11852,9.59,Z,62,0,629,0,254,186,318,9,Z,64,0,812,0,3,150,279,2,1,2,0,183,0,-251,-36,-39,-7
11853,6.23,P,37,0,351,0,18,77,47,2,Z,31,2,149,0,47,43,115,0,0,-6,2,-202,0,29,-34,68,-2
11854,6.23,Z,23,1,135,0,92,45,142,0,P,31,1,152,0,18,196,27,3,1,8,0,17,0,-74,151,-115,3
11855,7.49,P,43,7,599,0,134,147,46,2,Z,33,5,498,0,180,140,430,6,0,-10,-2,-101,0,46,-7,384,4
11856,4.01,T,26,0,220,0,141,101,66,8,T,31,0,200,0,43,130,22,12,0,5,0,-20,0,-98,29,-44,4
11857,9.59,P,60,0,514,0,0,166,83,0,T,77,0,828,0,27,199,174,8,1,17,0,314,0,27,33,91,8
11858,7.44,P,35,0,477,0,16,197,42,4,Z,46,0,513,0,32,53,135,3,0,11,0,36,0,16,-144,93,-1
11859,8.11,Z,57,2,228,0,211,128,168,4,P,40,12,361,0,100,268,90,0,0,-17,10,133,0,-111,140,-78,-4
11860,4.56,P,32,0,104,0,127,118,129,7,T,26,0,491,0,2,53,46,2,1,-6,0,387,0,-125,-65,-83,-5
11861,6.08,Z,28,6,291,0,59,130,119,1,T,49,0,398,0,325,167,113,5,0,21,-6,107,0,266,37,-6,4
11862,9.59,T,100,11,554,0,601,228,163,8,Z,81,0,425,0,155,318,285,8,0,-19,-11,-129,0,-446,90,122,0
11863,2.52,Z,10,1,23,0,2,14,58,0,Z,4,1,91,0,231,48,32,2,0,-6,0,68,0,229,34,-26,2
11864,8.46,Z,46,3,308,0,255,119,262,4,P,31,0,523,0,0,36,38,0,1,-15,-3,215,0,-255,-83,-224,-4
11865,9.59,Z,61,0,713,0,151,341,256,20,T,86,0,704,0,28,196,71,14,1,25,0,-9,0,-123,-145,-185,-6
11866,10.01,P,39,0,240,0,12,177,50,2,Z,44,0,715,0,10,272,131,2,0,5,0,475,0,-2,95,81,0
11867,9.58,T,49,0,923,0,0,123,87,0,P,45,0,728,0,48,165,138,3,1,-4,0,-195,0,48,42,51,3
11868,8.08,T,70,1,513,0,94,138,87,3,Z,51,6,333,0,27,172,176,0,0,-19,5,-180,0,-67,34,89,-3
11869,8.14,Z,41,0,485,0,51,189,279,5,P,53,0,457,0,14,271,134,1,1,12,0,-28,0,-37,82,-145,-4
11870,4.04,P,22,0,205,0,5,24,21,3,T,10,0,229,0,0,36,26,1,1,-12,0,24,0,-5,12,5,-2
11871,10.16,Z,59,1,654,0,116,355,272,6,P,48,0,665,0,0,230,70,0,0,-11,-1,11,0,-116,-125,-202,-6
11872,7.56,T,85,0,348,0,88,182,105,6,Z,46,0,512,0,38,110,212,4,0,-39,0,164,0,-50,-72,107,-2
11873,10.01,P,70,0,456,0,585,295,132,19,T,80,0,369,0,27,190,170,7,0,10,0,-87,0,-558,-105,38,-12
11874,9.59,P,95,4,543,0,731,270,116,13,Z,77,3,408,0,134,106,197,11,1,-18,-1,-135,0,-597,-164,81,-2
11875,9.59,T,111,0,830,0,269,167,139,12,P,76,2,413,0,966,204,172,18,1,-35,2,-417,0,697,37,33,6
11876,9.56,Z,61,0,429,0,23,155,153,6,Z,64,8,616,0,287,167,192,6,1,3,8,187,0,264,12,39,0
11877,3.53,Z,14,1,124,0,16,80,98,1,Z,17,1,279,0,101,61,64,4,1,3,0,155,0,85,-19,-34,3
11878,9.59,P,58,8,342,0,149,253,311,7,T,81,0,480,0,75,197,158,10,1,23,-8,138,0,-74,-56,-153,3
11879,5.14,Z,22,0,307,0,100,139,144,2,T,33,0,197,0,29,149,58,2,1,11,0,-110,0,-71,10,-86,0
11880,9.59,Z,55,14,729,0,59,140,166,2,T,68,5,368,0,7,125,120,3,0,13,-9,-361,0,-52,-15,-46,1
11881,8.56,T,39,0,644,0,2,87,91,2,P,39,0,289,0,34,400,155,7,0,0,0,-355,0,32,313,64,5
11882,8.56,T,85,5,388,0,137,239,127,9,T,65,0,592,0,427,278,149,14,0,-20,-5,204,0,290,39,22,5
11883,9.54,T,41,0,178,0,14,81,60,1,P,38,0,607,0,0,26,50,0,0,-3,0,429,0,-14,-55,-10,-1
11884,9.58,Z,36,1,351,0,8,113,138,3,T,84,7,739,0,66,282,119,0,1,48,6,388,0,58,169,-19,-3
11885,3.16,T,17,0,149,0,179,67,52,7,P,20,1,118,0,290,85,82,5,0,3,1,-31,0,111,18,30,-2
11886,8.25,T,61,2,455,0,9,117,106,4,T,54,4,408,0,2,104,98,0,0,-7,2,-47,0,-7,-13,-8,-4
11887,9.58,P,40,3,370,0,12,45,42,0,Z,45,0,237,0,14,62,145,2,1,5,-3,-133,0,2,17,103,2
11888,4.09,T,25,3,275,0,82,33,25,4,Z,12,3,38,0,12,18,41,0,1,-13,0,-237,0,-70,-15,16,-4
11889,3.06,T,13,0,135,0,123,54,36,0,T,15,3,197,0,12,61,29,3,1,2,3,62,0,-111,7,-7,3
11890,3.1,Z,13,0,66,0,36,22,64,0,Z,11,0,56,0,4,48,44,2,0,-2,0,-10,0,-32,26,-20,2
11891,6.44,Z,43,8,250,0,22,207,140,1,Z,36,11,448,0,217,175,197,0,1,-7,3,198,0,195,-32,57,-1
11892,0,P,0,0,1,0,0,0,0,0,T,5,0,35,0,122,8,22,4,1,5,0,34,0,122,8,22,4
11893,4.37,Z,16,0,444,0,17,14,60,2,Z,22,0,205,0,0,20,89,0,0,6,0,-239,0,-17,6,29,-2
11894,10.44,T,77,11,515,0,25,237,133,0,Z,77,1,939,0,8,193,195,0,0,0,-10,424,0,-17,-44,62,0
11895,9.59,Z,41,0,670,0,2,157,154,3,T,86,8,435,0,27,333,60,4,1,45,8,-235,0,25,176,-94,1
11896,10.32,T,69,0,229,0,33,74,86,5,T,57,6,754,0,29,74,117,0,0,-12,6,525,0,-4,0,31,-5
11897,8.45,Z,64,2,887,0,34,154,202,0,T,75,2,312,0,77,228,102,4,1,11,0,-575,0,43,74,-100,4
11898,5.11,P,30,0,318,0,222,121,133,3,Z,25,8,608,1,45,79,85,0,0,-5,8,290,1,-177,-42,-48,-3
11899,3.06,T,15,0,144,0,308,43,80,6,T,10,0,116,0,1,15,27,3,1,-5,0,-28,0,-307,-28,-53,-3
11900,10,Z,95,8,648,0,1008,275,402,4,Z,96,11,459,1,531,315,373,10,0,1,3,-189,1,-477,40,-29,6
11901,9.56,T,126,0,559,0,612,419,253,13,P,88,0,816,0,257,446,138,15,0,-38,0,257,0,-355,27,-115,2
11902,9.26,P,54,0,574,0,221,166,70,12,T,48,1,738,0,2,224,89,2,0,-6,1,164,0,-219,58,19,-10
11903,6.35,P,36,0,184,0,22,60,47,1,T,35,3,293,0,55,271,67,9,1,-1,3,109,0,33,211,20,8
11904,9.59,Z,78,0,401,0,466,261,650,24,Z,73,8,380,0,638,360,339,5,1,-5,8,-21,0,172,99,-311,-19
11905,1.13,P,3,0,50,0,0,41,13,0,Z,7,0,15,0,27,6,47,0,0,4,0,-35,0,27,-35,34,0
11906,7.56,Z,40,0,278,0,27,153,131,4,P,37,0,455,0,0,69,85,0,0,-3,0,177,0,-27,-84,-46,-4
11907,9.59,T,68,0,481,0,19,187,136,2,T,91,6,755,0,237,245,213,3,1,23,6,274,0,218,58,77,1
11908,4,P,20,0,193,0,71,95,95,4,P,14,0,231,0,0,48,98,0,1,-6,0,38,0,-71,-47,3,-4
11909,3.43,T,18,0,309,0,30,43,35,4,P,16,1,58,0,4,50,24,2,1,-2,1,-251,0,-26,7,-11,-2
11910,5.4,P,25,0,146,0,17,123,68,3,P,20,0,210,0,5,100,24,0,1,-5,0,64,0,-12,-23,-44,-3
11911,4.37,Z,21,1,247,0,7,90,91,1,P,28,2,312,0,52,91,93,0,1,7,1,65,0,45,1,2,-1
11912,4.3,T,19,0,286,0,14,6,27,3,Z,13,1,258,0,11,37,48,0,1,-6,1,-28,0,-3,31,21,-3
11913,9.49,T,68,0,508,0,18,231,84,4,P,64,4,361,0,116,102,100,1,0,-4,4,-147,0,98,-129,16,-3
11914,10.28,T,100,0,475,0,3,325,116,1,T,82,6,582,0,39,276,127,1,1,-18,6,107,0,36,-49,11,0
11915,9.59,P,95,0,398,0,352,216,233,11,T,101,9,691,0,426,291,172,0,0,6,9,293,0,74,75,-61,-11
11916,9.58,T,63,0,338,0,17,205,79,5,T,37,3,573,0,5,210,75,0,1,-26,3,235,0,-12,5,-4,-5
11917,2.55,P,10,1,133,0,0,32,19,0,T,14,0,199,0,0,82,25,0,0,4,-1,66,0,0,50,6,0
11918,1.15,P,5,0,88,0,0,3,2,0,P,4,0,37,0,3,11,2,1,0,-1,0,-51,0,3,8,0,1
11919,9.59,T,50,8,777,0,39,125,85,2,T,60,0,827,0,12,224,166,4,0,10,-8,50,0,-27,99,81,2
11920,9.59,P,33,0,512,0,0,85,83,1,Z,33,7,537,0,22,209,129,0,1,0,7,25,0,22,124,46,-1
11921,7.28,T,81,0,379,0,216,133,86,4,P,47,0,501,0,7,243,121,1,0,-34,0,122,0,-209,110,35,-3
11922,1.22,Z,3,0,58,0,0,7,21,1,T,4,0,54,0,0,1,9,0,0,1,0,-4,0,0,-6,-12,-1
11923,8.26,Z,65,4,542,0,434,148,282,6,P,53,2,461,0,589,231,113,8,0,-12,-2,-81,0,155,83,-169,2
11924,9.57,T,55,10,587,0,38,67,59,0,P,42,2,309,0,11,104,67,0,0,-13,-8,-278,0,-27,37,8,0
11925,7.57,T,67,7,344,0,205,196,84,6,T,63,1,252,1,634,208,121,7,1,-4,-6,-92,1,429,12,37,1
11926,9.53,T,57,0,603,0,30,42,112,2,Z,74,0,536,0,35,177,531,4,0,17,0,-67,0,5,135,419,2
11927,7.3,Z,56,0,455,0,79,187,225,13,P,63,1,408,0,134,222,191,7,1,7,1,-47,0,55,35,-34,-6
11928,9.59,T,77,1,563,0,14,227,217,2,T,105,0,496,21,835,378,202,0,1,28,-1,-67,21,821,151,-15,-2
11929,4.51,T,23,0,310,0,0,33,41,0,Z,24,0,104,0,8,33,66,2,0,1,0,-206,0,8,0,25,2
11930,9.59,T,94,0,672,0,155,310,146,7,Z,46,0,613,0,47,139,216,2,0,-48,0,-59,0,-108,-171,70,-5
11931,9.59,Z,72,0,487,0,40,150,224,5,T,75,3,902,0,17,140,103,0,0,3,3,415,0,-23,-10,-121,-5
11932,6.54,T,67,3,335,0,494,147,154,5,Z,44,10,316,0,72,244,179,0,0,-23,7,-19,0,-422,97,25,-5
11933,5.4,Z,43,1,228,0,128,111,157,1,P,43,3,166,0,249,158,127,0,1,0,2,-62,0,121,47,-30,-1
11934,3.52,P,30,0,178,56,367,178,330,0,T,25,0,213,0,365,152,161,7,0,-5,0,35,-56,-2,-26,-169,7
11935,5.43,P,23,1,240,0,18,183,41,0,T,26,0,418,0,17,116,59,6,0,3,-1,178,0,-1,-67,18,6
11936,2.59,Z,7,1,136,0,1,14,34,0,T,11,2,278,0,6,20,13,0,0,4,1,142,0,5,6,-21,0
11937,4.11,T,21,2,117,0,311,35,60,8,Z,18,4,173,0,69,20,64,0,0,-3,2,56,0,-242,-15,4,-8
11938,6.17,Z,34,2,127,0,20,90,81,0,T,34,0,365,0,19,120,66,3,0,0,-2,238,0,-1,30,-15,3
11939,8.37,T,78,3,428,0,454,255,222,19,P,42,0,327,0,20,188,48,6,0,-36,-3,-101,0,-434,-67,-174,-13
11940,9.26,T,30,0,298,0,0,20,45,0,T,54,1,673,0,19,28,53,6,0,24,1,375,0,19,8,8,6
11941,9.59,T,79,3,653,0,48,177,69,4,P,65,0,858,0,12,91,104,6,0,-14,-3,205,0,-36,-86,35,2
11942,5.35,P,30,0,289,0,98,111,37,6,Z,35,4,344,0,34,68,82,3,0,5,4,55,0,-64,-43,45,-3
11943,9.56,Z,42,0,555,0,0,79,146,0,Z,38,0,517,0,34,119,136,0,0,-4,0,-38,0,34,40,-10,0
11944,8.03,P,25,0,243,0,11,75,49,4,P,39,2,337,0,10,97,53,0,0,14,2,94,0,-1,22,4,-4
11945,5.18,P,23,0,190,0,0,140,115,0,Z,12,0,376,0,42,166,107,4,1,-11,0,186,0,42,26,-8,4
11946,4.04,T,29,2,116,0,197,139,47,6,T,19,1,202,0,7,233,21,2,0,-10,-1,86,0,-190,94,-26,-4
11947,9.58,Z,59,8,726,0,45,207,181,3,T,97,8,539,0,410,286,162,1,0,38,0,-187,0,365,79,-19,-2
11948,0.44,T,0,0,1,0,0,17,11,0,T,8,0,106,0,55,21,23,2,1,8,0,105,0,55,4,12,2
11949,9.55,T,53,6,652,0,857,178,95,0,P,30,1,737,0,0,147,87,0,0,-23,-5,85,0,-857,-31,-8,0
11950,10.3,Z,81,1,833,0,71,231,209,0,P,56,3,878,0,17,295,85,0,1,-25,2,45,0,-54,64,-124,0
11951,5.17,T,29,0,204,0,158,98,53,8,T,55,0,397,0,31,173,49,9,1,26,0,193,0,-127,75,-4,1
11952,4.04,T,29,1,95,0,69,61,50,3,P,22,2,120,0,18,95,25,0,0,-7,1,25,0,-51,34,-25,-3
11953,7.34,T,40,0,553,0,8,148,83,8,P,30,6,521,0,11,80,44,0,0,-10,6,-32,0,3,-68,-39,-8
11954,9.59,P,64,2,619,0,20,185,84,9,T,69,0,500,0,0,174,126,0,0,5,-2,-119,0,-20,-11,42,-9
11955,9.59,Z,66,0,533,0,101,63,197,15,Z,48,1,354,0,24,170,217,0,1,-18,1,-179,0,-77,107,20,-15
11956,9.58,T,55,0,676,0,22,135,96,3,T,44,0,897,0,12,80,75,4,1,-11,0,221,0,-10,-55,-21,1
11957,3.27,P,8,2,183,0,27,99,32,4,P,13,1,127,0,0,68,41,0,0,5,-1,-56,0,-27,-31,9,-4
11958,9.36,T,66,10,434,0,27,173,197,3,Z,40,6,1081,0,59,33,119,0,0,-26,-4,647,0,32,-140,-78,-3
11959,9.59,T,73,5,988,0,24,195,91,2,Z,46,3,586,0,13,209,302,0,1,-27,-2,-402,0,-11,14,211,-2
11960,9.58,T,112,3,451,0,220,246,167,20,Z,59,5,261,0,33,179,386,1,0,-53,2,-190,0,-187,-67,219,-19
11961,7.37,P,17,0,177,0,0,195,15,0,T,54,5,572,0,93,168,102,2,1,37,5,395,0,93,-27,87,2
11962,10.58,T,55,0,649,0,21,233,151,3,T,78,2,547,0,352,411,143,8,1,23,2,-102,0,331,178,-8,5
11963,6.52,P,40,5,625,0,31,128,106,1,Z,40,2,552,0,62,114,144,3,0,0,-3,-73,0,31,-14,38,2
11964,9.59,T,45,0,597,0,0,80,80,0,T,54,2,718,0,9,66,80,0,1,9,2,121,0,9,-14,0,0
11965,9.15,T,112,0,430,0,533,286,274,13,P,129,0,493,0,353,325,122,17,1,17,0,63,0,-180,39,-152,4
11966,7.19,Z,45,1,404,0,108,146,143,1,T,71,0,317,0,20,233,114,7,0,26,-1,-87,0,-88,87,-29,6
11967,9.59,T,115,5,820,0,538,253,141,7,P,58,0,657,0,55,209,132,11,0,-57,-5,-163,0,-483,-44,-9,4
11968,9.58,T,54,0,348,0,40,94,76,10,Z,47,4,768,0,3,91,158,1,0,-7,4,420,0,-37,-3,82,-9
11969,9.59,P,33,4,220,0,1,66,64,0,Z,36,0,388,0,34,120,124,2,0,3,-4,168,0,33,54,60,2
11970,4.55,T,25,0,278,0,70,85,132,3,T,25,0,246,0,2,33,40,5,1,0,0,-32,0,-68,-52,-92,2
11971,9.59,P,87,0,364,0,243,339,165,22,T,84,0,904,0,112,235,156,15,0,-3,0,540,0,-131,-104,-9,-7
11972,8.32,Z,57,11,259,0,125,118,285,0,T,76,4,824,0,142,167,126,0,0,19,-7,565,0,17,49,-159,0
11973,6.18,P,42,0,293,0,77,298,46,8,P,24,0,155,0,139,193,55,7,0,-18,0,-138,0,62,-105,9,-1
11974,7.19,P,65,5,267,0,316,253,134,17,P,72,0,265,0,203,271,168,11,1,7,-5,-2,0,-113,18,34,-6
11975,9.15,P,53,0,522,0,37,131,106,5,P,37,0,635,0,23,171,109,3,1,-16,0,113,0,-14,40,3,-2
11976,8.01,T,61,1,636,0,59,95,127,0,Z,67,10,497,5,295,372,351,8,1,6,9,-139,5,236,277,224,8
11977,10.22,T,101,0,530,0,89,296,147,11,Z,49,1,836,0,24,133,170,4,0,-52,1,306,0,-65,-163,23,-7
11978,5.4,T,37,0,401,0,188,171,56,5,P,26,5,366,0,178,88,72,2,0,-11,5,-35,0,-10,-83,16,-3
11979,9.3,T,43,1,851,0,0,102,90,0,P,57,0,692,0,170,165,76,6,0,14,-1,-159,0,170,63,-14,6
11980,9.13,T,138,4,378,0,124,256,135,6,Z,51,0,463,12,84,234,167,2,0,-87,-4,85,12,-40,-22,32,-4
11981,4.21,Z,19,1,168,0,35,31,67,0,Z,19,0,170,0,37,103,121,7,0,0,-1,2,0,2,72,54,7
11982,9.59,P,42,0,427,0,0,286,144,0,Z,31,6,187,0,3,89,134,0,0,-11,6,-240,0,3,-197,-10,0
11983,9.3,Z,63,0,161,0,27,101,158,5,T,87,5,572,6,80,157,128,6,0,24,5,411,6,53,56,-30,1
11984,1.2,P,8,0,118,0,0,26,8,0,Z,6,0,49,0,8,33,25,1,1,-2,0,-69,0,8,7,17,1
11985,9.2,T,41,3,497,0,21,78,81,9,Z,48,5,302,1,608,82,153,0,1,7,2,-195,1,587,4,72,-9
11986,9.59,Z,73,11,523,0,372,308,334,17,Z,58,0,313,0,220,127,158,4,0,-15,-11,-210,0,-152,-181,-176,-13
11987,4.37,Z,17,2,239,0,65,76,74,3,T,25,5,287,0,412,157,55,1,1,8,3,48,0,347,81,-19,-2
11988,8.39,Z,53,2,411,0,256,318,223,11,Z,73,7,721,2,215,275,264,4,1,20,5,310,2,-41,-43,41,-7
11989,4.56,T,19,1,133,0,143,56,106,3,P,19,1,317,0,9,57,23,3,1,0,0,184,0,-134,1,-83,0
11990,4.49,Z,19,0,313,0,16,221,141,4,P,35,0,356,0,34,108,28,4,1,16,0,43,0,18,-113,-113,0
11991,1.01,P,2,0,29,0,0,9,3,0,P,3,0,37,0,81,24,2,6,0,1,0,8,0,81,15,-1,6
11992,9.59,T,65,6,433,0,25,93,88,0,T,73,0,441,0,67,212,108,11,1,8,-6,8,0,42,119,20,11
11993,7.45,Z,56,2,443,0,358,236,171,6,Z,65,3,280,0,530,221,249,8,0,9,1,-163,0,172,-15,78,2
11994,9.58,P,35,0,300,0,23,76,69,10,P,20,0,129,0,0,121,45,0,0,-15,0,-171,0,-23,45,-24,-10
11995,7.44,T,64,0,303,0,573,165,98,5,Z,50,4,347,0,41,161,189,1,0,-14,4,44,0,-532,-4,91,-4
11996,1.39,Z,6,0,41,0,3,25,18,3,P,7,1,68,0,116,21,33,0,0,1,1,27,0,113,-4,15,-3
11997,7.1,P,22,0,398,0,2,87,53,0,T,28,1,546,0,20,86,68,2,1,6,1,148,0,18,-1,15,2
11998,8.53,P,63,7,412,0,207,129,134,8,T,62,0,589,0,166,227,142,7,1,-1,-7,177,0,-41,98,8,-1
11999,9.59,Z,61,12,341,0,141,211,172,4,T,78,3,562,0,267,245,122,4,1,17,-9,221,0,126,34,-50,0
12000,3.31,P,16,0,84,0,47,70,66,4,T,20,0,476,0,357,103,33,5,0,4,0,392,0,310,33,-33,1
12001,9.59,P,132,0,455,0,383,434,147,22,Z,125,10,451,0,387,384,390,5,0,-7,10,-4,0,4,-50,243,-17
12002,7.59,T,55,0,210,0,1,135,95,0,P,43,1,164,0,6,135,79,1,0,-12,1,-46,0,5,0,-16,1
12003,8.04,Z,55,0,329,1,472,279,268,14,Z,89,1,446,0,150,257,265,12,1,34,1,117,-1,-322,-22,-3,-2
12004,3.52,T,29,0,204,0,229,110,119,6,Z,15,0,217,0,5,48,42,15,1,-14,0,13,0,-224,-62,-77,9
12005,9.59,Z,72,7,451,0,66,229,239,2,T,70,5,417,0,5,317,111,0,0,-2,-2,-34,0,-61,88,-128,-2
12006,9.59,T,27,0,478,0,0,97,71,0,T,14,0,657,0,1,126,60,1,0,-13,0,179,0,1,29,-11,1
12007,9.59,T,83,2,788,0,27,241,126,2,T,79,0,416,0,239,323,494,8,0,-4,-2,-372,0,212,82,368,6
12008,9.59,Z,44,0,426,0,0,286,224,0,P,49,2,657,0,10,212,90,0,1,5,2,231,0,10,-74,-134,0
12009,9.02,Z,68,0,510,0,143,157,323,9,T,83,2,519,0,256,267,111,10,1,15,2,9,0,113,110,-212,1
12010,10,P,45,2,492,0,20,177,88,0,Z,62,0,384,0,13,102,164,2,1,17,-2,-108,0,-7,-75,76,2
12011,7.46,T,56,0,396,16,371,168,120,0,P,45,5,528,0,14,91,77,4,1,-11,5,132,-16,-357,-77,-43,4
12012,9.38,T,95,3,252,0,196,218,132,14,T,108,2,499,0,755,219,151,10,0,13,-1,247,0,559,1,19,-4
12013,9.51,P,46,0,421,0,18,42,54,1,T,58,1,921,0,12,72,75,3,1,12,1,500,0,-6,30,21,2
12014,9.59,T,32,0,393,0,0,22,63,0,Z,47,2,95,0,32,90,127,4,1,15,2,-298,0,32,68,64,4
12015,6.22,Z,51,5,175,0,62,178,268,0,Z,38,0,298,0,95,193,197,2,1,-13,-5,123,0,33,15,-71,2
12016,6.07,T,27,0,282,0,116,102,36,7,Z,28,6,493,0,20,84,80,0,1,1,6,211,0,-96,-18,44,-7
12017,4,Z,23,3,132,0,26,124,73,4,Z,21,1,83,0,171,54,59,3,1,-2,-2,-49,0,145,-70,-14,-1
12018,8.24,Z,67,0,316,0,63,169,229,9,P,39,7,319,0,81,226,91,4,0,-28,7,3,0,18,57,-138,-5
12019,9.59,T,56,0,651,0,26,48,57,5,T,55,0,699,0,17,85,106,11,1,-1,0,48,0,-9,37,49,6
12020,9.59,Z,72,2,305,0,33,104,191,7,T,96,0,437,0,91,413,88,7,0,24,-2,132,0,58,309,-103,0
12021,4.58,T,44,0,347,0,161,61,98,12,T,32,0,441,0,17,85,65,3,0,-12,0,94,0,-144,24,-33,-9
12022,9.29,Z,60,7,649,0,327,130,199,5,P,78,3,361,0,431,332,81,12,1,18,-4,-288,0,104,202,-118,7
12023,9.58,Z,81,11,201,0,57,118,263,1,P,71,7,815,0,103,134,113,5,0,-10,-4,614,0,46,16,-150,4
12024,6.46,Z,31,7,479,0,31,49,145,0,Z,41,6,194,0,45,298,152,1,0,10,-1,-285,0,14,249,7,1
12025,4.48,P,19,0,164,0,3,100,26,4,T,27,3,228,0,70,63,27,1,1,8,3,64,0,67,-37,1,-3
12026,2.37,P,8,1,72,0,0,15,5,1,P,7,0,84,0,2,151,15,0,0,-1,-1,12,0,2,136,10,-1
12027,7.23,T,73,1,412,0,43,205,94,5,P,42,0,538,0,17,99,93,1,0,-31,-1,126,0,-26,-106,-1,-4
12028,9.59,T,95,0,523,0,94,329,232,10,T,109,2,745,0,203,298,126,6,0,14,2,222,0,109,-31,-106,-4
12029,9.59,Z,46,0,491,0,24,443,238,7,T,64,5,779,0,288,168,144,1,0,18,5,288,0,264,-275,-94,-6
12030,9.17,Z,31,0,822,0,14,101,121,1,T,31,0,549,0,1,98,48,2,0,0,0,-273,0,-13,-3,-73,1
12031,7.27,P,51,0,313,16,309,158,118,0,Z,56,8,377,0,114,117,171,2,0,5,8,64,-16,-195,-41,53,2
12032,8.3,T,78,0,400,16,449,319,297,10,T,92,6,366,0,701,224,156,21,1,14,6,-34,-16,252,-95,-141,11
12033,9.58,T,40,0,455,0,8,69,66,4,Z,56,0,972,0,0,56,161,0,1,16,0,517,0,-8,-13,95,-4
12034,3.36,T,20,2,76,0,16,25,38,0,T,17,0,120,0,467,78,79,17,1,-3,-2,44,0,451,53,41,17
12035,5.42,T,30,0,372,0,93,93,59,8,Z,24,7,221,0,26,14,69,0,0,-6,7,-151,0,-67,-79,10,-8
12036,6.33,T,46,0,604,0,104,126,54,5,P,36,2,366,0,7,121,49,0,0,-10,2,-238,0,-97,-5,-5,-5
12037,9.59,Z,66,1,296,0,108,254,217,3,P,64,5,566,0,24,165,118,2,1,-2,4,270,0,-84,-89,-99,-1
12038,8.24,T,52,0,464,0,379,172,75,3,Z,28,1,369,0,3,49,106,1,0,-24,1,-95,0,-376,-123,31,-2
12039,5.12,P,18,0,285,0,48,113,45,5,P,26,0,202,0,19,86,30,6,0,8,0,-83,0,-29,-27,-15,1
12040,7.5,P,42,1,583,0,126,204,100,7,P,21,0,505,0,0,26,32,0,0,-21,-1,-78,0,-126,-178,-68,-7
12041,9.59,T,73,0,824,0,1179,122,185,10,Z,90,2,563,0,134,246,368,6,1,17,2,-261,0,-1045,124,183,-4
12042,10.48,T,134,0,527,0,571,332,278,8,T,96,0,344,0,351,195,166,15,0,-38,0,-183,0,-220,-137,-112,7
12043,9.59,T,49,0,724,0,25,91,61,4,Z,62,0,343,0,14,132,216,2,1,13,0,-381,0,-11,41,155,-2
12044,9.59,T,96,0,795,0,196,132,223,21,T,76,0,533,0,174,299,262,8,0,-20,0,-262,0,-22,167,39,-13
12045,9.28,Z,58,7,513,0,96,280,218,5,P,47,9,826,0,46,130,64,0,0,-11,2,313,0,-50,-150,-154,-5
12046,9.59,T,111,3,475,0,191,214,218,14,P,76,1,774,0,11,293,188,1,0,-35,-2,299,0,-180,79,-30,-13
12047,9.59,Z,64,11,651,0,258,344,337,0,T,69,5,1091,0,150,240,158,0,0,5,-6,440,0,-108,-104,-179,0
12048,7.43,P,41,0,495,0,24,177,59,1,T,26,0,336,0,0,11,37,0,0,-15,0,-159,0,-24,-166,-22,-1
12049,8.21,Z,46,4,227,0,29,147,189,0,Z,70,15,362,5,117,246,288,9,0,24,11,135,5,88,99,99,9
12050,9.59,Z,47,0,363,0,64,81,177,6,P,78,16,474,0,76,246,87,2,1,31,16,111,0,12,165,-90,-4
12051,2.41,P,8,0,43,0,6,40,5,1,T,12,0,104,0,6,27,12,1,1,4,0,61,0,0,-13,7,0
12052,9.59,Z,55,1,882,0,21,86,168,1,T,84,2,1633,0,14,238,219,0,1,29,1,751,0,-7,152,51,-1
12053,6.48,P,38,0,320,0,26,227,53,2,T,31,0,289,0,0,106,89,2,0,-7,0,-31,0,-26,-121,36,0
12054,9.59,P,39,4,489,0,16,251,85,0,T,68,3,577,0,16,190,139,0,1,29,-1,88,0,0,-61,54,0
12055,10.33,T,75,0,659,0,5,237,236,7,P,72,0,691,0,67,275,88,17,0,-3,0,32,0,62,38,-148,10
12056,7.21,Z,45,12,290,5,36,222,191,1,P,67,6,331,9,79,232,118,1,0,22,-6,41,4,43,10,-73,0
12057,10.23,T,85,0,554,0,102,234,111,8,Z,72,0,909,0,305,266,266,10,0,-13,0,355,0,203,32,155,2
12058,8.32,Z,53,6,346,0,335,331,173,13,Z,75,4,489,0,437,195,253,10,1,22,-2,143,0,102,-136,80,-3
12059,3.48,P,31,0,237,0,146,131,40,8,T,20,0,183,0,234,81,146,6,0,-11,0,-54,0,88,-50,106,-2
12060,4.41,P,16,1,254,0,0,113,40,0,P,28,0,170,0,59,163,81,3,1,12,-1,-84,0,59,50,41,3
12061,5.05,T,26,0,188,0,6,48,48,4,Z,16,0,365,0,0,82,60,0,1,-10,0,177,0,-6,34,12,-4
12062,3.53,T,24,0,77,0,315,68,33,8,T,26,2,219,0,207,60,122,0,0,2,2,142,0,-108,-8,89,-8
12063,9.59,T,44,8,734,0,20,133,103,0,T,46,2,592,0,4,51,70,0,1,2,-6,-142,0,-16,-82,-33,0
12064,10.43,T,61,0,634,0,6,152,144,5,Z,23,0,604,0,0,122,116,0,0,-38,0,-30,0,-6,-30,-28,-5
12065,9.59,Z,52,8,348,0,43,54,178,2,T,67,10,916,0,82,130,93,0,0,15,2,568,0,39,76,-85,-2
12066,4.53,P,24,0,282,0,0,52,38,1,P,23,0,88,0,251,63,75,5,1,-1,0,-194,0,251,11,37,4
12067,9.56,T,57,0,330,1,19,63,84,4,P,50,4,397,0,83,190,84,4,0,-7,4,67,-1,64,127,0,0
12068,4.23,P,21,0,155,0,12,56,15,10,P,12,0,124,0,0,67,18,0,1,-9,0,-31,0,-12,11,3,-10
12069,5.32,T,36,3,266,0,49,162,58,1,P,41,5,193,0,107,132,132,1,1,5,2,-73,0,58,-30,74,0
12070,9.59,T,76,0,753,0,25,206,111,6,P,69,0,408,0,26,165,88,6,1,-7,0,-345,0,1,-41,-23,0
12071,4.52,Z,27,0,136,0,20,78,75,0,Z,30,7,141,0,36,98,81,2,0,3,7,5,0,16,20,6,2
12072,9.54,Z,61,0,609,12,106,205,283,1,T,91,2,522,26,96,234,209,8,0,30,2,-87,14,-10,29,-74,7
12073,6.03,Z,21,4,453,0,28,67,87,4,Z,25,0,235,0,5,45,79,1,1,4,-4,-218,0,-23,-22,-8,-3
12074,8.07,Z,40,0,322,0,39,77,131,1,P,41,1,560,0,6,83,55,0,1,1,1,238,0,-33,6,-76,-1
12075,7.54,T,27,0,455,0,0,148,80,0,Z,33,0,465,0,0,30,76,0,0,6,0,10,0,0,-118,-4,0
12076,2.4,Z,6,0,41,0,0,18,29,1,T,11,0,274,0,6,28,30,2,0,5,0,233,0,6,10,1,1
12077,6.03,Z,30,0,181,0,49,136,98,6,Z,25,7,462,0,26,35,84,2,1,-5,7,281,0,-23,-101,-14,-4
12078,9.19,T,106,8,1126,0,364,332,194,6,Z,62,0,706,0,92,158,275,3,1,-44,-8,-420,0,-272,-174,81,-3
12079,5.05,P,20,1,358,0,7,76,27,1,Z,24,4,89,0,35,62,85,1,0,4,3,-269,0,28,-14,58,0
12080,4.22,T,26,1,149,0,102,34,183,4,P,29,0,82,0,86,83,85,6,1,3,-1,-67,0,-16,49,-98,2
12081,9.57,P,83,0,451,0,21,211,134,10,T,78,2,426,0,632,105,162,5,1,-5,2,-25,0,611,-106,28,-5
12082,6.04,T,58,2,265,0,62,226,139,0,T,47,0,335,0,192,137,40,8,1,-11,-2,70,0,130,-89,-99,8
12083,4.26,Z,19,0,258,0,15,46,42,3,T,30,0,317,0,148,117,44,4,0,11,0,59,0,133,71,2,1
12084,1.58,P,11,0,51,0,51,106,24,2,P,12,0,54,0,118,33,57,6,1,1,0,3,0,67,-73,33,4
12085,1.26,T,2,0,87,0,0,17,3,0,P,4,0,53,0,0,15,7,0,0,2,0,-34,0,0,-2,4,0
12086,2.32,P,13,1,73,1,49,104,25,1,P,14,0,213,0,353,52,58,3,0,1,-1,140,-1,304,-52,33,2
12087,5.48,P,20,0,310,0,3,90,47,5,P,25,0,279,0,18,55,29,6,1,5,0,-31,0,15,-35,-18,1
12088,9.59,Z,44,0,597,0,15,123,143,5,T,72,0,527,0,9,151,113,1,0,28,0,-70,0,-6,28,-30,-4
12089,10.58,T,31,0,919,0,0,149,72,0,P,42,0,421,0,33,163,97,4,1,11,0,-498,0,33,14,25,4
12090,8.24,T,68,5,405,0,47,291,106,2,T,74,0,604,0,30,227,246,4,1,6,-5,199,0,-17,-64,140,2
12091,9.59,T,32,1,517,0,2,36,56,2,Z,46,2,796,0,32,97,185,1,0,14,1,279,0,30,61,129,-1
12092,7,P,33,0,461,0,139,188,72,11,Z,39,0,958,0,71,60,142,3,1,6,0,497,0,-68,-128,70,-8
12093,8.3,T,58,1,593,0,25,79,135,9,T,39,0,710,0,91,69,68,5,0,-19,-1,117,0,66,-10,-67,-4
12094,4.18,T,18,0,179,0,0,89,41,0,T,28,0,157,0,0,49,74,0,1,10,0,-22,0,0,-40,33,0
12095,10.17,T,95,0,542,0,202,266,188,8,Z,66,8,636,0,47,353,247,1,0,-29,8,94,0,-155,87,59,-7
12096,8.49,T,122,0,437,0,541,422,139,12,Z,34,0,416,0,311,254,168,2,0,-88,0,-21,0,-230,-168,29,-10
12097,9.58,T,70,0,669,0,74,215,135,5,Z,47,6,452,0,59,63,138,0,1,-23,6,-217,0,-15,-152,3,-5
12098,10.48,T,103,0,279,0,566,265,154,9,Z,89,0,693,31,112,257,272,1,0,-14,0,414,31,-454,-8,118,-8
12099,7.41,Z,29,11,218,0,90,123,177,0,T,51,4,393,0,78,169,98,4,1,22,-7,175,0,-12,46,-79,4
12100,10.17,P,110,0,431,0,282,279,140,9,P,82,0,485,0,631,345,184,14,0,-28,0,54,0,349,66,44,5
12101,9.59,Z,95,5,434,4,271,295,416,18,Z,74,7,614,0,34,160,201,1,0,-21,2,180,-4,-237,-135,-215,-17
12102,4.21,Z,14,0,115,0,2,25,64,2,Z,16,5,248,0,271,68,68,0,0,2,5,133,0,269,43,4,-2
12103,5.26,Z,31,1,466,0,113,191,145,4,Z,21,0,174,0,18,85,109,3,1,-10,-1,-292,0,-95,-106,-36,-1
12104,6.09,P,31,0,199,0,7,54,23,3,T,42,2,593,0,35,72,42,5,1,11,2,394,0,28,18,19,2
12105,0.21,T,2,1,64,0,1,9,3,0,T,0,0,0,0,0,0,1,0,0,-2,-1,-64,0,-1,-9,-2,0
12106,9.59,Z,64,8,658,0,75,208,194,5,T,84,6,774,0,82,150,91,8,1,20,-2,116,0,7,-58,-103,3
12107,4.03,Z,20,1,108,0,18,134,51,6,Z,18,3,62,0,9,49,46,0,0,-2,2,-46,0,-9,-85,-5,-6
12108,9.58,T,51,4,578,0,18,83,78,0,P,57,0,500,0,9,151,73,4,1,6,-4,-78,0,-9,68,-5,4
12109,5.57,T,31,0,309,0,2,81,61,0,T,53,4,340,0,111,139,37,1,1,22,4,31,0,109,58,-24,1
12110,7.41,T,58,0,403,0,66,150,59,7,T,71,5,314,0,290,228,143,8,1,13,5,-89,0,224,78,84,1
12111,7.3,P,23,0,282,0,2,22,54,3,Z,32,7,147,0,72,89,147,0,0,9,7,-135,0,70,67,93,-3
12112,8.1,P,44,0,364,0,262,286,51,8,Z,36,4,523,0,38,170,148,1,1,-8,4,159,0,-224,-116,97,-7
12113,8.58,P,59,0,788,0,30,305,100,4,T,58,4,651,0,44,314,78,0,0,-1,4,-137,0,14,9,-22,-4
12114,10,Z,70,0,464,0,62,166,206,10,Z,60,12,382,0,338,222,295,3,0,-10,12,-82,0,276,56,89,-7
12115,7.4,Z,40,0,416,0,15,33,120,2,T,31,0,468,0,11,50,69,4,0,-9,0,52,0,-4,17,-51,2
12116,5.17,Z,23,0,357,0,28,29,72,2,P,24,1,116,0,1,74,39,0,0,1,1,-241,0,-27,45,-33,-2
12117,9.59,T,65,3,585,0,33,341,148,5,T,51,8,731,0,56,252,114,5,0,-14,5,146,0,23,-89,-34,0
12118,9.59,T,78,1,925,0,22,296,247,4,Z,85,0,399,0,48,119,237,7,1,7,-1,-526,0,26,-177,-10,3
12119,9.18,P,51,0,331,0,5,169,77,7,P,57,1,694,0,9,168,116,0,0,6,1,363,0,4,-1,39,-7
12120,8.23,Z,93,0,300,0,479,298,249,11,T,129,0,385,0,625,223,185,13,1,36,0,85,0,146,-75,-64,2
12121,3.44,P,15,0,247,0,0,11,15,0,T,16,0,353,0,7,47,76,4,0,1,0,106,0,7,36,61,4
12122,5.11,T,26,1,231,0,127,121,120,2,P,15,1,88,0,1,110,49,0,1,-11,0,-143,0,-126,-11,-71,-2
12123,9.59,Z,57,3,264,0,9,192,203,0,P,61,0,594,0,52,210,83,2,1,4,-3,330,0,43,18,-120,2
12124,6.1,T,41,2,238,1,53,146,57,7,T,36,1,343,0,0,113,106,0,0,-5,-1,105,-1,-53,-33,49,-7
12125,2.28,P,9,1,76,0,10,45,13,0,P,5,0,109,0,10,25,9,4,1,-4,-1,33,0,0,-20,-4,4
12126,9.58,T,87,7,764,0,50,249,117,2,T,76,0,946,0,35,140,69,2,0,-11,-7,182,0,-15,-109,-48,0
12127,10.14,P,69,0,611,0,32,303,53,5,Z,68,7,446,1,750,272,350,5,0,-1,7,-165,1,718,-31,297,0
12128,6.49,T,54,8,517,0,88,121,64,0,Z,39,2,213,0,105,110,200,5,0,-15,-6,-304,0,17,-11,136,5
12129,9.59,Z,47,0,463,0,6,159,175,3,P,29,0,748,0,0,110,58,0,0,-18,0,285,0,-6,-49,-117,-3
12130,5.27,T,36,2,512,0,331,66,32,2,Z,26,0,338,0,186,210,228,4,0,-10,-2,-174,0,-145,144,196,2
12131,8.26,T,76,4,545,0,48,146,96,0,P,76,6,305,0,181,247,170,7,1,0,2,-240,0,133,101,74,7
12132,5.03,Z,26,6,195,0,457,89,165,0,P,29,0,185,0,273,102,98,4,1,3,-6,-10,0,-184,13,-67,4
12133,6.32,P,32,1,354,0,23,180,82,6,P,38,0,355,0,11,151,67,2,1,6,-1,1,0,-12,-29,-15,-4
12134,9.59,Z,33,0,458,0,47,132,182,1,Z,63,0,710,0,41,170,206,21,0,30,0,252,0,-6,38,24,20
12135,6.53,T,55,1,326,0,231,241,64,3,T,70,0,351,0,6,179,203,6,1,15,-1,25,0,-225,-62,139,3
12136,4.5,T,30,0,226,0,141,96,72,4,Z,20,0,218,0,268,95,56,4,1,-10,0,-8,0,127,-1,-16,0
12137,6.2,T,51,0,225,0,209,122,47,21,T,58,3,330,0,486,142,90,1,1,7,3,105,0,277,20,43,-20
12138,9.57,Z,63,0,319,0,58,75,168,6,T,72,3,741,0,22,219,106,6,1,9,3,422,0,-36,144,-62,0
12139,9.59,T,66,0,363,0,0,85,97,6,P,54,0,286,0,9,58,87,4,0,-12,0,-77,0,9,-27,-10,-2
12140,6.2,P,31,0,411,0,19,162,63,3,P,29,1,164,0,9,103,54,5,0,-2,1,-247,0,-10,-59,-9,2
12141,9.59,Z,43,0,749,1,11,181,223,4,P,58,0,499,0,104,241,125,6,1,15,0,-250,-1,93,60,-98,2
12142,8.28,Z,54,0,486,0,359,78,270,6,P,36,0,606,0,22,134,76,4,0,-18,0,120,0,-337,56,-194,-2
12143,9.59,P,67,0,418,0,317,328,104,14,T,80,0,699,0,17,157,109,4,0,13,0,281,0,-300,-171,5,-10
12144,9.58,T,77,6,737,0,63,241,120,0,Z,68,0,609,0,183,213,201,7,1,-9,-6,-128,0,120,-28,81,7
12145,6.04,T,51,0,400,0,33,125,63,4,Z,26,2,278,0,28,47,80,2,0,-25,2,-122,0,-5,-78,17,-2
12146,6.57,T,42,1,549,0,278,166,83,3,Z,32,2,238,0,140,60,230,0,0,-10,1,-311,0,-138,-106,147,-3
12147,9.59,T,55,0,631,0,43,164,91,7,Z,53,0,285,0,33,82,154,2,1,-2,0,-346,0,-10,-82,63,-5
12148,9.48,P,45,4,698,0,12,53,48,4,Z,51,0,517,0,44,57,148,2,0,6,-4,-181,0,32,4,100,-2
12149,5.1,T,36,0,299,0,14,75,165,6,Z,22,0,134,0,1,27,95,1,0,-14,0,-165,0,-13,-48,-70,-5
12150,9.42,T,96,6,388,0,461,234,123,3,Z,68,0,830,0,41,240,207,7,1,-28,-6,442,0,-420,6,84,4
12151,9.5,T,98,9,1191,0,46,274,176,8,Z,41,0,929,0,26,98,152,1,0,-57,-9,-262,0,-20,-176,-24,-7
12152,6.42,T,36,0,735,0,47,172,110,4,P,27,3,602,0,9,194,48,0,1,-9,3,-133,0,-38,22,-62,-4
12153,9.52,Z,36,0,622,0,5,59,135,2,Z,54,7,478,14,131,191,213,0,1,18,7,-144,14,126,132,78,-2
12154,5.52,T,43,2,252,0,224,76,78,2,P,51,0,285,9,99,233,65,0,0,8,-2,33,9,-125,157,-13,-2
12155,9.58,Z,47,1,1111,0,31,146,170,1,T,62,0,414,0,93,128,77,4,0,15,-1,-697,0,62,-18,-93,3
12156,9.59,T,103,0,729,0,102,428,110,22,T,121,3,460,0,553,246,170,4,1,18,3,-269,0,451,-182,60,-18
12157,2.26,T,9,2,94,0,88,118,23,2,Z,8,0,156,0,0,8,29,0,0,-1,-2,62,0,-88,-110,6,-2
12158,4.13,Z,12,0,206,0,9,17,44,1,T,20,0,99,0,0,25,33,0,1,8,0,-107,0,-9,8,-11,-1
12159,9.58,T,59,0,489,0,0,266,98,0,P,56,0,582,0,0,132,89,0,0,-3,0,93,0,0,-134,-9,0
12160,10.18,Z,109,0,507,70,605,194,515,0,P,118,5,946,0,930,360,127,9,1,9,5,439,-70,325,166,-388,9
12161,9.59,T,48,0,216,6,35,56,66,0,P,41,0,289,0,0,49,59,0,1,-7,0,73,-6,-35,-7,-7,0
12162,9.59,T,60,1,332,0,9,244,121,0,T,22,0,543,0,205,277,91,3,0,-38,-1,211,0,196,33,-30,3
12163,6.17,Z,34,2,298,3,77,246,158,10,Z,48,3,240,0,405,234,149,9,1,14,1,-58,-3,328,-12,-9,-1
12164,9.57,T,85,0,799,0,188,216,99,6,Z,64,8,531,0,38,171,262,0,1,-21,8,-268,0,-150,-45,163,-6
12165,8.31,Z,35,0,577,0,0,98,141,0,Z,41,1,535,0,32,61,104,6,1,6,1,-42,0,32,-37,-37,6
12166,9.59,Z,72,0,376,0,414,306,352,7,T,78,0,518,0,34,157,135,11,1,6,0,142,0,-380,-149,-217,4
12167,4.16,Z,24,1,102,0,43,36,79,2,P,20,0,152,0,9,153,13,3,0,-4,-1,50,0,-34,117,-66,1
12168,4.47,T,39,2,272,0,236,143,109,5,P,30,0,255,0,17,164,90,3,1,-9,-2,-17,0,-219,21,-19,-2
12169,6.34,T,59,1,226,0,112,286,77,4,P,38,1,239,0,290,189,146,4,0,-21,0,13,0,178,-97,69,0
12170,2.24,Z,6,0,79,0,51,27,125,0,Z,7,2,81,0,1,70,27,0,1,1,2,2,0,-50,43,-98,0
12171,10.42,T,56,0,819,0,41,74,76,8,P,27,0,251,0,3,50,40,3,0,-29,0,-568,0,-38,-24,-36,-5
12172,9.59,T,104,0,481,0,90,352,320,9,Z,66,3,541,0,394,398,240,8,1,-38,3,60,0,304,46,-80,-1
12173,10.25,T,84,0,467,0,44,158,123,3,Z,54,6,1103,0,36,316,222,1,1,-30,6,636,0,-8,158,99,-2
12174,10.32,P,71,10,636,0,758,349,57,11,Z,66,5,421,0,46,172,165,5,0,-5,-5,-215,0,-712,-177,108,-6
12175,9.57,Z,70,2,318,0,28,262,196,2,Z,94,9,615,0,157,236,346,10,1,24,7,297,0,129,-26,150,8
12176,6.25,Z,31,0,347,0,124,116,193,3,Z,37,6,288,0,519,194,200,5,0,6,6,-59,0,395,78,7,2
12177,10.48,T,71,0,868,0,48,212,113,7,Z,54,0,640,0,19,301,202,3,0,-17,0,-228,0,-29,89,89,-4
12178,8.31,P,27,0,254,0,0,46,42,0,P,32,0,766,0,9,77,66,3,1,5,0,512,0,9,31,24,3
12179,6.43,P,62,3,320,0,102,151,175,3,P,40,1,272,0,19,164,120,10,0,-22,-2,-48,0,-83,13,-55,7
12180,10.54,Z,54,3,424,0,66,209,327,6,Z,57,8,634,0,22,198,217,3,1,3,5,210,0,-44,-11,-110,-3
12181,9.58,Z,62,0,565,0,3,91,173,2,Z,58,1,499,0,697,175,201,8,0,-4,1,-66,0,694,84,28,6
12182,6.22,T,45,0,246,0,100,59,62,8,P,23,0,266,0,1,36,34,2,0,-22,0,20,0,-99,-23,-28,-6
12183,8.59,Z,51,3,198,0,54,53,91,2,T,56,0,626,0,34,199,100,8,1,5,-3,428,0,-20,146,9,6
12184,5.29,P,15,1,373,0,13,54,47,0,T,31,2,180,0,10,70,51,2,0,16,1,-193,0,-3,16,4,2
12185,10.37,P,94,0,515,0,225,288,176,12,T,94,9,1240,0,427,314,252,2,0,0,9,725,0,202,26,76,-10
12186,8.25,Z,33,0,299,0,13,147,157,5,Z,43,5,256,0,91,190,190,4,1,10,5,-43,0,78,43,33,-1
12187,10.34,T,83,0,651,0,805,296,121,24,P,71,4,536,0,32,217,93,2,1,-12,4,-115,0,-773,-79,-28,-22
12188,7.54,Z,32,0,527,0,12,24,103,10,Z,35,3,368,0,1,54,124,0,0,3,3,-159,0,-11,30,21,-10
12189,9.59,T,105,0,514,0,390,420,195,20,T,89,0,356,0,461,417,159,20,0,-16,0,-158,0,71,-3,-36,0
12190,8,P,40,5,246,0,25,159,49,2,T,37,3,559,0,14,85,95,2,0,-3,-2,313,0,-11,-74,46,0
12191,5.35,Z,28,4,410,0,324,79,81,0,T,30,9,128,0,31,85,39,1,0,2,5,-282,0,-293,6,-42,1
12192,7.37,Z,52,0,363,0,160,224,300,7,Z,31,5,236,0,38,343,219,4,0,-21,5,-127,0,-122,119,-81,-3
12193,8.5,Z,66,10,526,0,218,178,254,2,Z,59,1,418,0,23,253,195,13,0,-7,-9,-108,0,-195,75,-59,11
12194,9.43,Z,81,17,550,0,288,428,358,7,Z,95,0,488,0,81,388,251,4,1,14,-17,-62,0,-207,-40,-107,-3
12195,8.3,T,57,9,441,0,208,152,71,0,T,59,9,284,0,27,69,82,0,0,2,0,-157,0,-181,-83,11,0
12196,3.04,T,24,0,139,0,407,71,103,12,P,24,0,119,0,174,215,82,3,0,0,0,-20,0,-233,144,-21,-9
12197,2.19,Z,11,0,18,0,0,13,62,0,P,10,1,122,0,0,34,14,0,0,-1,1,104,0,0,21,-48,0
12198,9.59,Z,43,4,815,0,54,204,192,0,T,40,1,625,0,0,154,79,0,0,-3,-3,-190,0,-54,-50,-113,0
12199,3.18,P,19,0,179,10,157,97,42,0,P,15,3,347,0,29,35,14,0,1,-4,3,168,-10,-128,-62,-28,0
12200,9.4,P,49,0,611,0,67,256,172,17,P,91,9,390,0,334,333,154,12,1,42,9,-221,0,267,77,-18,-5
12201,0.49,Z,2,0,19,0,7,9,32,2,T,2,0,45,0,0,15,6,0,0,0,0,26,0,-7,6,-26,-2
12202,9.59,T,78,0,568,0,18,212,119,9,Z,44,9,437,0,31,179,117,1,1,-34,9,-131,0,13,-33,-2,-8
12203,6.33,T,58,4,234,0,165,146,75,7,P,32,1,380,0,27,68,39,2,0,-26,-3,146,0,-138,-78,-36,-5
12204,9.58,T,104,3,482,0,210,184,341,6,Z,115,0,958,0,682,270,330,30,1,11,-3,476,0,472,86,-11,24
12205,7.42,Z,59,0,362,46,173,200,303,0,T,83,2,380,0,454,186,122,4,1,24,2,18,-46,281,-14,-181,4
12206,3.19,P,8,0,161,0,3,49,21,3,P,14,0,176,0,3,67,28,2,1,6,0,15,0,0,18,7,-1
12207,6.43,T,46,3,552,0,233,162,78,4,T,33,0,462,0,121,144,70,8,1,-13,-3,-90,0,-112,-18,-8,4
12208,6.14,P,31,1,587,0,17,77,30,2,Z,30,0,233,0,225,70,170,11,0,-1,-1,-354,0,208,-7,140,9
12209,7.18,T,44,4,607,0,61,131,109,3,T,76,5,213,0,334,185,64,7,1,32,1,-394,0,273,54,-45,4
12210,8.21,T,70,10,629,1,50,252,125,1,T,70,0,537,0,4,269,119,3,1,0,-10,-92,-1,-46,17,-6,2
12211,5.32,P,27,0,262,0,0,125,30,0,T,46,0,158,0,59,193,158,3,1,19,0,-104,0,59,68,128,3
12212,5.51,T,51,0,308,0,102,160,104,4,P,40,0,295,0,313,147,84,7,0,-11,0,-13,0,211,-13,-20,3
12213,4.52,Z,27,6,205,0,166,85,189,5,P,44,1,165,0,59,230,29,15,0,17,-5,-40,0,-107,145,-160,10
12214,3.09,P,28,0,120,0,156,75,52,7,T,13,0,164,0,197,30,29,11,1,-15,0,44,0,41,-45,-23,4
12215,10.57,Z,37,2,715,1,20,167,137,0,P,45,0,1231,0,8,77,87,1,0,8,-2,516,-1,-12,-90,-50,1
12216,8.5,Z,49,2,550,0,39,254,213,8,Z,44,0,522,0,0,80,160,0,0,-5,-2,-28,0,-39,-174,-53,-8
12217,5.56,P,35,6,484,0,27,95,39,0,Z,19,3,504,0,123,77,97,10,0,-16,-3,20,0,96,-18,58,10
12218,6.38,P,24,3,275,0,89,82,70,1,T,35,0,478,0,0,38,64,1,1,11,-3,203,0,-89,-44,-6,0
12219,3.44,P,16,2,85,0,201,45,111,0,P,9,3,129,0,25,33,27,3,0,-7,1,44,0,-176,-12,-84,3
12220,6.42,T,45,0,291,0,2,82,227,2,P,47,1,272,0,162,337,168,8,1,2,1,-19,0,160,255,-59,6
12221,9.59,T,93,5,759,0,145,166,286,9,T,65,0,841,0,50,169,60,4,0,-28,-5,82,0,-95,3,-226,-5
12222,2.58,T,11,2,91,0,34,59,24,1,Z,9,1,165,0,13,21,33,0,0,-2,-1,74,0,-21,-38,9,-1
12223,9.46,Z,66,0,570,0,471,249,308,17,P,84,1,638,5,69,181,101,0,1,18,1,68,5,-402,-68,-207,-17
12224,7.38,P,72,0,489,0,352,262,129,14,Z,30,0,156,0,20,75,118,0,0,-42,0,-333,0,-332,-187,-11,-14
12225,9.59,Z,73,14,620,2,310,328,279,19,Z,89,2,338,0,439,223,306,13,0,16,-12,-282,-2,129,-105,27,-6
12226,9.59,T,103,0,835,0,143,295,119,9,Z,84,0,418,0,153,247,246,14,0,-19,0,-417,0,10,-48,127,5
12227,5.41,P,40,0,456,0,34,154,43,9,Z,30,0,381,0,418,98,91,10,0,-10,0,-75,0,384,-56,48,1
12228,10.44,Z,61,10,381,0,117,69,183,0,P,62,17,465,0,554,177,70,0,0,1,7,84,0,437,108,-113,0
12229,3.21,Z,28,0,40,0,2,26,56,0,T,18,0,112,0,88,60,66,1,0,-10,0,72,0,86,34,10,1
12230,7.33,P,47,4,378,0,311,149,102,1,T,45,0,210,0,19,79,57,2,0,-2,-4,-168,0,-292,-70,-45,1
12231,8.12,Z,58,0,458,0,45,207,269,10,T,59,0,548,0,96,205,70,8,1,1,0,90,0,51,-2,-199,-2
12232,2.14,Z,8,0,109,0,6,31,68,3,Z,8,0,114,0,138,5,29,2,1,0,0,5,0,132,-26,-39,-1
12233,6.22,T,43,2,365,0,1,151,128,0,P,32,0,560,0,368,177,49,10,0,-11,-2,195,0,367,26,-79,10
12234,3.26,Z,16,0,204,0,30,81,62,1,Z,17,3,54,0,288,49,37,5,1,1,3,-150,0,258,-32,-25,4
12235,9.59,T,37,4,465,0,194,252,150,3,Z,59,5,619,0,49,188,154,8,1,22,1,154,0,-145,-64,4,5
12236,9.59,Z,40,0,998,0,2,125,150,1,T,57,1,679,0,1,29,86,0,0,17,1,-319,0,-1,-96,-64,-1
12237,9.58,Z,41,2,726,0,109,259,241,0,T,78,5,519,0,108,242,170,7,1,37,3,-207,0,-1,-17,-71,7
12238,5.17,P,19,5,538,0,24,93,33,3,T,45,1,260,0,434,68,176,7,1,26,-4,-278,0,410,-25,143,4
12239,9.59,T,66,5,684,0,18,199,92,7,T,57,5,889,0,428,176,163,0,1,-9,0,205,0,410,-23,71,-7
12240,5.1,Z,20,2,337,0,14,14,56,1,Z,21,0,270,0,4,21,86,1,0,1,-2,-67,0,-10,7,30,0
12241,9.47,Z,57,0,593,0,61,53,193,4,P,88,0,389,0,90,225,203,10,0,31,0,-204,0,29,172,10,6
12242,9.59,Z,104,2,718,0,211,263,360,3,T,84,5,457,0,22,176,145,4,1,-20,3,-261,0,-189,-87,-215,1
12243,10.39,T,108,0,866,0,929,247,123,7,Z,83,0,648,0,213,303,241,16,0,-25,0,-218,0,-716,56,118,9
12244,9.55,P,67,4,339,0,50,128,64,4,T,52,6,974,3,26,131,117,0,1,-15,2,635,3,-24,3,53,-4
12245,9.54,P,43,3,545,0,1,176,73,0,P,34,6,437,0,11,183,71,2,1,-9,3,-108,0,10,7,-2,2
12246,9.14,Z,66,4,280,0,89,449,191,16,Z,71,11,463,0,449,334,231,1,0,5,7,183,0,360,-115,40,-15
12247,3.22,T,18,4,72,0,4,33,33,1,T,16,0,213,0,0,27,22,0,0,-2,-4,141,0,-4,-6,-11,-1
12248,7.31,T,111,6,308,0,549,245,120,9,Z,56,0,270,7,177,135,173,3,1,-55,-6,-38,7,-372,-110,53,-6
12249,10.19,T,89,4,728,0,66,175,130,0,P,54,2,830,0,42,205,119,2,0,-35,-2,102,0,-24,30,-11,2
12250,1.16,T,4,0,32,0,0,12,47,1,Z,5,0,13,0,127,20,35,4,1,1,0,-19,0,127,8,-12,3
12251,9.59,Z,68,4,658,0,64,175,198,1,T,114,0,465,0,80,224,169,11,1,46,-4,-193,0,16,49,-29,10
12252,9.27,T,72,2,476,0,42,218,82,2,Z,56,3,743,0,49,74,200,1,0,-16,1,267,0,7,-144,118,-1
12253,8.02,Z,41,1,335,0,13,207,120,1,T,47,0,394,0,2,63,103,1,0,6,-1,59,0,-11,-144,-17,0
12254,9.59,P,48,0,262,0,44,126,64,7,Z,48,0,433,0,6,195,177,5,1,0,0,171,0,-38,69,113,-2
12255,5.01,Z,26,2,210,0,39,62,85,3,Z,33,0,313,0,161,83,111,9,1,7,-2,103,0,122,21,26,6
12256,6.46,T,30,0,151,0,12,18,38,3,Z,19,0,554,0,0,53,92,0,1,-11,0,403,0,-12,35,54,-3
12257,5.23,Z,21,0,193,0,21,21,59,7,P,23,0,71,0,19,55,22,6,1,2,0,-122,0,-2,34,-37,-1
12258,9.03,P,70,9,345,0,81,214,92,14,Z,57,8,489,4,943,165,269,0,1,-13,-1,144,4,862,-49,177,-14
12259,10.58,Z,73,7,594,0,124,272,289,5,T,113,0,614,0,299,218,182,14,1,40,-7,20,0,175,-54,-107,9
12260,9.4,Z,85,0,450,0,52,100,187,4,T,105,8,558,0,512,361,204,12,1,20,8,108,0,460,261,17,8
12261,6.45,Z,35,3,554,0,45,57,115,2,T,45,3,510,0,85,126,40,5,0,10,0,-44,0,40,69,-75,3
12262,3.12,P,18,0,171,0,11,57,22,4,P,14,3,109,0,26,43,57,0,1,-4,3,-62,0,15,-14,35,-4
12263,7.16,Z,38,6,305,0,31,100,206,0,Z,29,1,286,0,14,51,83,1,0,-9,-5,-19,0,-17,-49,-123,1
12264,8.27,Z,39,0,654,0,41,89,114,1,P,31,0,543,0,0,58,37,0,0,-8,0,-111,0,-41,-31,-77,-1
12265,9.59,Z,63,15,573,0,466,343,215,8,Z,62,6,479,0,46,393,329,5,1,-1,-9,-94,0,-420,50,114,-3
12266,1.44,P,8,0,27,15,22,33,28,0,P,7,0,135,0,9,59,31,1,0,-1,0,108,-15,-13,26,3,1
12267,7.39,T,57,0,481,0,18,114,146,2,P,59,3,444,0,65,402,88,6,1,2,3,-37,0,47,288,-58,4
12268,2.28,P,7,0,81,0,43,116,12,3,T,5,0,161,0,0,6,8,0,1,-2,0,80,0,-43,-110,-4,-3
12269,0,Z,0,0,1,0,0,0,0,0,P,7,1,140,0,8,44,13,0,1,7,1,139,0,8,44,13,0
12270,6.49,P,38,1,333,0,286,110,111,15,T,38,2,229,0,543,250,199,8,1,0,1,-104,0,257,140,88,-7
12271,5.05,P,22,0,169,0,29,76,39,3,P,21,0,323,0,0,87,52,0,0,-1,0,154,0,-29,11,13,-3
12272,4.19,T,26,1,170,0,0,101,183,0,T,30,0,116,0,16,73,122,4,0,4,-1,-54,0,16,-28,-61,4
12273,4.35,Z,16,0,310,0,19,58,139,1,P,22,0,200,0,16,95,28,4,0,6,0,-110,0,-3,37,-111,3
12274,9.59,P,37,0,604,0,0,90,53,0,Z,44,7,688,0,23,43,125,0,1,7,7,84,0,23,-47,72,0
12275,4.49,Z,34,2,168,0,143,205,178,4,Z,26,0,238,0,183,102,121,7,0,-8,-2,70,0,40,-103,-57,3
12276,6.25,T,29,1,476,0,11,70,46,1,T,43,2,347,0,21,80,50,4,1,14,1,-129,0,10,10,4,3
12277,9.59,Z,83,2,825,0,51,308,239,6,T,77,6,662,0,359,229,107,5,0,-6,4,-163,0,308,-79,-132,-1
12278,7.11,P,33,3,527,0,10,132,94,3,Z,43,2,215,0,79,76,129,2,1,10,-1,-312,0,69,-56,35,-1
12279,8.07,Z,39,4,264,0,498,187,289,7,T,62,0,694,0,34,107,93,5,0,23,-4,430,0,-464,-80,-196,-2
12280,10.35,Z,58,2,646,0,18,183,167,0,P,86,3,737,0,6,185,86,1,1,28,1,91,0,-12,2,-81,1
12281,9.58,P,43,0,687,3,6,229,102,0,T,35,0,378,0,3,113,70,0,1,-8,0,-309,-3,-3,-116,-32,0
12282,6.31,T,55,0,306,0,445,80,164,4,T,44,0,315,0,218,101,97,4,0,-11,0,9,0,-227,21,-67,0
12283,9.59,T,53,3,427,0,25,70,72,0,P,33,0,277,0,8,44,44,3,1,-20,-3,-150,0,-17,-26,-28,3
12284,8.35,T,90,7,309,0,677,353,131,5,P,112,1,594,0,153,402,131,11,0,22,-6,285,0,-524,49,0,6
12285,6.21,T,39,0,336,0,56,128,96,3,T,40,0,317,0,267,158,111,5,1,1,0,-19,0,211,30,15,2
12286,6.01,Z,25,0,243,0,2,16,91,2,T,25,0,281,0,113,22,62,10,1,0,0,38,0,111,6,-29,8
12287,3.58,T,18,1,135,0,0,66,35,0,T,22,1,170,0,152,78,38,2,0,4,0,35,0,152,12,3,2
12288,9.58,T,54,1,588,0,3,291,72,0,P,60,1,655,0,7,197,85,0,1,6,0,67,0,4,-94,13,0
12289,8.46,P,56,0,639,0,8,235,67,3,Z,56,3,303,0,247,216,154,6,1,0,3,-336,0,239,-19,87,3
12290,9.55,T,87,6,564,0,118,213,133,0,T,85,5,573,0,871,179,108,4,0,-2,-1,9,0,753,-34,-25,4
12291,10.33,T,58,0,558,0,21,110,119,4,T,103,0,788,0,31,272,96,6,1,45,0,230,0,10,162,-23,2
12292,9.59,Z,81,0,379,0,98,99,294,5,T,90,3,522,0,287,308,164,3,0,9,3,143,0,189,209,-130,-2
12293,8.38,T,70,0,526,0,548,169,190,11,P,51,0,625,0,28,125,71,2,1,-19,0,99,0,-520,-44,-119,-9
12294,4.15,P,20,0,207,0,34,172,24,2,Z,16,0,50,0,2,10,63,0,0,-4,0,-157,0,-32,-162,39,-2
12295,7.1,T,62,0,694,0,73,163,138,5,P,26,0,237,0,2,148,62,1,1,-36,0,-457,0,-71,-15,-76,-4
12296,3.5,Z,11,1,168,0,3,20,49,0,Z,19,2,241,0,2,40,94,1,1,8,1,73,0,-1,20,45,1
12297,9.59,T,48,0,449,0,2,186,89,1,P,59,1,464,0,16,133,73,4,1,11,1,15,0,14,-53,-16,3
12298,1.31,P,2,0,88,0,7,16,11,2,T,6,0,58,0,6,15,8,2,0,4,0,-30,0,-1,-1,-3,0
12299,9.59,P,93,9,468,0,305,371,93,13,T,85,0,788,0,97,216,125,4,0,-8,-9,320,0,-208,-155,32,-9
12300,7.5,P,62,0,358,0,899,244,339,54,T,79,0,741,0,86,232,104,21,0,17,0,383,0,-813,-12,-235,-33
12301,5.1,P,23,1,106,0,372,105,30,6,P,26,9,186,0,450,103,176,3,1,3,8,80,0,78,-2,146,-3
12302,9.58,T,78,0,464,0,308,305,98,15,P,53,0,494,0,32,178,86,5,1,-25,0,30,0,-276,-127,-12,-10
12303,8.4,Z,44,5,700,0,22,67,113,0,Z,50,0,700,0,81,160,158,2,1,6,-5,0,0,59,93,45,2
12304,7.08,P,47,2,152,0,41,112,43,8,Z,31,0,203,4,22,121,109,1,0,-16,-2,51,4,-19,9,66,-7
12305,10.32,Z,73,0,953,0,101,142,269,11,P,66,0,796,0,39,184,129,5,1,-7,0,-157,0,-62,42,-140,-6
12306,8.5,Z,71,5,341,0,202,292,434,1,Z,58,4,272,0,49,114,230,3,1,-13,-1,-69,0,-153,-178,-204,2
12307,7.36,T,46,4,280,0,378,78,70,2,P,41,0,708,0,177,201,51,5,0,-5,-4,428,0,-201,123,-19,3
12308,10.41,Z,65,8,521,0,428,228,295,0,Z,89,6,440,0,113,504,193,0,1,24,-2,-81,0,-315,276,-102,0
12309,9.59,P,36,0,524,0,80,321,179,1,T,77,0,816,0,29,205,94,5,0,41,0,292,0,-51,-116,-85,4
12310,7.57,Z,46,0,547,0,281,196,326,6,Z,33,0,465,0,0,74,102,0,0,-13,0,-82,0,-281,-122,-224,-6
12311,3.29,P,15,0,122,0,29,73,34,2,T,14,1,166,0,103,42,14,1,0,-1,1,44,0,74,-31,-20,-1
12312,0.2,Z,2,0,13,0,0,4,22,0,T,0,0,20,0,0,0,6,1,0,-2,0,7,0,0,-4,-16,1
12313,7.51,T,57,0,297,0,28,223,197,3,P,40,0,286,0,288,354,260,14,0,-17,0,-11,0,260,131,63,11
12314,9.58,P,37,0,404,0,1,36,61,3,T,27,0,663,0,0,75,66,0,0,-10,0,259,0,-1,39,5,-3
12315,4.04,T,21,0,190,0,3,63,62,5,P,17,0,162,0,90,73,38,3,0,-4,0,-28,0,87,10,-24,-2
12316,9.54,T,26,0,689,0,0,32,74,0,T,60,0,891,0,41,73,87,5,0,34,0,202,0,41,41,13,5
12317,4.5,P,34,0,280,0,35,195,72,9,T,38,0,421,0,280,310,81,11,1,4,0,141,0,245,115,9,2
12318,9.59,P,57,0,718,0,16,214,91,2,Z,44,0,352,0,115,238,280,7,0,-13,0,-366,0,99,24,189,5
12319,7.22,P,35,0,366,0,35,128,112,6,Z,40,0,419,0,38,61,82,5,0,5,0,53,0,3,-67,-30,-1
12320,9.59,Z,45,1,765,0,17,167,164,0,P,59,0,985,0,27,119,76,4,1,14,-1,220,0,10,-48,-88,4
12321,5.04,T,22,0,293,0,42,46,37,3,P,18,0,205,1,10,59,25,0,0,-4,0,-88,1,-32,13,-12,-3
12322,6.59,P,32,0,229,0,6,62,29,2,T,32,6,676,0,6,58,84,0,1,0,6,447,0,0,-4,55,-2
12323,5.18,Z,27,0,109,0,82,124,138,5,Z,22,1,219,0,197,84,204,4,0,-5,1,110,0,115,-40,66,-1
12324,9.1,T,78,0,775,0,750,234,142,15,T,87,0,331,1,293,260,194,12,0,9,0,-444,1,-457,26,52,-3
12325,9.59,T,121,6,680,0,107,366,164,7,Z,70,0,508,90,244,227,426,4,0,-51,-6,-172,90,137,-139,262,-3
12326,9.38,T,38,0,659,0,0,66,96,1,Z,28,0,193,0,0,18,90,1,0,-10,0,-466,0,0,-48,-6,0
12327,9.44,Z,88,0,716,0,106,240,291,10,T,63,7,589,0,10,104,89,0,0,-25,7,-127,0,-96,-136,-202,-10
12328,7.24,P,50,0,200,0,358,182,242,8,P,29,0,345,0,335,68,66,8,0,-21,0,145,0,-23,-114,-176,0
12329,7.36,T,51,0,198,0,46,142,349,3,Z,48,7,266,0,201,156,178,5,1,-3,7,68,0,155,14,-171,2
12330,9.16,Z,86,9,374,0,309,243,343,6,T,129,9,471,0,720,324,284,9,0,43,0,97,0,411,81,-59,3
12331,5.17,Z,27,0,436,0,51,69,76,7,T,35,5,302,0,73,70,31,1,1,8,5,-134,0,22,1,-45,-6
12332,8.47,Z,66,0,557,0,170,360,357,8,Z,55,5,514,0,158,167,275,1,0,-11,5,-43,0,-12,-193,-82,-7
12333,8.31,P,43,2,522,0,31,104,46,1,Z,45,1,580,0,24,76,175,5,0,2,-1,58,0,-7,-28,129,4
12334,10.39,Z,80,0,395,0,17,166,391,8,P,88,0,586,0,106,349,244,11,1,8,0,191,0,89,183,-147,3
12335,4.33,T,44,1,329,0,189,112,67,13,T,36,0,158,0,320,173,135,7,0,-8,-1,-171,0,131,61,68,-6
12336,9.59,P,63,2,749,0,16,140,132,2,Z,57,6,869,0,32,158,188,4,1,-6,4,120,0,16,18,56,2
12337,8.08,T,44,5,381,0,13,94,106,0,Z,27,0,434,0,21,62,104,6,0,-17,-5,53,0,8,-32,-2,6
12338,7.12,Z,38,0,280,0,46,128,102,6,T,67,0,371,0,386,188,113,7,1,29,0,91,0,340,60,11,1
12339,9.59,P,28,1,287,0,12,28,28,3,Z,44,0,938,0,74,53,136,8,0,16,-1,651,0,62,25,108,5
12340,5.52,Z,34,0,248,0,38,29,137,6,T,20,0,486,0,0,48,51,0,0,-14,0,238,0,-38,19,-86,-6
12341,9.59,T,79,3,614,0,133,241,311,6,P,48,0,447,0,0,105,77,0,0,-31,-3,-167,0,-133,-136,-234,-6
12342,5.21,Z,24,0,229,12,382,66,264,0,Z,33,1,142,0,18,136,104,6,0,9,1,-87,-12,-364,70,-160,6
12343,3.47,T,14,0,338,0,0,32,34,2,T,17,0,166,0,23,9,29,8,0,3,0,-172,0,23,-23,-5,6
12344,6.39,P,38,5,341,0,31,147,53,0,T,46,2,497,0,67,116,65,4,1,8,-3,156,0,36,-31,12,4
12345,8.14,T,57,5,529,0,739,122,193,7,Z,68,0,344,0,293,161,291,9,1,11,-5,-185,0,-446,39,98,2
12346,10.56,P,79,0,597,0,72,323,151,18,T,52,0,741,0,0,107,117,0,0,-27,0,144,0,-72,-216,-34,-18
12347,9.59,T,57,0,611,0,27,86,74,5,P,46,7,258,0,42,250,99,6,0,-11,7,-353,0,15,164,25,1
12348,9.59,P,118,17,365,2,648,359,138,3,Z,122,0,573,24,625,253,370,2,1,4,-17,208,22,-23,-106,232,-1
12349,4.48,P,19,1,165,0,1,38,29,0,T,22,0,308,0,105,72,48,5,1,3,-1,143,0,104,34,19,5
12350,10.33,T,91,0,574,0,146,277,163,12,T,102,0,891,0,227,159,199,7,1,11,0,317,0,81,-118,36,-5
12351,9.36,P,72,0,433,0,78,237,86,16,Z,50,4,504,0,26,237,207,4,0,-22,4,71,0,-52,0,121,-12
12352,10.07,P,43,0,665,0,18,104,103,6,T,76,4,988,0,21,217,190,2,1,33,4,323,0,3,113,87,-4
12353,8.08,T,42,0,799,0,46,34,75,5,P,24,0,203,0,0,29,27,0,1,-18,0,-596,0,-46,-5,-48,-5
12354,9.59,Z,88,0,720,0,695,286,269,14,T,117,6,563,0,295,274,168,13,1,29,6,-157,0,-400,-12,-101,-1
12355,3.32,T,22,0,166,0,0,41,12,0,P,15,0,183,0,181,106,46,5,1,-7,0,17,0,181,65,34,5
12356,6,Z,25,0,187,0,0,57,104,0,P,31,0,289,0,22,87,32,6,0,6,0,102,0,22,30,-72,6
12357,8.05,Z,46,0,546,0,167,153,281,6,T,77,6,215,0,401,244,85,12,1,31,6,-331,0,234,91,-196,6
12358,7.5,T,83,0,316,0,49,286,103,6,Z,52,2,403,0,125,253,198,3,1,-31,2,87,0,76,-33,95,-3
12359,2.55,T,8,0,163,0,8,41,26,4,T,6,0,142,2,19,9,20,0,0,-2,0,-21,2,11,-32,-6,-4
12360,9.59,T,65,0,499,0,1,260,150,11,T,81,5,760,4,707,193,171,0,1,16,5,261,4,706,-67,21,-11
12361,10.3,Z,64,0,816,0,396,238,197,11,Z,49,5,791,0,82,125,190,5,0,-15,5,-25,0,-314,-113,-7,-6
12362,10.16,Z,74,4,501,0,162,232,226,10,P,41,0,661,0,6,219,121,2,0,-33,-4,160,0,-156,-13,-105,-8
12363,5.51,T,47,3,433,0,449,184,187,5,P,23,0,349,0,0,104,51,0,0,-24,-3,-84,0,-449,-80,-136,-5
12364,1.34,P,7,0,61,0,66,26,19,3,P,7,0,82,0,1,34,57,6,0,0,0,21,0,-65,8,38,3
12365,10.08,P,50,0,493,0,303,444,332,17,P,58,0,789,0,16,144,81,2,0,8,0,296,0,-287,-300,-251,-15
12366,9.24,P,68,0,893,0,882,155,106,17,Z,59,3,640,0,25,115,182,1,0,-9,3,-253,0,-857,-40,76,-16
12367,7.02,P,55,0,399,0,181,175,123,13,Z,38,7,379,0,27,216,195,3,0,-17,7,-20,0,-154,41,72,-10
12368,7.16,T,66,0,338,0,409,199,145,9,T,62,0,300,0,49,221,102,10,0,-4,0,-38,0,-360,22,-43,1
12369,9.59,Z,82,3,902,0,82,181,242,9,P,54,1,332,0,10,173,146,1,1,-28,-2,-570,0,-72,-8,-96,-8
12370,8.27,P,76,4,379,23,404,263,98,1,T,63,8,532,0,52,212,114,5,0,-13,4,153,-23,-352,-51,16,4
12371,3.56,Z,18,2,235,0,458,77,88,6,Z,18,3,127,0,118,81,184,2,0,0,1,-108,0,-340,4,96,-4
12372,4.54,P,21,1,164,0,18,115,39,0,T,31,0,328,0,0,89,37,1,0,10,-1,164,0,-18,-26,-2,1
12373,9.59,P,49,3,701,0,32,155,92,1,P,45,0,723,0,0,190,67,0,0,-4,-3,22,0,-32,35,-25,-1
12374,9.59,T,58,3,739,0,10,231,120,2,P,36,0,293,0,0,31,44,0,0,-22,-3,-446,0,-10,-200,-76,-2
12375,10.3,T,43,0,780,0,22,84,81,5,T,41,5,722,0,9,48,75,1,0,-2,5,-58,0,-13,-36,-6,-4
12376,6.17,Z,25,3,329,0,0,80,98,1,T,24,6,461,0,30,67,30,1,0,-1,3,132,0,30,-13,-68,0
12377,6.33,T,62,0,399,0,540,182,124,2,P,32,1,141,0,18,241,37,0,0,-30,1,-258,0,-522,59,-87,-2
12378,5.37,Z,28,0,334,0,32,74,79,4,T,37,0,267,0,111,41,78,11,0,9,0,-67,0,79,-33,-1,7
12379,4.06,P,26,0,185,0,120,157,59,6,P,26,0,119,0,262,85,90,5,1,0,0,-66,0,142,-72,31,-1
12380,2.55,T,10,0,138,0,2,28,21,0,T,12,0,210,0,0,25,26,0,0,2,0,72,0,-2,-3,5,0
12381,7.35,P,21,0,241,0,0,62,56,0,T,40,1,589,0,3,96,81,0,1,19,1,348,0,3,34,25,0
12382,7.55,P,60,0,203,0,80,141,51,13,Z,39,1,386,0,22,115,115,2,0,-21,1,183,0,-58,-26,64,-11
12383,8.53,P,45,3,649,2,23,131,59,2,Z,34,2,263,0,12,100,137,0,0,-11,-1,-386,-2,-11,-31,78,-2
12384,5.17,Z,30,7,216,0,36,65,83,0,Z,27,6,178,0,101,40,129,3,1,-3,-1,-38,0,65,-25,46,3
12385,8.29,P,30,0,386,0,3,97,85,3,Z,70,2,303,0,38,144,167,2,1,40,2,-83,0,35,47,82,-1
12386,9.41,T,75,3,493,0,181,180,170,13,T,71,1,522,0,126,326,130,9,0,-4,-2,29,0,-55,146,-40,-4
12387,9.59,P,45,0,687,0,28,207,75,8,P,66,0,853,7,52,139,108,0,0,21,0,166,7,24,-68,33,-8
12388,7.26,T,48,0,437,5,181,179,100,0,P,46,1,400,0,90,181,54,13,0,-2,1,-37,-5,-91,2,-46,13
12389,5.25,T,19,0,551,0,0,72,42,1,P,28,2,251,0,1,41,25,0,1,9,2,-300,0,1,-31,-17,-1
12390,5.5,T,35,0,277,0,46,149,37,4,P,23,2,280,0,4,116,84,0,0,-12,2,3,0,-42,-33,47,-4
12391,9.59,P,82,5,456,0,170,177,139,4,T,45,0,447,0,37,107,97,5,0,-37,-5,-9,0,-133,-70,-42,1
12392,6.5,T,62,0,410,0,365,269,178,14,P,54,3,281,0,160,228,117,11,1,-8,3,-129,0,-205,-41,-61,-3
12393,10.17,T,129,3,661,0,565,351,285,5,P,76,0,515,0,107,283,120,16,0,-53,-3,-146,0,-458,-68,-165,11
12394,10.15,P,55,3,516,2,14,162,89,0,T,88,12,354,0,97,188,77,0,0,33,9,-162,-2,83,26,-12,0
12395,6.13,Z,48,6,411,0,59,309,224,0,Z,39,3,349,0,111,81,187,4,0,-9,-3,-62,0,52,-228,-37,4
12396,8.59,T,76,7,462,0,32,307,144,1,T,97,0,513,0,185,263,92,4,1,21,-7,51,0,153,-44,-52,3
12397,3.44,Z,15,0,197,0,35,35,69,3,Z,16,1,90,0,78,59,114,2,0,1,1,-107,0,43,24,45,-1
12398,6.05,Z,28,3,198,0,34,111,124,4,P,39,3,182,0,9,116,88,4,1,11,0,-16,0,-25,5,-36,0
12399,10.05,P,88,13,587,0,472,423,130,9,T,135,0,636,0,324,360,108,19,1,47,-13,49,0,-148,-63,-22,10
12400,9.3,T,71,0,502,0,499,338,178,7,T,52,0,578,0,0,85,99,0,1,-19,0,76,0,-499,-253,-79,-7
12401,3.05,T,12,11,54,0,277,55,65,1,T,11,0,242,0,233,105,98,7,1,-1,-11,188,0,-44,50,33,6
12402,7.16,P,44,0,408,0,16,134,147,15,Z,35,4,386,1,43,222,157,3,1,-9,4,-22,1,27,88,10,-12
12403,9.59,T,111,0,634,0,63,227,86,9,Z,57,2,393,0,89,203,191,6,0,-54,2,-241,0,26,-24,105,-3
12404,9.59,Z,72,12,474,2,77,178,272,7,P,79,0,536,0,207,199,206,4,0,7,-12,62,-2,130,21,-66,-3
12405,9.56,T,50,5,572,0,2,80,139,0,T,61,3,641,0,37,64,89,2,0,11,-2,69,0,35,-16,-50,2
12406,9.57,T,36,0,301,0,0,62,74,0,T,42,6,683,0,27,146,67,0,1,6,6,382,0,27,84,-7,0
12407,10.03,Z,39,2,537,12,9,110,132,1,P,45,0,244,0,19,141,86,5,1,6,-2,-293,-12,10,31,-46,4
12408,4.52,P,27,0,254,0,105,135,41,2,P,18,0,380,0,0,94,27,1,0,-9,0,126,0,-105,-41,-14,-1
12409,4.23,T,28,0,268,0,14,24,20,3,T,17,1,257,0,7,109,67,2,0,-11,1,-11,0,-7,85,47,-1
12410,4.09,P,18,0,236,0,18,76,32,3,T,26,0,297,0,138,149,156,6,1,8,0,61,0,120,73,124,3
12411,9.59,Z,70,17,274,0,85,208,194,4,T,125,0,649,0,293,320,140,6,0,55,-17,375,0,208,112,-54,2
12412,10.43,P,63,0,764,0,48,250,111,4,T,116,12,428,0,634,421,112,6,1,53,12,-336,0,586,171,1,2
12413,9.59,P,130,13,702,0,72,318,85,2,T,63,0,512,0,40,105,164,2,0,-67,-13,-190,0,-32,-213,79,0
12414,5.49,T,29,5,308,0,215,105,74,8,T,31,0,199,0,13,74,55,4,1,2,-5,-109,0,-202,-31,-19,-4
12415,6.25,T,61,0,209,0,19,188,52,7,T,21,0,602,0,1,35,43,2,0,-40,0,393,0,-18,-153,-9,-5
12416,3.46,Z,10,0,121,0,1,22,40,1,T,13,3,173,0,1,12,24,0,0,3,3,52,0,0,-10,-16,-1
12417,2.23,Z,7,3,127,0,24,34,38,0,P,5,0,189,0,0,25,10,0,0,-2,-3,62,0,-24,-9,-28,0
12418,7.21,T,28,2,380,0,18,87,33,3,T,30,0,577,0,0,23,63,0,1,2,-2,197,0,-18,-64,30,-3
12419,8.54,Z,59,0,398,0,258,164,158,6,T,43,0,468,0,15,30,57,5,0,-16,0,70,0,-243,-134,-101,-1
12420,7.32,Z,39,0,127,8,102,96,226,1,T,28,0,134,0,1,43,55,1,1,-11,0,7,-8,-101,-53,-171,0
12421,9.59,T,58,8,874,0,48,116,87,4,T,83,0,404,0,321,261,93,14,1,25,-8,-470,0,273,145,6,10
12422,3.1,T,11,0,66,0,5,22,17,2,Z,8,2,182,0,7,47,45,0,1,-3,2,116,0,2,25,28,-2
12423,5.49,P,30,1,293,0,37,85,22,0,T,28,0,392,0,0,37,46,2,0,-2,-1,99,0,-37,-48,24,2
12424,7.49,Z,46,0,142,0,7,156,176,3,P,43,0,404,0,4,70,57,2,1,-3,0,262,0,-3,-86,-119,-1
12425,1.41,P,4,0,17,0,66,31,41,2,P,4,2,207,0,21,33,12,0,1,0,2,190,0,-45,2,-29,-2
12426,9.22,Z,45,13,382,1,26,52,156,0,T,49,3,821,0,19,39,64,1,0,4,-10,439,-1,-7,-13,-92,1
12427,7.07,P,38,7,228,0,21,105,56,2,P,25,0,231,0,39,77,24,4,0,-13,-7,3,0,18,-28,-32,2
12428,5.48,P,16,0,508,0,8,160,39,2,T,29,4,611,0,309,118,43,4,1,13,4,103,0,301,-42,4,2
12429,7.25,P,37,0,648,0,84,198,91,3,T,41,0,450,0,5,159,96,1,0,4,0,-198,0,-79,-39,5,-2
12430,9.57,T,67,0,101,0,21,70,84,15,Z,51,3,821,0,30,114,174,0,0,-16,3,720,0,9,44,90,-15
12431,9.59,Z,92,0,413,0,374,320,235,12,T,110,0,565,0,499,329,149,20,0,18,0,152,0,125,9,-86,8
12432,9.59,Z,75,8,416,0,97,164,257,2,P,65,10,259,0,70,202,113,1,1,-10,2,-157,0,-27,38,-144,-1
12433,9.59,Z,50,0,451,0,4,195,161,4,Z,81,1,299,0,228,99,321,6,1,31,1,-152,0,224,-96,160,2
12434,6.28,T,50,6,411,0,134,132,75,2,T,39,0,208,0,10,185,177,2,0,-11,-6,-203,0,-124,53,102,0
12435,9.59,T,82,2,552,0,491,161,225,8,P,55,0,851,0,951,210,128,12,1,-27,-2,299,0,460,49,-97,4
12436,7.14,P,41,8,336,0,56,269,98,1,T,43,0,471,0,14,60,76,5,0,2,-8,135,0,-42,-209,-22,4
12437,9.12,P,48,0,749,0,18,190,91,1,Z,48,5,257,0,42,76,153,0,0,0,5,-492,0,24,-114,62,-1
12438,9.59,Z,77,5,520,0,148,209,215,6,T,99,5,518,0,49,202,92,5,0,22,0,-2,0,-99,-7,-123,-1
12439,5.06,P,24,0,222,0,0,66,43,0,P,19,0,298,0,48,59,89,3,0,-5,0,76,0,48,-7,46,3
12440,8.05,T,74,0,380,0,50,122,68,6,Z,65,0,307,0,326,211,211,13,1,-9,0,-73,0,276,89,143,7
12441,10.02,P,39,10,732,0,29,77,53,0,T,57,0,630,0,1097,179,96,7,1,18,-10,-102,0,1068,102,43,7
12442,4.18,Z,15,1,209,0,9,21,37,0,T,19,0,328,0,273,26,54,2,0,4,-1,119,0,264,5,17,2
12443,9.09,Z,92,6,771,0,172,199,269,15,T,83,0,534,0,554,164,160,10,0,-9,-6,-237,0,382,-35,-109,-5
12444,9.59,T,54,0,562,0,25,106,51,7,T,62,0,1062,0,23,85,106,5,1,8,0,500,0,-2,-21,55,-2
12445,9.59,P,68,0,676,0,679,201,85,8,Z,71,0,512,0,85,220,283,11,0,3,0,-164,0,-594,19,198,3
12446,8.12,T,47,0,320,0,20,157,80,5,Z,39,0,319,0,65,207,159,7,0,-8,0,-1,0,45,50,79,2
12447,10.1,T,60,4,572,0,85,191,245,0,T,42,0,558,0,284,312,96,5,0,-18,-4,-14,0,199,121,-149,5
12448,8.42,T,114,1,472,0,580,257,156,12,Z,66,0,731,0,41,188,162,5,0,-48,-1,259,0,-539,-69,6,-7
12449,10.07,T,108,6,460,0,874,214,174,1,Z,72,0,482,0,48,138,201,9,0,-36,-6,22,0,-826,-76,27,8
12450,2.14,P,6,0,111,0,38,64,25,1,Z,10,0,57,0,92,19,60,2,0,4,0,-54,0,54,-45,35,1
12451,9.59,T,77,0,744,0,158,193,183,8,T,58,0,536,0,0,105,85,0,0,-19,0,-208,0,-158,-88,-98,-8
12452,6.5,T,72,3,319,0,284,116,164,7,P,29,0,367,0,33,41,61,5,1,-43,-3,48,0,-251,-75,-103,-2
12453,2.42,Z,9,0,78,0,220,22,36,2,Z,10,0,73,0,0,24,37,0,0,1,0,-5,0,-220,2,1,-2
12454,5.36,P,19,4,398,2,19,22,25,0,T,30,0,155,0,14,36,35,3,0,11,-4,-243,-2,-5,14,10,3
12455,5.29,T,41,0,289,0,361,177,175,6,P,37,2,257,0,63,166,116,4,0,-4,2,-32,0,-298,-11,-59,-2
12456,4.37,T,23,0,395,0,1,20,45,3,P,19,0,220,0,0,9,29,0,1,-4,0,-175,0,-1,-11,-16,-3
12457,8.12,P,68,9,645,0,20,178,245,2,P,39,0,404,0,26,256,210,5,1,-29,-9,-241,0,6,78,-35,3
12458,9.58,P,83,1,739,0,428,260,111,4,Z,55,0,589,0,104,158,235,1,0,-28,-1,-150,0,-324,-102,124,-3
12459,9.51,T,55,0,836,0,313,99,216,11,T,70,6,766,0,58,56,51,3,1,15,6,-70,0,-255,-43,-165,-8
12460,10.17,Z,84,2,700,1,264,288,383,4,P,81,0,903,0,27,274,120,11,0,-3,-2,203,-1,-237,-14,-263,7
12461,3.5,T,13,1,123,0,5,58,44,0,Z,13,0,108,0,0,9,46,0,1,0,-1,-15,0,-5,-49,2,0
12462,8,Z,65,1,470,0,103,351,191,12,Z,59,2,287,0,131,395,308,0,0,-6,1,-183,0,28,44,117,-12
12463,3.25,P,15,0,226,0,52,68,19,2,Z,11,0,205,0,14,43,75,5,1,-4,0,-21,0,-38,-25,56,3
12464,7.44,P,48,0,440,0,83,133,81,9,P,51,3,471,0,21,285,106,0,1,3,3,31,0,-62,152,25,-9
12465,10.17,Z,75,4,768,0,173,354,253,0,P,91,0,910,0,477,279,75,11,0,16,-4,142,0,304,-75,-178,11
12466,9.58,Z,46,0,359,0,3,197,168,0,T,53,0,631,0,9,215,114,2,0,7,0,272,0,6,18,-54,2
12467,3.27,T,20,4,134,0,147,53,66,1,Z,9,0,218,0,149,18,41,3,1,-11,-4,84,0,2,-35,-25,2
12468,7.26,Z,50,3,464,0,388,196,168,5,Z,47,12,276,0,283,228,225,4,1,-3,9,-188,0,-105,32,57,-1
12469,9.59,P,73,0,576,0,245,245,154,11,T,72,0,743,0,618,95,77,6,1,-1,0,167,0,373,-150,-77,-5
12470,7.33,P,44,1,250,0,14,240,74,3,Z,46,0,236,17,340,154,250,1,1,2,-1,-14,17,326,-86,176,-2
12471,10.08,P,42,0,1026,0,3,105,99,4,T,61,0,668,0,22,90,61,5,0,19,0,-358,0,19,-15,-38,1
12472,8.35,T,62,0,503,0,3,139,86,4,T,67,6,803,0,45,151,95,0,1,5,6,300,0,42,12,9,-4
12473,8.24,Z,48,1,402,0,55,98,205,1,T,65,3,531,0,144,333,176,8,0,17,2,129,0,89,235,-29,7
12474,7.15,T,60,6,484,0,58,168,86,1,T,41,0,258,0,186,234,100,15,1,-19,-6,-226,0,128,66,14,14
12475,3.59,P,14,0,153,0,18,51,14,4,T,21,6,270,0,90,55,20,3,0,7,6,117,0,72,4,6,-1
12476,5,T,19,0,397,0,2,68,44,6,Z,21,0,253,0,38,54,74,4,1,2,0,-144,0,36,-14,30,-2
12477,3.17,Z,9,0,85,0,1,14,40,1,Z,13,0,105,0,0,14,43,0,0,4,0,20,0,-1,0,3,-1
12478,9.42,T,37,0,391,0,0,69,86,0,T,58,0,115,0,67,77,70,3,1,21,0,-276,0,67,8,-16,3
12479,8.42,P,49,0,499,0,47,134,65,7,Z,48,1,591,0,129,131,351,2,1,-1,1,92,0,82,-3,286,-5
12480,9.18,Z,140,2,450,0,510,315,384,8,T,139,4,289,1,547,211,252,19,0,-1,2,-161,1,37,-104,-132,11
12481,8.1,T,92,0,402,14,456,160,214,5,Z,72,7,420,1,259,298,250,15,0,-20,7,18,-13,-197,138,36,10
12482,3.46,Z,14,1,142,0,137,62,56,2,Z,20,0,229,0,68,63,66,2,1,6,-1,87,0,-69,1,10,0
12483,9.59,P,76,2,389,0,436,171,197,10,T,63,0,617,0,10,160,120,4,1,-13,-2,228,0,-426,-11,-77,-6
12484,9.23,Z,68,3,603,0,11,199,279,1,T,67,2,728,0,179,336,104,6,0,-1,-1,125,0,168,137,-175,5
12485,9.59,Z,89,2,533,0,245,316,610,15,T,121,14,484,0,539,140,182,5,0,32,12,-49,0,294,-176,-428,-10
12486,8.15,T,73,0,360,0,447,166,167,10,Z,57,0,339,0,263,169,242,11,1,-16,0,-21,0,-184,3,75,1
12487,4.33,P,22,0,335,0,1,89,56,6,Z,30,3,209,0,39,68,72,3,0,8,3,-126,0,38,-21,16,-3
12488,3.31,Z,12,0,145,0,5,18,34,1,Z,18,0,34,0,21,27,46,2,1,6,0,-111,0,16,9,12,1
12489,10.08,P,35,0,505,0,2,228,98,0,P,57,1,969,0,5,181,95,0,1,22,1,464,0,3,-47,-3,0
12490,9.12,P,59,2,362,0,100,418,258,3,T,80,0,425,0,47,229,164,13,1,21,-2,63,0,-53,-189,-94,10
12491,10.03,Z,87,1,585,0,36,186,226,6,P,58,0,1055,0,589,209,87,3,0,-29,-1,470,0,553,23,-139,-3
12492,3.41,Z,16,1,176,0,11,13,48,0,Z,13,2,97,0,12,12,50,0,1,-3,1,-79,0,1,-1,2,0
12493,4,T,23,0,308,0,4,51,110,2,T,14,0,262,0,8,34,42,3,0,-9,0,-46,0,4,-17,-68,1
12494,3.55,T,21,2,219,0,46,69,84,0,P,17,0,216,0,2,46,34,5,0,-4,-2,-3,0,-44,-23,-50,5
12495,10.19,P,40,3,591,0,3,301,73,2,T,80,2,620,0,36,147,112,5,1,40,-1,29,0,33,-154,39,3
12496,2.44,Z,7,0,42,0,0,12,28,0,P,4,0,94,0,0,14,12,0,0,-3,0,52,0,0,2,-16,0
12497,7.21,Z,27,0,124,0,51,247,119,1,Z,0,0,1,0,0,0,0,0,0,-27,0,-123,0,-51,-247,-119,-1
12498,9.07,Z,73,0,811,0,115,264,288,9,P,81,4,581,0,484,317,88,8,1,8,4,-230,0,369,53,-200,-1
12499,1.36,T,10,0,102,0,107,33,10,1,P,3,0,140,0,2,34,6,2,1,-7,0,38,0,-105,1,-4,1
12500,9.59,P,65,0,525,0,57,103,81,7,Z,59,0,473,0,49,52,168,6,1,-6,0,-52,0,-8,-51,87,-1
12501,10.05,P,50,1,679,0,17,209,74,0,Z,45,2,486,0,25,165,147,0,0,-5,1,-193,0,8,-44,73,0
12502,9.58,T,41,0,415,0,8,71,58,5,Z,40,0,335,0,0,42,129,0,1,-1,0,-80,0,-8,-29,71,-5
12503,4.25,Z,22,0,250,0,24,62,58,7,P,14,0,159,0,7,47,20,2,0,-8,0,-91,0,-17,-15,-38,-5
12504,4.32,T,27,0,180,0,0,20,42,1,Z,19,0,58,0,0,6,44,0,1,-8,0,-122,0,0,-14,2,-1
12505,6.02,Z,31,2,161,0,8,86,79,0,T,62,0,316,0,74,235,30,7,1,31,-2,155,0,66,149,-49,7
12506,7.48,T,73,0,664,0,65,114,87,7,Z,41,6,413,0,117,173,127,0,1,-32,6,-251,0,52,59,40,-7
12507,7.46,T,53,0,461,0,43,200,91,6,Z,37,0,351,0,51,188,311,3,1,-16,0,-110,0,8,-12,220,-3
12508,7.15,Z,39,3,332,0,52,103,122,6,Z,31,0,305,0,22,62,161,8,1,-8,-3,-27,0,-30,-41,39,2
12509,6.3,T,53,0,334,0,592,240,145,12,Z,66,6,600,1,518,262,187,9,0,13,6,266,1,-74,22,42,-3
12510,9.41,P,48,0,645,0,0,58,71,0,T,69,7,407,0,457,191,106,0,0,21,7,-238,0,457,133,35,0
12511,8.34,T,80,0,271,0,645,256,159,17,P,121,0,428,0,422,181,129,20,1,41,0,157,0,-223,-75,-30,3
12512,7.33,T,64,3,309,0,72,176,99,2,T,63,0,345,0,2,228,59,3,0,-1,-3,36,0,-70,52,-40,1
12513,5.34,T,30,1,267,0,8,46,89,2,T,31,0,507,0,1,54,74,1,0,1,-1,240,0,-7,8,-15,-1
12514,4.46,T,21,0,336,0,9,13,24,2,T,22,0,195,0,1,18,37,1,1,1,0,-141,0,-8,5,13,-1
12515,9.58,T,42,0,1128,0,0,52,87,0,P,48,5,662,0,42,161,53,6,1,6,5,-466,0,42,109,-34,6
12516,9.59,T,76,3,607,0,18,239,103,3,Z,74,0,628,0,24,250,233,2,1,-2,-3,21,0,6,11,130,-1
12517,9.59,Z,91,0,453,0,210,422,262,2,T,108,0,602,0,192,432,228,13,0,17,0,149,0,-18,10,-34,11
12518,10.23,Z,103,0,483,0,68,274,268,5,T,73,3,847,0,249,171,171,8,0,-30,3,364,0,181,-103,-97,3
12519,4.2,T,17,3,252,0,25,45,31,0,Z,18,2,96,0,10,20,47,0,1,1,-1,-156,0,-15,-25,16,0
12520,8.04,Z,46,4,512,0,388,186,243,5,P,52,0,589,0,68,157,93,13,1,6,-4,77,0,-320,-29,-150,8
12521,5.26,T,44,0,510,0,114,160,52,11,P,35,0,164,0,600,229,38,6,0,-9,0,-346,0,486,69,-14,-5
12522,8.08,T,68,5,578,0,358,166,101,14,Z,64,0,407,0,312,315,214,16,0,-4,-5,-171,0,-46,149,113,2
12523,7.3,Z,40,0,482,0,179,130,328,5,T,46,11,656,0,66,90,60,1,1,6,11,174,0,-113,-40,-268,-4
12524,4.3,P,20,0,285,0,0,21,27,0,Z,29,0,81,0,107,165,153,3,1,9,0,-204,0,107,144,126,3
12525,5.52,T,55,8,328,0,43,202,60,1,T,39,0,261,0,477,162,105,7,1,-16,-8,-67,0,434,-40,45,6
12526,9.59,Z,68,2,271,2,9,194,182,0,T,81,4,667,0,142,230,93,5,0,13,2,396,-2,133,36,-89,5
12527,10.04,T,83,2,666,0,269,285,116,2,T,103,6,536,0,698,305,212,22,1,20,4,-130,0,429,20,96,20
12528,9.59,P,42,0,503,0,0,79,72,0,T,67,0,599,0,22,92,119,6,1,25,0,96,0,22,13,47,6
12529,8.24,Z,38,0,378,0,33,111,206,6,Z,55,1,504,0,84,162,220,4,0,17,1,126,0,51,51,14,-2
12530,8.35,Z,55,0,253,19,137,92,314,0,T,62,7,536,0,477,114,120,4,1,7,7,283,-19,340,22,-194,4
12531,1.21,T,7,0,66,2,9,17,9,0,Z,3,0,31,0,1,1,7,0,0,-4,0,-35,-2,-8,-16,-2,0
12532,9.59,P,42,0,413,0,136,224,191,2,T,38,4,650,0,1,119,91,2,0,-4,4,237,0,-135,-105,-100,0
12533,5.4,T,27,0,137,0,0,29,70,0,P,30,0,356,0,304,192,69,3,0,3,0,219,0,304,163,-1,3
12534,9.09,T,80,2,494,0,39,249,94,5,T,96,7,507,0,388,147,135,3,0,16,5,13,0,349,-102,41,-2
12535,9.59,T,119,9,1160,0,396,322,249,6,P,62,0,507,0,444,314,156,21,1,-57,-9,-653,0,48,-8,-93,15
12536,3.35,T,12,0,248,0,5,21,31,3,Z,11,1,59,0,36,53,131,2,1,-1,1,-189,0,31,32,100,-1
12537,1.08,Z,5,0,26,0,0,1,9,0,Z,6,0,134,0,3,7,16,1,0,1,0,108,0,3,6,7,1
12538,8.17,P,57,0,823,0,13,258,79,7,Z,39,2,372,0,27,275,152,1,0,-18,2,-451,0,14,17,73,-6
12539,9.5,T,43,0,390,0,6,74,82,2,P,47,0,701,0,1,204,73,0,1,4,0,311,0,-5,130,-9,-2
12540,4.11,Z,19,4,93,0,360,86,174,0,P,20,0,267,0,4,182,110,3,0,1,-4,174,0,-356,96,-64,3
12541,9.59,Z,52,0,412,0,29,209,173,5,T,75,0,851,0,159,142,214,11,1,23,0,439,0,130,-67,41,6
12542,1.02,P,5,0,37,0,7,24,6,1,P,4,0,100,4,107,10,16,0,1,-1,0,63,4,100,-14,10,-1
12543,9.59,Z,50,0,732,8,72,192,158,1,P,73,7,637,0,101,69,54,0,1,23,7,-95,-8,29,-123,-104,-1
12544,9.59,Z,76,3,831,0,42,184,207,1,T,93,7,677,0,199,280,110,2,1,17,4,-154,0,157,96,-97,1
12545,6.46,P,50,0,336,0,135,156,35,8,T,70,0,303,0,343,184,95,7,1,20,0,-33,0,208,28,60,-1
12546,9.59,P,84,7,557,0,586,260,137,7,Z,85,0,485,0,68,159,222,9,0,1,-7,-72,0,-518,-101,85,2
12547,7.19,P,67,0,434,0,292,250,193,19,T,77,13,377,0,441,293,138,10,0,10,13,-57,0,149,43,-55,-9
12548,5.14,Z,23,0,326,0,355,39,193,0,Z,22,1,302,0,45,107,173,1,1,-1,1,-24,0,-310,68,-20,1
12549,6.1,P,20,2,179,0,2,87,50,0,T,33,0,323,0,2,91,136,1,0,13,-2,144,0,0,4,86,1
12550,3.55,P,21,0,280,0,19,102,21,3,T,15,1,412,0,6,33,34,1,1,-6,1,132,0,-13,-69,13,-2
12551,7.42,Z,50,7,316,0,240,191,206,1,P,54,5,431,0,169,206,145,2,0,4,-2,115,0,-71,15,-61,1
12552,10.11,P,43,0,462,0,10,333,54,5,P,77,6,903,0,38,230,78,6,0,34,6,441,0,28,-103,24,1
12553,2.57,Z,5,0,253,0,14,33,34,0,Z,13,0,137,0,10,37,46,9,1,8,0,-116,0,-4,4,12,9
12554,9.59,T,64,4,478,0,50,197,79,5,T,73,3,668,0,529,171,178,6,1,9,-1,190,0,479,-26,99,1
12555,9.58,T,66,0,691,0,63,164,134,2,P,68,2,848,0,99,150,105,1,0,2,2,157,0,36,-14,-29,-1
12556,5.07,P,22,0,303,0,4,47,213,2,T,34,0,217,0,316,166,51,6,0,12,0,-86,0,312,119,-162,4
12557,9.59,P,54,0,990,0,16,119,68,2,T,92,7,569,0,455,246,145,3,1,38,7,-421,0,439,127,77,1
12558,3.59,T,16,4,260,0,12,100,24,0,T,19,0,156,0,2,35,35,2,1,3,-4,-104,0,-10,-65,11,2
12559,9.59,P,89,9,496,0,621,254,140,16,T,132,13,432,0,1146,266,301,25,1,43,4,-64,0,525,12,161,9
12560,9.59,Z,35,2,614,0,13,125,162,1,P,34,0,617,0,0,79,56,1,0,-1,-2,3,0,-13,-46,-106,0
12561,9.23,P,47,1,555,0,529,361,136,7,T,84,3,655,0,98,211,117,8,1,37,2,100,0,-431,-150,-19,1
12562,9.17,P,54,4,674,0,71,364,98,1,T,45,4,873,2,14,161,83,1,1,-9,0,199,2,-57,-203,-15,0
12563,9.58,T,64,3,483,0,57,133,82,2,P,29,0,655,0,0,201,78,0,1,-35,-3,172,0,-57,68,-4,-2
12564,9.59,Z,75,0,257,0,15,54,179,3,P,60,2,324,0,12,91,75,1,0,-15,2,67,0,-3,37,-104,-2
12565,8.43,T,104,4,284,0,384,291,193,4,Z,50,1,337,0,50,91,165,4,0,-54,-3,53,0,-334,-200,-28,0
12566,8.56,P,75,0,486,23,203,232,183,0,T,63,0,288,0,106,115,64,4,0,-12,0,-198,-23,-97,-117,-119,4
12567,5.51,P,24,0,220,0,11,69,35,3,T,28,3,465,0,13,10,29,1,0,4,3,245,0,2,-59,-6,-2
12568,6.27,P,45,3,594,0,397,106,149,6,Z,44,0,153,0,46,131,276,2,0,-1,-3,-441,0,-351,25,127,-4
12569,9.59,P,76,0,602,0,887,417,181,14,Z,106,0,397,0,138,233,228,13,0,30,0,-205,0,-749,-184,47,-1
12570,4.1,Z,14,3,267,0,156,43,34,4,P,17,0,506,0,11,119,24,2,0,3,-3,239,0,-145,76,-10,-2
12571,8.51,T,68,1,868,0,32,166,99,3,P,52,0,175,0,14,148,61,7,1,-16,-1,-693,0,-18,-18,-38,4
12572,6.05,P,44,0,353,0,53,205,50,10,T,49,0,659,0,1069,130,91,11,1,5,0,306,0,1016,-75,41,1
12573,7.36,T,66,0,438,0,404,169,119,13,Z,33,3,162,0,12,77,148,0,0,-33,3,-276,0,-392,-92,29,-13
12574,4.52,P,19,2,349,0,2,86,34,0,Z,19,0,108,6,6,94,122,0,0,0,-2,-241,6,4,8,88,0
12575,4.41,T,28,0,231,0,87,61,47,5,Z,21,3,131,0,6,68,68,0,1,-7,3,-100,0,-81,7,21,-5
12576,7.49,P,59,8,527,0,450,170,82,2,T,47,0,293,0,175,119,198,8,0,-12,-8,-234,0,-275,-51,116,6
12577,6.58,Z,31,0,358,0,23,122,133,3,P,48,0,395,0,92,217,45,8,1,17,0,37,0,69,95,-88,5
12578,8.43,T,88,9,438,0,463,197,225,8,T,56,0,499,0,359,285,155,14,0,-32,-9,61,0,-104,88,-70,6
12579,9.59,Z,57,0,453,0,16,218,159,0,Z,36,0,566,1,19,196,162,1,0,-21,0,113,1,3,-22,3,1
12580,8.23,T,101,1,361,0,358,290,205,8,Z,63,1,646,0,619,189,212,6,1,-38,0,285,0,261,-101,7,-2
12581,4.29,Z,9,1,146,0,1,64,48,0,P,25,0,293,0,102,85,18,3,1,16,-1,147,0,101,21,-30,3
12582,5.54,T,38,4,447,0,8,120,77,0,P,25,0,473,0,4,112,50,3,0,-13,-4,26,0,-4,-8,-27,3
12583,9.38,P,77,3,744,0,163,165,71,13,Z,59,0,438,0,46,86,184,10,0,-18,-3,-306,0,-117,-79,113,-3
12584,8.41,Z,47,1,615,0,19,95,137,4,P,50,7,747,8,68,170,180,4,0,3,6,132,8,49,75,43,0
12585,9.59,T,74,3,745,0,622,269,197,4,T,82,1,514,0,44,239,236,7,1,8,-2,-231,0,-578,-30,39,3
12586,2.49,T,10,0,53,0,202,59,101,4,P,9,0,46,0,19,52,86,2,1,-1,0,-7,0,-183,-7,-15,-2
12587,6.06,Z,38,2,377,0,37,50,82,0,T,28,0,293,0,17,7,31,3,0,-10,-2,-84,0,-20,-43,-51,3
12588,9.57,Z,29,0,441,0,9,36,119,2,T,54,0,635,0,8,170,111,7,0,25,0,194,0,-1,134,-8,5
12589,9.59,T,91,7,404,0,379,361,155,22,T,74,8,391,0,99,211,126,6,0,-17,1,-13,0,-280,-150,-29,-16
12590,9.59,T,163,0,473,0,284,412,184,47,Z,92,12,587,0,87,300,286,3,0,-71,12,114,0,-197,-112,102,-44
12591,9.56,P,33,1,334,0,3,35,44,2,P,20,0,292,0,0,22,33,0,1,-13,-1,-42,0,-3,-13,-11,-2
12592,7.14,T,27,0,300,0,0,170,52,0,P,39,3,392,0,7,99,44,0,1,12,3,92,0,7,-71,-8,0
12593,5.57,T,49,1,290,0,69,124,46,4,T,20,0,380,0,4,43,32,4,0,-29,-1,90,0,-65,-81,-14,0
12594,9.59,T,59,3,763,0,21,80,87,8,Z,58,0,368,0,33,138,259,5,1,-1,-3,-395,0,12,58,172,-3
12595,5.39,P,26,0,227,0,7,125,126,2,T,38,0,416,0,606,138,53,6,1,12,0,189,0,599,13,-73,4
12596,9.59,P,120,9,617,0,255,321,160,14,T,154,1,497,0,604,386,220,20,0,34,-8,-120,0,349,65,60,6
12597,1.16,T,3,0,5,0,15,23,15,3,T,1,0,3,0,0,0,2,0,1,-2,0,-2,0,-15,-23,-13,-3
12598,4.46,P,14,0,46,0,0,47,51,0,T,25,0,187,0,444,93,183,5,1,11,0,141,0,444,46,132,5
12599,9.59,T,69,0,577,0,54,89,67,23,P,71,1,589,0,144,251,110,9,0,2,1,12,0,90,162,43,-14
12600,9.03,P,46,0,569,0,39,161,51,2,Z,51,3,220,0,34,52,156,5,1,5,3,-349,0,-5,-109,105,3
12601,9.58,P,68,1,306,0,65,316,113,13,P,69,9,460,0,73,157,66,0,1,1,8,154,0,8,-159,-47,-13
12602,7.26,Z,52,8,325,4,425,211,196,12,Z,50,12,467,0,556,219,243,6,1,-2,4,142,-4,131,8,47,-6
12603,6.25,T,40,3,256,0,1,73,69,0,P,40,0,304,0,50,114,89,7,1,0,-3,48,0,49,41,20,7
12604,9.59,T,94,4,508,0,204,170,188,3,Z,35,2,664,0,21,93,184,1,0,-59,-2,156,0,-183,-77,-4,-2
12605,9.59,P,112,8,530,0,529,463,253,12,T,109,4,901,0,85,204,154,5,0,-3,-4,371,0,-444,-259,-99,-7
12606,8.13,Z,77,3,459,0,188,267,366,8,Z,61,15,234,0,59,163,176,1,1,-16,12,-225,0,-129,-104,-190,-7
12607,7.31,P,64,3,799,0,18,148,54,0,Z,40,5,115,0,262,219,343,2,0,-24,2,-684,0,244,71,289,2
12608,8.49,T,101,7,374,0,202,346,178,13,T,117,4,460,0,309,273,179,5,1,16,-3,86,0,107,-73,1,-8
12609,8.2,P,42,0,274,0,34,142,74,2,Z,40,4,314,0,22,87,154,0,1,-2,4,40,0,-12,-55,80,-2
12610,6.48,P,35,4,326,0,552,240,46,9,T,68,10,314,0,746,148,88,6,1,33,6,-12,0,194,-92,42,-3
12611,2.51,T,14,0,159,0,257,67,55,3,P,15,0,50,0,173,31,48,6,1,1,0,-109,0,-84,-36,-7,3
12612,6.4,T,41,0,481,0,232,104,72,12,P,54,9,241,3,112,224,153,0,1,13,9,-240,3,-120,120,81,-12
12613,6.25,Z,38,0,199,0,42,113,202,8,T,33,0,522,0,0,112,62,0,0,-5,0,323,0,-42,-1,-140,-8
12614,6.53,P,16,0,501,0,3,136,44,4,Z,20,0,324,0,0,88,119,0,1,4,0,-177,0,-3,-48,75,-4
12615,9.58,T,75,1,694,0,33,140,72,1,Z,76,3,179,0,52,57,179,2,1,1,2,-515,0,19,-83,107,1
12616,9.08,P,73,0,724,0,48,169,75,10,Z,83,9,460,0,594,316,284,9,1,10,9,-264,0,546,147,209,-1
12617,5.2,P,36,0,230,0,381,129,32,7,P,34,2,325,0,148,178,55,2,1,-2,2,95,0,-233,49,23,-5
12618,9.59,Z,62,4,568,0,42,206,248,2,T,74,5,604,0,28,107,81,2,0,12,1,36,0,-14,-99,-167,0
12619,9.58,P,70,7,288,0,56,189,71,5,T,68,10,766,0,50,244,123,0,0,-2,3,478,0,-6,55,52,-5
12620,6.16,T,46,2,362,0,522,157,105,9,T,38,0,317,0,217,186,124,5,1,-8,-2,-45,0,-305,29,19,-4
12621,3.58,T,13,0,267,0,6,35,43,1,T,9,0,198,0,0,27,24,0,0,-4,0,-69,0,-6,-8,-19,-1
12622,5.13,T,30,0,278,0,614,72,67,8,Z,22,0,144,0,80,113,150,2,0,-8,0,-134,0,-534,41,83,-6
12623,9.59,Z,62,0,852,0,6,234,244,3,Z,64,6,779,0,48,300,265,0,1,2,6,-73,0,42,66,21,-3
12624,6.56,Z,39,1,430,0,26,110,150,1,T,56,0,489,6,180,128,182,1,1,17,-1,59,6,154,18,32,0
12625,10.41,T,64,7,675,0,35,160,86,0,P,46,0,517,0,5,157,101,4,0,-18,-7,-158,0,-30,-3,15,4
12626,6.03,Z,21,1,132,0,18,56,83,2,P,36,0,430,0,30,131,38,12,0,15,-1,298,0,12,75,-45,10
12627,8.52,T,118,4,408,0,374,245,156,12,Z,59,4,405,0,397,163,282,4,0,-59,0,-3,0,23,-82,126,-8
12628,10.38,Z,57,2,518,0,2,116,209,1,T,59,0,666,0,24,176,113,7,1,2,-2,148,0,22,60,-96,6
12629,8,Z,64,4,547,0,91,386,159,3,T,71,0,384,0,261,176,110,7,1,7,-4,-163,0,170,-210,-49,4
12630,9.59,T,56,2,349,0,7,60,102,0,Z,52,4,351,0,53,126,166,6,1,-4,2,2,0,46,66,64,6
12631,4.22,T,25,1,406,0,126,86,32,9,Z,22,2,80,0,183,54,323,2,0,-3,1,-326,0,57,-32,291,-7
12632,9.59,P,56,2,435,0,15,415,79,3,T,47,0,395,0,0,166,142,1,0,-9,-2,-40,0,-15,-249,63,-2
12633,9.59,T,34,0,692,0,0,54,78,0,T,56,0,852,0,11,175,88,4,1,22,0,160,0,11,121,10,4
12634,9.59,Z,59,0,226,0,35,57,228,4,P,65,0,674,0,32,288,115,8,0,6,0,448,0,-3,231,-113,4
12635,6.41,Z,34,2,541,0,120,141,193,1,Z,37,1,309,0,412,118,102,3,1,3,-1,-232,0,292,-23,-91,2
12636,5.32,T,47,0,176,0,49,116,210,4,T,37,0,123,0,17,118,86,13,1,-10,0,-53,0,-32,2,-124,9
12637,7.43,P,38,0,573,0,16,282,51,3,Z,39,3,535,0,30,67,113,1,1,1,3,-38,0,14,-215,62,-2
12638,5.37,P,29,0,424,0,64,189,58,5,Z,30,1,139,0,177,140,128,5,0,1,1,-285,0,113,-49,70,0
12639,9.16,P,63,8,423,4,120,175,168,0,T,45,0,471,0,118,105,66,5,0,-18,-8,48,-4,-2,-70,-102,5
12640,8.16,T,93,0,634,0,630,184,178,11,T,120,0,671,0,538,306,208,19,0,27,0,37,0,-92,122,30,8
12641,4.16,Z,24,0,278,0,18,43,51,12,Z,24,0,152,0,37,42,131,3,0,0,0,-126,0,19,-1,80,-9
12642,6.49,Z,49,4,409,0,132,217,209,8,T,71,4,340,0,506,166,110,9,0,22,0,-69,0,374,-51,-99,1
12643,9.59,P,48,0,359,0,0,33,56,0,T,50,0,714,0,14,60,84,3,1,2,0,355,0,14,27,28,3
12644,8.51,Z,41,0,198,3,16,209,247,0,P,47,0,451,0,6,114,69,4,0,6,0,253,-3,-10,-95,-178,4
12645,10.47,T,99,2,1013,0,45,266,132,4,P,68,0,881,0,26,356,116,3,1,-31,-2,-132,0,-19,90,-16,-1
12646,6.52,T,58,0,470,0,161,156,95,20,P,73,0,382,0,211,226,85,14,1,15,0,-88,0,50,70,-10,-6
12647,10.07,T,101,0,655,0,27,250,179,12,T,90,3,597,0,729,362,151,14,0,-11,3,-58,0,702,112,-28,2
12648,3.54,T,14,0,84,0,5,29,24,1,T,23,1,197,0,113,84,31,1,1,9,1,113,0,108,55,7,0
12649,4.27,P,29,5,128,0,243,144,45,13,T,30,9,161,0,177,135,157,13,0,1,4,33,0,-66,-9,112,0
12650,9.45,T,139,4,425,0,474,414,165,15,Z,80,11,476,0,423,430,266,6,1,-59,7,51,0,-51,16,101,-9
12651,4,T,16,0,88,0,74,40,27,1,P,19,0,152,0,1,66,148,3,0,3,0,64,0,-73,26,121,2
12652,1.1,T,3,0,77,0,21,18,5,4,T,9,0,40,0,41,7,6,4,1,6,0,-37,0,20,-11,1,0
12653,10.34,P,62,3,664,0,234,362,87,12,T,77,0,1208,0,28,324,152,18,0,15,-3,544,0,-206,-38,65,6
12654,8.43,T,48,0,569,0,219,54,37,6,Z,29,2,564,0,34,18,102,1,0,-19,2,-5,0,-185,-36,65,-5
12655,10.07,T,80,0,486,0,166,159,114,5,Z,60,0,1091,0,324,120,191,3,1,-20,0,605,0,158,-39,77,-2
12656,3.55,T,30,0,188,5,307,84,100,4,Z,23,0,77,0,117,56,89,3,1,-7,0,-111,-5,-190,-28,-11,-1
12657,9.59,Z,43,2,323,0,185,342,241,12,Z,92,18,418,10,138,460,291,14,0,49,16,95,10,-47,118,50,2
12658,7.32,Z,31,2,342,0,67,80,177,2,P,59,1,398,3,17,110,88,0,1,28,-1,56,3,-50,30,-89,-2
12659,5.08,P,27,2,427,0,9,68,16,1,Z,25,2,174,0,16,26,144,1,1,-2,0,-253,0,7,-42,128,0
12660,9.58,T,127,2,606,0,288,331,145,8,Z,89,0,422,0,65,366,198,4,0,-38,-2,-184,0,-223,35,53,-4
12661,9.57,T,70,0,484,0,18,159,94,0,T,79,5,536,0,2,146,134,0,1,9,5,52,0,-16,-13,40,0
12662,2.27,P,10,0,193,0,0,13,14,1,Z,7,0,29,0,0,9,26,0,1,-3,0,-164,0,0,-4,12,-1
12663,9.59,P,50,2,468,0,22,270,103,3,T,39,4,447,0,7,50,65,0,0,-11,2,-21,0,-15,-220,-38,-3
12664,9.57,T,123,0,407,0,334,315,185,5,Z,92,0,410,0,349,205,377,12,1,-31,0,3,0,15,-110,192,7
12665,9.59,T,86,0,612,0,124,177,135,6,Z,89,2,984,0,148,181,262,0,0,3,2,372,0,24,4,127,-6
12666,9.59,P,55,3,589,0,11,240,88,1,T,58,0,448,0,29,76,85,6,0,3,-3,-141,0,18,-164,-3,5
12667,6.27,P,30,1,262,0,0,156,63,0,P,34,0,270,0,0,168,93,0,1,4,-1,8,0,0,12,30,0
12668,4.1,P,11,0,258,0,1,14,21,0,P,21,1,137,0,0,46,34,0,1,10,1,-121,0,-1,32,13,0
12669,8.26,T,63,5,437,0,97,122,176,0,P,55,7,406,0,65,214,113,2,0,-8,2,-31,0,-32,92,-63,2
12670,7.21,Z,49,0,190,0,82,232,116,4,Z,50,1,364,0,398,213,181,9,0,1,1,174,0,316,-19,65,5
12671,6.23,T,53,2,167,0,358,212,160,3,T,48,0,305,0,120,213,83,13,0,-5,-2,138,0,-238,1,-77,10
12672,9.56,P,19,0,391,0,0,24,39,0,Z,33,1,805,0,0,57,116,0,0,14,1,414,0,0,33,77,0
12673,6.3,Z,34,4,535,0,144,133,226,0,T,52,1,401,0,20,116,75,6,0,18,-3,-134,0,-124,-17,-151,6
12674,7.48,Z,48,0,347,0,53,375,180,3,T,77,9,366,0,337,189,98,3,1,29,9,19,0,284,-186,-82,0
12675,7.08,T,41,0,646,0,18,77,85,4,Z,43,0,433,0,115,177,180,5,0,2,0,-213,0,97,100,95,1
12676,6.33,T,53,4,408,0,91,110,83,3,P,62,2,418,0,138,163,74,4,0,9,-2,10,0,47,53,-9,1
12677,7.5,T,82,4,535,1,98,254,112,4,T,83,1,453,0,265,204,123,13,1,1,-3,-82,-1,167,-50,11,9
12678,7.25,Z,53,4,504,0,107,152,145,4,T,85,0,535,0,265,323,147,8,1,32,-4,31,0,158,171,2,4
12679,10.32,T,105,0,449,0,625,297,229,24,P,59,6,687,0,40,239,163,2,0,-46,6,238,0,-585,-58,-66,-22
12680,4.59,T,28,2,266,0,473,116,75,7,T,30,0,147,0,176,114,111,6,0,2,-2,-119,0,-297,-2,36,-1
12681,9.59,P,38,0,596,0,0,34,66,0,P,36,0,543,0,10,45,46,5,1,-2,0,-53,0,10,11,-20,5
12682,9.59,P,72,1,470,0,76,196,112,8,T,89,6,394,0,197,135,178,6,0,17,5,-76,0,121,-61,66,-2
12683,9.59,T,76,3,653,0,567,325,160,8,Z,87,13,360,4,430,120,278,3,1,11,10,-293,4,-137,-205,118,-5
12684,7.53,T,32,0,379,0,0,45,72,0,T,50,0,342,0,0,75,99,0,1,18,0,-37,0,0,30,27,0
12685,9.36,Z,93,1,410,0,430,230,433,10,T,95,5,542,0,117,262,123,1,0,2,4,132,0,-313,32,-310,-9
12686,9.59,T,74,11,931,0,43,187,119,1,Z,65,7,655,0,113,227,213,3,1,-9,-4,-276,0,70,40,94,2
12687,4,Z,19,1,141,0,109,53,131,1,T,51,0,98,0,78,200,82,5,1,32,-1,-43,0,-31,147,-49,4
12688,9.59,P,43,4,680,0,25,95,70,1,T,90,12,263,0,53,236,103,1,1,47,8,-417,0,28,141,33,0
12689,2.4,Z,9,1,16,0,601,11,23,1,T,9,0,188,0,8,17,16,2,0,0,-1,172,0,-593,6,-7,1
12690,9.22,T,40,3,579,0,21,56,66,0,P,34,0,542,0,2,80,54,3,1,-6,-3,-37,0,-19,24,-12,3
12691,3.23,P,14,0,212,0,29,85,25,6,P,18,0,165,0,0,151,43,0,0,4,0,-47,0,-29,66,18,-6
12692,8.47,T,60,8,288,0,50,150,58,4,P,46,5,397,0,18,78,46,0,0,-14,-3,109,0,-32,-72,-12,-4
12693,9.44,T,135,0,716,0,562,286,213,24,T,109,2,494,0,495,295,164,7,1,-26,2,-222,0,-67,9,-49,-17
12694,9.09,Z,48,3,442,0,19,146,139,0,P,49,2,595,0,10,129,54,0,1,1,-1,153,0,-9,-17,-85,0
12695,9.59,Z,54,0,416,0,58,134,167,4,P,49,0,467,0,31,146,88,5,1,-5,0,51,0,-27,12,-79,1
12696,3.44,Z,13,0,227,0,5,38,54,1,P,13,3,299,0,1,91,15,0,0,0,3,72,0,-4,53,-39,-1
12697,2.52,Z,9,1,110,3,315,31,132,0,T,8,3,79,0,248,96,59,2,0,-1,2,-31,-3,-67,65,-73,2
12698,7.23,Z,74,0,367,0,148,262,237,8,Z,71,3,303,0,256,231,285,5,0,-3,3,-64,0,108,-31,48,-3
12699,5.33,Z,26,0,261,0,24,165,82,0,T,18,2,117,0,4,93,46,2,0,-8,2,-144,0,-20,-72,-36,2
12700,9.59,T,64,1,507,0,2,24,96,0,P,32,0,613,0,0,23,41,0,1,-32,-1,106,0,-2,-1,-55,0
12701,3.44,Z,16,1,240,0,112,96,107,5,T,24,0,140,0,164,55,36,13,0,8,-1,-100,0,52,-41,-71,8
12702,7.44,P,83,6,248,0,522,287,83,6,Z,68,3,348,0,279,222,516,6,0,-15,-3,100,0,-243,-65,433,0
12703,3.34,P,17,0,46,0,20,92,70,2,T,11,0,219,0,0,46,24,0,0,-6,0,173,0,-20,-46,-46,-2
12704,3.52,T,17,0,289,0,3,32,27,4,T,19,4,158,0,185,39,24,0,0,2,4,-131,0,182,7,-3,-4
12705,8.18,T,65,0,531,0,9,120,140,16,Z,76,4,305,0,296,118,200,13,1,11,4,-226,0,287,-2,60,-3
12706,6.09,Z,38,0,170,0,36,54,119,2,Z,44,0,465,0,383,164,188,2,1,6,0,295,0,347,110,69,0
12707,6.56,T,50,0,481,0,303,142,57,11,P,66,0,355,0,243,294,82,15,1,16,0,-126,0,-60,152,25,4
12708,10.29,Z,95,3,610,0,233,363,399,25,T,95,0,886,0,37,178,167,11,0,0,-3,276,0,-196,-185,-232,-14
12709,7.31,T,52,5,577,0,15,148,74,0,P,44,0,554,0,26,96,36,5,1,-8,-5,-23,0,11,-52,-38,5
12710,7.29,T,77,0,309,0,63,169,79,3,Z,26,0,419,0,0,94,93,0,0,-51,0,110,0,-63,-75,14,-3
12711,10.36,Z,84,8,347,0,66,435,231,0,P,47,0,901,0,0,177,96,0,1,-37,-8,554,0,-66,-258,-135,0
12712,9.59,T,63,4,692,0,30,165,68,1,T,52,5,291,0,6,64,97,1,1,-11,1,-401,0,-24,-101,29,0
12713,8.35,T,56,2,570,0,12,175,126,2,T,54,2,728,0,18,147,147,1,0,-2,0,158,0,6,-28,21,-1
12714,9.59,P,104,5,839,0,69,265,82,1,Z,77,21,563,2,183,216,338,1,0,-27,16,-276,2,114,-49,256,0
12715,3.58,Z,10,1,84,0,40,48,104,4,Z,10,4,124,0,1,25,55,0,0,0,3,40,0,-39,-23,-49,-4
12716,7.36,Z,43,8,338,0,675,164,142,1,P,41,0,561,0,11,111,163,6,0,-2,-8,223,0,-664,-53,21,5
12717,6.12,P,22,1,306,0,3,39,49,0,P,21,1,336,0,5,18,46,1,0,-1,0,30,0,2,-21,-3,1
12718,5.08,Z,34,5,205,0,31,106,92,3,Z,26,4,108,0,32,168,103,2,0,-8,-1,-97,0,1,62,11,-1
12719,2.52,P,7,0,180,0,35,21,20,1,Z,10,0,145,0,0,33,78,2,0,3,0,-35,0,-35,12,58,1
12720,9.5,P,88,6,567,6,55,370,101,0,P,60,0,541,0,34,167,60,8,0,-28,-6,-26,-6,-21,-203,-41,8
12721,4.29,P,19,1,279,4,9,62,31,0,P,26,1,267,0,131,170,78,1,1,7,0,-12,-4,122,108,47,1
12722,5.08,Z,27,4,166,0,58,62,90,1,Z,27,2,305,0,352,131,108,6,1,0,-2,139,0,294,69,18,5
12723,6.08,P,28,0,198,0,20,212,43,5,Z,25,2,268,0,43,89,140,0,0,-3,2,70,0,23,-123,97,-5
12724,10.27,P,55,0,593,0,0,175,73,1,T,67,0,496,0,34,112,116,3,0,12,0,-97,0,34,-63,43,2
12725,9.59,Z,61,0,359,0,54,200,201,6,T,117,0,617,0,74,249,187,11,1,56,0,258,0,20,49,-14,5
12726,8.14,P,59,0,447,0,58,145,142,7,T,63,0,407,0,149,269,89,20,1,4,0,-40,0,91,124,-53,13
12727,9.57,P,47,0,356,0,1,243,135,2,T,81,0,360,0,18,377,157,9,1,34,0,4,0,17,134,22,7
12728,9.44,P,41,10,577,0,10,38,78,0,T,39,0,614,0,0,39,59,0,0,-2,-10,37,0,-10,1,-19,0
12729,5.04,T,46,0,169,0,262,145,79,11,T,44,2,252,0,315,142,76,5,1,-2,2,83,0,53,-3,-3,-6
12730,9.14,P,49,0,492,0,11,203,97,3,T,63,2,548,0,13,39,88,0,1,14,2,56,0,2,-164,-9,-3
12731,7.11,Z,47,4,453,0,184,225,337,8,Z,47,0,534,0,140,213,213,6,0,0,-4,81,0,-44,-12,-124,-2
12732,9.59,Z,58,6,566,1,55,129,173,3,P,107,5,327,0,227,466,236,11,1,49,-1,-239,-1,172,337,63,8
12733,4.4,T,27,0,292,0,178,58,52,6,P,24,1,273,0,24,57,28,2,0,-3,1,-19,0,-154,-1,-24,-4
12734,9.59,Z,52,0,162,0,35,70,165,8,T,53,5,388,0,11,130,132,0,1,1,5,226,0,-24,60,-33,-8
12735,9.59,Z,56,0,966,0,0,120,189,0,T,55,4,528,0,5,292,86,1,0,-1,4,-438,0,5,172,-103,1
12736,1.38,Z,4,0,117,0,8,22,25,4,Z,0,0,1,0,0,0,0,0,0,-4,0,-116,0,-8,-22,-25,-4
12737,9.59,Z,80,0,558,0,80,170,272,5,T,139,2,408,0,188,276,193,8,0,59,2,-150,0,108,106,-79,3
12738,7.4,T,55,3,460,0,63,264,92,0,Z,34,0,382,0,58,138,127,4,0,-21,-3,-78,0,-5,-126,35,4
12739,8.3,T,66,0,469,0,114,122,94,9,P,30,1,197,0,9,126,65,0,0,-36,1,-272,0,-105,4,-29,-9
12740,1.24,P,7,0,42,0,160,10,22,3,P,5,0,31,0,0,35,34,1,1,-2,0,-11,0,-160,25,12,-2
12741,9.49,T,49,0,293,0,7,58,73,5,T,51,0,335,0,68,79,98,7,0,2,0,42,0,61,21,25,2
12742,8.56,Z,42,2,302,0,23,235,148,1,Z,50,0,444,0,51,220,146,6,0,8,-2,142,0,28,-15,-2,5
12743,8.24,P,47,3,324,0,63,134,63,1,T,55,3,383,0,176,198,225,13,1,8,0,59,0,113,64,162,12
12744,9.59,T,67,3,403,0,8,129,84,1,T,45,0,510,0,2,241,126,6,1,-22,-3,107,0,-6,112,42,5
12745,9.59,T,63,0,837,0,77,94,79,3,Z,65,3,453,0,126,239,202,14,0,2,3,-384,0,49,145,123,11
12746,3.12,T,14,2,229,0,53,96,81,0,P,8,0,300,0,0,42,17,0,1,-6,-2,71,0,-53,-54,-64,0
12747,1.53,P,6,0,58,0,22,35,29,2,P,7,0,84,0,4,15,105,2,1,1,0,26,0,-18,-20,76,0
12748,9.58,Z,47,0,604,0,0,63,184,0,P,64,4,552,0,19,140,137,0,1,17,4,-52,0,19,77,-47,0
12749,9.59,P,68,6,514,0,615,208,94,2,T,88,16,328,0,132,209,269,3,0,20,10,-186,0,-483,1,175,1
12750,8.5,T,66,0,503,11,47,199,119,0,Z,57,6,397,0,52,232,200,3,1,-9,6,-106,-11,5,33,81,3
12751,9.59,T,54,0,687,0,10,115,170,3,Z,66,4,503,0,775,180,234,3,0,12,4,-184,0,765,65,64,0
12752,2.48,Z,11,0,110,0,39,96,75,3,T,11,0,142,0,0,33,24,0,1,0,0,32,0,-39,-63,-51,-3
12753,9.59,P,68,0,778,0,565,261,131,5,Z,47,0,460,0,25,201,261,4,1,-21,0,-318,0,-540,-60,130,-1
12754,7.35,P,52,0,400,0,347,354,79,17,Z,56,0,321,0,201,220,222,12,0,4,0,-79,0,-146,-134,143,-5
12755,9.29,P,46,2,581,0,4,59,67,0,P,34,0,267,2,20,56,43,0,1,-12,-2,-314,2,16,-3,-24,0
12756,5.17,Z,22,0,181,0,22,124,96,4,T,27,2,189,0,29,100,39,2,1,5,2,8,0,7,-24,-57,-2
12757,4.39,T,31,0,118,0,78,223,69,2,P,31,1,189,0,73,124,60,2,0,0,1,71,0,-5,-99,-9,0
12758,6.53,Z,52,0,500,0,37,143,167,5,P,54,0,409,0,318,144,104,8,1,2,0,-91,0,281,1,-63,3
12759,9.59,T,70,2,219,0,457,210,201,9,Z,64,0,251,7,145,80,232,2,1,-6,-2,32,7,-312,-130,31,-7
12760,9.39,T,73,4,661,0,10,139,105,0,T,76,0,385,0,262,149,221,19,0,3,-4,-276,0,252,10,116,19
12761,9.32,P,49,3,450,0,453,124,205,12,P,66,12,673,0,20,229,88,2,1,17,9,223,0,-433,105,-117,-10
12762,1.16,T,6,3,57,0,0,7,11,0,T,5,0,34,0,42,2,6,3,1,-1,-3,-23,0,42,-5,-5,3
12763,4.16,Z,14,0,176,5,44,102,78,0,Z,20,0,297,0,338,131,78,3,0,6,0,121,-5,294,29,0,3
12764,9.59,P,48,0,612,0,0,162,76,3,Z,50,0,308,0,8,158,248,2,1,2,0,-304,0,8,-4,172,-1
12765,6.4,P,49,2,321,0,198,186,40,10,P,42,5,318,0,452,205,95,5,1,-7,3,-3,0,254,19,55,-5
12766,3.29,P,10,0,47,0,166,112,76,3,P,13,0,171,0,0,27,24,0,0,3,0,124,0,-166,-85,-52,-3
12767,8.08,Z,47,0,284,0,100,146,224,7,T,61,0,268,0,338,100,356,3,0,14,0,-16,0,238,-46,132,-4
12768,10.57,Z,79,11,634,2,284,231,392,6,Z,58,0,706,0,38,265,178,12,1,-21,-11,72,-2,-246,34,-214,6
12769,4.02,Z,17,2,187,0,61,45,87,0,T,17,0,149,0,0,11,39,1,0,0,-2,-38,0,-61,-34,-48,1
12770,9.59,P,52,0,661,0,33,161,77,7,T,53,0,667,0,7,111,59,4,0,1,0,6,0,-26,-50,-18,-3
12771,2.21,P,13,0,34,0,86,35,71,2,Z,6,0,97,0,0,41,26,0,1,-7,0,63,0,-86,6,-45,-2
12772,9.45,T,89,0,614,0,60,153,106,8,Z,76,0,779,0,118,239,259,9,1,-13,0,165,0,58,86,153,1
12773,6,T,33,0,291,0,8,163,36,6,T,36,4,403,0,4,80,68,0,0,3,4,112,0,-4,-83,32,-6
12774,8.49,T,61,0,498,0,316,400,225,10,T,81,3,795,0,125,233,138,4,0,20,3,297,0,-191,-167,-87,-6
12775,3.01,T,13,3,53,0,6,11,14,0,P,11,3,130,0,5,38,14,1,0,-2,0,77,0,-1,27,0,1
12776,9.59,T,78,0,644,0,570,252,221,2,Z,52,0,471,0,346,135,331,5,1,-26,0,-173,0,-224,-117,110,3
12777,7.37,P,24,0,185,0,0,172,23,0,T,56,0,284,0,2,99,102,6,1,32,0,99,0,2,-73,79,6
12778,9.15,T,51,0,834,4,35,160,78,0,P,27,0,459,0,0,50,47,0,1,-24,0,-375,-4,-35,-110,-31,0
12779,10.56,T,107,4,860,0,41,168,139,3,P,90,9,609,0,86,170,88,5,1,-17,5,-251,0,45,2,-51,2
12780,7.29,T,53,2,440,0,67,165,109,4,P,29,0,278,0,5,120,63,2,0,-24,-2,-162,0,-62,-45,-46,-2
12781,9.59,Z,53,0,441,0,105,194,193,9,Z,66,0,740,0,119,194,201,12,1,13,0,299,0,14,0,8,3
12782,6.46,Z,37,0,264,0,18,105,447,3,T,33,1,436,0,14,60,50,2,0,-4,1,172,0,-4,-45,-397,-1
12783,8.26,P,39,7,528,0,22,125,68,0,P,29,5,796,0,10,62,43,0,1,-10,-2,268,0,-12,-63,-25,0
12784,8.23,Z,40,1,211,0,12,85,138,1,T,43,0,462,0,59,143,59,10,1,3,-1,251,0,47,58,-79,9
12785,9.59,T,61,4,595,0,52,239,203,8,T,77,1,380,0,12,227,131,5,1,16,-3,-215,0,-40,-12,-72,-3
12786,9.59,T,23,1,303,0,3,106,78,0,T,54,0,668,0,1,142,117,4,0,31,-1,365,0,-2,36,39,4
12787,4.33,Z,17,0,482,0,10,19,49,6,Z,17,3,211,0,28,22,65,2,0,0,3,-271,0,18,3,16,-4
12788,5.48,T,54,0,258,0,328,163,62,13,Z,39,0,82,0,258,73,76,3,0,-15,0,-176,0,-70,-90,14,-10
12789,6.18,Z,30,8,303,0,35,33,88,1,Z,36,2,535,0,56,154,247,2,1,6,-6,232,0,21,121,159,1
12790,9.58,T,69,0,796,0,37,97,84,2,Z,61,0,351,0,12,101,183,1,0,-8,0,-445,0,-25,4,99,-1
12791,9.45,Z,86,9,415,0,112,183,294,6,T,62,0,701,0,302,165,85,14,0,-24,-9,286,0,190,-18,-209,8
12792,7.33,P,58,2,290,0,332,190,168,6,Z,44,2,350,0,102,125,197,3,0,-14,0,60,0,-230,-65,29,-3
12793,2.19,Z,7,0,137,3,44,68,66,3,Z,8,0,125,0,286,57,43,12,1,1,0,-12,-3,242,-11,-23,9
12794,8.49,T,34,0,475,0,3,174,90,4,T,65,2,375,0,36,219,81,0,1,31,2,-100,0,33,45,-9,-4
12795,6,P,49,4,376,0,13,223,79,0,T,50,0,278,0,125,209,87,2,0,1,-4,-98,0,112,-14,8,2
12796,5.26,P,23,5,336,0,7,66,77,1,P,16,0,175,0,20,50,25,3,1,-7,-5,-161,0,13,-16,-52,2
12797,3.53,T,27,0,150,0,15,154,39,2,P,15,0,148,0,28,97,24,3,0,-12,0,-2,0,13,-57,-15,1
12798,9.02,T,110,11,423,0,111,276,166,8,T,92,6,457,0,93,195,158,16,0,-18,-5,34,0,-18,-81,-8,8
12799,8.34,T,55,0,677,0,72,191,143,11,Z,73,2,291,1,68,235,157,1,1,18,2,-386,1,-4,44,14,-10
12800,9.59,P,32,0,230,0,1,37,52,5,Z,78,0,640,0,82,74,190,5,1,46,0,410,0,81,37,138,0
12801,10.14,T,93,1,719,0,184,471,314,26,Z,77,0,527,0,78,242,433,2,1,-16,-1,-192,0,-106,-229,119,-24
12802,8.58,T,66,3,252,0,53,120,72,6,T,36,0,404,0,0,75,55,0,0,-30,-3,152,0,-53,-45,-17,-6
12803,9.59,T,65,0,787,0,49,220,63,8,T,81,3,549,0,6,177,142,1,0,16,3,-238,0,-43,-43,79,-7
12804,5.29,T,19,0,466,0,0,12,43,0,T,25,0,479,0,2,38,41,7,0,6,0,13,0,2,26,-2,7
12805,7,T,60,0,459,0,418,152,269,8,Z,37,0,338,0,44,80,147,2,0,-23,0,-121,0,-374,-72,-122,-6
12806,9.59,P,111,3,359,0,276,326,149,16,Z,75,5,589,0,223,193,272,5,0,-36,2,230,0,-53,-133,123,-11
12807,9.59,Z,86,0,372,0,177,210,395,12,T,105,6,973,0,39,227,157,9,0,19,6,601,0,-138,17,-238,-3
12808,5.57,T,68,3,355,0,276,195,50,6,Z,47,2,264,0,13,146,101,2,0,-21,-1,-91,0,-263,-49,51,-4
12809,0.59,T,5,0,40,0,5,7,8,1,T,4,0,76,0,0,13,31,0,0,-1,0,36,0,-5,6,23,-1
12810,2.32,Z,6,0,122,0,198,73,56,8,Z,9,0,90,0,12,7,43,8,0,3,0,-32,0,-186,-66,-13,0
12811,4.21,Z,23,0,238,0,122,110,93,8,Z,19,0,154,0,29,59,82,3,0,-4,0,-84,0,-93,-51,-11,-5
12812,9.58,Z,49,4,602,0,45,117,153,0,T,100,9,581,0,116,171,140,0,1,51,5,-21,0,71,54,-13,0
12813,6.47,T,56,0,302,0,79,236,176,11,P,53,3,360,0,389,200,94,9,0,-3,3,58,0,310,-36,-82,-2
12814,9.58,T,40,0,347,0,0,20,66,0,Z,36,0,819,0,77,150,170,7,0,-4,0,472,0,77,130,104,7
12815,6.4,T,66,7,312,0,455,125,122,7,Z,44,3,261,0,169,82,216,5,0,-22,-4,-51,0,-286,-43,94,-2
12816,9.03,P,39,4,625,0,44,171,38,0,T,93,5,412,0,895,150,102,6,1,54,1,-213,0,851,-21,64,6
12817,9.08,T,94,6,619,0,667,180,342,13,P,80,0,506,0,441,349,135,15,0,-14,-6,-113,0,-226,169,-207,2
12818,5.1,Z,23,0,448,0,2,92,101,2,T,22,0,191,0,481,50,113,6,1,-1,0,-257,0,479,-42,12,4
12819,2.18,P,12,1,81,0,24,44,55,0,P,6,0,76,0,5,28,7,4,1,-6,-1,-5,0,-19,-16,-48,4
12820,9.58,Z,38,0,499,0,0,54,148,0,Z,39,3,625,0,14,117,137,0,0,1,3,126,0,14,63,-11,0
12821,6.13,T,28,0,387,0,1,66,69,5,T,31,2,126,0,67,24,101,1,1,3,2,-261,0,66,-42,32,-4
12822,2.4,Z,10,0,162,0,5,23,31,2,Z,12,0,29,0,5,16,115,3,1,2,0,-133,0,0,-7,84,1
12823,9.59,T,63,0,396,0,10,134,83,4,T,65,7,508,0,881,215,129,3,0,2,7,112,0,871,81,46,-1
12824,9.59,P,62,0,620,0,44,201,109,6,Z,61,4,720,0,70,123,230,0,1,-1,4,100,0,26,-78,121,-6
12825,3.15,Z,10,1,96,0,29,22,40,3,Z,14,2,56,0,5,22,40,0,1,4,1,-40,0,-24,0,0,-3
12826,4.44,T,29,0,292,0,202,28,47,6,Z,21,2,197,0,134,90,180,5,0,-8,2,-95,0,-68,62,133,-1
12827,9.59,Z,64,3,312,0,155,144,314,3,T,96,4,516,0,130,220,111,3,0,32,1,204,0,-25,76,-203,0
12828,9.59,Z,74,0,534,0,52,277,227,2,Z,81,16,343,3,428,221,483,6,0,7,16,-191,3,376,-56,256,4
12829,4.47,Z,27,3,211,0,74,70,79,0,T,32,4,219,0,15,60,52,0,1,5,1,8,0,-59,-10,-27,0
12830,8.57,T,118,0,521,0,245,261,111,18,Z,120,6,479,0,202,386,261,11,1,2,6,-42,0,-43,125,150,-7
12831,9.59,T,72,6,730,0,13,134,108,0,P,62,6,565,1,58,247,136,9,1,-10,0,-165,1,45,113,28,9
12832,2.58,T,14,0,205,0,227,76,87,16,T,15,8,128,6,63,23,108,2,1,1,8,-77,6,-164,-53,21,-14
12833,5.5,T,75,1,221,0,429,200,155,10,Z,27,6,206,0,31,48,58,1,0,-48,5,-15,0,-398,-152,-97,-9
12834,8.41,T,66,8,742,0,536,158,76,7,P,65,0,297,0,81,148,163,6,1,-1,-8,-445,0,-455,-10,87,-1
12835,10.08,T,49,0,771,0,1,144,99,0,P,69,8,604,3,554,393,107,6,1,20,8,-167,3,553,249,8,6
12836,2.12,P,11,0,130,0,0,13,5,3,P,8,3,54,0,11,56,18,0,0,-3,3,-76,0,11,43,13,-3
12837,9.58,Z,76,5,306,0,410,157,308,2,P,79,0,550,0,29,272,89,1,1,3,-5,244,0,-381,115,-219,-1
12838,7.1,T,38,0,634,0,23,32,43,2,T,37,0,663,0,22,71,62,4,1,-1,0,29,0,-1,39,19,2
12839,5.21,T,37,0,288,0,312,112,119,20,P,38,0,201,0,165,83,43,6,0,1,0,-87,0,-147,-29,-76,-14
12840,9.59,P,69,1,323,0,61,160,67,2,T,64,0,835,0,33,126,243,7,1,-5,-1,512,0,-28,-34,176,5
12841,3.19,T,23,2,53,0,201,58,178,1,P,11,0,56,0,88,64,92,1,1,-12,-2,3,0,-113,6,-86,0
12842,9.59,P,56,3,261,0,11,121,112,1,T,76,0,524,0,153,270,173,22,1,20,-3,263,0,142,149,61,21
12843,9.59,T,70,0,507,0,604,209,200,13,Z,66,0,284,0,48,93,189,4,0,-4,0,-223,0,-556,-116,-11,-9
12844,5.21,T,23,0,468,0,46,47,35,13,P,22,0,255,0,0,62,26,1,0,-1,0,-213,0,-46,15,-9,-12
12845,8.41,Z,55,9,560,0,78,36,170,3,P,41,1,369,0,32,173,67,4,0,-14,-8,-191,0,-46,137,-103,1
12846,7.25,Z,28,0,339,0,230,200,333,1,P,19,0,136,0,0,41,54,0,0,-9,0,-203,0,-230,-159,-279,-1
12847,9.28,T,66,1,686,0,38,188,101,6,P,37,0,822,0,18,122,110,18,1,-29,-1,136,0,-20,-66,9,12
12848,9.59,Z,62,1,351,0,180,172,298,9,T,62,3,597,0,5,77,131,0,1,0,2,246,0,-175,-95,-167,-9
12849,8.01,Z,32,0,316,0,0,28,104,0,T,34,0,372,0,3,75,65,5,1,2,0,56,0,3,47,-39,5
12850,9.58,T,116,6,672,0,250,245,115,4,P,96,6,554,5,116,451,241,4,0,-20,0,-118,5,-134,206,126,0
12851,6.01,Z,21,3,217,0,43,63,86,5,P,26,1,505,0,397,109,129,9,0,5,-2,288,0,354,46,43,4
12852,6.23,P,23,0,326,0,148,92,154,3,P,29,0,336,0,3,119,104,2,1,6,0,10,0,-145,27,-50,-1
12853,9,T,53,6,701,0,62,84,104,0,T,55,0,467,0,14,95,66,6,0,2,-6,-234,0,-48,11,-38,6
12854,7.18,T,29,0,479,0,0,82,70,0,T,23,0,277,0,2,38,36,3,1,-6,0,-202,0,2,-44,-34,3
12855,10.22,T,80,0,818,0,45,114,79,7,Z,52,0,370,0,15,135,145,4,1,-28,0,-448,0,-30,21,66,-3
12856,8.13,Z,53,5,434,0,13,69,135,0,P,57,2,541,0,516,265,105,6,0,4,-3,107,0,503,196,-30,6
12857,5.08,T,29,0,294,0,381,132,116,9,P,32,0,359,0,220,150,68,9,0,3,0,65,0,-161,18,-48,0
12858,7.21,T,100,2,304,0,665,184,141,17,Z,53,0,327,0,230,263,236,12,0,-47,-2,23,0,-435,79,95,-5
12859,10.09,T,60,4,961,0,15,43,78,0,T,51,10,674,0,15,60,97,0,0,-9,6,-287,0,0,17,19,0
12860,9.59,T,98,11,561,0,327,185,201,2,Z,84,6,496,0,297,187,260,14,1,-14,-5,-65,0,-30,2,59,12
12861,9.01,P,31,9,701,0,6,44,78,0,P,28,0,515,0,22,65,44,8,0,-3,-9,-186,0,16,21,-34,8
12862,9.59,P,85,7,543,0,302,245,97,6,Z,57,3,409,0,76,198,247,5,0,-28,-4,-134,0,-226,-47,150,-1
12863,10.33,Z,120,0,576,0,202,287,423,34,Z,52,0,406,2,35,100,213,0,0,-68,0,-170,2,-167,-187,-210,-34
12864,8.22,Z,72,3,340,0,484,197,257,3,T,72,2,512,0,242,129,95,4,0,0,-1,172,0,-242,-68,-162,1
12865,4.48,T,23,0,179,0,0,17,39,1,T,6,0,152,0,0,4,11,0,0,-17,0,-27,0,0,-13,-28,-1
12866,3.12,T,15,0,203,0,69,78,38,10,Z,11,0,48,0,2,23,49,0,1,-4,0,-155,0,-67,-55,11,-10
12867,9.59,T,41,0,517,0,17,111,79,4,T,55,0,700,0,22,33,51,3,0,14,0,183,0,5,-78,-28,-1
12868,6.23,P,51,0,455,0,13,106,84,2,T,55,0,257,0,152,254,58,11,1,4,0,-198,0,139,148,-26,9
12869,6.32,Z,43,0,196,0,75,196,129,7,P,42,3,503,0,33,126,57,3,1,-1,3,307,0,-42,-70,-72,-4
12870,9.59,P,53,2,1048,0,6,240,98,1,P,35,0,752,0,28,177,62,4,1,-18,-2,-296,0,22,-63,-36,3
12871,8.18,P,17,0,496,0,0,92,34,1,P,30,0,422,0,0,133,42,0,1,13,0,-74,0,0,41,8,-1
12872,3.34,T,18,3,151,0,175,51,27,5,P,11,0,87,0,177,48,22,3,0,-7,-3,-64,0,2,-3,-5,-2
12873,8.47,Z,84,5,480,0,348,241,389,3,T,87,5,576,0,590,245,281,14,1,3,0,96,0,242,4,-108,11
12874,7.36,Z,44,3,526,0,101,224,154,1,T,56,0,269,0,7,133,70,5,0,12,-3,-257,0,-94,-91,-84,4
12875,10.04,Z,65,3,685,0,107,162,263,4,T,123,0,375,0,302,243,197,12,1,58,-3,-310,0,195,81,-66,8
12876,9.59,P,35,3,181,0,3,41,50,0,T,66,0,569,0,7,95,103,4,0,31,-3,388,0,4,54,53,4
12877,7.17,T,54,0,359,0,297,245,105,8,T,51,3,583,0,200,279,87,3,1,-3,3,224,0,-97,34,-18,-5
12878,7.34,T,45,0,336,18,81,126,173,1,Z,42,4,287,0,9,70,131,0,0,-3,4,-49,-18,-72,-56,-42,-1
12879,3.53,T,25,1,218,0,13,85,48,3,T,30,0,230,0,202,128,55,7,1,5,-1,12,0,189,43,7,4
12880,4.29,Z,20,3,312,0,19,27,33,5,T,12,0,90,0,2,77,74,7,1,-8,-3,-222,0,-17,50,41,2
12881,4.03,P,11,0,198,0,68,117,46,3,P,12,0,491,0,0,15,47,0,0,1,0,293,0,-68,-102,1,-3
12882,6.19,T,44,7,358,0,15,117,115,6,P,32,4,294,0,61,22,25,0,0,-12,-3,-64,0,46,-95,-90,-6
12883,7.01,P,42,2,355,5,96,103,62,0,Z,31,4,346,0,23,117,126,3,1,-11,2,-9,-5,-73,14,64,3
12884,3.42,T,13,0,186,0,0,14,25,0,T,20,0,168,0,81,54,103,3,1,7,0,-18,0,81,40,78,3
12885,7.02,T,41,3,360,0,532,265,102,11,P,62,0,275,0,641,242,200,14,1,21,-3,-85,0,109,-23,98,3
12886,9.59,P,65,0,310,0,5,271,113,9,Z,62,0,569,0,101,244,178,8,1,-3,0,259,0,96,-27,65,-1
12887,8.09,P,45,0,690,0,392,90,83,9,Z,53,5,470,0,48,256,222,1,1,8,5,-220,0,-344,166,139,-8
12888,5.47,T,42,9,229,0,258,204,114,13,Z,26,1,196,0,21,78,169,2,1,-16,-8,-33,0,-237,-126,55,-11
12889,9.25,Z,47,6,552,0,108,178,175,0,P,55,1,1158,0,16,112,76,4,0,8,-5,606,0,-92,-66,-99,4
12890,7.46,Z,47,13,342,0,171,169,174,3,Z,42,2,357,0,83,270,219,1,0,-5,-11,15,0,-88,101,45,-2
12891,7.13,Z,60,2,292,5,522,387,288,27,Z,76,13,255,5,541,370,241,8,1,16,11,-37,0,19,-17,-47,-19
12892,2.07,P,8,0,91,0,1,32,10,0,T,7,0,97,0,0,16,14,0,0,-1,0,6,0,-1,-16,4,0
12893,5.18,P,39,2,144,0,91,167,125,2,P,24,3,172,0,43,274,39,1,0,-15,1,28,0,-48,107,-86,-1
12894,5.22,Z,33,2,276,0,188,132,158,3,T,47,3,274,0,352,184,117,3,1,14,1,-2,0,164,52,-41,0
12895,6,P,27,1,375,0,59,180,49,4,T,50,0,289,0,11,279,160,2,1,23,-1,-86,0,-48,99,111,-2
12896,10.4,Z,83,0,640,41,123,187,271,2,T,135,6,661,0,111,183,111,0,0,52,6,21,-41,-12,-4,-160,-2
12897,9.54,T,79,5,443,0,352,176,183,0,T,103,1,557,0,123,247,89,6,0,24,-4,114,0,-229,71,-94,6
12898,10.32,Z,70,7,321,0,40,153,175,3,T,87,4,630,0,106,202,162,1,0,17,-3,309,0,66,49,-13,-2
12899,6.58,Z,58,5,255,3,270,226,215,12,Z,49,5,278,0,238,275,223,6,0,-9,0,23,-3,-32,49,8,-6
12900,6.55,Z,46,0,496,0,63,241,133,7,Z,42,0,322,0,447,211,192,12,0,-4,0,-174,0,384,-30,59,5
12901,10.01,Z,34,2,623,0,38,116,153,0,Z,47,4,724,0,106,212,144,0,0,13,2,101,0,68,96,-9,0
12902,1.55,T,8,0,305,0,92,45,60,2,Z,11,0,110,2,62,100,50,0,0,3,0,-195,2,-30,55,-10,-2
12903,7.03,Z,39,0,152,0,31,109,168,2,T,61,1,319,0,262,157,140,3,0,22,1,167,0,231,48,-28,1
12904,9.59,T,67,0,966,0,128,181,145,4,T,62,0,637,0,318,211,75,12,1,-5,0,-329,0,190,30,-70,8
12905,10.28,Z,85,0,607,0,130,400,207,8,P,68,0,465,0,45,160,96,19,0,-17,0,-142,0,-85,-240,-111,11
12906,4.13,Z,17,1,88,0,24,86,64,0,T,26,1,178,0,178,68,58,6,0,9,0,90,0,154,-18,-6,6
12907,10.23,T,75,5,688,0,22,522,116,1,T,82,0,1220,0,1028,125,105,9,1,7,-5,532,0,1006,-397,-11,8
12908,5.32,T,43,3,286,0,18,133,163,1,P,34,4,390,0,295,168,115,1,1,-9,1,104,0,277,35,-48,0
12909,8.11,P,53,1,679,0,30,199,86,3,T,30,2,493,0,17,85,41,3,0,-23,1,-186,0,-13,-114,-45,0
12910,0.36,P,3,0,11,0,0,7,1,0,T,1,0,84,0,2,20,5,3,0,-2,0,73,0,2,13,4,3
12911,4.16,Z,24,0,285,0,392,103,79,4,T,19,0,193,0,0,79,33,2,0,-5,0,-92,0,-392,-24,-46,-2
12912,7.56,T,35,1,281,0,24,178,52,4,T,27,0,372,0,6,36,67,2,1,-8,-1,91,0,-18,-142,15,-2
12913,9.09,Z,57,0,561,10,110,163,243,0,P,68,2,561,0,229,249,112,9,1,11,2,0,-10,119,86,-131,9
12914,0.34,P,2,0,8,0,5,18,29,2,T,4,0,33,0,32,6,1,2,1,2,0,25,0,27,-12,-28,0
12915,6.33,P,34,0,607,8,23,62,78,2,Z,22,3,300,0,210,41,93,3,0,-12,3,-307,-8,187,-21,15,1
12916,3.16,Z,8,0,97,0,0,0,28,0,P,6,0,224,0,0,42,21,0,0,-2,0,127,0,0,42,-7,0
12917,5.39,T,28,0,140,0,328,150,151,6,T,36,0,433,0,406,142,52,7,1,8,0,293,0,78,-8,-99,1
12918,6.47,Z,39,1,300,0,198,162,250,4,Z,34,1,266,0,43,132,114,11,0,-5,0,-34,0,-155,-30,-136,7
12919,0.58,Z,3,0,24,0,3,8,11,1,P,4,0,81,0,0,16,9,0,1,1,0,57,0,-3,8,-2,-1
12920,4.11,T,29,6,208,0,43,81,38,0,P,17,0,301,0,0,146,39,0,0,-12,-6,93,0,-43,65,1,0
12921,5.25,T,32,4,391,0,56,104,81,1,P,34,4,443,0,280,152,74,4,1,2,0,52,0,224,48,-7,3
12922,9.59,T,70,0,881,0,6,124,85,2,T,55,7,733,0,308,174,68,2,0,-15,7,-148,0,302,50,-17,0
12923,9.59,Z,82,10,661,0,133,168,252,5,T,80,1,510,0,70,123,89,4,0,-2,-9,-151,0,-63,-45,-163,-1
12924,9.59,T,137,6,744,0,137,227,183,7,P,46,9,460,0,15,298,175,0,0,-91,3,-284,0,-122,71,-8,-7
12925,9.59,T,55,0,807,0,16,288,111,5,Z,38,0,628,0,7,119,147,1,1,-17,0,-179,0,-9,-169,36,-4
12926,5.48,Z,29,0,261,0,266,103,79,5,Z,32,2,420,0,25,86,91,3,1,3,2,159,0,-241,-17,12,-2
12927,5.33,T,30,4,357,0,16,52,64,3,P,22,0,310,0,0,91,64,0,0,-8,-4,-47,0,-16,39,0,-3
12928,9.57,T,59,0,506,0,9,174,108,4,P,67,10,580,0,43,259,76,0,1,8,10,74,0,34,85,-32,-4
12929,5.41,Z,33,1,140,0,149,111,263,2,Z,22,2,174,0,72,129,151,2,0,-11,1,34,0,-77,18,-112,0
12930,4.47,T,34,0,297,0,366,146,135,11,Z,19,0,321,0,8,46,131,1,0,-15,0,24,0,-358,-100,-4,-10
12931,4.15,P,25,1,298,0,24,176,20,2,Z,27,2,289,0,127,93,161,2,1,2,1,-9,0,103,-83,141,0
12932,5.09,P,18,0,152,0,0,40,31,0,P,26,2,73,2,21,17,31,4,0,8,2,-79,2,21,-23,0,4
12933,10.52,T,72,4,937,3,16,143,95,0,T,53,0,846,0,0,193,140,0,0,-19,-4,-91,-3,-16,50,45,0
12934,10.39,P,103,3,468,0,302,392,159,16,P,107,8,376,0,474,250,98,11,0,4,5,-92,0,172,-142,-61,-5
12935,10.14,P,50,0,320,0,22,237,127,7,P,46,2,603,0,59,182,90,12,0,-4,2,283,0,37,-55,-37,5
12936,7.05,P,77,1,561,0,20,200,90,4,T,59,3,319,0,282,200,66,0,0,-18,2,-242,0,262,0,-24,-4
12937,9.06,P,80,0,636,0,520,374,163,21,T,98,2,511,0,483,313,201,6,1,18,2,-125,0,-37,-61,38,-15
12938,7.39,Z,31,0,311,0,4,55,129,0,P,56,4,598,0,181,203,37,4,1,25,4,287,0,177,148,-92,4
12939,4.32,T,24,0,177,0,58,151,39,9,Z,19,0,84,8,26,44,67,1,0,-5,0,-93,8,-32,-107,28,-8
12940,9.58,Z,54,0,216,0,43,340,172,26,T,75,0,545,0,26,204,76,5,1,21,0,329,0,-17,-136,-96,-21
12941,9.59,Z,77,9,549,0,50,121,195,0,T,95,0,399,0,99,165,122,8,1,18,-9,-150,0,49,44,-73,8
12942,8.21,P,79,0,409,0,567,296,165,13,Z,68,0,654,0,247,187,260,8,1,-11,0,245,0,-320,-109,95,-5
12943,5.09,T,37,0,181,0,323,174,168,5,T,35,0,199,0,672,195,54,7,1,-2,0,18,0,349,21,-114,2
12944,10.01,T,114,21,417,0,750,226,200,5,P,97,0,414,0,209,373,171,16,0,-17,-21,-3,0,-541,147,-29,11
12945,6.34,T,59,0,393,0,240,173,53,8,T,36,1,293,0,145,138,63,3,0,-23,1,-100,0,-95,-35,10,-5
12946,5.46,Z,27,0,288,0,14,32,86,3,P,34,3,115,0,270,193,127,1,1,7,3,-173,0,256,161,41,-2
12947,4.59,Z,20,2,131,0,14,64,100,0,T,32,1,519,0,3,69,91,2,1,12,-1,388,0,-11,5,-9,2
12948,7.44,T,48,3,593,0,32,203,76,3,P,47,6,418,0,42,351,57,5,1,-1,3,-175,0,10,148,-19,2
12949,9.59,T,101,2,771,0,156,373,134,9,Z,71,7,263,0,109,89,228,9,0,-30,5,-508,0,-47,-284,94,0
12950,4.22,P,29,0,172,0,79,185,99,5,T,43,0,86,0,34,119,105,3,1,14,0,-86,0,-45,-66,6,-2
12951,9.59,T,97,0,676,0,260,224,209,17,Z,77,0,673,0,51,163,197,9,0,-20,0,-3,0,-209,-61,-12,-8
12952,9.27,T,68,0,490,0,35,181,84,5,Z,67,0,383,0,55,230,245,6,0,-1,0,-107,0,20,49,161,1
12953,3.5,T,15,0,277,0,1,54,39,3,P,17,0,230,0,2,44,35,0,1,2,0,-47,0,1,-10,-4,-3
12954,10.3,T,103,15,473,0,467,225,171,5,T,65,7,827,0,231,283,346,5,0,-38,-8,354,0,-236,58,175,0
12955,9.48,Z,47,2,480,0,10,359,185,0,Z,48,1,693,0,46,375,198,4,1,1,-1,213,0,36,16,13,4
12956,9.58,Z,49,4,409,0,19,91,158,0,P,65,0,763,0,74,158,134,14,1,16,-4,354,0,55,67,-24,14
12957,9.47,T,53,0,543,0,0,252,96,0,P,41,0,506,0,0,82,41,0,0,-12,0,-37,0,0,-170,-55,0
12958,9.4,Z,74,2,563,0,357,349,364,21,T,129,0,498,0,519,268,267,16,1,55,-2,-65,0,162,-81,-97,-5
12959,9.31,Z,67,4,537,0,68,125,214,1,Z,65,4,412,0,49,144,205,5,1,-2,0,-125,0,-19,19,-9,4
12960,9.59,T,88,0,620,0,116,322,153,9,T,56,0,653,0,31,68,68,6,0,-32,0,33,0,-85,-254,-85,-3
12961,10.11,T,47,0,518,0,4,72,143,4,T,40,0,786,0,2,201,94,2,0,-7,0,268,0,-2,129,-49,-2
12962,5.55,P,19,0,341,0,2,52,13,1,P,22,0,171,0,0,126,35,0,1,3,0,-170,0,-2,74,22,-1
12963,9.58,Z,57,0,439,0,26,87,194,6,Z,47,0,403,0,85,152,144,1,0,-10,0,-36,0,59,65,-50,-5
12964,2.4,P,13,0,29,0,0,42,30,0,T,7,0,46,0,5,7,9,2,1,-6,0,17,0,5,-35,-21,2
12965,3.19,Z,13,0,119,0,13,48,78,0,T,16,0,164,4,214,67,91,4,0,3,0,45,4,201,19,13,4
12966,9.56,T,53,0,685,0,16,151,72,6,P,50,5,798,0,29,41,43,0,0,-3,5,113,0,13,-110,-29,-6
12967,2.59,Z,9,2,107,0,264,68,101,4,Z,9,0,45,0,4,22,159,2,0,0,-2,-62,0,-260,-46,58,-2
12968,4.07,P,23,1,249,4,91,116,98,0,T,21,0,140,0,19,18,18,3,1,-2,-1,-109,-4,-72,-98,-80,3
12969,8.07,P,46,4,498,0,271,233,87,5,Z,56,8,619,0,38,201,277,0,1,10,4,121,0,-233,-32,190,-5
12970,9.59,Z,40,0,456,0,41,270,188,14,Z,71,13,448,1,68,193,235,2,0,31,13,-8,1,27,-77,47,-12
12971,9.59,Z,43,4,491,0,11,66,145,0,Z,42,1,442,0,12,63,99,1,0,-1,-3,-49,0,1,-3,-46,1
12972,3.55,P,18,0,185,0,0,92,25,1,T,16,0,209,0,1,11,24,1,1,-2,0,24,0,1,-81,-1,0
12973,3.56,P,18,4,93,0,237,101,70,0,P,27,0,52,0,12,104,26,3,1,9,-4,-41,0,-225,3,-44,3
12974,9.28,P,55,0,883,0,28,185,59,8,Z,29,2,439,0,8,73,137,1,0,-26,2,-444,0,-20,-112,78,-7
12975,10.34,Z,103,12,524,0,345,376,465,5,T,150,3,424,0,296,202,152,15,1,47,-9,-100,0,-49,-174,-313,10
12976,9.59,P,69,0,327,0,880,183,104,14,Z,74,0,582,0,490,264,413,9,0,5,0,255,0,-390,81,309,-5
12977,4.46,T,32,2,273,0,6,136,53,0,T,36,0,197,0,245,146,58,5,0,4,-2,-76,0,239,10,5,5
12978,4.34,T,40,1,182,0,453,132,108,11,P,24,0,188,0,370,135,83,5,0,-16,-1,6,0,-83,3,-25,-6
12979,4.33,T,35,0,277,0,293,237,86,11,P,35,0,188,0,298,216,85,17,0,0,0,-89,0,5,-21,-1,6
12980,7.47,Z,46,1,234,0,28,149,160,1,P,41,1,323,0,76,265,50,5,1,-5,0,89,0,48,116,-110,4
12981,3.27,Z,13,1,111,0,12,30,42,2,Z,11,0,46,0,158,22,253,3,1,-2,-1,-65,0,146,-8,211,1
12982,9.57,T,33,0,391,0,0,38,82,0,P,44,0,417,0,4,234,99,3,1,11,0,26,0,4,196,17,3
12983,4.05,T,23,2,157,0,323,47,30,2,Z,11,0,124,0,174,48,283,4,0,-12,-2,-33,0,-149,1,253,2
12984,8.49,P,55,3,472,0,80,204,65,6,Z,80,9,559,0,441,160,326,10,0,25,6,87,0,361,-44,261,4
12985,5.4,T,45,1,289,0,50,150,90,0,P,38,0,423,0,37,86,35,3,1,-7,-1,134,0,-13,-64,-55,3
12986,9.59,T,146,5,577,0,306,319,182,11,Z,109,6,398,0,424,253,483,5,0,-37,1,-179,0,118,-66,301,-6
12987,9.58,Z,48,7,456,0,63,193,259,3,T,111,2,546,0,209,286,118,9,1,63,-5,90,0,146,93,-141,6
12988,9.41,Z,46,6,983,0,50,120,170,1,T,43,0,548,0,373,158,221,6,0,-3,-6,-435,0,323,38,51,5
12989,4.29,T,22,0,278,0,33,71,71,3,T,27,1,228,0,0,76,73,0,0,5,1,-50,0,-33,5,2,-3
12990,0.17,Z,0,0,10,0,28,4,16,0,P,2,0,1,0,10,4,12,1,0,2,0,-9,0,-18,0,-4,1
12991,9.59,T,125,3,635,0,1095,440,200,10,P,111,12,599,0,367,370,154,13,0,-14,9,-36,0,-728,-70,-46,3
12992,9.09,T,32,0,472,0,0,221,88,0,P,61,0,588,0,293,215,97,13,1,29,0,116,0,293,-6,9,13
12993,8.15,T,71,0,376,0,501,274,93,9,P,80,0,288,0,336,260,116,12,1,9,0,-88,0,-165,-14,23,3
12994,9.59,Z,48,8,501,0,30,97,178,0,P,50,2,967,0,35,191,78,1,1,2,-6,466,0,5,94,-100,1
12995,2.23,P,4,0,174,0,0,11,5,0,Z,10,1,170,0,9,4,22,0,1,6,1,-4,0,9,-7,17,0
12996,10.54,P,37,0,645,0,0,144,76,1,T,60,7,730,0,32,270,123,0,1,23,7,85,0,32,126,47,-1
12997,1.28,T,8,0,138,0,17,39,7,1,Z,23,2,96,0,121,46,56,1,0,15,2,-42,0,104,7,49,0
12998,9.59,T,37,3,596,0,1,156,92,0,P,60,0,649,0,18,88,61,8,1,23,-3,53,0,17,-68,-31,8
12999,4.35,T,21,0,265,0,124,37,43,6,T,46,0,187,0,218,79,81,7,0,25,0,-78,0,94,42,38,1
13000,9.58,T,94,7,595,0,230,193,173,5,Z,60,0,471,0,62,131,193,4,1,-34,-7,-124,0,-168,-62,20,-1
13001,4.28,T,38,0,195,0,150,63,60,5,Z,20,0,296,0,38,74,69,3,1,-18,0,101,0,-112,11,9,-2
13002,5.5,P,24,0,409,0,177,167,101,3,P,22,1,109,0,27,102,45,3,0,-2,1,-300,0,-150,-65,-56,0
13003,4.36,P,22,0,245,0,273,106,62,9,Z,19,0,228,0,70,83,224,3,1,-3,0,-17,0,-203,-23,162,-6
13004,7.03,Z,58,0,356,0,776,144,178,12,P,70,1,403,0,96,367,79,12,0,12,1,47,0,-680,223,-99,0
13005,4.23,T,30,0,244,0,38,51,54,4,Z,19,1,141,0,19,113,63,1,0,-11,1,-103,0,-19,62,9,-3
13006,5.37,Z,26,0,162,0,1,101,107,0,P,31,0,406,0,0,184,49,0,1,5,0,244,0,-1,83,-58,0
13007,9.59,P,35,2,819,0,19,165,55,7,P,100,0,446,0,600,170,195,8,1,65,-2,-373,0,581,5,140,1
13008,9.14,P,38,0,551,0,29,229,340,10,Z,43,1,766,0,14,103,162,0,1,5,1,215,0,-15,-126,-178,-10
13009,1.55,P,9,0,142,0,24,50,18,3,Z,8,0,103,0,5,16,20,2,1,-1,0,-39,0,-19,-34,2,-1
13010,8.12,Z,25,3,418,0,12,146,101,2,P,38,3,608,0,5,146,61,0,0,13,0,190,0,-7,0,-40,-2
13011,6.24,T,27,0,725,0,0,100,77,0,Z,31,2,266,0,544,149,276,2,1,4,2,-459,0,544,49,199,2
13012,8.35,T,68,3,364,0,506,218,296,9,P,74,13,395,0,245,277,107,7,1,6,10,31,0,-261,59,-189,-2
13013,9.59,Z,49,1,662,0,38,74,165,0,T,56,0,595,0,26,47,52,5,1,7,-1,-67,0,-12,-27,-113,5
13014,8.09,Z,98,3,226,0,254,219,391,0,T,44,0,929,0,41,150,84,4,0,-54,-3,703,0,-213,-69,-307,4
13015,4.46,T,14,0,486,0,0,19,27,5,T,18,0,359,0,0,39,29,0,1,4,0,-127,0,0,20,2,-5
13016,3.2,T,17,3,145,0,302,120,98,1,T,16,0,133,0,368,68,98,6,1,-1,-3,-12,0,66,-52,0,5
13017,7.48,P,49,7,414,0,316,257,183,3,T,66,4,557,0,15,213,111,1,0,17,-3,143,0,-301,-44,-72,-2
13018,10.07,Z,53,0,585,3,28,72,189,0,Z,52,0,492,0,41,173,206,5,1,-1,0,-93,-3,13,101,17,5
13019,9.59,Z,83,0,402,5,740,241,340,9,T,135,4,627,0,425,246,136,15,1,52,4,225,-5,-315,5,-204,6
13020,5.46,P,17,0,410,0,0,59,37,0,P,40,0,300,0,198,128,26,8,1,23,0,-110,0,198,69,-11,8
13021,9.58,P,61,11,325,0,176,317,104,8,P,64,11,488,1,72,219,187,10,0,3,0,163,1,-104,-98,83,2
13022,9.28,T,52,0,329,0,2,256,291,3,T,107,0,460,0,783,253,205,21,1,55,0,131,0,781,-3,-86,18
13023,9.59,T,52,10,501,0,10,89,120,0,T,103,0,656,0,15,310,258,8,1,51,-10,155,0,5,221,138,8
13024,6.01,T,32,0,208,0,17,58,55,5,T,57,4,281,0,30,256,147,1,1,25,4,73,0,13,198,92,-4
13025,3.34,T,22,0,120,0,135,93,74,4,T,16,0,177,0,318,87,115,5,1,-6,0,57,0,183,-6,41,1
13026,7.4,Z,33,0,267,0,13,331,116,10,Z,44,0,458,0,14,86,155,3,1,11,0,191,0,1,-245,39,-7
13027,9.59,P,90,8,663,0,559,355,155,7,T,81,5,820,0,625,233,403,12,0,-9,-3,157,0,66,-122,248,5
13028,7.28,T,38,0,1020,0,0,46,49,0,T,17,0,316,0,3,68,54,4,0,-21,0,-704,0,3,22,5,4
13029,3.44,P,15,0,53,0,212,77,100,7,T,12,0,114,0,0,19,21,2,0,-3,0,61,0,-212,-58,-79,-5
13030,9.59,P,70,5,864,0,26,188,78,3,Z,78,0,507,0,343,151,247,11,0,8,-5,-357,0,317,-37,169,8
13031,9.59,T,119,0,442,0,798,476,312,18,P,83,0,495,0,219,311,139,13,1,-36,0,53,0,-579,-165,-173,-5
13032,7.47,Z,65,1,309,0,96,280,254,0,Z,47,0,411,0,61,204,351,5,0,-18,-1,102,0,-35,-76,97,5
13033,9.59,T,110,4,703,0,373,300,139,10,P,65,0,508,0,225,258,87,9,1,-45,-4,-195,0,-148,-42,-52,-1
13034,9.5,T,49,0,645,0,89,151,104,11,T,87,12,470,0,1301,314,113,4,1,38,12,-175,0,1212,163,9,-7
13035,9.17,Z,65,3,439,0,152,469,314,2,P,51,0,787,0,20,137,74,6,0,-14,-3,348,0,-132,-332,-240,4
13036,0.38,P,1,0,32,0,0,6,6,0,T,3,0,31,0,4,17,39,0,1,2,0,-1,0,4,11,33,0
13037,6.43,Z,35,0,528,0,10,73,109,2,Z,33,0,80,4,12,58,110,0,0,-2,0,-448,4,2,-15,1,-2
13038,7.56,P,35,0,153,0,0,211,128,0,P,59,1,615,0,88,180,85,7,1,24,1,462,0,88,-31,-43,7
13039,7,Z,48,5,367,0,479,206,464,9,Z,46,0,283,0,22,197,255,11,1,-2,-5,-84,0,-457,-9,-209,2
13040,9.59,Z,52,2,524,0,31,63,219,1,P,55,2,607,2,9,254,78,4,1,3,0,83,2,-22,191,-141,3
13041,6.54,Z,32,1,267,0,174,159,224,1,T,51,1,469,0,27,124,106,5,0,19,0,202,0,-147,-35,-118,4
13042,2.13,P,7,0,79,0,15,68,21,1,P,12,0,60,0,13,98,38,1,1,5,0,-19,0,-2,30,17,0
13043,10.17,Z,70,0,544,0,23,203,210,5,P,60,0,787,0,67,378,72,6,1,-10,0,243,0,44,175,-138,1
13044,3.28,P,22,1,139,0,99,44,151,2,Z,10,1,170,0,5,32,57,0,1,-12,0,31,0,-94,-12,-94,-2
13045,4.43,P,19,0,293,0,1,12,62,3,T,17,0,270,0,2,24,40,1,1,-2,0,-23,0,1,12,-22,-2
13046,7.43,T,43,7,195,0,9,215,108,0,T,49,2,435,0,352,105,92,3,0,6,-5,240,0,343,-110,-16,3
13047,9.58,Z,45,8,250,0,79,228,231,1,Z,52,0,565,0,1,228,250,1,0,7,-8,315,0,-78,0,19,0
13048,10.21,T,101,0,610,0,92,361,194,12,T,114,0,651,0,102,337,146,16,0,13,0,41,0,10,-24,-48,4
13049,7.47,P,29,0,323,0,12,76,57,6,T,40,0,326,0,3,67,54,0,1,11,0,3,0,-9,-9,-3,-6
13050,9.59,T,93,0,460,0,762,234,230,11,P,87,0,237,0,406,245,79,11,1,-6,0,-223,0,-356,11,-151,0
13051,9.59,P,52,4,614,0,25,141,64,1,Z,74,10,388,2,44,144,221,0,1,22,6,-226,2,19,3,157,-1
13052,3.54,Z,13,7,127,0,46,66,43,0,P,13,0,186,0,24,88,51,3,1,0,-7,59,0,-22,22,8,3
13053,9.59,T,82,0,602,0,435,228,171,9,T,80,0,612,0,48,117,132,6,0,-2,0,10,0,-387,-111,-39,-3
13054,9.09,T,46,0,389,0,69,154,77,5,Z,59,8,305,0,232,375,447,3,0,13,8,-84,0,163,221,370,-2
13055,7.52,P,41,0,725,0,5,192,136,0,T,92,5,300,0,74,158,259,2,1,51,5,-425,0,69,-34,123,2
13056,5.08,Z,20,0,233,0,2,14,69,2,Z,17,1,112,0,1032,64,134,3,1,-3,1,-121,0,1030,50,65,1
13057,9.58,T,49,3,243,0,21,79,62,2,P,52,0,411,0,0,196,90,2,1,3,-3,168,0,-21,117,28,0
13058,3.32,Z,17,3,106,0,17,24,38,1,Z,15,2,276,0,46,5,59,4,0,-2,-1,170,0,29,-19,21,3
13059,5.46,T,25,0,440,0,26,86,61,1,Z,20,0,296,0,11,112,85,4,0,-5,0,-144,0,-15,26,24,3
13060,9.59,P,39,0,534,0,20,109,43,11,T,53,2,335,0,4,32,80,3,1,14,2,-199,0,-16,-77,37,-8
13061,10.39,P,72,0,605,0,136,324,83,9,Z,41,0,254,0,2,117,154,2,0,-31,0,-351,0,-134,-207,71,-7
13062,4.07,T,19,0,348,0,0,59,38,0,T,13,0,281,0,0,38,25,0,0,-6,0,-67,0,0,-21,-13,0
13063,9.58,P,27,0,174,0,0,81,33,0,P,46,5,317,0,17,109,69,3,1,19,5,143,0,17,28,36,3
13064,10.2,P,63,3,563,0,24,238,137,0,T,112,7,477,0,466,260,201,5,1,49,4,-86,0,442,22,64,5
13065,6.03,P,30,4,190,0,46,73,32,0,T,45,2,296,0,371,152,133,10,1,15,-2,106,0,325,79,101,10
13066,6.18,P,38,0,397,0,24,104,72,6,T,46,6,114,0,346,164,253,5,1,8,6,-283,0,322,60,181,-1
13067,9.59,Z,100,0,402,0,50,304,404,13,P,71,12,500,0,259,314,140,2,1,-29,12,98,0,209,10,-264,-11
13068,10.35,T,84,4,358,2,31,169,191,0,Z,85,0,523,0,437,260,522,14,1,1,-4,165,-2,406,91,331,14
13069,9.59,P,74,0,365,0,40,184,95,8,T,92,0,425,0,784,187,169,5,0,18,0,60,0,744,3,74,-3
13070,5.31,P,30,0,329,0,34,303,44,6,Z,44,1,377,0,339,140,166,6,0,14,1,48,0,305,-163,122,0
13071,9.59,P,44,1,995,0,11,61,81,1,T,62,3,785,0,39,170,134,9,1,18,2,-210,0,28,109,53,8
13072,5.58,P,29,0,346,0,104,198,44,5,Z,18,4,306,0,24,29,68,1,0,-11,4,-40,0,-80,-169,24,-4
13073,3.41,P,21,1,173,0,19,103,39,0,T,22,0,187,0,257,84,104,10,1,1,-1,14,0,238,-19,65,10
13074,9.46,P,79,2,667,0,28,244,68,0,T,92,7,675,0,463,379,180,8,0,13,5,8,0,435,135,112,8
13075,7.33,T,81,1,356,0,420,158,105,7,Z,39,5,799,0,38,207,126,0,0,-42,4,443,0,-382,49,21,-7
13076,3.49,T,20,0,130,0,4,10,39,1,P,17,0,316,0,0,61,21,0,0,-3,0,186,0,-4,51,-18,-1
13077,5.2,Z,23,4,261,0,157,110,210,3,T,22,0,275,0,82,84,79,1,0,-1,-4,14,0,-75,-26,-131,-2
13078,9.46,T,99,11,344,0,244,190,155,7,T,90,0,384,0,368,332,94,10,0,-9,-11,40,0,124,142,-61,3
13079,9.58,Z,50,4,191,0,22,126,274,2,P,70,2,823,0,40,82,72,2,1,20,-2,632,0,18,-44,-202,0
13080,2.55,P,14,0,139,0,228,71,83,7,P,13,0,187,0,16,143,12,2,1,-1,0,48,0,-212,72,-71,-5
13081,9.13,T,86,0,518,0,520,254,228,7,Z,54,1,394,0,184,347,443,10,0,-32,1,-124,0,-336,93,215,3
13082,9.59,P,63,9,850,0,74,306,89,5,T,44,0,517,0,15,353,151,11,0,-19,-9,-333,0,-59,47,62,6
13083,4.11,P,7,0,197,0,0,42,19,0,P,22,0,135,0,75,102,32,6,1,15,0,-62,0,75,60,13,6
13084,10.12,T,32,0,380,0,0,29,47,0,T,51,4,942,0,7,83,53,1,0,19,4,562,0,7,54,6,1
13085,5.38,Z,24,2,509,0,39,39,80,3,Z,29,5,237,0,36,40,80,0,0,5,3,-272,0,-3,1,0,-3
13086,4.01,Z,16,0,144,0,6,86,93,1,P,18,0,117,0,3,137,45,1,0,2,0,-27,0,-3,51,-48,0
13087,4.4,Z,25,0,244,0,139,86,82,10,Z,27,1,144,3,132,99,202,8,0,2,1,-100,3,-7,13,120,-2
13088,8.17,Z,41,0,439,0,12,31,131,0,T,64,0,365,0,18,72,85,3,1,23,0,-74,0,6,41,-46,3
13089,3.22,Z,13,0,128,0,6,107,39,1,Z,15,0,91,0,4,31,50,8,0,2,0,-37,0,-2,-76,11,7
13090,4.11,Z,22,0,270,0,180,157,112,7,T,7,0,199,0,1,34,16,3,1,-15,0,-71,0,-179,-123,-96,-4
13091,7.36,P,57,0,538,0,194,242,119,14,T,80,0,366,0,85,191,99,11,0,23,0,-172,0,-109,-51,-20,-3
13092,9.57,T,74,2,158,0,5,99,119,3,T,72,5,438,0,437,231,105,8,0,-2,3,280,0,432,132,-14,5
13093,9.59,Z,97,14,359,0,215,307,284,3,P,133,0,561,0,376,528,154,13,1,36,-14,202,0,161,221,-130,10
13094,9.59,P,25,6,536,0,16,127,39,0,T,44,0,279,0,0,84,64,1,1,19,-6,-257,0,-16,-43,25,1
13095,10.36,T,80,16,1126,0,58,166,129,2,Z,75,0,384,0,119,136,305,12,1,-5,-16,-742,0,61,-30,176,10
13096,5.43,Z,43,5,217,4,77,72,87,0,T,33,0,578,0,26,87,60,11,0,-10,-5,361,-4,-51,15,-27,11
13097,6.41,P,32,2,495,0,227,126,43,4,T,53,10,422,0,44,149,94,5,1,21,8,-73,0,-183,23,51,1
13098,9.59,T,85,5,966,0,100,245,106,1,P,76,0,411,0,11,436,133,4,1,-9,-5,-555,0,-89,191,27,3
13099,4.52,Z,18,1,91,0,56,14,85,0,Z,22,4,356,3,26,35,66,2,0,4,3,265,3,-30,21,-19,2
13100,9.59,P,59,0,689,0,184,427,188,8,T,72,0,676,0,7,211,134,1,0,13,0,-13,0,-177,-216,-54,-7
13101,9.59,Z,55,3,322,0,98,133,182,3,Z,110,2,291,0,277,60,286,6,1,55,-1,-31,0,179,-73,104,3
13102,8.38,Z,58,0,412,0,269,290,290,21,Z,75,17,303,2,660,341,324,17,0,17,17,-109,2,391,51,34,-4
13103,6.16,P,37,1,365,0,39,174,35,2,T,40,4,237,0,108,131,55,1,0,3,3,-128,0,69,-43,20,-1
13104,10.48,T,98,0,502,0,80,140,165,19,T,94,0,484,0,239,257,323,16,1,-4,0,-18,0,159,117,158,-3
13105,9.58,T,50,0,613,0,0,140,95,2,P,36,0,404,0,27,65,48,0,0,-14,0,-209,0,27,-75,-47,-2
13106,10.16,T,77,21,462,0,42,146,89,0,Z,48,1,255,0,11,131,152,2,1,-29,-20,-207,0,-31,-15,63,2
13107,9.59,Z,66,2,433,0,204,349,226,13,Z,65,0,233,0,47,127,246,5,0,-1,-2,-200,0,-157,-222,20,-8
13108,8.35,Z,37,0,778,0,28,237,123,0,T,64,0,477,0,399,275,215,15,1,27,0,-301,0,371,38,92,15
13109,9.4,Z,73,0,113,0,153,139,193,3,P,46,6,621,0,27,76,56,1,0,-27,6,508,0,-126,-63,-137,-2
13110,10.05,T,36,2,326,0,3,209,184,0,P,22,0,424,0,5,129,35,2,1,-14,-2,98,0,2,-80,-149,2
13111,9.58,Z,56,7,432,0,49,165,182,3,Z,56,3,284,0,35,124,166,1,1,0,-4,-148,0,-14,-41,-16,-2
13112,9.59,Z,79,0,757,0,78,104,278,2,T,91,0,421,1,114,199,134,7,0,12,0,-336,1,36,95,-144,5
13113,8.02,Z,45,3,356,0,164,253,263,2,P,44,1,705,0,8,210,60,0,0,-1,-2,349,0,-156,-43,-203,-2
13114,6.02,Z,29,3,848,0,45,66,103,0,P,27,4,214,0,15,138,34,0,0,-2,1,-634,0,-30,72,-69,0
13115,9.58,Z,83,0,495,0,133,213,247,5,T,79,0,633,0,143,230,132,5,0,-4,0,138,0,10,17,-115,0
13116,9.19,Z,99,13,563,0,910,274,335,11,P,125,6,530,0,736,343,81,18,0,26,-7,-33,0,-174,69,-254,7
13117,9.59,T,81,3,558,0,360,214,78,11,P,54,0,397,0,20,189,117,8,1,-27,-3,-161,0,-340,-25,39,-3
13118,7.19,P,58,0,291,0,178,251,146,7,P,82,1,287,1,554,241,102,12,1,24,1,-4,1,376,-10,-44,5
13119,9.22,P,62,1,428,0,1,177,201,6,P,72,0,596,0,114,439,100,14,0,10,-1,168,0,113,262,-101,8
13120,3.49,T,17,0,289,0,4,89,35,3,Z,19,2,189,0,3,34,49,0,1,2,2,-100,0,-1,-55,14,-3
13121,9.59,T,71,2,676,0,35,182,75,1,P,83,7,555,9,78,342,227,7,1,12,5,-121,9,43,160,152,6
13122,9.05,T,53,5,539,0,13,158,112,0,P,40,4,398,0,3,209,67,0,0,-13,-1,-141,0,-10,51,-45,0
13123,9.07,Z,53,2,561,0,166,185,268,4,T,45,0,206,0,29,75,48,3,0,-8,-2,-355,0,-137,-110,-220,-1
13124,9.31,Z,50,3,556,0,3,86,176,4,P,37,0,581,0,3,165,84,2,0,-13,-3,25,0,0,79,-92,-2
13125,4.26,Z,18,0,159,0,97,52,96,3,P,32,3,220,0,450,155,132,6,1,14,3,61,0,353,103,36,3
13126,5.41,T,12,0,146,0,0,14,25,0,T,30,1,484,0,0,46,45,0,1,18,1,338,0,0,32,20,0
13127,10.33,T,131,0,571,21,695,287,206,4,T,120,5,437,0,835,242,204,9,1,-11,5,-134,-21,140,-45,-2,5
13128,6.42,Z,46,0,290,7,54,184,136,3,Z,50,6,239,3,168,155,234,1,1,4,6,-51,-4,114,-29,98,-2
13129,9.35,Z,42,0,528,13,104,347,264,0,Z,81,19,461,0,154,473,305,9,0,39,19,-67,-13,50,126,41,9
13130,7.21,Z,56,9,434,0,765,151,137,3,P,39,1,252,0,15,168,51,4,0,-17,-8,-182,0,-750,17,-86,1
13131,9.59,T,113,0,546,0,160,381,153,12,P,60,7,712,0,15,163,114,1,0,-53,7,166,0,-145,-218,-39,-11
13132,9.59,Z,113,0,814,0,135,322,217,20,T,102,0,837,0,322,325,166,8,0,-11,0,23,0,187,3,-51,-12
13133,9.59,Z,48,0,406,19,67,130,214,2,T,63,3,422,0,8,102,69,0,1,15,3,16,-19,-59,-28,-145,-2
13134,6.35,Z,63,0,483,0,399,198,210,29,Z,37,0,580,0,45,140,199,1,0,-26,0,97,0,-354,-58,-11,-28
13135,9.53,T,54,0,463,0,0,36,93,0,P,36,2,700,0,8,74,70,0,1,-18,2,237,0,8,38,-23,0
13136,4.08,T,22,0,161,0,236,75,167,3,P,26,0,187,0,187,106,52,6,1,4,0,26,0,-49,31,-115,3
13137,9.07,T,65,0,522,0,139,128,159,6,T,50,0,357,0,145,124,156,5,1,-15,0,-165,0,6,-4,-3,-1
13138,7.36,T,96,1,270,0,596,260,160,13,T,62,2,331,0,440,202,115,8,0,-34,1,61,0,-156,-58,-45,-5
13139,5.13,P,44,0,283,0,179,167,105,7,T,42,0,245,0,138,217,75,11,0,-2,0,-38,0,-41,50,-30,4
13140,9.58,Z,94,0,251,18,403,140,271,1,P,51,0,1078,0,12,124,90,4,1,-43,0,827,-18,-391,-16,-181,3
13141,10.04,Z,113,10,492,0,742,318,380,12,Z,96,0,562,24,377,247,331,3,0,-17,-10,70,24,-365,-71,-49,-9
13142,6.35,P,44,0,392,0,467,129,140,10,T,55,0,365,0,240,153,220,9,1,11,0,-27,0,-227,24,80,-1
13143,5.39,T,36,3,270,0,21,101,78,1,T,37,0,197,0,265,120,43,6,1,1,-3,-73,0,244,19,-35,5
13144,9.59,P,80,0,290,0,25,289,124,25,P,83,0,487,0,35,402,245,5,0,3,0,197,0,10,113,121,-20
13145,4.18,T,25,0,349,0,47,85,38,4,P,20,1,183,0,194,128,119,5,1,-5,1,-166,0,147,43,81,1
13146,9.57,Z,54,0,584,0,103,201,184,7,T,73,0,915,0,18,135,92,5,1,19,0,331,0,-85,-66,-92,-2
13147,1.39,Z,5,2,11,0,33,19,52,0,P,6,0,37,0,2,30,7,2,1,1,-2,26,0,-31,11,-45,2
13148,9.59,P,50,0,647,0,0,317,129,1,T,53,0,271,0,0,19,108,6,0,3,0,-376,0,0,-298,-21,5
13149,8.59,P,39,3,538,0,23,131,64,0,T,64,10,738,0,43,110,87,0,1,25,7,200,0,20,-21,23,0
13150,3.35,Z,16,0,101,0,38,113,36,1,T,23,4,140,0,17,53,60,0,0,7,4,39,0,-21,-60,24,-1
13151,2.15,T,10,0,300,0,11,8,14,2,T,5,0,210,0,0,31,17,1,1,-5,0,-90,0,-11,23,3,-1
13152,9.59,P,54,0,993,0,11,179,123,3,T,63,0,453,0,31,87,59,7,0,9,0,-540,0,20,-92,-64,4
13153,4.35,T,20,0,195,0,0,59,36,0,Z,18,0,113,0,11,13,50,1,1,-2,0,-82,0,11,-46,14,1
13154,5.54,Z,37,2,250,0,312,132,132,2,P,31,0,408,0,375,109,35,17,0,-6,-2,158,0,63,-23,-97,15
13155,9.58,Z,70,1,392,0,121,69,275,6,P,66,1,391,0,52,233,79,3,0,-4,0,-1,0,-69,164,-196,-3
13156,7.45,P,69,3,378,25,429,200,116,0,P,56,7,241,0,355,169,114,6,0,-13,4,-137,-25,-74,-31,-2,6
13157,9.02,Z,59,0,460,0,112,213,247,5,P,92,4,397,0,349,320,269,8,1,33,4,-63,0,237,107,22,3
13158,9.58,T,75,0,681,0,2,225,181,0,T,69,4,540,0,250,255,173,5,0,-6,4,-141,0,248,30,-8,5
13159,9.59,P,51,1,674,0,6,120,100,0,P,51,0,498,3,26,142,82,7,1,0,-1,-176,3,20,22,-18,7
13160,7.51,Z,48,6,509,0,90,147,160,7,T,85,0,389,0,839,207,110,13,0,37,-6,-120,0,749,60,-50,6
13161,3.42,Z,14,0,197,0,271,105,97,2,Z,12,0,63,0,88,59,128,3,0,-2,0,-134,0,-183,-46,31,1
13162,7.34,Z,49,5,186,0,280,140,315,0,Z,52,2,181,0,75,147,187,1,1,3,-3,-5,0,-205,7,-128,1
13163,9.59,T,27,0,318,0,2,83,67,3,P,42,1,359,0,23,76,57,0,1,15,1,41,0,21,-7,-10,-3
13164,6.29,T,30,6,288,0,10,60,64,1,T,47,0,320,0,11,87,71,13,1,17,-6,32,0,1,27,7,12
13165,9.59,Z,50,4,249,0,31,52,241,3,T,54,0,899,0,3,149,86,2,0,4,-4,650,0,-28,97,-155,-1
13166,6.5,P,19,0,414,0,0,52,41,0,T,48,1,472,0,12,288,279,1,0,29,1,58,0,12,236,238,1
13167,9.59,T,34,0,343,0,7,104,72,3,P,24,0,537,0,0,83,31,2,1,-10,0,194,0,-7,-21,-41,-1
13168,8.07,Z,67,0,512,14,62,124,224,0,P,47,4,623,0,29,149,82,1,0,-20,4,111,-14,-33,25,-142,1
13169,9.28,Z,80,0,698,0,38,69,200,6,P,58,0,498,0,18,176,126,15,0,-22,0,-200,0,-20,107,-74,9
13170,9.56,T,53,0,759,0,5,87,105,3,Z,50,2,362,0,14,91,187,2,1,-3,2,-397,0,9,4,82,-1
13171,10.34,T,148,0,708,0,38,415,149,7,Z,86,3,591,0,74,408,334,17,0,-62,3,-117,0,36,-7,185,10
13172,7.49,Z,47,3,487,0,22,170,200,0,P,30,0,243,0,3,72,108,1,1,-17,-3,-244,0,-19,-98,-92,1
13173,7.53,Z,44,1,445,0,53,215,184,2,Z,49,5,219,2,368,207,128,3,1,5,4,-226,2,315,-8,-56,1
13174,9,P,50,6,718,2,37,158,71,4,T,73,0,444,0,2,272,111,1,0,23,-6,-274,-2,-35,114,40,-3
13175,4.12,T,25,0,172,0,17,106,51,2,Z,18,1,209,0,63,109,103,9,0,-7,1,37,0,46,3,52,7
13176,8.57,P,68,4,719,0,28,188,79,1,Z,56,0,520,0,68,189,168,6,1,-12,-4,-199,0,40,1,89,5
13177,2.04,T,8,0,41,0,0,13,12,0,P,8,0,67,0,0,35,7,0,0,0,0,26,0,0,22,-5,0
13178,8.38,P,54,2,380,0,280,303,244,9,T,63,0,184,0,83,156,103,6,1,9,-2,-196,0,-197,-147,-141,-3
13179,9.58,P,39,0,846,0,0,252,70,0,T,75,2,499,0,42,72,79,5,1,36,2,-347,0,42,-180,9,5
13180,3.52,T,28,0,232,0,13,74,28,2,T,25,0,100,0,257,138,175,6,0,-3,0,-132,0,244,64,147,4
13181,6.12,Z,39,1,278,0,102,84,172,8,T,46,0,440,0,453,69,203,8,1,7,-1,162,0,351,-15,31,0
13182,10.15,T,79,8,524,0,46,184,101,9,P,55,0,970,0,34,172,73,7,0,-24,-8,446,0,-12,-12,-28,-2
13183,6.07,T,59,2,459,0,356,171,209,5,Z,30,0,351,0,111,85,176,2,0,-29,-2,-108,0,-245,-86,-33,-3
13184,8.25,T,48,0,627,0,588,160,272,7,P,33,3,569,0,3,142,69,0,0,-15,3,-58,0,-585,-18,-203,-7
13185,5.09,T,31,0,317,0,21,180,75,7,T,37,3,429,0,11,91,50,1,0,6,3,112,0,-10,-89,-25,-6
13186,6.58,Z,55,0,247,0,82,161,131,3,T,48,6,267,0,253,110,41,1,1,-7,6,20,0,171,-51,-90,-2
13187,8.39,P,92,1,422,0,120,333,131,9,Z,64,7,364,0,79,265,296,11,0,-28,6,-58,0,-41,-68,165,2
13188,5.06,T,26,3,507,0,483,65,161,7,P,0,0,1,0,0,0,0,0,0,-26,-3,-506,0,-483,-65,-161,-7
13189,9.59,Z,107,0,591,25,703,254,439,4,T,122,3,555,36,952,280,359,7,0,15,3,-36,11,249,26,-80,3
13190,9.23,Z,38,11,202,0,43,120,201,0,T,60,0,620,0,0,63,105,0,1,22,-11,418,0,-43,-57,-96,0
13191,3.37,P,23,2,146,0,77,52,19,6,P,17,0,131,0,29,59,110,2,0,-6,-2,-15,0,-48,7,91,-4
13192,9.59,Z,94,0,592,0,280,203,506,6,T,70,0,752,0,41,248,180,10,0,-24,0,160,0,-239,45,-326,4
13193,9.59,Z,43,0,678,0,5,74,147,2,T,61,5,1081,0,29,45,48,2,0,18,5,403,0,24,-29,-99,0
13194,9.59,T,39,0,558,0,0,32,83,1,Z,59,0,225,3,21,180,266,0,1,20,0,-333,3,21,148,183,-1
13195,10.45,Z,94,0,857,0,49,293,385,2,T,147,0,653,0,169,320,166,21,1,53,0,-204,0,120,27,-219,19
13196,9.59,P,31,0,656,0,0,52,43,0,T,54,0,325,0,23,139,120,7,0,23,0,-331,0,23,87,77,7
13197,5.31,P,16,0,451,0,0,78,58,0,T,45,3,324,0,296,114,44,7,1,29,3,-127,0,296,36,-14,7
13198,10.01,T,81,2,635,0,244,310,104,14,T,106,0,799,0,149,287,188,7,0,25,-2,164,0,-95,-23,84,-7
13199,9.59,P,49,2,532,0,17,170,166,5,Z,42,3,780,0,23,152,199,1,1,-7,1,248,0,6,-18,33,-4
13200,2.59,Z,10,0,83,0,36,38,33,5,P,11,0,120,0,0,58,12,0,0,1,0,37,0,-36,20,-21,-5
13201,9.59,T,82,0,648,0,95,220,164,5,T,102,0,858,0,278,225,132,1,1,20,0,210,0,183,5,-32,-4
13202,3.36,Z,24,5,85,0,66,68,50,3,T,15,0,166,0,13,101,35,3,1,-9,-5,81,0,-53,33,-15,0
13203,3.3,T,16,0,155,0,17,35,21,3,T,11,0,127,0,3,7,15,1,1,-5,0,-28,0,-14,-28,-6,-2
13204,9.59,T,138,0,662,0,573,313,244,25,P,63,0,401,0,51,191,56,7,1,-75,0,-261,0,-522,-122,-188,-18
13205,3.33,Z,16,1,144,0,3,32,54,1,T,16,4,116,0,24,61,55,1,0,0,3,-28,0,21,29,1,0
13206,9.22,Z,58,3,634,0,318,203,256,5,P,59,13,386,0,313,171,86,1,0,1,10,-248,0,-5,-32,-170,-4
13207,9.59,T,48,0,517,0,73,157,75,5,T,59,2,642,0,8,39,85,1,1,11,2,125,0,-65,-118,10,-4
13208,10.04,Z,71,20,492,5,136,273,213,7,Z,56,8,416,1,161,221,287,3,1,-15,-12,-76,-4,25,-52,74,-4
13209,5.09,Z,22,0,150,0,26,70,73,4,T,18,0,246,0,0,19,33,0,0,-4,0,96,0,-26,-51,-40,-4
13210,9.58,T,59,0,327,0,2,73,102,2,T,41,2,691,0,6,94,98,0,0,-18,2,364,0,4,21,-4,-2
13211,7.39,Z,40,1,614,0,33,101,135,2,P,48,4,299,0,90,321,68,1,1,8,3,-315,0,57,220,-67,-1
13212,8.45,P,66,0,479,0,285,244,188,4,T,61,5,607,0,60,123,66,4,1,-5,5,128,0,-225,-121,-122,0
13213,9.59,T,64,0,686,0,0,124,98,0,T,72,5,410,0,101,159,104,0,0,8,5,-276,0,101,35,6,0
13214,5.04,P,19,0,345,0,5,66,29,2,T,24,4,234,0,26,24,30,0,1,5,4,-111,0,21,-42,1,-2
13215,5.12,P,21,0,244,0,1,111,64,3,P,26,0,387,0,0,93,55,0,1,5,0,143,0,-1,-18,-9,-3
13216,6.28,T,53,5,310,0,406,170,102,8,T,16,0,283,0,0,13,38,0,0,-37,-5,-27,0,-406,-157,-64,-8
13217,9.44,T,108,1,315,0,183,280,205,11,P,104,4,404,0,71,353,90,9,1,-4,3,89,0,-112,73,-115,-2
13218,2.06,T,5,0,93,0,20,19,10,5,Z,6,2,39,0,94,16,77,0,0,1,2,-54,0,74,-3,67,-5
13219,9.58,T,35,0,378,0,2,131,82,1,Z,60,4,405,0,16,39,172,0,1,25,4,27,0,14,-92,90,-1
13220,8.12,P,102,6,528,6,116,252,129,0,T,95,4,497,0,759,178,101,12,0,-7,-2,-31,-6,643,-74,-28,12
13221,6.5,P,52,0,475,0,629,121,162,10,T,46,2,285,0,704,266,120,12,0,-6,2,-190,0,75,145,-42,2
13222,9.59,P,64,4,543,0,69,205,106,6,T,64,1,478,0,257,185,96,4,0,0,-3,-65,0,188,-20,-10,-2
13223,5.31,T,63,0,257,0,194,203,77,11,P,58,7,185,0,311,277,80,2,0,-5,7,-72,0,117,74,3,-9
13224,8.54,P,51,5,692,0,74,287,67,9,T,30,3,519,0,22,44,52,8,0,-21,-2,-173,0,-52,-243,-15,-1
13225,9.59,T,60,0,628,0,22,74,91,6,Z,50,9,307,0,965,163,208,3,1,-10,9,-321,0,943,89,117,-3
13226,10.4,T,47,0,696,0,0,102,177,0,Z,40,0,809,0,0,131,159,0,0,-7,0,113,0,0,29,-18,0
13227,3.59,T,17,3,373,0,8,88,29,0,Z,11,1,93,0,1,40,68,0,1,-6,-2,-280,0,-7,-48,39,0
13228,9.59,Z,44,2,347,0,17,210,140,0,T,61,8,271,0,191,303,94,0,0,17,6,-76,0,174,93,-46,0
13229,8.38,Z,54,0,392,0,366,188,166,14,Z,38,0,418,0,38,55,171,14,0,-16,0,26,0,-328,-133,5,0
13230,6.17,Z,53,7,168,0,216,104,132,6,Z,44,7,173,0,67,105,272,5,0,-9,0,5,0,-149,1,140,-1
13231,5.31,P,18,0,287,0,4,132,70,0,Z,20,0,100,0,16,67,89,2,1,2,0,-187,0,12,-65,19,2
13232,9.58,P,84,0,476,0,54,182,78,7,Z,77,1,642,0,197,255,354,7,0,-7,1,166,0,143,73,276,0
13233,9.58,T,37,0,623,0,0,12,55,0,T,29,0,208,0,0,21,80,0,1,-8,0,-415,0,0,9,25,0
13234,7.25,P,34,2,483,0,4,123,70,0,T,61,0,242,0,325,179,77,5,0,27,-2,-241,0,321,56,7,5
13235,4,T,16,0,125,0,170,64,106,9,Z,10,1,205,0,11,41,98,3,1,-6,1,80,0,-159,-23,-8,-6
13236,3.23,Z,13,0,32,0,0,18,42,0,P,12,2,174,0,2,122,57,0,0,-1,2,142,0,2,104,15,0
13237,4.55,T,28,3,361,0,12,78,72,0,P,37,1,221,0,10,63,47,2,1,9,-2,-140,0,-2,-15,-25,2
13238,9.55,T,58,2,510,0,27,195,81,6,P,74,3,640,5,43,254,98,5,0,16,1,130,5,16,59,17,-1
13239,5.58,P,30,0,527,0,1,50,37,2,P,21,3,371,0,24,42,25,3,0,-9,3,-156,0,23,-8,-12,1
13240,9.59,T,74,1,534,0,258,270,143,14,T,81,0,164,0,5,236,241,13,1,7,-1,-370,0,-253,-34,98,-1
13241,7.27,P,40,1,481,0,23,43,46,1,Z,24,0,429,0,1,165,126,1,0,-16,-1,-52,0,-22,122,80,0
13242,10.14,P,67,0,370,0,613,221,73,18,Z,57,0,497,0,61,187,204,18,0,-10,0,127,0,-552,-34,131,0
13243,9.59,P,16,0,543,0,0,63,48,1,T,31,0,1319,0,0,53,56,0,1,15,0,776,0,0,-10,8,-1
13244,3.58,P,23,0,346,0,282,145,45,7,Z,17,0,228,0,326,84,206,6,0,-6,0,-118,0,44,-61,161,-1
13245,9.59,P,72,1,438,0,111,256,136,4,P,62,8,502,0,172,190,121,7,1,-10,7,64,0,61,-66,-15,3
13246,0.41,T,3,0,28,0,0,3,5,3,Z,6,0,19,0,1,4,16,1,1,3,0,-9,0,1,1,11,-2
13247,9.59,P,66,3,329,0,41,282,94,2,T,78,0,589,0,36,285,163,2,1,12,-3,260,0,-5,3,69,0
13248,10.41,P,87,1,615,0,147,243,191,12,Z,65,6,813,0,151,122,218,1,0,-22,5,198,0,4,-121,27,-11
13249,9.59,T,87,0,894,5,8,154,161,0,P,65,0,723,0,18,169,92,4,0,-22,0,-171,-5,10,15,-69,4
13250,6.42,Z,36,4,316,0,75,149,111,1,T,56,4,420,0,30,83,35,1,0,20,0,104,0,-45,-66,-76,0
13251,9.59,Z,73,0,400,0,40,154,346,7,T,70,0,487,0,21,171,139,7,1,-3,0,87,0,-19,17,-207,0
13252,9.59,P,41,0,563,0,0,120,55,0,T,70,0,695,0,1,117,86,3,0,29,0,132,0,1,-3,31,3
13253,9.53,P,80,0,549,0,17,404,114,7,T,74,2,761,0,327,252,110,8,1,-6,2,212,0,310,-152,-4,1
13254,8.26,Z,55,5,349,0,46,161,154,2,T,82,2,428,0,487,265,118,10,1,27,-3,79,0,441,104,-36,8
13255,8.37,P,63,0,559,0,26,71,88,5,Z,69,9,467,0,437,159,195,0,0,6,9,-92,0,411,88,107,-5
13256,10.34,T,99,0,407,0,69,469,240,13,Z,43,4,825,0,28,366,193,0,0,-56,4,418,0,-41,-103,-47,-13
13257,9.59,P,47,0,479,1,13,167,49,5,T,67,0,528,0,20,81,107,3,1,20,0,49,-1,7,-86,58,-2
13258,9.59,Z,59,13,383,0,24,162,205,6,T,75,0,676,0,322,143,101,19,1,16,-13,293,0,298,-19,-104,13
13259,8.57,P,32,0,517,0,5,176,46,1,Z,47,1,840,0,17,88,150,0,0,15,1,323,0,12,-88,104,-1
13260,9.59,T,72,0,533,0,18,175,118,6,T,72,4,761,1,250,219,161,0,0,0,4,228,1,232,44,43,-6
13261,9.59,T,177,0,549,0,672,446,253,50,P,126,8,546,4,309,425,168,10,1,-51,8,-3,4,-363,-21,-85,-40
13262,10.01,P,64,2,574,0,27,264,112,1,Z,59,0,560,0,136,161,343,2,1,-5,-2,-14,0,109,-103,231,1
13263,6.46,T,62,6,391,6,403,119,124,7,P,46,0,260,0,97,168,55,3,0,-16,-6,-131,-6,-306,49,-69,-4
13264,9.59,Z,47,5,566,0,25,129,162,2,T,93,2,618,0,5,266,179,2,1,46,-3,52,0,-20,137,17,0
13265,4.19,T,23,0,151,0,15,23,31,3,T,26,0,233,0,8,43,52,5,0,3,0,82,0,-7,20,21,2
13266,5.01,P,20,0,187,0,0,173,13,0,Z,23,1,240,0,41,57,65,0,1,3,1,53,0,41,-116,52,0
13267,2.23,T,12,0,151,0,121,62,12,3,Z,9,2,69,0,12,23,20,0,1,-3,2,-82,0,-109,-39,8,-3
13268,7.39,P,20,0,939,0,0,21,24,2,Z,28,0,586,0,8,47,103,3,1,8,0,-353,0,8,26,79,1
13269,9.59,T,59,3,533,0,38,127,69,0,P,46,1,524,0,0,46,69,0,0,-13,-2,-9,0,-38,-81,0,0
13270,6.1,T,29,1,451,0,28,141,96,5,P,25,0,340,1,2,57,57,2,1,-4,-1,-111,1,-26,-84,-39,-3
13271,7.32,Z,49,0,366,0,260,168,254,12,Z,41,0,478,0,232,173,321,4,1,-8,0,112,0,-28,5,67,-8
13272,6.2,P,16,3,513,0,4,120,43,0,T,49,5,510,0,6,108,73,0,1,33,2,-3,0,2,-12,30,0
13273,3.21,Z,12,0,107,0,121,59,147,5,Z,8,0,300,0,6,56,43,2,0,-4,0,193,0,-115,-3,-104,-3
13274,0.39,T,3,0,26,0,9,13,10,7,P,47,0,444,0,19,79,31,2,1,44,0,418,0,10,66,21,-5
13275,5.01,P,13,2,76,0,17,33,22,2,P,23,3,160,0,378,118,63,2,0,10,1,84,0,361,85,41,0
13276,4.3,P,28,1,130,0,171,104,90,2,P,25,3,315,0,205,152,76,3,1,-3,2,185,0,34,48,-14,1
13277,10,P,52,6,480,0,29,163,98,5,P,50,0,613,0,25,251,86,7,1,-2,-6,133,0,-4,88,-12,2
13278,9.59,T,77,9,620,0,234,149,175,0,T,107,0,712,0,20,327,374,8,1,30,-9,92,0,-214,178,199,8
13279,1.31,P,5,0,23,0,0,7,2,1,T,7,0,100,0,1,13,2,1,1,2,0,77,0,1,6,0,0
13280,9.59,P,42,0,443,0,0,94,59,0,P,44,11,721,0,47,210,110,1,1,2,11,278,0,47,116,51,1
13281,9.59,T,126,0,644,0,668,288,124,22,P,82,0,493,0,716,231,89,21,1,-44,0,-151,0,48,-57,-35,-1
13282,9.59,T,106,6,455,0,497,317,221,4,Z,104,0,592,0,167,266,309,4,1,-2,-6,137,0,-330,-51,88,0
13283,5.45,P,36,1,523,0,33,200,50,3,Z,32,10,197,0,84,190,154,2,0,-4,9,-326,0,51,-10,104,-1
13284,3.52,P,16,0,348,0,3,20,16,1,Z,18,0,154,0,35,26,83,3,1,2,0,-194,0,32,6,67,2
13285,10.5,T,32,2,952,0,6,60,50,0,T,29,0,494,0,1,70,65,1,0,-3,-2,-458,0,-5,10,15,1
13286,4.01,T,18,0,198,0,19,46,25,3,T,31,0,195,5,145,155,39,0,1,13,0,-3,5,126,109,14,-3
13287,8.31,Z,39,0,586,0,9,108,107,3,P,53,2,539,0,33,127,116,1,1,14,2,-47,0,24,19,9,-2
13288,9.43,P,36,0,662,0,0,97,64,0,T,41,1,587,0,10,123,82,3,0,5,1,-75,0,10,26,18,3
13289,2.4,T,9,1,195,0,50,39,32,1,Z,11,1,70,0,278,33,163,2,0,2,0,-125,0,228,-6,131,1
13290,7.44,T,74,3,352,0,658,195,214,7,P,63,3,413,0,279,303,95,7,1,-11,0,61,0,-379,108,-119,0
13291,9.59,P,64,0,591,0,60,191,222,14,T,79,6,612,0,38,149,80,1,1,15,6,21,0,-22,-42,-142,-13
13292,1,P,4,0,37,0,67,24,2,8,Z,0,0,0,0,0,0,1,0,0,-4,0,-37,0,-67,-24,-1,-8
13293,8.12,Z,46,3,654,0,502,118,670,0,T,81,2,244,0,68,178,153,4,1,35,-1,-410,0,-434,60,-517,4
13294,9.59,Z,39,4,748,0,28,181,138,0,Z,56,0,391,0,68,164,180,1,1,17,-4,-357,0,40,-17,42,1
13295,4.4,T,22,0,400,0,0,15,51,0,P,8,0,145,0,5,13,7,2,0,-14,0,-255,0,5,-2,-44,2
13296,9.59,T,118,0,903,0,114,226,126,9,Z,107,8,338,0,191,286,282,11,1,-11,8,-565,0,77,60,156,2
13297,9,P,65,7,518,0,122,161,64,1,P,51,0,507,0,49,248,60,9,0,-14,-7,-11,0,-73,87,-4,8
13298,2.26,Z,7,1,75,0,69,59,95,2,Z,8,0,32,0,52,21,93,3,1,1,-1,-43,0,-17,-38,-2,1
13299,8.37,T,92,7,655,0,443,205,115,7,P,84,9,574,1,171,292,147,6,0,-8,2,-81,1,-272,87,32,-1
13300,10.52,P,64,3,723,0,60,278,74,13,P,70,13,511,0,29,150,101,1,0,6,10,-212,0,-31,-128,27,-12
13301,7.37,Z,33,0,176,2,31,64,126,1,T,53,7,569,0,136,62,70,2,1,20,7,393,-2,105,-2,-56,1
13302,9.59,Z,68,2,308,0,31,128,252,1,P,54,8,441,1,39,135,57,5,0,-14,6,133,1,8,7,-195,4
13303,4.29,P,27,0,234,0,13,98,228,18,P,23,0,262,0,8,56,32,2,0,-4,0,28,0,-5,-42,-196,-16
13304,9.59,Z,52,0,325,0,0,111,126,0,Z,72,0,600,0,74,80,164,9,1,20,0,275,0,74,-31,38,9
13305,9.58,T,32,0,569,0,0,47,58,0,P,30,0,362,0,10,45,33,2,0,-2,0,-207,0,10,-2,-25,2
13306,7.1,P,28,0,322,0,0,67,42,0,Z,41,5,416,0,35,61,127,0,0,13,5,94,0,35,-6,85,0
13307,3.03,P,17,2,71,0,459,49,16,6,P,18,0,96,0,15,107,85,2,0,1,-2,25,0,-444,58,69,-4
13308,7.53,T,88,8,370,0,49,150,86,8,P,68,0,574,0,641,165,116,14,0,-20,-8,204,0,592,15,30,6
13309,6.49,T,49,0,334,0,7,157,225,4,T,33,0,435,0,22,70,123,1,0,-16,0,101,0,15,-87,-102,-3
13310,6.48,P,37,0,187,0,31,105,63,6,Z,45,0,452,0,1,114,174,4,1,8,0,265,0,-30,9,111,-2
13311,3.09,Z,15,0,131,0,213,145,171,4,Z,19,3,127,0,189,107,83,4,1,4,3,-4,0,-24,-38,-88,0
13312,1.09,P,3,0,108,0,1,12,6,1,T,4,2,49,0,4,9,5,0,0,1,2,-59,0,3,-3,-1,-1
13313,6.08,Z,33,3,174,0,62,104,132,4,Z,30,3,322,0,34,72,91,4,1,-3,0,148,0,-28,-32,-41,0
13314,9.59,T,72,0,833,0,0,343,198,4,P,52,0,314,0,31,212,113,1,1,-20,0,-519,0,31,-131,-85,-3
13315,9.58,T,50,2,561,0,0,79,103,1,P,58,4,620,0,11,128,91,0,1,8,2,59,0,11,49,-12,-1
13316,9.1,P,47,4,365,0,15,88,50,0,P,39,0,517,0,4,162,81,6,1,-8,-4,152,0,-11,74,31,6
13317,9.12,T,82,0,385,0,301,155,258,5,Z,66,7,469,0,382,335,285,2,0,-16,7,84,0,81,180,27,-3
13318,9.59,T,112,4,429,0,112,221,133,3,T,103,4,409,0,324,165,107,6,1,-9,0,-20,0,212,-56,-26,3
13319,10.33,Z,45,1,384,0,21,29,121,2,T,109,0,332,0,470,341,278,15,1,64,-1,-52,0,449,312,157,13
13320,4.02,Z,22,4,90,0,14,45,50,0,Z,18,3,272,0,84,85,126,0,1,-4,-1,182,0,70,40,76,0
13321,9.36,P,87,9,510,0,172,274,81,20,T,108,0,589,0,719,207,102,20,0,21,-9,79,0,547,-67,21,0
13322,7.17,Z,40,0,425,0,0,79,128,1,P,31,2,382,0,4,54,47,0,1,-9,2,-43,0,4,-25,-81,-1
13323,3.29,Z,23,6,53,0,109,108,102,10,Z,15,0,102,0,18,32,57,7,0,-8,-6,49,0,-91,-76,-45,-3
13324,8.2,P,59,2,522,0,359,189,172,2,Z,81,7,452,0,375,317,377,10,1,22,5,-70,0,16,128,205,8
13325,9.36,Z,40,2,564,0,311,334,252,5,P,54,0,617,0,13,225,103,3,0,14,-2,53,0,-298,-109,-149,-2
13326,8.1,Z,63,0,782,0,52,152,161,9,P,73,0,686,0,48,275,69,9,0,10,0,-96,0,-4,123,-92,0
13327,2.03,P,7,2,4,0,3,18,7,0,P,7,0,97,0,0,25,8,0,1,0,-2,93,0,-3,7,1,0
13328,10.37,P,76,5,869,0,126,275,86,12,Z,119,6,374,0,290,232,321,4,1,43,1,-495,0,164,-43,235,-8
13329,9.59,P,49,0,487,0,0,27,79,0,Z,53,2,691,0,24,102,133,0,1,4,2,204,0,24,75,54,0
13330,6.49,T,49,0,214,7,224,66,57,1,P,21,0,342,0,0,19,36,0,0,-28,0,128,-7,-224,-47,-21,-1
13331,9.59,T,96,6,652,0,227,472,228,1,T,63,0,445,0,0,234,86,1,0,-33,-6,-207,0,-227,-238,-142,0
13332,4.1,Z,16,2,132,1,38,114,50,2,T,25,1,236,0,39,94,44,2,0,9,-1,104,-1,1,-20,-6,0
13333,3.55,T,17,0,432,0,2,19,29,4,P,13,0,147,0,0,29,24,0,1,-4,0,-285,0,-2,10,-5,-4
13334,9.57,P,70,5,541,0,142,267,118,10,T,111,6,501,29,180,197,219,6,0,41,1,-40,29,38,-70,101,-4
13335,9.59,T,68,2,279,0,276,218,243,7,P,45,11,381,0,13,163,70,1,0,-23,9,102,0,-263,-55,-173,-6
13336,3.17,T,8,0,208,0,0,30,21,0,P,12,0,144,0,0,93,14,0,1,4,0,-64,0,0,63,-7,0
13337,6.3,T,45,2,213,0,54,83,77,5,T,43,7,270,0,38,112,60,4,1,-2,5,57,0,-16,29,-17,-1
13338,9.42,T,67,2,298,0,218,136,280,10,P,89,0,467,0,151,269,112,8,1,22,-2,169,0,-67,133,-168,-2
13339,8.27,Z,51,4,352,0,49,222,187,11,P,38,0,596,0,20,112,56,5,0,-13,-4,244,0,-29,-110,-131,-6
13340,6.4,P,49,2,327,2,114,146,81,0,T,72,0,437,0,213,289,37,10,1,23,-2,110,-2,99,143,-44,10
13341,6.15,P,30,2,390,1,11,162,72,0,P,27,0,507,0,0,104,36,0,1,-3,-2,117,-1,-11,-58,-36,0
13342,5.33,Z,30,0,105,0,23,159,99,5,T,65,1,214,0,190,188,110,8,1,35,1,109,0,167,29,11,3
13343,9.59,T,92,0,577,0,771,319,189,12,P,80,0,638,0,73,351,101,2,0,-12,0,61,0,-698,32,-88,-10
13344,6.33,T,45,0,267,0,423,165,137,7,P,27,0,569,0,0,182,53,0,0,-18,0,302,0,-423,17,-84,-7
13345,9.31,P,100,0,736,0,100,328,195,7,Z,58,1,449,0,8,355,228,1,0,-42,1,-287,0,-92,27,33,-6
13346,6,P,36,0,363,0,16,211,29,4,Z,31,1,355,0,109,104,116,6,1,-5,1,-8,0,93,-107,87,2
13347,9.59,T,64,0,435,0,94,90,80,7,T,34,0,350,0,0,42,56,4,0,-30,0,-85,0,-94,-48,-24,-3
13348,9.59,T,109,0,359,0,852,252,160,11,P,75,2,409,0,401,315,171,13,0,-34,2,50,0,-451,63,11,2
13349,6.58,P,41,0,374,0,116,142,123,6,P,39,2,459,0,345,123,232,5,0,-2,2,85,0,229,-19,109,-1
13350,7.53,Z,43,5,259,0,275,241,167,9,P,39,2,409,0,297,209,100,7,0,-4,-3,150,0,22,-32,-67,-2
13351,9.25,P,40,7,653,1,17,81,79,1,P,46,0,386,0,0,59,74,1,1,6,-7,-267,-1,-17,-22,-5,0
13352,5.58,Z,19,2,609,0,30,68,114,4,P,45,3,307,0,143,165,36,4,1,26,1,-302,0,113,97,-78,0
13353,2.17,Z,9,3,40,0,269,14,80,0,Z,9,1,20,0,109,39,43,2,0,0,-2,-20,0,-160,25,-37,2
13354,8.03,T,96,0,335,0,171,241,106,8,T,85,6,297,1,591,191,137,9,0,-11,6,-38,1,420,-50,31,1
13355,4.38,P,25,1,147,0,1,54,29,0,Z,17,2,305,0,20,46,73,3,0,-8,1,158,0,19,-8,44,3
13356,7.4,T,84,2,350,0,277,198,249,3,Z,59,4,415,0,147,160,201,8,1,-25,2,65,0,-130,-38,-48,5
13357,9.58,P,56,0,581,0,37,303,156,3,P,52,1,587,0,159,334,65,3,1,-4,1,6,0,122,31,-91,0
13358,9.57,T,81,0,409,0,21,63,96,2,P,70,0,658,0,238,140,128,3,1,-11,0,249,0,217,77,32,1
13359,10.33,T,107,13,583,0,141,455,272,16,T,131,1,542,0,92,297,289,12,0,24,-12,-41,0,-49,-158,17,-4
13360,9.59,T,79,0,638,0,32,212,228,7,P,52,0,498,0,141,84,203,3,0,-27,0,-140,0,109,-128,-25,-4
13361,6.33,Z,48,0,327,0,26,152,189,6,P,48,0,418,0,617,133,97,9,1,0,0,91,0,591,-19,-92,3
13362,9.59,P,33,0,1033,0,108,252,89,2,Z,60,0,351,0,7,122,181,8,1,27,0,-682,0,-101,-130,92,6
13363,0.4,P,4,0,2,0,70,18,37,0,T,3,0,22,0,0,9,2,1,1,-1,0,20,0,-70,-9,-35,1
13364,9.59,Z,44,3,1002,0,43,55,180,0,T,96,0,437,0,463,215,101,11,0,52,-3,-565,0,420,160,-79,11
13365,10.1,P,38,0,568,0,0,136,74,0,T,29,0,308,0,0,149,112,1,0,-9,0,-260,0,0,13,38,1
13366,7.24,P,24,0,673,0,9,28,28,2,P,23,1,333,0,4,58,55,1,1,-1,1,-340,0,-5,30,27,-1
13367,2.49,Z,10,1,41,0,4,8,35,0,T,14,0,128,0,251,47,44,2,0,4,-1,87,0,247,39,9,2
13368,7.49,T,71,6,393,0,816,133,82,5,P,63,0,301,0,467,408,173,8,1,-8,-6,-92,0,-349,275,91,3
13369,10.36,T,80,4,548,0,512,151,156,10,T,97,5,505,4,768,286,234,0,1,17,1,-43,4,256,135,78,-10
13370,9.53,Z,49,3,277,0,118,121,257,0,Z,51,0,327,0,49,86,147,5,0,2,-3,50,0,-69,-35,-110,5
13371,9.59,P,41,0,476,0,6,187,64,1,Z,40,0,379,0,15,38,121,1,0,-1,0,-97,0,9,-149,57,0
13372,5.12,P,21,4,435,0,2,63,24,0,T,30,0,309,0,315,98,102,6,1,9,-4,-126,0,313,35,78,6
13373,9.59,T,50,0,944,0,36,79,76,4,P,48,2,793,1,23,42,42,0,1,-2,2,-151,1,-13,-37,-34,-4
13374,10.35,T,81,2,580,0,361,167,151,9,Z,58,6,949,0,26,63,161,0,0,-23,4,369,0,-335,-104,10,-9
13375,10.02,Z,56,5,464,0,713,270,396,2,T,99,1,1050,0,24,275,114,6,0,43,-4,586,0,-689,5,-282,4
13376,9.59,Z,64,0,528,0,117,101,185,4,P,37,1,380,0,27,85,73,3,0,-27,1,-148,0,-90,-16,-112,-1
13377,3.46,Z,20,2,126,0,25,28,39,0,Z,17,2,129,1,84,45,164,2,1,-3,0,3,1,59,17,125,2
13378,5.11,Z,26,0,126,0,33,39,84,8,Z,22,0,433,0,1,45,73,1,0,-4,0,307,0,-32,6,-11,-7
13379,9.59,P,35,0,675,0,0,80,73,0,T,27,0,405,0,0,59,50,0,0,-8,0,-270,0,0,-21,-23,0
13380,9.04,Z,60,1,292,0,155,165,229,8,P,48,0,174,0,44,146,39,5,0,-12,-1,-118,0,-111,-19,-190,-3
13381,5.42,T,37,1,306,0,454,134,79,8,P,32,0,385,0,37,100,117,4,0,-5,-1,79,0,-417,-34,38,-4
13382,9.15,P,42,1,194,0,25,157,52,11,Z,46,2,672,0,3,105,197,0,1,4,1,478,0,-22,-52,145,-11
13383,8.3,Z,45,0,695,0,37,82,168,3,Z,33,3,375,0,15,213,118,1,0,-12,3,-320,0,-22,131,-50,-2
13384,9.59,P,37,0,510,0,15,139,41,3,T,43,0,817,0,0,90,60,2,1,6,0,307,0,-15,-49,19,-1
13385,6.15,Z,28,7,149,0,36,65,91,1,Z,23,0,445,0,0,45,91,1,0,-5,-7,296,0,-36,-20,0,0
13386,7.17,P,47,3,368,0,90,226,122,3,Z,46,0,333,0,107,108,248,1,1,-1,-3,-35,0,17,-118,126,-2
13387,6.05,P,33,0,529,0,8,136,63,6,P,40,2,457,0,27,42,23,2,1,7,2,-72,0,19,-94,-40,-4
13388,10.23,T,110,0,740,0,224,240,146,12,Z,70,2,499,0,47,139,225,0,1,-40,2,-241,0,-177,-101,79,-12
13389,6.3,T,54,0,468,0,681,128,204,4,P,58,0,674,0,29,310,90,5,1,4,0,206,0,-652,182,-114,1
13390,5.08,Z,29,8,359,0,96,80,93,0,Z,29,0,156,0,32,56,99,10,0,0,-8,-203,0,-64,-24,6,10
13391,9.59,T,94,2,393,0,43,209,161,4,Z,69,2,617,3,21,177,176,0,0,-25,0,224,3,-22,-32,15,-4
13392,4.33,P,12,0,206,0,0,41,39,0,P,17,0,171,0,7,99,31,5,1,5,0,-35,0,7,58,-8,5
13393,8.36,Z,63,9,281,2,464,141,267,4,P,59,5,640,0,93,224,86,9,0,-4,-4,359,-2,-371,83,-181,5
13394,8.45,P,20,0,719,0,0,90,43,0,T,53,0,992,0,0,61,90,0,1,33,0,273,0,0,-29,47,0
13395,5.52,Z,40,3,398,0,119,124,90,9,P,47,0,241,0,430,180,55,9,0,7,-3,-157,0,311,56,-35,0
13396,6.43,Z,34,0,307,0,187,106,315,3,P,31,6,198,0,439,188,33,1,0,-3,6,-109,0,252,82,-282,-2
13397,9.59,T,62,4,593,0,4,264,92,0,P,46,0,843,0,0,184,77,0,0,-16,-4,250,0,-4,-80,-15,0
13398,7.37,P,43,0,652,0,63,98,73,1,Z,51,0,742,0,89,168,148,6,1,8,0,90,0,26,70,75,5
13399,5.24,P,27,0,342,0,9,210,34,3,T,32,3,233,0,1,45,42,0,0,5,3,-109,0,-8,-165,8,-3
13400,5.47,T,25,0,618,0,0,39,56,0,T,23,2,551,0,0,38,47,3,1,-2,2,-67,0,0,-1,-9,3
13401,3.4,T,13,0,244,0,0,82,25,1,P,19,0,103,0,27,83,79,1,1,6,0,-141,0,27,1,54,0
13402,5.29,P,33,0,358,0,20,248,121,6,P,15,0,153,0,0,23,24,0,0,-18,0,-205,0,-20,-225,-97,-6
13403,6.29,P,29,0,393,0,10,107,50,2,Z,21,0,586,0,4,100,92,1,0,-8,0,193,0,-6,-7,42,-1
13404,5.51,Z,34,0,358,0,0,143,76,1,T,34,3,346,0,23,169,48,3,0,0,3,-12,0,23,26,-28,2
13405,9.59,Z,33,0,525,0,10,102,124,6,P,41,0,602,0,0,34,55,0,0,8,0,77,0,-10,-68,-69,-6
13406,6.16,P,34,2,179,0,375,136,77,2,P,42,0,149,0,250,134,110,4,1,8,-2,-30,0,-125,-2,33,2
13407,7.48,P,25,0,196,0,8,70,162,2,T,50,4,600,0,39,141,129,0,0,25,4,404,0,31,71,-33,-2
13408,9.04,Z,43,0,305,0,35,125,205,5,T,69,4,339,0,81,136,153,1,1,26,4,34,0,46,11,-52,-4
13409,3.42,T,20,0,102,0,176,75,58,4,T,17,0,107,0,343,41,244,3,0,-3,0,5,0,167,-34,186,-1
13410,3.4,Z,20,0,110,0,15,59,43,1,Z,19,1,264,0,54,77,76,8,0,-1,1,154,0,39,18,33,7
13411,10.3,T,79,5,486,0,36,135,86,6,P,46,6,241,0,37,127,52,4,1,-33,1,-245,0,1,-8,-34,-2
13412,9.29,T,129,0,770,0,216,232,103,12,Z,83,3,514,0,105,206,233,8,0,-46,3,-256,0,-111,-26,130,-4
13413,9.44,T,57,0,813,0,14,95,91,2,T,62,0,559,0,6,37,86,4,1,5,0,-254,0,-8,-58,-5,2
13414,6.44,T,32,0,492,0,0,18,52,0,T,40,0,648,0,11,125,65,8,1,8,0,156,0,11,107,13,8
13415,8.35,Z,29,1,650,0,8,133,100,0,T,47,7,530,0,24,153,73,0,1,18,6,-120,0,16,20,-27,0
13416,9.59,T,94,9,454,0,184,237,112,0,Z,68,0,475,0,84,200,302,9,1,-26,-9,21,0,-100,-37,190,9
13417,7.18,Z,34,3,613,0,28,194,123,0,T,67,2,335,0,618,195,115,1,1,33,-1,-278,0,590,1,-8,1
13418,4.22,T,23,0,202,0,10,132,42,3,T,31,0,203,0,3,90,68,5,0,8,0,1,0,-7,-42,26,2
13419,2.25,Z,7,2,36,0,174,32,50,5,T,17,0,55,0,10,15,55,2,0,10,-2,19,0,-164,-17,5,-3
13420,4.26,Z,18,0,149,0,10,85,56,1,Z,24,0,61,0,30,60,52,1,1,6,0,-88,0,20,-25,-4,0
13421,4.31,P,19,1,171,0,0,134,30,2,T,23,1,207,0,10,81,50,1,0,4,0,36,0,10,-53,20,-1
13422,4.24,P,14,0,170,0,0,127,30,0,T,21,0,178,0,57,96,84,6,1,7,0,8,0,57,-31,54,6
13423,6.18,Z,38,0,226,0,0,134,101,0,T,38,5,201,0,23,109,97,4,1,0,5,-25,0,23,-25,-4,4
13424,9.59,Z,53,5,871,0,60,36,133,0,Z,43,5,374,0,38,55,137,1,0,-10,0,-497,0,-22,19,4,1
13425,9.59,T,84,0,849,0,15,181,129,2,Z,66,13,722,1,114,273,356,1,0,-18,13,-127,1,99,92,227,-1
13426,8.06,T,48,0,755,0,32,155,109,5,T,50,3,297,0,7,122,101,1,0,2,3,-458,0,-25,-33,-8,-4
13427,3.49,T,23,2,152,0,302,105,73,2,Z,15,3,97,0,66,55,127,0,1,-8,1,-55,0,-236,-50,54,-2
13428,10.17,T,66,1,427,5,30,183,110,0,P,51,8,506,0,42,182,95,1,0,-15,7,79,-5,12,-1,-15,1
13429,8.2,P,42,0,526,0,131,210,127,1,P,46,0,304,0,7,287,92,4,0,4,0,-222,0,-124,77,-35,3
13430,5.24,T,33,0,267,0,344,123,62,8,P,24,0,181,0,13,91,38,6,1,-9,0,-86,0,-331,-32,-24,-2
13431,7.3,Z,55,1,435,0,35,90,177,5,T,45,0,506,0,31,58,108,14,0,-10,-1,71,0,-4,-32,-69,9
13432,7.3,T,53,0,701,0,0,202,115,1,Z,47,1,493,0,38,147,138,3,1,-6,1,-208,0,38,-55,23,2
13433,9.59,T,80,2,744,0,117,236,182,10,Z,64,3,518,0,606,186,161,4,0,-16,1,-226,0,489,-50,-21,-6
13434,8.5,Z,53,6,286,0,54,80,136,0,P,54,4,590,0,5,168,100,2,0,1,-2,304,0,-49,88,-36,2
13435,10.13,Z,84,0,417,0,559,377,395,12,Z,109,13,541,0,610,472,403,18,0,25,13,124,0,51,95,8,6
13436,2.11,Z,8,0,41,0,131,40,41,4,Z,6,1,95,0,7,13,24,0,0,-2,1,54,0,-124,-27,-17,-4
13437,9.34,Z,52,3,875,0,75,100,218,0,P,56,0,459,0,31,70,70,8,0,4,-3,-416,0,-44,-30,-148,8
13438,8.21,Z,45,5,341,0,50,117,158,4,Z,46,5,261,0,452,288,287,12,0,1,0,-80,0,402,171,129,8
13439,6.32,T,65,2,507,0,28,127,123,2,P,44,2,385,0,21,86,63,0,0,-21,0,-122,0,-7,-41,-60,-2
13440,9.23,Z,67,6,344,0,41,315,287,4,T,53,3,530,0,27,88,45,1,0,-14,-3,186,0,-14,-227,-242,-3
13441,7.2,Z,34,0,406,0,5,94,169,2,Z,19,0,422,0,2,56,87,1,0,-15,0,16,0,-3,-38,-82,-1
13442,2.12,T,9,0,103,0,54,40,22,2,T,13,1,81,0,19,113,24,3,1,4,1,-22,0,-35,73,2,1
13443,2.17,P,9,0,73,0,0,61,16,0,T,6,0,59,0,3,10,11,6,1,-3,0,-14,0,3,-51,-5,6
13444,3.52,Z,39,0,201,0,526,50,87,2,T,24,2,223,0,95,57,129,3,0,-15,2,22,0,-431,7,42,1
13445,8.17,Z,24,0,419,0,0,26,113,0,P,35,5,553,0,7,211,81,1,1,11,5,134,0,7,185,-32,1
13446,10.42,T,46,0,1137,0,6,196,115,2,T,49,4,622,0,201,188,116,7,0,3,4,-515,0,195,-8,1,5
13447,9.59,Z,44,0,612,0,2,115,169,1,P,32,0,787,0,0,60,54,3,1,-12,0,175,0,-2,-55,-115,2
13448,8.52,T,62,0,701,0,31,166,83,6,T,57,0,729,0,0,184,146,1,0,-5,0,28,0,-31,18,63,-5
13449,6.53,Z,51,5,301,1,501,183,239,5,T,79,7,378,15,449,189,148,3,1,28,2,77,14,-52,6,-91,-2
13450,9.59,Z,108,7,493,0,595,176,437,5,T,181,10,516,0,675,283,235,20,0,73,3,23,0,80,107,-202,15
13451,5.54,P,60,2,374,0,84,181,90,5,T,54,4,320,0,350,94,84,4,1,-6,2,-54,0,266,-87,-6,-1
13452,3.43,Z,19,4,56,0,446,20,86,1,P,18,1,278,0,23,84,20,5,0,-1,-3,222,0,-423,64,-66,4
13453,3.56,Z,15,0,142,0,122,72,76,4,Z,15,2,148,0,54,73,92,0,1,0,2,6,0,-68,1,16,-4
13454,6.23,P,39,0,515,0,35,104,42,6,P,45,1,263,0,62,132,57,11,1,6,1,-252,0,27,28,15,5
13455,3.32,T,23,0,395,0,406,60,92,7,P,18,0,158,0,4,99,18,3,0,-5,0,-237,0,-402,39,-74,-4
13456,9.28,Z,22,0,199,0,0,131,199,0,T,16,0,911,0,1,14,62,0,0,-6,0,712,0,1,-117,-137,0
13457,6.02,P,38,0,332,0,26,140,80,6,T,43,2,334,0,12,96,148,4,0,5,2,2,0,-14,-44,68,-2
13458,9.59,Z,164,0,533,95,560,327,691,3,Z,141,18,505,2,545,424,496,15,0,-23,18,-28,-93,-15,97,-195,12
13459,9.59,T,95,0,507,0,691,199,189,6,T,75,12,335,0,479,175,179,6,1,-20,12,-172,0,-212,-24,-10,0
13460,7,Z,32,0,502,0,20,255,150,1,Z,36,1,291,0,51,103,166,2,1,4,1,-211,0,31,-152,16,1
13461,9.59,T,80,6,720,0,64,236,157,4,Z,51,6,642,0,63,222,256,0,1,-29,0,-78,0,-1,-14,99,-4
13462,1.54,T,7,0,72,0,109,70,42,6,Z,6,0,13,0,4,23,35,2,0,-1,0,-59,0,-105,-47,-7,-4
13463,6.14,P,21,0,293,0,0,68,31,0,T,26,0,313,0,0,138,45,0,1,5,0,20,0,0,70,14,0
13464,10.43,T,51,0,836,0,9,249,89,3,P,50,0,753,2,7,197,87,1,1,-1,0,-83,2,-2,-52,-2,-2
13465,6.56,T,40,0,683,0,9,154,114,1,Z,24,0,317,0,40,102,94,4,0,-16,0,-366,0,31,-52,-20,3
13466,4.11,Z,28,0,175,0,180,86,97,6,P,27,2,263,0,53,203,28,5,0,-1,2,88,0,-127,117,-69,-1
13467,9.15,T,48,3,466,0,11,80,98,1,P,41,8,595,0,29,239,83,1,1,-7,5,129,0,18,159,-15,0
13468,3.02,Z,14,0,103,0,88,52,56,3,T,10,1,118,0,119,75,25,7,1,-4,1,15,0,31,23,-31,4
13469,9.59,T,98,7,364,0,236,190,168,3,Z,64,0,524,0,65,133,137,12,0,-34,-7,160,0,-171,-57,-31,9
13470,3.55,Z,21,1,207,0,194,88,75,3,T,29,2,166,0,248,127,93,11,0,8,1,-41,0,54,39,18,8
13471,5.05,T,25,0,349,0,3,49,32,0,T,19,0,226,0,0,146,33,0,1,-6,0,-123,0,-3,97,1,0
13472,9.59,P,55,0,660,0,46,244,94,6,P,50,0,239,0,50,190,64,9,0,-5,0,-421,0,4,-54,-30,3
13473,9.59,T,96,6,516,0,539,232,141,10,P,72,0,443,0,461,143,98,15,0,-24,-6,-73,0,-78,-89,-43,5
13474,10.5,Z,65,5,436,0,224,182,402,2,T,57,0,497,0,7,222,236,4,0,-8,-5,61,0,-217,40,-166,2
13475,9.59,T,80,0,692,0,47,254,263,4,P,57,5,718,0,170,254,202,16,1,-23,5,26,0,123,0,-61,12
13476,3.29,P,16,0,120,0,71,164,94,4,P,18,0,118,0,158,95,19,4,0,2,0,-2,0,87,-69,-75,0
13477,5.32,T,32,0,383,0,3,87,73,2,Z,27,0,533,0,0,102,92,0,0,-5,0,150,0,-3,15,19,-2
13478,9.59,T,76,4,495,0,55,197,82,0,Z,58,0,280,0,13,133,297,2,1,-18,-4,-215,0,-42,-64,215,2
13479,8.17,P,121,4,419,0,273,303,157,14,T,116,0,396,0,105,266,146,13,0,-5,-4,-23,0,-168,-37,-11,-1
13480,0.24,T,2,0,19,0,0,5,4,1,T,0,0,28,0,0,5,2,1,1,-2,0,9,0,0,0,-2,0
13481,4.31,Z,23,2,55,0,25,83,75,0,Z,21,3,197,2,178,57,105,1,1,-2,1,142,2,153,-26,30,1
13482,9.19,P,66,3,421,0,169,281,99,10,T,70,4,410,0,626,211,242,4,0,4,1,-11,0,457,-70,143,-6
13483,4.28,T,33,0,154,0,613,87,29,3,P,13,0,124,0,21,51,36,2,0,-20,0,-30,0,-592,-36,7,-1
13484,3.52,P,8,2,205,0,31,83,33,0,P,16,0,174,0,0,57,22,0,0,8,-2,-31,0,-31,-26,-11,0
13485,4.4,P,15,0,336,0,2,39,26,0,P,18,0,201,0,0,62,28,0,1,3,0,-135,0,-2,23,2,0
13486,9.59,T,52,0,693,0,2,213,126,1,P,66,0,734,0,7,217,106,3,1,14,0,41,0,5,4,-20,2
13487,4.05,Z,12,4,180,0,16,49,55,0,Z,14,0,104,0,18,25,47,4,1,2,-4,-76,0,2,-24,-8,4
13488,7.48,P,42,1,580,0,32,301,63,2,Z,58,1,351,0,78,93,173,12,1,16,0,-229,0,46,-208,110,10
13489,9.59,P,26,0,198,0,1,101,56,0,T,26,0,338,0,0,219,97,2,1,0,0,140,0,-1,118,41,2
13490,3.05,P,13,0,168,0,184,51,14,3,T,16,7,200,4,218,60,82,0,1,3,7,32,4,34,9,68,-3
13491,4.38,P,17,1,341,0,58,119,43,7,P,24,2,128,0,13,20,26,4,1,7,1,-213,0,-45,-99,-17,-3
13492,4.03,T,18,0,449,0,5,82,34,2,Z,22,3,301,0,179,76,203,1,1,4,3,-148,0,174,-6,169,-1
13493,5.54,T,29,2,261,0,0,32,50,0,T,39,0,161,0,229,59,77,11,1,10,-2,-100,0,229,27,27,11
13494,4.15,Z,19,4,277,0,27,60,70,2,Z,21,0,128,0,8,84,87,3,1,2,-4,-149,0,-19,24,17,1
13495,7.38,T,60,6,475,0,428,154,108,6,P,47,0,549,0,59,84,56,12,0,-13,-6,74,0,-369,-70,-52,6
13496,9.58,T,71,0,625,0,0,79,125,0,Z,53,0,211,0,46,100,224,3,0,-18,0,-414,0,46,21,99,3
13497,6.57,T,80,5,248,0,178,241,153,5,P,39,6,253,0,58,56,36,4,1,-41,1,5,0,-120,-185,-117,-1
13498,3.31,Z,13,0,84,0,23,24,52,8,Z,14,2,263,0,4,99,64,0,1,1,2,179,0,-19,75,12,-8
13499,10.4,Z,85,11,537,0,205,248,302,11,T,131,4,627,0,584,154,132,6,0,46,-7,90,0,379,-94,-170,-5
13500,8.32,P,38,0,585,0,64,132,71,8,T,45,0,167,0,0,37,62,0,1,7,0,-418,0,-64,-95,-9,-8
13501,10.52,Z,88,0,763,0,726,319,331,25,T,131,0,387,0,74,293,137,7,1,43,0,-376,0,-652,-26,-194,-18
13502,9.59,T,74,6,895,0,53,143,133,3,T,97,7,757,7,656,205,229,1,0,23,1,-138,7,603,62,96,-2
13503,9.59,T,84,1,434,0,36,328,212,8,T,76,3,664,0,383,392,123,6,0,-8,2,230,0,347,64,-89,-2
13504,9.59,Z,46,5,747,0,47,132,159,1,P,83,3,415,0,61,180,74,8,1,37,-2,-332,0,14,48,-85,7
13505,1.18,Z,9,0,7,0,0,10,58,0,P,4,0,79,0,1,9,5,2,0,-5,0,72,0,1,-1,-53,2
13506,9.59,T,107,0,889,0,9,180,117,1,P,59,4,359,0,21,136,143,1,1,-48,4,-530,0,12,-44,26,0
13507,3.51,Z,17,0,101,0,7,27,57,2,T,23,0,271,0,0,16,20,1,1,6,0,170,0,-7,-11,-37,-1
13508,8.5,T,84,0,351,0,53,159,78,10,T,46,0,521,0,5,64,98,3,1,-38,0,170,0,-48,-95,20,-7
13509,5.34,Z,34,7,386,0,18,158,119,3,T,32,0,523,0,6,86,79,3,1,-2,-7,137,0,-12,-72,-40,0
13510,8.46,T,77,0,524,0,412,287,127,16,P,54,0,364,0,446,208,158,20,1,-23,0,-160,0,34,-79,31,4
13511,5.5,T,60,0,240,0,503,137,54,6,Z,42,0,187,0,189,126,114,3,1,-18,0,-53,0,-314,-11,60,-3
13512,2.39,T,8,0,67,0,70,23,22,2,T,10,0,107,1,75,87,18,1,0,2,0,40,1,5,64,-4,-1
13513,8.23,Z,46,0,239,0,18,88,160,2,P,50,7,425,0,6,125,64,0,0,4,7,186,0,-12,37,-96,-2
13514,9.59,Z,65,0,1294,0,108,331,236,5,P,74,0,870,0,424,277,101,15,0,9,0,-424,0,316,-54,-135,10
13515,4.48,Z,18,0,125,0,60,43,122,3,Z,12,5,134,0,21,95,47,3,1,-6,5,9,0,-39,52,-75,0
13516,9.59,P,56,5,458,0,38,401,107,9,Z,47,0,601,0,24,151,159,2,1,-9,-5,143,0,-14,-250,52,-7
13517,7.41,Z,53,7,333,0,47,95,145,4,Z,51,1,382,0,133,153,173,15,0,-2,-6,49,0,86,58,28,11
13518,9.59,T,79,0,517,0,7,222,96,3,Z,56,0,459,0,384,243,196,6,0,-23,0,-58,0,377,21,100,3
13519,9.59,P,66,1,490,0,22,131,64,7,Z,80,8,753,0,167,256,282,3,0,14,7,263,0,145,125,218,-4
13520,4.5,Z,28,2,216,0,316,137,78,3,T,45,0,175,0,433,190,150,10,0,17,-2,-41,0,117,53,72,7
13521,7.3,Z,64,0,346,0,160,129,149,8,T,70,5,442,0,91,175,207,0,1,6,5,96,0,-69,46,58,-8
13522,5.38,Z,21,1,373,0,85,111,105,3,Z,24,2,130,0,27,76,91,0,0,3,1,-243,0,-58,-35,-14,-3
13523,7.35,P,25,0,552,0,0,81,85,1,P,38,3,318,0,19,124,67,0,0,13,3,-234,0,19,43,-18,-1
13524,9.58,T,93,6,662,0,239,241,129,8,Z,71,0,316,11,271,249,499,0,0,-22,-6,-346,11,32,8,370,-8
13525,9.59,T,68,7,735,0,98,283,195,6,Z,71,4,471,0,68,503,204,3,0,3,-3,-264,0,-30,220,9,-3
13526,9.59,Z,33,2,521,0,11,82,105,1,Z,40,0,526,0,0,42,169,0,0,7,-2,5,0,-11,-40,64,-1
13527,9.59,Z,65,0,390,0,71,230,359,6,T,76,0,712,0,450,254,118,8,1,11,0,322,0,379,24,-241,2
13528,9.58,Z,77,2,366,0,5,102,254,0,T,75,0,627,0,32,43,96,5,1,-2,-2,261,0,27,-59,-158,5
13529,9.16,P,52,3,721,0,477,303,72,4,P,51,0,240,0,344,347,61,8,0,-1,-3,-481,0,-133,44,-11,4
13530,9.59,Z,64,1,567,0,45,125,200,0,T,98,4,611,0,405,263,314,1,1,34,3,44,0,360,138,114,1
13531,6.56,T,36,2,357,0,143,164,152,1,P,28,4,242,0,769,105,401,0,1,-8,2,-115,0,626,-59,249,-1
13532,10.2,P,60,3,645,0,15,272,123,3,Z,70,0,536,0,77,125,328,5,1,10,-3,-109,0,62,-147,205,2
13533,3.25,P,12,0,128,0,237,153,28,4,T,14,0,41,0,128,36,142,3,1,2,0,-87,0,-109,-117,114,-1
13534,10.14,P,67,0,657,0,336,253,98,12,T,83,0,632,0,252,180,121,10,0,16,0,-25,0,-84,-73,23,-2
13535,9.59,T,60,1,515,0,22,119,94,3,Z,48,1,281,0,31,58,155,1,0,-12,0,-234,0,9,-61,61,-2
13536,3.57,P,27,0,123,0,9,182,62,5,P,34,0,105,0,174,141,144,12,1,7,0,-18,0,165,-41,82,7
13537,2.57,P,11,1,99,0,3,30,11,0,T,17,0,110,0,21,127,37,4,0,6,-1,11,0,18,97,26,4
13538,10.5,T,59,5,409,0,49,114,72,2,P,32,0,254,0,5,69,44,2,0,-27,-5,-155,0,-44,-45,-28,0
13539,9.18,Z,63,3,454,3,372,240,162,2,T,63,0,675,0,49,137,92,9,1,0,-3,221,-3,-323,-103,-70,7
13540,9.58,T,16,0,90,0,0,26,26,0,T,44,0,421,0,0,47,74,0,1,28,0,331,0,0,21,48,0
13541,7.42,Z,42,2,179,0,21,149,146,2,Z,41,6,208,0,265,169,295,0,1,-1,4,29,0,244,20,149,-2
13542,8.05,T,66,0,266,0,302,277,182,6,P,61,2,233,0,14,127,103,6,1,-5,2,-33,0,-288,-150,-79,0
13543,9.58,P,39,0,568,0,0,192,137,0,P,44,0,427,0,11,172,120,3,1,5,0,-141,0,11,-20,-17,3
13544,10.59,T,138,3,366,0,355,317,207,9,P,51,0,377,0,17,173,87,6,0,-87,-3,11,0,-338,-144,-120,-3
13545,9.59,T,61,6,708,0,100,138,138,1,Z,64,3,714,0,33,97,209,5,1,3,-3,6,0,-67,-41,71,4
13546,9.55,T,102,0,722,0,947,308,218,3,P,113,0,516,0,287,313,87,11,1,11,0,-206,0,-660,5,-131,8
13547,9.59,P,69,3,506,0,37,123,56,0,T,67,0,950,0,3,186,162,2,0,-2,-3,444,0,-34,63,106,2
13548,9.59,P,101,0,527,22,562,277,247,1,T,98,2,700,0,519,200,129,8,0,-3,2,173,-22,-43,-77,-118,7
13549,3.49,T,26,0,294,0,198,116,89,5,Z,12,4,197,0,51,127,173,3,0,-14,4,-97,0,-147,11,84,-2
13550,10.01,T,110,30,794,0,345,271,133,0,Z,82,0,298,18,171,172,249,3,0,-28,-30,-496,18,-174,-99,116,3
13551,5.27,Z,21,5,35,0,46,20,87,1,T,29,0,391,0,15,30,49,4,1,8,-5,356,0,-31,10,-38,3
13552,6.57,Z,49,0,232,0,44,60,118,11,Z,19,0,397,0,36,73,90,3,0,-30,0,165,0,-8,13,-28,-8
13553,10.26,P,97,5,461,0,770,412,117,15,P,71,1,572,1,406,316,94,9,0,-26,-4,111,1,-364,-96,-23,-6
13554,4.42,T,22,0,327,0,5,67,44,3,Z,26,2,131,0,40,36,71,0,0,4,2,-196,0,35,-31,27,-3
13555,9.59,T,103,0,770,0,41,287,128,14,P,66,3,359,0,83,216,139,9,1,-37,3,-411,0,42,-71,11,-5
13556,6.54,Z,40,4,454,0,177,180,182,7,T,60,2,443,0,491,123,61,3,1,20,-2,-11,0,314,-57,-121,-4
13557,4.11,T,20,0,229,0,5,61,58,2,T,16,0,101,0,4,15,32,3,0,-4,0,-128,0,-1,-46,-26,1
13558,5.42,Z,41,3,139,0,297,101,248,4,T,47,1,449,0,457,104,98,5,0,6,-2,310,0,160,3,-150,1
13559,9.59,T,120,0,350,0,113,181,168,14,Z,95,0,320,0,1145,249,377,15,1,-25,0,-30,0,1032,68,209,1
13560,9.13,T,31,0,523,0,5,30,56,0,Z,34,8,481,0,64,97,130,4,1,3,8,-42,0,59,67,74,4
13561,9,Z,61,5,521,0,23,235,182,0,T,109,0,318,0,426,183,148,9,1,48,-5,-203,0,403,-52,-34,9
13562,4.23,T,20,0,298,0,7,69,39,3,P,18,4,142,0,8,18,19,0,1,-2,4,-156,0,1,-51,-20,-3
13563,7.14,T,36,1,194,0,0,69,70,0,Z,30,0,168,0,389,154,84,4,0,-6,-1,-26,0,389,85,14,4
13564,3.15,Z,12,0,107,0,0,47,70,1,P,18,0,47,0,0,21,38,2,0,6,0,-60,0,0,-26,-32,1
13565,9.59,T,71,0,620,0,18,165,163,15,P,33,1,357,0,10,159,35,4,1,-38,1,-263,0,-8,-6,-128,-11
13566,9.59,Z,41,0,353,0,24,208,154,12,T,69,0,533,0,31,150,116,6,0,28,0,180,0,7,-58,-38,-6
13567,6.37,P,35,2,213,0,21,60,40,0,Z,29,0,299,0,74,10,139,1,1,-6,-2,86,0,53,-50,99,1
13568,7.15,Z,33,0,149,0,45,43,105,1,T,42,0,640,0,4,95,77,1,1,9,0,491,0,-41,52,-28,0
13569,3.55,Z,20,0,69,0,47,103,161,6,T,27,1,178,0,296,69,116,5,0,7,1,109,0,249,-34,-45,-1
13570,6.34,P,67,0,303,0,233,224,85,9,T,49,0,446,0,276,299,91,7,1,-18,0,143,0,43,75,6,-2
13571,9.13,T,69,0,412,0,550,232,101,12,T,94,0,577,21,607,275,186,4,1,25,0,165,21,57,43,85,-8
13572,4.08,T,19,0,249,9,107,100,103,0,Z,12,1,304,0,30,43,65,3,1,-7,1,55,-9,-77,-57,-38,3
13573,2.02,P,5,1,132,0,2,60,26,1,Z,11,1,42,0,9,24,34,0,0,6,0,-90,0,7,-36,8,-1
13574,4.35,P,15,2,88,0,6,59,26,0,P,11,0,287,0,0,96,25,0,0,-4,-2,199,0,-6,37,-1,0
13575,6.34,P,19,2,295,0,12,63,33,3,P,17,1,152,0,0,18,29,0,1,-2,-1,-143,0,-12,-45,-4,-3
13576,6.31,T,52,2,267,0,395,205,69,6,P,43,2,310,0,464,93,115,8,0,-9,0,43,0,69,-112,46,2
13577,8.3,Z,38,0,321,0,215,107,142,4,T,81,0,837,0,101,253,123,22,1,43,0,516,0,-114,146,-19,18
13578,9.27,T,85,6,562,0,60,192,132,1,Z,64,9,687,0,65,240,239,2,1,-21,3,125,0,5,48,107,1
13579,9.59,T,53,0,669,0,15,276,71,6,Z,57,0,312,0,55,187,147,5,1,4,0,-357,0,40,-89,76,-1
13580,9.58,T,61,1,591,0,192,113,115,5,T,102,2,271,0,16,198,166,11,1,41,1,-320,0,-176,85,51,6
13581,5.12,T,25,3,437,0,245,123,45,0,P,25,0,265,0,610,75,106,4,1,0,-3,-172,0,365,-48,61,4
13582,4.06,T,28,0,120,0,209,111,24,3,P,16,0,102,0,144,125,97,3,1,-12,0,-18,0,-65,14,73,0
13583,6.36,T,45,4,222,0,34,80,58,3,P,20,0,101,0,0,23,44,0,0,-25,-4,-121,0,-34,-57,-14,-3
13584,8.52,T,97,1,568,0,146,235,89,11,P,63,3,491,0,134,219,196,8,0,-34,2,-77,0,-12,-16,107,-3
13585,9.59,P,41,0,631,0,0,152,69,0,Z,34,0,451,0,0,160,132,0,1,-7,0,-180,0,0,8,63,0
13586,10.18,P,59,0,670,0,48,145,81,7,T,105,0,576,0,170,225,157,16,1,46,0,-94,0,122,80,76,9
13587,9.59,P,13,0,269,2,3,372,48,4,T,56,0,469,0,0,83,114,0,0,43,0,200,-2,-3,-289,66,-4
13588,4.44,P,17,3,218,0,143,51,103,1,T,20,3,363,16,1,39,72,3,0,3,0,145,16,-142,-12,-31,2
13589,4.04,Z,14,3,107,0,46,48,80,5,P,22,1,185,0,175,106,23,2,0,8,-2,78,0,129,58,-57,-3
13590,4.3,Z,18,0,114,0,157,55,275,4,Z,16,0,217,0,17,32,65,3,1,-2,0,103,0,-140,-23,-210,-1
13591,9.32,P,62,7,548,0,148,261,101,12,P,64,12,732,0,254,285,178,6,1,2,5,184,0,106,24,77,-6
13592,6.57,Z,39,1,402,0,92,91,158,4,T,73,0,262,0,81,144,121,9,1,34,-1,-140,0,-11,53,-37,5
13593,5.11,P,22,0,443,0,0,31,31,1,P,21,0,276,0,29,33,32,4,1,-1,0,-167,0,29,2,1,3
13594,8.42,P,36,0,226,0,30,124,49,7,T,46,2,590,0,12,41,76,5,1,10,2,364,0,-18,-83,27,-2
13595,9.59,Z,57,9,469,0,52,157,187,2,T,86,10,597,0,110,304,157,2,1,29,1,128,0,58,147,-30,0
13596,2.38,P,12,1,49,0,66,71,12,0,P,11,0,157,0,31,51,21,3,0,-1,-1,108,0,-35,-20,9,3
13597,8.33,T,50,0,491,0,20,60,60,2,Z,35,0,651,0,0,65,171,0,0,-15,0,160,0,-20,5,111,-2
13598,4.3,Z,14,0,153,0,5,35,53,1,T,20,0,204,0,0,47,36,1,0,6,0,51,0,-5,12,-17,0
13599,9.59,T,96,8,642,0,405,203,191,11,Z,68,0,781,0,573,369,201,14,0,-28,-8,139,0,168,166,10,3
13600,4.41,Z,14,0,202,0,40,157,82,1,Z,18,1,180,0,252,94,79,7,0,4,1,-22,0,212,-63,-3,6
13601,9.59,T,75,0,439,0,63,118,95,8,Z,45,0,249,3,26,195,198,0,1,-30,0,-190,3,-37,77,103,-8
13602,3.23,P,19,0,208,0,9,44,48,4,T,16,2,353,0,258,74,72,4,1,-3,2,145,0,249,30,24,0
13603,7.51,P,42,2,219,0,88,160,47,3,T,51,3,370,0,68,105,76,4,0,9,1,151,0,-20,-55,29,1
13604,9.13,Z,31,0,477,0,19,99,96,2,T,46,2,523,0,34,206,58,3,1,15,2,46,0,15,107,-38,1
13605,8.46,T,43,2,358,0,29,91,47,3,Z,45,0,212,0,210,125,170,2,0,2,-2,-146,0,181,34,123,-1
13606,8.05,T,79,0,443,0,313,257,91,7,P,74,0,238,0,985,147,96,7,1,-5,0,-205,0,672,-110,5,0
13607,9.46,P,63,0,793,0,11,172,75,5,Z,53,9,165,0,61,94,242,0,1,-10,9,-628,0,50,-78,167,-5
13608,5.42,P,34,5,261,0,267,73,172,3,T,33,0,422,0,1,100,60,4,1,-1,-5,161,0,-266,27,-112,1
13609,4.43,P,16,0,477,0,0,67,55,1,T,24,4,238,0,3,26,38,0,0,8,4,-239,0,3,-41,-17,-1
13610,7.25,P,39,1,712,0,46,80,41,5,Z,39,0,274,3,7,92,152,0,0,0,-1,-438,3,-39,12,111,-5
13611,7.13,Z,32,0,206,0,0,30,83,0,P,35,0,266,0,6,159,36,4,1,3,0,60,0,6,129,-47,4
13612,9.59,T,88,1,690,0,55,229,91,8,T,63,6,610,0,33,178,72,5,0,-25,5,-80,0,-22,-51,-19,-3
13613,8.2,P,35,0,461,0,0,135,73,0,T,59,1,330,0,236,201,265,2,1,24,1,-131,0,236,66,192,2
13614,9.59,Z,39,1,157,0,2,97,163,1,P,27,0,498,0,0,56,46,0,0,-12,-1,341,0,-2,-41,-117,-1
13615,9.18,Z,75,0,437,0,117,124,187,3,Z,46,10,334,0,297,252,361,12,1,-29,10,-103,0,180,128,174,9
13616,4.42,Z,21,2,118,0,25,70,85,4,Z,13,0,84,0,14,39,52,1,1,-8,-2,-34,0,-11,-31,-33,-3
13617,4.18,P,23,2,298,0,87,224,122,5,Z,17,4,120,0,30,67,73,4,1,-6,2,-178,0,-57,-157,-49,-1
13618,6.15,Z,39,0,318,0,45,82,108,5,P,27,0,464,0,15,107,47,5,0,-12,0,146,0,-30,25,-61,0
13619,9.59,Z,69,0,473,0,29,140,164,2,Z,76,0,338,0,48,92,167,7,0,7,0,-135,0,19,-48,3,5
13620,9.59,Z,43,1,1142,0,51,130,202,1,P,80,9,331,0,444,203,107,10,0,37,8,-811,0,393,73,-95,9
13621,9.58,P,44,0,588,0,11,122,59,6,P,47,1,689,0,8,220,113,3,1,3,1,101,0,-3,98,54,-3
13622,5.22,P,27,3,196,17,68,102,77,2,Z,24,3,330,0,80,42,97,5,0,-3,0,134,-17,12,-60,20,3
13623,6.19,P,31,1,422,0,128,123,38,1,T,35,4,541,0,23,116,74,0,1,4,3,119,0,-105,-7,36,-1
13624,4.07,Z,24,5,341,0,115,73,159,1,Z,15,0,99,0,34,30,40,2,0,-9,-5,-242,0,-81,-43,-119,1
13625,9.59,Z,58,0,611,0,59,239,264,7,T,76,0,490,0,26,101,83,6,1,18,0,-121,0,-33,-138,-181,-1
13626,9.59,Z,70,3,546,0,399,182,212,0,T,104,5,687,0,50,179,121,5,1,34,2,141,0,-349,-3,-91,5
13627,9.59,P,27,0,608,0,0,64,52,0,P,29,5,673,0,7,157,65,0,0,2,5,65,0,7,93,13,0
13628,2.42,P,13,4,43,0,189,95,76,1,T,12,0,156,0,5,38,61,2,1,-1,-4,113,0,-184,-57,-15,1
13629,8.27,T,101,0,479,0,201,430,215,16,T,103,2,611,0,228,360,138,9,1,2,2,132,0,27,-70,-77,-7
13630,0.11,Z,0,1,14,0,1,3,2,0,T,1,0,6,0,14,2,5,3,0,1,-1,-8,0,13,-1,3,3
13631,6.27,T,49,0,207,0,20,143,175,6,Z,29,4,119,0,5,38,78,0,0,-20,4,-88,0,-15,-105,-97,-6
13632,8.02,Z,74,3,490,0,66,315,285,5,T,76,4,267,0,642,174,121,7,0,2,1,-223,0,576,-141,-164,2
13633,7.03,Z,45,3,217,0,121,178,196,6,Z,37,0,215,0,41,27,122,0,0,-8,-3,-2,0,-80,-151,-74,-6
13634,8.18,T,79,5,433,0,325,162,192,14,Z,50,7,351,0,444,215,207,0,0,-29,2,-82,0,119,53,15,-14
13635,8.52,T,56,6,627,0,41,194,120,1,T,51,7,751,0,107,218,154,0,1,-5,1,124,0,66,24,34,-1
13636,9.58,Z,42,0,651,0,35,21,148,2,P,47,0,530,0,67,272,101,15,1,5,0,-121,0,32,251,-47,13
13637,4.01,T,16,0,182,0,21,50,17,3,T,12,0,110,0,3,62,25,1,1,-4,0,-72,0,-18,12,8,-2
13638,7.01,T,60,0,561,0,150,281,113,11,P,36,0,386,0,4,158,71,4,0,-24,0,-175,0,-146,-123,-42,-7
13639,9.59,P,44,0,632,0,18,137,97,7,Z,50,0,431,0,18,91,158,4,0,6,0,-201,0,0,-46,61,-3
13640,4.47,Z,42,0,103,9,238,188,173,3,Z,37,5,441,1,324,193,148,8,0,-5,5,338,-8,86,5,-25,5
13641,9.59,Z,38,5,286,0,16,261,122,0,T,72,3,488,0,15,281,186,0,1,34,-2,202,0,-1,20,64,0
13642,8.1,Z,32,1,516,0,24,111,113,1,Z,33,5,307,0,37,124,163,3,1,1,4,-209,0,13,13,50,2
13643,3.46,P,15,1,147,0,187,121,42,7,Z,15,1,182,0,87,50,88,16,1,0,0,35,0,-100,-71,46,9
13644,3,T,8,0,146,0,0,55,19,0,T,15,0,131,0,30,58,54,4,1,7,0,-15,0,30,3,35,4
13645,6.44,T,45,0,420,0,27,153,90,3,Z,60,0,288,0,26,126,196,6,0,15,0,-132,0,-1,-27,106,3
13646,6.37,P,41,3,326,1,45,181,75,0,P,22,0,285,0,0,93,37,0,0,-19,-3,-41,-1,-45,-88,-38,0
13647,8.58,P,62,0,539,0,12,151,118,3,Z,66,6,561,0,156,196,169,1,1,4,6,22,0,144,45,51,-2
13648,3.1,T,13,2,251,0,5,47,29,2,P,13,0,354,0,4,56,10,1,0,0,-2,103,0,-1,9,-19,-1
13649,9.26,T,107,12,368,0,703,320,215,9,P,76,12,485,4,325,344,193,1,1,-31,0,117,4,-378,24,-22,-8
13650,3.38,P,23,0,211,0,30,68,23,6,Z,13,0,138,0,0,21,44,0,1,-10,0,-73,0,-30,-47,21,-6
13651,5.22,P,28,0,459,0,452,126,106,6,P,27,0,210,0,42,159,57,3,1,-1,0,-249,0,-410,33,-49,-3
13652,6.56,T,61,0,274,0,41,351,56,5,T,40,4,520,0,179,116,225,11,1,-21,4,246,0,138,-235,169,6
13653,9.08,T,44,0,203,0,23,142,73,2,T,45,0,596,0,11,84,85,3,1,1,0,393,0,-12,-58,12,1
13654,3.19,Z,13,1,132,0,16,97,100,1,T,10,0,158,0,148,88,53,4,0,-3,-1,26,0,132,-9,-47,3
13655,5.07,P,19,1,290,2,10,195,18,1,Z,27,7,456,0,24,49,75,0,0,8,6,166,-2,14,-146,57,-1
13656,3.33,P,32,2,72,0,69,118,43,6,T,16,0,192,0,185,97,105,7,1,-16,-2,120,0,116,-21,62,1
13657,9.59,P,106,0,517,0,239,364,164,16,P,115,6,665,0,203,387,150,17,0,9,6,148,0,-36,23,-14,1
13658,2.58,T,14,0,169,0,83,69,54,6,T,15,0,101,0,3,29,16,1,1,1,0,-68,0,-80,-40,-38,-5
13659,8.57,T,66,2,557,0,674,322,242,9,T,66,3,411,0,781,134,186,11,1,0,1,-146,0,107,-188,-56,2
13660,9.59,Z,60,2,490,0,35,195,210,0,T,63,0,424,3,16,103,84,6,0,3,-2,-66,3,-19,-92,-126,6
13661,4.01,T,27,0,133,0,22,84,38,2,Z,20,0,144,0,25,50,59,1,1,-7,0,11,0,3,-34,21,-1
13662,4.2,Z,18,4,141,0,41,80,55,6,T,29,3,293,0,242,73,48,4,0,11,-1,152,0,201,-7,-7,-2
13663,9.58,P,60,0,800,0,0,123,167,0,P,47,0,877,0,0,157,113,0,0,-13,0,77,0,0,34,-54,0
13664,9.59,T,80,0,729,0,35,116,121,8,T,110,8,744,0,808,305,133,7,0,30,8,15,0,773,189,12,-1
13665,9.59,T,48,0,408,0,0,83,87,2,P,31,0,55,0,1,34,48,1,1,-17,0,-353,0,1,-49,-39,-1
13666,10.06,Z,105,7,647,0,92,214,229,7,T,117,1,590,0,137,328,135,8,1,12,-6,-57,0,45,114,-94,1
13667,9.59,T,39,2,578,0,21,91,68,1,T,61,0,636,0,2,174,108,4,1,22,-2,58,0,-19,83,40,3
13668,5.28,T,28,0,124,0,0,16,60,0,T,38,0,463,0,553,80,108,3,1,10,0,339,0,553,64,48,3
13669,6.22,Z,30,4,215,0,79,146,162,7,P,40,1,555,0,649,141,71,4,0,10,-3,340,0,570,-5,-91,-3
13670,10.12,T,122,6,644,0,777,406,238,8,P,115,3,529,0,289,459,226,7,1,-7,-3,-115,0,-488,53,-12,-1
13671,9.58,Z,60,0,398,0,8,25,178,0,T,52,0,830,0,0,93,65,0,0,-8,0,432,0,-8,68,-113,0
13672,9.59,Z,31,0,384,0,0,25,102,0,Z,33,0,431,0,0,44,123,1,1,2,0,47,0,0,19,21,1
13673,4.33,T,26,0,313,0,0,75,48,0,P,16,2,62,0,0,111,64,0,1,-10,2,-251,0,0,36,16,0
13674,9.59,T,114,0,712,0,346,144,296,17,Z,68,11,378,0,597,285,272,9,0,-46,11,-334,0,251,141,-24,-8
13675,9.02,T,76,0,453,0,263,210,161,7,Z,82,9,442,0,213,167,242,0,0,6,9,-11,0,-50,-43,81,-7
13676,6.41,T,37,2,604,0,32,33,33,0,P,19,0,220,0,1,15,20,2,0,-18,-2,-384,0,-31,-18,-13,2
13677,4.14,Z,12,0,201,0,7,63,45,3,T,34,0,165,0,146,125,35,17,1,22,0,-36,0,139,62,-10,14
13678,9.04,Z,61,0,375,0,93,194,204,9,P,57,0,565,0,62,213,118,5,0,-4,0,190,0,-31,19,-86,-4
13679,9.59,T,63,1,547,0,102,129,158,4,T,59,0,636,0,9,85,108,2,1,-4,-1,89,0,-93,-44,-50,-2
13680,3.39,P,15,0,190,0,21,94,32,6,P,25,0,148,0,22,123,26,2,1,10,0,-42,0,1,29,-6,-4
13681,9.59,T,87,2,890,0,229,142,298,8,T,82,3,552,0,190,359,118,11,0,-5,1,-338,0,-39,217,-180,3
13682,6.29,P,36,0,350,0,201,147,80,8,T,40,2,418,0,17,121,63,1,0,4,2,68,0,-184,-26,-17,-7
13683,9.59,T,91,6,510,0,30,108,145,0,P,81,4,559,0,783,221,161,4,0,-10,-2,49,0,753,113,16,4
13684,10.38,Z,55,0,465,0,672,408,360,5,P,67,0,1228,0,0,304,116,0,1,12,0,763,0,-672,-104,-244,-5
13685,9.05,P,50,1,510,0,12,271,74,5,T,61,2,967,0,61,100,115,0,1,11,1,457,0,49,-171,41,-5
13686,10.54,T,118,12,473,0,434,269,227,7,P,79,15,687,0,36,179,86,7,0,-39,3,214,0,-398,-90,-141,0
13687,9.59,P,100,1,516,0,954,365,142,18,T,69,0,677,0,65,92,88,3,1,-31,-1,161,0,-889,-273,-54,-15
13688,9.59,T,71,0,452,0,91,156,71,12,Z,90,9,734,0,95,288,269,4,1,19,9,282,0,4,132,198,-8
13689,3.41,Z,15,2,135,0,6,25,44,0,Z,15,1,154,0,78,58,122,3,1,0,-1,19,0,72,33,78,3
13690,7.23,Z,39,0,573,0,53,117,198,1,T,71,2,435,5,95,120,109,2,1,32,2,-138,5,42,3,-89,1
13691,9.45,Z,35,0,656,0,49,59,133,3,Z,46,0,314,0,15,46,128,2,1,11,0,-342,0,-34,-13,-5,-1
13692,9.59,T,75,3,561,0,316,233,113,7,P,115,0,319,0,37,240,101,9,0,40,-3,-242,0,-279,7,-12,2
13693,4.35,P,19,1,154,0,17,135,101,6,Z,17,0,189,0,97,108,195,2,1,-2,-1,35,0,80,-27,94,-4
13694,8.48,Z,66,0,282,3,225,232,279,8,Z,51,2,481,0,408,300,427,4,0,-15,2,199,-3,183,68,148,-4
13695,5.18,P,28,0,184,0,15,103,32,1,Z,30,1,325,0,199,109,231,1,0,2,1,141,0,184,6,199,0
13696,9.58,T,44,0,301,0,11,64,68,4,T,26,0,490,0,0,45,42,0,0,-18,0,189,0,-11,-19,-26,-4
13697,2.4,Z,12,2,58,0,9,50,135,0,Z,17,0,74,0,93,82,75,3,0,5,-2,16,0,84,32,-60,3
13698,2.28,Z,14,1,68,0,337,43,76,14,Z,10,1,304,0,106,119,69,5,0,-4,0,236,0,-231,76,-7,-9
13699,7.15,T,50,3,330,0,74,98,85,6,P,63,0,321,0,220,254,218,14,0,13,-3,-9,0,146,156,133,8
13700,6.56,Z,51,0,293,0,197,103,285,2,Z,39,0,402,0,351,173,117,10,0,-12,0,109,0,154,70,-168,8
13701,9.56,Z,48,3,567,0,30,76,123,2,P,32,3,389,4,24,97,36,1,0,-16,0,-178,4,-6,21,-87,-1
13702,5.55,T,56,0,359,0,138,189,109,11,P,38,0,197,0,515,264,90,5,0,-18,0,-162,0,377,75,-19,-6
13703,6.23,T,32,0,569,0,0,51,108,3,P,35,0,556,0,18,88,49,4,1,3,0,-13,0,18,37,-59,1
13704,9.59,T,96,5,308,0,94,184,282,3,P,63,0,477,0,51,210,94,20,0,-33,-5,169,0,-43,26,-188,17
13705,9.59,T,116,6,381,0,515,346,200,15,Z,78,9,492,0,104,277,274,2,1,-38,3,111,0,-411,-69,74,-13
13706,5.47,P,22,0,233,0,14,187,37,2,P,29,3,326,0,24,97,101,5,1,7,3,93,0,10,-90,64,3
13707,4.22,T,37,3,165,0,106,58,60,0,P,15,0,247,0,0,128,19,0,0,-22,-3,82,0,-106,70,-41,0
13708,9.59,T,73,4,464,0,6,308,169,3,Z,57,2,423,0,20,63,175,0,1,-16,-2,-41,0,14,-245,6,-3
13709,7.45,Z,57,0,242,0,153,277,189,3,T,69,7,351,0,287,202,174,11,1,12,7,109,0,134,-75,-15,8
13710,9.55,Z,55,9,634,0,77,95,192,5,Z,63,0,359,0,80,128,226,3,1,8,-9,-275,0,3,33,34,-2
13711,9.59,Z,82,0,978,0,64,244,258,13,T,144,8,332,0,373,282,208,5,1,62,8,-646,0,309,38,-50,-8
13712,9.58,Z,66,2,339,0,109,236,224,2,Z,54,0,454,0,8,80,186,4,0,-12,-2,115,0,-101,-156,-38,2
13713,8.17,T,70,0,772,0,55,170,89,6,Z,58,8,524,0,51,185,265,1,1,-12,8,-248,0,-4,15,176,-5
13714,9.02,T,83,0,613,0,82,334,239,15,P,57,0,292,0,82,201,114,3,0,-26,0,-321,0,0,-133,-125,-12
13715,6.07,Z,28,0,137,0,18,136,142,5,T,36,2,338,0,163,128,190,1,0,8,2,201,0,145,-8,48,-4
13716,6.09,Z,23,4,199,0,27,111,122,1,Z,30,1,515,0,12,175,103,3,1,7,-3,316,0,-15,64,-19,2
13717,5.16,Z,21,2,198,0,7,104,90,1,Z,19,0,214,0,13,49,54,3,0,-2,-2,16,0,6,-55,-36,2
13718,2.11,P,8,0,91,0,0,37,116,0,P,10,0,146,0,15,37,32,2,0,2,0,55,0,15,0,-84,2
13719,6.37,Z,38,0,591,0,74,121,149,3,P,42,0,341,0,344,201,152,6,1,4,0,-250,0,270,80,3,3
13720,5.59,T,28,2,488,0,0,64,117,1,P,8,0,129,0,0,13,21,0,0,-20,-2,-359,0,0,-51,-96,-1
13721,9.59,Z,53,5,502,0,38,157,257,1,T,80,0,482,0,22,127,142,6,0,27,-5,-20,0,-16,-30,-115,5
13722,9.59,T,64,0,612,0,0,45,96,1,T,48,0,528,0,15,274,88,3,0,-16,0,-84,0,15,229,-8,2
13723,3.01,P,19,2,181,0,67,113,77,0,P,11,0,157,0,4,86,13,0,0,-8,-2,-24,0,-63,-27,-64,0
13724,7.53,T,64,6,580,0,75,98,72,10,Z,55,2,272,0,47,125,171,0,1,-9,-4,-308,0,-28,27,99,-10
13725,9.59,Z,75,2,381,0,9,177,285,0,T,51,0,751,0,10,212,102,8,0,-24,-2,370,0,1,35,-183,8
13726,7.3,T,47,0,594,0,0,110,95,6,T,42,7,803,2,15,64,84,1,1,-5,7,209,2,15,-46,-11,-5
13727,9.59,Z,95,0,431,0,69,176,269,6,P,76,0,498,0,57,456,113,19,0,-19,0,67,0,-12,280,-156,13
13728,6.03,P,29,5,347,1,325,76,66,1,Z,29,0,326,0,2,52,148,1,1,0,-5,-21,-1,-323,-24,82,0
13729,7.36,Z,24,0,421,0,0,137,103,0,T,23,0,445,0,0,45,61,0,0,-1,0,24,0,0,-92,-42,0
13730,9.57,T,60,4,704,0,450,137,98,1,T,77,10,626,0,1137,203,132,3,0,17,6,-78,0,687,66,34,2
13731,9.43,Z,34,0,1281,0,48,94,117,4,P,57,3,747,0,16,93,92,1,1,23,3,-534,0,-32,-1,-25,-3
13732,6.2,P,36,0,345,0,0,128,113,1,Z,32,4,294,0,38,108,133,0,0,-4,4,-51,0,38,-20,20,-1
13733,9.59,T,99,4,805,0,370,435,249,1,T,83,5,956,0,297,318,146,1,0,-16,1,151,0,-73,-117,-103,0
13734,8.13,Z,56,6,791,0,107,83,160,9,Z,53,4,298,0,314,98,390,9,1,-3,-2,-493,0,207,15,230,0
13735,8.14,T,96,0,595,0,315,236,94,16,T,66,9,891,0,105,226,85,11,0,-30,9,296,0,-210,-10,-9,-5
13736,9.59,Z,91,0,385,0,128,237,296,7,T,133,2,645,0,140,272,135,7,0,42,2,260,0,12,35,-161,0
13737,6.34,P,39,0,160,0,4,114,55,3,P,44,0,486,0,25,228,64,2,1,5,0,326,0,21,114,9,-1
13738,8.24,Z,31,5,363,0,24,84,97,0,Z,41,2,197,0,18,67,142,0,0,10,-3,-166,0,-6,-17,45,0
13739,4.49,T,21,0,140,0,4,28,44,2,T,30,0,376,0,154,73,40,7,1,9,0,236,0,150,45,-4,5
13740,9.57,Z,74,3,264,0,42,32,197,0,P,64,2,341,0,364,180,66,9,0,-10,-1,77,0,322,148,-131,9
13741,5.39,P,31,0,304,0,0,65,57,0,P,28,0,218,0,1,142,40,3,0,-3,0,-86,0,1,77,-17,3
13742,4.07,Z,13,0,382,0,9,26,46,2,P,20,0,236,0,84,123,39,4,1,7,0,-146,0,75,97,-7,2
13743,4.28,Z,16,0,52,0,17,16,50,0,T,17,0,33,0,5,11,30,4,0,1,0,-19,0,-12,-5,-20,4
13744,6.59,P,37,1,369,0,16,65,53,1,Z,35,0,534,0,74,124,117,2,0,-2,-1,165,0,58,59,64,1
13745,4.2,Z,24,0,250,0,74,69,105,3,P,23,1,422,0,213,111,75,3,0,-1,1,172,0,139,42,-30,0
13746,3.12,Z,14,0,63,0,19,60,53,5,Z,16,1,176,0,381,54,76,2,1,2,1,113,0,362,-6,23,-3
13747,9.58,T,52,13,370,0,7,135,104,0,P,32,1,167,0,35,102,67,14,0,-20,-12,-203,0,28,-33,-37,14
13748,1.07,T,7,0,44,0,66,23,41,2,Z,4,1,26,0,5,13,13,2,0,-3,1,-18,0,-61,-10,-28,0
13749,1.32,T,8,0,107,0,74,32,23,3,Z,2,0,43,0,134,14,45,2,1,-6,0,-64,0,60,-18,22,-1
13750,9.59,P,61,0,555,0,2,146,65,1,Z,42,1,667,0,16,29,121,0,0,-19,1,112,0,14,-117,56,-1
13751,9.05,Z,56,8,294,0,87,201,198,0,T,105,0,587,12,226,280,217,1,1,49,-8,293,12,139,79,19,1
13752,9.59,T,86,0,786,0,619,163,202,15,Z,89,2,305,0,117,257,338,6,0,3,2,-481,0,-502,94,136,-9
13753,9.59,T,74,0,908,0,7,77,107,5,T,65,3,687,0,22,123,78,1,0,-9,3,-221,0,15,46,-29,-4
13754,8.49,Z,72,0,374,0,36,53,214,2,T,70,4,643,0,640,237,370,11,0,-2,4,269,0,604,184,156,9
13755,9.59,Z,54,2,466,0,19,153,211,0,P,58,3,699,1,30,196,132,5,1,4,1,233,1,11,43,-79,5
13756,9.59,Z,93,13,535,0,307,427,271,4,T,80,3,938,0,380,418,177,6,1,-13,-10,403,0,73,-9,-94,2
13757,9.58,Z,65,0,490,0,109,204,275,5,T,77,1,577,0,23,104,68,4,0,12,1,87,0,-86,-100,-207,-1
13758,10.1,Z,69,2,686,0,57,298,287,4,Z,44,3,742,0,20,262,161,1,0,-25,1,56,0,-37,-36,-126,-3
13759,4.13,Z,14,0,117,0,0,42,80,0,Z,28,0,97,0,80,29,113,1,1,14,0,-20,0,80,-13,33,1
13760,9.59,Z,85,0,583,0,583,250,304,15,T,120,0,471,0,104,321,269,13,0,35,0,-112,0,-479,71,-35,-2
13761,5.16,P,32,0,213,0,5,82,225,3,T,42,5,298,3,49,78,52,1,0,10,5,85,3,44,-4,-173,-2
13762,4.26,P,18,4,138,0,1,97,27,0,Z,17,4,439,0,8,21,75,0,1,-1,0,301,0,7,-76,48,0
13763,9.59,T,112,3,303,0,927,365,139,9,Z,66,0,238,27,526,140,287,2,1,-46,-3,-65,27,-401,-225,148,-7
13764,3.39,T,20,0,321,0,89,90,39,5,T,29,0,348,0,1,52,57,3,1,9,0,27,0,-88,-38,18,-2
13765,6.12,Z,50,8,384,0,117,234,158,3,Z,64,5,216,0,137,265,224,7,0,14,-3,-168,0,20,31,66,4
13766,4.25,P,14,0,142,0,0,88,34,1,T,33,0,259,0,16,40,35,5,1,19,0,117,0,16,-48,1,4
13767,9.59,Z,44,0,748,0,0,162,197,0,P,44,0,542,0,0,52,55,0,1,0,0,-206,0,0,-110,-142,0
13768,7.27,P,41,0,352,0,25,222,103,8,Z,66,1,246,0,103,238,331,4,1,25,1,-106,0,78,16,228,-4
13769,10.53,Z,54,1,440,0,30,245,195,1,Z,44,2,555,0,61,176,240,1,1,-10,1,115,0,31,-69,45,0
13770,9.59,Z,39,0,922,0,5,83,140,1,T,42,0,1039,0,0,134,108,2,0,3,0,117,0,-5,51,-32,1
13771,9.59,T,88,0,492,0,825,255,346,6,Z,55,0,312,0,94,165,218,6,0,-33,0,-180,0,-731,-90,-128,0
13772,3.48,T,17,2,321,0,62,70,45,2,T,16,1,105,0,25,63,22,5,0,-1,-1,-216,0,-37,-7,-23,3
13773,7.11,Z,25,3,518,0,25,164,133,0,Z,48,0,550,0,53,142,219,9,1,23,-3,32,0,28,-22,86,9
13774,6.36,T,33,0,413,0,1,55,58,4,P,26,2,404,0,0,54,35,0,0,-7,2,-9,0,-1,-1,-23,-4
13775,7.41,Z,40,1,324,1,210,131,338,6,Z,49,2,360,0,246,196,402,3,1,9,1,36,-1,36,65,64,-3
13776,9.59,T,56,0,334,0,0,175,144,3,P,74,0,718,0,54,186,108,10,1,18,0,384,0,54,11,-36,7
13777,5.13,Z,22,2,156,0,1,33,75,1,Z,26,1,227,0,107,108,237,0,1,4,-1,71,0,106,75,162,-1
13778,4.04,T,12,0,196,0,0,8,17,0,P,13,0,50,0,16,26,12,2,1,1,0,-146,0,16,18,-5,2
13779,9.59,T,65,6,393,2,253,157,214,5,Z,50,3,420,0,9,169,175,1,0,-15,-3,27,-2,-244,12,-39,-4
13780,7.45,T,68,7,219,0,59,125,89,8,P,35,3,97,0,17,60,53,0,0,-33,-4,-122,0,-42,-65,-36,-8
13781,9.59,T,83,0,395,0,146,204,156,3,Z,69,0,775,0,123,138,239,9,1,-14,0,380,0,-23,-66,83,6
13782,9.59,P,71,0,407,0,22,213,145,6,Z,49,0,477,0,2,161,245,1,0,-22,0,70,0,-20,-52,100,-5
13783,8.39,T,71,3,701,0,26,170,99,5,Z,58,2,398,0,28,201,221,1,1,-13,-1,-303,0,2,31,122,-4
13784,9.59,Z,39,2,624,0,42,85,150,1,P,29,0,86,0,1,19,33,1,1,-10,-2,-538,0,-41,-66,-117,0
13785,6.33,P,46,1,244,0,211,170,55,7,Z,46,1,129,0,162,125,247,5,0,0,0,-115,0,-49,-45,192,-2
13786,9.56,P,51,0,385,0,2,53,47,1,Z,43,4,541,0,41,263,281,10,0,-8,4,156,0,39,210,234,9
13787,2.19,Z,7,0,138,0,0,14,29,0,T,7,0,164,0,0,21,16,0,0,0,0,26,0,0,7,-13,0
13788,9.59,P,54,3,994,0,23,229,93,4,Z,52,8,181,0,81,216,209,3,1,-2,5,-813,0,58,-13,116,-1
13789,9.58,P,45,0,906,0,3,96,101,1,Z,46,6,463,0,50,98,132,0,1,1,6,-443,0,47,2,31,-1
13790,4.34,T,30,0,141,0,186,80,135,3,T,26,1,234,0,31,64,78,3,0,-4,1,93,0,-155,-16,-57,0
13791,8.58,Z,67,0,595,0,128,363,389,5,T,78,4,562,0,713,273,172,13,0,11,4,-33,0,585,-90,-217,8
13792,5,Z,28,0,232,0,46,79,85,4,P,19,0,300,0,7,81,28,1,0,-9,0,68,0,-39,2,-57,-3
13793,9.18,Z,54,2,675,0,6,196,185,4,P,30,0,171,0,1,137,64,3,0,-24,-2,-504,0,-5,-59,-121,-1
13794,6.12,Z,36,2,378,0,652,90,230,6,T,35,1,302,0,230,128,137,9,0,-1,-1,-76,0,-422,38,-93,3
13795,7.32,P,56,3,358,0,752,290,131,20,T,62,0,700,0,12,169,114,3,0,6,-3,342,0,-740,-121,-17,-17
13796,9.54,T,47,0,725,0,2,125,89,3,Z,62,0,350,0,0,193,177,0,1,15,0,-375,0,-2,68,88,-3
13797,3.19,T,13,0,139,0,0,23,25,0,T,15,1,99,0,19,34,31,1,1,2,1,-40,0,19,11,6,1
13798,10.02,P,77,0,518,0,97,188,91,13,Z,71,5,623,0,168,547,375,4,1,-6,5,105,0,71,359,284,-9
13799,9.58,Z,60,8,446,0,165,181,298,0,T,82,7,699,0,12,147,110,4,1,22,-1,253,0,-153,-34,-188,4
13800,7.03,Z,37,4,514,0,27,116,121,2,P,54,3,395,0,550,163,86,6,0,17,-1,-119,0,523,47,-35,4
13801,8.01,T,112,0,258,0,416,171,121,22,P,75,0,371,0,103,279,119,15,0,-37,0,113,0,-313,108,-2,-7
13802,5.5,P,24,0,151,0,10,51,57,2,P,35,0,236,0,276,110,83,11,1,11,0,85,0,266,59,26,9
13803,9.59,Z,54,4,600,0,82,124,250,3,Z,56,7,321,0,104,100,178,4,0,2,3,-279,0,22,-24,-72,1
13804,9.59,P,49,5,759,0,15,201,68,0,Z,48,4,738,0,14,99,148,0,1,-1,-1,-21,0,-1,-102,80,0
13805,9.59,T,56,0,714,0,0,212,81,0,Z,63,0,503,0,185,242,218,12,1,7,0,-211,0,185,30,137,12
13806,9.59,T,109,5,589,0,86,146,146,4,Z,73,3,483,0,215,323,276,16,1,-36,-2,-106,0,129,177,130,12
13807,10.31,T,73,0,848,0,23,151,103,3,T,90,5,681,3,421,217,122,11,1,17,5,-167,3,398,66,19,8
13808,9.31,Z,43,0,451,0,105,99,193,10,P,53,1,610,0,38,136,64,5,0,10,1,159,0,-67,37,-129,-5
13809,10.56,P,66,0,826,0,20,201,109,12,Z,67,4,737,0,39,149,232,3,1,1,4,-89,0,19,-52,123,-9
13810,7.19,T,89,7,323,14,385,292,311,2,T,53,0,614,0,94,129,120,5,0,-36,-7,291,-14,-291,-163,-191,3
13811,9.59,P,33,0,1299,0,1,88,46,2,P,54,9,776,0,45,217,92,3,0,21,9,-523,0,44,129,46,1
13812,10.2,T,117,0,490,0,319,251,133,42,T,106,0,578,0,535,301,170,16,0,-11,0,88,0,216,50,37,-26
13813,5.1,Z,27,1,137,0,427,31,112,3,Z,27,3,345,0,16,47,62,0,0,0,2,208,0,-411,16,-50,-3
13814,3.58,Z,11,0,181,0,3,36,56,3,Z,14,0,183,0,0,49,61,1,0,3,0,2,0,-3,13,5,-2
13815,7.01,T,36,0,333,0,20,233,90,11,P,32,0,319,0,3,110,42,1,1,-4,0,-14,0,-17,-123,-48,-10
13816,9.58,P,33,1,855,0,6,85,65,5,Z,57,0,396,0,210,259,276,5,1,24,-1,-459,0,204,174,211,0
13817,6.49,Z,35,0,435,0,0,86,127,1,P,34,0,456,4,18,168,43,0,1,-1,0,21,4,18,82,-84,-1
13818,6.3,P,43,0,341,0,63,132,70,9,Z,41,2,447,0,409,142,183,7,1,-2,2,106,0,346,10,113,-2
13819,6.25,P,21,0,204,0,6,92,35,1,T,38,0,322,0,1,61,54,4,0,17,0,118,0,-5,-31,19,3
13820,9.58,T,98,0,806,0,140,227,128,14,Z,70,0,407,35,364,334,358,3,0,-28,0,-399,35,224,107,230,-11
13821,9.17,P,70,1,778,0,30,169,97,1,T,72,0,461,0,189,261,203,8,1,2,-1,-317,0,159,92,106,7
13822,8.32,P,55,0,568,0,13,121,76,0,Z,52,0,443,0,59,51,202,4,0,-3,0,-125,0,46,-70,126,4
13823,8.49,Z,59,7,394,0,73,263,241,1,P,49,3,301,0,152,328,100,4,0,-10,-4,-93,0,79,65,-141,3
13824,7.04,T,64,2,489,0,334,201,148,3,P,51,3,415,0,544,293,66,11,0,-13,1,-74,0,210,92,-82,8
13825,3.45,Z,20,1,154,0,316,47,103,5,T,14,0,108,0,33,138,31,6,0,-6,-1,-46,0,-283,91,-72,1
13826,8.01,Z,48,3,589,0,44,109,177,2,P,76,1,491,0,534,73,91,7,0,28,-2,-98,0,490,-36,-86,5
13827,9.59,T,108,0,501,0,187,222,217,19,P,81,0,599,0,723,223,202,17,1,-27,0,98,0,536,1,-15,-2
13828,9.59,P,48,4,715,0,29,68,66,2,Z,52,0,395,0,16,177,167,4,0,4,-4,-320,0,-13,109,101,2
13829,7.43,Z,24,0,404,0,0,62,102,1,T,11,0,190,0,0,35,29,0,1,-13,0,-214,0,0,-27,-73,-1
13830,9.58,T,52,0,451,0,0,111,110,0,P,74,0,877,0,21,121,102,9,1,22,0,426,0,21,10,-8,9
13831,9.02,Z,75,3,318,0,104,216,254,6,P,107,0,377,0,521,331,141,14,1,32,-3,59,0,417,115,-113,8
13832,6.23,T,28,1,71,0,0,40,53,0,T,29,0,322,0,0,42,41,2,1,1,-1,251,0,0,2,-12,2
13833,9.59,T,29,1,440,0,0,203,102,0,P,41,0,661,0,13,133,65,3,1,12,-1,221,0,13,-70,-37,3
13834,9.59,T,154,9,558,0,744,299,160,10,Z,103,10,699,1,709,451,400,14,0,-51,1,141,1,-35,152,240,4
13835,9.59,Z,56,6,559,0,128,287,284,1,T,119,5,425,0,27,183,115,0,0,63,-1,-134,0,-101,-104,-169,-1
13836,4.09,Z,15,0,279,0,19,31,54,2,Z,19,0,250,0,23,37,70,3,0,4,0,-29,0,4,6,16,1
13837,2.4,Z,16,0,77,0,101,68,86,5,Z,7,2,154,0,22,37,29,0,1,-9,2,77,0,-79,-31,-57,-5
13838,3.46,P,20,0,116,0,6,12,17,2,P,14,2,316,0,0,91,23,0,1,-6,2,200,0,-6,79,6,-2
13839,5.27,P,33,0,334,0,37,72,58,9,T,28,0,204,0,20,171,77,1,0,-5,0,-130,0,-17,99,19,-8
13840,9.59,T,62,3,490,0,14,69,101,1,Z,60,7,314,0,166,126,187,0,1,-2,4,-176,0,152,57,86,-1
13841,9.35,T,68,0,820,0,24,126,87,2,T,64,0,843,0,45,89,80,5,0,-4,0,23,0,21,-37,-7,3
13842,9.58,Z,103,9,593,1,470,383,262,10,P,120,6,429,0,453,377,181,18,1,17,-3,-164,-1,-17,-6,-81,8
13843,6.05,T,32,2,454,0,23,75,52,3,P,35,2,342,0,44,151,86,5,0,3,0,-112,0,21,76,34,2
13844,7.42,T,70,1,592,0,501,195,87,11,P,82,2,484,0,508,55,103,10,0,12,1,-108,0,7,-140,16,-1
13845,8.08,T,49,0,501,0,15,127,114,4,P,53,0,337,0,435,213,204,5,1,4,0,-164,0,420,86,90,1
13846,10.43,T,75,15,546,0,412,249,184,1,T,112,1,651,0,850,240,167,6,1,37,-14,105,0,438,-9,-17,5
13847,9.59,Z,107,0,418,0,150,240,331,15,T,171,2,551,0,618,384,180,16,0,64,2,133,0,468,144,-151,1
13848,9.49,Z,81,2,618,0,788,96,309,3,T,88,0,449,0,28,342,138,6,1,7,-2,-169,0,-760,246,-171,3
13849,9.59,P,60,6,828,0,49,397,174,4,T,91,9,575,0,77,217,136,3,1,31,3,-253,0,28,-180,-38,-1
13850,9.59,Z,61,0,447,0,234,286,349,5,T,89,0,653,0,32,263,172,7,0,28,0,206,0,-202,-23,-177,2
13851,6,T,55,1,295,13,94,174,152,2,T,39,3,264,0,45,137,94,6,0,-16,2,-31,-13,-49,-37,-58,4
13852,9.59,Z,84,1,644,1,110,341,368,10,Z,83,4,663,0,138,465,308,6,1,-1,3,19,-1,28,124,-60,-4
13853,10.24,P,81,1,676,3,37,251,130,1,Z,64,7,498,0,129,104,250,2,0,-17,6,-178,-3,92,-147,120,1
13854,9.59,T,63,0,900,0,0,186,150,0,P,78,0,535,0,101,194,138,8,1,15,0,-365,0,101,8,-12,8
13855,9.59,Z,47,4,652,0,288,143,98,7,T,58,0,537,0,2,115,103,1,1,11,-4,-115,0,-286,-28,5,-6
13856,10.04,P,37,1,639,0,7,173,64,3,P,46,11,525,0,204,168,113,0,0,9,10,-114,0,197,-5,49,-3
13857,6.31,P,34,0,266,0,194,111,47,13,P,47,0,306,0,226,177,277,8,1,13,0,40,0,32,66,230,-5
13858,5.4,T,32,0,501,0,0,57,79,3,T,41,0,121,0,357,193,157,7,1,9,0,-380,0,357,136,78,4
13859,9.59,Z,56,9,460,0,77,162,282,2,T,96,1,474,0,161,167,125,2,0,40,-8,14,0,84,5,-157,0
13860,4.25,T,18,0,340,0,138,95,25,4,T,28,0,162,0,79,87,43,6,1,10,0,-178,0,-59,-8,18,2
13861,4.39,Z,25,2,510,0,24,57,58,0,P,24,1,197,0,520,78,22,8,1,-1,-1,-313,0,496,21,-36,8
13862,2.57,P,15,1,130,0,5,94,17,0,T,10,0,177,0,108,88,58,10,1,-5,-1,47,0,103,-6,41,10
13863,9.58,T,87,11,488,0,517,311,176,7,T,113,4,630,0,93,450,91,0,0,26,-7,142,0,-424,139,-85,-7
13864,4.12,Z,23,0,304,0,10,96,93,1,P,27,0,194,0,10,81,52,1,0,4,0,-110,0,0,-15,-41,0
13865,0.2,T,2,0,2,0,15,4,27,1,Z,1,0,18,0,0,5,6,1,0,-1,0,16,0,-15,1,-21,0
13866,4.26,P,30,1,170,0,506,91,44,6,T,25,0,185,3,145,139,62,5,1,-5,-1,15,3,-361,48,18,-1
13867,6.32,Z,31,1,371,0,12,152,150,3,T,58,4,315,0,304,133,231,2,1,27,3,-56,0,292,-19,81,-1
13868,9.59,P,44,0,329,0,0,99,89,0,T,53,0,580,0,130,147,198,11,0,9,0,251,0,130,48,109,11
13869,7.47,Z,47,4,460,0,464,94,197,5,Z,55,0,214,0,311,167,267,7,1,8,-4,-246,0,-153,73,70,2
13870,5.55,P,22,7,299,0,19,31,29,0,T,36,1,474,0,3,142,95,3,1,14,-6,175,0,-16,111,66,3
13871,4.31,Z,25,7,208,0,240,86,187,2,Z,21,2,371,0,14,70,62,7,1,-4,-5,163,0,-226,-16,-125,5
13872,9.58,P,78,5,791,0,205,381,117,5,T,101,3,592,0,792,305,312,8,0,23,-2,-199,0,587,-76,195,3
13873,9.59,T,90,3,382,0,92,300,117,4,P,72,0,1008,0,170,262,118,6,1,-18,-3,626,0,78,-38,1,2
13874,10.21,T,63,0,860,0,0,178,104,1,P,45,0,377,0,0,53,72,0,0,-18,0,-483,0,0,-125,-32,-1
13875,4.15,T,17,2,302,0,1,86,36,0,T,18,2,302,0,10,61,30,0,1,1,0,0,0,9,-25,-6,0
13876,4.26,P,29,1,305,0,267,231,97,4,T,35,1,153,0,212,153,80,6,1,6,0,-152,0,-55,-78,-17,2
13877,3.05,Z,16,1,133,0,23,65,95,0,Z,17,2,77,0,7,80,40,2,1,1,1,-56,0,-16,15,-55,2
13878,5.23,T,27,0,332,0,0,22,60,2,Z,27,0,335,8,33,63,80,0,0,0,0,3,8,33,41,20,-2
13879,9.59,Z,64,0,412,81,198,159,311,1,T,84,2,566,0,24,131,88,8,1,20,2,154,-81,-174,-28,-223,7
13880,8.32,P,63,2,948,0,49,142,62,10,Z,61,9,416,0,173,309,317,4,0,-2,7,-532,0,124,167,255,-6
13881,6.34,P,33,1,497,0,165,147,85,3,P,30,0,333,0,70,189,80,2,0,-3,-1,-164,0,-95,42,-5,-1
13882,9.59,Z,83,0,401,0,274,195,265,7,Z,94,2,450,0,488,304,311,9,1,11,2,49,0,214,109,46,2
13883,8.53,Z,70,1,504,0,249,227,152,8,T,64,0,558,0,310,217,120,7,0,-6,-1,54,0,61,-10,-32,-1
13884,7,T,40,0,533,0,44,126,88,2,T,62,0,458,0,76,131,71,6,1,22,0,-75,0,32,5,-17,4
13885,2.49,T,9,0,190,0,31,68,92,6,P,18,0,138,0,142,71,105,2,1,9,0,-52,0,111,3,13,-4
13886,10.22,T,104,9,367,0,347,189,141,5,Z,69,4,431,0,102,230,199,7,1,-35,-5,64,0,-245,41,58,2
13887,9.58,Z,48,0,538,0,35,110,178,6,T,76,4,423,0,27,123,76,3,0,28,4,-115,0,-8,13,-102,-3
13888,9.59,T,108,2,634,0,247,299,193,10,Z,72,1,809,0,138,234,234,7,1,-36,-1,175,0,-109,-65,41,-3
13889,5.31,T,43,2,168,0,388,176,39,8,T,30,0,518,0,12,35,36,1,0,-13,-2,350,0,-376,-141,-3,-7
13890,8.13,P,56,1,506,0,81,204,76,5,Z,40,0,535,0,40,145,150,7,1,-16,-1,29,0,-41,-59,74,2
13891,2.27,P,8,0,95,0,82,96,33,2,Z,11,1,28,0,2,24,41,0,0,3,1,-67,0,-80,-72,8,-2
13892,9.59,T,33,0,461,0,0,22,70,0,T,49,4,389,0,25,78,71,0,1,16,4,-72,0,25,56,1,0
13893,3.08,T,23,0,174,0,214,47,128,2,P,19,0,129,1,28,57,16,0,0,-4,0,-45,1,-186,10,-112,-2
13894,9.59,T,69,2,635,0,381,153,129,5,P,51,1,429,0,17,145,60,3,1,-18,-1,-206,0,-364,-8,-69,-2
13895,8.43,P,27,0,308,0,15,109,31,7,P,32,4,211,0,10,84,44,0,1,5,4,-97,0,-5,-25,13,-7
13896,9.59,Z,52,0,979,0,49,143,195,9,T,55,0,388,0,3,142,99,2,1,3,0,-591,0,-46,-1,-96,-7
13897,9.59,Z,52,1,409,0,17,160,229,1,T,49,0,601,0,0,78,88,0,0,-3,-1,192,0,-17,-82,-141,-1
13898,9.59,T,77,0,574,0,390,254,138,7,Z,75,4,331,0,47,267,315,2,0,-2,4,-243,0,-343,13,177,-5
13899,6.15,Z,19,0,272,0,0,66,70,0,T,34,0,406,0,0,197,91,0,1,15,0,134,0,0,131,21,0
13900,9.58,P,81,8,382,0,75,151,85,7,T,75,3,505,0,106,113,101,8,0,-6,-5,123,0,31,-38,16,1
13901,3.23,T,13,3,66,0,116,70,88,0,T,14,1,167,0,369,36,76,3,1,1,-2,101,0,253,-34,-12,3
13902,4.16,T,29,0,104,0,59,87,43,5,T,34,1,294,0,159,70,34,3,1,5,1,190,0,100,-17,-9,-2
13903,5.44,P,38,0,383,0,71,277,56,12,P,29,0,289,0,41,147,67,4,1,-9,0,-94,0,-30,-130,11,-8
13904,9.54,P,24,0,450,0,0,40,32,0,T,53,0,813,0,6,149,114,4,0,29,0,363,0,6,109,82,4
13905,6.37,P,49,0,201,0,0,155,107,1,T,44,3,582,0,17,191,181,0,0,-5,3,381,0,17,36,74,-1
13906,4.11,T,25,0,231,0,74,48,35,5,Z,14,3,191,0,5,26,69,0,0,-11,3,-40,0,-69,-22,34,-5
13907,9.56,T,44,6,494,0,24,55,81,0,T,41,3,495,3,5,16,78,1,0,-3,-3,1,3,-19,-39,-3,1
13908,9.59,P,71,7,727,0,62,241,83,0,Z,79,0,719,0,345,205,230,9,0,8,-7,-8,0,283,-36,147,9
13909,7.31,Z,49,0,179,0,70,213,286,3,T,54,0,483,0,25,87,74,4,0,5,0,304,0,-45,-126,-212,1
13910,9.59,T,94,2,683,0,67,208,133,3,Z,65,0,392,0,228,168,322,7,1,-29,-2,-291,0,161,-40,189,4
13911,7.5,P,42,0,134,0,36,62,30,7,T,48,0,908,0,45,126,66,8,0,6,0,774,0,9,64,36,1
13912,8.51,P,53,1,585,0,15,262,120,3,P,47,0,317,0,182,184,94,4,0,-6,-1,-268,0,167,-78,-26,1
13913,9.59,Z,45,0,737,0,0,227,182,0,T,45,0,344,0,5,58,83,2,0,0,0,-393,0,5,-169,-99,2
13914,10.33,Z,62,0,166,0,7,52,230,1,T,99,2,527,0,244,148,166,9,1,37,2,361,0,237,96,-64,8
13915,10.33,Z,89,6,472,0,614,170,348,4,T,97,0,682,0,153,218,226,9,0,8,-6,210,0,-461,48,-122,5
13916,3.07,Z,13,0,91,0,3,20,45,2,T,10,0,293,5,11,15,20,0,0,-3,0,202,5,8,-5,-25,-2
13917,4.44,P,22,1,183,0,99,70,81,1,P,21,4,216,0,1,97,47,0,0,-1,3,33,0,-98,27,-34,-1
13918,4.43,P,16,0,268,0,9,64,44,2,T,31,3,184,0,93,56,31,1,0,15,3,-84,0,84,-8,-13,-1
13919,8.52,Z,56,0,570,0,99,268,306,9,T,63,0,487,0,346,168,129,14,0,7,0,-83,0,247,-100,-177,5
13920,7.49,P,37,0,281,0,45,176,69,12,P,49,2,379,0,203,335,73,7,1,12,2,98,0,158,159,4,-5
13921,10.11,Z,71,2,733,0,242,431,347,5,T,105,0,768,0,406,281,337,9,0,34,-2,35,0,164,-150,-10,4
13922,5.06,Z,38,0,273,0,36,108,72,2,Z,20,3,184,0,55,159,103,0,1,-18,3,-89,0,19,51,31,-2
13923,3.27,P,21,0,166,0,360,75,36,7,T,17,0,146,0,75,61,51,2,0,-4,0,-20,0,-285,-14,15,-5
13924,3.34,Z,16,0,113,0,69,54,89,4,Z,16,1,138,0,42,60,62,2,0,0,1,25,0,-27,6,-27,-2
13925,3.43,T,18,0,274,0,102,78,41,1,T,12,0,140,0,15,78,32,1,0,-6,0,-134,0,-87,0,-9,0
13926,8.2,T,66,4,461,0,771,169,83,14,P,51,3,408,0,279,252,110,13,1,-15,-1,-53,0,-492,83,27,-1
13927,3.32,T,8,0,288,0,0,12,14,0,P,8,0,73,0,0,8,13,0,1,0,0,-215,0,0,-4,-1,0
13928,4.35,P,16,0,246,0,2,70,14,2,P,21,0,202,0,104,48,22,3,1,5,0,-44,0,102,-22,8,1
13929,10.56,T,49,0,447,0,0,190,133,0,P,64,0,406,0,122,251,111,5,1,15,0,-41,0,122,61,-22,5
13930,9.57,T,38,0,270,0,0,42,55,1,T,54,0,464,0,0,51,117,0,1,16,0,194,0,0,9,62,-1
13931,8.59,P,75,0,400,0,26,231,125,9,T,58,0,371,2,5,144,98,0,0,-17,0,-29,2,-21,-87,-27,-9
13932,10.24,Z,48,0,305,4,16,218,217,0,T,81,0,971,0,91,281,127,8,1,33,0,666,-4,75,63,-90,8
13933,5.06,T,27,0,341,0,114,77,82,9,T,42,12,131,0,358,95,78,4,1,15,12,-210,0,244,18,-4,-5
13934,8.08,T,48,0,189,0,2,68,104,2,T,51,0,914,0,20,159,198,4,0,3,0,725,0,18,91,94,2
13935,7.41,T,71,2,593,0,619,170,146,9,Z,56,15,238,0,100,80,152,7,1,-15,13,-355,0,-519,-90,6,-2
13936,9.59,T,64,0,459,5,42,61,79,0,T,81,7,427,0,74,155,84,2,0,17,7,-32,-5,32,94,5,2
13937,9.13,T,87,8,441,0,387,183,244,1,Z,96,10,466,0,277,238,287,20,0,9,2,25,0,-110,55,43,19
13938,9.44,T,50,0,638,0,0,78,134,0,T,64,0,287,0,65,188,69,6,1,14,0,-351,0,65,110,-65,6
13939,9.58,T,47,0,519,0,0,87,129,0,T,60,3,176,0,6,62,87,0,0,13,3,-343,0,6,-25,-42,0
13940,10.21,P,52,2,600,0,11,110,72,0,Z,45,2,687,0,98,103,209,1,1,-7,0,87,0,87,-7,137,1
13941,8.17,T,63,0,438,13,455,124,130,0,Z,54,1,109,0,35,66,232,0,0,-9,1,-329,-13,-420,-58,102,0
13942,8.12,T,63,0,572,0,12,250,116,5,Z,58,0,484,0,38,208,226,2,1,-5,0,-88,0,26,-42,110,-3
13943,9.59,T,94,0,425,0,15,283,291,6,P,64,3,581,0,406,378,162,4,1,-30,3,156,0,391,95,-129,-2
13944,7.03,P,24,0,115,0,0,28,39,0,T,38,0,643,0,0,18,83,1,0,14,0,528,0,0,-10,44,1
13945,4.49,P,30,0,281,0,17,54,31,6,P,20,1,140,0,92,125,15,3,1,-10,1,-141,0,75,71,-16,-3
13946,10.37,P,91,0,385,0,559,366,118,10,Z,65,11,238,1,81,187,266,1,0,-26,11,-147,1,-478,-179,148,-9
13947,8.42,Z,63,5,418,0,86,150,303,7,T,107,0,464,0,112,135,167,23,1,44,-5,46,0,26,-15,-136,16
13948,4.33,Z,23,4,179,0,86,27,64,5,Z,17,4,150,0,275,113,89,0,1,-6,0,-29,0,189,86,25,-5
13949,7.38,P,59,1,379,0,277,186,98,6,Z,35,2,307,0,182,57,287,0,1,-24,1,-72,0,-95,-129,189,-6
13950,8.14,Z,40,0,366,0,108,240,254,2,Z,51,0,615,16,179,153,254,3,1,11,0,249,16,71,-87,0,1
13951,3.47,Z,10,1,210,0,13,15,33,1,Z,12,0,141,0,14,32,43,2,0,2,-1,-69,0,1,17,10,1
13952,9.59,T,54,0,524,0,42,27,52,4,Z,51,0,463,1,74,196,264,12,0,-3,0,-61,1,32,169,212,8
13953,3.34,T,15,0,127,0,0,10,24,0,P,16,0,198,0,1,39,23,2,0,1,0,71,0,1,29,-1,2
13954,4.51,T,30,4,256,0,5,144,119,0,P,25,1,271,0,2,52,48,0,0,-5,-3,15,0,-3,-92,-71,0
13955,9.59,P,75,0,573,0,76,316,173,18,Z,61,2,550,0,7,161,180,0,0,-14,2,-23,0,-69,-155,7,-18
13956,2.46,P,7,3,85,0,890,53,30,1,Z,7,1,85,0,4,9,30,0,0,0,-2,0,0,-886,-44,0,-1
13957,10.47,Z,119,0,471,41,477,306,531,4,P,121,3,370,0,456,333,98,10,0,2,3,-101,-41,-21,27,-433,6
13958,2.03,T,10,4,81,0,266,32,74,3,T,6,0,79,0,65,13,6,3,0,-4,-4,-2,0,-201,-19,-68,0
13959,3.39,T,10,0,40,0,0,6,17,0,T,10,0,81,0,6,20,24,1,1,0,0,41,0,6,14,7,1
13960,6.04,Z,31,5,308,0,78,202,129,9,Z,55,3,181,0,311,187,208,6,1,24,-2,-127,0,233,-15,79,-3
13961,4.28,T,31,0,159,4,379,86,60,1,T,36,4,272,0,23,46,50,0,1,5,4,113,-4,-356,-40,-10,-1
13962,3.46,Z,19,0,182,0,293,57,55,7,T,15,0,259,0,85,53,42,4,1,-4,0,77,0,-208,-4,-13,-3
13963,6.03,Z,28,0,225,0,35,77,109,1,T,27,2,217,0,2,128,47,0,1,-1,2,-8,0,-33,51,-62,-1
13964,9.3,P,49,2,346,0,9,175,99,0,T,46,0,493,0,53,147,70,5,1,-3,-2,147,0,44,-28,-29,5
13965,6.4,Z,23,0,188,0,59,138,208,6,P,31,2,217,0,8,101,34,0,0,8,2,29,0,-51,-37,-174,-6
13966,10.42,T,59,0,458,0,0,58,87,0,Z,39,1,263,0,37,115,158,6,0,-20,1,-195,0,37,57,71,6
13967,5.55,Z,41,0,491,0,121,147,233,5,P,41,0,297,0,531,146,126,6,0,0,0,-194,0,410,-1,-107,1
13968,6.47,P,30,4,192,0,29,182,61,1,T,43,3,247,0,128,219,123,3,1,13,-1,55,0,99,37,62,2
13969,5.2,P,14,0,226,0,3,91,38,1,T,27,0,112,0,0,26,51,0,0,13,0,-114,0,-3,-65,13,-1
13970,1.41,P,5,0,101,0,0,21,9,0,Z,6,0,161,0,0,8,26,1,1,1,0,60,0,0,-13,17,1
13971,9.59,T,52,1,606,0,11,165,146,3,P,56,7,459,0,43,77,57,4,0,4,6,-147,0,32,-88,-89,1
13972,2.37,Z,6,0,87,0,0,28,27,0,T,15,0,83,0,4,19,12,1,1,9,0,-4,0,4,-9,-15,1
13973,4.34,P,22,0,267,0,282,114,40,7,T,24,2,175,0,6,46,42,0,0,2,2,-92,0,-276,-68,2,-7
13974,9.58,P,55,9,645,0,91,234,109,5,Z,65,3,474,0,220,270,341,0,0,10,-6,-171,0,129,36,232,-5
13975,8.42,P,39,6,364,0,20,91,63,4,P,43,0,303,0,0,93,68,0,1,4,-6,-61,0,-20,2,5,-4
13976,10.25,Z,47,0,448,0,7,230,200,4,P,58,1,727,0,14,200,92,0,1,11,1,279,0,7,-30,-108,-4
13977,9.43,T,81,11,504,0,476,156,113,5,T,81,4,492,0,142,200,174,3,1,0,-7,-12,0,-334,44,61,-2
13978,9.22,P,42,0,761,0,15,156,103,8,T,46,0,803,0,2,31,106,5,0,4,0,42,0,-13,-125,3,-3
13979,9.59,T,41,0,431,0,2,93,75,9,P,56,5,500,0,30,39,66,0,0,15,5,69,0,28,-54,-9,-9
13980,6.11,T,25,0,255,0,1,44,88,1,T,38,2,304,0,66,115,60,3,1,13,2,49,0,65,71,-28,2
13981,5.33,Z,26,0,273,0,0,20,96,0,P,22,1,275,0,17,132,37,4,1,-4,1,2,0,17,112,-59,4
13982,10.07,Z,44,0,637,0,41,140,147,4,Z,58,5,383,0,33,207,187,0,1,14,5,-254,0,-8,67,40,-4
13983,9.59,T,75,0,693,0,58,236,105,5,Z,74,5,552,0,144,394,278,4,1,-1,5,-141,0,86,158,173,-1
13984,4.09,P,20,1,199,0,3,80,49,1,P,11,0,318,0,16,99,13,3,1,-9,-1,119,0,13,19,-36,2
13985,6.58,P,34,1,289,0,8,117,48,4,T,33,0,641,0,0,141,86,5,0,-1,-1,352,0,-8,24,38,1
13986,5.56,Z,32,0,215,0,35,198,103,7,Z,37,2,309,0,306,203,166,4,1,5,2,94,0,271,5,63,-3
13987,9.59,T,55,0,590,0,7,169,140,2,T,73,0,558,0,896,203,65,15,0,18,0,-32,0,889,34,-75,13
13988,9.35,Z,95,1,600,0,362,198,372,5,T,50,0,607,0,0,81,83,2,0,-45,-1,7,0,-362,-117,-289,-3
13989,9.59,P,74,5,545,0,611,272,81,14,T,95,0,341,0,973,290,235,9,1,21,-5,-204,0,362,18,154,-5
13990,8.39,P,30,0,261,0,0,83,53,1,T,40,0,479,0,0,53,70,0,1,10,0,218,0,0,-30,17,-1
13991,9.59,P,47,12,935,0,35,287,75,2,Z,51,0,658,0,62,95,187,7,1,4,-12,-277,0,27,-192,112,5
13992,9.59,Z,56,1,662,0,66,194,243,4,T,77,0,634,0,465,234,157,11,0,21,-1,-28,0,399,40,-86,7
13993,9.59,T,70,0,792,0,8,345,166,4,Z,97,0,547,0,46,283,274,15,1,27,0,-245,0,38,-62,108,11
13994,9.59,P,41,0,538,0,0,71,58,0,P,30,0,599,0,0,142,36,0,1,-11,0,61,0,0,71,-22,0
13995,8.2,P,76,6,374,0,441,422,153,4,T,81,0,435,0,49,141,94,8,1,5,-6,61,0,-392,-281,-59,4
13996,9.06,Z,69,0,363,0,41,135,201,6,T,69,0,667,0,488,218,139,10,1,0,0,304,0,447,83,-62,4
13997,4.23,Z,15,0,87,0,62,65,147,4,P,20,0,463,0,8,38,14,1,1,5,0,376,0,-54,-27,-133,-3
13998,7.47,Z,62,10,326,0,198,280,230,11,Z,46,10,416,4,183,230,174,3,0,-16,0,90,4,-15,-50,-56,-8
13999,6.55,T,41,0,302,0,5,46,64,4,T,68,0,523,0,287,180,114,14,0,27,0,221,0,282,134,50,10
14000,9.59,T,101,2,415,0,369,291,201,22,T,88,9,517,0,50,152,113,7,0,-13,7,102,0,-319,-139,-88,-15
14001,4.02,T,27,1,102,0,37,63,31,4,T,20,0,230,0,0,164,54,7,0,-7,-1,128,0,-37,101,23,3
14002,9.59,P,46,0,836,0,11,131,72,5,Z,38,0,606,0,20,74,157,2,1,-8,0,-230,0,9,-57,85,-3
14003,7.01,P,46,3,388,0,130,270,51,3,P,40,2,582,0,93,150,106,10,0,-6,-1,194,0,-37,-120,55,7
14004,5.42,T,41,5,452,0,17,49,66,0,T,32,0,267,0,15,37,39,4,0,-9,-5,-185,0,-2,-12,-27,4
14005,7.49,Z,30,4,499,0,9,118,120,0,Z,52,7,326,0,90,150,141,0,1,22,3,-173,0,81,32,21,0
14006,7.1,P,59,1,370,5,145,296,91,2,Z,46,4,261,0,162,233,197,5,0,-13,3,-109,-5,17,-63,106,3
14007,3.5,T,21,1,288,0,24,58,25,3,T,22,0,228,0,2,63,62,3,1,1,-1,-60,0,-22,5,37,0
14008,8.08,Z,37,0,571,0,63,143,147,4,T,22,0,783,0,0,32,38,0,0,-15,0,212,0,-63,-111,-109,-4
14009,9.3,Z,44,0,435,0,3,31,127,1,P,43,1,338,0,4,51,50,1,1,-1,1,-97,0,1,20,-77,0
14010,2.57,T,10,0,158,0,402,36,31,3,T,11,2,120,0,0,24,18,0,1,1,2,-38,0,-402,-12,-13,-3
14011,4.24,T,41,0,361,14,126,44,68,0,Z,20,2,162,0,305,101,138,7,0,-21,2,-199,-14,179,57,70,7
14012,8.09,Z,64,5,331,5,243,235,314,14,Z,44,4,633,0,86,139,138,12,0,-20,-1,302,-5,-157,-96,-176,-2
14013,4.1,Z,17,1,142,0,10,57,122,0,T,33,0,320,0,100,108,40,7,1,16,-1,178,0,90,51,-82,7
14014,4.29,T,22,0,472,0,384,50,57,8,P,35,0,99,0,156,87,63,5,0,13,0,-373,0,-228,37,6,-3
14015,9.59,T,73,2,578,0,95,195,104,2,Z,79,0,444,0,94,298,491,9,1,6,-2,-134,0,-1,103,387,7
14016,9.4,Z,70,0,797,0,57,110,201,4,Z,63,1,523,0,445,216,229,6,1,-7,1,-274,0,388,106,28,2
14017,9.59,P,103,0,501,0,252,325,181,18,T,126,0,615,0,203,280,110,20,0,23,0,114,0,-49,-45,-71,2
14018,5.3,P,11,0,210,0,0,22,18,0,T,22,0,306,0,0,15,37,1,0,11,0,96,0,0,-7,19,1
14019,9.59,P,49,0,840,0,25,87,53,3,Z,63,3,437,0,42,138,176,1,0,14,3,-403,0,17,51,123,-2
14020,8.13,P,32,2,401,0,10,105,54,1,P,30,3,249,0,5,85,71,0,0,-2,1,-152,0,-5,-20,17,-1
14021,9.59,T,49,3,435,0,5,168,110,0,Z,48,0,349,0,0,134,225,3,1,-1,-3,-86,0,-5,-34,115,3
14022,9.59,T,93,0,803,0,17,207,167,12,T,88,7,399,0,40,145,68,0,0,-5,7,-404,0,23,-62,-99,-12
14023,3.31,P,8,0,68,0,0,1,12,0,T,13,0,112,0,0,29,33,1,1,5,0,44,0,0,28,21,1
14024,9.46,Z,69,0,355,0,946,182,416,7,T,30,0,514,0,5,51,63,6,0,-39,0,159,0,-941,-131,-353,-1
14025,9.59,T,47,0,277,0,7,271,40,4,Z,55,2,419,0,35,168,187,2,1,8,2,142,0,28,-103,147,-2
14026,9.59,P,61,3,468,0,47,307,74,7,Z,57,2,543,0,56,259,216,0,0,-4,-1,75,0,9,-48,142,-7
14027,9.59,Z,79,10,749,0,123,274,221,2,T,128,1,440,0,632,352,225,11,1,49,-9,-309,0,509,78,4,9
14028,6.29,Z,49,4,487,0,127,252,196,2,P,67,4,332,0,255,274,55,5,1,18,0,-155,0,128,22,-141,3
14029,4.2,Z,17,2,344,0,16,19,45,1,T,23,0,467,0,0,34,38,1,1,6,-2,123,0,-16,15,-7,0
14030,8.37,P,54,0,312,0,510,206,57,4,T,48,0,490,0,8,117,137,3,0,-6,0,178,0,-502,-89,80,-1
14031,9.59,T,63,0,582,0,3,256,74,3,Z,58,0,559,0,22,110,164,2,1,-5,0,-23,0,19,-146,90,-1
14032,9.58,Z,63,1,573,0,20,62,170,0,P,62,0,382,0,10,177,134,4,0,-1,-1,-191,0,-10,115,-36,4
14033,2.36,P,8,0,299,0,3,25,20,3,T,2,0,97,0,2,18,17,1,1,-6,0,-202,0,-1,-7,-3,-2
14034,6.47,P,39,0,254,0,25,348,37,6,P,38,0,279,0,90,360,103,12,0,-1,0,25,0,65,12,66,6
14035,9.45,Z,32,1,624,0,2,84,137,2,Z,41,0,437,0,6,61,145,1,1,9,-1,-187,0,4,-23,8,-1
14036,10.41,P,36,0,430,0,19,234,57,4,Z,83,4,700,0,61,125,254,2,0,47,4,270,0,42,-109,197,-2
14037,9.57,T,71,7,605,0,54,256,111,7,P,65,0,395,0,46,265,255,9,0,-6,-7,-210,0,-8,9,144,2
14038,6.25,Z,31,0,423,0,171,167,223,1,T,78,3,265,0,62,126,166,4,1,47,3,-158,0,-109,-41,-57,3
14039,2.06,T,9,0,108,0,0,9,18,0,T,7,0,79,0,440,18,7,4,1,-2,0,-29,0,440,9,-11,4
14040,3.33,Z,12,5,37,0,3,39,76,1,Z,13,1,206,0,36,22,50,2,0,1,-4,169,0,33,-17,-26,1
14041,9.59,T,114,0,403,0,435,309,222,23,Z,77,7,497,0,494,164,349,8,0,-37,7,94,0,59,-145,127,-15
14042,3.57,P,8,0,164,0,2,63,7,1,P,11,0,179,0,125,89,44,1,0,3,0,15,0,123,26,37,0
14043,9.58,T,66,0,449,0,22,197,163,7,T,75,6,742,0,220,179,93,2,0,9,6,293,0,198,-18,-70,-5
14044,10.38,T,121,0,666,0,221,326,158,13,P,98,0,410,18,458,312,265,0,1,-23,0,-256,18,237,-14,107,-13
14045,5.19,P,46,6,363,0,114,152,89,5,T,30,2,286,0,64,148,124,6,0,-16,-4,-77,0,-50,-4,35,1
14046,6.25,P,17,0,159,0,0,21,20,0,P,26,3,529,0,138,62,41,4,1,9,3,370,0,138,41,21,4
14047,7.16,Z,50,15,372,0,398,114,260,0,T,55,4,289,0,176,164,179,4,1,5,-11,-83,0,-222,50,-81,4
14048,6.52,P,46,0,248,0,94,250,83,10,P,33,4,209,0,16,121,52,1,0,-13,4,-39,0,-78,-129,-31,-9
14049,10.54,Z,79,0,387,15,116,195,272,0,P,50,4,1029,0,79,110,58,1,1,-29,4,642,-15,-37,-85,-214,1
14050,9.59,Z,51,4,389,0,3,46,190,0,P,24,0,453,0,0,176,53,0,0,-27,-4,64,0,-3,130,-137,0
14051,9.52,T,121,0,437,0,354,342,155,8,Z,82,3,301,0,325,186,517,11,1,-39,3,-136,0,-29,-156,362,3
14052,9.59,Z,57,0,351,0,182,219,195,8,T,93,6,591,0,181,174,135,5,1,36,6,240,0,-1,-45,-60,-3
14053,9.59,T,95,0,409,0,290,333,217,15,Z,76,0,429,0,134,256,339,10,1,-19,0,20,0,-156,-77,122,-5
14054,7.56,P,50,5,354,0,324,182,115,9,Z,49,2,406,0,92,182,237,5,0,-1,-3,52,0,-232,0,122,-4
14055,9.59,P,63,0,759,0,51,272,139,13,P,35,0,225,0,0,73,74,0,0,-28,0,-534,0,-51,-199,-65,-13
14056,4.23,P,19,2,122,0,4,85,46,0,T,23,0,290,0,34,69,52,4,0,4,-2,168,0,30,-16,6,4
14057,8.01,P,23,0,485,0,0,57,60,0,Z,41,2,535,0,32,82,171,5,1,18,2,50,0,32,25,111,5
14058,9.58,T,119,0,345,0,363,249,320,16,P,93,16,509,0,405,308,158,13,0,-26,16,164,0,42,59,-162,-3
14059,7.17,T,60,7,249,29,130,163,167,2,P,89,0,330,0,250,311,89,15,0,29,-7,81,-29,120,148,-78,13
14060,9.32,P,48,0,436,0,175,160,74,3,Z,64,2,629,0,387,261,227,4,1,16,2,193,0,212,101,153,1
14061,6.23,P,48,0,447,8,169,143,74,7,T,48,1,293,0,90,198,66,16,0,0,1,-154,-8,-79,55,-8,9
14062,9.59,Z,50,0,1191,0,56,83,125,14,P,52,5,819,0,82,425,102,3,0,2,5,-372,0,26,342,-23,-11
14063,5.59,P,36,2,262,0,10,57,47,1,Z,32,3,413,0,39,225,104,3,1,-4,1,151,0,29,168,57,2
14064,9.59,T,121,5,635,0,95,332,211,12,Z,80,8,631,0,192,176,251,2,1,-41,3,-4,0,97,-156,40,-10
14065,3.08,Z,11,0,4,0,0,20,48,0,Z,15,0,96,0,153,43,145,3,0,4,0,92,0,153,23,97,3
14066,5.27,Z,36,3,322,0,31,84,80,3,Z,19,1,549,0,259,73,126,6,0,-17,-2,227,0,228,-11,46,3
14067,1.41,P,5,0,22,0,0,10,5,1,P,3,0,27,0,0,32,8,0,1,-2,0,5,0,0,22,3,-1
14068,1.05,P,6,0,65,1,1,2,4,0,T,7,0,163,0,0,0,8,0,1,1,0,98,-1,-1,-2,4,0
14069,8.26,Z,43,2,649,0,21,157,266,2,Z,45,3,358,0,24,92,150,1,0,2,1,-291,0,3,-65,-116,-1
14070,9.58,T,36,0,666,0,0,59,80,0,P,51,0,653,0,34,171,77,10,1,15,0,-13,0,34,112,-3,10
14071,6.07,T,26,1,264,0,53,51,164,0,P,31,0,367,0,38,122,191,4,0,5,-1,103,0,-15,71,27,4
14072,7.29,P,40,1,258,0,4,141,83,3,P,34,1,225,0,1,140,47,0,1,-6,0,-33,0,-3,-1,-36,-3
14073,9.46,Z,79,0,467,0,357,277,259,6,P,44,0,401,0,85,235,162,7,0,-35,0,-66,0,-272,-42,-97,1
14074,8.18,P,46,1,477,0,29,79,50,3,Z,61,0,340,0,102,147,252,11,0,15,-1,-137,0,73,68,202,8
14075,4.16,T,28,3,159,0,332,77,27,4,T,27,1,190,0,411,67,62,4,0,-1,-2,31,0,79,-10,35,0
14076,9.59,P,54,0,821,0,31,176,80,4,P,52,5,686,0,15,158,80,0,0,-2,5,-135,0,-16,-18,0,-4
14077,9.58,P,21,0,296,0,0,13,45,0,T,65,0,789,0,3,52,118,5,1,44,0,493,0,3,39,73,5
14078,9.58,T,78,5,320,0,11,68,77,0,P,42,0,486,0,0,23,54,0,1,-36,-5,166,0,-11,-45,-23,0
14079,9.57,P,43,0,632,0,0,257,87,1,Z,74,5,859,0,108,493,229,4,1,31,5,227,0,108,236,142,3
14080,7.31,T,53,0,667,0,72,215,113,9,T,51,0,428,0,305,262,93,13,1,-2,0,-239,0,233,47,-20,4
14081,7.22,P,29,0,452,0,51,133,45,4,Z,32,0,388,0,25,211,262,1,1,3,0,-64,0,-26,78,217,-3
14082,7.05,P,35,0,294,2,28,24,32,3,T,38,0,397,0,0,18,55,0,1,3,0,103,-2,-28,-6,23,-3
14083,9.59,Z,60,0,536,0,122,261,260,11,T,65,0,810,0,789,338,266,3,0,5,0,274,0,667,77,6,-8
14084,9.59,T,43,0,528,0,0,57,80,1,T,48,0,940,0,2,138,105,2,1,5,0,412,0,2,81,25,1
14085,9.59,Z,68,0,725,0,44,349,203,6,Z,77,2,270,0,24,322,214,1,1,9,2,-455,0,-20,-27,11,-5
14086,3.24,T,12,0,176,0,26,56,38,5,P,23,0,172,0,63,125,27,3,1,11,0,-4,0,37,69,-11,-2
14087,9.59,P,61,10,832,0,39,190,71,0,Z,53,6,811,0,79,80,181,4,1,-8,-4,-21,0,40,-110,110,4
14088,7.59,P,30,0,606,0,0,24,40,0,P,32,0,378,0,0,30,48,0,0,2,0,-228,0,0,6,8,0
14089,3.57,P,17,3,115,0,1,44,96,0,P,16,3,268,0,6,85,40,0,1,-1,0,153,0,5,41,-56,0
14090,0.28,T,3,2,15,0,7,24,3,0,T,2,0,45,0,1,0,4,3,1,-1,-2,30,0,-6,-24,1,3
14091,8.05,Z,51,2,322,0,32,116,216,2,T,78,4,402,0,135,218,100,0,0,27,2,80,0,103,102,-116,-2
14092,3.45,T,26,0,194,0,251,95,103,7,T,30,0,160,0,307,199,94,9,0,4,0,-34,0,56,104,-9,2
14093,7.35,P,43,0,670,0,142,100,133,7,T,38,0,549,0,7,116,64,1,1,-5,0,-121,0,-135,16,-69,-6
14094,6.07,P,54,0,313,0,171,253,87,9,Z,45,0,295,0,83,137,250,1,0,-9,0,-18,0,-88,-116,163,-8
14095,4.33,T,15,0,331,0,0,60,38,0,T,20,0,214,0,0,24,32,3,1,5,0,-117,0,0,-36,-6,3
14096,10.13,Z,81,6,551,0,33,117,199,0,T,84,2,1120,0,363,100,116,10,1,3,-4,569,0,330,-17,-83,10
14097,8.18,P,67,0,383,0,116,268,65,5,P,59,0,300,0,25,347,104,11,1,-8,0,-83,0,-91,79,39,6
14098,6.18,T,43,0,332,0,583,183,50,7,P,47,4,262,0,401,130,89,7,0,4,4,-70,0,-182,-53,39,0
14099,4.28,Z,27,3,124,0,286,82,257,7,P,27,0,251,0,368,176,57,15,1,0,-3,127,0,82,94,-200,8
14100,4.06,P,28,0,211,0,143,135,40,15,P,19,0,341,0,410,86,103,6,1,-9,0,130,0,267,-49,63,-9
14101,9.59,T,84,0,797,0,445,199,163,8,Z,88,0,551,0,248,186,289,9,1,4,0,-246,0,-197,-13,126,1
14102,9.59,T,48,0,692,0,12,110,79,5,P,52,7,605,0,11,132,62,0,0,4,7,-87,0,-1,22,-17,-5
14103,2.51,Z,13,0,119,0,20,44,38,1,T,10,0,96,0,59,28,78,0,0,-3,0,-23,0,39,-16,40,-1
14104,8.07,Z,39,3,324,0,111,137,249,0,P,40,0,516,0,551,136,92,8,0,1,-3,192,0,440,-1,-157,8
14105,5.39,Z,33,5,287,0,253,158,138,2,T,47,1,279,13,213,164,91,0,0,14,-4,-8,13,-40,6,-47,-2
14106,9.56,Z,51,0,397,0,22,50,148,2,P,80,0,551,0,57,129,79,11,0,29,0,154,0,35,79,-69,9
14107,9.59,T,88,8,504,0,286,342,210,6,P,78,4,371,0,401,220,67,10,1,-10,-4,-133,0,115,-122,-143,4
14108,10.28,P,51,8,639,0,28,286,201,0,P,62,0,554,0,114,238,235,4,0,11,-8,-85,0,86,-48,34,4
14109,9.58,P,47,1,502,0,6,41,79,3,P,60,1,555,0,452,270,62,5,1,13,0,53,0,446,229,-17,2
14110,3.03,P,15,0,111,0,24,52,34,5,T,11,0,295,0,2,14,22,1,1,-4,0,184,0,-22,-38,-12,-4
14111,9.59,T,127,2,324,0,84,286,142,13,Z,77,2,830,0,41,284,225,9,0,-50,0,506,0,-43,-2,83,-4
14112,6.34,T,69,0,503,0,400,157,140,13,Z,57,1,389,0,133,198,180,7,1,-12,1,-114,0,-267,41,40,-6
14113,10.03,T,75,0,963,0,43,307,131,11,P,56,0,694,0,10,327,160,5,1,-19,0,-269,0,-33,20,29,-6
14114,8.51,P,46,0,419,0,20,247,84,13,P,36,2,446,0,6,292,65,2,0,-10,2,27,0,-14,45,-19,-11
14115,8.52,P,57,2,354,0,101,198,86,5,Z,53,0,246,5,561,70,173,0,0,-4,-2,-108,5,460,-128,87,-5
14116,10.37,T,102,0,343,0,211,284,208,10,P,61,0,864,0,9,253,90,2,0,-41,0,521,0,-202,-31,-118,-8
14117,6.13,Z,36,6,155,0,47,161,111,0,Z,35,0,226,0,472,194,138,4,0,-1,-6,71,0,425,33,27,4
14118,4.38,T,39,3,313,0,21,183,30,1,Z,21,0,240,0,133,158,54,0,1,-18,-3,-73,0,112,-25,24,-1
14119,9.36,P,67,0,442,0,49,186,67,10,P,60,3,334,0,26,190,60,4,1,-7,3,-108,0,-23,4,-7,-6
14120,9.53,Z,57,0,593,0,151,269,333,6,T,94,5,727,0,351,265,154,9,1,37,5,134,0,200,-4,-179,3
14121,9.58,T,72,5,493,0,9,84,131,1,T,61,0,693,0,434,298,212,8,1,-11,-5,200,0,425,214,81,7
14122,9.53,T,74,0,684,0,122,149,101,6,T,77,1,565,0,61,266,217,6,1,3,1,-119,0,-61,117,116,0
14123,4.58,Z,21,2,112,0,21,107,78,0,P,12,0,395,0,0,44,15,1,0,-9,-2,283,0,-21,-63,-63,1
14124,9.58,P,37,3,243,0,1,102,107,4,T,46,0,972,0,8,249,114,3,1,9,-3,729,0,7,147,7,-1
14125,7.46,T,42,3,331,0,28,194,114,1,P,42,1,310,0,2,74,54,3,1,0,-2,-21,0,-26,-120,-60,2
14126,0.36,Z,2,0,15,0,64,6,22,6,Z,3,0,7,0,4,10,13,2,1,1,0,-8,0,-60,4,-9,-4
14127,7.39,P,36,10,518,0,36,143,41,1,Z,52,4,307,0,32,102,120,0,1,16,-6,-211,0,-4,-41,79,-1
14128,10.59,Z,61,10,417,2,83,201,335,3,T,81,5,691,0,147,252,256,7,0,20,-5,274,-2,64,51,-79,4
14129,9.59,P,42,0,507,0,13,266,65,4,Z,71,0,433,0,636,237,250,13,1,29,0,-74,0,623,-29,185,9
14130,5.39,T,43,6,335,0,283,191,98,6,P,42,7,287,5,66,130,56,0,1,-1,1,-48,5,-217,-61,-42,-6
14131,7.14,T,79,0,305,0,197,187,102,11,Z,48,0,161,0,152,207,204,8,0,-31,0,-144,0,-45,20,102,-3
14132,9.59,P,79,0,643,0,7,316,104,1,Z,64,1,583,0,545,277,260,5,1,-15,1,-60,0,538,-39,156,4
14133,7.08,T,91,0,262,0,424,285,139,7,Z,41,0,490,0,186,346,235,9,1,-50,0,228,0,-238,61,96,2
14134,6.07,T,28,0,556,0,0,58,60,0,Z,24,0,121,0,9,33,100,3,0,-4,0,-435,0,9,-25,40,3
14135,5.13,T,32,0,312,0,145,120,82,4,P,27,5,410,0,28,128,46,2,0,-5,5,98,0,-117,8,-36,-2
14136,6.58,P,38,0,268,4,12,120,62,4,T,34,2,511,0,9,146,99,0,0,-4,2,243,-4,-3,26,37,-4
14137,3.24,P,14,0,282,0,0,25,11,0,P,12,0,64,0,7,28,11,1,0,-2,0,-218,0,7,3,0,1
14138,0,Z,0,0,6,0,0,0,0,0,T,3,0,22,0,56,17,35,5,1,3,0,16,0,56,17,35,5
14139,1.47,P,6,1,57,4,94,45,16,0,P,7,0,185,0,11,27,8,3,0,1,-1,128,-4,-83,-18,-8,3
14140,7.24,T,39,0,266,0,0,36,66,0,T,43,0,646,0,9,63,88,2,0,4,0,380,0,9,27,22,2
14141,2.35,Z,9,1,147,0,85,24,49,8,P,6,0,72,0,122,11,104,2,1,-3,-1,-75,0,37,-13,55,-6
14142,5.45,T,53,0,240,0,485,140,57,11,Z,32,3,276,9,126,309,153,1,1,-21,3,36,9,-359,169,96,-10
14143,4.08,P,13,0,121,0,109,115,26,7,T,0,0,1,0,0,0,0,0,0,-13,0,-120,0,-109,-115,-26,-7
14144,8.08,T,53,1,710,0,85,236,124,6,P,64,0,519,0,159,256,100,7,1,11,-1,-191,0,74,20,-24,1
14145,9.59,T,80,2,478,0,86,133,120,3,T,58,2,806,0,62,385,130,1,0,-22,0,328,0,-24,252,10,-2
14146,5.48,P,34,0,414,0,394,112,67,2,T,29,0,136,0,0,124,173,2,1,-5,0,-278,0,-394,12,106,0
14147,1.55,T,9,0,202,0,209,17,10,1,T,6,0,120,0,38,44,44,4,1,-3,0,-82,0,-171,27,34,3
14148,2.56,T,13,4,168,0,9,48,28,0,T,16,0,161,0,161,64,33,5,0,3,-4,-7,0,152,16,5,5
14149,7.47,Z,32,8,423,0,262,177,436,11,Z,54,1,559,0,65,102,175,1,1,22,-7,136,0,-197,-75,-261,-10
14150,9.58,P,57,0,726,0,52,257,160,4,T,95,4,599,0,53,377,183,5,1,38,4,-127,0,1,120,23,1
14151,9.59,P,67,4,549,3,104,324,144,2,T,136,4,636,0,434,315,155,10,0,69,0,87,-3,330,-9,11,8
14152,9.07,P,45,0,586,0,113,141,92,6,P,61,6,747,2,86,279,102,9,1,16,6,161,2,-27,138,10,3
14153,10.24,T,103,0,465,0,14,338,128,0,Z,61,0,1225,0,0,188,299,0,1,-42,0,760,0,-14,-150,171,0
14154,10.02,P,54,0,843,0,12,240,73,1,Z,50,0,623,0,470,165,152,4,0,-4,0,-220,0,458,-75,79,3
14155,5.52,T,31,1,432,0,44,46,39,2,Z,20,3,303,0,12,45,52,0,0,-11,2,-129,0,-32,-1,13,-2
14156,9.59,T,85,0,595,0,36,181,109,5,Z,43,2,599,0,13,94,157,0,1,-42,2,4,0,-23,-87,48,-5
14157,4.19,T,15,0,158,0,23,53,30,3,T,33,0,162,0,499,109,71,14,1,18,0,4,0,476,56,41,11
14158,1.59,T,8,0,76,0,107,44,27,3,T,6,0,35,0,1,53,60,0,1,-2,0,-41,0,-106,9,33,-3
14159,9.59,Z,41,0,653,0,17,117,186,0,T,60,0,227,0,135,130,186,5,0,19,0,-426,0,118,13,0,5
14160,9.59,T,85,5,777,0,99,230,125,3,Z,69,4,434,0,103,159,197,2,1,-16,-1,-343,0,4,-71,72,-1
14161,9.59,T,67,2,474,0,54,151,78,7,P,55,0,586,0,11,176,68,5,1,-12,-2,112,0,-43,25,-10,-2
14162,10.54,Z,66,0,391,0,22,197,236,5,Z,64,2,532,0,42,149,202,0,0,-2,2,141,0,20,-48,-34,-5
14163,9.59,T,70,0,674,0,11,150,113,6,P,73,7,678,0,43,181,72,5,1,3,7,4,0,32,31,-41,-1
14164,9.59,T,75,8,432,0,43,129,103,2,Z,51,0,251,0,22,51,179,6,0,-24,-8,-181,0,-21,-78,76,4
14165,10.5,T,102,0,353,0,67,257,126,8,P,62,13,482,5,170,281,278,1,1,-40,13,129,5,103,24,152,-7
14166,9.59,T,87,0,374,0,43,78,123,6,P,79,9,673,0,59,266,94,6,0,-8,9,299,0,16,188,-29,0
14167,6.06,P,30,5,235,0,340,180,56,9,T,48,0,508,0,203,195,110,11,1,18,-5,273,0,-137,15,54,2
14168,9.59,P,71,0,432,0,27,130,114,7,Z,67,0,297,0,351,95,225,32,1,-4,0,-135,0,324,-35,111,25
14169,8.04,P,57,0,642,0,459,199,70,9,Z,54,0,505,0,58,143,172,4,0,-3,0,-137,0,-401,-56,102,-5
14170,9.59,T,103,0,463,0,329,308,210,17,T,107,10,973,0,345,315,261,0,1,4,10,510,0,16,7,51,-17
14171,7.17,Z,24,1,375,0,4,17,70,0,Z,21,1,417,0,8,20,122,3,0,-3,0,42,0,4,3,52,3
14172,8.14,Z,45,3,634,0,69,189,158,0,Z,47,0,248,0,315,95,161,22,1,2,-3,-386,0,246,-94,3,22
14173,4.32,T,25,0,309,0,0,35,30,0,T,23,0,196,0,152,60,35,6,1,-2,0,-113,0,152,25,5,6
14174,9.59,Z,65,0,434,0,24,92,231,4,T,69,7,569,0,73,233,98,13,0,4,7,135,0,49,141,-133,9
14175,6.26,P,54,0,472,0,149,297,60,6,Z,59,3,403,0,304,309,198,4,1,5,3,-69,0,155,12,138,-2
14176,5.17,P,15,0,222,0,3,35,32,2,P,15,0,507,0,2,35,42,3,0,0,0,285,0,-1,0,10,1
14177,2.4,Z,10,0,167,0,39,12,29,3,Z,13,0,95,0,18,35,50,0,0,3,0,-72,0,-21,23,21,-3
14178,7.06,T,47,0,432,0,38,160,145,6,T,80,2,342,0,341,371,122,7,1,33,2,-90,0,303,211,-23,1
14179,2.42,Z,11,2,47,0,9,11,25,0,Z,8,3,141,0,74,28,33,0,0,-3,1,94,0,65,17,8,0
14180,5.57,Z,44,8,161,0,238,119,119,4,P,36,0,332,0,68,110,36,4,0,-8,-8,171,0,-170,-9,-83,0
14181,3.51,P,22,0,106,0,236,51,150,3,T,9,0,288,0,0,32,24,0,0,-13,0,182,0,-236,-19,-126,-3
14182,4.24,T,22,1,194,0,5,82,37,4,T,20,3,366,0,5,34,37,0,0,-2,2,172,0,0,-48,0,-4
14183,4.09,P,22,0,72,0,5,57,42,2,P,15,0,354,0,141,87,28,2,1,-7,0,282,0,136,30,-14,0
14184,4.51,T,23,0,188,0,0,67,33,4,Z,8,0,92,0,0,27,32,0,1,-15,0,-96,0,0,-40,-1,-4
14185,4.2,P,18,0,216,0,0,100,21,2,T,21,4,210,0,39,46,19,0,0,3,4,-6,0,39,-54,-2,-2
14186,2.2,Z,12,2,64,0,146,55,109,3,Z,6,1,152,0,40,40,52,0,0,-6,-1,88,0,-106,-15,-57,-3
14187,9.58,P,46,6,586,0,132,156,113,0,Z,71,0,597,0,7,227,221,8,0,25,-6,11,0,-125,71,108,8
14188,9.59,T,82,0,920,0,108,122,83,14,T,76,5,527,0,166,232,255,4,0,-6,5,-393,0,58,110,172,-10
14189,4.13,Z,19,1,202,0,49,82,63,3,T,24,1,248,0,358,76,80,2,1,5,0,46,0,309,-6,17,-1
14190,9.58,Z,73,0,669,0,35,221,310,10,T,101,2,598,0,259,318,145,11,0,28,2,-71,0,224,97,-165,1
14191,8.12,T,49,8,524,0,52,177,83,5,P,57,0,386,0,40,120,70,3,0,8,-8,-138,0,-12,-57,-13,-2
14192,9.59,T,48,1,674,0,4,223,80,1,T,54,6,546,0,33,187,73,1,1,6,5,-128,0,29,-36,-7,0
14193,4.5,Z,21,0,200,0,26,108,79,5,Z,17,3,109,0,243,109,282,0,1,-4,3,-91,0,217,1,203,-5
14194,7.17,Z,43,3,468,8,90,90,185,0,P,33,4,490,0,34,97,50,4,0,-10,1,22,-8,-56,7,-135,4
14195,2.07,P,12,0,55,0,29,28,45,6,T,8,0,26,0,233,59,96,3,0,-4,0,-29,0,204,31,51,-3
14196,10.11,T,68,0,590,0,16,174,124,7,P,67,0,667,0,34,143,76,8,1,-1,0,77,0,18,-31,-48,1
14197,9.33,Z,44,0,881,0,37,229,207,6,Z,57,2,287,0,120,153,224,1,1,13,2,-594,0,83,-76,17,-5
14198,8.06,T,68,4,509,0,10,203,146,0,P,50,0,390,0,15,72,58,4,1,-18,-4,-119,0,5,-131,-88,4
14199,7.55,T,26,1,595,0,1,116,78,0,P,44,0,463,0,7,220,86,5,1,18,-1,-132,0,6,104,8,5
14200,6.41,T,53,2,426,0,38,246,103,2,T,74,0,326,0,440,203,75,10,1,21,-2,-100,0,402,-43,-28,8
14201,7.59,Z,31,0,187,0,303,154,191,2,T,66,4,378,0,32,202,157,1,0,35,4,191,0,-271,48,-34,-1
14202,10.07,Z,64,0,910,0,860,162,284,6,T,46,0,1011,0,9,58,110,4,0,-18,0,101,0,-851,-104,-174,-2
14203,9.59,T,54,0,428,0,8,67,107,2,T,61,0,342,0,10,67,96,6,1,7,0,-86,0,2,0,-11,4
14204,4.21,P,25,4,160,1,147,75,58,0,Z,21,0,395,0,18,66,78,2,1,-4,-4,235,-1,-129,-9,20,2
14205,5.25,T,41,0,174,0,109,117,37,6,P,26,2,530,0,30,114,51,0,0,-15,2,356,0,-79,-3,14,-6
14206,3.42,T,19,0,175,0,3,61,40,3,T,23,0,145,0,8,43,47,4,0,4,0,-30,0,5,-18,7,1
14207,3.33,Z,19,2,288,0,3,32,65,0,T,12,0,122,0,4,47,54,3,1,-7,-2,-166,0,1,15,-11,3
14208,7.24,T,38,0,180,0,0,60,84,1,P,28,0,123,0,10,139,30,5,0,-10,0,-57,0,10,79,-54,4
14209,8.22,Z,23,0,469,0,23,11,75,10,Z,37,2,716,0,25,125,93,1,1,14,2,247,0,2,114,18,-9
14210,9.59,T,31,0,308,0,0,15,47,0,P,29,0,725,0,1,127,66,1,1,-2,0,417,0,1,112,19,1
14211,9.59,Z,47,3,405,0,8,153,248,0,P,39,2,702,0,35,88,60,1,1,-8,-1,297,0,27,-65,-188,1
14212,9.55,T,40,4,785,0,2,58,67,0,P,31,0,610,0,0,195,50,1,0,-9,-4,-175,0,-2,137,-17,1
14213,4.41,Z,21,1,240,0,221,136,276,0,Z,17,0,93,0,120,44,206,2,0,-4,-1,-147,0,-101,-92,-70,2
14214,9.59,T,58,3,1037,0,39,131,61,2,T,59,10,532,6,810,201,124,1,1,1,7,-505,6,771,70,63,-1
14215,9.59,Z,39,0,261,0,0,28,129,0,T,45,0,977,0,3,92,87,8,0,6,0,716,0,3,64,-42,8
14216,6.16,T,45,0,421,0,372,216,71,11,T,54,0,199,0,361,128,48,12,0,9,0,-222,0,-11,-88,-23,1
14217,8.43,T,34,1,269,0,0,130,125,1,Z,39,2,810,0,26,168,133,1,1,5,1,541,0,26,38,8,0
14218,3.4,Z,13,0,208,0,106,25,73,1,T,26,0,89,7,132,40,25,2,0,13,0,-119,7,26,15,-48,1
14219,3.31,P,19,0,235,0,170,104,75,3,P,13,1,158,0,192,154,81,2,0,-6,1,-77,0,22,50,6,-1
14220,9.59,Z,68,11,179,0,75,345,259,2,Z,80,1,665,0,62,175,265,3,0,12,-10,486,0,-13,-170,6,1
14221,9.59,T,81,4,440,0,29,178,108,1,Z,80,6,367,0,272,234,278,2,0,-1,2,-73,0,243,56,170,1
14222,6.25,Z,50,6,255,0,32,200,185,1,P,49,1,420,0,47,124,28,4,0,-1,-5,165,0,15,-76,-157,3
14223,3.43,T,7,0,280,0,0,3,13,0,Z,14,3,20,0,17,19,37,0,1,7,3,-260,0,17,16,24,0
14224,5.2,T,32,0,276,0,42,121,169,4,Z,28,0,119,0,11,57,51,2,1,-4,0,-157,0,-31,-64,-118,-2
14225,8.48,Z,28,1,520,0,23,211,118,0,Z,33,5,225,0,25,141,99,0,0,5,4,-295,0,2,-70,-19,0
14226,8.3,Z,46,6,495,0,28,159,166,1,P,58,0,424,0,68,203,64,13,1,12,-6,-71,0,40,44,-102,12
14227,7.53,P,27,0,431,0,0,147,67,0,P,28,5,304,0,2,211,54,0,0,1,5,-127,0,2,64,-13,0
14228,9.59,T,87,3,459,0,36,138,146,0,Z,46,0,364,0,31,105,147,3,0,-41,-3,-95,0,-5,-33,1,3
14229,9.59,T,98,2,656,0,164,148,169,5,P,79,0,494,0,257,320,274,12,1,-19,-2,-162,0,93,172,105,7
14230,3.2,Z,11,3,130,0,365,45,140,1,Z,14,0,41,0,0,10,27,0,0,3,-3,-89,0,-365,-35,-113,-1
14231,5.29,P,37,1,246,6,72,215,87,0,T,47,0,307,0,356,154,62,5,1,10,-1,61,-6,284,-61,-25,5
14232,5.29,T,29,3,502,0,417,108,168,2,Z,29,1,98,0,50,52,135,5,1,0,-2,-404,0,-367,-56,-33,3
14233,9.59,Z,77,14,386,0,330,235,224,6,T,79,3,740,0,417,167,117,11,1,2,-11,354,0,87,-68,-107,5
14234,6.15,P,39,1,499,0,8,167,77,3,Z,23,0,95,0,14,112,93,3,0,-16,-1,-404,0,6,-55,16,0
14235,9.56,Z,47,0,406,0,29,94,144,2,P,44,0,684,0,13,90,66,3,0,-3,0,278,0,-16,-4,-78,1
14236,6.14,P,26,0,395,0,24,205,54,2,T,32,2,290,0,236,164,105,5,1,6,2,-105,0,212,-41,51,3
14237,4.11,Z,14,0,118,0,222,30,138,4,Z,18,1,204,0,36,56,73,5,0,4,1,86,0,-186,26,-65,1
14238,6.46,T,23,5,258,0,35,119,72,0,Z,46,1,486,0,66,136,126,5,1,23,-4,228,0,31,17,54,5
14239,9.59,Z,89,18,670,0,162,419,258,2,T,76,0,624,0,282,176,90,8,0,-13,-18,-46,0,120,-243,-168,6
14240,3.4,Z,20,1,251,0,2,35,58,1,Z,9,2,131,0,18,22,43,0,0,-11,1,-120,0,16,-13,-15,-1
14241,10.45,Z,80,0,628,0,366,365,376,5,T,111,0,508,0,87,423,267,14,1,31,0,-120,0,-279,58,-109,9
14242,9.59,T,114,0,646,0,772,354,207,11,Z,98,0,338,0,412,276,236,9,0,-16,0,-308,0,-360,-78,29,-2
14243,4.16,P,46,0,394,0,175,120,88,4,T,20,0,167,0,5,48,30,4,0,-26,0,-227,0,-170,-72,-58,0
14244,4.13,T,23,0,153,0,0,97,70,0,P,18,0,164,0,7,135,33,5,0,-5,0,11,0,7,38,-37,5
14245,1.48,P,8,0,94,0,6,47,2,1,T,6,0,91,0,0,25,12,1,0,-2,0,-3,0,-6,-22,10,0
14246,6.34,T,38,2,434,0,628,63,91,7,P,43,0,370,0,17,174,57,6,0,5,-2,-64,0,-611,111,-34,-1
14247,9.58,T,46,2,667,0,161,92,89,2,T,63,0,523,0,25,358,270,6,1,17,-2,-144,0,-136,266,181,4
14248,7.58,P,49,5,277,0,442,111,64,13,Z,52,4,328,1,307,205,219,7,1,3,-1,51,1,-135,94,155,-6
14249,2.2,T,4,0,79,0,0,2,8,0,T,9,0,37,0,0,13,40,0,1,5,0,-42,0,0,11,32,0
14250,2.48,Z,12,1,37,0,25,34,103,1,Z,10,0,60,0,247,54,124,2,1,-2,-1,23,0,222,20,21,1
14251,9.54,P,67,0,449,0,54,179,54,2,Z,60,0,414,0,12,119,194,2,0,-7,0,-35,0,-42,-60,140,0
14252,9.58,T,57,5,797,0,14,123,83,0,P,39,0,672,0,0,218,67,0,0,-18,-5,-125,0,-14,95,-16,0
14253,10.22,P,60,1,1013,0,89,232,155,4,P,58,0,808,0,54,347,94,19,1,-2,-1,-205,0,-35,115,-61,15
14254,9.59,T,61,2,441,0,25,199,72,2,Z,47,2,283,0,18,101,151,5,1,-14,0,-158,0,-7,-98,79,3
14255,3.42,T,18,0,146,0,18,45,114,3,T,17,0,95,0,41,50,73,6,1,-1,0,-51,0,23,5,-41,3
14256,6.3,P,12,0,187,0,0,37,19,0,Z,19,1,378,0,3,129,48,2,1,7,1,191,0,3,92,29,2
14257,5.31,Z,28,1,180,0,263,136,185,3,Z,26,1,451,0,11,68,130,1,1,-2,0,271,0,-252,-68,-55,-2
14258,8.38,T,34,0,238,0,0,14,40,0,Z,33,0,705,0,9,27,105,3,0,-1,0,467,0,9,13,65,3
14259,5.36,T,55,11,202,0,290,126,66,9,P,29,6,248,0,950,136,186,4,1,-26,-5,46,0,660,10,120,-5
14260,6.44,T,72,2,356,0,274,188,112,7,P,46,5,357,2,347,172,115,4,0,-26,3,1,2,73,-16,3,-3
14261,10.28,Z,67,16,433,4,360,281,274,15,Z,77,11,232,0,56,309,262,5,0,10,-5,-201,-4,-304,28,-12,-10
14262,5.12,Z,23,2,219,0,168,105,232,1,Z,31,1,143,0,306,86,206,5,1,8,-1,-76,0,138,-19,-26,4
14263,9.59,P,48,0,637,0,18,186,90,2,T,89,8,402,0,109,141,128,5,1,41,8,-235,0,91,-45,38,3
14264,9.59,P,49,0,289,0,37,198,94,5,Z,56,0,387,0,129,225,319,7,1,7,0,98,0,92,27,225,2
14265,7.59,Z,41,3,432,0,497,117,183,5,Z,47,1,600,0,31,71,171,0,1,6,-2,168,0,-466,-46,-12,-5
14266,9.59,Z,44,9,377,0,50,107,189,0,Z,57,1,594,0,28,134,181,0,1,13,-8,217,0,-22,27,-8,0
14267,4.39,T,30,0,162,0,11,88,67,3,T,53,3,250,0,3,113,37,1,1,23,3,88,0,-8,25,-30,-2
14268,3.53,P,16,0,142,0,0,81,21,0,Z,14,2,207,0,15,13,36,0,1,-2,2,65,0,15,-68,15,0
14269,9.54,P,65,1,546,0,133,292,66,11,P,43,1,342,0,7,513,77,2,0,-22,0,-204,0,-126,221,11,-9
14270,9.59,P,58,0,656,0,557,221,103,13,Z,83,4,373,0,54,270,196,3,0,25,4,-283,0,-503,49,93,-10
14271,7.06,Z,38,0,762,0,52,232,137,11,Z,26,8,361,0,64,212,181,3,0,-12,8,-401,0,12,-20,44,-8
14272,9.59,Z,63,7,698,0,191,197,317,3,P,74,0,357,0,372,95,90,15,0,11,-7,-341,0,181,-102,-227,12
14273,4.47,T,19,0,273,0,537,92,51,3,P,16,0,130,0,0,17,17,0,0,-3,0,-143,0,-537,-75,-34,-3
14274,7.48,Z,47,8,346,0,219,203,157,5,Z,51,2,221,0,714,234,187,7,0,4,-6,-125,0,495,31,30,2
14275,7.24,T,41,3,330,0,42,125,103,0,P,25,0,508,0,0,139,62,0,1,-16,-3,178,0,-42,14,-41,0
14276,3.24,T,15,0,143,0,136,37,37,6,T,15,0,163,0,36,52,110,6,1,0,0,20,0,-100,15,73,0
14277,9.57,P,39,3,591,0,11,121,60,0,P,40,8,361,0,28,54,60,3,0,1,5,-230,0,17,-67,0,3
14278,9.01,T,74,0,499,0,321,263,266,4,Z,70,4,546,0,399,188,193,6,0,-4,4,47,0,78,-75,-73,2
14279,10.35,T,107,3,683,6,92,288,151,0,Z,90,3,434,0,41,204,287,4,1,-17,0,-249,-6,-51,-84,136,4
14280,9.41,Z,79,1,343,0,303,197,222,2,T,88,0,645,0,118,309,216,10,0,9,-1,302,0,-185,112,-6,8
14281,9.59,Z,69,2,458,0,419,139,475,6,Z,64,0,362,0,163,193,340,4,0,-5,-2,-96,0,-256,54,-135,-2
14282,9.59,Z,46,0,648,0,19,93,119,5,Z,63,5,408,0,47,104,198,2,1,17,5,-240,0,28,11,79,-3
14283,9.59,Z,57,0,392,0,114,100,256,7,T,95,0,1088,0,60,54,96,4,1,38,0,696,0,-54,-46,-160,-3
14284,10.55,T,62,5,669,0,36,79,81,1,P,33,0,1143,0,1,72,65,3,0,-29,-5,474,0,-35,-7,-16,2
14285,8.01,P,55,3,302,0,30,126,57,5,P,48,8,157,0,31,78,61,5,0,-7,5,-145,0,1,-48,4,0
14286,3.14,P,11,0,57,0,0,48,17,2,P,10,0,62,0,1,43,23,3,1,-1,0,5,0,1,-5,6,1
14287,7.27,T,41,0,730,0,21,262,133,7,P,30,0,153,0,1,145,67,1,1,-11,0,-577,0,-20,-117,-66,-6
14288,9.29,P,56,0,396,0,24,203,85,3,T,80,20,608,0,200,282,97,1,1,24,20,212,0,176,79,12,-2
14289,9.59,T,51,0,343,0,0,69,86,0,T,69,2,585,0,23,58,114,1,1,18,2,242,0,23,-11,28,1
14290,8.41,P,90,3,788,0,124,492,173,9,Z,54,5,656,0,404,126,416,1,1,-36,2,-132,0,280,-366,243,-8
14291,9.58,Z,62,1,407,0,94,153,273,1,Z,50,2,856,0,166,172,164,2,1,-12,1,449,0,72,19,-109,1
14292,4.06,T,18,2,275,0,9,13,37,0,T,17,0,217,0,8,26,26,0,0,-1,-2,-58,0,-1,13,-11,0
14293,9.49,P,75,1,553,0,57,219,97,9,Z,80,0,670,0,76,270,275,6,0,5,-1,117,0,19,51,178,-3
14294,9.59,T,65,6,573,0,4,130,104,0,P,70,1,545,0,46,174,74,0,0,5,-5,-28,0,42,44,-30,0
14295,6.47,P,28,0,311,0,1,164,61,1,Z,28,0,153,0,7,76,86,3,0,0,0,-158,0,6,-88,25,2
14296,7.2,P,68,5,268,0,298,207,118,2,Z,48,3,514,0,216,247,187,2,0,-20,-2,246,0,-82,40,69,0
14297,6.15,T,27,1,312,0,0,20,58,2,T,13,0,166,0,0,28,21,2,0,-14,-1,-146,0,0,8,-37,0
14298,9.59,T,87,0,724,0,661,335,268,23,Z,82,15,590,0,394,286,379,1,0,-5,15,-134,0,-267,-49,111,-22
14299,8.2,Z,41,3,222,0,223,59,109,5,T,38,4,438,0,11,34,82,2,0,-3,1,216,0,-212,-25,-27,-3
14300,5.47,Z,34,0,353,0,232,107,268,4,P,29,0,153,0,78,77,106,3,0,-5,0,-200,0,-154,-30,-162,-1
14301,9.51,P,73,11,447,0,44,302,68,7,T,97,13,470,0,102,273,141,5,0,24,2,23,0,58,-29,73,-2
14302,2.2,T,11,0,69,0,15,55,17,4,T,10,2,170,0,102,29,18,0,1,-1,2,101,0,87,-26,1,-4
14303,8.22,T,42,3,644,0,13,116,77,1,P,57,0,453,0,209,173,191,3,1,15,-3,-191,0,196,57,114,2
14304,9.05,Z,68,1,579,0,34,212,181,7,T,77,0,920,0,124,140,107,10,1,9,-1,341,0,90,-72,-74,3
14305,9.22,T,97,0,708,0,85,193,160,6,P,69,5,443,0,324,242,163,7,1,-28,5,-265,0,239,49,3,1
14306,5.09,P,27,4,304,0,16,64,32,0,Z,17,2,617,0,55,67,55,3,0,-10,-2,313,0,39,3,23,3
14307,8.52,P,64,5,321,0,136,114,110,2,T,79,2,450,0,56,152,109,8,0,15,-3,129,0,-80,38,-1,6
14308,7.23,Z,35,0,590,0,127,158,159,4,P,44,2,315,0,353,207,59,12,1,9,2,-275,0,226,49,-100,8
14309,7.34,Z,54,8,375,0,45,173,164,0,Z,48,0,336,0,32,248,240,4,0,-6,-8,-39,0,-13,75,76,4
14310,9.59,T,72,0,779,0,57,330,135,12,Z,87,5,430,0,123,213,250,10,1,15,5,-349,0,66,-117,115,-2
14311,9.59,T,71,5,663,0,115,146,133,2,Z,82,4,564,0,134,130,322,4,0,11,-1,-99,0,19,-16,189,2
14312,9.59,P,74,0,666,0,73,276,115,11,Z,67,8,596,5,135,393,232,4,0,-7,8,-70,5,62,117,117,-7
14313,5.5,Z,36,0,380,0,489,230,153,9,P,44,2,340,0,90,211,47,0,0,8,2,-40,0,-399,-19,-106,-9
14314,6.25,P,28,5,298,0,21,197,67,1,Z,39,0,287,0,31,121,95,3,0,11,-5,-11,0,10,-76,28,2
14315,8.03,P,45,11,349,0,472,245,70,5,P,35,2,197,0,32,117,59,0,1,-10,-9,-152,0,-440,-128,-11,-5
14316,9.02,Z,39,1,364,0,22,80,152,1,P,36,1,672,0,0,47,46,0,0,-3,0,308,0,-22,-33,-106,-1
14317,9.59,T,93,8,686,0,476,239,155,14,Z,74,0,701,0,40,168,224,5,1,-19,-8,15,0,-436,-71,69,-9
14318,9.59,T,128,1,487,0,479,357,158,14,Z,120,5,594,0,457,241,297,12,1,-8,4,107,0,-22,-116,139,-2
14319,4.18,Z,27,1,147,0,108,102,64,9,T,38,1,169,0,99,73,71,8,0,11,0,22,0,-9,-29,7,-1
14320,9.58,P,38,0,393,0,5,121,51,5,P,34,0,512,0,13,80,81,3,0,-4,0,119,0,8,-41,30,-2
14321,9.58,T,114,1,651,0,100,271,185,4,Z,64,0,343,0,33,230,193,8,1,-50,-1,-308,0,-67,-41,8,4
14322,4.21,Z,20,5,551,0,1392,70,42,7,T,29,0,268,0,59,104,32,3,1,9,-5,-283,0,-1333,34,-10,-4
14323,9.57,Z,58,2,566,0,71,171,191,4,Z,43,1,276,0,12,50,132,0,0,-15,-1,-290,0,-59,-121,-59,-4
14324,6.42,P,28,0,373,0,0,134,75,3,T,45,0,278,0,79,158,70,8,1,17,0,-95,0,79,24,-5,5
14325,9.59,T,131,4,658,1,158,175,180,9,P,70,3,519,1,116,169,133,10,0,-61,-1,-139,0,-42,-6,-47,1
14326,9.59,P,39,4,451,0,30,149,75,0,P,62,1,580,0,485,353,154,7,0,23,-3,129,0,455,204,79,7
14327,9.26,P,87,10,694,0,197,259,168,6,T,91,7,388,42,248,182,292,4,0,4,-3,-306,42,51,-77,124,-2
14328,10.39,T,108,5,467,28,655,397,456,0,Z,84,2,612,0,122,200,216,10,0,-24,-3,145,-28,-533,-197,-240,10
14329,3.55,P,12,0,96,0,82,81,27,4,P,18,0,172,0,31,79,24,8,1,6,0,76,0,-51,-2,-3,4
14330,9.59,P,45,1,776,0,5,130,100,3,P,32,0,685,0,20,139,41,4,1,-13,-1,-91,0,15,9,-59,1
14331,8.11,P,40,2,454,0,12,64,60,0,Z,36,1,620,0,15,62,116,0,0,-4,-1,166,0,3,-2,56,0
14332,10.34,Z,64,2,702,0,52,124,232,3,Z,68,7,308,0,172,308,299,3,1,4,5,-394,0,120,184,67,0
14333,8.17,P,25,0,404,0,0,74,19,0,T,51,2,713,0,18,160,73,0,1,26,2,309,0,18,86,54,0
14334,8.54,Z,64,2,692,0,57,127,172,1,T,51,0,565,0,18,174,120,8,1,-13,-2,-127,0,-39,47,-52,7
14335,9.57,P,56,6,653,0,34,170,72,0,Z,61,0,604,0,33,81,158,7,1,5,-6,-49,0,-1,-89,86,7
14336,9.59,P,49,0,681,0,3,221,85,5,T,64,0,634,0,16,122,99,5,1,15,0,-47,0,13,-99,14,0
14337,7.23,P,94,2,451,0,367,275,282,3,Z,44,0,416,0,235,277,474,11,1,-50,-2,-35,0,-132,2,192,8
14338,7.2,P,83,3,412,0,155,177,117,11,T,79,5,379,0,307,152,171,5,1,-4,2,-33,0,152,-25,54,-6
14339,9.58,Z,53,0,480,0,0,97,187,1,T,55,0,602,0,4,187,150,0,0,2,0,122,0,4,90,-37,-1
14340,7.27,Z,43,0,249,0,44,81,113,7,P,36,0,306,0,2,113,84,2,0,-7,0,57,0,-42,32,-29,-5
14341,4.25,Z,16,0,79,6,95,62,125,0,Z,16,0,267,0,1,53,88,8,1,0,0,188,-6,-94,-9,-37,8
14342,9.59,Z,53,4,514,0,2,112,186,0,T,57,3,888,0,17,137,120,4,1,4,-1,374,0,15,25,-66,4
14343,9.59,Z,55,0,591,1,10,105,151,0,P,22,0,286,0,0,13,32,0,0,-33,0,-305,-1,-10,-92,-119,0
14344,8.59,T,61,0,632,0,15,215,131,4,P,45,0,729,0,4,141,117,5,0,-16,0,97,0,-11,-74,-14,1
14345,9.56,T,52,3,422,1,105,148,72,0,T,54,0,333,0,11,174,112,2,1,2,-3,-89,-1,-94,26,40,2
14346,8.36,T,94,1,477,0,485,191,162,7,P,73,3,367,0,74,276,64,4,1,-21,2,-110,0,-411,85,-98,-3
14347,6,T,31,1,286,0,3,145,52,0,T,27,0,450,0,0,158,49,0,0,-4,-1,164,0,-3,13,-3,0
14348,4.25,T,32,2,182,0,544,148,82,6,P,42,0,111,0,30,112,28,2,1,10,-2,-71,0,-514,-36,-54,-4
14349,5.19,P,30,0,326,0,21,197,148,8,P,35,1,423,0,534,111,44,13,1,5,1,97,0,513,-86,-104,5
14350,4.19,Z,26,2,150,0,100,129,153,2,P,21,0,242,0,239,95,32,3,0,-5,-2,92,0,139,-34,-121,1
14351,10.44,P,73,0,609,0,174,241,98,9,P,66,0,390,0,103,215,219,2,0,-7,0,-219,0,-71,-26,121,-7
14352,4.59,P,21,0,141,0,12,142,64,3,T,31,3,259,0,515,86,123,5,0,10,3,118,0,503,-56,59,2
14353,6.58,Z,52,14,188,0,84,119,261,1,Z,59,9,233,2,440,177,343,6,1,7,-5,45,2,356,58,82,5
14354,9.59,T,61,0,568,0,228,301,99,5,P,53,0,802,0,68,157,132,3,0,-8,0,234,0,-160,-144,33,-2
14355,9.57,Z,75,5,385,0,56,112,212,0,T,91,2,742,0,323,258,165,7,0,16,-3,357,0,267,146,-47,7
14356,2.57,Z,8,4,22,0,14,22,39,0,T,17,1,125,0,292,38,58,2,0,9,-3,103,0,278,16,19,2
14357,3.1,T,16,0,89,0,253,43,141,3,Z,10,0,56,0,21,24,34,0,1,-6,0,-33,0,-232,-19,-107,-3
14358,0.14,P,1,0,5,0,0,0,2,1,Z,1,0,9,0,21,10,8,7,0,0,0,4,0,21,10,6,6
14359,9.37,T,18,0,447,0,0,15,44,0,T,26,0,154,0,0,22,86,0,0,8,0,-293,0,0,7,42,0
14360,9.59,Z,106,5,413,0,178,251,340,0,Z,65,17,221,0,106,485,407,4,1,-41,12,-192,0,-72,234,67,4
14361,9.59,T,107,16,562,0,521,305,279,14,T,97,0,799,0,72,374,288,9,1,-10,-16,237,0,-449,69,9,-5
14362,9.57,Z,53,1,712,0,31,78,179,0,P,41,0,907,0,5,133,66,0,0,-12,-1,195,0,-26,55,-113,0
14363,9.58,T,73,7,479,0,223,124,164,0,T,86,0,648,0,347,190,228,20,1,13,-7,169,0,124,66,64,20
14364,10.5,P,47,1,421,0,18,191,87,1,T,96,3,760,0,40,368,108,1,1,49,2,339,0,22,177,21,0
14365,4.1,Z,14,4,254,0,14,41,45,0,Z,21,0,89,7,47,75,84,0,1,7,-4,-165,7,33,34,39,0
14366,6.39,Z,34,2,215,0,77,114,209,0,T,45,2,314,0,109,135,39,5,1,11,0,99,0,32,21,-170,5
14367,8.2,P,27,3,463,0,14,69,39,0,P,20,0,336,0,0,52,41,0,0,-7,-3,-127,0,-14,-17,2,0
14368,4.36,T,34,0,192,0,384,100,208,4,T,30,0,204,0,16,70,180,1,1,-4,0,12,0,-368,-30,-28,-3
14369,10.03,P,107,9,366,4,685,253,200,15,P,93,0,542,0,697,345,102,32,1,-14,-9,176,-4,12,92,-98,17
14370,9.56,T,78,0,655,0,27,203,140,17,T,78,0,631,0,469,212,112,4,0,0,0,-24,0,442,9,-28,-13
14371,6.04,P,36,2,451,0,8,83,51,0,T,45,0,383,0,30,105,43,5,1,9,-2,-68,0,22,22,-8,5
14372,4.58,T,25,0,241,0,0,75,54,7,P,22,2,297,0,26,77,29,2,1,-3,2,56,0,26,2,-25,-5
14373,5.43,Z,22,0,407,0,23,42,128,2,P,32,0,520,0,6,124,166,3,1,10,0,113,0,-17,82,38,1
14374,4.42,T,33,0,155,0,229,81,48,4,P,31,6,163,0,34,131,25,6,1,-2,6,8,0,-195,50,-23,2
14375,7.27,T,63,0,477,0,4,62,199,3,T,78,3,369,0,544,158,103,13,1,15,3,-108,0,540,96,-96,10
14376,9.3,P,42,7,379,0,7,284,76,0,P,42,0,240,0,0,32,60,1,1,0,-7,-139,0,-7,-252,-16,1
14377,9.56,Z,63,1,450,0,392,283,249,9,T,81,0,438,0,17,258,248,6,0,18,-1,-12,0,-375,-25,-1,-3
14378,9.59,T,81,0,538,0,18,132,112,4,Z,51,0,693,0,29,141,150,4,1,-30,0,155,0,11,9,38,0
14379,4.47,T,47,0,322,0,369,144,106,14,P,37,0,273,0,216,236,75,9,0,-10,0,-49,0,-153,92,-31,-5
14380,8,P,25,0,455,0,1,30,51,2,Z,52,6,352,0,19,161,98,0,0,27,6,-103,0,18,131,47,-2
14381,5.1,T,24,0,286,0,7,79,44,2,Z,22,0,221,0,464,71,179,4,1,-2,0,-65,0,457,-8,135,2
14382,9.34,T,78,3,649,0,235,359,195,14,T,79,6,400,0,88,271,166,3,0,1,3,-249,0,-147,-88,-29,-11
14383,1.01,Z,3,0,8,0,0,5,15,2,T,3,0,7,0,2,3,4,0,0,0,0,-1,0,2,-2,-11,-2
14384,5.2,P,25,3,570,0,13,62,32,0,T,26,0,451,0,11,74,41,4,1,1,-3,-119,0,-2,12,9,4
14385,6.49,Z,51,13,622,0,51,284,165,6,Z,51,13,391,0,252,225,263,3,1,0,0,-231,0,201,-59,98,-3
14386,8.37,P,44,0,346,0,0,99,164,0,T,80,1,595,0,198,235,81,8,1,36,1,249,0,198,136,-83,8
14387,8.28,T,62,0,755,0,21,98,77,2,Z,59,0,614,0,0,83,137,0,0,-3,0,-141,0,-21,-15,60,-2
14388,5.43,Z,32,2,262,0,20,102,69,4,Z,29,0,271,0,103,152,176,5,1,-3,-2,9,0,83,50,107,1
14389,4.48,P,22,1,198,0,8,43,31,0,T,20,0,369,0,5,118,20,2,1,-2,-1,171,0,-3,75,-11,2
14390,5.08,T,39,2,77,3,29,91,69,3,T,33,3,234,0,3,78,59,0,0,-6,1,157,-3,-26,-13,-10,-3
14391,10.28,T,75,0,739,0,7,209,144,4,P,84,0,776,0,26,146,100,20,0,9,0,37,0,19,-63,-44,16
14392,5.07,Z,18,0,162,0,0,25,89,0,P,28,1,140,0,6,93,27,3,1,10,1,-22,0,6,68,-62,3
14393,5.44,Z,34,0,131,0,22,110,130,13,P,38,0,285,0,216,195,183,13,0,4,0,154,0,194,85,53,0
14394,2.59,P,19,0,166,0,106,82,80,4,T,13,2,88,0,284,69,53,5,1,-6,2,-78,0,178,-13,-27,1
14395,9.59,P,56,0,689,0,23,251,108,4,P,46,0,512,0,4,127,52,3,1,-10,0,-177,0,-19,-124,-56,-1
14396,3.11,Z,16,0,158,0,87,115,45,3,Z,19,0,83,0,107,67,147,2,1,3,0,-75,0,20,-48,102,-1
14397,9.52,P,37,1,404,0,18,195,57,3,T,71,2,763,0,52,97,79,3,0,34,1,359,0,34,-98,22,0
14398,4.47,P,32,1,101,0,18,83,41,3,P,28,0,48,0,6,37,37,8,0,-4,-1,-53,0,-12,-46,-4,5
14399,5.16,T,28,4,261,0,189,50,69,0,T,33,5,267,0,11,37,29,2,0,5,1,6,0,-178,-13,-40,2
14400,7.57,T,42,2,460,0,24,35,45,4,P,47,0,537,0,144,246,122,6,0,5,-2,77,0,120,211,77,2
14401,2.34,Z,10,2,378,0,21,4,38,0,Z,9,1,14,0,4,14,45,0,0,-1,-1,-364,0,-17,10,7,0
14402,10.12,T,62,0,857,0,10,145,117,8,P,53,0,827,0,11,183,122,3,0,-9,0,-30,0,1,38,5,-5
14403,7.53,Z,83,18,458,0,327,164,270,16,Z,64,5,442,0,245,225,279,0,1,-19,-13,-16,0,-82,61,9,-16
14404,6.02,T,49,1,269,0,49,132,92,5,Z,45,1,254,0,45,119,109,0,0,-4,0,-15,0,-4,-13,17,-5
14405,9.59,P,54,0,837,0,9,129,66,12,Z,46,0,359,0,0,119,191,0,0,-8,0,-478,0,-9,-10,125,-12
14406,9.59,Z,89,1,770,0,258,298,232,23,T,128,0,549,0,525,259,438,4,0,39,-1,-221,0,267,-39,206,-19
14407,7.41,T,50,0,584,1,18,151,77,12,Z,48,5,569,0,82,101,201,0,0,-2,5,-15,-1,64,-50,124,-12
14408,3.3,P,15,0,119,0,188,82,101,1,T,17,0,218,0,0,80,27,1,1,2,0,99,0,-188,-2,-74,0
14409,6.51,P,22,1,435,0,4,113,29,0,P,24,0,396,0,2,112,70,3,1,2,-1,-39,0,-2,-1,41,3
14410,7.13,Z,40,3,441,0,44,24,115,0,P,41,3,357,9,674,212,61,0,1,1,0,-84,9,630,188,-54,0
14411,9.59,Z,76,4,840,0,145,201,269,2,T,106,0,537,0,382,342,154,9,1,30,-4,-303,0,237,141,-115,7
14412,5.07,P,31,3,178,0,156,139,67,5,Z,18,2,268,0,78,73,93,1,0,-13,-1,90,0,-78,-66,26,-4
14413,9.59,Z,85,8,572,0,154,319,318,3,T,111,10,431,0,468,250,98,4,0,26,2,-141,0,314,-69,-220,1
14414,9.56,P,40,4,341,0,24,191,61,4,T,76,11,493,0,622,178,164,9,0,36,7,152,0,598,-13,103,5
14415,9.59,Z,70,3,445,0,215,220,435,0,P,48,0,547,0,10,205,79,4,0,-22,-3,102,0,-205,-15,-356,4
14416,8.38,P,45,10,395,0,78,71,42,4,Z,50,0,459,0,3,108,140,1,1,5,-10,64,0,-75,37,98,-3
14417,2.14,P,5,1,162,0,0,13,7,0,Z,5,0,54,0,0,26,25,0,1,0,-1,-108,0,0,13,18,0
14418,6.53,P,45,2,273,0,44,180,74,0,Z,55,0,378,0,95,188,175,10,1,10,-2,105,0,51,8,101,10
14419,5.57,Z,35,0,161,0,0,127,137,0,T,45,0,355,0,13,127,52,5,0,10,0,194,0,13,0,-85,5
14420,4.07,P,18,0,166,0,9,117,47,2,P,16,1,162,0,20,81,33,2,0,-2,1,-4,0,11,-36,-14,0
14421,7.37,P,48,0,392,0,129,229,88,4,Z,33,0,496,0,31,208,152,6,0,-15,0,104,0,-98,-21,64,2
14422,1.38,T,14,0,28,0,56,33,10,3,P,4,0,55,0,0,16,47,1,0,-10,0,27,0,-56,-17,37,-2
14423,3,Z,12,0,73,2,17,23,53,0,P,19,1,316,0,38,63,16,3,0,7,1,243,-2,21,40,-37,3
14424,5.07,P,23,1,268,0,86,185,106,7,P,29,0,430,0,60,104,94,2,0,6,-1,162,0,-26,-81,-12,-5
14425,9.59,T,108,0,570,0,119,268,128,8,Z,82,0,627,0,17,105,271,5,0,-26,0,57,0,-102,-163,143,-3
14426,7.2,P,42,0,444,0,16,132,48,8,Z,37,2,295,0,39,72,100,2,0,-5,2,-149,0,23,-60,52,-6
14427,3.26,Z,6,0,112,0,0,20,29,0,P,10,0,153,0,0,53,14,0,0,4,0,41,0,0,33,-15,0
14428,9.59,P,96,0,655,0,109,436,86,11,T,68,0,492,0,16,109,109,5,1,-28,0,-163,0,-93,-327,23,-6
14429,8.54,Z,57,3,380,0,409,79,214,4,P,51,0,456,0,261,254,89,9,0,-6,-3,76,0,-148,175,-125,5
14430,9.58,Z,85,8,334,0,312,234,200,4,T,103,5,599,0,199,212,110,4,1,18,-3,265,0,-113,-22,-90,0
14431,1.4,P,4,0,103,0,3,32,3,1,T,6,1,84,0,66,14,6,2,0,2,1,-19,0,63,-18,3,1
14432,9.59,P,40,4,496,0,4,290,110,0,T,73,0,449,0,23,111,107,5,1,33,-4,-47,0,19,-179,-3,5
14433,7.06,Z,36,5,207,0,50,38,121,1,Z,29,9,357,0,82,81,139,0,0,-7,4,150,0,32,43,18,-1
14434,2.31,Z,13,2,62,0,10,14,26,0,Z,10,0,84,0,267,22,26,3,1,-3,-2,22,0,257,8,0,3
14435,6.18,T,31,0,269,0,7,39,66,5,Z,31,1,325,0,13,98,105,1,0,0,1,56,0,6,59,39,-4
14436,9.59,Z,83,0,786,0,151,191,293,10,P,91,0,467,0,417,393,124,12,0,8,0,-319,0,266,202,-169,2
14437,6.55,T,51,4,226,1,200,114,116,5,Z,41,4,326,0,29,78,97,2,1,-10,0,100,-1,-171,-36,-19,-3
14438,9.58,T,129,6,345,0,706,506,131,6,Z,79,13,837,0,220,446,307,3,1,-50,7,492,0,-486,-60,176,-3
14439,9.59,T,90,6,668,3,423,220,132,5,Z,53,4,371,0,68,189,217,4,0,-37,-2,-297,-3,-355,-31,85,-1
14440,9.59,T,101,0,448,0,220,375,136,12,Z,73,13,499,0,585,262,325,3,0,-28,13,51,0,365,-113,189,-9
14441,9.37,Z,41,0,605,0,12,69,200,1,P,56,5,316,0,86,242,121,3,0,15,5,-289,0,74,173,-79,2
14442,9.59,P,57,0,700,0,214,309,110,7,T,80,0,408,0,39,168,219,9,1,23,0,-292,0,-175,-141,109,2
14443,5.15,P,37,0,171,0,44,152,30,7,Z,31,0,225,0,70,111,168,4,0,-6,0,54,0,26,-41,138,-3
14444,10.05,T,41,0,653,0,28,115,135,5,P,74,4,463,0,41,353,165,13,0,33,4,-190,0,13,238,30,8
14445,8.38,T,105,0,263,24,141,177,211,1,Z,85,0,362,0,443,212,317,6,1,-20,0,99,-24,302,35,106,5
14446,9.59,P,63,4,533,0,35,175,62,5,T,89,0,414,0,177,247,164,14,0,26,-4,-119,0,142,72,102,9
14447,5.59,T,30,0,422,0,0,101,53,0,T,25,0,504,0,1,137,47,1,1,-5,0,82,0,1,36,-6,1
14448,3.3,P,18,0,233,0,14,52,29,2,P,15,3,262,0,0,52,60,0,0,-3,3,29,0,-14,0,31,-2
14449,10.01,Z,48,0,517,0,0,98,189,0,T,112,1,383,0,77,534,75,11,1,64,1,-134,0,77,436,-114,11
14450,10.44,Z,44,5,890,0,32,158,140,1,P,89,2,521,0,5,278,129,3,1,45,-3,-369,0,-27,120,-11,2
14451,9.59,T,72,8,581,0,78,72,92,0,T,92,7,1148,0,413,135,158,6,1,20,-1,567,0,335,63,66,6
14452,9.55,T,78,14,368,0,172,162,111,3,Z,50,1,778,0,33,115,175,0,0,-28,-13,410,0,-139,-47,64,-3
14453,8.02,P,43,0,365,0,29,310,79,7,P,46,8,422,0,20,198,60,2,1,3,8,57,0,-9,-112,-19,-5
14454,9.59,Z,60,8,640,0,583,141,176,0,T,59,0,683,0,26,52,60,6,0,-1,-8,43,0,-557,-89,-116,6
14455,9.59,Z,47,6,431,0,25,106,115,1,Z,49,0,470,0,16,28,131,2,0,2,-6,39,0,-9,-78,16,1
14456,6.28,T,50,1,207,0,216,129,69,2,P,37,9,212,0,30,117,39,0,0,-13,8,5,0,-186,-12,-30,-2
14457,4.11,T,16,0,344,0,0,52,47,2,P,17,0,154,0,107,88,98,2,1,1,0,-190,0,107,36,51,0
14458,9.59,Z,73,4,458,0,227,328,307,11,Z,67,2,638,0,428,522,198,11,1,-6,-2,180,0,201,194,-109,0
14459,6.43,P,62,0,294,0,157,179,116,4,Z,41,3,279,0,170,269,229,6,0,-21,3,-15,0,13,90,113,2
14460,5.15,P,23,0,254,0,200,166,274,8,Z,18,0,205,0,27,19,81,1,0,-5,0,-49,0,-173,-147,-193,-7
14461,9.59,Z,82,2,762,0,674,275,280,5,Z,115,1,329,0,496,435,523,12,0,33,-1,-433,0,-178,160,243,7
14462,9.18,Z,74,0,413,0,73,196,190,10,Z,52,2,316,0,39,215,196,3,0,-22,2,-97,0,-34,19,6,-7
14463,10.28,P,63,12,567,0,392,366,205,0,P,71,11,842,1,282,123,83,3,0,8,-1,275,1,-110,-243,-122,3
14464,9.18,T,94,4,595,7,310,176,124,8,Z,55,4,512,1,253,106,204,3,0,-39,0,-83,-6,-57,-70,80,-5
14465,3.26,P,22,0,117,0,61,22,16,2,Z,19,1,157,0,17,24,53,3,0,-3,1,40,0,-44,2,37,1
14466,2.48,P,7,0,151,0,23,64,13,4,T,9,0,119,0,0,63,55,0,0,2,0,-32,0,-23,-1,42,-4
14467,10.55,T,65,0,783,0,5,92,139,2,P,52,0,691,0,1,205,63,3,0,-13,0,-92,0,-4,113,-76,1
14468,9.32,P,64,0,458,0,138,162,85,9,T,97,14,494,0,366,510,142,7,1,33,14,36,0,228,348,57,-2
14469,7.06,P,39,0,572,0,15,133,67,5,T,70,5,381,0,436,220,185,11,1,31,5,-191,0,421,87,118,6
14470,9.48,Z,51,0,467,0,25,100,173,12,Z,52,0,485,0,1,273,225,1,0,1,0,18,0,-24,173,52,-11
14471,7.08,Z,24,0,357,0,3,65,99,1,P,34,0,566,0,1,121,57,0,1,10,0,209,0,-2,56,-42,-1
14472,7.43,T,70,0,437,0,539,196,99,9,P,74,3,397,0,364,198,134,5,1,4,3,-40,0,-175,2,35,-4
14473,9.35,P,100,11,374,0,421,417,139,13,T,85,1,409,0,512,213,225,11,0,-15,-10,35,0,91,-204,86,-2
14474,9.59,Z,57,0,301,0,77,71,148,7,P,103,0,666,0,6,195,116,3,1,46,0,365,0,-71,124,-32,-4
14475,7.16,T,62,3,528,0,17,144,103,0,Z,34,1,485,0,21,101,133,0,0,-28,-2,-43,0,4,-43,30,0
14476,9.59,Z,49,0,1003,0,123,171,218,9,T,54,0,457,0,21,38,38,4,0,5,0,-546,0,-102,-133,-180,-5
14477,7.28,P,43,0,453,0,20,200,160,1,Z,46,0,264,0,71,169,213,8,1,3,0,-189,0,51,-31,53,7
14478,5.16,T,41,5,214,0,451,150,142,3,T,41,0,298,0,61,168,41,10,1,0,-5,84,0,-390,18,-101,7
14479,10.15,P,52,2,385,0,9,100,83,0,P,45,0,669,0,1,53,62,2,1,-7,-2,284,0,-8,-47,-21,2
14480,10.43,P,76,0,699,0,37,260,106,10,Z,68,0,1194,0,105,218,315,2,1,-8,0,495,0,68,-42,209,-8
14481,9.59,P,81,4,403,0,454,297,87,9,Z,71,2,381,0,103,246,377,5,1,-10,-2,-22,0,-351,-51,290,-4
14482,10.16,T,79,0,570,0,479,242,192,13,P,86,2,599,0,534,282,154,9,1,7,2,29,0,55,40,-38,-4
14483,8.12,Z,67,5,519,0,257,202,328,8,P,70,0,456,0,70,304,76,10,0,3,-5,-63,0,-187,102,-252,2
14484,9.58,T,68,2,470,0,413,198,139,7,T,83,5,504,0,221,273,162,0,0,15,3,34,0,-192,75,23,-7
14485,3.52,P,18,0,77,0,0,91,102,1,T,16,2,321,0,39,79,77,1,1,-2,2,244,0,39,-12,-25,0
14486,9.09,T,51,4,412,0,6,208,133,0,T,90,3,611,0,257,199,172,5,1,39,-1,199,0,251,-9,39,5
14487,9.02,Z,59,7,316,0,42,88,141,2,T,112,4,609,0,295,279,127,5,1,53,-3,293,0,253,191,-14,3
14488,8.2,T,59,0,669,0,2,101,96,17,T,75,5,592,2,184,106,83,3,1,16,5,-77,2,182,5,-13,-14
14489,5.02,T,15,0,288,0,0,21,28,2,Z,21,3,143,0,318,28,176,2,0,6,3,-145,0,318,7,148,0
14490,9.59,Z,62,0,376,0,27,94,195,3,Z,41,0,877,0,27,65,125,6,1,-21,0,501,0,0,-29,-70,3
14491,7.27,Z,52,2,303,0,305,159,312,6,T,68,0,403,0,39,129,78,4,1,16,-2,100,0,-266,-30,-234,-2
14492,6.51,T,53,4,615,0,209,157,86,6,T,56,0,338,0,312,118,171,9,0,3,-4,-277,0,103,-39,85,3
14493,9.59,P,75,0,726,0,63,186,84,12,T,99,3,471,0,188,202,122,12,1,24,3,-255,0,125,16,38,0
14494,5.5,Z,37,0,186,0,55,79,140,10,P,32,3,353,0,357,153,57,11,0,-5,3,167,0,302,74,-83,1
14495,10.01,T,68,3,895,0,569,160,89,18,T,80,0,550,0,50,203,102,9,1,12,-3,-345,0,-519,43,13,-9
14496,9.48,T,93,2,571,0,214,405,222,4,T,77,2,686,0,227,227,59,3,0,-16,0,115,0,13,-178,-163,-1
14497,9.59,T,71,15,436,0,272,151,99,4,P,67,0,362,0,84,223,91,9,0,-4,-15,-74,0,-188,72,-8,5
14498,9.59,T,125,5,463,0,169,238,167,14,Z,92,7,666,0,118,226,236,2,1,-33,2,203,0,-51,-12,69,-12
14499,9.26,Z,70,0,573,0,50,167,255,8,P,50,13,448,0,28,172,70,1,0,-20,13,-125,0,-22,5,-185,-7
14500,9.59,T,83,0,438,0,252,341,93,7,Z,88,0,534,0,91,216,247,6,1,5,0,96,0,-161,-125,154,-1
14501,0.15,Z,0,0,17,0,0,3,3,4,T,0,0,8,0,0,9,8,1,0,0,0,-9,0,0,6,5,-3
14502,9.25,Z,46,7,457,0,19,243,226,2,T,77,4,559,0,49,218,181,2,0,31,-3,102,0,30,-25,-45,0
14503,10.28,T,86,0,726,0,61,210,158,3,Z,75,0,534,0,90,248,256,7,1,-11,0,-192,0,29,38,98,4
14504,7.13,T,53,0,376,0,614,156,146,12,Z,38,0,568,0,0,147,119,0,0,-15,0,192,0,-614,-9,-27,-12
14505,4.1,Z,20,1,224,0,37,60,133,5,T,36,0,177,0,3,76,62,4,0,16,-1,-47,0,-34,16,-71,-1
14506,8.07,Z,53,0,412,0,33,156,222,4,Z,47,4,157,0,52,92,138,0,0,-6,4,-255,0,19,-64,-84,-4
14507,4.59,Z,15,0,180,0,44,32,85,1,T,18,2,101,0,2,9,26,0,0,3,2,-79,0,-42,-23,-59,-1
14508,7.29,Z,50,2,306,0,51,160,184,0,Z,38,4,321,0,16,91,118,1,1,-12,2,15,0,-35,-69,-66,1
14509,6.53,P,27,0,460,0,9,115,48,2,P,43,0,270,0,126,98,34,6,1,16,0,-190,0,117,-17,-14,4
14510,9.59,Z,46,1,311,0,21,107,189,1,P,66,1,434,0,25,113,61,4,0,20,0,123,0,4,6,-128,3
14511,9.59,Z,101,2,581,21,189,418,296,2,T,112,0,465,0,295,260,396,8,1,11,-2,-116,-21,106,-158,100,6
14512,10.24,Z,61,10,315,1,61,224,277,5,Z,51,0,898,0,25,219,193,4,1,-10,-10,583,-1,-36,-5,-84,-1
14513,8.14,P,41,4,328,0,498,247,45,4,T,47,0,513,0,10,76,79,5,0,6,-4,185,0,-488,-171,34,1
14514,9.59,T,41,0,905,0,2,186,95,4,P,54,5,610,4,99,240,66,0,1,13,5,-295,4,97,54,-29,-4
14515,9.58,P,57,0,491,0,4,154,142,7,T,75,6,592,0,132,249,240,2,1,18,6,101,0,128,95,98,-5
14516,4.11,T,25,0,68,0,5,62,100,7,P,21,0,234,0,3,41,31,4,0,-4,0,166,0,-2,-21,-69,-3
14517,6.54,Z,35,0,332,12,94,87,157,0,T,81,0,296,0,362,191,158,12,0,46,0,-36,-12,268,104,1,12
14518,9.59,Z,68,2,496,0,221,228,251,3,T,85,0,559,0,334,399,210,13,1,17,-2,63,0,113,171,-41,10
14519,9.59,Z,103,7,661,1,606,392,281,6,T,94,8,375,0,812,240,110,3,0,-9,1,-286,-1,206,-152,-171,-3
14520,4.14,Z,21,1,179,0,11,131,104,4,Z,17,0,142,0,13,56,61,4,1,-4,-1,-37,0,2,-75,-43,0
14521,9.59,T,92,3,921,0,124,293,105,4,Z,72,0,739,0,33,155,229,10,1,-20,-3,-182,0,-91,-138,124,6
14522,3.41,T,16,3,183,0,231,48,33,0,P,20,0,97,0,192,45,111,4,0,4,-3,-86,0,-39,-3,78,4
14523,10.2,T,89,0,350,0,297,320,156,9,T,79,0,498,0,0,296,148,4,1,-10,0,148,0,-297,-24,-8,-5
14524,10.33,Z,73,9,418,0,480,260,277,3,T,128,0,487,0,107,392,144,12,1,55,-9,69,0,-373,132,-133,9
14525,7.12,Z,27,5,158,0,20,34,106,0,T,48,0,528,0,17,72,49,5,1,21,-5,370,0,-3,38,-57,5
14526,9.12,P,55,0,445,0,453,444,143,19,Z,44,1,188,0,20,117,151,0,0,-11,1,-257,0,-433,-327,8,-19
14527,7.32,Z,43,2,301,0,54,92,191,1,Z,35,0,368,0,19,123,85,5,0,-8,-2,67,0,-35,31,-106,4
14528,8.39,Z,32,0,194,0,14,49,126,1,T,43,5,501,0,7,103,77,0,0,11,5,307,0,-7,54,-49,-1
14529,6.49,P,32,2,166,0,19,49,34,5,Z,30,0,487,0,14,83,94,3,0,-2,-2,321,0,-5,34,60,-2
14530,2.31,Z,10,0,245,0,31,68,79,2,T,13,0,163,0,206,79,40,11,0,3,0,-82,0,175,11,-39,9
14531,6.11,Z,29,1,278,0,30,68,109,3,T,61,2,429,0,752,144,44,6,1,32,1,151,0,722,76,-65,3
14532,1.29,P,4,0,38,0,65,39,36,3,T,7,0,135,0,0,4,8,0,0,3,0,97,0,-65,-35,-28,-3
14533,4.25,Z,22,1,253,0,222,180,173,12,T,31,0,253,0,18,92,24,5,0,9,-1,0,0,-204,-88,-149,-7
14534,9.57,T,76,1,502,0,2,47,128,3,T,50,0,776,0,18,91,99,6,1,-26,-1,274,0,16,44,-29,3
14535,3.36,Z,12,3,65,0,121,105,46,6,Z,17,3,100,0,343,76,170,0,1,5,0,35,0,222,-29,124,-6
14536,9.59,Z,62,3,610,0,151,128,292,1,T,73,6,358,0,593,180,125,10,0,11,3,-252,0,442,52,-167,9
14537,9.59,T,131,3,399,0,49,349,93,9,T,76,0,759,0,6,347,113,3,0,-55,-3,360,0,-43,-2,20,-6
14538,2.39,Z,10,1,105,0,180,64,76,4,P,10,0,97,0,6,46,56,1,0,0,-1,-8,0,-174,-18,-20,-3
14539,9.59,T,105,0,1048,0,490,350,367,7,T,93,0,508,0,209,316,404,7,1,-12,0,-540,0,-281,-34,37,0
14540,1.29,T,3,0,42,1,1,8,6,0,T,5,0,75,0,0,7,10,0,0,2,0,33,-1,-1,-1,4,0
14541,10.08,T,87,4,507,0,753,339,203,18,T,67,10,977,0,744,266,185,1,0,-20,6,470,0,-9,-73,-18,-17
14542,10.16,T,60,9,410,0,43,50,90,0,Z,51,0,342,0,0,106,169,4,0,-9,-9,-68,0,-43,56,79,4
14543,9.38,P,61,1,729,0,28,63,69,4,Z,51,0,584,0,11,102,199,1,0,-10,-1,-145,0,-17,39,130,-3
14544,4.33,T,25,0,412,0,174,38,63,3,T,22,2,286,0,20,87,58,2,1,-3,2,-126,0,-154,49,-5,-1
14545,9.59,T,35,1,492,0,20,325,77,7,P,23,0,370,0,0,187,77,0,0,-12,-1,-122,0,-20,-138,0,-7
14546,3.12,Z,14,0,101,0,16,53,49,1,T,11,4,179,0,5,127,35,0,0,-3,4,78,0,-11,74,-14,-1
14547,9.46,Z,49,4,329,0,60,133,199,0,P,77,6,667,0,96,311,104,4,0,28,2,338,0,36,178,-95,4
14548,9.55,P,27,0,467,0,0,51,35,0,T,48,0,1227,0,20,68,83,13,0,21,0,760,0,20,17,48,13
14549,3.15,P,17,2,132,0,1,32,25,0,Z,8,0,58,0,4,12,37,2,0,-9,-2,-74,0,3,-20,12,2
14550,4.17,Z,26,0,255,0,87,155,59,10,P,22,0,303,0,6,85,47,2,0,-4,0,48,0,-81,-70,-12,-8
14551,9.59,T,57,5,792,0,6,164,155,3,T,58,5,836,0,10,135,95,1,0,1,0,44,0,4,-29,-60,-2
14552,9.48,Z,59,7,722,0,66,120,168,3,Z,63,9,652,0,51,95,146,6,0,4,2,-70,0,-15,-25,-22,3
14553,9.59,P,55,0,583,0,365,261,206,11,P,53,0,524,0,25,257,199,2,0,-2,0,-59,0,-340,-4,-7,-9
14554,7.25,P,80,6,486,0,283,185,69,0,Z,53,5,489,0,86,192,151,2,1,-27,-1,3,0,-197,7,82,2
14555,7.44,Z,24,1,501,0,3,68,113,1,P,30,0,445,0,23,21,31,8,1,6,-1,-56,0,20,-47,-82,7
14556,10.03,Z,60,5,648,0,32,136,181,0,P,49,0,492,0,296,203,88,6,0,-11,-5,-156,0,264,67,-93,6
14557,2.52,T,10,0,67,0,0,12,17,0,T,9,0,146,0,0,12,11,0,0,-1,0,79,0,0,0,-6,0
14558,9.59,T,45,0,540,0,0,100,81,0,Z,42,1,334,0,11,64,135,0,1,-3,1,-206,0,11,-36,54,0
14559,6.28,Z,41,8,192,0,91,127,138,4,Z,29,6,249,0,19,90,117,2,0,-12,-2,57,0,-72,-37,-21,-2
14560,9.59,P,126,14,501,0,526,318,185,23,Z,87,11,442,0,494,277,336,6,0,-39,-3,-59,0,-32,-41,151,-17
14561,9.16,Z,33,3,729,0,25,166,170,0,Z,73,2,434,0,27,223,348,8,1,40,-1,-295,0,2,57,178,8
14562,1.51,P,4,0,75,0,0,15,13,0,Z,7,1,39,0,32,8,55,0,0,3,1,-36,0,32,-7,42,0
14563,9.59,P,80,3,737,0,455,231,110,9,P,48,1,551,0,953,291,174,12,1,-32,-2,-186,0,498,60,64,3
14564,10.08,P,65,1,838,0,31,322,76,10,T,77,0,732,0,0,115,111,1,0,12,-1,-106,0,-31,-207,35,-9
14565,5.24,T,17,0,574,0,4,17,35,1,T,23,0,426,0,4,42,37,3,1,6,0,-148,0,0,25,2,2
14566,3.59,P,22,1,281,0,55,77,45,5,Z,21,1,73,0,79,83,110,3,1,-1,0,-208,0,24,6,65,-2
14567,9.59,T,124,7,664,0,232,293,159,8,Z,99,5,364,0,192,307,257,7,0,-25,-2,-300,0,-40,14,98,-1
14568,7.42,P,63,0,289,0,310,228,174,8,T,78,4,466,6,386,187,128,0,1,15,4,177,6,76,-41,-46,-8
14569,8.59,T,70,0,1288,0,26,160,125,5,T,65,0,579,0,10,255,58,4,0,-5,0,-709,0,-16,95,-67,-1
14570,7.4,T,112,0,294,0,923,265,147,32,Z,82,6,297,1,554,285,294,10,1,-30,6,3,1,-369,20,147,-22
14571,0.33,T,4,0,22,0,0,4,4,1,P,2,0,26,0,0,11,2,0,1,-2,0,4,0,0,7,-2,-1
14572,10.32,T,98,1,722,0,240,214,93,6,Z,72,7,727,0,101,322,204,5,0,-26,6,5,0,-139,108,111,-1
14573,10.3,P,32,3,547,0,3,111,53,0,T,51,0,835,0,14,112,91,2,1,19,-3,288,0,11,1,38,2
14574,9.41,P,68,4,743,0,17,344,157,2,Z,61,3,764,0,64,91,222,3,0,-7,-1,21,0,47,-253,65,1
14575,10.22,Z,86,0,737,0,436,461,325,26,Z,66,9,482,1,393,192,316,4,0,-20,9,-255,1,-43,-269,-9,-22
14576,5.41,P,18,0,190,0,1,42,32,3,T,37,2,385,0,56,138,39,1,1,19,2,195,0,55,96,7,-2
14577,6.55,T,42,0,377,0,401,142,56,5,P,29,0,327,0,13,188,58,7,0,-13,0,-50,0,-388,46,2,2
14578,10.48,Z,74,0,693,0,0,127,194,0,T,84,11,461,0,91,232,119,1,1,10,11,-232,0,91,105,-75,1
14579,9.23,T,66,0,635,0,38,115,119,2,T,53,0,236,0,0,168,151,0,0,-13,0,-399,0,-38,53,32,-2
14580,9.59,P,37,2,298,0,4,204,76,2,Z,53,1,777,0,30,82,153,1,1,16,-1,479,0,26,-122,77,-1
14581,4.34,Z,14,0,192,0,0,22,56,0,Z,19,4,252,0,18,28,50,1,1,5,4,60,0,18,6,-6,1
14582,9.17,P,86,4,410,0,93,283,115,11,T,117,1,521,0,355,232,182,20,1,31,-3,111,0,262,-51,67,9
14583,9.59,T,66,8,570,0,434,268,103,10,P,73,4,341,0,398,258,137,10,1,7,-4,-229,0,-36,-10,34,0
14584,6.17,P,38,5,296,0,45,96,37,1,Z,34,0,314,0,7,67,113,2,0,-4,-5,18,0,-38,-29,76,1
14585,2.21,T,6,1,150,0,58,52,40,2,Z,6,0,91,0,39,27,71,1,1,0,-1,-59,0,-19,-25,31,-1
14586,9.58,P,76,2,338,0,124,390,134,16,Z,64,0,368,0,60,271,188,13,1,-12,-2,30,0,-64,-119,54,-3
14587,6.08,T,39,2,277,0,12,79,59,3,T,27,0,347,0,0,78,55,0,1,-12,-2,70,0,-12,-1,-4,-3
14588,3.43,T,17,0,211,0,9,75,146,7,P,17,0,113,0,5,71,30,4,1,0,0,-98,0,-4,-4,-116,-3
14589,9.58,T,69,17,501,0,69,142,125,1,Z,65,7,328,0,4,99,234,2,1,-4,-10,-173,0,-65,-43,109,1
14590,3.5,P,20,0,259,0,10,77,16,1,P,20,3,60,0,499,103,153,2,1,0,3,-199,0,489,26,137,1
14591,10.28,T,65,0,840,0,58,185,121,9,T,65,0,663,0,22,171,116,5,1,0,0,-177,0,-36,-14,-5,-4
14592,5.31,Z,33,2,263,0,67,88,123,1,Z,26,1,200,0,8,62,92,2,0,-7,-1,-63,0,-59,-26,-31,1
14593,3.11,T,11,0,308,0,0,52,19,1,P,8,0,142,0,0,73,19,0,0,-3,0,-166,0,0,21,0,-1
14594,8.01,T,70,3,197,0,202,119,150,7,P,42,1,475,0,11,165,68,5,0,-28,-2,278,0,-191,46,-82,-2
14595,10.18,Z,45,0,484,0,99,145,252,8,T,96,5,772,0,77,239,109,1,0,51,5,288,0,-22,94,-143,-7
14596,5.56,Z,33,4,166,0,77,149,134,3,Z,49,2,428,0,67,147,122,9,0,16,-2,262,0,-10,-2,-12,6
14597,8.25,P,67,0,403,0,35,161,160,13,T,104,3,498,0,184,333,185,9,1,37,3,95,0,149,172,25,-4
14598,1.35,P,5,0,67,0,7,57,4,0,T,4,0,93,0,0,13,6,0,0,-1,0,26,0,-7,-44,2,0
14599,6.27,Z,33,0,265,0,71,134,198,6,T,66,2,376,0,371,209,154,9,0,33,2,111,0,300,75,-44,3
14600,7.11,P,54,0,264,6,50,167,44,0,Z,59,8,271,0,337,140,413,3,0,5,8,7,-6,287,-27,369,3
14601,10.59,P,85,0,1310,0,115,348,173,22,P,90,0,390,0,307,363,181,16,1,5,0,-920,0,192,15,8,-6
14602,9.52,P,42,0,677,0,0,141,61,0,Z,35,0,453,0,10,125,126,2,1,-7,0,-224,0,10,-16,65,2
14603,5.25,Z,20,0,215,0,784,73,81,4,P,36,3,341,0,17,98,73,5,0,16,3,126,0,-767,25,-8,1
14604,9.59,Z,92,10,479,0,230,197,354,8,T,145,0,649,0,171,394,116,16,0,53,-10,170,0,-59,197,-238,8
14605,7.3,Z,33,6,754,0,32,50,111,0,P,47,1,406,0,21,208,73,4,0,14,-5,-348,0,-11,158,-38,4
14606,5.25,P,56,0,311,0,136,88,177,7,T,31,1,226,0,144,110,117,9,1,-25,1,-85,0,8,22,-60,2
14607,8.26,P,46,0,300,0,59,314,125,9,T,65,10,601,0,421,221,165,12,1,19,10,301,0,362,-93,40,3
14608,9.59,T,94,0,802,0,41,156,116,9,Z,74,7,358,0,52,255,240,10,0,-20,7,-444,0,11,99,124,1
14609,4.43,T,27,2,207,0,22,60,61,3,T,12,2,245,0,21,63,34,0,0,-15,0,38,0,-1,3,-27,-3
14610,8.13,Z,45,0,489,0,117,126,148,2,P,50,1,390,0,30,158,79,6,1,5,1,-99,0,-87,32,-69,4
14611,6.58,T,71,8,392,0,163,160,77,3,T,45,0,347,0,272,275,72,5,0,-26,-8,-45,0,109,115,-5,2
14612,7.28,P,31,3,264,0,3,148,55,0,Z,55,6,268,0,97,141,193,4,1,24,3,4,0,94,-7,138,4
14613,9.58,P,85,7,885,0,223,338,90,27,T,119,2,749,0,219,454,218,3,1,34,-5,-136,0,-4,116,128,-24
14614,8.34,T,74,5,623,0,49,207,116,3,T,72,5,675,0,527,222,315,4,1,-2,0,52,0,478,15,199,1
14615,8.07,P,56,7,361,0,46,132,56,1,T,170,0,451,0,216,344,203,12,1,114,-7,90,0,170,212,147,11
14616,3.33,Z,12,1,237,0,45,67,91,3,Z,15,0,118,0,11,23,116,6,1,3,-1,-119,0,-34,-44,25,3
14617,9.58,Z,55,3,602,0,34,144,124,7,Z,54,2,260,0,22,101,223,0,0,-1,-1,-342,0,-12,-43,99,-7
14618,0.43,Z,2,1,20,0,30,13,9,0,P,2,0,16,0,0,4,5,1,1,0,-1,-4,0,-30,-9,-4,1
14619,10.04,P,127,3,597,0,498,334,360,10,T,99,0,358,0,748,250,110,26,0,-28,-3,-239,0,250,-84,-250,16
14620,9.59,T,55,0,401,0,18,65,99,6,T,65,5,588,0,26,118,176,0,1,10,5,187,0,8,53,77,-6
14621,6.29,T,51,2,503,0,136,121,75,5,T,63,0,460,0,289,184,145,7,1,12,-2,-43,0,153,63,70,2
14622,6.03,Z,40,0,315,0,2,33,106,2,Z,16,0,338,0,0,49,79,0,0,-24,0,23,0,-2,16,-27,-2
14623,8.12,P,70,0,731,0,799,201,74,16,Z,68,4,331,0,300,193,232,16,0,-2,4,-400,0,-499,-8,158,0
14624,4.5,T,32,4,275,0,44,102,40,1,Z,22,5,156,0,22,25,60,0,1,-10,1,-119,0,-22,-77,20,-1
14625,8.09,T,77,5,683,0,474,188,217,2,T,68,0,741,0,484,169,225,8,0,-9,-5,58,0,10,-19,8,6
14626,7.06,T,39,0,291,0,1,16,50,1,T,46,1,392,0,29,51,60,2,0,7,1,101,0,28,35,10,1
14627,2.45,Z,11,5,88,0,3,28,82,0,T,9,0,170,0,0,47,14,0,0,-2,-5,82,0,-3,19,-68,0
14628,5.31,T,29,0,255,0,93,73,87,7,T,41,0,225,0,169,83,41,3,0,12,0,-30,0,76,10,-46,-4
14629,5.12,P,25,0,155,0,16,154,50,2,Z,26,0,97,0,60,127,135,4,1,1,0,-58,0,44,-27,85,2
14630,8.18,Z,65,1,232,0,88,259,251,4,Z,60,6,506,0,284,332,236,6,1,-5,5,274,0,196,73,-15,2
14631,3.52,T,16,0,191,0,0,36,47,9,P,15,0,184,0,0,47,24,0,0,-1,0,-7,0,0,11,-23,-9
14632,7.43,Z,26,3,136,0,24,46,107,0,P,38,3,648,0,17,66,55,3,1,12,0,512,0,-7,20,-52,3
14633,8.1,P,72,0,177,0,42,170,155,7,P,60,0,282,0,200,250,240,5,1,-12,0,105,0,158,80,85,-2
14634,5.24,Z,31,4,220,0,642,198,141,10,Z,40,0,297,0,47,171,143,6,0,9,-4,77,0,-595,-27,2,-4
14635,9.58,P,88,2,254,0,998,199,123,15,Z,92,12,397,0,69,97,228,3,0,4,10,143,0,-929,-102,105,-12
14636,9.59,Z,54,7,720,0,79,154,254,5,T,73,3,605,0,18,107,109,2,0,19,-4,-115,0,-61,-47,-145,-3
14637,5.4,Z,26,1,316,0,23,91,116,0,Z,38,6,254,0,13,110,123,1,1,12,5,-62,0,-10,19,7,1
14638,5.49,P,11,1,103,2,5,156,17,0,T,65,0,179,0,164,100,34,10,1,54,-1,76,-2,159,-56,17,10
14639,4.59,P,19,2,259,0,10,112,38,0,T,21,0,320,0,0,56,58,1,1,2,-2,61,0,-10,-56,20,1
14640,10.03,T,98,1,667,0,21,255,119,3,T,85,0,840,0,76,333,171,5,1,-13,-1,173,0,55,78,52,2
14641,10.41,P,60,0,608,0,29,178,112,4,Z,58,3,593,0,27,106,197,2,1,-2,3,-15,0,-2,-72,85,-2
14642,7.44,Z,50,5,293,0,140,171,203,1,Z,46,0,548,0,49,167,113,4,0,-4,-5,255,0,-91,-4,-90,3
14643,9.59,Z,36,0,442,0,0,73,123,0,T,50,0,526,0,3,33,97,3,0,14,0,84,0,3,-40,-26,3
14644,7.04,T,53,7,300,0,343,250,144,6,P,59,5,345,0,322,317,171,9,1,6,-2,45,0,-21,67,27,3
14645,7.24,Z,49,0,436,0,167,157,137,5,P,19,0,450,0,0,121,28,1,0,-30,0,14,0,-167,-36,-109,-4
14646,0.56,Z,2,0,89,0,5,10,12,2,Z,2,0,26,0,90,6,18,3,0,0,0,-63,0,85,-4,6,1
14647,6.09,P,31,1,293,0,14,25,24,1,P,32,3,529,0,11,100,35,0,1,1,2,236,0,-3,75,11,-1
14648,9.59,Z,90,0,437,0,110,138,238,10,T,66,0,575,7,144,107,120,0,1,-24,0,138,7,34,-31,-118,-10
14649,3.27,Z,14,2,168,2,38,18,54,0,Z,18,2,89,0,28,56,119,3,1,4,0,-79,-2,-10,38,65,3
14650,6.3,Z,21,0,701,0,0,137,65,0,P,21,0,386,0,0,105,37,0,1,0,0,-315,0,0,-32,-28,0
14651,9.59,Z,122,2,611,0,347,331,296,22,P,87,2,423,0,789,388,116,10,1,-35,0,-188,0,442,57,-180,-12
14652,7.45,P,43,0,479,0,39,139,92,17,T,65,0,498,0,26,101,69,6,1,22,0,19,0,-13,-38,-23,-11
14653,5.49,T,28,3,328,0,11,32,50,4,Z,23,0,379,0,684,98,69,1,0,-5,-3,51,0,673,66,19,-3
14654,5,Z,8,0,236,0,10,48,55,1,P,10,0,157,0,0,79,16,0,1,2,0,-79,0,-10,31,-39,-1
14655,9.59,Z,67,11,404,2,492,381,347,5,Z,104,8,444,4,390,466,378,19,1,37,-3,40,2,-102,85,31,14
14656,4.28,Z,16,1,253,0,10,26,48,1,P,17,1,308,0,5,47,21,1,1,1,0,55,0,-5,21,-27,0
14657,9.59,Z,66,2,622,0,61,207,295,9,T,82,2,522,0,20,295,118,2,0,16,0,-100,0,-41,88,-177,-7
14658,9.59,Z,56,0,740,0,47,279,262,8,T,72,0,443,0,146,321,139,27,1,16,0,-297,0,99,42,-123,19
14659,5.05,T,32,0,277,0,42,127,86,2,P,23,0,163,0,17,53,26,9,0,-9,0,-114,0,-25,-74,-60,7
14660,10.45,P,59,1,546,0,5,115,76,2,T,69,0,506,0,5,176,128,2,0,10,-1,-40,0,0,61,52,0
14661,4.09,P,28,1,171,0,165,191,83,11,T,46,0,209,0,147,159,77,17,0,18,-1,38,0,-18,-32,-6,6
14662,10.57,P,57,11,648,0,268,297,72,7,P,61,0,715,0,44,234,118,15,1,4,-11,67,0,-224,-63,46,8
14663,7.53,T,58,0,483,0,588,264,115,6,T,74,4,500,0,304,236,86,8,1,16,4,17,0,-284,-28,-29,2
14664,8.31,T,54,0,507,0,27,100,107,4,P,28,3,538,0,134,207,104,3,0,-26,3,31,0,107,107,-3,-1
14665,6.09,P,24,1,489,0,1,68,53,2,T,25,0,379,0,0,64,42,0,0,1,-1,-110,0,-1,-4,-11,-2
14666,9.59,Z,82,0,631,0,149,226,416,2,P,61,0,404,0,209,191,95,9,1,-21,0,-227,0,60,-35,-321,7
14667,9.59,Z,73,0,262,0,548,122,272,8,P,58,0,606,0,45,169,130,13,0,-15,0,344,0,-503,47,-142,5
14668,4.23,T,24,0,294,0,131,40,87,3,T,20,0,441,0,0,29,46,9,0,-4,0,147,0,-131,-11,-41,6
14669,5.1,P,23,2,301,0,2,83,20,1,T,25,0,204,0,0,67,103,0,1,2,-2,-97,0,-2,-16,83,-1
14670,5,Z,22,0,158,0,141,70,73,1,T,37,0,304,0,27,57,44,4,0,15,0,146,0,-114,-13,-29,3
14671,1.2,Z,3,2,14,0,4,13,74,0,Z,5,0,63,0,86,25,30,5,0,2,-2,49,0,82,12,-44,5
14672,3.19,Z,13,0,95,0,206,66,59,2,P,16,0,232,0,0,127,17,1,0,3,0,137,0,-206,61,-42,-1
14673,10.1,T,77,8,578,1,368,193,136,0,P,56,0,544,0,71,330,113,8,1,-21,-8,-34,-1,-297,137,-23,8
14674,9.56,P,74,4,602,0,78,257,80,9,T,85,7,649,0,447,260,128,9,1,11,3,47,0,369,3,48,0
14675,0.13,T,1,0,28,0,0,5,9,0,T,0,0,0,0,0,0,5,0,0,-1,0,-28,0,0,-5,-4,0
14676,2.57,Z,11,0,77,0,394,41,107,3,Z,5,0,97,0,357,48,26,2,0,-6,0,20,0,-37,7,-81,-1
14677,9.59,T,16,0,341,0,0,14,42,0,T,34,0,701,0,1,40,60,0,1,18,0,360,0,1,26,18,0
14678,8.06,P,49,0,272,0,0,138,101,1,Z,41,7,375,0,120,193,171,2,1,-8,7,103,0,120,55,70,1
14679,4.57,Z,28,0,381,0,76,164,131,5,P,17,0,582,0,16,125,52,6,0,-11,0,201,0,-60,-39,-79,1
14680,9.58,Z,45,4,640,0,32,44,154,1,P,63,1,731,0,35,267,83,6,0,18,-3,91,0,3,223,-71,5
14681,9.59,T,51,0,677,0,81,187,104,5,T,75,3,579,0,118,285,169,3,1,24,3,-98,0,37,98,65,-2
14682,3.57,Z,15,8,130,1,178,159,100,4,Z,20,2,197,0,24,79,62,0,1,5,-6,67,-1,-154,-80,-38,-4
14683,9.59,T,99,0,351,0,305,322,176,13,T,63,5,522,0,56,146,77,3,1,-36,5,171,0,-249,-176,-99,-10
14684,2.45,Z,9,0,76,0,2,24,37,5,T,15,0,118,0,1,8,12,1,0,6,0,42,0,-1,-16,-25,-4
14685,10.58,Z,38,0,411,0,0,18,125,0,Z,29,0,532,0,21,29,99,3,0,-9,0,121,0,21,11,-26,3
14686,2.06,P,10,0,75,0,3,65,7,2,T,16,0,80,0,217,110,26,3,0,6,0,5,0,214,45,19,1
14687,9.58,Z,57,2,487,0,17,159,131,0,T,67,0,412,0,7,99,133,9,0,10,-2,-75,0,-10,-60,2,9
14688,9.34,T,80,0,360,0,42,213,124,18,Z,53,4,567,0,276,217,270,8,1,-27,4,207,0,234,4,146,-10
14689,9.01,Z,59,0,457,0,21,202,142,1,Z,53,0,591,0,35,131,218,3,1,-6,0,134,0,14,-71,76,2
14690,9.43,P,89,0,678,0,473,420,100,30,P,104,5,578,0,252,319,162,11,0,15,5,-100,0,-221,-101,62,-19
14691,9.59,P,56,4,705,0,18,206,73,1,Z,52,3,523,0,22,60,166,2,0,-4,-1,-182,0,4,-146,93,1
14692,7.02,T,45,3,551,0,139,152,253,5,T,48,0,581,0,6,145,164,7,0,3,-3,30,0,-133,-7,-89,2
14693,5.59,P,22,0,323,0,15,58,28,3,T,64,5,352,0,82,133,65,1,1,42,5,29,0,67,75,37,-2
14694,9.59,T,87,0,554,0,135,229,249,8,T,86,4,463,0,489,150,122,14,1,-1,4,-91,0,354,-79,-127,6
14695,9.12,Z,101,23,681,1,200,452,256,1,T,178,0,581,0,208,409,99,24,1,77,-23,-100,-1,8,-43,-157,23
14696,6.05,P,29,0,363,0,25,140,132,1,T,37,8,359,0,35,180,163,0,1,8,8,-4,0,10,40,31,-1
14697,2.49,Z,7,0,360,0,362,17,41,2,T,12,3,171,1,34,35,13,0,0,5,3,-189,1,-328,18,-28,-2
14698,5.25,T,32,0,319,0,0,94,43,1,T,37,6,358,0,342,110,103,4,0,5,6,39,0,342,16,60,3
14699,7.28,P,18,0,208,0,0,178,31,0,T,19,5,168,0,23,118,57,0,0,1,5,-40,0,23,-60,26,0
14700,4.4,Z,27,2,303,0,54,153,77,2,T,47,1,167,0,109,58,161,4,1,20,-1,-136,0,55,-95,84,2
14701,7.37,T,39,6,563,0,24,54,55,1,P,36,0,582,0,3,201,53,1,1,-3,-6,19,0,-21,147,-2,0
14702,7.02,P,35,1,234,0,15,130,103,13,P,33,0,686,0,27,84,47,6,1,-2,-1,452,0,12,-46,-56,-7
14703,8.47,T,90,0,508,0,77,168,71,4,T,75,0,698,0,176,199,102,7,1,-15,0,190,0,99,31,31,3
14704,4.53,T,27,1,278,0,362,119,138,8,P,34,1,147,1,47,150,171,2,1,7,0,-131,1,-315,31,33,-6
14705,8.1,Z,40,0,327,0,317,172,287,5,Z,28,0,309,0,22,201,153,6,0,-12,0,-18,0,-295,29,-134,1
14706,7.24,P,22,1,341,0,2,173,56,0,T,56,0,549,0,336,155,75,3,1,34,-1,208,0,334,-18,19,3
14707,8.01,T,30,0,1615,0,0,45,63,0,P,17,0,205,0,0,14,19,0,1,-13,0,-1410,0,0,-31,-44,0
14708,9.59,T,69,0,682,0,27,353,130,9,T,103,0,840,0,762,238,159,9,1,34,0,158,0,735,-115,29,0
14709,9.59,T,123,3,514,4,588,355,258,10,T,77,0,364,0,69,243,106,18,0,-46,-3,-150,-4,-519,-112,-152,8
14710,0.56,Z,8,0,44,0,97,12,37,4,Z,3,0,11,0,7,8,10,7,0,-5,0,-33,0,-90,-4,-27,3
14711,9.59,P,119,7,527,1,101,355,136,13,T,118,8,703,0,1419,268,244,16,0,-1,1,176,-1,1318,-87,108,3
14712,6.51,T,33,0,483,0,77,95,76,7,Z,51,2,247,0,54,116,171,1,1,18,2,-236,0,-23,21,95,-6
14713,9.59,P,94,0,674,0,80,380,117,9,T,87,0,602,0,393,320,139,9,1,-7,0,-72,0,313,-60,22,0
14714,9.36,Z,50,8,474,0,792,291,162,2,Z,56,6,438,0,60,117,190,1,1,6,-2,-36,0,-732,-174,28,-1
14715,3.41,Z,18,1,115,0,137,97,139,5,T,6,2,290,0,29,61,37,0,1,-12,1,175,0,-108,-36,-102,-5
14716,7.57,P,22,0,314,0,6,193,49,3,T,71,3,350,0,14,83,87,0,1,49,3,36,0,8,-110,38,-3
14717,9.59,P,38,0,435,0,24,47,43,6,P,45,0,689,0,11,72,77,2,0,7,0,254,0,-13,25,34,-4
14718,9.02,T,55,0,734,0,22,223,136,3,Z,49,0,270,0,5,89,117,2,0,-6,0,-464,0,-17,-134,-19,-1
14719,5.24,P,28,0,334,0,320,189,40,3,Z,39,0,193,0,337,118,137,17,0,11,0,-141,0,17,-71,97,14
14720,9.59,Z,53,0,784,0,14,136,205,0,T,76,0,515,0,236,237,101,16,1,23,0,-269,0,222,101,-104,16
14721,9.59,T,102,6,598,0,616,173,201,3,P,83,0,340,0,153,410,97,18,1,-19,-6,-258,0,-463,237,-104,15
14722,3.2,P,13,0,192,0,0,23,31,0,T,13,0,135,0,0,67,37,2,1,0,0,-57,0,0,44,6,2
14723,9.57,T,94,0,568,0,1011,319,168,9,T,55,0,530,0,2,167,129,2,0,-39,0,-38,0,-1009,-152,-39,-7
14724,6.02,T,36,1,375,0,704,243,49,7,T,34,5,248,0,74,207,153,2,1,-2,4,-127,0,-630,-36,104,-5
14725,5.29,Z,31,2,365,0,67,133,76,4,T,33,0,432,0,331,110,36,4,1,2,-2,67,0,264,-23,-40,0
14726,10.15,T,27,0,442,0,7,70,56,3,Z,55,0,693,0,7,126,161,1,1,28,0,251,0,0,56,105,-2
14727,9.59,Z,51,0,818,0,18,129,172,4,T,74,5,400,0,1280,114,77,0,0,23,5,-418,0,1262,-15,-95,-4
14728,6.29,P,27,0,343,0,0,170,60,0,Z,31,3,428,1,29,54,99,0,1,4,3,85,1,29,-116,39,0
14729,9.59,Z,39,1,198,0,11,87,173,2,T,49,0,763,0,4,132,116,4,1,10,-1,565,0,-7,45,-57,2
14730,4.23,T,35,0,202,0,44,114,51,2,P,19,0,106,0,3,143,40,4,1,-16,0,-96,0,-41,29,-11,2
14731,9.55,P,39,0,369,0,72,168,64,5,Z,33,1,617,0,782,251,145,4,0,-6,1,248,0,710,83,81,-1
14732,5.2,T,30,6,436,0,11,53,64,0,Z,23,0,299,0,0,67,98,0,0,-7,-6,-137,0,-11,14,34,0
14733,4.25,T,25,0,178,0,532,112,124,5,P,21,0,212,0,45,158,52,4,1,-4,0,34,0,-487,46,-72,-1
14734,9.59,T,85,2,419,0,423,193,141,7,T,83,0,530,0,358,176,95,18,0,-2,-2,111,0,-65,-17,-46,11
14735,9.56,T,101,8,325,0,128,235,198,10,P,69,0,719,0,128,170,103,7,0,-32,-8,394,0,0,-65,-95,-3
14736,4.39,T,27,3,249,0,3,32,50,0,Z,15,1,256,0,23,54,84,2,0,-12,-2,7,0,20,22,34,2
14737,5.35,P,32,0,276,0,9,168,39,6,P,30,4,323,0,11,122,52,0,1,-2,4,47,0,2,-46,13,-6
14738,9.59,T,93,0,464,0,137,196,129,10,T,92,0,676,0,64,133,84,5,1,-1,0,212,0,-73,-63,-45,-5
14739,9.59,T,160,6,440,0,733,347,358,11,Z,96,0,492,0,123,182,400,12,1,-64,-6,52,0,-610,-165,42,1
14740,6.47,P,41,6,406,0,26,74,46,0,P,46,0,407,0,165,141,44,5,1,5,-6,1,0,139,67,-2,5
14741,7.58,P,56,2,564,0,8,120,69,0,T,70,9,357,0,98,304,91,1,1,14,7,-207,0,90,184,22,1
14742,1.08,P,3,0,39,0,0,3,6,0,Z,2,0,22,0,0,5,23,0,0,-1,0,-17,0,0,2,17,0
14743,9.4,Z,38,6,477,1,59,195,150,1,Z,51,5,759,0,27,121,159,1,1,13,-1,282,-1,-32,-74,9,0
14744,6.03,T,38,0,340,0,147,86,105,6,T,41,0,438,0,21,133,74,6,0,3,0,98,0,-126,47,-31,0
14745,9.58,T,74,0,676,0,24,238,129,5,P,62,1,865,0,1,167,78,0,0,-12,1,189,0,-23,-71,-51,-5
14746,6.07,P,46,0,312,0,220,223,179,10,P,53,2,347,0,218,200,108,4,1,7,2,35,0,-2,-23,-71,-6
14747,9.59,T,52,4,428,0,65,49,72,2,Z,46,0,1028,0,42,57,126,4,0,-6,-4,600,0,-23,8,54,2
14748,5.44,P,38,0,481,0,24,91,43,3,Z,34,0,245,0,74,120,166,1,0,-4,0,-236,0,50,29,123,-2
14749,6.47,P,40,2,206,0,200,122,47,11,Z,34,3,194,0,108,80,165,6,0,-6,1,-12,0,-92,-42,118,-5
14750,10.48,T,61,0,720,0,33,62,108,7,Z,40,0,486,0,43,75,196,5,0,-21,0,-234,0,10,13,88,-2
14751,8.32,Z,36,0,718,0,31,150,114,3,T,58,4,635,0,33,123,76,0,0,22,4,-83,0,2,-27,-38,-3
14752,9.5,Z,39,0,344,0,8,216,182,2,T,64,4,689,0,28,162,95,5,0,25,4,345,0,20,-54,-87,3
14753,9.58,T,31,0,512,0,0,59,69,0,T,36,0,966,0,0,76,59,0,0,5,0,454,0,0,17,-10,0
14754,8.54,Z,49,5,804,0,18,275,113,1,P,37,0,544,0,0,92,61,0,1,-12,-5,-260,0,-18,-183,-52,-1
14755,8.12,T,88,0,458,0,763,193,238,20,P,87,0,693,0,513,236,68,23,0,-1,0,235,0,-250,43,-170,3
14756,9.59,T,60,2,819,0,135,138,84,2,Z,77,0,472,0,129,207,206,12,1,17,-2,-347,0,-6,69,122,10
14757,2.11,P,6,0,171,0,0,65,6,1,T,7,0,164,0,0,17,12,1,0,1,0,-7,0,0,-48,6,0
14758,4.1,T,27,1,141,0,195,93,41,5,T,20,3,253,0,159,51,44,1,0,-7,2,112,0,-36,-42,3,-4
14759,1.13,Z,3,1,61,0,4,17,19,0,T,17,1,198,0,141,84,46,5,1,14,0,137,0,137,67,27,5
14760,9.59,Z,90,1,563,0,178,309,384,12,Z,60,0,417,0,54,228,253,3,1,-30,-1,-146,0,-124,-81,-131,-9
14761,9.59,T,95,11,605,0,99,233,313,5,P,66,0,809,0,125,258,152,8,0,-29,-11,204,0,26,25,-161,3
14762,3.4,T,20,2,200,0,340,60,27,0,T,18,0,128,0,158,64,20,5,0,-2,-2,-72,0,-182,4,-7,5
14763,9.33,T,97,0,1054,0,32,233,146,7,Z,57,7,262,0,99,312,229,6,1,-40,7,-792,0,67,79,83,-1
14764,9.58,P,52,0,839,0,0,110,83,0,Z,53,0,256,0,4,156,200,1,0,1,0,-583,0,4,46,117,1
14765,9.54,T,35,0,261,0,3,68,70,4,T,31,0,621,0,0,17,45,0,0,-4,0,360,0,-3,-51,-25,-4
14766,8.08,T,75,2,331,0,348,229,68,6,Z,50,3,297,0,43,79,160,2,0,-25,1,-34,0,-305,-150,92,-4
14767,9.57,T,52,0,265,0,30,37,55,9,T,38,0,477,0,0,23,41,0,0,-14,0,212,0,-30,-14,-14,-9
14768,6.39,Z,50,3,201,0,204,251,167,7,Z,54,2,187,0,253,234,176,8,1,4,-1,-14,0,49,-17,9,1
14769,5.13,Z,42,0,316,0,178,142,166,8,T,40,0,272,0,428,106,26,8,0,-2,0,-44,0,250,-36,-140,0
14770,7.54,T,70,0,309,0,894,324,72,8,Z,56,2,498,0,316,154,222,7,0,-14,2,189,0,-578,-170,150,-1
14771,9.17,T,71,0,614,0,17,240,79,5,P,55,0,518,0,0,253,289,0,0,-16,0,-96,0,-17,13,210,-5
14772,9.35,T,78,5,497,0,17,259,203,0,Z,96,0,360,0,336,265,455,6,1,18,-5,-137,0,319,6,252,6
14773,8.48,Z,90,0,444,0,104,397,206,17,Z,66,0,449,0,43,153,187,4,0,-24,0,5,0,-61,-244,-19,-13
14774,9.59,T,83,0,693,0,48,147,188,8,P,57,0,515,0,98,239,284,10,0,-26,0,-178,0,50,92,96,2
14775,6.42,T,51,6,295,0,90,112,86,7,Z,40,1,351,0,32,154,129,3,1,-11,-5,56,0,-58,42,43,-4
14776,3.3,T,20,0,132,10,43,101,65,3,Z,11,0,103,0,233,15,187,3,1,-9,0,-29,-10,190,-86,122,0
14777,9.47,Z,70,7,602,0,122,211,272,2,T,75,0,476,0,161,230,240,24,0,5,-7,-126,0,39,19,-32,22
14778,10.51,Z,75,4,419,0,64,92,222,1,T,59,0,852,0,1,192,112,1,0,-16,-4,433,0,-63,100,-110,0
14779,8.59,Z,40,1,397,0,17,181,137,0,Z,64,0,424,0,255,221,197,3,1,24,-1,27,0,238,40,60,3
14780,4.1,Z,17,0,161,0,23,30,52,1,P,24,0,204,0,110,134,36,9,1,7,0,43,0,87,104,-16,8
14781,10.55,T,83,6,793,0,113,229,128,13,Z,96,0,545,0,155,202,274,18,1,13,-6,-248,0,42,-27,146,5
14782,9.18,Z,49,0,275,0,8,95,181,3,T,44,0,518,0,2,65,94,1,0,-5,0,243,0,-6,-30,-87,-2
14783,6.48,T,19,1,164,0,3,48,43,0,P,28,2,106,0,23,122,51,1,1,9,1,-58,0,20,74,8,1
14784,4.59,P,23,0,217,0,0,54,36,0,Z,22,1,109,0,24,45,58,4,0,-1,1,-108,0,24,-9,22,4
14785,9.59,T,45,0,475,0,2,108,95,3,Z,38,1,720,0,14,36,140,2,1,-7,1,245,0,12,-72,45,-1
14786,8.31,T,73,0,461,0,230,197,127,12,T,73,6,279,0,379,148,206,4,1,0,6,-182,0,149,-49,79,-8
14787,9.05,T,45,0,730,0,9,158,103,5,T,43,0,412,0,52,132,81,10,1,-2,0,-318,0,43,-26,-22,5
14788,9.21,T,122,5,580,0,426,256,171,11,Z,66,0,492,0,54,261,253,9,1,-56,-5,-88,0,-372,5,82,-2
14789,9.59,T,67,0,609,0,1,319,130,1,T,60,3,520,0,7,57,97,0,1,-7,3,-89,0,6,-262,-33,-1
14790,4.21,P,25,0,206,0,293,190,118,7,Z,32,0,167,0,212,106,125,8,1,7,0,-39,0,-81,-84,7,1
14791,6.24,P,30,2,294,0,3,161,71,0,T,25,0,445,0,0,56,29,1,0,-5,-2,151,0,-3,-105,-42,1
14792,0.34,T,1,0,21,0,3,7,10,2,P,1,0,2,0,0,5,3,0,0,0,0,-19,0,-3,-2,-7,-2
14793,3.19,T,10,1,126,0,0,17,28,0,T,9,0,105,0,1,3,5,0,1,-1,-1,-21,0,1,-14,-23,0
14794,9.59,T,82,0,574,0,4,204,198,2,T,109,0,664,0,141,287,116,5,1,27,0,90,0,137,83,-82,3
14795,3.32,T,49,0,111,0,127,153,46,0,Z,15,3,147,0,76,39,92,0,1,-34,3,36,0,-51,-114,46,0
14796,9.59,T,52,8,740,0,9,117,89,0,T,40,2,312,0,7,42,59,2,1,-12,-6,-428,0,-2,-75,-30,2
14797,8.01,T,84,5,254,0,121,204,128,20,Z,30,1,388,0,18,62,92,0,0,-54,-4,134,0,-103,-142,-36,-20
14798,9.59,T,117,2,405,0,72,464,138,27,P,79,0,618,0,173,320,96,10,0,-38,-2,213,0,101,-144,-42,-17
14799,9.03,T,58,2,376,0,36,157,59,5,T,31,0,417,0,0,34,64,0,0,-27,-2,41,0,-36,-123,5,-5
14800,9.59,P,68,0,495,0,37,173,48,8,Z,80,1,522,0,257,350,333,12,0,12,1,27,0,220,177,285,4
14801,8.18,Z,28,0,416,0,28,102,110,6,P,49,0,734,2,18,154,72,0,1,21,0,318,2,-10,52,-38,-6
14802,6.39,Z,41,0,244,0,6,78,125,2,Z,34,1,535,0,19,36,86,1,1,-7,1,291,0,13,-42,-39,-1
14803,9.29,P,65,0,761,0,532,253,105,9,P,93,7,299,0,560,426,133,9,1,28,7,-462,0,28,173,28,0
14804,8.17,T,72,0,499,0,174,391,255,13,P,77,3,425,0,201,326,156,7,1,5,3,-74,0,27,-65,-99,-6
14805,5.16,T,24,0,144,0,2,29,36,2,Z,18,2,243,0,2,99,83,1,0,-6,2,99,0,0,70,47,-1
14806,9.4,P,41,5,615,0,2,89,81,1,T,52,0,578,0,387,111,153,7,0,11,-5,-37,0,385,22,72,6
14807,9.58,T,47,0,887,0,1,84,84,2,Z,53,0,207,0,35,173,345,6,0,6,0,-680,0,34,89,261,4
14808,4.48,P,17,2,190,0,162,81,66,10,T,40,2,216,0,53,109,67,5,0,23,0,26,0,-109,28,1,-5
14809,7.4,T,55,4,547,0,22,25,65,0,P,26,0,283,0,0,112,67,1,0,-29,-4,-264,0,-22,87,2,1
14810,4.3,T,32,0,267,0,209,107,157,7,T,35,0,237,0,285,103,139,10,1,3,0,-30,0,76,-4,-18,3
14811,8.42,P,51,6,435,0,176,218,95,8,Z,53,1,961,0,42,137,151,6,1,2,-5,526,0,-134,-81,56,-2
14812,2.32,T,15,0,82,0,317,53,32,4,T,8,0,83,0,188,38,78,1,0,-7,0,1,0,-129,-15,46,-3
14813,4.14,P,24,10,255,0,213,133,50,5,P,17,0,133,0,120,77,136,7,1,-7,-10,-122,0,-93,-56,86,2
14814,9.58,T,86,6,701,0,245,213,127,3,Z,86,4,426,0,444,204,239,11,1,0,-2,-275,0,199,-9,112,8
14815,9.59,T,54,6,745,0,32,100,114,1,Z,36,0,612,0,34,116,142,6,0,-18,-6,-133,0,2,16,28,5
14816,9.59,T,74,6,1150,0,23,100,76,0,Z,49,0,376,0,0,41,154,0,0,-25,-6,-774,0,-23,-59,78,0
14817,8.55,P,47,0,270,7,18,93,71,0,Z,41,0,545,0,9,67,143,0,1,-6,0,275,-7,-9,-26,72,0
14818,9.36,Z,45,1,464,0,27,168,192,2,P,48,2,715,0,141,260,116,3,0,3,1,251,0,114,92,-76,1
14819,5.55,T,13,0,163,2,1,29,34,0,P,23,4,327,0,6,167,40,4,1,10,4,164,-2,5,138,6,4
14820,9.59,P,33,0,1483,0,0,78,55,0,P,47,1,195,0,15,16,34,5,1,14,1,-1288,0,15,-62,-21,5
14821,9.59,Z,91,5,1015,0,63,49,284,0,T,87,0,519,0,290,211,158,16,0,-4,-5,-496,0,227,162,-126,16
14822,9.59,Z,91,4,393,0,38,212,291,3,T,91,0,593,0,216,191,104,12,0,0,-4,200,0,178,-21,-187,9
14823,4.47,Z,16,1,159,0,773,65,69,3,Z,18,1,49,0,9,43,177,1,0,2,0,-110,0,-764,-22,108,-2
14824,9.59,T,94,0,501,0,93,263,97,6,T,109,0,680,0,304,399,95,29,1,15,0,179,0,211,136,-2,23
14825,4.27,P,14,0,332,0,0,26,17,0,P,15,2,95,0,1,60,26,0,1,1,2,-237,0,1,34,9,0
14826,7.19,Z,40,0,419,0,59,144,173,9,T,47,0,461,0,175,180,120,8,0,7,0,42,0,116,36,-53,-1
14827,5.15,T,28,0,391,0,29,21,38,2,P,24,0,177,0,140,93,92,3,0,-4,0,-214,0,111,72,54,1
14828,8.23,Z,46,9,451,2,156,307,294,5,Z,48,5,408,0,84,221,260,1,1,2,-4,-43,-2,-72,-86,-34,-4
14829,6.34,Z,29,2,394,0,9,125,109,0,T,32,0,310,0,0,63,55,1,1,3,-2,-84,0,-9,-62,-54,1
14830,9.08,T,58,0,404,0,51,138,144,3,P,64,0,465,0,228,253,90,4,0,6,0,61,0,177,115,-54,1
14831,7.51,T,43,2,376,0,51,104,111,3,T,71,0,533,0,412,184,117,8,1,28,-2,157,0,361,80,6,5
14832,9.59,P,61,3,434,0,39,142,60,2,P,36,0,544,0,29,208,46,9,0,-25,-3,110,0,-10,66,-14,7
14833,9.59,Z,61,0,565,0,37,133,180,3,T,87,0,656,0,28,398,94,2,1,26,0,91,0,-9,265,-86,-1
14834,4.15,T,13,0,397,0,0,47,35,0,T,24,0,250,0,12,22,35,2,1,11,0,-147,0,12,-25,0,2
14835,6.15,T,50,3,240,0,30,146,87,2,Z,20,2,118,0,18,64,71,3,0,-30,-1,-122,0,-12,-82,-16,1
14836,7.15,P,22,1,331,0,5,67,56,1,T,48,9,465,0,275,189,175,0,1,26,8,134,0,270,122,119,-1
14837,9.59,P,59,0,466,0,151,193,124,5,Z,62,3,917,0,37,156,185,0,0,3,3,451,0,-114,-37,61,-5
14838,8.54,Z,51,3,911,0,27,82,138,0,T,76,0,429,0,42,159,63,10,1,25,-3,-482,0,15,77,-75,10
14839,4.48,Z,22,2,276,0,23,93,138,2,T,29,0,482,0,18,66,49,3,0,7,-2,206,0,-5,-27,-89,1
14840,9.59,T,77,4,321,0,11,210,59,0,Z,52,12,515,0,54,286,220,1,1,-25,8,194,0,43,76,161,1
14841,7.49,T,24,0,103,0,0,9,51,1,T,27,0,364,0,2,10,28,2,1,3,0,261,0,2,1,-23,1
14842,3.14,P,15,0,80,0,236,88,102,7,P,13,2,67,0,101,80,52,0,1,-2,2,-13,0,-135,-8,-50,-7
14843,9.58,P,62,9,690,0,82,213,88,6,T,40,0,462,0,0,119,78,0,0,-22,-9,-228,0,-82,-94,-10,-6
14844,9.58,Z,48,3,366,0,65,212,176,1,Z,42,0,655,0,147,228,177,9,1,-6,-3,289,0,82,16,1,8
14845,6.1,Z,24,0,171,0,24,82,141,4,P,22,0,220,0,0,34,34,0,0,-2,0,49,0,-24,-48,-107,-4
14846,6.14,T,39,0,337,0,249,157,54,11,T,35,7,278,0,14,105,72,2,0,-4,7,-59,0,-235,-52,18,-9
14847,9.58,T,86,3,373,0,42,102,89,4,Z,70,1,342,0,22,58,222,0,1,-16,-2,-31,0,-20,-44,133,-4
14848,9.59,T,63,0,477,0,29,114,105,7,T,58,0,789,10,53,123,92,1,0,-5,0,312,10,24,9,-13,-6
14849,8.08,Z,61,4,381,0,535,237,304,3,T,81,0,570,0,119,294,102,9,0,20,-4,189,0,-416,57,-202,6
14850,7.55,T,68,5,384,0,422,122,112,1,Z,61,8,285,0,276,170,178,4,1,-7,3,-99,0,-146,48,66,3
14851,10.24,T,60,7,300,0,9,139,88,3,T,59,5,469,0,13,73,100,0,1,-1,-2,169,0,4,-66,12,-3
14852,6.04,T,22,0,375,0,0,39,50,1,T,19,0,232,0,0,16,33,0,0,-3,0,-143,0,0,-23,-17,-1
14853,3.16,P,13,0,215,0,12,128,44,2,Z,13,1,251,0,5,80,58,2,1,0,1,36,0,-7,-48,14,0
14854,2.35,Z,6,0,104,0,14,38,34,4,P,9,0,145,0,17,65,13,1,0,3,0,41,0,3,27,-21,-3
14855,9.59,P,102,2,431,2,125,401,132,15,Z,114,12,713,0,267,254,347,6,1,12,10,282,-2,142,-147,215,-9
14856,3.17,T,19,0,122,0,1,39,144,1,P,14,0,108,0,26,89,38,1,0,-5,0,-14,0,25,50,-106,0
14857,9.59,Z,43,3,403,0,101,158,172,2,P,43,0,647,0,8,235,107,7,0,0,-3,244,0,-93,77,-65,5
14858,4.2,T,16,0,327,0,2,17,41,2,Z,20,0,213,0,120,85,60,6,0,4,0,-114,0,118,68,19,4
14859,9.59,T,51,2,874,0,8,72,116,7,P,52,13,606,0,35,245,148,7,1,1,11,-268,0,27,173,32,0
14860,2.45,T,8,4,71,0,19,79,16,2,T,11,0,122,0,0,30,21,0,0,3,-4,51,0,-19,-49,5,-2
14861,9.59,T,116,9,632,0,136,302,156,7,T,82,0,523,0,102,338,126,8,1,-34,-9,-109,0,-34,36,-30,1
14862,8.2,Z,60,4,336,0,762,224,231,7,Z,47,2,471,0,20,111,142,0,1,-13,-2,135,0,-742,-113,-89,-7
14863,2.47,P,12,0,173,0,0,44,19,0,P,6,0,57,0,0,39,22,0,1,-6,0,-116,0,0,-5,3,0
14864,7.53,P,30,6,383,0,13,140,60,0,T,49,0,390,0,5,86,86,2,1,19,-6,7,0,-8,-54,26,2
14865,9.59,T,92,0,799,0,35,230,102,11,Z,86,3,254,0,98,220,273,3,1,-6,3,-545,0,63,-10,171,-8
14866,9.36,P,85,10,558,0,279,216,98,8,P,80,7,399,0,157,280,120,5,0,-5,-3,-159,0,-122,64,22,-3
14867,8.01,P,56,0,365,0,55,93,83,7,T,66,0,562,0,134,217,159,7,0,10,0,197,0,79,124,76,0
14868,6.13,P,31,0,322,0,9,118,51,2,Z,23,9,261,0,32,82,121,1,1,-8,9,-61,0,23,-36,70,-1
14869,9.58,T,83,1,517,0,490,149,175,10,T,56,4,560,0,65,151,64,5,1,-27,3,43,0,-425,2,-111,-5
14870,6.57,T,55,0,345,0,633,248,148,12,Z,57,5,245,0,280,178,142,3,1,2,5,-100,0,-353,-70,-6,-9
14871,1.41,Z,5,0,58,0,75,27,88,1,Z,3,0,8,0,0,16,31,0,0,-2,0,-50,0,-75,-11,-57,-1
14872,5.08,T,25,5,213,0,194,90,76,0,T,27,4,223,0,1,28,55,0,1,2,-1,10,0,-193,-62,-21,0
14873,6.53,Z,40,0,194,0,48,104,150,4,P,32,0,321,0,1,251,66,1,0,-8,0,127,0,-47,147,-84,-3
14874,8.16,T,92,0,718,0,203,308,234,12,Z,74,8,329,0,562,264,210,2,1,-18,8,-389,0,359,-44,-24,-10
14875,9.59,T,72,0,475,0,96,175,114,3,T,90,0,581,0,140,350,146,3,1,18,0,106,0,44,175,32,0
14876,9.38,Z,85,9,634,0,396,228,242,4,T,117,3,520,0,177,213,138,4,0,32,-6,-114,0,-219,-15,-104,0
14877,5.2,P,24,0,239,0,237,176,193,9,P,26,0,607,0,1,111,91,1,0,2,0,368,0,-236,-65,-102,-8
14878,2.28,T,11,0,140,0,18,28,22,1,Z,8,1,73,0,76,56,28,6,1,-3,1,-67,0,58,28,6,5
14879,4.2,P,27,1,111,0,266,83,131,6,P,19,1,94,0,7,72,38,1,1,-8,0,-17,0,-259,-11,-93,-5
14880,5.54,P,31,0,394,0,13,186,61,6,P,25,4,144,0,32,78,71,0,1,-6,4,-250,0,19,-108,10,-6
14881,5.19,P,34,0,266,0,55,117,139,7,T,29,0,454,0,350,88,127,3,0,-5,0,188,0,295,-29,-12,-4
14882,7.29,Z,71,5,689,0,131,106,180,11,Z,50,0,442,0,120,162,253,6,0,-21,-5,-247,0,-11,56,73,-5
14883,7.53,Z,28,0,608,0,3,132,185,4,T,49,4,670,0,4,57,70,0,1,21,4,62,0,1,-75,-115,-4
14884,6.29,P,30,2,449,0,37,195,88,4,Z,28,0,258,0,5,91,177,3,0,-2,-2,-191,0,-32,-104,89,-1
14885,5.44,P,24,5,462,0,9,44,33,0,P,23,1,174,0,0,168,124,1,1,-1,-4,-288,0,-9,124,91,1
14886,8.18,Z,66,0,334,0,85,218,198,2,T,69,7,631,0,143,123,92,2,1,3,7,297,0,58,-95,-106,0
14887,6.04,P,39,2,312,0,597,78,151,7,T,37,8,383,0,791,127,191,3,0,-2,6,71,0,194,49,40,-4
14888,8.02,Z,31,3,446,0,19,58,121,3,T,37,0,525,0,0,185,91,0,1,6,-3,79,0,-19,127,-30,-3
14889,5.32,Z,27,1,409,0,23,73,115,3,P,37,2,309,0,91,104,57,1,1,10,1,-100,0,68,31,-58,-2
14890,7.32,P,26,5,405,0,7,127,46,1,P,38,0,333,0,0,170,120,0,1,12,-5,-72,0,-7,43,74,-1
14891,5.45,T,27,0,204,0,37,184,63,10,Z,34,0,171,0,200,144,153,8,1,7,0,-33,0,163,-40,90,-2
14892,10.06,P,63,0,386,0,94,363,100,7,Z,65,0,626,0,6,282,175,12,0,2,0,240,0,-88,-81,75,5
14893,3.24,T,13,0,161,0,13,75,19,1,T,17,1,227,0,121,67,76,6,0,4,1,66,0,108,-8,57,5
14894,3.4,T,13,0,213,0,37,43,36,3,Z,13,0,143,0,0,14,60,0,1,0,0,-70,0,-37,-29,24,-3
14895,8.19,P,49,0,626,0,8,130,149,3,P,52,0,317,0,49,98,88,6,0,3,0,-309,0,41,-32,-61,3
14896,9.59,T,61,0,570,0,0,114,95,2,Z,78,3,410,0,276,192,488,8,0,17,3,-160,0,276,78,393,6
14897,9.59,Z,44,0,425,0,29,57,156,2,Z,64,11,412,1,50,186,267,1,1,20,11,-13,1,21,129,111,-1
14898,10.3,P,34,0,364,0,6,133,65,2,T,70,0,688,0,8,99,141,2,1,36,0,324,0,2,-34,76,0
14899,9.11,Z,68,2,193,0,135,163,263,3,T,48,0,414,0,8,110,96,4,0,-20,-2,221,0,-127,-53,-167,1
14900,7.53,Z,44,1,313,0,270,48,120,4,P,31,0,515,0,17,102,36,5,0,-13,-1,202,0,-253,54,-84,1
14901,4.11,Z,17,2,228,0,10,48,48,0,Z,17,1,252,0,6,49,89,1,0,0,-1,24,0,-4,1,41,1
14902,9.39,T,66,0,457,0,9,183,123,7,T,85,0,237,0,188,241,105,11,1,19,0,-220,0,179,58,-18,4
14903,9.59,T,44,0,776,0,0,41,76,3,P,43,0,624,0,11,17,57,3,1,-1,0,-152,0,11,-24,-19,0
14904,9.49,T,50,0,772,0,1,103,99,6,T,51,2,805,0,2,130,100,3,1,1,2,33,0,1,27,1,-3
14905,6.52,P,46,0,269,0,39,106,42,15,T,55,0,495,0,80,184,71,15,0,9,0,226,0,41,78,29,0
14906,5.49,Z,36,6,162,0,329,199,279,0,T,63,0,301,0,232,158,148,14,0,27,-6,139,0,-97,-41,-131,14
14907,6.59,P,60,0,354,0,191,258,161,9,T,68,0,456,0,195,262,55,12,0,8,0,102,0,4,4,-106,3
14908,6.46,Z,41,4,435,0,109,435,217,4,T,37,0,353,0,25,93,82,3,1,-4,-4,-82,0,-84,-342,-135,-1
14909,7.25,P,102,0,437,0,282,273,63,11,Z,48,1,474,0,59,131,145,3,1,-54,1,37,0,-223,-142,82,-8
14910,10.33,P,66,4,817,0,73,161,86,4,Z,55,3,291,0,24,21,124,2,0,-11,-1,-526,0,-49,-140,38,-2
14911,4.14,Z,23,1,158,0,23,54,68,2,Z,21,0,154,0,12,52,56,4,0,-2,-1,-4,0,-11,-2,-12,2
14912,3.48,Z,15,1,69,0,1,26,53,0,P,17,0,179,0,0,73,23,3,0,2,-1,110,0,-1,47,-30,3
14913,6.12,T,40,0,233,0,143,86,49,11,T,41,0,512,0,15,27,35,5,0,1,0,279,0,-128,-59,-14,-6
14914,9.59,T,109,0,549,0,436,273,128,17,P,78,0,652,0,48,161,96,5,0,-31,0,103,0,-388,-112,-32,-12
14915,3.17,Z,13,1,109,0,17,15,42,0,Z,14,0,87,0,15,79,67,1,1,1,-1,-22,0,-2,64,25,1
14916,4.34,P,19,0,152,0,56,55,25,1,P,16,0,235,0,3,77,196,2,0,-3,0,83,0,-53,22,171,1
14917,9.59,Z,69,1,536,0,28,74,175,0,Z,54,0,164,0,0,34,188,0,1,-15,-1,-372,0,-28,-40,13,0
14918,8,T,74,0,528,0,553,221,156,16,P,61,0,707,0,392,169,148,14,1,-13,0,179,0,-161,-52,-8,-2
14919,9.38,P,33,0,774,0,11,61,47,2,Z,36,2,386,0,25,40,120,0,1,3,2,-388,0,14,-21,73,-2
14920,5.06,Z,15,2,77,0,13,97,77,0,Z,17,0,122,0,0,18,87,0,1,2,-2,45,0,-13,-79,10,0
14921,9.54,T,75,4,370,0,9,285,159,0,P,59,1,569,0,27,315,70,3,0,-16,-3,199,0,18,30,-89,3
14922,3.16,T,15,0,59,0,40,25,26,3,T,16,0,131,0,4,99,24,1,1,1,0,72,0,-36,74,-2,-2
14923,9.49,P,100,0,435,0,669,290,147,18,T,126,0,668,0,239,223,213,18,1,26,0,233,0,-430,-67,66,0
14924,4.56,T,23,4,166,0,0,82,67,0,P,23,0,257,0,95,143,100,7,1,0,-4,91,0,95,61,33,7
14925,6.33,T,33,0,616,0,0,50,78,1,P,44,6,337,0,190,121,54,3,0,11,6,-279,0,190,71,-24,2
14926,6.5,T,28,0,330,0,0,87,61,0,T,25,0,422,0,1,80,55,1,0,-3,0,92,0,1,-7,-6,1
14927,10.08,P,47,0,640,0,5,242,77,1,T,73,8,840,0,149,175,98,1,1,26,8,200,0,144,-67,21,0
14928,9.57,Z,62,0,625,0,36,105,127,6,P,49,0,506,0,0,187,235,0,1,-13,0,-119,0,-36,82,108,-6
14929,4.32,Z,20,3,135,0,13,32,54,0,T,13,3,152,0,14,78,30,2,0,-7,0,17,0,1,46,-24,2
14930,6.46,T,49,13,289,0,477,272,85,6,P,29,0,283,0,53,164,40,3,0,-20,-13,-6,0,-424,-108,-45,-3
14931,9.52,Z,116,8,438,0,306,401,336,10,T,110,5,906,0,204,219,128,4,1,-6,-3,468,0,-102,-182,-208,-6
14932,4.5,Z,18,0,185,0,12,188,91,1,Z,32,0,175,0,3,146,77,3,1,14,0,-10,0,-9,-42,-14,2
14933,7.5,P,34,0,447,0,39,335,112,7,T,40,1,258,0,43,239,91,7,0,6,1,-189,0,4,-96,-21,0
14934,9.02,T,57,6,756,0,60,132,80,0,P,48,1,362,0,16,66,46,1,0,-9,-5,-394,0,-44,-66,-34,1
14935,3.28,P,16,2,223,0,366,97,97,3,Z,11,0,159,0,37,41,50,6,1,-5,-2,-64,0,-329,-56,-47,3
14936,4.15,T,37,2,126,0,236,114,117,3,Z,17,0,110,0,44,61,53,3,0,-20,-2,-16,0,-192,-53,-64,0
14937,8.4,P,21,0,128,0,0,67,40,0,Z,36,0,183,0,21,29,100,1,1,15,0,55,0,21,-38,60,1
14938,2.1,Z,9,0,49,0,26,31,97,2,Z,7,0,63,0,1,56,42,8,1,-2,0,14,0,-25,25,-55,6
14939,7.56,P,65,4,488,0,107,205,105,8,T,91,3,269,1,549,169,140,12,1,26,-1,-219,1,442,-36,35,4
14940,7.46,Z,69,3,370,0,882,177,251,1,T,81,3,368,0,670,359,174,5,0,12,0,-2,0,-212,182,-77,4
14941,9.25,Z,54,8,167,0,36,185,187,3,Z,50,2,445,0,11,92,118,0,0,-4,-6,278,0,-25,-93,-69,-3
14942,5.54,T,32,6,380,0,22,65,34,0,T,29,0,309,0,0,71,164,3,0,-3,-6,-71,0,-22,6,130,3
14943,10.07,P,57,1,711,0,7,248,120,0,Z,46,0,412,4,27,110,173,0,1,-11,-1,-299,4,20,-138,53,0
14944,1.29,Z,4,0,147,0,45,28,58,3,Z,2,0,1,0,0,4,124,1,1,-2,0,-146,0,-45,-24,66,-2
14945,4.04,T,22,2,126,28,113,67,125,1,Z,18,0,209,0,30,33,79,1,1,-4,-2,83,-28,-83,-34,-46,0
14946,3.12,Z,13,0,102,0,158,42,53,9,P,20,1,87,0,58,112,22,4,0,7,1,-15,0,-100,70,-31,-5
14947,7.25,P,61,3,315,0,166,210,159,4,T,39,8,815,0,50,148,125,3,0,-22,5,500,0,-116,-62,-34,-1
14948,9.59,T,23,0,565,0,0,28,57,2,P,25,0,578,0,0,54,46,1,1,2,0,13,0,0,26,-11,-1
14949,9.58,Z,77,2,639,0,125,165,288,0,T,98,0,476,2,468,280,161,12,1,21,-2,-163,2,343,115,-127,12
14950,9.58,T,71,0,522,0,17,129,121,13,Z,78,5,646,0,294,162,224,1,1,7,5,124,0,277,33,103,-12
14951,6.41,Z,42,0,771,0,63,76,161,2,P,55,2,416,0,125,200,110,28,0,13,2,-355,0,62,124,-51,26
14952,10.34,Z,37,0,1129,0,18,72,137,1,P,34,0,699,0,0,228,80,0,0,-3,0,-430,0,-18,156,-57,-1
14953,6.43,T,37,0,559,0,6,146,68,3,P,46,3,306,0,47,151,48,2,1,9,3,-253,0,41,5,-20,-1
14954,9.59,T,93,0,590,0,98,307,181,7,Z,52,0,408,0,60,121,192,4,0,-41,0,-182,0,-38,-186,11,-3
14955,7.53,Z,40,0,289,0,0,99,119,0,T,42,2,467,0,318,131,50,3,1,2,2,178,0,318,32,-69,3
14956,9.42,P,86,13,508,0,402,227,108,7,T,87,0,654,0,95,134,181,12,1,1,-13,146,0,-307,-93,73,5
14957,6.14,T,41,2,378,0,15,123,97,3,Z,46,7,428,2,19,149,193,3,1,5,5,50,2,4,26,96,0
14958,5.37,P,54,1,235,0,364,203,92,8,Z,29,1,170,0,45,85,111,0,1,-25,0,-65,0,-319,-118,19,-8
14959,4.14,Z,20,3,124,0,79,139,102,9,Z,25,0,279,0,329,135,156,9,1,5,-3,155,0,250,-4,54,0
14960,6.48,P,38,6,447,0,11,201,64,0,P,25,0,456,0,0,51,55,1,0,-13,-6,9,0,-11,-150,-9,1
14961,3.22,P,18,1,93,0,9,61,29,0,T,21,0,102,0,29,131,30,5,0,3,-1,9,0,20,70,1,5
14962,7.13,T,53,4,371,0,131,353,68,6,P,47,2,592,0,177,219,93,0,0,-6,-2,221,0,46,-134,25,-6
14963,7.14,T,56,0,232,0,206,167,137,12,T,52,0,303,0,276,155,88,8,1,-4,0,71,0,70,-12,-49,-4
14964,10.41,Z,83,0,777,0,334,373,439,10,T,171,4,426,32,216,295,297,10,1,88,4,-351,32,-118,-78,-142,0
14965,2.51,P,13,0,123,0,283,44,10,3,T,9,1,263,0,2,52,11,1,1,-4,1,140,0,-281,8,1,-2
14966,4.46,P,21,0,249,0,20,64,43,1,T,24,2,192,0,340,121,101,6,0,3,2,-57,0,320,57,58,5
14967,9.59,Z,58,11,528,0,33,207,230,0,P,56,0,367,0,87,113,43,11,1,-2,-11,-161,0,54,-94,-187,11
14968,8.43,Z,59,8,259,0,240,159,131,6,T,59,0,289,0,80,129,57,3,0,0,-8,30,0,-160,-30,-74,-3
14969,10.07,Z,29,1,261,0,0,238,168,0,Z,33,0,260,0,0,197,140,0,0,4,-1,-1,0,0,-41,-28,0
14970,9.59,P,43,0,673,0,6,104,101,4,P,47,6,1005,0,19,110,69,0,0,4,6,332,0,13,6,-32,-4
14971,4.14,P,15,0,320,0,26,106,56,4,T,20,0,140,0,333,82,138,1,1,5,0,-180,0,307,-24,82,-3
14972,5.08,T,33,1,339,0,13,155,47,1,T,33,0,164,0,357,169,42,5,0,0,-1,-175,0,344,14,-5,4
14973,6.27,Z,42,6,409,0,22,42,121,0,Z,33,0,353,0,331,125,114,7,1,-9,-6,-56,0,309,83,-7,7
14974,9.58,Z,57,2,689,0,22,99,171,0,T,76,5,642,0,37,166,82,3,0,19,3,-47,0,15,67,-89,3
14975,3.51,T,18,2,178,0,8,34,42,0,T,27,0,110,0,453,57,38,8,1,9,-2,-68,0,445,23,-4,8
14976,10.38,Z,69,0,813,0,44,67,177,3,P,50,2,788,0,1,72,84,0,0,-19,2,-25,0,-43,5,-93,-3
14977,9.58,T,26,0,582,0,14,27,43,3,T,45,2,795,2,18,124,156,5,0,19,2,213,2,4,97,113,2
14978,6.43,T,28,0,436,0,11,119,64,2,P,27,2,312,0,7,92,36,1,0,-1,2,-124,0,-4,-27,-28,-1
14979,9.56,T,35,0,278,0,1,106,67,1,P,20,0,300,0,0,35,47,0,0,-15,0,22,0,-1,-71,-20,-1
14980,4.25,P,12,0,128,0,0,132,10,0,Z,22,1,456,0,3,109,97,1,1,10,1,328,0,3,-23,87,1
14981,2.42,T,8,0,166,0,12,57,50,5,T,13,0,162,0,19,64,21,7,1,5,0,-4,0,7,7,-29,2
14982,6.12,T,25,0,173,0,0,14,52,0,T,26,0,438,0,1,92,47,3,0,1,0,265,0,1,78,-5,3
14983,10.37,P,38,0,721,0,0,152,57,0,P,70,20,756,0,111,214,90,1,1,32,20,35,0,111,62,33,1
14984,8.51,Z,61,0,688,0,47,183,163,6,Z,47,1,386,0,276,303,454,2,1,-14,1,-302,0,229,120,291,-4
14985,9.28,Z,71,15,440,0,792,365,506,1,T,117,2,612,0,232,224,201,12,1,46,-13,172,0,-560,-141,-305,11
14986,8.14,Z,34,0,157,0,0,52,96,0,T,76,0,667,0,90,174,92,4,1,42,0,510,0,90,122,-4,4
14987,6.1,Z,24,0,173,0,75,84,197,7,Z,29,2,357,0,2,50,94,0,0,5,2,184,0,-73,-34,-103,-7
14988,9.59,T,70,5,826,0,15,154,130,9,Z,50,1,817,1,12,149,186,0,1,-20,-4,-9,1,-3,-5,56,-9
14989,9.59,T,89,4,701,0,160,255,159,12,Z,78,7,644,0,116,142,245,7,1,-11,3,-57,0,-44,-113,86,-5
14990,9.59,Z,74,1,529,0,44,172,230,0,P,64,5,342,0,209,361,125,4,1,-10,4,-187,0,165,189,-105,4
14991,8.54,Z,78,1,791,0,273,180,211,4,T,98,0,404,0,639,217,139,14,0,20,-1,-387,0,366,37,-72,10
14992,4.33,P,19,2,419,0,3,33,19,0,Z,20,1,529,0,45,81,86,1,0,1,-1,110,0,42,48,67,1
14993,9.4,P,60,0,528,0,26,137,71,4,Z,50,7,530,0,16,80,137,3,0,-10,7,2,0,-10,-57,66,-1
14994,6.33,Z,63,0,222,0,20,160,336,8,P,51,0,374,0,20,119,140,2,1,-12,0,152,0,0,-41,-196,-6
14995,5.58,T,31,0,597,0,6,91,59,4,T,20,0,219,0,116,50,20,6,0,-11,0,-378,0,110,-41,-39,2
14996,7.07,Z,30,0,472,0,21,57,92,15,T,36,4,355,0,16,117,74,6,0,6,4,-117,0,-5,60,-18,-9
14997,9.59,T,86,0,695,0,48,225,129,5,T,97,15,619,0,699,393,294,8,1,11,15,-76,0,651,168,165,3
14998,9.59,P,61,8,555,0,107,271,88,3,T,48,0,595,0,0,113,66,2,1,-13,-8,40,0,-107,-158,-22,-1
14999,8.12,T,64,3,303,0,101,142,127,4,P,35,0,620,0,23,183,89,5,1,-29,-3,317,0,-78,41,-38,1
15000,8.14,P,56,0,370,0,95,219,71,5,Z,63,3,972,0,204,161,269,3,1,7,3,602,0,109,-58,198,-2
15001,7.4,T,61,1,426,0,242,247,247,6,P,35,2,386,0,9,75,60,0,0,-26,1,-40,0,-233,-172,-187,-6
15002,9.59,P,62,2,684,0,42,207,69,3,T,73,0,314,0,14,55,94,3,0,11,-2,-370,0,-28,-152,25,0
15003,8.06,Z,28,2,446,0,24,34,117,3,Z,15,2,563,0,5,21,91,0,0,-13,0,117,0,-19,-13,-26,-3
15004,2.54,T,8,2,280,1,61,48,26,0,T,6,0,222,0,0,49,18,0,1,-2,-2,-58,-1,-61,1,-8,0
15005,9.59,P,59,0,250,0,13,221,64,11,P,65,0,330,0,828,361,135,11,0,6,0,80,0,815,140,71,0
15006,5.31,Z,39,4,188,0,121,135,202,4,T,55,0,270,0,260,175,44,10,0,16,-4,82,0,139,40,-158,6
15007,6.15,T,53,0,502,0,185,105,49,6,P,44,0,304,0,268,210,88,14,1,-9,0,-198,0,83,105,39,8
15008,9.59,T,85,0,596,0,131,380,205,11,P,73,7,429,0,182,246,91,3,0,-12,7,-167,0,51,-134,-114,-8
15009,3.24,P,11,0,108,0,0,25,13,0,Z,16,0,236,0,1,22,56,5,1,5,0,128,0,1,-3,43,5
15010,1.49,T,7,2,52,0,0,44,5,0,P,3,0,53,0,1,30,4,3,1,-4,-2,1,0,1,-14,-1,3
15011,9.58,T,64,12,609,4,89,136,119,4,Z,57,0,246,0,0,158,238,0,1,-7,-12,-363,-4,-89,22,119,-4
15012,9.58,P,43,10,251,0,59,94,76,4,T,78,0,705,0,40,162,123,5,0,35,-10,454,0,-19,68,47,1
15013,9.58,Z,69,5,553,1,86,200,260,5,T,89,3,724,0,274,271,98,2,1,20,-2,171,-1,188,71,-162,-3
15014,9.58,Z,74,0,365,0,96,187,324,8,T,81,0,405,0,54,257,186,7,0,7,0,40,0,-42,70,-138,-1
15015,9.59,Z,68,7,746,0,65,115,191,4,T,80,14,581,0,50,211,120,2,0,12,7,-165,0,-15,96,-71,-2
15016,6.4,T,23,0,304,0,0,129,159,0,Z,31,0,62,0,6,33,137,5,1,8,0,-242,0,6,-96,-22,5
15017,9.59,Z,77,0,694,0,110,190,302,4,T,83,0,540,0,63,107,132,23,1,6,0,-154,0,-47,-83,-170,19
15018,7.01,P,58,0,451,0,184,206,273,3,Z,39,0,311,0,40,47,99,2,0,-19,0,-140,0,-144,-159,-174,-1
15019,10.27,P,78,0,419,0,259,269,149,16,Z,51,0,760,0,107,441,267,8,1,-27,0,341,0,-152,172,118,-8
15020,10.16,P,50,0,808,0,0,33,78,0,P,31,0,492,0,0,51,42,0,1,-19,0,-316,0,0,18,-36,0
15021,10.09,Z,81,0,366,0,35,112,250,2,T,41,0,411,0,0,46,65,0,0,-40,0,45,0,-35,-66,-185,-2
15022,8.47,Z,59,3,562,0,65,390,198,6,T,119,0,394,0,605,377,89,10,1,60,-3,-168,0,540,-13,-109,4
15023,2.41,T,13,0,137,0,0,40,17,0,P,10,0,62,0,1,79,10,0,1,-3,0,-75,0,1,39,-7,0
15024,3.46,P,22,0,147,0,11,94,22,2,P,23,0,194,0,18,114,88,2,0,1,0,47,0,7,20,66,0
15025,10.11,Z,61,1,484,0,30,263,231,3,P,66,0,775,0,192,207,90,13,0,5,-1,291,0,162,-56,-141,10
15026,5.56,T,42,0,183,0,340,193,150,9,Z,30,0,70,0,50,26,79,4,0,-12,0,-113,0,-290,-167,-71,-5
15027,6.09,T,31,0,260,0,0,50,59,1,P,26,0,486,0,0,18,39,1,0,-5,0,226,0,0,-32,-20,0
15028,1.46,P,6,0,77,0,0,24,5,0,P,3,1,111,0,3,11,6,0,1,-3,1,34,0,3,-13,1,0
15029,4.44,Z,31,0,174,0,205,98,102,6,P,30,0,323,0,138,136,41,5,0,-1,0,149,0,-67,38,-61,-1
15030,1.57,Z,12,0,65,0,5,15,41,0,Z,4,1,30,0,5,12,17,1,1,-8,1,-35,0,0,-3,-24,1
15031,6.5,P,79,0,327,0,318,166,69,12,Z,44,0,258,20,117,103,207,0,0,-35,0,-69,20,-201,-63,138,-12
15032,9.38,T,134,8,394,0,304,352,129,9,T,125,0,627,0,230,346,133,14,1,-9,-8,233,0,-74,-6,4,5
15033,9.59,T,88,10,802,0,57,417,161,8,T,72,0,374,0,112,235,124,3,0,-16,-10,-428,0,55,-182,-37,-5
15034,10.1,Z,28,2,673,0,31,93,136,1,P,58,0,890,0,46,274,95,7,0,30,-2,217,0,15,181,-41,6
15035,7.18,T,56,0,157,0,11,134,115,3,T,41,0,447,0,3,198,79,2,0,-15,0,290,0,-8,64,-36,-1
15036,4.48,P,30,0,206,0,21,123,63,3,Z,22,0,251,0,110,77,92,3,1,-8,0,45,0,89,-46,29,0
15037,2.39,Z,11,2,39,0,62,20,69,2,T,10,0,113,0,60,76,43,4,1,-1,-2,74,0,-2,56,-26,2
15038,9.23,Z,50,4,379,0,31,111,166,2,T,98,2,369,0,156,249,129,8,1,48,-2,-10,0,125,138,-37,6
15039,9.53,P,58,0,692,0,88,213,223,2,Z,67,0,576,0,46,272,249,5,1,9,0,-116,0,-42,59,26,3
15040,9.59,Z,48,2,369,0,307,134,189,4,P,74,19,647,0,828,187,92,4,0,26,17,278,0,521,53,-97,0
15041,3,P,11,0,88,0,137,56,157,5,Z,11,0,61,0,4,24,48,2,0,0,0,-27,0,-133,-32,-109,-3
15042,7.05,P,37,4,227,0,21,211,102,0,T,52,4,409,0,386,105,113,9,1,15,0,182,0,365,-106,11,9
15043,4.19,P,21,1,169,0,156,80,52,7,P,16,0,165,0,54,113,44,9,0,-5,-1,-4,0,-102,33,-8,2
15044,8.44,T,114,1,415,0,539,242,163,7,Z,91,0,753,0,90,271,236,6,0,-23,-1,338,0,-449,29,73,-1
15045,4.2,Z,20,3,99,0,8,70,90,1,T,16,1,229,0,13,77,17,3,0,-4,-2,130,0,5,7,-73,2
15046,9.56,P,37,2,244,6,17,177,71,0,T,34,0,680,0,11,37,43,3,0,-3,-2,436,-6,-6,-140,-28,3
15047,4.09,Z,23,1,262,0,120,98,99,4,T,22,4,405,0,153,72,73,1,0,-1,3,143,0,33,-26,-26,-3
15048,9.34,T,61,6,232,0,47,126,83,8,Z,63,3,559,0,211,264,218,6,1,2,-3,327,0,164,138,135,-2
15049,10.15,T,106,2,878,0,38,219,81,0,Z,44,0,340,0,0,140,151,0,0,-62,-2,-538,0,-38,-79,70,0
15050,7.08,P,35,1,346,0,29,160,60,3,T,24,0,573,0,0,186,90,0,0,-11,-1,227,0,-29,26,30,-3
15051,4.59,P,17,0,141,0,198,153,85,4,Z,33,1,310,4,109,168,115,0,0,16,1,169,4,-89,15,30,-4
15052,6.58,P,26,0,266,0,0,13,24,0,Z,24,0,462,0,11,29,84,1,0,-2,0,196,0,11,16,60,1
15053,5.15,P,25,0,239,0,67,76,87,4,T,42,3,306,0,43,89,34,0,0,17,3,67,0,-24,13,-53,-4
15054,4.23,P,29,1,295,12,73,146,59,3,T,23,0,220,0,99,55,82,7,0,-6,-1,-75,-12,26,-91,23,4
15055,6.07,P,19,0,185,0,1,55,22,2,P,22,0,490,0,0,116,43,0,0,3,0,305,0,-1,61,21,-2
15056,8.22,Z,75,3,415,0,520,350,213,8,T,91,2,322,0,426,231,88,4,0,16,-1,-93,0,-94,-119,-125,-4
15057,6.28,Z,24,3,73,0,52,24,167,1,P,30,5,489,0,28,46,36,0,1,6,2,416,0,-24,22,-131,-1
15058,9.52,P,29,0,693,0,0,65,55,0,T,43,0,599,0,0,75,131,0,1,14,0,-94,0,0,10,76,0
15059,9.59,P,107,0,509,0,176,407,161,18,Z,84,9,550,2,158,223,295,6,1,-23,9,41,2,-18,-184,134,-12
15060,9.59,T,53,0,728,0,1,78,94,1,Z,51,6,883,0,50,166,196,0,1,-2,6,155,0,49,88,102,-1
15061,1.55,T,10,0,43,0,135,90,46,7,T,7,0,138,0,175,37,36,2,0,-3,0,95,0,40,-53,-10,-5
15062,10.13,P,54,6,775,0,8,99,103,0,P,44,1,713,14,94,240,107,0,0,-10,-5,-62,14,86,141,4,0
15063,9.35,T,91,0,444,0,610,289,295,8,T,92,0,382,0,335,181,153,11,0,1,0,-62,0,-275,-108,-142,3
15064,5.34,T,41,0,148,0,30,242,72,4,T,42,0,263,0,553,219,120,7,1,1,0,115,0,523,-23,48,3
15065,5.08,P,20,0,340,0,0,33,50,0,Z,22,2,213,2,20,46,71,0,1,2,2,-127,2,20,13,21,0
15066,4.18,Z,23,1,229,0,18,21,61,0,P,15,0,270,0,102,90,28,2,0,-8,-1,41,0,84,69,-33,2
15067,7.57,Z,37,0,379,12,297,80,370,0,T,70,6,391,0,584,192,164,6,1,33,6,12,-12,287,112,-206,6
15068,10.01,T,106,4,443,0,883,137,168,6,T,77,0,430,0,359,231,247,10,1,-29,-4,-13,0,-524,94,79,4
15069,4.39,Z,13,0,271,0,0,14,52,2,P,14,0,124,0,279,17,11,3,0,1,0,-147,0,279,3,-41,1
15070,6.38,P,37,0,169,0,64,211,159,7,T,63,2,546,0,98,129,119,4,1,26,2,377,0,34,-82,-40,-3
15071,6.13,T,27,0,375,0,3,41,74,1,Z,23,0,600,0,16,12,80,9,0,-4,0,225,0,13,-29,6,8
15072,9.58,Z,35,0,458,0,0,93,106,0,Z,44,0,393,0,32,69,157,3,1,9,0,-65,0,32,-24,51,3
15073,9.56,P,60,1,716,0,24,303,99,8,P,67,4,834,0,72,262,425,9,1,7,3,118,0,48,-41,326,1
15074,7.39,T,50,0,479,0,40,54,59,8,T,36,0,242,0,16,147,61,5,0,-14,0,-237,0,-24,93,2,-3
15075,7.45,T,34,2,357,0,7,51,55,3,T,29,6,401,0,39,110,62,1,0,-5,4,44,0,32,59,7,-2
15076,7.37,P,37,3,697,0,13,84,61,0,P,38,0,311,1,3,87,54,0,1,1,-3,-386,1,-10,3,-7,0
15077,9.47,T,54,0,930,0,0,141,119,10,P,43,5,984,1,24,153,81,0,1,-11,5,54,1,24,12,-38,-10
15078,5.3,T,31,2,136,0,35,94,97,4,P,25,0,562,0,7,133,58,2,1,-6,-2,426,0,-28,39,-39,-2
15079,9.59,Z,72,2,480,0,355,177,294,12,T,129,8,511,0,110,305,241,5,0,57,6,31,0,-245,128,-53,-7
15080,8.03,P,71,7,388,0,509,240,112,4,Z,53,3,365,0,153,145,158,5,1,-18,-4,-23,0,-356,-95,46,1
15081,4.2,T,18,3,119,0,219,88,116,0,T,24,5,83,0,279,119,48,4,1,6,2,-36,0,60,31,-68,4
15082,8.37,Z,72,0,319,0,103,198,201,12,T,73,7,378,0,555,262,168,0,1,1,7,59,0,452,64,-33,-12
15083,5.09,T,44,0,239,0,205,155,100,5,T,46,1,252,0,161,193,45,10,1,2,1,13,0,-44,38,-55,5
15084,9.58,T,55,0,664,0,0,126,84,0,P,41,6,659,0,20,89,146,1,0,-14,6,-5,0,20,-37,62,1
15085,7.5,P,49,0,825,0,18,125,62,2,Z,44,0,328,0,32,200,163,5,1,-5,0,-497,0,14,75,101,3
15086,7.51,T,53,0,442,0,39,235,103,5,Z,50,7,680,0,86,378,180,5,0,-3,7,238,0,47,143,77,0
15087,4.43,Z,18,0,179,0,13,47,67,2,T,44,0,232,0,148,186,124,12,1,26,0,53,0,135,139,57,10
15088,6.12,T,29,0,545,0,0,38,60,0,Z,24,0,253,0,6,18,102,4,1,-5,0,-292,0,6,-20,42,4
15089,9.23,P,62,0,505,0,118,255,60,6,T,60,0,302,0,247,172,204,12,0,-2,0,-203,0,129,-83,144,6
15090,1.51,Z,7,4,47,0,19,86,29,4,Z,6,0,65,0,254,33,107,4,1,-1,-4,18,0,235,-53,78,0
15091,6.29,T,21,0,678,0,0,125,53,0,T,44,1,402,0,602,206,69,12,1,23,1,-276,0,602,81,16,12
15092,10.03,P,51,2,675,0,4,218,67,2,T,62,5,942,0,453,259,103,3,1,11,3,267,0,449,41,36,1
15093,1.19,T,4,0,48,0,0,17,3,1,T,8,0,77,0,1,20,14,1,1,4,0,29,0,1,3,11,0
15094,9.59,T,71,0,710,0,2,324,206,3,P,70,0,497,0,134,393,241,6,1,-1,0,-213,0,132,69,35,3
15095,9.59,Z,52,2,373,0,41,209,184,4,Z,41,3,989,0,19,237,191,1,0,-11,1,616,0,-22,28,7,-3
15096,9.38,P,95,3,508,0,98,264,113,9,T,96,0,640,0,141,364,137,12,1,1,-3,132,0,43,100,24,3
15097,5.03,P,25,0,306,0,1,41,28,1,P,22,1,297,0,3,71,29,0,1,-3,1,-9,0,2,30,1,-1
15098,6.07,P,30,1,310,0,27,37,23,0,P,34,0,433,2,12,49,45,0,1,4,-1,123,2,-15,12,22,0
15099,9.59,P,81,0,575,0,91,320,90,12,P,78,0,567,0,542,201,130,12,1,-3,0,-8,0,451,-119,40,0
15100,9.59,T,108,0,464,0,425,316,191,13,P,83,0,347,0,148,416,127,16,1,-25,0,-117,0,-277,100,-64,3
15101,8.18,P,53,0,487,0,36,293,80,8,T,85,5,422,0,539,253,238,13,1,32,5,-65,0,503,-40,158,5
15102,3.55,T,30,1,189,0,78,128,76,6,T,22,2,121,0,528,69,88,4,1,-8,1,-68,0,450,-59,12,-2
15103,5.33,P,19,1,189,0,4,48,30,0,P,20,1,269,0,2,166,58,0,1,1,0,80,0,-2,118,28,0
15104,7.33,Z,36,9,464,0,13,237,146,0,T,46,0,206,0,3,201,64,0,1,10,-9,-258,0,-10,-36,-82,0
15105,7.06,P,28,0,331,0,55,157,49,7,T,47,4,203,0,6,82,92,1,0,19,4,-128,0,-49,-75,43,-6
15106,0.43,Z,2,0,49,0,0,4,9,0,T,5,0,97,0,3,9,3,3,0,3,0,48,0,3,5,-6,3
15107,8.19,T,92,5,275,0,324,397,154,6,Z,97,9,264,0,438,194,176,10,0,5,4,-11,0,114,-203,22,4
15108,10.08,P,46,0,270,0,58,200,53,5,T,13,0,111,0,0,12,35,0,0,-33,0,-159,0,-58,-188,-18,-5
15109,8.15,Z,49,0,235,0,297,284,319,14,P,107,0,600,0,343,196,165,22,1,58,0,365,0,46,-88,-154,8
15110,5.57,T,47,0,292,0,402,154,180,5,Z,40,0,336,0,339,135,164,6,0,-7,0,44,0,-63,-19,-16,1
15111,2.02,P,12,0,103,0,82,98,21,4,T,8,0,114,0,85,22,53,2,0,-4,0,11,0,3,-76,32,-2
15112,6.27,P,44,0,334,0,457,113,151,3,P,22,1,448,0,6,203,54,1,0,-22,1,114,0,-451,90,-97,-2
15113,9.59,P,44,5,335,0,42,206,105,4,Z,68,0,385,0,36,95,223,4,1,24,-5,50,0,-6,-111,118,0
15114,4.13,Z,27,1,335,0,130,108,61,5,T,24,2,88,0,229,61,83,6,0,-3,1,-247,0,99,-47,22,1
15115,3.39,P,19,0,97,0,34,71,17,5,T,27,0,156,0,207,115,79,4,1,8,0,59,0,173,44,62,-1
15116,9.1,Z,67,12,205,0,55,148,259,2,P,53,0,718,0,89,212,87,8,1,-14,-12,513,0,34,64,-172,6
15117,1.11,T,4,0,59,0,0,12,9,0,T,5,0,40,0,0,1,7,0,0,1,0,-19,0,0,-11,-2,0
15118,9.57,P,31,1,363,0,12,69,27,1,P,28,0,302,0,0,59,59,0,0,-3,-1,-61,0,-12,-10,32,-1
15119,4.54,T,21,4,78,0,3,16,29,0,T,14,0,246,0,0,11,35,3,0,-7,-4,168,0,-3,-5,6,3
15120,7.18,T,49,0,376,0,272,152,140,4,P,47,4,346,0,25,105,41,1,0,-2,4,-30,0,-247,-47,-99,-3
15121,4.31,Z,17,0,298,0,0,21,56,0,T,32,0,195,0,59,140,77,6,1,15,0,-103,0,59,119,21,6
15122,1.37,Z,5,0,82,2,148,13,22,0,Z,4,1,46,0,75,19,51,1,1,-1,1,-36,-2,-73,6,29,1
15123,10.01,P,58,0,665,0,37,236,96,7,T,76,1,698,0,55,309,112,7,1,18,1,33,0,18,73,16,0
15124,2.22,P,9,0,86,0,79,77,46,9,Z,11,0,16,11,97,86,107,0,1,2,0,-70,11,18,9,61,-9
15125,9.15,Z,68,3,393,0,223,336,429,3,T,87,4,810,0,242,231,138,6,0,19,1,417,0,19,-105,-291,3
15126,9.58,T,61,3,678,0,131,105,81,4,T,76,0,713,0,8,173,106,7,1,15,-3,35,0,-123,68,25,3
15127,9.59,P,70,1,488,0,372,200,96,7,T,115,0,413,0,607,293,202,10,1,45,-1,-75,0,235,93,106,3
15128,7.37,Z,41,4,484,0,108,341,155,4,Z,38,3,365,0,20,206,148,0,1,-3,-1,-119,0,-88,-135,-7,-4
15129,5.31,P,35,1,320,0,18,130,39,5,Z,27,0,199,0,686,106,89,3,1,-8,-1,-121,0,668,-24,50,-2
15130,4.37,P,24,1,96,0,14,92,41,0,T,19,0,274,3,14,42,31,0,1,-5,-1,178,3,0,-50,-10,0
15131,9.59,Z,63,12,435,0,219,227,395,7,P,89,13,506,0,256,332,140,20,1,26,1,71,0,37,105,-255,13
15132,9.59,Z,57,9,713,0,261,133,194,4,P,63,3,849,0,274,252,195,2,0,6,-6,136,0,13,119,1,-2
15133,10.32,T,102,4,565,9,402,275,212,6,T,107,5,903,0,13,182,145,0,1,5,1,338,-9,-389,-93,-67,-6
15134,4.45,P,19,2,150,0,17,24,20,0,P,21,0,155,0,207,58,86,6,1,2,-2,5,0,190,34,66,6
15135,9.59,Z,73,0,526,0,60,183,180,2,Z,62,0,1118,0,25,162,181,3,0,-11,0,592,0,-35,-21,1,1
15136,9.58,T,46,0,338,0,26,44,76,6,T,58,0,956,0,4,65,104,3,1,12,0,618,0,-22,21,28,-3
15137,9.03,T,57,3,685,0,39,87,67,7,T,77,3,286,0,71,164,76,0,1,20,0,-399,0,32,77,9,-7
15138,8.46,Z,40,4,382,0,32,79,132,2,P,43,0,444,0,348,186,76,6,1,3,-4,62,0,316,107,-56,4
15139,8.5,T,55,0,543,0,100,159,75,5,T,43,4,429,0,0,21,67,0,0,-12,4,-114,0,-100,-138,-8,-5
15140,3.56,T,19,1,155,0,12,31,27,4,T,17,0,108,0,112,51,35,2,0,-2,-1,-47,0,100,20,8,-2
15141,7.09,P,16,0,276,0,24,30,24,3,P,49,5,380,0,76,183,70,4,1,33,5,104,0,52,153,46,1
15142,9.59,P,66,2,384,6,407,271,271,0,T,73,0,829,0,561,141,351,9,0,7,-2,445,-6,154,-130,80,9
15143,9.58,T,110,2,560,0,346,279,163,4,T,110,13,584,0,814,264,141,6,0,0,11,24,0,468,-15,-22,2
15144,10.09,P,41,0,802,0,0,245,75,1,Z,59,4,600,0,37,202,205,0,0,18,4,-202,0,37,-43,130,-1
15145,8.26,Z,69,4,299,1,45,220,193,5,P,62,4,373,0,431,131,79,13,0,-7,0,74,-1,386,-89,-114,8
15146,9.59,Z,77,5,463,0,155,228,555,0,T,101,5,552,0,96,256,104,0,1,24,0,89,0,-59,28,-451,0
15147,9.59,P,48,0,725,0,0,248,88,0,T,55,1,954,0,4,78,109,1,0,7,1,229,0,4,-170,21,1
15148,2.29,P,4,1,109,0,19,43,40,0,P,16,0,97,0,78,51,7,3,1,12,-1,-12,0,59,8,-33,3
15149,10.14,Z,51,11,384,0,70,111,220,1,T,66,0,808,0,0,115,89,0,1,15,-11,424,0,-70,4,-131,-1
15150,3.29,Z,13,3,40,0,30,142,38,1,Z,14,0,94,0,194,62,57,7,1,1,-3,54,0,164,-80,19,6
15151,9.58,T,31,0,1002,0,0,27,62,0,T,42,0,836,0,3,64,103,1,0,11,0,-166,0,3,37,41,1
15152,7.52,T,48,0,216,0,0,56,87,0,P,56,0,293,0,98,139,85,7,1,8,0,77,0,98,83,-2,7
15153,9.59,T,43,0,792,0,7,65,91,3,T,34,3,490,0,4,17,79,0,1,-9,3,-302,0,-3,-48,-12,-3
15154,9.59,T,31,0,233,0,0,35,65,0,T,22,0,691,0,3,223,50,1,1,-9,0,458,0,3,188,-15,1
15155,9.58,P,54,0,356,0,30,211,90,8,P,47,0,818,0,3,340,67,1,1,-7,0,462,0,-27,129,-23,-7
15156,6.29,T,19,0,280,0,0,10,30,0,T,46,0,837,0,51,53,69,5,1,27,0,557,0,51,43,39,5
15157,8,T,81,0,646,0,33,217,101,13,Z,53,3,485,0,62,158,154,0,1,-28,3,-161,0,29,-59,53,-13
15158,6.5,P,21,0,438,0,0,91,47,0,P,36,0,339,0,7,264,74,4,1,15,0,-99,0,7,173,27,4
15159,9.59,Z,68,7,333,3,395,215,317,3,P,98,0,593,0,64,346,131,23,1,30,-7,260,-3,-331,131,-186,20
15160,0.14,T,0,0,39,0,0,3,3,1,T,2,0,5,0,0,6,2,1,1,2,0,-34,0,0,3,-1,0
15161,4.5,P,28,0,140,0,0,92,46,0,T,18,0,149,0,0,18,44,0,1,-10,0,9,0,0,-74,-2,0
15162,9.59,T,74,4,892,0,41,126,102,0,P,74,10,339,2,167,287,230,0,1,0,6,-553,2,126,161,128,0
15163,9.03,Z,77,0,635,0,288,293,221,13,Z,77,2,373,0,36,131,250,2,0,0,2,-262,0,-252,-162,29,-11
15164,9.59,Z,90,7,606,0,198,231,317,8,T,89,2,485,0,1125,111,139,13,1,-1,-5,-121,0,927,-120,-178,5
15165,9.57,Z,37,0,334,0,24,35,136,5,T,53,0,634,0,3,102,72,1,0,16,0,300,0,-21,67,-64,-4
15166,7.44,P,32,7,627,0,10,71,60,0,Z,42,0,352,0,77,107,226,4,0,10,-7,-275,0,67,36,166,4
15167,10.16,T,83,0,877,0,102,151,101,10,P,89,3,743,0,610,137,114,8,0,6,3,-134,0,508,-14,13,-2
15168,9.27,Z,51,0,757,0,69,184,191,5,T,95,6,483,0,529,355,220,3,1,44,6,-274,0,460,171,29,-2
15169,5.29,P,22,0,161,6,18,105,51,0,T,40,0,413,0,61,182,104,2,1,18,0,252,-6,43,77,53,2
15170,7.15,Z,32,6,538,0,40,114,108,0,Z,52,0,307,0,27,118,440,3,0,20,-6,-231,0,-13,4,332,3
15171,9.5,T,100,0,1016,0,66,276,184,4,Z,68,3,795,0,64,147,166,0,1,-32,3,-221,0,-2,-129,-18,-4
15172,9.59,P,101,0,504,0,183,348,209,7,Z,89,10,577,0,409,209,271,22,0,-12,10,73,0,226,-139,62,15
15173,9.58,T,83,0,689,0,77,174,99,9,P,84,12,464,0,1371,339,227,6,0,1,12,-225,0,1294,165,128,-3
15174,9.58,Z,55,0,355,0,171,145,254,5,P,85,0,701,0,457,395,89,19,0,30,0,346,0,286,250,-165,14
15175,4.53,Z,24,0,198,0,33,135,74,2,P,33,0,264,0,64,159,32,7,1,9,0,66,0,31,24,-42,5
15176,9.17,P,107,0,546,1,295,276,132,38,T,103,7,426,0,254,232,233,20,1,-4,7,-120,-1,-41,-44,101,-18
15177,6.58,T,51,1,283,0,304,156,186,12,Z,35,1,632,0,63,163,145,1,0,-16,0,349,0,-241,7,-41,-11
15178,8.49,T,85,6,326,0,81,272,223,3,T,87,13,777,0,112,196,104,1,1,2,7,451,0,31,-76,-119,-2
15179,10.29,P,87,0,360,0,854,225,98,13,T,67,0,540,0,34,203,365,4,0,-20,0,180,0,-820,-22,267,-9
15180,6.24,T,57,6,470,0,354,178,75,4,P,45,0,293,18,120,195,83,0,0,-12,-6,-177,18,-234,17,8,-4
15181,8.38,P,58,5,358,0,49,244,81,1,T,50,3,633,0,20,201,109,2,0,-8,-2,275,0,-29,-43,28,1
15182,4.2,P,13,0,204,0,0,100,26,1,P,17,0,279,0,5,111,50,4,1,4,0,75,0,5,11,24,3
15183,9.58,Z,51,0,713,0,39,34,133,4,T,76,5,474,0,57,161,93,4,1,25,5,-239,0,18,127,-40,0
15184,5.41,P,31,1,257,0,52,171,108,5,T,61,3,166,0,44,102,244,1,0,30,2,-91,0,-8,-69,136,-4
15185,4.27,T,20,0,119,0,3,12,26,3,T,20,1,176,0,0,20,37,2,0,0,1,57,0,-3,8,11,-1
15186,9.59,Z,44,15,752,0,24,97,174,0,P,46,15,538,0,40,87,65,3,1,2,0,-214,0,16,-10,-109,3
15187,10.13,T,93,4,617,0,287,216,189,3,Z,97,0,668,0,157,258,431,5,0,4,-4,51,0,-130,42,242,2
15188,3.35,T,19,0,73,0,412,85,199,7,P,17,0,171,0,36,170,37,3,1,-2,0,98,0,-376,85,-162,-4
15189,8.45,T,66,2,580,0,386,204,122,4,T,75,8,654,0,83,193,150,8,1,9,6,74,0,-303,-11,28,4
15190,9.09,T,70,5,426,0,178,266,109,2,T,57,0,512,0,8,157,82,5,1,-13,-5,86,0,-170,-109,-27,3
15191,9.59,T,104,8,323,0,662,297,236,17,P,54,0,528,0,65,341,202,7,0,-50,-8,205,0,-597,44,-34,-10
15192,9.55,P,34,4,471,0,3,50,75,2,T,54,0,340,0,0,21,97,0,1,20,-4,-131,0,-3,-29,22,-2
15193,8.14,P,70,1,455,0,41,126,78,0,Z,47,14,535,0,70,230,218,1,1,-23,13,80,0,29,104,140,1
15194,3.3,T,16,1,88,0,239,60,51,4,Z,13,0,248,0,14,33,47,1,1,-3,-1,160,0,-225,-27,-4,-3
15195,3.07,P,24,4,230,0,324,42,47,1,T,18,0,88,0,24,102,82,0,0,-6,-4,-142,0,-300,60,35,-1
15196,9.59,P,46,0,477,0,32,66,66,0,Z,50,0,223,0,63,180,239,10,1,4,0,-254,0,31,114,173,10
15197,5.46,T,60,0,313,0,240,155,130,10,T,61,0,223,0,431,203,107,14,1,1,0,-90,0,191,48,-23,4
15198,4.36,P,28,0,211,0,32,104,36,12,P,30,1,147,0,220,143,103,4,0,2,1,-64,0,188,39,67,-8
15199,4.54,T,25,0,351,0,0,52,87,0,Z,17,0,363,0,0,73,61,0,0,-8,0,12,0,0,21,-26,0
15200,8.49,T,81,0,447,0,195,194,251,15,Z,65,2,575,0,196,192,379,2,1,-16,2,128,0,1,-2,128,-13
15201,3.5,T,15,0,176,0,0,24,34,2,Z,8,0,41,0,3,42,29,3,1,-7,0,-135,0,3,18,-5,1
15202,9.37,T,84,2,539,0,177,352,81,3,T,101,0,388,0,121,276,133,7,1,17,-2,-151,0,-56,-76,52,4
15203,9.59,P,53,3,981,0,235,161,81,3,T,70,6,456,0,18,147,97,2,0,17,3,-525,0,-217,-14,16,-1
15204,8.11,Z,54,4,489,0,98,178,201,0,P,51,4,399,0,2,244,117,1,1,-3,0,-90,0,-96,66,-84,1
15205,9.57,P,69,0,426,0,214,305,88,7,P,53,9,606,0,37,192,86,1,0,-16,9,180,0,-177,-113,-2,-6
15206,10.48,Z,58,1,290,0,1,39,183,0,Z,62,0,605,0,0,70,205,0,1,4,-1,315,0,-1,31,22,0
15207,8.49,T,97,0,498,0,246,123,124,9,Z,55,2,339,0,40,127,225,4,0,-42,2,-159,0,-206,4,101,-5
15208,3.57,T,20,0,265,0,7,52,32,0,P,14,1,231,0,0,91,29,0,0,-6,1,-34,0,-7,39,-3,0
15209,4.37,P,11,0,163,0,0,37,16,0,Z,17,0,365,0,17,61,55,4,1,6,0,202,0,17,24,39,4
15210,4.46,P,19,0,170,0,28,93,41,4,Z,28,1,196,0,441,69,388,3,1,9,1,26,0,413,-24,347,-1
15211,9.57,P,59,0,480,0,0,170,88,2,Z,34,1,217,0,6,129,162,1,0,-25,1,-263,0,6,-41,74,-1
15212,7.11,Z,48,0,497,0,178,193,179,12,Z,44,3,520,0,420,166,258,6,1,-4,3,23,0,242,-27,79,-6
15213,9.59,Z,72,0,488,0,283,172,221,10,P,74,0,259,0,302,120,139,25,0,2,0,-229,0,19,-52,-82,15
15214,9.59,Z,52,0,613,0,0,50,156,0,Z,42,10,408,2,33,324,245,1,0,-10,10,-205,2,33,274,89,1
15215,8.57,P,25,0,165,0,0,22,56,0,T,46,0,833,0,0,96,133,0,1,21,0,668,0,0,74,77,0
15216,8.23,Z,55,2,319,0,240,132,130,4,Z,36,1,307,0,69,190,197,7,1,-19,-1,-12,0,-171,58,67,3
15217,10.3,T,101,0,607,0,83,96,155,6,P,100,0,608,0,156,484,183,13,1,-1,0,1,0,73,388,28,7
15218,9.59,T,88,0,444,0,75,178,105,6,Z,84,5,489,0,170,182,248,9,1,-4,5,45,0,95,4,143,3
15219,0,T,0,0,1,0,0,0,0,0,T,3,0,93,0,1,15,6,1,1,3,0,92,0,1,15,6,1
15220,8,Z,45,3,308,0,33,144,179,0,T,51,0,389,0,0,140,133,1,1,6,-3,81,0,-33,-4,-46,1
15221,9.48,Z,67,8,466,0,211,307,344,4,Z,68,0,629,0,13,172,180,5,1,1,-8,163,0,-198,-135,-164,1
15222,9.58,T,57,0,660,0,159,127,107,4,T,59,0,656,0,72,176,129,9,0,2,0,-4,0,-87,49,22,5
15223,7.04,Z,35,4,347,0,33,140,110,2,T,64,5,388,0,391,170,86,3,1,29,1,41,0,358,30,-24,1
15224,9.48,P,96,5,634,0,393,334,242,12,Z,74,6,494,0,403,191,209,7,1,-22,1,-140,0,10,-143,-33,-5
15225,9.44,T,44,3,693,0,412,235,219,14,Z,42,1,1049,0,19,128,166,0,1,-2,-2,356,0,-393,-107,-53,-14
15226,9.59,Z,44,0,277,0,11,308,179,11,Z,46,3,284,0,5,152,172,0,0,2,3,7,0,-6,-156,-7,-11
15227,8.21,Z,67,0,602,0,174,173,260,10,T,74,0,455,0,52,240,151,9,0,7,0,-147,0,-122,67,-109,-1
15228,9.59,P,163,14,446,0,879,252,355,28,T,142,0,600,0,673,290,202,26,1,-21,-14,154,0,-206,38,-153,-2
15229,9.59,P,49,8,455,0,36,360,259,0,T,82,7,482,0,32,90,68,0,0,33,-1,27,0,-4,-270,-191,0
15230,9.59,Z,64,5,795,0,41,134,193,3,P,76,0,664,0,115,399,99,8,1,12,-5,-131,0,74,265,-94,5
15231,3.4,T,9,5,113,0,4,13,9,0,Z,14,1,182,0,14,4,43,1,0,5,-4,69,0,10,-9,34,1
15232,9.58,T,59,6,653,0,40,55,72,2,P,38,0,439,0,0,101,62,1,0,-21,-6,-214,0,-40,46,-10,-1
15233,5.18,P,23,0,113,0,48,147,81,1,T,46,0,325,0,5,73,88,2,0,23,0,212,0,-43,-74,7,1
15234,8.14,P,44,1,320,0,1,110,68,0,P,40,0,728,0,98,183,68,5,1,-4,-1,408,0,97,73,0,5
15235,9.59,P,71,3,514,0,161,178,107,14,T,54,9,274,0,60,162,62,3,1,-17,6,-240,0,-101,-16,-45,-11
15236,4.15,T,24,0,321,0,308,111,126,10,P,20,0,171,0,5,56,72,3,0,-4,0,-150,0,-303,-55,-54,-7
15237,10.59,P,74,0,497,0,136,279,89,17,P,77,11,734,0,215,439,198,1,0,3,11,237,0,79,160,109,-16
15238,5.01,T,30,0,286,0,14,49,65,4,Z,21,2,71,0,53,22,128,1,0,-9,2,-215,0,39,-27,63,-3
15239,0.25,T,0,0,11,0,36,0,6,2,T,1,0,6,0,0,10,4,1,1,1,0,-5,0,-36,10,-2,-1
15240,9.59,T,65,0,677,0,42,77,70,7,Z,57,3,731,0,80,286,276,4,1,-8,3,54,0,38,209,206,-3
15241,4.12,T,20,0,162,0,0,23,32,2,Z,12,0,68,0,55,87,64,9,0,-8,0,-94,0,55,64,32,7
15242,9.58,Z,41,0,562,0,47,147,247,9,P,74,1,391,0,41,397,96,1,1,33,1,-171,0,-6,250,-151,-8
15243,10.18,Z,43,6,297,1,356,191,215,0,Z,40,0,674,0,15,208,176,3,1,-3,-6,377,-1,-341,17,-39,3
15244,8.04,Z,71,6,322,0,53,102,152,0,T,108,1,657,0,174,327,138,8,0,37,-5,335,0,121,225,-14,8
15245,9.59,T,106,3,531,0,200,226,150,4,T,112,0,550,0,68,194,124,8,1,6,-3,19,0,-132,-32,-26,4
15246,9.59,Z,55,0,663,0,72,271,217,12,P,46,3,552,0,33,149,86,0,0,-9,3,-111,0,-39,-122,-131,-12
15247,3.39,P,24,0,293,0,31,79,31,9,Z,14,1,86,0,167,69,60,4,1,-10,1,-207,0,136,-10,29,-5
15248,10.11,Z,74,17,344,0,187,260,291,8,Z,105,0,569,0,146,293,280,15,1,31,-17,225,0,-41,33,-11,7
15249,2.22,P,6,0,97,0,86,62,36,2,T,10,0,56,0,95,49,79,6,1,4,0,-41,0,9,-13,43,4
15250,8.49,Z,68,18,479,0,415,164,547,1,T,72,0,469,0,1334,222,91,6,0,4,-18,-10,0,919,58,-456,5
15251,3.37,T,18,0,89,0,9,29,24,5,T,26,1,127,0,158,63,31,6,0,8,1,38,0,149,34,7,1
15252,9.58,P,60,15,357,0,143,135,174,7,T,76,3,684,0,65,87,111,0,1,16,-12,327,0,-78,-48,-63,-7
15253,9.59,Z,71,17,128,0,83,256,206,5,Z,100,20,448,0,173,291,315,0,0,29,3,320,0,90,35,109,-5
15254,5.31,P,42,0,192,0,296,194,98,7,Z,28,0,214,0,1,115,172,2,0,-14,0,22,0,-295,-79,74,-5
15255,4.2,P,20,0,370,0,6,82,81,1,Z,13,2,116,0,18,55,55,1,0,-7,2,-254,0,12,-27,-26,0
15256,9.36,Z,99,6,629,0,109,280,359,9,T,120,1,498,19,351,329,211,2,0,21,-5,-131,19,242,49,-148,-7
15257,9.59,P,21,0,741,0,6,70,30,2,P,42,0,612,0,0,118,45,2,1,21,0,-129,0,-6,48,15,0
15258,1.21,T,7,0,51,0,72,8,18,4,T,7,0,73,0,20,42,12,2,0,0,0,22,0,-52,34,-6,-2
15259,3.23,T,19,0,210,0,40,122,52,3,P,17,0,131,0,56,130,47,4,0,-2,0,-79,0,16,8,-5,1
15260,9.59,Z,57,0,772,0,35,174,194,3,Z,32,10,291,0,27,102,160,1,0,-25,10,-481,0,-8,-72,-34,-2
15261,4.32,T,28,0,147,0,39,66,24,4,P,17,0,303,0,0,38,38,0,0,-11,0,156,0,-39,-28,14,-4
15262,10.5,T,81,0,165,0,12,171,113,3,Z,69,0,342,0,29,130,188,4,1,-12,0,177,0,17,-41,75,1
15263,9.59,Z,73,8,276,0,63,161,184,5,P,83,0,371,0,47,249,136,5,1,10,-8,95,0,-16,88,-48,0
15264,3.43,Z,12,0,224,0,16,40,45,2,P,12,0,174,0,12,107,30,1,0,0,0,-50,0,-4,67,-15,-1
15265,4.12,P,19,1,156,0,48,61,120,5,T,22,0,142,0,186,140,69,2,1,3,-1,-14,0,138,79,-51,-3
15266,7.53,Z,51,4,438,0,22,82,105,6,Z,38,8,377,0,46,93,184,0,0,-13,4,-61,0,24,11,79,-6
15267,9.59,T,70,0,711,0,58,151,68,8,T,62,0,537,0,15,65,93,6,0,-8,0,-174,0,-43,-86,25,-2
15268,6.32,Z,38,4,282,2,560,142,237,8,T,55,2,465,0,113,139,73,4,1,17,-2,183,-2,-447,-3,-164,-4
15269,6.21,Z,42,0,185,0,0,149,129,0,P,40,1,236,0,34,114,67,6,1,-2,1,51,0,34,-35,-62,6
15270,6.37,P,43,0,191,0,41,116,40,5,P,40,1,256,0,14,171,92,5,1,-3,1,65,0,-27,55,52,0
15271,4.06,T,18,1,146,0,145,44,45,6,T,20,7,220,0,8,91,33,0,0,2,6,74,0,-137,47,-12,-6
15272,9.5,T,113,7,403,13,304,290,224,22,T,83,0,335,0,229,331,144,7,0,-30,-7,-68,-13,-75,41,-80,-15
15273,3.16,Z,12,2,185,0,342,63,143,1,Z,17,3,38,0,103,31,87,4,0,5,1,-147,0,-239,-32,-56,3
15274,5.51,T,38,3,203,0,24,57,51,3,P,27,0,265,0,0,92,61,1,1,-11,-3,62,0,-24,35,10,-2
15275,7.16,T,49,2,368,0,15,138,72,1,Z,42,1,317,0,5,194,138,3,0,-7,-1,-51,0,-10,56,66,2
15276,10.32,P,47,8,873,0,18,210,139,1,P,34,0,523,0,0,25,40,0,0,-13,-8,-350,0,-18,-185,-99,-1
15277,7.58,Z,47,13,574,0,155,311,167,3,Z,61,0,299,0,674,303,250,12,1,14,-13,-275,0,519,-8,83,9
15278,10.13,Z,71,2,721,0,71,121,210,1,T,74,0,649,0,56,278,59,13,0,3,-2,-72,0,-15,157,-151,12
15279,5.37,P,35,2,243,0,17,167,19,3,Z,24,4,227,0,12,30,81,1,0,-11,2,-16,0,-5,-137,62,-2
15280,9.54,P,61,5,405,0,40,445,156,0,Z,101,12,690,0,162,220,267,9,1,40,7,285,0,122,-225,111,9
15281,9.58,P,83,0,477,0,266,295,77,37,P,56,9,422,2,15,203,78,2,0,-27,9,-55,2,-251,-92,1,-35
15282,8.04,Z,39,0,579,0,21,217,221,4,Z,39,4,472,0,80,91,188,1,0,0,4,-107,0,59,-126,-33,-3
15283,6.2,Z,47,4,298,0,136,182,169,2,P,46,0,271,0,131,191,49,8,0,-1,-4,-27,0,-5,9,-120,6
15284,9.59,Z,66,0,1065,0,100,344,224,11,T,72,1,450,0,12,294,135,2,1,6,1,-615,0,-88,-50,-89,-9
15285,9.59,Z,64,2,606,1,177,203,359,0,T,77,2,253,0,39,298,286,9,0,13,0,-353,-1,-138,95,-73,9
15286,8.12,Z,42,6,450,0,98,135,116,2,T,57,0,593,17,231,138,85,23,0,15,-6,143,17,133,3,-31,21
15287,9.57,Z,60,2,450,0,14,146,166,0,P,52,0,739,0,10,106,90,2,0,-8,-2,289,0,-4,-40,-76,2
15288,3.51,P,13,0,191,0,0,24,29,0,T,15,0,191,0,0,24,43,0,1,2,0,0,0,0,0,14,0
15289,8.39,P,41,5,516,0,9,50,57,0,P,28,0,545,0,6,55,51,5,1,-13,-5,29,0,-3,5,-6,5
15290,9.59,Z,68,6,574,0,62,137,209,6,T,94,5,365,0,83,97,117,3,1,26,-1,-209,0,21,-40,-92,-3
15291,9.58,Z,96,0,354,0,266,280,324,8,T,107,0,473,0,391,189,175,12,1,11,0,119,0,125,-91,-149,4
15292,10.01,Z,73,5,610,1,64,252,209,0,Z,61,0,511,0,162,272,487,6,0,-12,-5,-99,-1,98,20,278,6
15293,9.58,T,64,0,388,0,0,58,92,0,T,55,1,420,0,170,142,119,4,1,-9,1,32,0,170,84,27,4
15294,9.4,P,46,0,627,0,0,172,117,3,P,53,0,676,0,143,288,144,14,1,7,0,49,0,143,116,27,11
15295,8.58,T,100,0,573,0,441,296,108,15,P,37,0,600,0,38,134,70,12,0,-63,0,27,0,-403,-162,-38,-3
15296,9.57,Z,46,0,289,0,0,167,197,0,Z,55,0,378,0,39,109,185,8,1,9,0,89,0,39,-58,-12,8
15297,2.23,P,20,1,106,0,30,136,33,0,P,11,0,117,0,0,39,16,0,0,-9,-1,11,0,-30,-97,-17,0
15298,3.51,T,21,0,175,0,173,79,69,7,P,16,2,76,0,2,65,200,0,1,-5,2,-99,0,-171,-14,131,-7
15299,9.59,T,108,6,330,0,456,229,184,11,P,63,6,327,0,40,330,121,5,0,-45,0,-3,0,-416,101,-63,-6
15300,7.1,T,54,0,502,0,47,83,67,3,Z,44,2,273,0,155,143,348,7,0,-10,2,-229,0,108,60,281,4
15301,9.59,Z,77,13,513,2,383,189,356,5,P,76,3,489,0,560,261,153,8,1,-1,-10,-24,-2,177,72,-203,3
15302,2.01,P,16,0,73,0,64,57,24,2,P,5,0,149,0,7,68,12,4,1,-11,0,76,0,-57,11,-12,2
15303,9.58,T,137,4,313,0,467,199,188,5,Z,91,5,551,0,628,352,329,10,0,-46,1,238,0,161,153,141,5
15304,9.03,Z,79,8,287,0,595,261,328,12,T,120,0,322,0,294,249,204,7,0,41,-8,35,0,-301,-12,-124,-5
15305,9.59,P,32,0,406,0,0,138,55,0,Z,54,2,248,0,176,120,170,1,1,22,2,-158,0,176,-18,115,1
15306,6.04,P,32,0,276,0,37,162,77,6,T,31,7,198,0,18,40,52,0,0,-1,7,-78,0,-19,-122,-25,-6
15307,4.03,T,10,3,155,0,5,55,28,0,T,32,3,106,0,13,123,24,1,1,22,0,-49,0,8,68,-4,1
15308,9.58,Z,58,4,371,0,56,125,159,0,Z,46,5,470,0,10,123,138,1,1,-12,1,99,0,-46,-2,-21,1
15309,9.59,P,60,1,906,0,28,45,70,1,Z,44,2,645,0,826,161,259,4,0,-16,1,-261,0,798,116,189,3
15310,7.56,P,34,0,428,0,213,163,90,2,T,62,1,246,0,403,127,89,10,1,28,1,-182,0,190,-36,-1,8
15311,6.39,Z,22,2,111,0,55,41,116,0,Z,30,2,328,0,10,58,90,0,0,8,0,217,0,-45,17,-26,0
15312,2.03,Z,9,1,226,0,18,20,74,2,Z,7,0,28,0,12,55,121,2,1,-2,-1,-198,0,-6,35,47,0
15313,7.17,Z,29,0,279,0,29,87,102,1,P,27,0,219,0,0,34,47,0,0,-2,0,-60,0,-29,-53,-55,-1
15314,9.58,P,59,0,967,0,21,142,139,6,Z,55,0,1112,0,13,125,176,1,0,-4,0,145,0,-8,-17,37,-5
15315,6.14,T,47,2,279,0,177,200,119,7,T,44,0,330,1,378,298,66,10,0,-3,-2,51,1,201,98,-53,3
15316,4.33,T,29,0,177,0,358,72,130,6,Z,33,1,385,0,354,148,141,10,0,4,1,208,0,-4,76,11,4
15317,5.38,P,41,3,284,0,211,170,78,2,Z,34,4,221,0,24,159,82,5,1,-7,1,-63,0,-187,-11,4,3
15318,0.38,P,3,1,13,0,0,10,4,0,T,3,0,36,0,8,11,3,1,1,0,-1,23,0,8,1,-1,1
15319,5.01,T,39,0,203,0,583,93,171,6,T,48,0,153,0,271,134,179,6,0,9,0,-50,0,-312,41,8,0
15320,6.59,T,22,0,522,0,2,48,51,2,T,29,2,446,0,3,137,52,0,1,7,2,-76,0,1,89,1,-2
15321,6.23,Z,26,3,275,0,19,26,85,2,P,40,0,594,0,16,67,34,0,1,14,-3,319,0,-3,41,-51,-2
15322,5.53,P,65,0,382,0,468,229,66,12,T,39,3,419,0,370,136,36,3,0,-26,3,37,0,-98,-93,-30,-9
15323,9.58,T,80,0,456,0,77,190,153,9,P,45,0,916,0,10,101,122,4,0,-35,0,460,0,-67,-89,-31,-5
15324,8.28,T,60,0,459,0,524,178,74,5,P,36,0,339,0,30,95,73,5,0,-24,0,-120,0,-494,-83,-1,0
15325,4.03,P,16,0,248,0,17,43,26,2,P,18,4,288,0,9,54,25,2,1,2,4,40,0,-8,11,-1,0
15326,5.43,Z,38,9,204,0,60,103,110,3,Z,41,0,258,0,256,131,189,10,0,3,-9,54,0,196,28,79,7
15327,6.44,P,36,0,241,0,9,60,55,3,Z,32,1,184,0,19,100,133,0,0,-4,1,-57,0,10,40,78,-3
15328,3.44,Z,13,1,217,0,34,167,57,4,P,14,0,349,0,0,46,29,1,0,1,-1,132,0,-34,-121,-28,-3
15329,6.49,Z,40,0,493,0,42,157,109,2,T,50,4,273,0,211,185,231,1,0,10,4,-220,0,169,28,122,-1
15330,5.52,Z,34,6,171,0,465,86,146,0,P,33,5,402,0,24,57,38,0,1,-1,-1,231,0,-441,-29,-108,0
15331,7.55,Z,54,6,238,0,151,119,203,4,T,83,0,377,0,566,186,366,11,1,29,-6,139,0,415,67,163,7
15332,9.58,T,47,4,631,0,61,130,63,0,P,56,7,770,0,51,116,39,0,1,9,3,139,0,-10,-14,-24,0
15333,9.59,P,67,5,616,0,152,176,83,13,P,75,0,763,0,149,428,146,14,1,8,-5,147,0,-3,252,63,1
15334,9.59,Z,139,0,629,0,163,244,284,38,T,95,4,502,0,35,288,165,4,0,-44,4,-127,0,-128,44,-119,-34
15335,8.29,P,44,1,508,0,15,168,90,1,Z,49,2,319,4,477,341,281,20,0,5,1,-189,4,462,173,191,19
15336,9.58,P,83,4,574,0,417,313,143,15,T,86,3,438,0,230,296,130,8,1,3,-1,-136,0,-187,-17,-13,-7
15337,3.11,Z,15,2,140,0,296,48,111,1,Z,13,0,108,0,3,47,66,0,0,-2,-2,-32,0,-293,-1,-45,-1
15338,7.37,T,75,0,320,0,850,187,96,19,P,64,0,439,0,389,247,173,5,0,-11,0,119,0,-461,60,77,-14
15339,9.14,T,108,1,694,0,136,167,143,9,P,75,0,585,0,129,411,162,17,0,-33,-1,-109,0,-7,244,19,8
15340,6.23,T,41,0,264,0,117,86,151,8,P,48,0,219,0,11,159,58,3,0,7,0,-45,0,-106,73,-93,-5
15341,7.47,T,56,0,482,0,88,194,94,5,P,31,0,726,0,21,140,41,4,0,-25,0,244,0,-67,-54,-53,-1
15342,9.57,P,32,0,526,0,8,60,59,7,P,31,0,490,0,0,40,52,0,0,-1,0,-36,0,-8,-20,-7,-7
15343,9.59,P,49,0,483,0,56,199,65,3,T,79,0,498,0,275,220,201,6,1,30,0,15,0,219,21,136,3
15344,0.43,T,3,0,82,0,0,8,5,0,T,4,0,71,0,0,2,2,1,1,1,0,-11,0,0,-6,-3,1
15345,6.51,T,59,5,400,0,513,152,78,4,T,61,5,265,0,212,126,112,2,1,2,0,-135,0,-301,-26,34,-2
15346,8.13,T,118,0,297,2,255,225,197,17,Z,68,4,297,0,53,203,255,0,0,-50,4,0,-2,-202,-22,58,-17
15347,7.32,P,40,4,602,0,200,48,49,1,P,26,0,312,0,0,137,51,1,0,-14,-4,-290,0,-200,89,2,0
15348,9.37,T,116,4,419,2,442,336,206,11,P,91,6,332,0,290,341,161,7,0,-25,2,-87,-2,-152,5,-45,-4
15349,5.57,T,57,4,404,0,197,151,68,2,P,37,1,141,0,259,155,89,9,0,-20,-3,-263,0,62,4,21,7
15350,9.58,T,88,0,618,0,69,274,107,8,T,54,0,492,0,20,260,175,8,0,-34,0,-126,0,-49,-14,68,0
15351,8.18,P,31,2,441,0,0,107,60,0,T,48,7,341,0,68,36,52,0,1,17,5,-100,0,68,-71,-8,0
15352,9.58,Z,66,2,256,0,40,99,226,1,T,72,0,539,0,29,83,91,3,0,6,-2,283,0,-11,-16,-135,2
15353,8.27,T,67,6,284,0,409,270,310,11,T,84,2,585,0,474,237,136,13,0,17,-4,301,0,65,-33,-174,2
15354,4.18,Z,20,1,64,0,23,37,50,0,T,21,0,181,0,0,29,53,2,1,1,-1,117,0,-23,-8,3,2
15355,5.58,T,48,2,393,0,458,144,132,5,T,40,6,355,3,579,227,201,6,0,-8,4,-38,3,121,83,69,1
15356,9.59,T,158,0,495,0,302,366,222,8,Z,92,9,345,0,57,224,202,2,0,-66,9,-150,0,-245,-142,-20,-6
15357,9.59,P,50,0,461,0,4,209,67,1,Z,59,0,677,0,291,241,376,8,0,9,0,216,0,287,32,309,7
15358,9.52,T,120,0,546,0,216,240,148,17,Z,98,0,517,31,627,201,404,6,0,-22,0,-29,31,411,-39,256,-11
15359,1.23,Z,5,2,11,0,0,25,58,0,T,7,1,40,0,6,31,14,2,0,2,-1,29,0,6,6,-44,2
15360,9.47,P,36,0,747,0,0,85,63,0,T,63,0,574,0,9,344,172,4,1,27,0,-173,0,9,259,109,4
15361,3.07,T,12,0,170,0,0,8,16,0,T,5,0,102,0,3,7,10,2,0,-7,0,-68,0,3,-1,-6,2
15362,9.59,T,74,1,609,0,128,227,98,6,P,55,0,527,0,68,235,88,8,1,-19,-1,-82,0,-60,8,-10,2
15363,6.51,P,32,0,133,0,0,19,33,0,P,37,12,254,0,94,111,32,0,0,5,12,121,0,94,92,-1,0
15364,8.55,P,52,0,394,0,101,230,187,4,P,69,2,202,0,9,222,97,6,1,17,2,-192,0,-92,-8,-90,2
15365,9.22,T,97,1,648,0,496,212,182,11,T,119,4,561,0,433,287,139,12,1,22,3,-87,0,-63,75,-43,1
15366,8.53,P,67,0,627,0,10,168,76,3,Z,47,6,624,0,42,155,179,0,1,-20,6,-3,0,32,-13,103,-3
15367,9.59,T,46,0,641,0,49,194,85,4,P,35,0,945,0,0,153,84,0,1,-11,0,304,0,-49,-41,-1,-4
15368,10.13,Z,40,4,797,0,47,187,169,12,P,49,0,799,0,6,221,93,1,0,9,-4,2,0,-41,34,-76,-11
15369,9.59,P,52,0,538,0,43,184,87,7,T,51,0,705,0,6,194,117,6,1,-1,0,167,0,-37,10,30,-1
15370,9.58,T,88,0,597,0,80,188,215,6,Z,61,1,735,0,4,148,186,3,0,-27,1,138,0,-76,-40,-29,-3
15371,6.3,T,26,0,69,0,0,20,38,0,Z,18,0,193,0,12,14,61,4,0,-8,0,124,0,12,-6,23,4
15372,7.53,Z,47,1,241,0,38,202,300,3,T,64,8,231,0,14,129,125,2,1,17,7,-10,0,-24,-73,-175,-1
15373,6.49,P,51,4,654,0,5,179,93,0,Z,46,4,406,0,26,137,180,5,1,-5,0,-248,0,21,-42,87,5
15374,5.12,P,35,0,170,0,53,123,41,10,T,47,0,367,0,82,138,54,6,1,12,0,197,0,29,15,13,-4
15375,9.1,Z,32,1,378,0,18,72,143,5,P,54,0,266,0,59,151,81,9,1,22,-1,-112,0,41,79,-62,4
15376,5.29,P,32,2,296,0,22,70,31,0,T,46,0,377,0,29,220,40,3,1,14,-2,81,0,7,150,9,3
15377,2.36,P,12,0,137,0,16,58,19,4,T,12,0,131,0,5,52,27,1,0,0,0,-6,0,-11,-6,8,-3
15378,9.28,T,78,0,654,0,381,152,77,6,Z,52,12,789,0,84,89,203,0,0,-26,12,135,0,-297,-63,126,-6
15379,9.59,T,58,0,565,0,28,144,92,7,T,69,5,690,0,14,462,119,0,1,11,5,125,0,-14,318,27,-7
15380,5.5,T,21,0,362,0,0,128,50,0,T,37,1,420,0,64,102,115,5,1,16,1,58,0,64,-26,65,5
15381,8.25,T,110,1,384,0,705,372,240,14,Z,63,4,364,1,124,285,216,5,1,-47,3,-20,1,-581,-87,-24,-9
15382,4.31,Z,12,2,145,0,2,36,58,3,Z,12,2,203,0,3,121,57,0,0,0,0,58,0,1,85,-1,-3
15383,9,Z,52,0,607,0,368,350,211,12,T,90,4,892,0,127,269,96,6,0,38,4,285,0,-241,-81,-115,-6
15384,10.56,Z,98,6,554,0,368,254,378,13,P,126,0,731,0,122,184,99,11,1,28,-6,177,0,-246,-70,-279,-2
15385,10.39,P,86,0,635,0,57,582,147,24,Z,75,0,749,0,243,150,246,12,0,-11,0,114,0,186,-432,99,-12
15386,6.31,Z,29,5,141,0,37,78,192,0,P,31,0,312,0,0,81,43,1,1,2,-5,171,0,-37,3,-149,1
15387,4.05,P,20,0,158,0,83,204,60,7,Z,22,1,255,0,31,68,60,2,0,2,1,97,0,-52,-136,0,-5
15388,9.58,Z,52,0,454,0,40,53,122,3,T,82,0,530,0,8,199,135,12,1,30,0,76,0,-32,146,13,9
15389,9.59,P,38,4,541,0,17,295,123,7,T,71,2,634,0,36,253,117,7,1,33,-2,93,0,19,-42,-6,0
15390,4.16,T,20,2,230,0,8,22,42,2,Z,17,0,154,0,11,44,44,1,0,-3,-2,-76,0,3,22,2,-1
15391,5.04,P,20,0,256,0,0,86,29,0,Z,23,13,182,0,33,50,81,2,0,3,13,-74,0,33,-36,52,2
15392,9.57,T,47,0,655,0,0,78,66,0,P,36,0,559,0,3,84,90,0,1,-11,0,-96,0,3,6,24,0
15393,4.55,Z,29,4,231,0,61,151,127,4,T,30,2,273,0,0,61,42,0,1,1,-2,42,0,-61,-90,-85,-4
15394,4.05,Z,20,0,207,0,19,49,62,21,Z,17,1,121,0,48,33,80,1,0,-3,1,-86,0,29,-16,18,-20
15395,6.43,P,22,0,450,0,0,73,88,0,T,37,6,666,0,13,83,74,0,1,15,6,216,0,13,10,-14,0
15396,9.58,Z,56,2,333,0,71,96,155,5,P,55,0,587,0,54,213,78,8,0,-1,-2,254,0,-17,117,-77,3
15397,9.05,P,58,6,635,0,30,156,71,2,T,65,8,515,0,41,146,88,0,0,7,2,-120,0,11,-10,17,-2
15398,10.25,Z,62,0,746,0,30,216,221,6,Z,60,0,474,0,180,167,261,11,0,-2,0,-272,0,150,-49,40,5
15399,6.1,Z,31,5,424,0,38,193,209,0,Z,33,0,209,0,103,78,177,5,1,2,-5,-215,0,65,-115,-32,5
15400,9.59,Z,72,6,346,0,1030,197,277,3,P,40,0,446,0,11,114,65,5,0,-32,-6,100,0,-1019,-83,-212,2
15401,9.59,P,125,13,642,0,426,293,222,7,P,120,11,728,4,240,305,180,4,0,-5,-2,86,4,-186,12,-42,-3
15402,9.51,T,83,5,993,0,162,190,242,7,P,50,1,576,0,3,301,175,2,0,-33,-4,-417,0,-159,111,-67,-5
15403,9.59,Z,100,3,875,0,73,179,285,1,T,85,1,492,0,257,147,105,21,1,-15,-2,-383,0,184,-32,-180,20
15404,9.57,P,45,0,534,0,16,61,43,2,Z,52,0,493,0,17,125,171,1,1,7,0,-41,0,1,64,128,-1
15405,6.45,Z,49,2,314,0,245,202,176,6,Z,50,5,609,0,76,172,301,1,1,1,3,295,0,-169,-30,125,-5
15406,9.59,T,53,6,849,0,21,89,81,0,Z,79,8,264,0,241,196,228,12,1,26,2,-585,0,220,107,147,12
15407,2.43,T,8,1,107,0,328,52,92,1,T,10,2,208,0,652,39,25,4,0,2,1,101,0,324,-13,-67,3
15408,8.46,P,83,0,477,0,464,316,127,14,T,125,0,290,0,541,258,182,20,1,42,0,-187,0,77,-58,55,6
15409,3.42,Z,12,0,119,0,7,48,62,1,Z,17,2,25,36,112,58,148,2,1,5,2,-94,36,105,10,86,1
15410,6.17,Z,30,2,337,0,48,212,153,11,Z,23,0,223,0,314,84,92,4,0,-7,-2,-114,0,266,-128,-61,-7
15411,9.09,P,45,0,473,0,4,192,95,1,Z,43,1,567,0,43,57,100,5,1,-2,1,94,0,39,-135,5,4
15412,6.41,Z,29,0,280,0,13,110,177,6,P,30,2,607,3,6,70,42,0,1,1,2,327,3,-7,-40,-135,-6
15413,4.18,T,27,0,137,0,335,51,48,7,P,21,4,260,0,9,104,56,0,1,-6,4,123,0,-326,53,8,-7
15414,7.12,P,19,0,421,0,0,48,47,1,P,27,0,214,0,0,81,38,0,1,8,0,-207,0,0,33,-9,-1
15415,9.59,P,54,1,550,0,69,150,92,10,T,70,0,365,0,463,213,75,4,0,16,-1,-185,0,394,63,-17,-6
15416,5.24,T,16,0,411,0,0,10,21,0,Z,16,1,136,0,2,28,76,0,0,0,1,-275,0,2,18,55,0
15417,8.53,Z,55,7,421,0,72,318,211,4,Z,52,0,305,0,99,167,268,11,1,-3,-7,-116,0,27,-151,57,7
15418,5.33,Z,21,0,253,0,52,71,84,6,T,34,0,420,0,19,77,53,6,0,13,0,167,0,-33,6,-31,0
15419,3.45,Z,14,0,161,21,153,32,181,0,P,22,0,306,0,7,47,44,3,0,8,0,145,-21,-146,15,-137,3
15420,9.59,T,75,4,501,0,18,107,84,1,Z,79,5,291,0,39,43,195,0,1,4,1,-210,0,21,-64,111,-1
15421,10.25,P,43,0,238,0,12,199,97,2,T,62,5,551,0,324,191,85,3,0,19,5,313,0,312,-8,-12,1
15422,7.2,P,51,0,259,0,92,242,70,4,Z,48,0,387,0,43,221,138,7,0,-3,0,128,0,-49,-21,68,3
15423,6.2,Z,28,4,578,0,29,80,73,0,T,33,5,433,0,17,94,53,0,1,5,1,-145,0,-12,14,-20,0
15424,5.59,Z,33,0,188,0,273,181,119,8,T,46,2,156,0,408,239,125,3,0,13,2,-32,0,135,58,6,-5
15425,3.55,T,14,1,176,0,1,18,34,0,T,14,5,302,0,30,67,50,0,1,0,4,126,0,29,49,16,0
15426,4.41,Z,26,6,191,0,25,32,63,1,Z,31,5,110,0,36,91,79,0,0,5,-1,-81,0,11,59,16,-1
15427,3.41,Z,11,0,245,0,12,28,37,2,T,14,0,221,0,485,71,41,9,0,3,0,-24,0,473,43,4,7
15428,10.46,Z,56,2,299,0,19,60,128,1,P,27,0,284,0,8,58,51,3,0,-29,-2,-15,0,-11,-2,-77,2
15429,7.09,T,32,1,525,0,18,31,40,4,P,20,0,329,0,4,86,38,0,1,-12,-1,-196,0,-14,55,-2,-4
15430,9.22,Z,81,3,524,0,457,209,260,7,T,77,0,288,0,267,142,107,7,0,-4,-3,-236,0,-190,-67,-153,0
15431,9.59,P,30,4,955,0,13,98,81,0,Z,39,0,354,0,0,58,135,0,1,9,-4,-601,0,-13,-40,54,0
15432,1.37,T,7,1,206,0,3,14,7,0,T,5,0,60,0,0,9,12,0,0,-2,-1,-146,0,-3,-5,5,0
15433,6.52,Z,39,0,456,0,9,107,140,2,T,60,0,334,0,158,78,137,14,1,21,0,-122,0,149,-29,-3,12
15434,9.59,T,87,0,649,0,93,375,106,10,P,72,6,717,0,47,282,86,2,1,-15,6,68,0,-46,-93,-20,-8
15435,10.54,Z,72,4,367,0,198,166,293,11,T,87,2,634,0,46,155,134,6,0,15,-2,267,0,-152,-11,-159,-5
15436,6.53,Z,47,2,334,0,373,191,180,6,P,57,1,164,0,199,94,72,5,1,10,-1,-170,0,-174,-97,-108,-1
15437,7.31,Z,39,0,169,0,18,49,130,1,P,23,0,372,0,1,49,39,0,1,-16,0,203,0,-17,0,-91,-1
15438,6.51,T,49,2,300,0,204,184,111,3,Z,57,0,250,0,78,191,143,13,0,8,-2,-50,0,-126,7,32,10
15439,9.59,Z,86,15,574,0,234,470,345,14,Z,78,15,682,4,141,343,315,8,0,-8,0,108,4,-93,-127,-30,-6
15440,6.34,T,40,1,290,0,1,62,72,0,Z,25,0,339,0,29,87,102,5,1,-15,-1,49,0,28,25,30,5
15441,5.56,P,25,0,203,13,23,168,68,0,P,26,0,537,0,0,179,55,0,0,1,0,334,-13,-23,11,-13,0
15442,9.59,Z,30,0,614,0,0,81,125,2,Z,38,2,422,0,26,97,135,5,1,8,2,-192,0,26,16,10,3
15443,4.15,P,21,0,289,0,0,108,34,0,Z,16,2,323,2,4,52,72,0,1,-5,2,34,2,4,-56,38,0
15444,4.44,P,19,0,208,0,0,26,22,0,Z,18,0,179,0,20,18,71,2,1,-1,0,-29,0,20,-8,49,2
15445,8.51,P,37,0,383,0,5,162,93,9,Z,31,0,593,0,0,144,98,0,1,-6,0,210,0,-5,-18,5,-9
15446,9.59,Z,106,2,351,0,173,361,359,16,Z,77,11,437,0,179,225,304,30,1,-29,9,86,0,6,-136,-55,14
15447,9.58,Z,44,1,496,0,13,113,151,0,Z,60,0,424,0,57,167,186,15,0,16,-1,-72,0,44,54,35,15
15448,3.45,T,31,3,139,0,126,54,56,0,T,18,2,148,0,54,40,58,0,0,-13,-1,9,0,-72,-14,2,0
15449,4.07,T,21,0,110,0,0,17,33,0,T,18,3,261,0,7,46,35,0,0,-3,3,151,0,7,29,2,0
15450,6.31,P,30,0,477,0,5,120,66,2,Z,30,3,337,0,473,84,139,3,0,0,3,-140,0,468,-36,73,1
15451,9.59,Z,73,11,479,0,510,187,238,4,T,113,0,416,35,78,300,189,0,0,40,-11,-63,35,-432,113,-49,-4
15452,4.56,T,20,0,257,0,356,61,102,2,T,20,1,343,0,6,22,37,3,1,0,1,86,0,-350,-39,-65,1
15453,8.01,T,24,0,587,0,1,64,41,1,P,32,1,337,0,11,219,63,0,1,8,1,-250,0,10,155,22,-1
15454,9.58,T,41,0,304,0,3,182,91,1,P,52,1,708,0,3,173,72,0,0,11,1,404,0,0,-9,-19,-1
15455,3.54,Z,23,0,116,10,423,89,83,3,Z,18,3,326,3,62,88,121,2,1,-5,3,210,-7,-361,-1,38,-1
15456,4.4,Z,32,16,88,0,315,127,124,7,Z,30,1,258,5,183,106,161,0,0,-2,-15,170,5,-132,-21,37,-7
15457,3.38,P,16,0,280,0,130,72,51,3,Z,30,1,193,0,333,73,185,6,1,14,1,-87,0,203,1,134,3
15458,9.59,Z,68,13,601,0,53,228,236,0,Z,72,4,374,0,115,261,273,2,0,4,-9,-227,0,62,33,37,2
15459,9.59,T,57,0,615,0,0,116,60,0,T,50,2,718,0,0,70,85,0,1,-7,2,103,0,0,-46,25,0
15460,8.34,T,86,0,627,0,235,244,114,6,T,87,0,301,0,49,235,205,27,1,1,0,-326,0,-186,-9,91,21
15461,4.23,T,30,0,138,0,5,68,33,4,T,21,0,168,0,53,65,41,5,0,-9,0,30,0,48,-3,8,1
15462,6.26,P,33,7,210,0,100,69,36,4,P,27,1,655,0,38,111,60,0,1,-6,-6,445,0,-62,42,24,-4
15463,8.2,T,54,0,718,0,32,87,62,3,Z,38,1,618,0,62,158,147,3,0,-16,1,-100,0,30,71,85,0
15464,10.36,T,78,0,409,0,80,69,97,3,Z,89,6,695,0,105,178,240,3,1,11,6,286,0,25,109,143,0
15465,9.58,P,38,0,713,0,0,121,47,0,T,47,6,965,0,35,63,77,1,1,9,6,252,0,35,-58,30,1
15466,2.56,P,12,0,165,0,27,53,32,1,T,13,0,137,0,0,8,16,0,1,1,0,-28,0,-27,-45,-16,-1
15467,9.57,Z,38,0,585,0,10,84,137,2,P,54,2,869,0,6,182,74,0,1,16,2,284,0,-4,98,-63,-2
15468,5.18,P,34,1,314,0,291,179,121,4,Z,40,2,128,0,104,98,156,4,0,6,1,-186,0,-187,-81,35,0
15469,9.56,P,59,0,339,0,37,98,49,9,P,42,9,712,0,19,179,95,0,1,-17,9,373,0,-18,81,46,-9
15470,7.03,Z,33,0,413,0,2,204,129,0,T,35,0,293,0,0,77,61,2,0,2,0,-120,0,-2,-127,-68,2
15471,10.07,Z,74,0,1004,0,89,118,241,9,T,79,7,548,0,369,143,67,1,0,5,7,-456,0,280,25,-174,-8
15472,6.34,Z,22,0,221,0,14,205,106,1,T,31,1,570,0,337,134,179,4,1,9,1,349,0,323,-71,73,3
15473,7.26,P,49,0,380,4,53,142,74,0,Z,29,7,404,0,29,72,113,0,0,-20,7,24,-4,-24,-70,39,0
15474,10.48,P,69,16,762,3,92,208,100,2,P,72,0,494,0,58,381,86,9,0,3,-16,-268,-3,-34,173,-14,7
15475,4.05,P,19,3,217,0,7,108,103,0,T,23,2,191,0,128,59,162,2,1,4,-1,-26,0,121,-49,59,2
15476,9.59,Z,46,0,267,0,11,27,157,6,T,64,0,453,0,7,65,106,7,1,18,0,186,0,-4,38,-51,1
15477,5.27,T,32,6,271,0,363,80,53,2,Z,28,1,386,0,355,110,82,7,1,-4,-5,115,0,-8,30,29,5
15478,8.04,P,26,0,279,0,1,18,28,2,T,55,2,545,0,42,166,69,7,1,29,2,266,0,41,148,41,5
15479,3.28,Z,11,0,133,0,30,20,73,19,T,11,0,240,0,3,44,26,6,1,0,0,107,0,-27,24,-47,-13
15480,9.59,Z,65,5,292,0,33,85,234,0,P,73,10,836,0,45,137,77,4,0,8,5,544,0,12,52,-157,4
15481,9.59,Z,50,2,356,0,23,118,164,0,P,58,0,561,0,32,111,85,7,1,8,-2,205,0,9,-7,-79,7
15482,7.49,P,31,3,259,0,10,222,63,1,P,40,0,387,0,18,100,77,7,1,9,-3,128,0,8,-122,14,6
15483,9.59,T,141,3,660,0,197,191,185,12,Z,70,4,440,0,114,88,293,2,0,-71,1,-220,0,-83,-103,108,-10
15484,9.55,Z,50,0,183,15,112,107,232,1,Z,47,14,817,0,8,38,171,0,1,-3,14,634,-15,-104,-69,-61,-1
15485,9.56,P,32,0,412,0,23,30,35,5,T,52,5,352,0,19,49,59,0,1,20,5,-60,0,-4,19,24,-5
15486,6.57,T,56,0,349,0,401,102,48,8,Z,52,1,383,0,134,205,205,5,1,-4,1,34,0,-267,103,157,-3
15487,10.15,Z,82,8,588,0,232,481,301,15,Z,79,2,421,19,312,356,562,10,1,-3,-6,-167,19,80,-125,261,-5
15488,3.29,T,25,0,231,0,40,109,35,7,P,20,0,75,0,310,127,81,4,1,-5,0,-156,0,270,18,46,-3
15489,8.08,T,70,12,469,0,590,272,114,3,T,71,0,530,0,737,137,164,13,1,1,-12,61,0,147,-135,50,10
15490,7.56,T,40,0,692,0,0,33,53,0,T,38,0,321,0,0,91,61,0,1,-2,0,-371,0,0,58,8,0
15491,9.03,Z,65,8,330,0,50,277,200,3,P,68,9,353,0,90,283,68,7,1,3,1,23,0,40,6,-132,4
15492,9.59,Z,48,0,501,2,24,542,185,15,P,43,0,795,0,0,79,87,0,1,-5,0,294,-2,-24,-463,-98,-15
15493,8.12,P,48,5,432,0,427,205,78,11,Z,52,0,454,90,161,131,342,1,0,4,-5,22,90,-266,-74,264,-10
15494,6.18,T,85,0,380,0,97,141,95,11,P,41,4,329,0,398,217,115,2,0,-44,4,-51,0,301,76,20,-9
15495,8.56,Z,49,5,479,1,38,113,171,3,Z,46,4,229,21,180,132,333,1,1,-3,-1,-250,20,142,19,162,-2
15496,9.58,T,75,0,762,0,95,255,108,12,T,81,11,453,0,69,303,62,2,0,6,11,-309,0,-26,48,-46,-10
15497,9.59,P,55,0,835,0,34,237,112,8,P,67,3,593,0,104,179,98,13,1,12,3,-242,0,70,-58,-14,5
15498,5.21,T,18,2,332,0,1,51,42,0,Z,30,0,196,0,50,111,148,2,1,12,-2,-136,0,49,60,106,2
15499,3.52,P,21,1,137,0,22,134,30,0,P,17,3,373,0,92,50,38,0,1,-4,2,236,0,70,-84,8,0
15500,8.12,T,64,0,446,0,4,190,136,4,P,59,0,475,0,77,199,104,8,1,-5,0,29,0,73,9,-32,4
15501,5.31,Z,29,0,139,0,194,142,328,3,T,26,0,130,0,308,61,100,7,1,-3,0,-9,0,114,-81,-228,4
15502,9.59,P,56,0,676,0,8,136,99,2,Z,59,3,469,0,22,84,175,0,0,3,3,-207,0,14,-52,76,-2
15503,6.46,Z,50,6,239,0,369,133,381,0,P,67,4,180,2,174,168,85,7,1,17,-2,-59,2,-195,35,-296,7
15504,9.59,P,56,0,697,0,75,244,119,7,P,74,7,602,0,92,205,115,9,0,18,7,-95,0,17,-39,-4,2
15505,3.47,P,14,0,129,0,50,55,82,2,P,12,0,240,0,6,108,17,1,0,-2,0,111,0,-44,53,-65,-1
15506,5.56,Z,27,3,214,0,175,115,369,1,P,26,2,311,0,205,122,101,0,1,-1,-1,97,0,30,7,-268,-1
15507,7.49,Z,54,1,335,0,112,192,131,5,T,71,0,321,0,505,147,158,9,1,17,-1,-14,0,393,-45,27,4
15508,4.01,T,26,0,111,0,58,124,36,4,P,17,0,101,0,0,42,26,1,1,-9,0,-10,0,-58,-82,-10,-3
15509,5.32,P,15,0,186,0,0,86,11,0,T,18,0,266,0,0,48,40,1,1,3,0,80,0,0,-38,29,1
15510,9.59,Z,61,0,366,0,34,93,183,6,T,59,3,782,0,143,86,106,5,0,-2,3,416,0,109,-7,-77,-1
15511,8.14,T,73,0,742,0,157,269,166,13,T,69,0,498,0,80,93,78,5,1,-4,0,-244,0,-77,-176,-88,-8
15512,9.41,T,69,4,800,0,33,456,174,5,Z,60,11,641,0,10,120,216,0,1,-9,7,-159,0,-23,-336,42,-5
15513,1.5,Z,11,2,108,0,46,59,60,0,P,9,0,76,0,18,39,19,3,1,-2,-2,-32,0,-28,-20,-41,3
15514,4.02,Z,16,0,147,0,64,89,63,2,T,29,0,173,0,6,173,62,1,1,13,0,26,0,-58,84,-1,-1
15515,9.52,T,28,0,703,0,0,30,72,0,Z,57,0,495,0,57,109,239,10,0,29,0,-208,0,57,79,167,10
15516,9.59,T,48,2,1010,0,3,98,87,0,T,31,0,743,0,0,79,51,0,0,-17,-2,-267,0,-3,-19,-36,0
15517,2.45,T,12,1,156,0,13,29,16,2,T,13,0,238,0,1,32,29,7,1,1,-1,82,0,-12,3,13,5
15518,9.58,T,44,0,620,0,27,22,63,5,Z,48,0,905,0,25,65,151,3,1,4,0,285,0,-2,43,88,-2
15519,9.59,T,111,0,530,0,59,274,127,7,Z,70,4,543,0,294,326,252,2,0,-41,4,13,0,235,52,125,-5
15520,7.5,Z,40,3,337,0,196,120,142,0,Z,43,0,659,0,13,255,175,4,0,3,-3,322,0,-183,135,33,4
15521,6.41,P,77,5,372,0,411,317,111,10,Z,67,4,507,0,435,324,202,8,0,-10,-1,135,0,24,7,91,-2
15522,3.53,T,31,0,314,0,8,102,28,2,Z,13,0,104,0,171,67,77,5,1,-18,0,-210,0,163,-35,49,3
15523,8,Z,55,5,402,0,87,278,174,3,T,54,0,609,0,139,191,198,7,0,-1,-5,207,0,52,-87,24,4
15524,6.55,Z,34,9,127,0,33,121,131,0,T,32,0,411,0,6,137,135,3,1,-2,-9,284,0,-27,16,4,3
15525,10.3,Z,72,10,470,0,74,210,354,1,P,104,13,444,10,448,337,205,0,1,32,3,-26,10,374,127,-149,-1
15526,7.06,P,41,0,581,0,353,163,69,8,Z,50,5,382,0,92,165,138,1,0,9,5,-199,0,-261,2,69,-7
15527,9.58,Z,45,1,793,0,10,116,176,4,Z,39,0,693,0,14,191,219,9,1,-6,-1,-100,0,4,75,43,5
15528,6.09,Z,20,14,170,2,45,23,96,1,P,25,2,121,0,13,90,58,6,0,5,-12,-49,-2,-32,67,-38,5
15529,9.58,T,76,5,607,0,9,160,104,0,Z,79,8,275,0,57,186,200,3,0,3,3,-332,0,48,26,96,3
15530,4.52,Z,32,0,265,0,0,76,185,0,Z,26,1,549,0,77,102,132,2,0,-6,1,284,0,77,26,-53,2
15531,4.2,P,30,0,201,0,205,168,51,4,T,25,0,272,0,85,148,41,5,1,-5,0,71,0,-120,-20,-10,1
15532,9.12,T,121,7,525,0,736,205,138,14,Z,85,12,710,0,123,196,233,6,1,-36,5,185,0,-613,-9,95,-8
15533,4.51,P,23,2,235,0,2,64,33,0,P,19,0,72,0,0,16,34,0,1,-4,-2,-163,0,-2,-48,1,0
15534,9.59,Z,93,15,723,0,591,305,403,13,T,171,3,322,0,285,263,136,15,1,78,-12,-401,0,-306,-42,-267,2
15535,7.06,Z,40,8,323,0,53,267,161,2,Z,52,0,322,0,216,87,137,8,1,12,-8,-1,0,163,-180,-24,6
15536,6.38,T,15,0,211,0,0,103,33,0,T,14,0,325,0,0,98,29,0,1,-1,0,114,0,0,-5,-4,0
15537,7.28,Z,33,2,371,0,46,85,140,2,Z,29,0,222,0,0,73,134,0,0,-4,-2,-149,0,-46,-12,-6,-2
15538,3.55,T,18,0,190,0,203,73,37,2,Z,16,0,198,0,123,44,155,2,1,-2,0,8,0,-80,-29,118,0
15539,9.59,T,93,5,562,0,53,131,96,1,Z,68,7,384,0,35,149,211,1,1,-25,2,-178,0,-18,18,115,0
15540,9.08,P,37,4,447,0,27,170,105,5,P,36,12,699,0,61,150,59,0,0,-1,8,252,0,34,-20,-46,-5
15541,2.28,T,8,1,182,0,0,4,10,0,T,10,0,88,0,3,10,18,8,1,2,-1,-94,0,3,6,8,8
15542,9.5,Z,42,0,890,0,56,118,122,5,Z,25,0,563,0,0,268,110,0,0,-17,0,-327,0,-56,150,-12,-5
15543,4.33,T,24,0,238,0,104,80,47,4,P,24,3,311,0,277,72,16,0,1,0,3,73,0,173,-8,-31,-4
15544,5.59,T,41,0,573,0,2,100,64,0,P,20,0,559,0,2,63,43,2,0,-21,0,-14,0,0,-37,-21,2
15545,3.49,Z,20,0,269,0,12,90,77,1,P,23,0,164,0,149,59,152,2,0,3,0,-105,0,137,-31,75,1
15546,8.36,T,70,0,414,0,276,371,104,2,T,46,0,503,0,93,268,124,9,1,-24,0,89,0,-183,-103,20,7
15547,9.59,Z,51,4,734,0,107,153,174,2,P,78,3,807,0,35,222,157,13,1,27,-1,73,0,-72,69,-17,11
15548,5.22,T,18,2,294,0,127,138,61,6,T,25,5,393,0,0,51,45,0,0,7,3,99,0,-127,-87,-16,-6
15549,1.08,P,4,0,55,0,0,7,2,0,Z,4,2,17,0,89,5,52,0,0,0,2,-38,0,89,-2,50,0
15550,6.12,Z,30,0,253,0,37,80,99,3,T,30,0,223,0,171,36,105,4,0,0,0,-30,0,134,-44,6,1
15551,8.55,Z,47,0,194,0,0,138,179,0,T,65,0,491,0,12,142,74,5,1,18,0,297,0,12,4,-105,5
15552,9.59,Z,63,0,737,0,98,256,230,10,Z,45,0,604,0,24,351,189,5,0,-18,0,-133,0,-74,95,-41,-5
15553,4.45,T,25,1,250,0,16,39,32,2,P,12,0,298,0,0,9,11,0,0,-13,-1,48,0,-16,-30,-21,-2
15554,9.59,T,85,0,626,0,194,264,204,5,T,100,5,602,0,73,146,130,8,1,15,5,-24,0,-121,-118,-74,3
15555,9.56,Z,64,2,874,0,27,207,232,2,T,82,6,361,0,47,145,128,1,1,18,4,-513,0,20,-62,-104,-1
15556,9.59,T,90,9,361,0,62,261,157,2,Z,76,0,640,0,704,197,249,4,1,-14,-9,279,0,642,-64,92,2
15557,6.09,Z,32,0,279,0,469,131,327,4,T,39,2,343,0,4,222,37,0,0,7,2,64,0,-465,91,-290,-4
15558,9.59,T,58,7,322,0,21,119,106,0,Z,54,7,608,0,48,58,153,0,1,-4,0,286,0,27,-61,47,0
15559,9.58,T,51,9,749,0,19,138,76,1,T,69,0,479,0,17,152,66,4,0,18,-9,-270,0,-2,14,-10,3
15560,5.27,Z,31,1,282,0,262,64,178,9,Z,25,2,284,0,39,28,92,0,1,-6,1,2,0,-223,-36,-86,-9
15561,6.53,T,48,1,217,0,50,62,63,4,Z,35,4,277,0,107,188,179,9,0,-13,3,60,0,57,126,116,5
15562,9.58,Z,59,2,574,0,146,86,292,0,T,71,2,545,0,23,114,80,4,1,12,0,-29,0,-123,28,-212,4
15563,9.59,T,95,12,514,0,336,328,94,2,T,73,0,751,0,320,637,315,17,1,-22,-12,237,0,-16,309,221,15
15564,9.59,Z,66,3,550,0,81,229,270,11,P,100,0,523,0,110,164,180,10,0,34,-3,-27,0,29,-65,-90,-1
15565,9.59,T,141,0,467,0,483,393,240,20,Z,93,0,344,0,24,175,404,8,1,-48,0,-123,0,-459,-218,164,-12
15566,6.07,P,22,9,263,0,7,153,28,1,T,24,1,296,0,1,86,52,0,0,2,-8,33,0,-6,-67,24,-1
15567,9.59,Z,50,2,215,0,20,137,136,1,T,90,2,538,0,285,318,87,8,1,40,0,323,0,265,181,-49,7
15568,9.58,P,26,3,363,0,7,56,38,0,Z,31,3,440,0,12,32,91,0,1,5,0,77,0,5,-24,53,0
15569,9.27,Z,64,0,533,0,20,162,228,4,P,59,0,555,0,814,287,82,14,1,-5,0,22,0,794,125,-146,10
15570,9.59,T,61,6,450,0,57,139,101,2,Z,49,0,413,0,13,91,156,4,1,-12,-6,-37,0,-44,-48,55,2
15571,2.12,Z,4,0,76,0,2,35,27,0,Z,9,2,59,0,71,61,77,0,0,5,2,-17,0,69,26,50,0
15572,5.13,P,63,0,335,0,331,255,54,31,P,31,0,302,0,540,144,83,23,1,-32,0,-33,0,209,-111,29,-8
15573,7.11,Z,49,0,446,9,167,312,256,0,Z,65,7,266,0,35,100,128,2,0,16,7,-180,-9,-132,-212,-128,2
15574,4.56,Z,25,4,239,0,11,130,113,0,P,33,1,340,0,219,139,38,3,1,8,-3,101,0,208,9,-75,3
15575,9.33,T,85,4,382,0,105,189,109,2,T,65,13,496,0,181,192,125,0,0,-20,9,114,0,76,3,16,-2
15576,4.3,T,41,2,196,0,60,122,72,1,Z,24,2,233,0,5,75,96,0,0,-17,0,37,0,-55,-47,24,-1
15577,5.31,P,46,0,224,0,235,268,29,9,P,31,0,286,0,322,166,73,10,1,-15,0,62,0,87,-102,44,1
15578,3.41,T,20,0,364,0,0,48,46,1,T,13,0,183,0,1,45,29,1,0,-7,0,-181,0,1,-3,-17,0
15579,9.59,Z,54,14,372,0,67,260,213,0,Z,60,0,412,27,308,350,312,0,1,6,-14,40,27,241,90,99,0
15580,3.48,P,20,0,338,0,8,37,38,2,T,20,0,144,0,139,53,113,2,1,0,0,-194,0,131,16,75,0
15581,9.59,T,70,3,333,0,325,120,177,9,Z,83,0,345,0,83,319,293,6,1,13,-3,12,0,-242,199,116,-3
15582,6.15,P,15,0,337,0,0,34,19,0,P,28,0,571,2,10,47,44,2,0,13,0,234,2,10,13,25,2
15583,9.58,T,46,0,831,0,0,105,108,0,P,46,1,331,0,149,160,186,5,1,0,1,-500,0,149,55,78,5
15584,7.03,Z,40,0,315,0,32,75,124,3,T,60,3,456,0,79,277,137,9,1,20,3,141,0,47,202,13,6
15585,4.52,T,37,2,282,0,277,153,38,4,Z,29,0,476,0,9,43,97,0,0,-8,-2,194,0,-268,-110,59,-4
15586,10.3,P,77,4,408,0,662,318,72,12,T,72,0,481,0,166,205,166,14,1,-5,-4,73,0,-496,-113,94,2
15587,8.15,Z,45,4,519,0,21,91,132,1,Z,46,3,579,0,65,108,176,0,0,1,-1,60,0,44,17,44,-1
15588,10.29,Z,107,2,374,0,219,170,384,2,T,104,0,618,0,602,263,195,8,0,-3,-2,244,0,383,93,-189,6
15589,3.17,P,13,0,170,0,7,82,41,2,P,11,0,162,0,1,98,33,1,1,-2,0,-8,0,-6,16,-8,-1
15590,4.06,Z,22,0,156,0,11,19,45,1,P,21,0,319,2,8,133,20,0,1,-1,0,163,2,-3,114,-25,-1
15591,4.2,T,21,0,555,0,40,57,42,3,T,20,0,84,0,0,26,71,2,0,-1,0,-471,0,-40,-31,29,-1
15592,7.22,P,27,0,638,0,7,114,37,3,Z,32,1,339,0,27,68,97,1,1,5,1,-299,0,20,-46,60,-2
15593,9.59,Z,77,1,488,0,196,341,290,3,T,74,1,437,0,113,132,183,4,0,-3,0,-51,0,-83,-209,-107,1
15594,5.1,Z,41,1,252,0,76,150,116,4,P,39,0,193,0,419,185,100,11,1,-2,-1,-59,0,343,35,-16,7
15595,9.59,T,58,3,296,0,28,188,92,1,T,79,4,548,0,133,241,134,6,1,21,1,252,0,105,53,42,5
15596,9.59,Z,46,8,229,0,78,177,247,5,P,28,0,655,0,0,44,20,0,0,-18,-8,426,0,-78,-133,-227,-5
15597,6.27,Z,23,0,287,0,6,30,108,1,P,30,1,113,0,9,30,33,0,1,7,1,-174,0,3,0,-75,-1
15598,4.05,T,24,0,74,0,7,118,114,5,Z,15,1,264,0,28,60,203,1,1,-9,1,190,0,21,-58,89,-4
15599,2.44,T,9,0,127,0,0,8,17,0,P,10,0,47,0,9,53,30,1,1,1,0,-80,0,9,45,13,1
15600,9.34,P,56,0,515,0,157,242,105,7,P,36,0,170,0,0,33,61,0,0,-20,0,-345,0,-157,-209,-44,-7
15601,8.45,Z,50,2,812,0,30,305,275,0,P,57,2,641,0,81,270,153,0,1,7,0,-171,0,51,-35,-122,0
15602,6.33,T,43,5,504,0,29,79,86,2,T,40,0,205,0,0,67,77,0,0,-3,-5,-299,0,-29,-12,-9,-2
15603,4.54,T,32,0,227,0,255,123,41,4,T,37,0,342,0,130,121,22,4,1,5,0,115,0,-125,-2,-19,0
15604,9.59,Z,29,4,765,0,5,251,114,0,T,88,3,289,0,31,264,305,3,1,59,-1,-476,0,26,13,191,3
15605,9.27,Z,48,0,340,0,9,103,181,5,T,66,0,643,0,0,69,99,0,1,18,0,303,0,-9,-34,-82,-5
15606,7.41,T,46,0,381,0,9,109,72,4,Z,28,2,233,0,5,36,112,0,0,-18,2,-148,0,-4,-73,40,-4
15607,2.51,T,13,0,170,0,0,30,19,0,Z,13,0,140,0,3,11,129,17,1,0,0,-30,0,3,-19,110,17
15608,10.23,Z,47,0,983,0,0,47,109,0,Z,62,1,540,0,73,159,200,4,1,15,1,-443,0,73,112,91,4
15609,7.28,Z,30,3,338,0,14,114,111,0,Z,53,0,499,0,73,237,266,7,1,23,-3,161,0,59,123,155,7
15610,9.59,T,48,0,443,0,18,89,106,4,P,46,0,563,0,4,154,67,5,0,-2,0,120,0,-14,65,-39,1
15611,0.11,T,2,0,9,0,0,1,0,0,Z,0,1,25,0,0,7,5,0,1,-2,1,16,0,0,6,5,0
15612,10.35,T,105,11,713,0,476,300,215,8,Z,90,0,341,0,56,197,338,11,1,-15,-11,-372,0,-420,-103,123,3
15613,2.36,Z,8,0,96,0,24,85,45,2,T,9,1,33,0,3,16,56,1,0,1,1,-63,0,-21,-69,11,-1
15614,9.59,T,81,0,802,0,316,195,166,4,P,63,0,706,0,7,202,94,6,1,-18,0,-96,0,-309,7,-72,2
15615,6.06,P,22,2,194,0,16,77,28,2,T,28,0,511,0,37,141,76,5,0,6,-2,317,0,21,64,48,3
15616,9.27,Z,90,0,584,18,146,266,286,1,T,107,1,484,2,129,259,259,4,1,17,1,-100,-16,-17,-7,-27,3
15617,5.57,Z,33,1,257,0,96,90,107,2,Z,30,0,129,0,17,89,293,1,0,-3,-1,-128,0,-79,-1,186,-1
15618,9.59,T,72,8,232,0,159,236,135,2,P,61,3,472,0,5,214,106,0,0,-11,-5,240,0,-154,-22,-29,-2
15619,3.1,T,18,0,181,0,263,97,95,5,Z,11,2,90,0,308,55,105,7,1,-7,2,-91,0,45,-42,10,2
15620,3.52,P,15,0,218,0,110,39,65,3,T,22,3,346,0,20,52,46,0,1,7,3,128,0,-90,13,-19,-3
15621,4.51,T,39,1,227,0,312,125,146,6,Z,33,1,223,0,70,109,105,4,0,-6,0,-4,0,-242,-16,-41,-2
15622,5.16,T,26,3,187,0,230,53,45,1,P,15,0,198,0,3,31,25,2,0,-11,-3,11,0,-227,-22,-20,1
15623,9.58,Z,47,1,402,0,25,75,155,0,T,67,2,505,0,14,136,83,0,1,20,1,103,0,-11,61,-72,0
15624,9.59,Z,64,5,477,0,115,170,361,9,P,57,0,315,0,19,116,83,11,0,-7,-5,-162,0,-96,-54,-278,2
15625,4.37,T,29,4,303,0,44,193,47,0,P,31,2,221,0,406,82,65,6,1,2,-2,-82,0,362,-111,18,6
15626,5.32,Z,29,5,609,1,36,65,110,0,P,32,5,263,0,329,142,36,4,1,3,0,-346,-1,293,77,-74,4
15627,5.42,T,17,0,175,0,10,25,62,2,Z,22,0,394,0,3,68,72,4,0,5,0,219,0,-7,43,10,2
15628,7.55,P,49,0,454,0,202,197,81,3,P,57,2,533,0,561,262,93,11,1,8,2,79,0,359,65,12,8
15629,9.58,Z,44,0,1134,0,25,81,154,4,P,69,0,639,0,326,201,108,9,1,25,0,-495,0,301,120,-46,5
15630,10.24,P,70,5,650,0,46,283,88,7,P,85,0,935,0,662,427,215,16,0,15,-5,285,0,616,144,127,9
15631,2.37,T,12,0,134,0,54,35,18,2,P,13,1,71,0,13,72,20,2,0,1,1,-63,0,-41,37,2,0
15632,9.59,Z,67,10,335,2,68,112,216,0,P,40,0,693,0,0,83,77,0,0,-27,-10,358,-2,-68,-29,-139,0
15633,6.35,P,33,0,190,0,11,120,50,1,T,47,0,281,0,22,270,66,4,1,14,0,91,0,11,150,16,3
15634,9.59,P,92,0,528,0,732,194,74,9,T,25,0,445,0,0,39,52,0,0,-67,0,-83,0,-732,-155,-22,-9
15635,9.59,T,87,3,525,0,181,328,195,6,P,52,6,497,0,14,184,127,2,0,-35,3,-28,0,-167,-144,-68,-4
15636,9.56,T,80,1,649,0,17,153,165,3,T,45,0,597,0,0,80,122,0,0,-35,-1,-52,0,-17,-73,-43,-3
15637,7.56,Z,59,9,371,0,190,124,194,4,P,34,0,580,0,4,34,55,3,0,-25,-9,209,0,-186,-90,-139,-1
15638,6.56,Z,27,3,332,0,7,75,102,1,Z,36,0,147,0,139,238,250,6,1,9,-3,-185,0,132,163,148,5
15639,7.45,P,37,5,286,0,4,92,45,0,P,44,0,573,0,27,69,39,2,0,7,-5,287,0,23,-23,-6,2
15640,6.56,P,48,6,336,4,68,173,97,1,T,67,1,440,0,260,217,67,12,1,19,-5,104,-4,192,44,-30,11
15641,2.55,P,13,1,152,0,6,99,16,0,T,12,2,85,0,0,29,29,0,1,-1,1,-67,0,-6,-70,13,0
15642,9.57,T,52,0,488,0,21,107,65,6,T,59,6,553,0,24,62,73,0,0,7,6,65,0,3,-45,8,-6
15643,4.04,T,16,0,51,0,2,10,29,3,Z,20,1,41,0,367,57,95,4,1,4,1,-10,0,365,47,66,1
15644,3.56,P,15,0,234,0,1,99,13,1,P,27,0,257,0,16,127,84,2,1,12,0,23,0,15,28,71,1
15645,4.2,P,17,4,158,0,4,27,34,0,P,15,0,249,0,10,84,28,3,1,-2,-4,91,0,6,57,-6,3
15646,8.08,P,46,1,625,0,19,199,77,1,P,28,0,380,0,2,121,75,3,0,-18,-1,-245,0,-17,-78,-2,2
15647,3.3,P,14,3,174,0,73,23,23,0,Z,13,3,62,0,19,39,39,0,0,-1,0,-112,0,-54,16,16,0
15648,5.39,Z,24,1,197,0,5,36,96,0,Z,31,3,261,0,33,33,92,1,0,7,2,64,0,28,-3,-4,1
15649,9.59,Z,59,8,272,0,44,178,172,7,Z,71,0,922,0,30,158,212,3,1,12,-8,650,0,-14,-20,40,-4
15650,8.53,Z,53,5,484,0,58,209,154,8,T,73,0,679,0,17,142,138,6,0,20,-5,195,0,-41,-67,-16,-2
15651,3.48,Z,19,1,124,0,5,110,103,1,P,12,0,111,0,85,52,53,1,0,-7,-1,-13,0,80,-58,-50,0
15652,7.25,Z,59,3,289,0,320,137,205,13,T,31,5,685,0,37,39,33,0,0,-28,2,396,0,-283,-98,-172,-13
15653,5.29,T,37,0,250,0,276,94,139,2,Z,27,0,198,0,33,49,92,3,1,-10,0,-52,0,-243,-45,-47,1
15654,9.59,P,72,0,883,0,36,163,69,9,T,100,0,540,0,708,251,180,7,1,28,0,-343,0,672,88,111,-2
15655,8.23,T,69,1,448,0,186,270,94,13,T,78,0,596,0,45,172,125,15,1,9,-1,148,0,-141,-98,31,2
15656,7.43,Z,42,2,565,0,23,140,170,0,Z,60,0,322,0,203,184,379,3,1,18,-2,-243,0,180,44,209,3
15657,7.42,P,29,0,270,0,4,100,56,2,P,32,0,186,0,7,119,29,1,1,3,0,-84,0,3,19,-27,-1
15658,3.4,T,12,0,236,0,2,74,26,2,P,13,0,61,0,0,59,47,0,0,1,0,-175,0,-2,-15,21,-2
15659,9.25,P,54,2,549,0,16,185,106,0,T,77,0,686,0,168,219,164,6,1,23,-2,137,0,152,34,58,6
15660,7.52,P,53,0,357,0,16,214,99,5,T,51,1,489,0,234,211,118,4,0,-2,1,132,0,218,-3,19,-1
15661,9.21,T,95,0,588,12,245,174,230,6,T,75,3,688,0,27,182,134,1,1,-20,3,100,-12,-218,8,-96,-5
15662,8.52,P,40,0,710,11,28,62,97,1,P,36,0,484,0,0,33,77,1,0,-4,0,-226,-11,-28,-29,-20,0
15663,6.59,T,36,3,708,0,6,260,57,0,T,31,4,514,0,11,104,42,5,1,-5,1,-194,0,5,-156,-15,5
15664,6.59,T,51,5,633,0,52,198,64,1,Z,46,0,565,0,46,176,144,3,0,-5,-5,-68,0,-6,-22,80,2
15665,9.59,T,111,5,589,0,188,208,155,5,Z,69,0,277,0,34,245,346,14,1,-42,-5,-312,0,-154,37,191,9
15666,9.59,Z,62,0,518,0,26,119,168,3,Z,84,0,472,0,86,200,192,5,1,22,0,-46,0,60,81,24,2
15667,6.37,T,29,0,500,0,1,68,59,2,P,25,0,521,0,2,55,49,7,0,-4,0,21,0,1,-13,-10,5
15668,8.4,T,12,0,552,0,0,39,26,0,T,53,0,563,0,4,209,147,3,1,41,0,11,0,4,170,121,3
15669,8.26,P,40,0,640,0,2,184,81,5,P,45,2,413,0,27,223,71,5,1,5,2,-227,0,25,39,-10,0
15670,3.15,T,17,0,112,0,7,38,25,4,T,8,0,267,0,0,37,22,0,0,-9,0,155,0,-7,-1,-3,-4
15671,5,T,33,4,157,0,4,80,173,1,T,43,6,209,1,162,95,39,2,1,10,2,52,1,158,15,-134,1
15672,7.3,Z,47,5,788,0,54,102,117,0,P,44,2,298,0,727,196,40,8,1,-3,-3,-490,0,673,94,-77,8
15673,9.41,T,62,5,498,0,435,329,203,10,T,75,0,405,0,79,239,180,6,1,13,-5,-93,0,-356,-90,-23,-4
15674,5.03,T,28,0,357,0,44,124,47,3,P,15,0,200,0,1,52,49,0,0,-13,0,-157,0,-43,-72,2,-3
15675,9.59,Z,34,0,922,0,4,76,150,1,P,28,0,266,0,0,83,58,0,1,-6,0,-656,0,-4,7,-92,-1
15676,9.59,T,83,0,1338,0,77,254,203,4,T,110,0,414,0,81,191,109,9,1,27,0,-924,0,4,-63,-94,5
15677,3.4,T,16,7,201,0,286,63,113,0,Z,12,1,227,0,138,118,134,3,1,-4,-6,26,0,-148,55,21,3
15678,4.22,P,17,0,191,0,0,111,53,0,P,27,0,230,0,167,121,71,5,1,10,0,39,0,167,10,18,5
15679,8.58,Z,68,0,524,0,145,169,336,2,P,78,4,646,0,72,237,176,8,1,10,4,122,0,-73,68,-160,6
15680,8.36,T,77,8,435,0,726,256,171,7,T,108,0,342,0,616,230,185,14,0,31,-8,-93,0,-110,-26,14,7
15681,9.59,P,70,15,567,0,94,247,71,5,P,48,0,389,0,194,120,63,5,0,-22,-15,-178,0,100,-127,-8,0
15682,3.11,T,17,2,152,0,118,84,107,4,T,18,5,150,0,6,38,33,0,1,1,3,-2,0,-112,-46,-74,-4
15683,4.09,Z,21,0,311,0,98,49,45,1,P,16,1,253,0,38,74,24,2,0,-5,1,-58,0,-60,25,-21,1
15684,9.59,Z,51,2,936,0,33,123,206,1,P,37,0,497,0,0,108,54,0,0,-14,-2,-439,0,-33,-15,-152,-1
15685,3.15,T,27,0,162,0,6,56,56,1,T,19,0,165,0,105,60,39,4,1,-8,0,3,0,99,4,-17,3
15686,0.08,T,0,0,6,0,0,3,3,0,Z,12,0,51,0,2,29,65,3,1,12,0,45,0,2,26,62,3
15687,9.59,P,64,9,767,0,137,345,115,0,P,89,10,542,0,475,231,343,6,1,25,1,-225,0,338,-114,228,6
15688,4.45,Z,21,4,209,0,151,92,117,8,P,16,0,122,0,3,60,22,1,0,-5,-4,-87,0,-148,-32,-95,-7
15689,9.59,Z,106,10,480,0,517,351,366,5,P,87,3,451,0,34,150,73,4,0,-19,-7,-29,0,-483,-201,-293,-1
15690,6.21,P,34,0,176,0,15,157,34,1,T,35,1,443,0,203,106,42,5,0,1,1,267,0,188,-51,8,4
15691,9.59,T,98,0,867,0,746,270,114,8,T,128,4,583,1,657,393,302,14,1,30,4,-284,1,-89,123,188,6
15692,9.06,T,95,4,479,0,274,158,164,2,Z,45,6,415,0,296,263,190,4,0,-50,2,-64,0,22,105,26,2
15693,9.59,Z,82,0,612,0,381,266,474,7,T,79,3,896,0,18,184,89,0,0,-3,3,284,0,-363,-82,-385,-7
15694,7.44,P,44,3,352,0,19,129,71,0,Z,31,1,427,0,27,39,85,5,0,-13,-2,75,0,8,-90,14,5
15695,2.27,T,9,0,178,0,28,44,26,6,T,10,0,96,0,2,17,27,1,0,1,0,-82,0,-26,-27,1,-5
15696,2.39,T,13,0,121,0,17,43,51,1,T,4,0,336,0,1,28,23,1,0,-9,0,215,0,-16,-15,-28,0
15697,0.41,P,7,0,41,0,10,34,15,1,T,3,1,13,0,45,13,28,3,0,-4,1,-28,0,35,-21,13,2
15698,2.43,P,14,0,115,0,27,113,28,3,Z,13,0,217,0,3,31,39,3,0,-1,0,102,0,-24,-82,11,0
15699,4.06,T,18,3,154,0,63,29,23,0,Z,15,0,107,0,0,23,64,0,1,-3,-3,-47,0,-63,-6,41,0
15700,8.17,Z,41,0,739,0,0,129,149,0,T,59,0,496,0,46,198,142,6,1,18,0,-243,0,46,69,-7,6
15701,4.52,T,27,1,261,0,20,85,64,1,Z,22,1,132,0,489,44,86,4,0,-5,0,-129,0,469,-41,22,3
15702,9.58,T,61,0,405,0,19,32,79,5,T,70,0,393,0,49,94,77,7,1,9,0,-12,0,30,62,-2,2
15703,7.3,Z,46,0,285,0,219,157,173,15,P,58,0,221,0,201,245,247,16,1,12,0,-64,0,-18,88,74,1
15704,4,P,21,3,133,0,116,125,124,0,Z,20,0,115,0,27,40,203,3,0,-1,-3,-18,0,-89,-85,79,3
15705,8.07,Z,30,0,499,0,13,126,150,2,T,66,0,719,0,28,99,92,6,0,36,0,220,0,15,-27,-58,4
15706,6.05,P,53,6,316,0,274,200,74,4,T,58,7,349,0,255,243,193,2,1,5,1,33,0,-19,43,119,-2
15707,0.49,P,3,0,80,0,0,0,5,0,Z,0,0,28,0,0,0,0,0,0,-3,0,-52,0,0,0,-5,0
15708,5.36,P,29,0,260,0,15,111,43,2,T,38,0,258,0,29,96,172,9,1,9,0,-2,0,14,-15,129,7
15709,9.57,Z,62,0,260,0,259,194,222,6,T,73,7,458,0,376,243,179,1,1,11,7,198,0,117,49,-43,-5
15710,9.59,P,71,0,339,0,104,251,97,11,T,91,0,536,0,571,238,214,25,0,20,0,197,0,467,-13,117,14
15711,5.11,T,29,0,258,0,126,54,97,10,P,28,1,330,0,108,123,87,4,0,-1,1,72,0,-18,69,-10,-6
15712,9.59,Z,57,0,657,0,56,182,289,6,P,53,0,523,0,0,170,106,0,1,-4,0,-134,0,-56,-12,-183,-6
15713,9.57,T,55,2,699,0,1,32,95,2,T,35,0,1404,0,0,70,68,0,0,-20,-2,705,0,-1,38,-27,-2
15714,9.56,P,36,0,519,0,16,120,65,4,T,86,6,366,0,658,105,223,21,1,50,6,-153,0,642,-15,158,17
15715,9.59,T,90,0,532,20,93,396,207,17,Z,63,0,387,0,42,150,213,9,1,-27,0,-145,-20,-51,-246,6,-8
15716,8.08,Z,46,0,349,0,136,216,216,8,T,72,0,462,0,64,202,149,5,1,26,0,113,0,-72,-14,-67,-3
15717,9.57,Z,61,2,534,2,66,146,200,4,P,46,0,418,0,9,88,71,5,0,-15,-2,-116,-2,-57,-58,-129,1
15718,2.39,Z,12,3,104,0,189,62,70,0,Z,7,0,211,2,55,29,31,3,0,-5,-3,107,2,-134,-33,-39,3
15719,6.09,Z,41,5,313,0,65,132,119,5,T,52,3,364,0,236,211,45,4,1,11,-2,51,0,171,79,-74,-1
15720,6.57,Z,40,2,226,0,517,157,203,10,T,70,2,249,0,16,86,77,0,1,30,0,23,0,-501,-71,-126,-10
15721,9.37,P,74,2,666,0,131,332,112,2,Z,76,4,409,0,241,278,337,5,1,2,2,-257,0,110,-54,225,3
15722,7.17,Z,32,2,430,0,254,87,280,4,Z,30,0,274,0,43,82,130,3,0,-2,-2,-156,0,-211,-5,-150,-1
15723,4.19,Z,16,3,248,0,38,57,69,3,Z,18,0,120,2,540,59,86,10,1,2,-3,-128,2,502,2,17,7
15724,8.24,Z,58,0,482,0,26,347,311,4,P,55,0,467,0,293,289,211,4,0,-3,0,-15,0,267,-58,-100,0
15725,9.59,T,107,4,572,0,66,237,110,6,Z,77,10,666,0,48,137,194,0,1,-30,6,94,0,-18,-100,84,-6
15726,4.58,P,57,0,167,0,321,171,106,14,P,43,0,201,0,321,201,90,13,1,-14,0,34,0,0,30,-16,-1
15727,9.24,P,47,1,716,0,27,141,79,6,Z,50,6,461,0,10,120,211,0,0,3,5,-255,0,-17,-21,132,-6
15728,9.31,T,111,1,541,0,320,297,159,15,Z,90,12,704,0,437,373,359,9,1,-21,11,163,0,117,76,200,-6
15729,9.59,Z,65,0,817,0,129,136,204,5,T,88,3,514,0,325,106,135,6,0,23,3,-303,0,196,-30,-69,1
15730,9.57,T,86,0,702,0,133,255,142,4,P,54,0,420,0,6,86,62,5,0,-32,0,-282,0,-127,-169,-80,1
15731,9.57,T,73,5,445,0,43,218,87,2,Z,65,7,234,0,135,81,197,4,1,-8,2,-211,0,92,-137,110,2
15732,9.08,Z,32,0,483,0,22,25,102,3,P,44,0,472,0,1,83,66,1,1,12,0,-11,0,-21,58,-36,-2
15733,10.41,T,107,2,572,0,628,394,138,11,P,60,0,614,0,166,167,355,9,1,-47,-2,42,0,-462,-227,217,-2
15734,6.03,Z,20,0,404,0,1,42,101,3,P,24,0,228,0,5,19,28,1,1,4,0,-176,0,4,-23,-73,-2
15735,9.58,Z,73,6,616,0,310,144,288,6,T,76,0,527,0,96,62,87,13,0,3,-6,-89,0,-214,-82,-201,7
15736,6.3,P,17,0,176,0,0,23,23,0,Z,25,2,221,0,203,82,83,1,1,8,2,45,0,203,59,60,1
15737,8.48,T,115,0,517,0,256,461,237,15,T,74,0,361,0,80,442,213,16,0,-41,0,-156,0,-176,-19,-24,1
15738,4.12,T,19,1,280,0,0,65,29,0,P,22,0,150,0,35,75,71,7,0,3,-1,-130,0,35,10,42,7
15739,7.54,T,44,0,166,0,8,71,67,2,T,44,3,388,0,42,251,74,0,0,0,3,222,0,34,180,7,-2
15740,7.01,Z,41,0,546,0,52,66,136,4,P,37,5,475,0,6,57,50,0,1,-4,5,-71,0,-46,-9,-86,-4
15741,3.39,P,18,2,162,0,2,51,33,0,T,15,0,402,0,1,76,43,4,1,-3,-2,240,0,-1,25,10,4
15742,9.58,Z,64,2,692,0,485,214,376,6,T,86,0,873,0,526,314,157,15,0,22,-2,181,0,41,100,-219,9
15743,10.41,T,69,3,617,0,28,54,89,3,P,49,0,717,40,207,304,220,0,0,-20,-3,100,40,179,250,131,-3
15744,9.59,T,73,0,1009,0,17,81,102,8,P,33,4,939,0,10,235,67,0,1,-40,4,-70,0,-7,154,-35,-8
15745,9.12,Z,55,3,591,0,14,74,185,4,P,66,0,601,0,26,128,81,6,0,11,-3,10,0,12,54,-104,2
15746,9.59,T,76,1,483,0,595,248,241,10,T,51,2,1132,0,12,153,136,2,1,-25,1,649,0,-583,-95,-105,-8
15747,3.49,P,11,1,26,0,0,38,18,0,T,15,0,138,0,0,8,14,0,1,4,-1,112,0,0,-30,-4,0
15748,3.5,T,11,3,84,0,2,40,31,3,P,14,0,96,0,0,35,21,0,1,3,-3,12,0,-2,-5,-10,-3
15749,10.48,T,89,0,586,0,19,382,124,16,P,51,3,620,0,70,138,64,0,0,-38,3,34,0,51,-244,-60,-16
15750,9.21,P,47,0,432,0,0,231,134,0,P,63,0,617,0,13,287,116,5,1,16,0,185,0,13,56,-18,5
15751,3.02,T,6,0,79,0,0,16,11,0,P,8,0,44,0,0,24,14,0,0,2,0,-35,0,0,8,3,0
15752,8.05,T,82,4,529,0,313,318,135,20,Z,84,0,457,0,194,331,313,9,0,2,-4,-72,0,-119,13,178,-11
15753,10.31,Z,39,0,404,0,41,109,130,9,Z,50,0,971,0,38,71,125,5,1,11,0,567,0,-3,-38,-5,-4
15754,9.59,T,105,5,682,0,24,66,92,0,Z,50,0,465,0,7,89,173,3,0,-55,-5,-217,0,-17,23,81,3
15755,3.08,Z,12,3,174,0,60,59,91,1,Z,9,5,54,0,56,43,82,0,1,-3,2,-120,0,-4,-16,-9,-1
15756,9.59,Z,40,0,611,0,37,254,145,9,T,85,2,734,0,112,304,179,3,1,45,2,123,0,75,50,34,-6
15757,10.25,T,87,2,383,0,21,238,129,10,T,106,11,735,0,130,201,189,6,1,19,9,352,0,109,-37,60,-4
15758,6.56,Z,60,3,361,0,143,98,200,7,T,40,0,506,0,42,72,93,4,1,-20,-3,145,0,-101,-26,-107,-3
15759,5.05,T,38,0,213,0,282,68,75,11,P,38,0,213,0,189,221,34,7,0,0,0,0,0,-93,153,-41,-4
15760,5.03,Z,29,3,221,0,25,148,101,4,P,33,0,353,0,536,130,138,4,1,4,-3,132,0,511,-18,37,0
15761,3.01,Z,17,0,126,0,220,88,120,7,Z,14,1,87,0,410,85,67,9,0,-3,1,-39,0,190,-3,-53,2
15762,9.59,Z,71,0,415,0,48,144,197,7,P,75,6,771,0,119,211,104,3,0,4,6,356,0,71,67,-93,-4
15763,3.22,T,16,3,119,0,9,50,27,0,Z,15,5,64,0,95,69,108,0,0,-1,2,-55,0,86,19,81,0
15764,9.59,Z,48,0,628,0,0,156,272,0,T,54,0,701,0,2,143,98,4,1,6,0,73,0,2,-13,-174,4
15765,9.58,T,61,5,458,0,716,126,89,1,T,57,0,813,0,4,143,105,2,0,-4,-5,355,0,-712,17,16,1
15766,7.14,Z,42,8,241,0,53,95,196,0,Z,35,1,394,0,445,165,117,2,1,-7,-7,153,0,392,70,-79,2
15767,10.13,P,41,5,900,0,19,303,72,1,P,42,0,839,0,0,164,120,0,1,1,-5,-61,0,-19,-139,48,-1
15768,4.31,P,28,0,130,0,225,80,29,6,T,27,0,480,0,162,81,47,9,0,-1,0,350,0,-63,1,18,3
15769,3.08,T,11,0,205,0,17,16,85,1,T,19,3,132,0,1,40,38,0,1,8,3,-73,0,-16,24,-47,-1
15770,9.59,P,66,0,623,0,181,287,149,6,P,48,0,341,0,9,128,73,6,0,-18,0,-282,0,-172,-159,-76,0
15771,10.27,T,88,5,921,0,12,298,227,1,Z,66,1,785,0,14,141,223,1,1,-22,-4,-136,0,2,-157,-4,0
15772,8.11,P,63,0,590,0,115,189,114,4,P,48,0,646,0,50,195,58,4,0,-15,0,56,0,-65,6,-56,0
15773,8.56,T,67,6,325,0,499,331,197,6,Z,63,0,384,0,21,454,215,15,0,-4,-6,59,0,-478,123,18,9
15774,7.32,T,33,2,207,0,20,50,54,0,T,57,5,419,0,33,74,45,2,1,24,3,212,0,13,24,-9,2
15775,9.22,Z,56,0,307,0,25,230,196,9,Z,51,0,477,0,32,258,305,13,1,-5,0,170,0,7,28,109,4
15776,4.11,T,22,0,82,0,62,165,35,5,T,29,0,45,0,12,23,60,3,0,7,0,-37,0,-50,-142,25,-2
15777,10.1,T,99,6,599,0,386,362,245,5,T,101,0,594,0,280,255,192,5,0,2,-6,-5,0,-106,-107,-53,0
15778,8.2,T,56,7,589,0,11,114,82,0,T,58,3,565,0,35,140,100,0,0,2,-4,-24,0,24,26,18,0
15779,3.07,T,17,0,144,0,303,113,52,7,T,20,0,137,0,78,52,45,1,0,3,0,-7,0,-225,-61,-7,-6
15780,9.59,T,101,5,338,0,707,220,197,5,T,117,13,404,0,402,210,136,8,1,16,8,66,0,-305,-10,-61,3
15781,9.59,T,52,0,292,0,10,87,101,6,T,53,1,402,0,6,106,129,2,0,1,1,110,0,-4,19,28,-4
15782,9.57,P,32,7,354,0,12,93,33,0,Z,63,0,325,0,0,45,209,0,1,31,-7,-29,0,-12,-48,176,0
15783,9.59,T,64,5,537,0,682,199,227,5,T,87,7,306,0,65,137,188,3,1,23,2,-231,0,-617,-62,-39,-2
15784,10.28,Z,64,0,334,0,36,98,189,3,P,70,12,459,2,357,193,186,14,1,6,12,125,2,321,95,-3,11
15785,9.59,P,58,1,425,0,26,90,76,0,Z,59,5,403,0,53,117,150,0,1,1,4,-22,0,27,27,74,0
15786,5,P,30,2,213,0,128,76,39,3,T,30,1,267,0,6,87,66,1,1,0,-1,54,0,-122,11,27,-2
15787,9.39,P,57,0,389,0,51,299,102,3,P,73,0,450,0,23,405,183,7,1,16,0,61,0,-28,106,81,4
15788,4.39,T,31,0,243,0,38,115,51,5,P,25,0,281,0,75,219,84,4,0,-6,0,38,0,37,104,33,-1
15789,7.46,P,64,0,608,0,1212,143,84,8,P,41,0,649,0,26,264,88,11,0,-23,0,41,0,-1186,121,4,3
15790,5.59,P,34,0,371,0,30,238,63,1,Z,39,0,320,0,43,137,147,10,1,5,0,-51,0,13,-101,84,9
15791,6.13,T,47,6,550,0,4,165,144,0,P,33,7,267,0,598,137,319,0,0,-14,1,-283,0,594,-28,175,0
15792,8.54,P,80,2,309,0,17,294,109,6,T,69,5,559,0,10,197,110,2,0,-11,3,250,0,-7,-97,1,-4
15793,7.38,P,32,0,568,0,0,116,55,1,Z,33,1,340,0,24,102,122,0,1,1,1,-228,0,24,-14,67,-1
15794,9.58,T,61,5,401,0,15,105,95,1,T,43,0,541,0,0,151,111,3,0,-18,-5,140,0,-15,46,16,2
15795,6.24,T,62,4,347,0,179,169,73,3,T,53,0,293,0,219,223,142,8,0,-9,-4,-54,0,40,54,69,5
15796,9.57,T,40,0,518,0,0,45,60,0,P,30,0,288,0,2,178,64,2,0,-10,0,-230,0,2,133,4,2
15797,9.59,Z,96,5,745,0,900,312,454,14,T,117,0,335,0,553,289,165,13,0,21,-5,-410,0,-347,-23,-289,-1
15798,5.52,P,23,1,274,0,21,132,32,2,T,23,4,397,0,2,74,64,1,0,0,3,123,0,-19,-58,32,-1
15799,6.22,Z,42,0,505,0,22,162,221,0,T,40,0,365,0,41,191,81,11,1,-2,0,-140,0,19,29,-140,11
15800,10.21,P,63,0,406,0,20,179,98,3,Z,49,8,468,0,70,298,269,6,1,-14,8,62,0,50,119,171,3
15801,9.59,Z,61,0,563,0,35,274,147,2,T,66,5,605,0,18,247,170,0,0,5,5,42,0,-17,-27,23,-2
15802,3.47,P,16,0,130,0,48,87,83,1,T,15,0,88,0,196,139,36,7,0,-1,0,-42,0,148,52,-47,6
15803,4.45,Z,25,0,140,0,7,28,105,1,P,24,1,211,0,3,50,27,1,1,-1,1,71,0,-4,22,-78,0
15804,7.28,Z,50,1,302,0,53,219,162,1,P,49,2,573,0,36,117,44,1,0,-1,1,271,0,-17,-102,-118,0
15805,8.13,P,22,0,660,0,0,36,6,0,T,61,6,469,0,18,146,94,3,1,39,6,-191,0,18,110,88,3
15806,9.59,Z,39,4,472,0,14,186,171,0,P,44,1,443,0,10,119,67,7,0,5,-3,-29,0,-4,-67,-104,7
15807,2.01,Z,10,4,48,0,11,33,114,1,Z,7,1,59,0,148,15,92,2,1,-3,-3,11,0,137,-18,-22,1
15808,4.17,P,16,1,232,0,187,68,63,4,P,0,0,1,0,0,0,0,0,0,-16,-1,-231,0,-187,-68,-63,-4
15809,10.51,T,72,8,612,0,46,134,168,1,T,75,0,709,0,5,168,161,12,1,3,-8,97,0,-41,34,-7,11
15810,8.04,P,46,7,494,0,19,120,85,2,Z,47,2,375,0,54,47,138,3,0,1,-5,-119,0,35,-73,53,1
15811,10.55,T,70,0,1222,0,14,133,235,6,Z,66,0,698,0,25,238,292,4,1,-4,0,-524,0,11,105,57,-2
15812,5.5,T,65,3,336,0,342,186,103,6,T,57,2,271,0,274,233,214,2,1,-8,-1,-65,0,-68,47,111,-4
15813,9,T,54,3,750,0,7,227,130,0,T,66,0,514,0,16,101,116,7,1,12,-3,-236,0,9,-126,-14,7
15814,5.58,P,35,0,331,0,6,103,95,6,T,38,1,399,0,206,193,66,9,0,3,1,68,0,200,90,-29,3
15815,9.59,P,39,1,754,0,15,107,64,0,T,53,0,403,0,16,146,81,5,1,14,-1,-351,0,1,39,17,5
15816,6.14,P,30,0,307,0,29,176,33,4,Z,34,0,306,0,31,40,107,6,0,4,0,-1,0,2,-136,74,2
15817,9.59,Z,77,3,377,0,127,210,264,6,T,75,4,473,8,69,191,100,0,0,-2,1,96,8,-58,-19,-164,-6
15818,5.5,P,38,0,258,0,64,165,79,4,Z,29,0,232,0,17,161,214,4,0,-9,0,-26,0,-47,-4,135,0
15819,4.41,Z,15,0,308,0,3,23,65,1,P,24,0,387,0,17,99,30,3,1,9,0,79,0,14,76,-35,2
15820,9.59,P,80,1,545,0,157,336,86,15,Z,73,14,502,0,503,360,328,0,1,-7,13,-43,0,346,24,242,-15
15821,8.48,T,62,3,401,0,359,330,147,11,T,79,0,388,0,26,259,177,2,1,17,-3,-13,0,-333,-71,30,-9
15822,9.59,T,77,9,409,0,349,141,108,7,Z,71,0,351,20,160,175,247,7,1,-6,-9,-58,20,-189,34,139,0
15823,9.59,Z,78,15,728,0,574,265,367,5,P,92,2,572,0,106,371,163,7,1,14,-13,-156,0,-468,106,-204,2
15824,4.22,T,25,0,313,0,10,72,41,13,Z,20,0,143,1,303,83,110,1,0,-5,0,-170,1,293,11,69,-12
15825,9.1,P,26,0,398,0,0,84,46,0,T,50,0,665,0,10,137,113,3,1,24,0,267,0,10,53,67,3
15826,9.59,T,71,0,540,0,1,183,127,2,T,78,3,469,0,28,209,184,3,1,7,3,-71,0,27,26,57,1
15827,9.59,T,88,16,662,0,109,243,96,2,T,69,0,547,0,138,343,104,15,1,-19,-16,-115,0,29,100,8,13
15828,5.24,T,43,2,154,0,8,133,47,2,P,24,0,275,0,3,143,29,1,0,-19,-2,121,0,-5,10,-18,-1
15829,7.02,Z,36,0,198,0,28,168,111,1,Z,35,5,352,0,25,50,108,0,0,-1,5,154,0,-3,-118,-3,-1
15830,6.34,T,49,0,228,0,270,223,179,6,P,28,0,261,0,7,120,60,4,0,-21,0,33,0,-263,-103,-119,-2
15831,6.57,Z,48,0,215,0,150,147,203,9,Z,62,0,352,0,363,207,197,12,1,14,0,137,0,213,60,-6,3
15832,7.53,Z,52,0,134,0,20,18,104,4,P,49,0,355,0,66,129,76,1,1,-3,0,221,0,46,111,-28,-3
15833,7.43,T,63,1,366,0,32,213,153,9,T,57,0,305,0,64,155,58,6,1,-6,-1,-61,0,32,-58,-95,-3
15834,8.48,Z,77,4,475,0,219,254,274,7,P,69,3,446,0,143,289,68,14,1,-8,-1,-29,0,-76,35,-206,7
15835,9.59,T,37,0,535,0,0,78,75,2,T,35,1,356,0,1,134,83,2,1,-2,1,-179,0,1,56,8,0
15836,10.29,P,61,7,527,0,134,289,116,8,T,48,6,1246,0,14,94,78,0,1,-13,-1,719,0,-120,-195,-38,-8
15837,7.3,Z,47,0,392,0,169,192,199,17,P,67,6,375,0,342,240,110,10,1,20,6,-17,0,173,48,-89,-7
15838,9.3,T,52,8,690,0,90,151,142,1,P,56,0,570,11,206,119,112,0,1,4,-8,-120,11,116,-32,-30,-1
15839,8.14,T,37,0,602,0,0,20,63,0,Z,31,1,216,0,20,30,99,1,1,-6,1,-386,0,20,10,36,1
15840,6.47,Z,39,1,317,0,18,102,133,1,T,53,4,254,0,601,115,155,0,0,14,3,-63,0,583,13,22,-1
15841,7.31,T,19,0,180,0,0,50,44,1,P,33,0,372,0,1,70,54,0,1,14,0,192,0,1,20,10,-1
15842,7.28,P,25,2,434,0,9,137,48,0,Z,29,7,427,0,27,98,97,1,0,4,5,-7,0,18,-39,49,1
15843,8.21,P,57,0,424,0,75,199,101,12,P,54,9,598,0,65,226,95,2,1,-3,9,174,0,-10,27,-6,-10
15844,9.59,T,74,3,692,0,167,211,133,10,Z,82,7,569,0,159,231,322,5,1,8,4,-123,0,-8,20,189,-5
15845,8.43,T,80,6,634,1,60,236,81,1,P,80,1,391,0,549,348,103,9,1,0,-5,-243,-1,489,112,22,8
15846,9.59,Z,72,0,354,9,87,245,234,6,P,76,3,442,0,24,153,67,4,0,4,3,88,-9,-63,-92,-167,-2
15847,3.44,Z,5,0,85,0,5,48,39,3,P,21,0,117,0,136,99,47,6,1,16,0,32,0,131,51,8,3
15848,10.31,Z,60,0,469,0,54,145,243,4,T,89,0,687,0,133,439,107,10,0,29,0,218,0,79,294,-136,6
15849,7.44,T,73,0,328,0,75,182,72,3,T,52,3,150,0,10,97,72,2,1,-21,3,-178,0,-65,-85,0,-1
15850,6.06,P,27,0,267,0,7,40,23,1,T,37,0,207,0,78,220,121,6,0,10,0,-60,0,71,180,98,5
15851,4.03,P,20,0,195,0,3,122,25,1,P,13,0,184,0,3,66,30,2,0,-7,0,-11,0,0,-56,5,1
15852,9.59,P,55,10,257,0,137,470,68,0,T,80,0,528,0,138,189,137,8,0,25,-10,271,0,1,-281,69,8
15853,6.29,P,36,4,452,0,16,102,39,0,Z,36,5,108,0,29,136,113,5,1,0,1,-344,0,13,34,74,5
15854,5.37,Z,18,0,117,0,19,39,76,2,P,30,3,309,0,125,194,35,2,1,12,3,192,0,106,155,-41,0
15855,9.59,Z,85,8,613,0,424,354,228,9,Z,71,3,528,0,105,115,195,4,1,-14,-5,-85,0,-319,-239,-33,-5
15856,6.28,P,35,0,409,0,36,177,86,1,T,44,7,385,0,30,96,65,1,1,9,7,-24,0,-6,-81,-21,0
15857,10.29,P,31,0,386,0,0,41,41,0,T,66,0,397,0,15,90,137,8,1,35,0,11,0,15,49,96,8
15858,10.41,T,79,11,522,0,116,344,158,1,P,57,0,874,0,7,92,75,3,1,-22,-11,352,0,-109,-252,-83,2
15859,9.59,Z,73,0,323,0,35,147,188,3,P,52,0,590,0,2,187,107,2,0,-21,0,267,0,-33,40,-81,-1
15860,6.25,P,32,4,548,0,365,95,50,7,Z,35,1,362,0,11,64,129,1,0,3,-3,-186,0,-354,-31,79,-6
15861,3.11,T,14,0,100,0,12,47,54,1,T,20,0,213,0,99,60,22,4,0,6,0,113,0,87,13,-32,3
15862,10.59,T,61,0,660,0,12,53,77,6,P,33,0,432,0,4,100,60,3,0,-28,0,-228,0,-8,47,-17,-3
15863,9.59,P,74,2,777,0,80,284,111,4,T,98,0,545,0,338,203,165,14,0,24,-2,-232,0,258,-81,54,10
15864,5.58,P,45,0,360,0,7,219,88,2,T,23,0,276,0,12,73,50,5,0,-22,0,-84,0,5,-146,-38,3
15865,4.36,P,18,0,155,0,0,41,25,1,Z,19,2,140,0,302,30,198,0,0,1,2,-15,0,302,-11,173,-1
15866,5.12,T,41,1,380,0,24,214,90,3,P,24,0,167,0,21,113,38,4,0,-17,-1,-213,0,-3,-101,-52,1
15867,9.59,Z,60,0,684,0,47,140,158,4,P,60,0,345,0,25,219,58,8,0,0,0,-339,0,-22,79,-100,4
15868,1.5,P,7,0,30,0,0,13,7,2,P,10,0,79,0,2,13,8,1,1,3,0,49,0,2,0,1,-1
15869,9.56,Z,64,8,536,0,15,149,174,0,T,57,0,435,0,3,113,96,0,0,-7,-8,-101,0,-12,-36,-78,0
15870,7.4,P,34,1,338,0,7,229,82,3,P,23,0,297,0,0,140,34,0,1,-11,-1,-41,0,-7,-89,-48,-3
15871,5.24,P,28,0,250,0,28,110,62,3,T,27,0,140,1,16,12,20,1,0,-1,0,-110,1,-12,-98,-42,-2
15872,10.36,Z,60,7,511,0,48,120,225,5,T,85,0,497,0,914,222,123,10,0,25,-7,-14,0,866,102,-102,5
15873,9.59,P,39,0,525,0,0,171,91,1,T,30,0,651,0,0,266,93,1,0,-9,0,126,0,0,95,2,0
15874,8.46,T,61,1,264,0,73,254,325,3,P,36,0,514,0,0,194,114,1,1,-25,-1,250,0,-73,-60,-211,-2
15875,6.52,T,39,0,413,0,10,55,73,3,P,39,7,226,2,191,81,71,0,0,0,7,-187,2,181,26,-2,-3
15876,8.04,T,63,0,369,1,155,289,158,9,P,63,0,342,0,538,174,176,5,1,0,0,-27,-1,383,-115,18,-4
15877,0.43,Z,1,0,31,0,36,25,6,1,Z,3,0,9,0,4,8,11,2,0,2,0,-22,0,-32,-17,5,1
15878,7.21,Z,69,11,199,0,337,253,240,3,Z,51,4,334,1,88,249,200,10,0,-18,-7,135,1,-249,-4,-40,7
15879,3.51,T,22,2,233,0,2,59,45,0,Z,7,1,251,0,12,24,28,1,1,-15,-1,18,0,10,-35,-17,1
15880,6.05,P,57,0,229,0,16,91,50,5,P,21,0,552,0,23,138,86,4,0,-36,0,323,0,7,47,36,-1
15881,9.58,P,49,0,361,0,0,54,74,1,P,53,2,557,0,14,111,72,1,0,4,2,196,0,14,57,-2,0
15882,10.05,Z,46,1,576,0,363,154,224,10,T,69,0,594,0,24,311,127,5,0,23,-1,18,0,-339,157,-97,-5
15883,7.03,P,35,0,467,0,17,139,54,2,P,51,3,523,0,43,141,60,8,1,16,3,56,0,26,2,6,6
15884,6.4,P,42,0,242,0,18,274,182,6,P,53,1,393,0,631,186,121,10,0,11,1,151,0,613,-88,-61,4
15885,9,T,105,0,374,0,285,280,133,5,P,41,0,342,0,14,326,56,5,0,-64,0,-32,0,-271,46,-77,0
15886,2.22,P,11,1,74,0,46,95,11,3,P,9,0,81,0,0,2,8,0,0,-2,-1,7,0,-46,-93,-3,-3
15887,10.48,Z,82,0,689,0,136,175,265,8,P,69,0,464,0,26,156,102,11,0,-13,0,-225,0,-110,-19,-163,3
15888,9.59,T,112,3,552,0,555,329,239,2,T,99,0,541,0,527,200,242,14,1,-13,-3,-11,0,-28,-129,3,12
15889,3.08,Z,12,4,40,0,125,30,71,6,Z,18,4,97,0,27,53,48,1,1,6,0,57,0,-98,23,-23,-5
15890,4.04,P,18,0,339,0,2,43,22,3,Z,18,4,346,0,19,64,43,3,1,0,4,7,0,17,21,21,0
15891,9.53,Z,82,1,822,0,53,149,232,7,P,52,9,557,1,36,90,68,1,0,-30,8,-265,1,-17,-59,-164,-6
15892,4.15,P,18,0,219,0,291,103,68,6,T,29,4,170,0,228,96,38,1,0,11,4,-49,0,-63,-7,-30,-5
15893,10.07,T,87,0,462,0,61,229,169,3,Z,73,0,423,0,35,92,198,3,0,-14,0,-39,0,-26,-137,29,0
15894,4.45,T,25,0,156,0,3,12,44,4,P,20,9,254,7,77,146,37,0,0,-5,9,98,7,74,134,-7,-4
15895,9.59,Z,83,0,429,48,504,329,462,7,P,100,0,702,0,40,237,96,17,0,17,0,273,-48,-464,-92,-366,10
15896,8.56,T,60,0,463,0,172,267,108,4,T,73,5,560,0,365,157,107,10,1,13,5,97,0,193,-110,-1,6
15897,9.59,T,57,0,632,0,7,220,196,4,T,68,6,474,0,13,225,93,2,0,11,6,-158,0,6,5,-103,-2
15898,9.59,T,63,0,422,0,49,118,68,4,P,66,1,833,0,103,227,95,5,1,3,1,411,0,54,109,27,1
15899,9.59,P,64,2,724,0,77,283,60,10,Z,78,12,449,0,164,297,243,5,1,14,10,-275,0,87,14,183,-5
15900,9.59,Z,52,5,577,0,26,87,139,1,T,73,3,876,0,6,119,95,5,0,21,-2,299,0,-20,32,-44,4
15901,7.46,Z,38,1,499,0,18,121,162,1,T,63,4,628,0,129,307,231,0,1,25,3,129,0,111,186,69,-1
15902,4.32,P,24,12,268,0,486,134,68,2,T,42,0,358,0,89,78,132,4,0,18,-12,90,0,-397,-56,64,2
15903,3.51,T,17,6,92,0,111,81,119,6,Z,25,0,137,0,42,91,272,1,1,8,-6,45,0,-69,10,153,-5
15904,9.59,Z,58,5,181,69,306,210,378,3,Z,50,11,384,0,443,169,219,2,0,-8,6,203,-69,137,-41,-159,-1
15905,6.26,Z,36,0,386,0,114,139,264,4,P,38,0,324,0,61,137,83,13,1,2,0,-62,0,-53,-2,-181,9
15906,5.01,T,33,0,268,0,10,35,35,2,Z,25,3,236,0,166,79,128,6,0,-8,3,-32,0,156,44,93,4
15907,6.3,T,31,0,386,0,5,105,63,2,T,23,3,329,0,20,138,25,1,1,-8,3,-57,0,15,33,-38,-1
15908,9.58,Z,30,0,430,0,10,115,130,1,T,53,3,824,0,2,142,68,0,1,23,3,394,0,-8,27,-62,-1
15909,6.31,T,85,0,514,0,146,336,146,14,Z,61,0,469,0,295,268,197,9,1,-24,0,-45,0,149,-68,51,-5
15910,7.5,T,45,0,411,0,0,66,79,0,T,40,1,499,0,10,169,86,2,0,-5,1,88,0,10,103,7,2
15911,6.45,T,48,3,366,0,7,88,66,3,Z,53,6,453,0,67,148,176,3,0,5,3,87,0,60,60,110,0
15912,7.23,T,58,2,354,0,84,107,67,5,P,48,1,415,0,26,164,59,3,0,-10,-1,61,0,-58,57,-8,-2
15913,6.58,T,44,0,482,0,69,102,70,5,T,52,0,444,0,42,167,92,7,0,8,0,-38,0,-27,65,22,2
15914,3.56,T,21,2,238,0,17,42,25,0,P,20,1,280,0,11,69,13,3,0,-1,-1,42,0,-6,27,-12,3
15915,9.54,P,58,0,411,0,306,491,254,6,Z,49,3,401,0,21,73,148,0,1,-9,3,-10,0,-285,-418,-106,-6
15916,9.59,Z,60,0,390,16,121,113,263,0,T,76,5,747,0,41,236,95,1,1,16,5,357,-16,-80,123,-168,1
15917,4.48,Z,35,7,217,1,373,159,232,10,T,60,0,123,0,768,181,146,24,1,25,-7,-94,-1,395,22,-86,14
15918,6.47,T,43,5,437,0,60,106,64,0,T,55,6,467,0,425,98,76,2,1,12,1,30,0,365,-8,12,2
15919,6.04,T,25,0,257,0,7,80,63,3,Z,33,0,358,0,1,79,85,3,1,8,0,101,0,-6,-1,22,0
15920,9.59,T,72,0,477,0,23,169,135,9,Z,67,3,706,0,52,118,205,2,1,-5,3,229,0,29,-51,70,-7
15921,9.59,Z,27,2,628,0,10,122,101,1,T,36,0,538,0,28,196,90,6,1,9,-2,-90,0,18,74,-11,5
15922,7.15,Z,47,4,298,0,448,241,169,4,P,50,1,293,0,456,90,60,8,0,3,-3,-5,0,8,-151,-109,4
15923,8.35,Z,48,3,381,0,29,93,201,0,T,58,0,525,0,23,70,91,10,1,10,-3,144,0,-6,-23,-110,10
15924,9.56,T,73,4,788,0,130,192,143,15,P,56,6,758,0,36,163,77,7,0,-17,2,-30,0,-94,-29,-66,-8
15925,8.5,T,82,6,622,0,44,241,90,4,P,63,0,404,0,138,239,92,6,0,-19,-6,-218,0,94,-2,2,2
15926,6.16,P,44,1,416,0,74,116,51,5,T,41,0,210,6,43,110,66,1,0,-3,-1,-206,6,-31,-6,15,-4
15927,9.59,T,49,0,341,0,17,170,105,3,P,66,2,622,0,32,303,157,15,1,17,2,281,0,15,133,52,12
15928,9.44,T,73,0,448,0,48,186,83,7,P,29,0,438,0,0,56,58,0,0,-44,0,-10,0,-48,-130,-25,-7
15929,9.59,T,102,4,423,0,169,263,238,5,P,79,7,542,7,152,377,182,1,1,-23,3,119,7,-17,114,-56,-4
15930,9.1,T,73,0,388,0,314,290,299,15,Z,74,0,474,0,791,293,245,9,1,1,0,86,0,477,3,-54,-6
15931,4.27,T,29,0,304,0,3,85,49,2,T,35,3,178,0,178,97,117,0,0,6,3,-126,0,175,12,68,-2
15932,9.5,Z,62,2,280,0,11,159,249,8,P,88,0,560,3,38,211,231,10,0,26,-2,280,3,27,52,-18,2
15933,9.36,T,67,0,622,0,95,189,123,4,Z,46,13,910,0,103,120,157,2,1,-21,13,288,0,8,-69,34,-2
15934,9.59,T,39,1,520,0,20,76,47,6,T,39,1,401,0,40,46,70,4,1,0,0,-119,0,20,-30,23,-2
15935,4.46,T,21,0,241,0,10,38,36,3,T,8,0,246,0,0,78,20,0,0,-13,0,5,0,-10,40,-16,-3
15936,6.1,T,47,1,270,0,231,162,114,4,Z,29,1,466,0,52,74,105,2,0,-18,0,196,0,-179,-88,-9,-2
15937,9.39,T,58,0,302,10,84,63,78,1,Z,41,0,718,0,0,147,192,0,0,-17,0,416,-10,-84,84,114,-1
15938,9.59,P,35,0,526,0,0,43,47,1,T,40,0,435,0,0,67,77,0,0,5,0,-91,0,0,24,30,-1
15939,2.31,T,17,0,170,0,14,45,109,6,T,11,1,88,2,180,108,79,5,1,-6,1,-82,2,166,63,-30,-1
15940,4.26,T,23,0,179,0,265,136,150,4,Z,26,0,263,5,66,171,99,0,1,3,0,84,5,-199,35,-51,-4
15941,9.59,Z,59,4,375,0,670,156,189,14,T,72,0,789,0,472,135,92,18,1,13,-4,414,0,-198,-21,-97,4
15942,1.33,Z,3,0,13,0,0,1,9,0,Z,4,0,25,0,35,25,120,2,0,1,0,12,0,35,24,111,2
15943,9.58,Z,66,3,685,0,60,91,196,2,T,36,0,492,0,0,134,85,0,0,-30,-3,-193,0,-60,43,-111,-2
15944,9.58,P,59,2,736,0,24,310,111,7,T,63,2,544,0,66,184,190,0,0,4,0,-192,0,42,-126,79,-7
15945,8.53,Z,80,5,418,0,41,148,176,3,P,85,8,535,0,356,229,87,19,1,5,3,117,0,315,81,-89,16
15946,5.35,T,12,0,614,0,0,151,41,0,T,30,3,513,0,3,50,53,0,1,18,3,-101,0,3,-101,12,0
15947,5.56,P,37,0,246,0,11,137,51,3,P,28,0,205,2,5,89,56,0,0,-9,0,-41,2,-6,-48,5,-3
15948,4.02,P,19,0,182,0,3,130,22,3,P,18,0,50,3,27,63,25,0,0,-1,0,-132,3,24,-67,3,-3
15949,7.39,Z,34,0,217,0,19,52,102,1,Z,50,0,274,15,130,135,252,2,1,16,0,57,15,111,83,150,1
15950,7.14,T,58,3,393,0,29,172,100,4,Z,29,1,326,0,2,132,140,0,0,-29,-2,-67,0,-27,-40,40,-4
15951,6,P,23,0,542,0,0,77,42,0,T,27,1,469,0,218,117,75,5,0,4,1,-73,0,218,40,33,5
15952,3.26,P,17,0,123,0,4,109,28,2,P,15,1,146,0,0,51,17,0,0,-2,1,23,0,-4,-58,-11,-2
15953,2.21,T,9,0,89,2,2,26,34,0,Z,0,0,1,0,0,0,0,0,0,-9,0,-88,-2,-2,-26,-34,0
15954,6.06,Z,35,3,380,0,52,134,125,8,P,35,4,420,0,23,60,36,0,1,0,1,40,0,-29,-74,-89,-8
15955,7.22,Z,41,3,290,0,19,55,150,1,P,35,0,384,0,7,89,81,2,1,-6,-3,94,0,-12,34,-69,1
15956,9.54,T,85,3,568,0,70,135,115,2,P,52,0,1015,0,0,139,75,1,0,-33,-3,447,0,-70,4,-40,-1
15957,0.39,P,2,0,41,0,0,3,6,0,P,0,0,18,0,66,3,2,1,1,-2,0,-23,0,66,0,-4,1
15958,3.46,P,23,2,221,0,127,96,89,0,Z,23,0,195,0,130,122,96,5,0,0,-2,-26,0,3,26,7,5
15959,4.02,P,9,0,363,0,0,7,11,0,Z,16,1,195,0,4,20,105,0,1,7,1,-168,0,4,13,94,0
15960,6.48,T,47,0,218,0,24,23,43,2,Z,39,0,111,0,35,101,150,3,1,-8,0,-107,0,11,78,107,1
15961,3.56,P,12,1,97,0,5,16,13,0,T,15,0,164,0,2,10,31,2,1,3,-1,67,0,-3,-6,18,2
15962,4.44,P,28,0,296,2,2,100,48,0,Z,16,1,158,0,47,107,77,2,1,-12,1,-138,-2,45,7,29,2
15963,9.41,T,68,0,648,0,364,229,98,8,T,67,0,708,0,11,110,71,2,0,-1,0,60,0,-353,-119,-27,-6
15964,5.15,Z,30,0,313,0,31,31,66,1,Z,9,0,14,0,0,4,29,0,0,-21,0,-299,0,-31,-27,-37,-1
15965,6.28,Z,30,0,201,0,2,101,134,2,T,30,0,341,0,5,43,49,5,0,0,0,140,0,3,-58,-85,3
15966,9.59,Z,65,0,675,0,172,193,214,7,Z,65,1,515,0,211,325,281,15,1,0,1,-160,0,39,132,67,8
15967,5.29,P,21,0,124,0,44,84,73,4,P,24,1,256,0,280,172,35,5,1,3,1,132,0,236,88,-38,1
15968,4.15,T,19,2,196,0,7,91,114,3,P,29,0,251,0,227,121,70,6,1,10,-2,55,0,220,30,-44,3
15969,9.59,P,52,0,238,0,12,120,81,6,T,101,10,799,0,257,361,405,2,1,49,10,561,0,245,241,324,-4
15970,9.58,P,52,0,394,0,17,231,167,7,P,51,2,574,0,89,377,190,6,0,-1,2,180,0,72,146,23,-1
15971,10.52,Z,57,4,603,0,36,195,169,0,Z,90,0,483,0,19,332,473,4,1,33,-4,-120,0,-17,137,304,4
15972,9.59,Z,101,0,536,0,60,276,274,5,T,109,0,463,0,391,244,176,11,1,8,0,-73,0,331,-32,-98,6
15973,8.36,T,97,5,422,0,520,244,217,16,T,65,11,317,0,187,224,242,8,0,-32,6,-105,0,-333,-20,25,-8
15974,3.36,P,17,1,178,0,58,78,58,2,Z,15,0,162,0,509,30,206,4,0,-2,-1,-16,0,451,-48,148,2
15975,9.58,T,89,0,348,0,18,201,88,9,Z,86,0,250,0,3,129,242,3,0,-3,0,-98,0,-15,-72,154,-6
15976,4.4,P,31,0,140,0,28,142,33,1,P,24,0,136,0,5,76,37,2,1,-7,0,-4,0,-23,-66,4,1
15977,5.46,Z,28,0,390,16,423,76,266,1,Z,34,0,200,0,110,101,195,4,1,6,0,-190,-16,-313,25,-71,3
15978,6.3,T,40,0,474,0,64,147,71,2,T,36,0,442,0,2,32,60,0,0,-4,0,-32,0,-62,-115,-11,-2
15979,9.59,Z,57,0,553,0,60,290,298,12,T,101,9,377,7,307,154,278,1,0,44,9,-176,7,247,-136,-20,-11
15980,8.55,T,45,5,774,0,24,16,61,0,Z,47,0,792,0,22,57,220,12,1,2,-5,18,0,-2,41,159,12
15981,4.15,P,24,0,325,0,8,47,28,2,Z,20,0,230,0,51,56,89,7,0,-4,0,-95,0,43,9,61,5
15982,9.59,Z,74,18,419,0,275,230,282,0,T,99,5,752,0,734,286,235,8,1,25,-13,333,0,459,56,-47,8
15983,9.59,P,51,5,622,0,14,118,75,2,T,61,6,497,0,28,94,77,0,0,10,1,-125,0,14,-24,2,-2
15984,9.19,Z,76,0,455,14,195,247,281,2,Z,67,0,503,36,367,247,398,3,1,-9,0,48,22,172,0,117,1
15985,10.52,Z,46,0,745,0,0,121,179,0,T,35,0,484,0,0,126,75,0,0,-11,0,-261,0,0,5,-104,0
15986,8.02,Z,32,0,560,0,1,160,119,1,Z,32,2,362,0,0,236,104,1,0,0,2,-198,0,-1,76,-15,0
15987,9.59,T,64,0,355,0,42,211,92,3,T,33,0,580,0,18,66,58,4,1,-31,0,225,0,-24,-145,-34,1
15988,9.2,P,61,0,539,0,20,335,147,6,Z,57,0,462,0,62,127,163,3,1,-4,0,-77,0,42,-208,16,-3
15989,9.59,Z,34,0,423,0,5,129,123,0,T,72,0,590,0,11,166,92,5,0,38,0,167,0,6,37,-31,5
15990,9.57,P,27,0,184,0,0,29,30,0,T,36,0,420,0,11,98,38,2,0,9,0,236,0,11,69,8,2
15991,9.59,T,94,3,464,0,322,225,187,5,Z,95,0,711,0,205,269,357,4,1,1,-3,247,0,-117,44,170,-1
15992,9.59,T,60,0,467,0,3,154,136,5,Z,70,0,408,28,410,276,342,0,1,10,0,-59,28,407,122,206,-5
15993,8,Z,43,2,375,0,42,128,129,3,Z,27,0,407,0,8,95,75,1,1,-16,-2,32,0,-34,-33,-54,-2
15994,7.29,T,39,0,605,0,17,117,53,3,P,46,0,245,0,97,131,42,8,0,7,0,-360,0,80,14,-11,5
15995,7.15,T,60,0,445,2,85,146,75,4,P,52,0,313,0,9,229,216,6,1,-8,0,-132,-2,-76,83,141,2
15996,3.53,P,26,0,234,0,183,193,115,7,T,21,0,161,10,47,110,72,0,0,-5,0,-73,10,-136,-83,-43,-7
15997,9.58,T,106,3,397,0,55,364,174,5,Z,69,0,312,0,28,123,170,5,1,-37,-3,-85,0,-27,-241,-4,0
15998,8.01,Z,37,2,283,0,43,125,129,8,P,67,0,391,0,70,130,83,9,1,30,-2,108,0,27,5,-46,1
15999,9.58,T,45,0,958,0,6,106,63,3,T,33,1,489,0,3,108,77,0,0,-12,1,-469,0,-3,2,14,-3
16000,4.3,P,23,3,168,0,167,105,66,1,Z,15,0,341,0,25,52,56,2,0,-8,-3,173,0,-142,-53,-10,1
16001,9.58,Z,33,5,405,0,34,96,184,1,Z,53,0,438,0,11,45,165,3,1,20,-5,33,0,-23,-51,-19,2
16002,7.16,Z,45,2,210,0,133,166,163,8,Z,40,0,213,0,77,176,136,16,0,-5,-2,3,0,-56,10,-27,8
16003,10.41,T,42,0,435,0,0,126,83,0,Z,67,0,544,0,135,218,236,21,1,25,0,109,0,135,92,153,21
16004,9.59,Z,88,0,726,0,250,221,307,10,T,128,0,638,0,552,457,125,23,1,40,0,-88,0,302,236,-182,13
16005,7.04,Z,44,10,427,0,45,88,150,0,Z,55,0,353,15,66,171,177,0,0,11,-10,-74,15,21,83,27,0
16006,3.57,T,23,0,181,0,420,45,110,3,Z,31,1,134,0,136,144,105,3,1,8,1,-47,0,-284,99,-5,0
16007,8.57,P,40,1,643,0,26,204,79,5,Z,57,0,549,0,39,169,145,7,0,17,-1,-94,0,13,-35,66,2
16008,9.59,T,92,2,524,6,171,136,249,4,Z,71,0,424,0,71,176,283,4,1,-21,-2,-100,-6,-100,40,34,0
16009,5.36,P,22,4,222,0,78,160,64,1,T,32,3,316,2,82,109,49,0,1,10,-1,94,2,4,-51,-15,-1
16010,7.57,P,43,4,207,0,201,89,37,4,T,60,2,474,0,799,95,85,10,0,17,-2,267,0,598,6,48,6
16011,3.39,Z,9,0,194,0,0,76,42,0,Z,14,2,118,0,9,60,44,0,1,5,2,-76,0,9,-16,2,0
16012,6.53,T,43,0,480,0,13,102,112,3,P,35,1,750,0,11,107,48,2,1,-8,1,270,0,-2,5,-64,-1
16013,10.39,P,39,0,768,0,18,219,66,4,P,42,0,600,0,15,86,73,4,0,3,0,-168,0,-3,-133,7,0
16014,3.42,Z,13,0,122,0,194,74,122,4,Z,12,2,89,0,139,77,158,5,1,-1,2,-33,0,-55,3,36,1
16015,7.12,Z,30,1,313,0,22,154,114,0,Z,45,7,316,0,124,286,233,2,1,15,6,3,0,102,132,119,2
16016,7.51,T,59,0,226,0,494,193,119,8,T,88,0,546,0,713,256,176,23,1,29,0,320,0,219,63,57,15
16017,4.21,Z,33,0,217,0,56,116,97,3,Z,12,5,128,0,24,138,73,2,0,-21,5,-89,0,-32,22,-24,-1
16018,9.59,T,81,0,476,0,39,279,87,12,T,51,0,646,0,26,244,148,7,1,-30,0,170,0,-13,-35,61,-5
16019,9.54,Z,54,1,991,0,115,166,271,2,P,70,8,435,0,302,359,121,3,1,16,7,-556,0,187,193,-150,1
16020,10.32,T,79,1,324,0,182,231,188,5,T,99,9,524,0,205,297,141,2,0,20,8,200,0,23,66,-47,-3
16021,8.54,Z,70,0,488,0,45,295,180,8,P,58,1,436,0,49,228,64,5,0,-12,1,-52,0,4,-67,-116,-3
16022,9.59,T,90,0,284,0,31,313,163,11,T,81,0,318,0,91,496,98,8,0,-9,0,34,0,60,183,-65,-3
16023,5.04,T,27,2,181,0,18,147,115,6,P,11,0,348,0,0,99,31,0,0,-16,-2,167,0,-18,-48,-84,-6
16024,10.3,Z,46,0,731,0,20,139,172,1,Z,48,7,472,0,31,65,184,0,1,2,7,-259,0,11,-74,12,-1
16025,5.41,Z,38,2,307,0,23,136,134,0,T,42,0,381,0,51,240,195,7,0,4,-2,74,0,28,104,61,7
16026,9.59,Z,61,5,553,8,328,250,259,2,T,75,2,441,0,3,163,122,0,0,14,-3,-112,-8,-325,-87,-137,-2
16027,8.25,P,48,0,560,0,64,150,43,9,Z,65,7,343,0,228,345,279,5,1,17,7,-217,0,164,195,236,-4
16028,7.35,T,53,0,146,0,45,169,279,2,Z,42,0,285,0,429,124,143,8,1,-11,0,139,0,384,-45,-136,6
16029,7.53,Z,43,0,217,0,14,143,116,2,Z,48,0,520,0,29,81,120,3,0,5,0,303,0,15,-62,4,1
16030,9.59,T,94,13,433,0,371,317,96,6,Z,65,5,654,0,62,178,226,4,0,-29,-8,221,0,-309,-139,130,-2
16031,9.12,T,93,0,605,0,306,282,116,15,P,78,5,416,0,309,409,194,7,1,-15,5,-189,0,3,127,78,-8
16032,6.19,Z,28,2,353,0,50,124,82,0,P,33,2,434,0,78,69,115,2,0,5,0,81,0,28,-55,33,2
16033,1.17,P,5,0,54,0,123,50,16,6,P,8,0,80,0,163,36,65,3,1,3,0,26,0,40,-14,49,-3
16034,9.58,Z,51,3,478,0,91,120,229,0,T,95,12,1071,0,113,156,137,1,1,44,9,593,0,22,36,-92,1
16035,4.43,T,18,3,311,0,22,86,26,2,T,22,0,339,0,54,54,51,4,1,4,-3,28,0,32,-32,25,2
16036,9.59,T,80,0,367,0,465,294,190,7,T,68,5,541,0,111,219,104,3,0,-12,5,174,0,-354,-75,-86,-4
16037,4.59,P,14,0,500,0,0,30,51,0,T,28,0,323,0,105,136,51,3,0,14,0,-177,0,105,106,0,3
16038,7.19,Z,52,3,304,0,192,299,236,10,P,55,1,565,0,211,186,81,7,0,3,-2,261,0,19,-113,-155,-3
16039,7.36,P,26,0,429,0,0,88,86,1,P,28,0,553,0,34,298,132,5,1,2,0,124,0,34,210,46,4
16040,2.54,Z,9,2,92,0,1,23,37,0,Z,12,0,67,0,28,58,61,8,1,3,-2,-25,0,27,35,24,8
16041,7.12,T,65,6,545,0,87,99,64,1,T,40,2,218,0,360,54,60,8,0,-25,-4,-327,0,273,-45,-4,7
16042,6.42,T,59,0,626,0,48,231,160,6,Z,38,0,175,0,204,204,199,10,0,-21,0,-451,0,156,-27,39,4
16043,2.48,Z,13,0,34,0,195,69,55,3,Z,12,4,207,1,238,117,105,12,1,-1,4,173,1,43,48,50,9
16044,7.02,T,28,3,336,0,12,12,25,0,P,19,0,105,0,0,6,15,0,0,-9,-3,-231,0,-12,-6,-10,0
16045,8.11,Z,54,0,554,0,66,102,124,3,T,71,0,486,0,63,194,79,6,1,17,0,-68,0,-3,92,-45,3
16046,9.59,P,86,7,439,0,104,374,125,0,Z,92,4,539,0,256,215,283,4,0,6,-3,100,0,152,-159,158,4
16047,5.11,T,39,1,222,0,22,67,65,3,Z,30,9,310,0,382,92,181,0,0,-9,8,88,0,360,25,116,-3
16048,9.59,P,81,0,366,0,141,269,90,7,T,55,0,489,0,1,187,113,5,0,-26,0,123,0,-140,-82,23,-2
16049,9.58,Z,69,1,370,0,99,133,212,2,T,80,0,711,0,73,247,247,13,0,11,-1,341,0,-26,114,35,11
16050,9.59,T,64,0,482,0,16,239,82,5,P,45,0,340,0,467,106,82,3,1,-19,0,-142,0,451,-133,0,-2
16051,4.51,P,17,0,168,0,23,68,49,2,Z,21,0,208,0,2,17,84,1,1,4,0,40,0,-21,-51,35,-1
16052,6.53,Z,32,0,151,0,87,55,282,1,T,47,0,157,0,122,85,74,4,1,15,0,6,0,35,30,-208,3
16053,5.45,P,26,0,405,0,11,67,26,2,Z,27,2,267,0,60,51,114,5,0,1,2,-138,0,49,-16,88,3
16054,9.41,P,46,0,829,6,69,68,36,0,P,56,0,701,0,61,165,82,8,1,10,0,-128,-6,-8,97,46,8
16055,9.59,Z,66,0,528,0,236,460,360,2,T,121,1,397,0,634,449,257,13,0,55,1,-131,0,398,-11,-103,11
16056,5.03,T,29,6,253,0,31,103,40,3,T,46,0,281,0,52,163,46,3,1,17,-6,28,0,21,60,6,0
16057,4.34,T,11,0,397,0,0,11,24,0,P,21,0,273,0,71,88,24,2,1,10,0,-124,0,71,77,0,2
16058,7.02,T,62,1,182,0,375,114,55,10,Z,46,1,195,0,134,162,167,6,0,-16,0,13,0,-241,48,112,-4
16059,9.58,Z,77,11,528,0,156,237,337,10,T,140,7,342,0,677,376,240,11,1,63,-4,-186,0,521,139,-97,1
16060,7.07,Z,22,0,586,0,7,84,81,2,T,45,0,764,0,9,226,96,2,1,23,0,178,0,2,142,15,0
16061,9.59,T,78,0,427,0,25,99,124,12,T,50,0,471,0,27,111,104,6,0,-28,0,44,0,2,12,-20,-6
16062,7.57,T,81,3,502,1,432,166,92,6,Z,67,2,365,0,509,242,234,6,0,-14,-1,-137,-1,77,76,142,0
16063,9.58,P,46,0,673,0,108,224,68,13,P,55,0,275,0,9,238,72,3,1,9,0,-398,0,-99,14,4,-10
16064,6.07,Z,27,0,158,0,0,37,93,0,T,49,5,312,0,55,138,37,5,1,22,5,154,0,55,101,-56,5
16065,6.41,P,12,0,138,0,0,11,22,0,P,26,3,502,0,28,62,39,0,1,14,3,364,0,28,51,17,0
16066,10.36,T,117,5,563,0,228,272,179,6,T,147,14,430,0,101,254,105,7,0,30,9,-133,0,-127,-18,-74,1
16067,5.54,Z,49,0,281,0,69,109,130,3,T,52,0,212,0,411,202,51,10,1,3,0,-69,0,342,93,-79,7
16068,8.23,T,105,1,516,0,454,309,115,3,Z,62,0,358,0,262,187,229,4,0,-43,-1,-158,0,-192,-122,114,1
16069,3.49,T,20,1,198,0,189,103,68,4,P,23,0,92,0,11,33,132,2,1,3,-1,-106,0,-178,-70,64,-2
16070,10.32,T,98,1,509,0,465,370,128,12,P,92,0,471,28,209,411,216,2,1,-6,-1,-38,28,-256,41,88,-10
16071,10.05,P,45,8,355,0,349,493,89,0,T,49,3,605,0,1,98,111,0,1,4,-5,250,0,-348,-395,22,0
16072,3.05,T,8,0,48,0,8,31,17,1,Z,9,1,66,0,143,45,151,4,1,1,1,18,0,135,14,134,3
16073,2.05,Z,9,0,38,0,6,17,40,1,Z,6,1,49,0,49,44,24,5,1,-3,1,11,0,43,27,-16,4
16074,4.33,T,29,2,121,0,323,64,126,5,P,41,0,281,0,32,96,55,6,0,12,-2,160,0,-291,32,-71,1
16075,9.59,P,96,3,383,0,607,289,99,19,T,69,0,549,0,211,131,113,8,0,-27,-3,166,0,-396,-158,14,-11
16076,1.54,P,6,0,54,0,0,26,68,0,P,6,0,71,0,0,22,11,1,0,0,0,17,0,0,-4,-57,1
16077,10.12,P,103,9,455,0,42,229,204,5,T,97,0,599,0,238,216,97,15,1,-6,-9,144,0,196,-13,-107,10
16078,7.1,P,33,0,257,0,12,76,50,6,P,31,0,292,0,0,43,38,0,0,-2,0,35,0,-12,-33,-12,-6
16079,6.03,T,33,4,384,0,270,110,37,0,P,22,0,277,0,7,32,28,2,0,-11,-4,-107,0,-263,-78,-9,2
16080,9.38,Z,67,15,331,0,52,213,162,0,Z,62,0,587,0,119,209,225,8,0,-5,-15,256,0,67,-4,63,8
16081,6.2,P,26,0,476,0,8,47,30,1,Z,13,0,276,0,0,73,61,0,0,-13,0,-200,0,-8,26,31,-1
16082,9.18,Z,83,0,659,0,51,222,237,3,T,88,0,680,0,47,202,119,7,0,5,0,21,0,-4,-20,-118,4
16083,2.59,Z,8,4,102,0,3,19,38,0,T,13,0,134,0,0,53,26,0,0,5,-4,32,0,-3,34,-12,0
16084,10.32,Z,64,2,626,0,91,378,250,1,Z,57,0,323,0,44,373,233,7,1,-7,-2,-303,0,-47,-5,-17,6
16085,9.59,T,83,0,755,0,194,217,228,8,T,81,0,751,0,33,197,102,3,1,-2,0,-4,0,-161,-20,-126,-5
16086,4.25,T,19,0,206,0,75,82,108,4,T,30,2,230,0,11,55,34,1,1,11,2,24,0,-64,-27,-74,-3
16087,9.59,P,59,8,365,0,61,338,73,0,P,48,0,875,0,27,159,79,4,0,-11,-8,510,0,-34,-179,6,4
16088,7.14,Z,31,0,537,0,14,165,89,4,P,27,0,507,0,2,133,79,3,1,-4,0,-30,0,-12,-32,-10,-1
16089,3.31,P,23,0,216,0,107,80,109,1,T,14,0,183,0,0,24,19,1,0,-9,0,-33,0,-107,-56,-90,0
16090,9.58,P,36,0,535,0,10,57,70,2,T,56,1,518,0,1,116,116,1,1,20,1,-17,0,-9,59,46,-1
16091,9.51,T,52,0,408,0,7,15,78,4,T,51,6,371,0,54,44,59,0,0,-1,6,-37,0,47,29,-19,-4
16092,9.58,Z,76,7,255,0,140,242,348,2,T,98,2,438,0,37,277,128,5,0,22,-5,183,0,-103,35,-220,3
16093,9.59,T,72,1,402,0,336,107,103,16,T,62,4,615,0,33,101,79,4,0,-10,3,213,0,-303,-6,-24,-12
16094,6.5,Z,36,0,450,0,8,107,122,2,Z,35,1,348,0,17,91,106,0,0,-1,1,-102,0,9,-16,-16,-2
16095,9.59,P,65,4,616,0,63,247,100,4,Z,51,2,362,0,8,104,188,0,0,-14,-2,-254,0,-55,-143,88,-4
16096,1.02,Z,4,0,36,0,0,29,55,3,T,2,0,7,0,2,24,3,1,0,-2,0,-29,0,2,-5,-52,-2
16097,9.05,P,32,0,470,0,0,112,67,0,T,70,2,479,0,16,98,85,4,1,38,2,9,0,16,-14,18,4
16098,4.19,P,20,0,108,0,8,89,50,1,P,20,0,194,0,57,72,103,1,0,0,0,86,0,49,-17,53,0
16099,9.59,Z,53,0,332,0,280,261,263,14,T,78,0,461,0,29,229,373,3,0,25,0,129,0,-251,-32,110,-11
16100,3.11,T,15,0,255,0,106,63,28,7,T,14,0,62,0,289,68,29,2,1,-1,0,-193,0,183,5,1,-5
16101,9.59,P,30,0,381,0,0,105,52,0,P,38,0,267,0,328,122,131,9,1,8,0,-114,0,328,17,79,9
16102,4.16,P,17,0,131,0,3,31,18,2,T,23,0,443,0,375,19,33,1,0,6,0,312,0,372,-12,15,-1
16103,7.44,T,63,4,257,0,85,241,108,6,Z,32,2,419,0,11,257,123,5,0,-31,-2,162,0,-74,16,15,-1
16104,9.59,Z,68,10,554,0,63,118,168,3,T,79,14,414,0,84,119,107,1,0,11,4,-140,0,21,1,-61,-2
16105,1.17,P,6,1,37,0,125,14,27,4,P,1,0,63,0,3,26,11,3,0,-5,-1,26,0,-122,12,-16,-1
16106,8.5,P,69,1,309,0,74,273,94,11,T,75,1,922,0,104,149,97,5,1,6,0,613,0,30,-124,3,-6
16107,8.23,P,53,4,436,0,14,213,81,0,Z,53,4,386,0,91,129,176,1,1,0,0,-50,0,77,-84,95,1
16108,9.59,T,41,0,309,0,0,17,71,0,P,36,0,399,0,0,76,58,0,1,-5,0,90,0,0,59,-13,0
16109,9.58,P,90,4,602,0,371,282,256,8,Z,60,0,801,0,0,200,205,1,0,-30,-4,199,0,-371,-82,-51,-7
16110,8.49,Z,47,7,330,0,207,175,150,7,T,84,0,623,0,217,253,121,9,1,37,-7,293,0,10,78,-29,2
16111,5.06,Z,26,1,177,0,130,91,101,4,P,38,0,466,0,24,140,43,5,1,12,-1,289,0,-106,49,-58,1
16112,9.58,Z,65,0,311,0,110,130,213,2,T,45,0,589,0,0,30,69,0,0,-20,0,278,0,-110,-100,-144,-2
16113,5.48,T,31,0,346,0,316,143,230,13,Z,26,2,139,0,233,146,110,3,0,-5,2,-207,0,-83,3,-120,-10
16114,9.59,P,57,2,447,4,19,220,103,0,Z,40,0,298,0,18,111,157,3,0,-17,-2,-149,-4,-1,-109,54,3
16115,4.25,P,14,0,171,0,0,86,37,2,T,20,0,154,0,0,54,49,1,0,6,0,-17,0,0,-32,12,-1
16116,10.47,Z,102,0,323,0,125,387,359,16,T,84,0,840,0,402,115,116,8,1,-18,0,517,0,277,-272,-243,-8
16117,4.09,P,16,0,198,0,8,111,22,2,T,25,0,214,0,93,92,63,9,1,9,0,16,0,85,-19,41,7
16118,9.58,Z,78,0,719,0,273,290,287,10,P,97,0,417,0,370,363,212,25,1,19,0,-302,0,97,73,-75,15
16119,8.02,T,83,0,418,0,229,310,59,13,Z,53,3,253,0,54,225,159,1,0,-30,3,-165,0,-175,-85,100,-12
16120,1.46,T,4,0,33,0,0,4,11,0,T,5,0,125,0,0,3,4,0,1,1,0,92,0,0,-1,-7,0
16121,9.58,P,61,0,533,0,45,201,82,7,P,45,0,312,0,42,133,45,4,0,-16,0,-221,0,-3,-68,-37,-3
16122,10.12,T,68,1,584,0,18,63,127,4,P,65,5,899,0,55,128,184,2,1,-3,4,315,0,37,65,57,-2
16123,5.57,Z,27,0,346,0,9,50,130,6,Z,30,2,248,0,72,59,200,3,0,3,2,-98,0,63,9,70,-3
16124,6.18,P,43,4,292,0,22,216,108,3,T,40,0,363,0,10,48,71,1,1,-3,-4,71,0,-12,-168,-37,-2
16125,5.59,P,36,0,288,0,181,119,124,3,Z,19,0,254,0,1,97,72,1,0,-17,0,-34,0,-180,-22,-52,-2
16126,9.08,Z,51,3,531,2,10,193,220,3,P,48,3,699,0,5,114,77,0,1,-3,0,168,-2,-5,-79,-143,-3
16127,8.25,Z,38,0,460,0,9,222,142,11,T,66,4,629,0,129,153,78,3,1,28,4,169,0,120,-69,-64,-8
16128,7.56,Z,37,7,124,0,171,51,162,2,P,36,0,438,0,0,56,72,0,0,-1,-7,314,0,-171,5,-90,-2
16129,8.31,Z,61,7,466,0,64,283,197,1,Z,37,3,559,0,24,116,117,3,0,-24,-4,93,0,-40,-167,-80,2
16130,9.59,T,111,0,581,0,396,358,211,12,T,90,0,661,0,428,316,178,7,1,-21,0,80,0,32,-42,-33,-5
16131,5.02,P,18,0,294,0,2,87,81,1,T,23,0,283,0,2,59,33,2,1,5,0,-11,0,0,-28,-48,1
16132,1.55,P,5,0,66,0,0,26,8,1,Z,9,1,85,0,10,17,26,1,1,4,1,19,0,10,-9,18,0
16133,4.13,Z,28,3,372,0,394,88,126,4,Z,18,0,431,0,0,20,60,0,0,-10,-3,59,0,-394,-68,-66,-4
16134,8.22,Z,75,5,820,0,626,357,354,1,P,37,1,623,0,9,154,65,2,0,-38,-4,-197,0,-617,-203,-289,1
16135,9.59,P,46,0,680,0,1,284,101,2,T,93,0,420,0,48,273,197,16,1,47,0,-260,0,47,-11,96,14
16136,3.2,P,14,0,112,0,79,76,74,2,P,17,2,177,1,82,124,46,1,1,3,2,65,1,3,48,-28,-1
16137,5.14,P,23,0,127,0,169,131,99,5,T,39,0,305,0,23,68,47,5,1,16,0,178,0,-146,-63,-52,0
16138,6.37,T,56,0,420,0,459,181,53,4,T,37,0,397,0,1,131,76,1,0,-19,0,-23,0,-458,-50,23,-3
16139,8.58,T,64,0,153,0,162,171,194,5,Z,66,7,279,0,57,329,187,0,1,2,7,126,0,-105,158,-7,-5
16140,6.25,P,41,8,322,0,159,195,52,1,Z,29,0,527,0,20,60,96,7,1,-12,-8,205,0,-139,-135,44,6
16141,5.16,T,24,0,86,3,42,48,37,0,T,26,0,81,0,6,54,50,1,1,2,0,-5,-3,-36,6,13,1
16142,9.58,P,40,5,816,0,16,173,76,0,P,32,0,665,0,0,55,57,0,1,-8,-5,-151,0,-16,-118,-19,0
16143,5.05,P,17,0,224,0,1,18,49,1,T,26,0,127,0,369,18,40,6,1,9,0,-97,0,368,0,-9,5
16144,9.58,Z,40,0,294,0,20,44,118,4,P,40,5,510,0,15,92,48,0,1,0,5,216,0,-5,48,-70,-4
16145,2.3,P,9,0,160,0,37,92,37,3,Z,23,4,138,0,90,64,58,3,1,14,4,-22,0,53,-28,21,0
16146,6.27,P,25,0,532,0,1,80,43,2,P,30,0,374,0,15,62,34,4,1,5,0,-158,0,14,-18,-9,2
16147,6.15,Z,25,4,291,0,258,144,317,2,Z,32,1,214,0,30,123,89,3,0,7,-3,-77,0,-228,-21,-228,1
16148,4.3,Z,15,0,166,0,108,81,77,6,T,28,0,235,0,0,54,57,1,1,13,0,69,0,-108,-27,-20,-5
16149,10.02,Z,54,3,574,0,6,117,215,0,T,100,0,493,10,114,180,129,4,1,46,-3,-81,10,108,63,-86,4
16150,9.59,T,81,0,373,0,72,156,183,6,P,47,0,373,0,27,68,54,8,0,-34,0,0,0,-45,-88,-129,2
16151,9.4,T,65,5,395,0,92,270,71,5,P,61,3,166,0,42,273,54,1,1,-4,-2,-229,0,-50,3,-17,-4
16152,5.24,P,26,1,387,0,16,93,90,1,T,30,0,240,0,495,128,149,12,1,4,-1,-147,0,479,35,59,11
16153,9.58,T,54,2,352,0,41,122,78,2,P,39,4,345,0,11,108,65,4,1,-15,2,-7,0,-30,-14,-13,2
16154,10.2,Z,63,0,297,0,82,140,219,8,P,50,0,736,0,31,209,68,4,0,-13,0,439,0,-51,69,-151,-4
16155,9.59,P,32,0,775,0,0,49,76,0,Z,38,0,654,0,0,183,127,0,0,6,0,-121,0,0,134,51,0
16156,9.59,Z,78,0,341,0,35,140,200,10,Z,72,0,464,0,124,197,257,3,1,-6,0,123,0,89,57,57,-7
16157,2.5,Z,13,0,74,0,49,19,106,1,T,13,0,205,0,112,92,37,5,1,0,0,131,0,63,73,-69,4
16158,7.17,T,65,0,507,0,139,209,190,12,T,40,5,454,0,3,164,94,0,1,-25,5,-53,0,-136,-45,-96,-12
16159,9.59,Z,56,0,734,0,110,302,256,10,P,77,0,264,0,49,169,69,8,0,21,0,-470,0,-61,-133,-187,-2
16160,9.59,T,86,5,804,0,58,221,109,0,Z,61,4,509,0,57,111,155,3,1,-25,-1,-295,0,-1,-110,46,3
16161,9.59,Z,57,0,576,0,12,70,152,2,P,53,0,643,0,42,172,84,13,0,-4,0,67,0,30,102,-68,11
16162,7.16,P,19,0,717,0,0,73,58,0,P,26,0,352,0,0,147,42,0,0,7,0,-365,0,0,74,-16,0
16163,6.16,Z,48,0,199,0,91,160,114,14,P,51,1,316,0,199,159,29,13,0,3,1,117,0,108,-1,-85,-1
16164,8.53,T,58,0,357,0,708,185,95,6,T,79,0,569,0,333,253,168,5,0,21,0,212,0,-375,68,73,-1
16165,6.42,T,51,0,184,0,565,110,113,6,Z,51,5,306,0,452,166,175,4,1,0,5,122,0,-113,56,62,-2
16166,4.01,T,14,2,208,0,1,43,46,0,P,19,0,142,0,34,81,26,3,1,5,-2,-66,0,33,38,-20,3
16167,7.28,P,37,0,681,0,8,82,47,4,T,44,2,565,0,25,195,99,2,0,7,2,-116,0,17,113,52,-2
16168,5.55,Z,32,0,402,0,0,28,149,13,Z,17,5,315,0,107,114,196,6,0,-15,5,-87,0,107,86,47,-7
16169,7.51,Z,59,1,256,0,49,146,226,12,T,91,1,372,0,178,160,90,6,0,32,0,116,0,129,14,-136,-6
16170,9.59,T,78,0,500,0,192,216,258,4,T,91,0,686,0,25,197,128,10,0,13,0,186,0,-167,-19,-130,6
16171,8.18,T,45,0,649,0,26,95,52,5,Z,40,2,452,0,60,88,174,6,1,-5,2,-197,0,34,-7,122,1
16172,5.31,P,25,5,140,0,504,136,91,5,P,19,3,194,0,10,62,55,0,1,-6,-2,54,0,-494,-74,-36,-5
16173,9.58,T,85,2,583,59,198,211,309,2,Z,88,0,806,0,98,202,276,2,0,3,-2,223,-59,-100,-9,-33,0
16174,8.54,Z,53,5,271,0,93,218,215,0,P,57,5,338,0,151,171,113,1,0,4,0,67,0,58,-47,-102,1
16175,6.53,T,81,3,363,0,116,182,142,9,Z,36,0,388,0,22,195,163,3,1,-45,-3,25,0,-94,13,21,-6
16176,8.1,Z,43,0,422,0,38,94,125,3,T,49,0,484,0,283,179,181,9,0,6,0,62,0,245,85,56,6
16177,9.58,Z,31,7,219,0,26,164,166,0,Z,38,0,669,0,0,108,149,0,1,7,-7,450,0,-26,-56,-17,0
16178,10.33,Z,44,0,635,0,0,50,164,0,Z,63,6,326,0,74,108,173,0,1,19,6,-309,0,74,58,9,0
16179,9.59,Z,80,8,630,0,111,236,283,3,T,86,8,615,0,158,256,164,4,1,6,0,-15,0,47,20,-119,1
16180,9.59,P,66,3,243,0,27,237,67,5,T,55,4,617,0,4,129,114,0,1,-11,1,374,0,-23,-108,47,-5
16181,2.37,Z,8,0,37,0,0,26,58,2,Z,12,1,125,0,176,49,145,0,1,4,1,88,0,176,23,87,-2
16182,5.57,Z,46,2,229,0,72,47,272,3,Z,22,2,578,0,192,69,257,3,1,-24,0,349,0,120,22,-15,0
16183,9.59,T,86,2,601,0,220,152,152,3,Z,87,0,587,0,208,292,309,7,1,1,-2,-14,0,-12,140,157,4
16184,3.27,Z,13,0,61,0,211,61,107,4,Z,16,2,147,0,112,59,132,4,0,3,2,86,0,-99,-2,25,0
16185,9.59,T,111,3,578,0,316,234,317,5,P,86,10,455,0,307,156,321,0,0,-25,7,-123,0,-9,-78,4,-5
16186,9.22,T,61,0,572,0,77,118,87,8,T,97,4,456,0,300,199,140,1,1,36,4,-116,0,223,81,53,-7
16187,9.59,P,68,1,610,0,50,429,93,3,T,72,0,925,0,11,206,150,4,0,4,-1,315,0,-39,-223,57,1
16188,10.39,T,82,0,631,0,370,419,350,7,T,121,0,536,0,492,351,445,19,0,39,0,-95,0,122,-68,95,12
16189,4.41,P,24,0,514,0,60,102,34,1,Z,22,0,193,0,24,106,76,4,0,-2,0,-321,0,-36,4,42,3
16190,6.35,Z,35,0,486,0,89,114,144,8,P,27,0,668,0,6,69,42,2,1,-8,0,182,0,-83,-45,-102,-6
16191,9.59,T,68,4,757,0,90,84,93,2,P,56,5,492,0,28,203,76,8,1,-12,1,-265,0,-62,119,-17,6
16192,9.59,T,70,1,501,0,305,401,138,9,T,94,4,659,0,214,276,216,3,1,24,3,158,0,-91,-125,78,-6
16193,0.54,P,2,1,74,0,0,2,8,0,Z,2,1,4,0,2,3,11,0,1,0,0,-70,0,2,1,3,0
16194,9.08,Z,48,0,951,0,485,272,206,6,Z,52,6,702,0,92,114,208,1,0,4,6,-249,0,-393,-158,2,-5
16195,9.56,T,80,12,283,0,566,159,174,9,T,62,3,697,0,10,134,167,3,0,-18,-9,414,0,-556,-25,-7,-6
16196,5.48,Z,24,1,246,0,38,111,89,3,Z,30,0,255,0,10,102,136,3,0,6,-1,9,0,-28,-9,47,0
16197,9.58,P,54,0,543,0,25,309,86,7,Z,51,7,846,0,30,162,154,1,0,-3,7,303,0,5,-147,68,-6
16198,9.59,T,57,0,588,0,6,122,92,5,T,60,4,226,0,98,121,262,6,1,3,4,-362,0,92,-1,170,1
16199,5.19,P,30,0,217,0,27,226,140,6,T,37,4,366,0,392,126,153,10,0,7,4,149,0,365,-100,13,4
16200,9.18,Z,84,4,489,0,151,326,332,0,T,58,0,461,0,16,189,88,7,1,-26,-4,-28,0,-135,-137,-244,7
16201,6.46,Z,46,7,385,5,1201,128,224,0,Z,37,0,280,0,189,150,270,7,0,-9,-7,-105,-5,-1012,22,46,7
16202,9.59,Z,108,0,635,0,369,205,387,10,T,125,7,438,1,349,255,115,4,0,17,7,-197,1,-20,50,-272,-6
16203,8.54,T,48,5,500,0,156,196,111,3,T,65,0,650,0,1,116,147,1,1,17,-5,150,0,-155,-80,36,-2
16204,5.27,P,18,0,469,0,27,150,27,5,P,27,5,479,0,13,90,25,0,0,9,5,10,0,-14,-60,-2,-5
16205,9.59,T,84,3,639,0,33,97,98,0,Z,77,10,490,0,168,345,415,4,1,-7,7,-149,0,135,248,317,4
16206,4.19,T,16,0,112,0,0,34,27,0,P,18,0,121,0,5,82,22,3,0,2,0,9,0,5,48,-5,3
16207,9.59,P,37,0,535,0,0,78,103,0,Z,43,0,471,0,70,136,156,1,0,6,0,-64,0,70,58,53,1
16208,8.42,T,84,0,709,0,490,190,94,7,T,70,0,307,0,4,422,151,3,1,-14,0,-402,0,-486,232,57,-4
16209,2.49,P,15,2,79,0,84,121,87,0,P,16,0,49,0,245,89,83,4,1,1,-2,-30,0,161,-32,-4,4
16210,9.59,T,97,4,297,0,224,483,124,12,T,95,7,396,0,277,240,222,4,0,-2,3,99,0,53,-243,98,-8
16211,5.08,T,25,1,336,0,162,88,38,8,P,27,0,409,0,4,104,37,2,1,2,-1,73,0,-158,16,-1,-6
16212,5.49,Z,35,6,463,0,178,183,176,4,Z,37,1,186,0,287,294,149,6,0,2,-5,-277,0,109,111,-27,2
16213,8.2,P,101,9,307,0,116,287,134,0,P,37,2,315,0,158,234,140,9,0,-64,-7,8,0,42,-53,6,9
16214,5.13,T,36,2,280,0,2,98,56,8,T,43,5,281,0,29,80,38,0,1,7,3,1,0,27,-18,-18,-8
16215,10.43,T,51,0,796,0,7,86,104,3,Z,74,1,620,0,76,170,239,3,0,23,1,-176,0,69,84,135,0
16216,7.22,T,42,0,289,0,113,178,102,5,Z,48,0,251,0,12,59,136,2,0,6,0,-38,0,-101,-119,34,-3
16217,3.31,T,18,0,106,0,191,60,131,2,Z,10,0,103,1,14,137,71,3,1,-8,0,-3,1,-177,77,-60,1
16218,4.48,T,25,0,277,0,431,87,57,4,T,30,3,207,0,293,86,213,0,1,5,3,-70,0,-138,-1,156,-4
16219,4.2,P,25,3,131,3,148,98,82,0,T,29,0,232,0,235,112,37,5,1,4,-3,101,-3,87,14,-45,5
16220,6.46,P,41,4,464,0,99,297,72,1,T,43,0,179,0,107,99,59,9,1,2,-4,-285,0,8,-198,-13,8
16221,9.59,P,44,0,326,0,14,209,119,1,T,44,0,381,0,4,194,76,2,1,0,0,55,0,-10,-15,-43,1
16222,5.02,Z,26,0,183,0,20,80,77,2,P,30,0,133,0,61,108,168,7,1,4,0,-50,0,41,28,91,5
16223,9.59,P,46,3,1133,0,33,203,98,4,T,46,8,340,0,26,145,64,0,0,0,5,-793,0,-7,-58,-34,-4
16224,10.35,Z,84,4,542,0,77,86,213,0,T,70,0,782,0,28,71,102,5,0,-14,-4,240,0,-49,-15,-111,5
16225,9.59,T,33,0,831,0,0,20,68,0,T,55,0,559,0,19,49,83,5,1,22,0,-272,0,19,29,15,5
16226,5.54,P,22,0,167,0,38,143,51,3,P,27,1,202,0,11,77,60,0,1,5,1,35,0,-27,-66,9,-3
16227,3.43,T,22,3,128,0,8,85,25,0,T,17,1,112,0,110,71,35,4,0,-5,-2,-16,0,102,-14,10,4
16228,10.13,T,75,5,681,0,42,145,93,2,P,62,4,642,0,6,134,89,0,1,-13,-1,-39,0,-36,-11,-4,-2
16229,3,T,18,0,108,0,302,60,58,4,T,15,2,99,0,283,145,41,10,1,-3,2,-9,0,-19,85,-17,6
16230,0.39,T,4,0,31,0,32,21,13,3,Z,3,0,27,0,25,14,12,1,1,-1,0,-4,0,-7,-7,-1,-2
16231,8.13,P,63,0,167,0,275,327,86,10,T,59,0,636,0,36,178,128,6,0,-4,0,469,0,-239,-149,42,-4
16232,4.5,Z,29,0,92,0,18,92,70,3,Z,29,11,128,0,254,148,103,8,1,0,11,36,0,236,56,33,5
16233,9.36,P,106,5,483,0,235,317,98,24,P,104,0,595,0,175,334,203,13,1,-2,-5,112,0,-60,17,105,-11
16234,2.24,P,6,0,119,0,4,8,11,1,Z,6,2,21,0,7,20,27,0,1,0,2,-98,0,3,12,16,-1
16235,9.59,T,44,0,520,0,1,123,92,1,P,43,0,479,0,5,113,91,3,1,-1,0,-41,0,4,-10,-1,2
16236,5.13,P,36,0,313,0,207,90,106,6,T,27,1,221,0,309,117,82,6,0,-9,1,-92,0,102,27,-24,0
16237,9.59,Z,44,0,366,0,31,153,187,6,P,51,0,566,0,13,180,68,3,0,7,0,200,0,-18,27,-119,-3
16238,9.59,T,91,3,585,0,366,197,188,9,T,126,5,430,1,539,319,262,7,0,35,2,-155,1,173,122,74,-2
16239,3.01,Z,11,1,84,0,39,50,57,1,Z,13,0,51,0,0,36,234,0,0,2,-1,-33,0,-39,-14,177,-1
16240,1.48,T,8,0,87,0,120,15,13,6,T,4,1,28,0,185,103,45,13,1,-4,1,-59,0,65,88,32,7
16241,9.59,P,64,5,980,0,575,207,69,3,Z,78,0,650,0,99,400,302,2,1,14,-5,-330,0,-476,193,233,-1
16242,9.59,T,57,0,317,0,0,216,127,0,T,61,0,318,0,11,249,87,3,0,4,0,1,0,11,33,-40,3
16243,9.59,P,44,0,280,0,0,44,59,0,P,55,6,422,0,875,201,104,6,1,11,6,142,0,875,157,45,6
16244,9.36,Z,54,0,522,0,28,80,181,4,P,66,3,262,0,19,160,86,1,0,12,3,-260,0,-9,80,-95,-3
16245,5.22,P,30,1,181,0,77,163,34,3,T,25,0,255,0,80,88,55,5,1,-5,-1,74,0,3,-75,21,2
16246,9.59,Z,63,0,343,0,29,119,166,7,T,58,0,387,0,89,290,100,4,0,-5,0,44,0,60,171,-66,-3
16247,9.17,P,30,0,509,0,2,57,46,5,Z,31,4,440,0,16,89,114,2,0,1,4,-69,0,14,32,68,-3
16248,9.59,Z,108,0,1004,0,213,283,326,4,T,152,4,608,0,902,261,247,25,0,44,4,-396,0,689,-22,-79,21
16249,7.38,P,38,0,290,0,202,138,162,18,T,67,0,643,0,84,263,63,4,1,29,0,353,0,-118,125,-99,-14
16250,3.39,P,16,0,243,0,46,48,75,4,Z,11,2,85,0,26,44,60,3,1,-5,2,-158,0,-20,-4,-15,-1
16251,9.59,T,62,0,718,0,0,96,108,0,Z,77,0,486,0,43,119,268,11,1,15,0,-232,0,43,23,160,11
16252,1.23,P,5,0,49,0,0,8,5,0,Z,7,0,37,0,10,15,23,2,0,2,0,-12,0,10,7,18,2
16253,5.29,T,24,0,479,0,4,107,56,6,T,32,1,362,0,1,120,58,0,1,8,1,-117,0,-3,13,2,-6
16254,9.59,Z,73,5,463,0,227,223,415,4,T,90,0,698,0,155,138,177,14,0,17,-5,235,0,-72,-85,-238,10
16255,8.14,T,101,2,327,0,8,209,109,0,P,53,3,161,5,585,187,134,0,1,-48,1,-166,5,577,-22,25,0
16256,3.38,Z,19,0,154,0,268,41,71,7,T,19,0,136,0,214,102,18,5,0,0,0,-18,0,-54,61,-53,-2
16257,9.59,Z,54,6,441,0,41,92,154,0,T,72,0,904,0,0,145,143,2,1,18,-6,463,0,-41,53,-11,2
16258,10.21,T,88,0,1106,0,85,96,90,5,T,91,5,438,0,146,412,157,5,1,3,5,-668,0,61,316,67,0
16259,9.59,P,78,0,523,0,322,330,167,11,Z,71,10,418,0,671,303,246,4,0,-7,10,-105,0,349,-27,79,-7
16260,8.23,P,29,0,461,0,8,166,119,3,P,37,0,378,0,2,121,55,2,1,8,0,-83,0,-6,-45,-64,-1
16261,8.53,P,35,0,632,0,0,172,105,0,T,28,0,704,0,0,25,57,0,0,-7,0,72,0,0,-147,-48,0
16262,7.12,P,43,0,629,0,30,214,81,2,Z,55,0,687,0,61,116,252,4,1,12,0,58,0,31,-98,171,2
16263,9.59,Z,59,9,708,1,68,242,208,1,T,86,0,400,0,13,203,110,1,0,27,-9,-308,-1,-55,-39,-98,0
16264,4.43,Z,18,3,190,0,15,10,53,0,T,17,0,220,0,0,7,36,0,0,-1,-3,30,0,-15,-3,-17,0
16265,9.59,Z,62,2,227,0,226,139,399,1,P,42,0,686,0,22,102,88,9,0,-20,-2,459,0,-204,-37,-311,8
16266,8.51,P,99,0,235,0,30,278,96,5,T,62,4,291,0,598,267,206,6,0,-37,4,56,0,568,-11,110,1
16267,4.36,T,24,0,199,0,40,110,90,6,T,35,2,272,0,173,127,78,4,0,11,2,73,0,133,17,-12,-2
16268,4.1,Z,25,2,238,0,22,30,52,1,Z,26,2,222,0,104,58,63,6,0,1,0,-16,0,82,28,11,5
16269,7.33,Z,39,5,372,0,70,140,190,0,T,70,0,436,0,4,184,71,4,1,31,-5,64,0,-66,44,-119,4
16270,9.35,P,41,6,656,0,56,188,48,4,Z,79,3,394,0,56,126,249,0,1,38,-3,-262,0,0,-62,201,-4
16271,9.58,Z,30,0,237,0,0,54,115,0,T,32,0,442,0,0,52,63,0,0,2,0,205,0,0,-2,-52,0
16272,7.03,Z,26,6,216,0,38,61,74,1,P,37,8,299,2,66,237,112,1,1,11,2,83,2,28,176,38,0
16273,9.59,P,60,1,558,0,324,175,180,7,T,73,0,494,0,115,142,239,22,0,13,-1,-64,0,-209,-33,59,15
16274,9.59,T,38,0,571,0,5,41,63,1,Z,40,2,298,0,20,111,182,0,1,2,2,-273,0,15,70,119,-1
16275,4,P,12,0,150,0,0,29,29,0,P,17,0,132,0,0,20,27,0,1,5,0,-18,0,0,-9,-2,0
16276,9.58,Z,70,0,657,0,0,115,288,0,T,56,0,382,0,14,117,94,1,0,-14,0,-275,0,14,2,-194,1
16277,9.59,P,32,0,405,0,10,58,40,2,Z,44,0,616,0,50,100,177,3,1,12,0,211,0,40,42,137,1
16278,5.33,Z,19,2,239,0,13,29,62,0,P,16,0,367,0,0,93,35,0,0,-3,-2,128,0,-13,64,-27,0
16279,5.5,T,37,4,398,0,17,135,75,3,P,56,0,215,0,15,126,37,6,0,19,-4,-183,0,-2,-9,-38,3
16280,9.32,T,94,4,500,0,330,310,130,16,T,65,1,350,0,74,252,121,3,0,-29,-3,-150,0,-256,-58,-9,-13
16281,9.59,T,90,0,450,0,318,166,168,17,Z,72,9,508,1,84,205,171,1,0,-18,9,58,1,-234,39,3,-16
16282,9.59,T,83,0,600,0,160,442,107,8,T,91,9,472,1,296,199,183,3,1,8,9,-128,1,136,-243,76,-5
16283,7.52,Z,62,4,297,0,90,229,227,9,Z,56,7,283,0,504,268,322,7,0,-6,3,-14,0,414,39,95,-2
16284,10.54,T,43,0,660,0,10,88,72,5,Z,68,2,417,0,269,169,315,6,1,25,2,-243,0,259,81,243,1
16285,6.28,T,90,0,278,0,463,270,131,35,T,90,0,387,0,479,232,196,15,0,0,0,109,0,16,-38,65,-20
16286,3.13,P,18,0,134,0,13,35,14,2,T,13,0,309,0,0,50,30,1,0,-5,0,175,0,-13,15,16,-1
16287,9.56,Z,48,0,275,0,0,44,204,0,Z,38,0,322,0,246,183,234,12,0,-10,0,47,0,246,139,30,12
16288,8.03,P,56,4,233,0,29,163,57,2,T,52,0,659,0,78,248,100,3,0,-4,-4,426,0,49,85,43,1
16289,10.18,T,108,2,556,0,218,310,118,4,Z,52,0,373,0,59,276,280,6,0,-56,-2,-183,0,-159,-34,162,2
16290,9.59,T,43,0,579,0,1,77,73,6,T,60,0,557,0,50,93,77,12,0,17,0,-22,0,49,16,4,6
16291,4.03,Z,17,4,141,0,60,47,75,0,Z,11,0,164,0,4,13,50,4,1,-6,-4,23,0,-56,-34,-25,4
16292,9.25,Z,68,1,291,0,4,75,179,3,T,50,0,388,0,21,191,150,2,0,-18,-1,97,0,17,116,-29,-1
16293,10.57,P,78,5,558,0,78,362,104,5,P,83,0,707,0,87,274,68,13,1,5,-5,149,0,9,-88,-36,8
16294,6.31,P,47,1,408,0,21,145,114,4,Z,31,4,334,0,284,147,181,6,0,-16,3,-74,0,263,2,67,2
16295,3.13,Z,16,0,222,0,21,65,48,6,P,13,1,180,0,6,47,29,0,0,-3,1,-42,0,-15,-18,-19,-6
16296,9.36,Z,82,0,207,0,47,127,168,6,Z,71,2,508,0,39,142,143,6,1,-11,2,301,0,-8,15,-25,0
16297,9.59,T,71,4,492,0,138,247,196,8,P,72,1,579,0,57,287,74,8,1,1,-3,87,0,-81,40,-122,0
16298,4.57,T,25,0,313,0,115,74,32,6,P,38,0,220,0,249,125,91,10,1,13,0,-93,0,134,51,59,4
16299,9.59,T,47,0,1099,0,14,297,96,12,P,40,2,543,0,1,177,48,0,1,-7,2,-556,0,-13,-120,-48,-12
16300,9.59,P,60,0,476,0,18,205,77,3,T,78,0,614,0,225,235,93,13,1,18,0,138,0,207,30,16,10
16301,3.55,T,18,4,68,0,11,66,37,1,P,19,2,135,0,3,28,20,0,1,1,-2,67,0,-8,-38,-17,-1
16302,9.23,Z,66,0,244,0,250,136,376,7,P,50,0,585,0,125,270,187,8,0,-16,0,341,0,-125,134,-189,1
16303,8.4,Z,43,0,299,0,62,190,164,4,P,49,0,648,0,10,275,58,7,0,6,0,349,0,-52,85,-106,3
16304,3.58,Z,11,1,137,0,16,29,46,0,T,26,0,72,0,5,95,152,5,0,15,-1,-65,0,-11,66,106,5
16305,9.59,T,51,0,483,0,17,95,98,9,P,51,2,450,0,112,192,92,4,1,0,2,-33,0,95,97,-6,-5
16306,5.05,Z,29,0,146,0,148,132,228,2,T,22,0,337,0,7,58,34,3,0,-7,0,191,0,-141,-74,-194,1
16307,9.59,T,98,0,413,0,374,216,180,7,T,142,0,687,0,130,414,107,21,1,44,0,274,0,-244,198,-73,14
16308,2.2,T,10,0,209,0,0,33,14,0,Z,6,2,66,0,29,8,43,0,1,-4,2,-143,0,29,-25,29,0
16309,10.29,P,65,3,623,0,6,230,89,2,Z,66,8,434,0,95,135,210,0,0,1,5,-189,0,89,-95,121,-2
16310,3.57,Z,15,0,91,0,0,27,65,0,P,14,0,166,0,0,68,22,0,0,-1,0,75,0,0,41,-43,0
16311,10.06,T,94,3,485,0,101,89,153,0,Z,78,13,591,9,127,110,307,2,0,-16,10,106,9,26,21,154,2
16312,6.09,T,55,1,412,0,184,137,62,8,P,37,0,577,0,476,199,65,10,1,-18,-1,165,0,292,62,3,2
16313,9.59,Z,67,0,475,0,275,304,214,5,Z,70,1,570,0,33,321,403,2,0,3,1,95,0,-242,17,189,-3
16314,10.3,T,141,7,508,0,319,470,274,4,Z,51,0,439,0,37,296,240,8,0,-90,-7,-69,0,-282,-174,-34,4
16315,9.06,P,44,6,492,0,628,191,91,1,T,42,0,318,0,0,20,63,0,0,-2,-6,-174,0,-628,-171,-28,-1
16316,9.59,T,59,7,679,0,35,130,75,0,T,62,0,586,0,3,148,121,7,0,3,-7,-93,0,-32,18,46,7
16317,3.47,Z,16,0,160,0,13,46,160,2,P,17,0,440,0,2,32,30,2,0,1,0,280,0,-11,-14,-130,0
16318,10.17,T,60,0,983,0,0,175,121,1,Z,65,4,422,0,152,212,241,8,1,5,4,-561,0,152,37,120,7
16319,9.58,T,42,0,416,0,3,137,100,1,P,47,0,469,0,36,111,56,10,1,5,0,53,0,33,-26,-44,9
16320,0.19,P,0,0,19,0,3,7,6,0,P,1,0,9,0,0,2,1,0,1,1,0,-10,0,-3,-5,-5,0
16321,9.59,Z,54,12,330,0,92,236,236,0,Z,48,6,554,0,57,79,146,1,0,-6,-6,224,0,-35,-157,-90,1
16322,8.26,P,41,1,122,0,2,190,129,2,T,66,5,412,0,516,236,104,2,1,25,4,290,0,514,46,-25,0
16323,9.56,T,58,2,696,0,15,177,74,0,P,49,4,599,0,17,230,97,1,1,-9,2,-97,0,2,53,23,1
16324,8.19,T,62,0,289,10,235,64,92,1,T,56,2,255,0,21,147,71,2,1,-6,2,-34,-10,-214,83,-21,1
16325,9.59,P,84,0,674,0,65,261,147,3,T,59,0,749,0,40,123,96,10,0,-25,0,75,0,-25,-138,-51,7
16326,8.36,P,52,5,623,0,28,198,97,6,P,76,7,318,0,353,424,192,5,1,24,2,-305,0,325,226,95,-1
16327,8.38,Z,74,8,494,0,299,185,382,1,T,82,0,417,0,170,168,93,6,1,8,-8,-77,0,-129,-17,-289,5
16328,9.59,Z,49,0,932,0,36,88,149,5,P,58,7,979,0,25,209,75,0,1,9,7,47,0,-11,121,-74,-5
16329,5.03,Z,29,0,223,0,160,93,85,2,T,54,0,105,0,93,242,117,5,1,25,0,-118,0,-67,149,32,3
16330,6.42,Z,53,6,382,0,254,110,159,7,T,53,7,250,0,130,190,96,1,1,0,1,-132,0,-124,80,-63,-6
16331,6.24,P,34,0,181,0,0,70,54,0,T,32,2,420,0,1,159,70,1,0,-2,2,239,0,1,89,16,1
16332,9.45,T,98,2,351,0,498,357,153,12,T,94,11,396,0,55,259,193,1,1,-4,9,45,0,-443,-98,40,-11
16333,8.07,P,75,3,497,0,321,311,116,24,Z,62,10,477,0,458,241,279,7,0,-13,7,-20,0,137,-70,163,-17
16334,9.59,Z,46,0,264,0,25,252,142,12,P,80,0,599,0,51,218,166,20,1,34,0,335,0,26,-34,24,8
16335,9.58,T,58,0,608,0,29,54,58,3,P,63,10,387,0,523,196,126,8,1,5,10,-221,0,494,142,68,5
16336,7.07,T,67,7,826,0,554,198,106,3,Z,62,1,587,0,290,201,387,8,0,-5,-6,-239,0,-264,3,281,5
16337,2.28,T,6,0,84,0,42,30,58,2,P,9,0,39,0,5,29,24,7,0,3,0,-45,0,-37,-1,-34,5
16338,4.44,P,27,0,206,0,6,46,30,5,P,18,2,298,0,1,20,32,0,0,-9,2,92,0,-5,-26,2,-5
16339,6.57,P,58,3,501,0,472,292,62,16,T,70,3,659,0,86,146,77,6,1,12,0,158,0,-386,-146,15,-10
16340,7.31,P,56,0,384,0,143,305,142,5,T,99,12,291,0,627,216,116,2,1,43,12,-93,0,484,-89,-26,-3
16341,7.19,Z,39,2,211,0,9,109,117,0,T,53,0,424,0,0,142,149,2,1,14,-2,213,0,-9,33,32,2
16342,10.08,Z,41,0,328,0,0,78,198,0,T,64,0,446,0,6,161,158,6,1,23,0,118,0,6,83,-40,6
16343,5.53,T,45,0,278,0,190,158,176,7,T,26,0,338,0,19,47,28,7,0,-19,0,60,0,-171,-111,-148,0
16344,10.28,T,105,0,347,0,209,251,202,14,Z,72,7,419,0,232,511,338,8,1,-33,7,72,0,23,260,136,-6
16345,9.59,P,65,5,496,0,154,347,128,11,P,79,8,451,0,739,199,61,9,1,14,3,-45,0,585,-148,-67,-2
16346,9.59,Z,71,3,696,0,71,114,226,0,Z,64,2,491,0,41,186,213,0,0,-7,-1,-205,0,-30,72,-13,0
16347,8.26,P,73,2,351,0,293,254,183,11,T,118,0,535,0,67,320,191,6,1,45,-2,184,0,-226,66,8,-5
16348,9.59,P,61,0,248,0,27,228,93,11,Z,58,0,645,0,36,133,206,4,0,-3,0,397,0,9,-95,113,-7
16349,5.5,P,23,0,385,0,2,160,32,2,Z,23,8,298,0,13,115,74,0,0,0,8,-87,0,11,-45,42,-2
16350,9.06,P,78,0,457,0,697,298,163,6,T,87,3,375,0,346,247,106,5,0,9,3,-82,0,-351,-51,-57,-1
16351,8.19,Z,48,0,178,0,0,98,155,0,P,39,2,794,0,16,115,77,4,1,-9,2,616,0,16,17,-78,4
16352,5.31,Z,32,0,201,0,70,58,118,5,P,33,0,291,0,265,87,132,10,0,1,0,90,0,195,29,14,5
16353,4.34,Z,17,0,104,4,1,94,55,0,T,24,0,215,12,41,39,52,0,0,7,0,111,8,40,-55,-3,0
16354,3.51,T,22,4,266,0,121,140,131,1,Z,14,2,215,0,4,41,89,3,1,-8,-2,-51,0,-117,-99,-42,2
16355,8.06,Z,53,0,513,0,42,152,205,3,Z,43,0,280,9,57,116,214,0,0,-10,0,-233,9,15,-36,9,-3
16356,7.59,T,86,1,525,0,210,278,206,13,Z,58,0,545,0,403,286,318,9,0,-28,-1,20,0,193,8,112,-4
16357,7.3,P,63,1,380,0,505,242,79,12,Z,58,0,142,0,1,153,124,2,0,-5,-1,-238,0,-504,-89,45,-10
16358,10.09,T,87,8,506,0,630,169,178,3,Z,61,5,550,0,472,244,429,6,0,-26,-3,44,0,-158,75,251,3
16359,8.54,P,48,3,307,0,66,98,80,6,Z,51,0,558,0,2,34,161,0,0,3,-3,251,0,-64,-64,81,-6
16360,5.46,T,33,4,125,0,422,124,164,6,T,38,3,283,0,2,22,198,5,0,5,-1,158,0,-420,-102,34,-1
16361,8.47,P,31,0,397,0,0,77,34,0,T,48,3,228,0,23,33,55,7,1,17,3,-169,0,23,-44,21,7
16362,9.59,Z,94,0,730,5,119,546,399,0,Z,75,19,505,13,281,314,386,11,0,-19,19,-225,8,162,-232,-13,11
16363,9.39,Z,89,2,480,0,590,223,216,13,P,62,5,590,0,542,232,101,8,1,-27,3,110,0,-48,9,-115,-5
16364,10.03,P,53,8,742,0,131,212,192,6,T,53,5,544,0,16,182,136,3,0,0,-3,-198,0,-115,-30,-56,-3
16365,3.55,T,11,2,191,0,9,94,33,0,Z,14,0,218,0,0,31,66,0,1,3,-2,27,0,-9,-63,33,0
16366,9.12,T,69,1,336,0,16,100,101,1,T,66,4,754,0,45,168,105,4,0,-3,3,418,0,29,68,4,3
16367,1,T,6,0,39,0,62,22,18,2,Z,7,2,28,0,19,12,28,1,0,1,2,-11,0,-43,-10,10,-1
16368,4.12,T,15,2,99,0,0,18,39,0,Z,15,2,78,0,82,17,75,1,1,0,0,-21,0,82,-1,36,1
16369,10.43,P,76,3,607,0,22,182,121,7,T,106,3,666,0,60,228,182,6,1,30,0,59,0,38,46,61,-1
16370,4.36,Z,25,0,197,8,236,126,86,0,P,24,0,493,0,17,71,24,2,1,-1,0,296,-8,-219,-55,-62,2
16371,8.16,T,63,0,412,0,176,154,89,9,P,58,0,541,0,546,169,91,7,1,-5,0,129,0,370,15,2,-2
16372,10.55,Z,83,0,557,0,100,123,307,8,P,42,8,923,1,38,245,82,4,0,-41,8,366,1,-62,122,-225,-4
16373,9.59,T,82,0,357,0,21,237,108,14,P,78,9,722,0,345,232,123,2,1,-4,9,365,0,324,-5,15,-12
16374,9.59,Z,69,0,424,0,51,173,313,7,T,68,0,887,0,0,136,130,0,1,-1,0,463,0,-51,-37,-183,-7
16375,9.59,T,109,9,485,0,174,407,129,7,T,65,3,701,0,34,131,174,0,1,-44,-6,216,0,-140,-276,45,-7
16376,9.16,T,63,2,493,0,45,128,62,7,P,41,0,530,0,0,58,65,0,0,-22,-2,37,0,-45,-70,3,-7
16377,2.13,T,5,0,62,0,0,3,13,0,T,10,1,168,0,0,16,12,0,0,5,1,106,0,0,13,-1,0
16378,4.27,P,23,0,240,0,5,106,41,4,T,23,1,86,0,14,95,44,3,1,0,1,-154,0,9,-11,3,-1
16379,5.53,P,47,3,326,0,353,190,68,9,P,39,3,189,0,582,139,55,3,0,-8,0,-137,0,229,-51,-13,-6
16380,9.59,Z,70,2,432,0,316,230,234,5,T,87,7,711,0,80,278,104,0,0,17,5,279,0,-236,48,-130,-5
16381,2.57,T,12,2,120,0,85,57,77,0,T,16,3,100,0,51,46,28,0,0,4,1,-20,0,-34,-11,-49,0
16382,0.48,P,3,0,12,0,0,4,3,0,P,0,1,55,0,2,7,9,1,0,-3,1,43,0,2,3,6,1
16383,9.59,P,62,9,379,0,52,154,48,0,T,73,0,454,0,18,212,80,3,0,11,-9,75,0,-34,58,32,3
16384,9.51,T,43,0,455,0,0,78,90,0,T,36,3,471,0,0,49,69,0,0,-7,3,16,0,0,-29,-21,0
16385,9.12,T,114,0,527,0,52,245,100,13,Z,74,0,361,0,30,81,225,4,1,-40,0,-166,0,-22,-164,125,-9
16386,1.47,T,5,1,144,0,1,43,9,0,P,6,0,44,0,0,74,7,0,0,1,-1,-100,0,-1,31,-2,0
16387,9.01,Z,44,1,467,0,46,83,187,1,P,42,0,704,0,7,48,49,1,1,-2,-1,237,0,-39,-35,-138,0
16388,8.27,Z,47,2,473,0,28,93,173,1,Z,30,0,638,0,18,41,92,0,0,-17,-2,165,0,-10,-52,-81,-1
16389,9.57,T,78,0,417,0,13,191,189,7,Z,63,0,370,0,47,120,177,11,0,-15,0,-47,0,34,-71,-12,4
16390,9.59,Z,18,0,332,0,0,113,108,0,P,29,0,597,0,0,165,57,0,1,11,0,265,0,0,52,-51,0
16391,4.46,Z,14,1,181,0,49,53,62,3,Z,10,0,123,0,0,81,56,0,0,-4,-1,-58,0,-49,28,-6,-3
16392,3.17,T,15,0,123,0,320,64,95,7,Z,13,0,85,0,20,52,51,2,0,-2,0,-38,0,-300,-12,-44,-5
16393,9.59,P,41,0,229,0,0,56,80,0,T,68,14,535,3,113,298,73,0,1,27,14,306,3,113,242,-7,0
16394,7.18,Z,32,0,263,0,236,83,126,9,Z,25,0,582,0,16,72,101,2,0,-7,0,319,0,-220,-11,-25,-7
16395,7.24,P,36,0,494,0,159,256,161,10,Z,43,10,424,0,136,127,226,0,1,7,10,-70,0,-23,-129,65,-10
16396,7.56,Z,39,0,565,0,19,90,147,6,T,36,3,824,0,21,23,54,0,1,-3,3,259,0,2,-67,-93,-6
16397,8.31,T,43,1,660,0,8,147,71,6,Z,74,0,324,0,404,246,251,11,1,31,-1,-336,0,396,99,180,5
16398,9.58,T,73,3,715,0,24,287,103,2,Z,51,2,382,0,4,148,172,0,0,-22,-1,-333,0,-20,-139,69,-2
16399,4.27,T,14,0,134,0,7,29,41,2,Z,17,2,127,0,29,44,61,0,0,3,2,-7,0,22,15,20,-2
16400,9.58,Z,61,6,355,0,78,299,199,0,P,95,0,620,0,403,246,146,6,0,34,-6,265,0,325,-53,-53,6
16401,6.02,Z,17,8,215,0,32,196,85,1,Z,27,3,273,0,90,99,131,0,1,10,-5,58,0,58,-97,46,-1
16402,5.49,Z,36,6,263,1,51,125,108,2,P,38,8,267,0,342,124,53,19,0,2,2,4,-1,291,-1,-55,17
16403,9.58,Z,61,6,501,0,140,376,342,5,P,83,4,480,0,192,281,130,13,0,22,-2,-21,0,52,-95,-212,8
16404,6.49,P,65,2,367,0,571,126,50,14,T,55,0,353,0,142,279,102,14,1,-10,-2,-14,0,-429,153,52,0
16405,9.59,Z,52,5,614,0,40,103,224,0,T,68,0,757,0,11,147,132,7,0,16,-5,143,0,-29,44,-92,7
16406,8.22,P,66,0,480,0,34,140,93,5,T,84,6,571,0,42,188,128,7,0,18,6,91,0,8,48,35,2
16407,7.07,P,75,0,259,0,174,217,109,11,T,55,0,315,0,328,231,133,7,0,-20,0,56,0,154,14,24,-4
16408,9.59,Z,66,4,629,0,231,144,243,8,T,86,0,623,0,174,279,86,9,0,20,-4,-6,0,-57,135,-157,1
16409,6.43,Z,31,0,234,0,29,127,87,2,T,59,3,333,0,621,146,63,6,0,28,3,99,0,592,19,-24,4
16410,9.59,P,67,0,493,0,303,318,210,6,Z,94,0,251,0,239,187,374,13,1,27,0,-242,0,-64,-131,164,7
16411,9.59,T,99,4,451,0,54,133,122,4,Z,78,20,655,0,633,374,344,1,1,-21,16,204,0,579,241,222,-3
16412,9.59,T,122,0,548,0,77,235,108,13,T,90,0,709,0,428,348,160,19,0,-32,0,161,0,351,113,52,6
16413,9.51,T,65,1,269,0,179,153,304,6,T,68,8,382,0,242,170,211,15,1,3,7,113,0,63,17,-93,9
16414,8.57,Z,86,2,671,0,138,281,267,2,T,64,0,488,0,374,109,208,21,1,-22,-2,-183,0,236,-172,-59,19
16415,5.39,T,33,2,480,0,12,48,80,0,Z,32,0,282,0,367,108,89,6,0,-1,-2,-198,0,355,60,9,6
16416,9.04,T,68,9,501,0,43,93,116,1,T,39,0,401,0,39,28,30,5,0,-29,-9,-100,0,-4,-65,-86,4
16417,9.59,T,88,0,713,0,59,224,181,6,Z,72,0,566,0,66,334,208,13,1,-16,0,-147,0,7,110,27,7
16418,9.58,Z,40,0,427,0,0,94,159,0,T,73,0,383,0,617,185,228,11,1,33,0,-44,0,617,91,69,11
16419,0.3,Z,0,1,34,0,2,5,11,0,P,1,0,1,0,0,0,1,0,0,1,-1,-33,0,-2,-5,-10,0
16420,9.59,P,71,0,735,0,25,179,122,4,T,118,3,379,0,231,276,166,8,1,47,3,-356,0,206,97,44,4
16421,9.59,T,54,0,880,0,1,146,113,2,T,43,1,839,0,418,240,179,4,1,-11,1,-41,0,417,94,66,2
16422,10.41,P,60,0,891,0,32,379,125,6,T,67,6,669,0,205,168,207,5,1,7,6,-222,0,173,-211,82,-1
16423,10.29,T,36,1,615,0,0,195,135,0,T,64,13,706,0,75,193,108,2,1,28,12,91,0,75,-2,-27,2
16424,9.59,Z,60,0,503,0,0,203,223,0,Z,52,0,475,0,25,187,190,6,1,-8,0,-28,0,25,-16,-33,6
16425,9.59,Z,71,0,613,0,533,293,192,20,P,77,4,594,0,58,264,82,7,0,6,4,-19,0,-475,-29,-110,-13
16426,7.22,Z,50,7,365,0,166,129,215,0,Z,41,0,163,12,67,170,183,4,0,-9,-7,-202,12,-99,41,-32,4
16427,9.59,Z,61,2,209,0,43,75,182,0,P,53,0,905,3,21,87,71,3,1,-8,-2,696,3,-22,12,-111,3
16428,7.24,Z,66,22,350,0,428,233,217,5,Z,27,2,436,0,22,178,161,0,1,-39,-20,86,0,-406,-55,-56,-5
16429,6.47,T,43,0,391,0,60,83,74,6,P,23,0,398,0,0,24,47,0,0,-20,0,7,0,-60,-59,-27,-6
16430,6.08,P,42,3,291,0,13,72,69,2,Z,25,0,350,0,14,120,123,6,1,-17,-3,59,0,1,48,54,4
16431,7.3,P,50,0,313,0,475,137,77,14,T,63,0,606,0,104,176,52,12,0,13,0,293,0,-371,39,-25,-2
16432,9.59,T,79,1,762,0,195,463,297,16,T,90,0,584,0,434,255,189,8,0,11,-1,-178,0,239,-208,-108,-8
16433,9.2,P,66,5,490,0,87,245,143,4,T,99,0,932,0,358,283,173,7,1,33,-5,442,0,271,38,30,3
16434,6.31,T,78,4,308,2,805,75,115,7,T,49,2,553,0,31,90,101,4,1,-29,-2,245,-2,-774,15,-14,-3
16435,9.15,T,52,0,480,0,1,78,88,1,P,37,2,288,0,0,94,77,0,0,-15,2,-192,0,-1,16,-11,-1
16436,6.47,Z,44,0,207,0,202,212,119,2,Z,42,2,360,0,50,213,149,3,1,-2,2,153,0,-152,1,30,1
16437,3.29,Z,13,0,90,0,36,85,66,4,P,14,2,123,10,37,78,35,0,0,1,2,33,10,1,-7,-31,-4
16438,0.38,Z,3,1,10,0,2,3,13,0,T,0,0,25,0,0,7,2,0,1,-3,-1,15,0,-2,4,-11,0
16439,4.08,Z,16,0,127,0,3,84,74,0,Z,14,0,108,0,441,76,223,8,1,-2,0,-19,0,438,-8,149,8
16440,9.59,Z,60,2,356,0,47,142,210,0,P,33,5,756,0,20,133,88,4,0,-27,3,400,0,-27,-9,-122,4
16441,0,T,0,0,1,0,0,0,0,0,T,5,0,66,0,29,25,115,2,1,5,0,65,0,29,25,115,2
16442,4.07,T,24,0,210,0,257,127,87,7,P,29,0,280,0,175,66,27,11,1,5,0,70,0,-82,-61,-60,4
16443,4.14,T,28,1,462,0,5,55,49,1,Z,18,0,193,0,15,67,59,1,1,-10,-1,-269,0,10,12,10,0
16444,2.5,T,9,0,7,0,0,2,14,0,T,17,0,78,0,78,80,20,11,1,8,0,71,0,78,78,6,11
16445,5.37,P,38,2,301,0,214,70,66,5,Z,29,4,223,0,130,43,165,2,1,-9,2,-78,0,-84,-27,99,-3
16446,5.3,Z,45,0,400,0,28,133,136,2,Z,40,8,153,0,116,141,144,8,0,-5,8,-247,0,88,8,8,6
16447,9.18,Z,52,3,748,0,47,84,155,2,Z,53,4,630,0,22,99,207,2,1,1,1,-118,0,-25,15,52,0
16448,8.23,Z,31,0,455,0,0,48,142,0,T,53,7,352,0,41,74,55,0,1,22,7,-103,0,41,26,-87,0
16449,9.03,P,51,9,429,10,71,257,90,0,Z,80,0,140,0,12,88,241,8,0,29,-9,-289,-10,-59,-169,151,8
16450,9.59,P,64,0,576,0,0,244,125,1,Z,41,0,281,0,7,65,142,1,1,-23,0,-295,0,7,-179,17,0
16451,10.33,Z,99,0,529,0,162,321,289,11,T,80,4,499,0,28,148,103,0,0,-19,4,-30,0,-134,-173,-186,-11
16452,9.59,Z,67,0,549,0,64,325,202,2,P,68,1,316,0,421,223,162,7,1,1,1,-233,0,357,-102,-40,5
16453,10.32,P,68,0,1009,0,3,373,117,2,T,85,0,800,0,46,107,152,9,1,17,0,-209,0,43,-266,35,7
16454,9.59,T,62,0,583,0,15,230,168,9,Z,73,0,912,0,64,122,161,7,1,11,0,329,0,49,-108,-7,-2
16455,9.59,T,44,0,385,0,0,122,120,0,Z,79,4,635,0,64,266,229,3,0,35,4,250,0,64,144,109,3
16456,9.58,T,44,0,360,0,7,38,86,5,Z,57,0,411,0,59,169,212,15,1,13,0,51,0,52,131,126,10
16457,6.29,T,37,5,636,0,159,87,92,0,P,61,1,320,0,146,173,107,6,1,24,-4,-316,0,-13,86,15,6
16458,4.43,T,27,1,140,0,148,79,29,7,T,28,0,252,0,32,79,41,8,1,1,-1,112,0,-116,0,12,1
16459,10.3,P,79,6,759,0,108,182,126,2,Z,60,3,372,0,27,77,186,1,0,-19,-3,-387,0,-81,-105,60,-1
16460,9.59,P,35,0,260,0,0,137,80,0,T,45,0,556,0,0,151,76,2,0,10,0,296,0,0,14,-4,2
16461,7.29,Z,31,0,421,0,0,64,146,0,P,27,0,224,0,0,189,60,0,0,-4,0,-197,0,0,125,-86,0
16462,9.58,T,73,14,691,0,827,231,187,1,T,70,0,634,0,350,158,110,10,1,-3,-14,-57,0,-477,-73,-77,9
16463,7.35,P,41,0,336,0,8,121,64,4,Z,26,0,418,0,8,88,113,3,0,-15,0,82,0,0,-33,49,-1
16464,5,P,12,0,160,0,0,49,27,0,P,28,3,233,0,4,169,52,0,1,16,3,73,0,4,120,25,0
16465,9.54,T,40,0,476,0,3,74,68,1,P,45,0,763,0,0,31,51,0,1,5,0,287,0,-3,-43,-17,-1
16466,9.59,P,52,7,933,0,30,194,117,0,Z,63,0,437,0,41,137,188,2,1,11,-7,-496,0,11,-57,71,2
16467,10.37,P,103,10,997,0,95,308,102,6,Z,84,0,1003,1,66,174,205,8,0,-19,-10,6,1,-29,-134,103,2
16468,9.01,P,40,0,557,0,3,77,52,1,P,52,0,504,0,19,152,65,9,1,12,0,-53,0,16,75,13,8
16469,9.59,T,89,8,600,0,56,119,123,1,T,81,6,700,0,236,72,137,6,0,-8,-2,100,0,180,-47,14,5
16470,6.25,P,15,0,256,0,0,50,28,0,Z,25,0,195,0,5,56,104,0,0,10,0,-61,0,5,6,76,0
16471,4.43,P,17,0,235,0,0,20,32,0,Z,16,0,165,0,9,73,64,5,0,-1,0,-70,0,9,53,32,5
16472,4.04,T,10,2,60,0,9,30,19,0,P,14,2,169,0,1,52,27,2,1,4,0,109,0,-8,22,8,2
16473,8.39,P,74,4,396,0,83,158,94,10,Z,70,7,453,0,122,262,242,12,0,-4,3,57,0,39,104,148,2
16474,3.57,P,29,0,77,0,10,72,44,2,T,23,0,204,0,8,104,51,3,0,-6,0,127,0,-2,32,7,1
16475,9.59,P,70,0,495,0,525,292,279,13,T,82,6,703,0,504,191,124,4,0,12,6,208,0,-21,-101,-155,-9
16476,9.59,T,84,3,717,0,75,149,162,7,Z,95,4,450,0,53,233,247,4,1,11,1,-267,0,-22,84,85,-3
16477,6.16,T,58,2,243,0,404,109,69,3,T,42,0,435,0,77,123,52,5,1,-16,-2,192,0,-327,14,-17,2
16478,9.59,T,48,3,841,0,21,80,77,1,P,57,0,850,0,29,149,79,2,1,9,-3,9,0,8,69,2,1
16479,9.02,T,50,2,442,0,78,127,107,3,P,70,4,449,0,142,203,226,11,1,20,2,7,0,64,76,119,8
16480,4.11,T,21,0,203,0,2,71,21,1,P,12,0,150,0,0,29,25,1,1,-9,0,-53,0,-2,-42,4,0
16481,2.36,T,9,0,188,0,74,41,20,2,T,11,0,155,0,35,73,32,4,1,2,0,-33,0,-39,32,12,2
16482,9.58,T,57,0,500,3,61,111,114,0,Z,52,0,431,0,7,114,178,1,0,-5,0,-69,-3,-54,3,64,1
16483,9.58,Z,51,7,534,0,466,225,180,15,T,80,0,743,0,45,67,95,6,0,29,-7,209,0,-421,-158,-85,-9
16484,8.58,T,28,1,222,0,0,11,59,0,P,41,0,339,0,0,50,38,0,1,13,-1,117,0,0,39,-21,0
16485,5.19,T,33,1,308,0,10,63,72,5,T,24,0,200,0,3,43,63,3,0,-9,-1,-108,0,-7,-20,-9,-2
16486,4.23,T,19,0,167,0,0,22,35,1,P,10,0,206,0,0,84,24,1,1,-9,0,39,0,0,62,-11,0
16487,5.28,P,41,0,96,1,7,74,71,4,T,21,2,312,0,6,52,55,3,1,-20,2,216,-1,-1,-22,-16,-1
16488,8.16,T,44,2,682,0,17,119,98,0,Z,54,1,479,0,16,120,214,2,1,10,-1,-203,0,-1,1,116,2
16489,4.28,T,29,0,241,2,4,63,57,1,T,17,4,162,0,31,105,54,4,1,-12,4,-79,-2,27,42,-3,3
16490,7.26,Z,40,0,576,0,7,128,189,1,P,53,0,390,0,144,230,159,7,0,13,0,-186,0,137,102,-30,6
16491,5.31,Z,15,0,310,0,6,75,52,2,P,24,7,280,0,15,61,27,3,1,9,7,-30,0,9,-14,-25,1
16492,9.35,T,42,10,801,0,43,191,70,0,T,112,0,503,0,5,160,89,3,1,70,-10,-298,0,-38,-31,19,3
16493,4.07,T,23,0,244,0,305,134,72,4,Z,14,2,411,0,56,50,85,0,1,-9,2,167,0,-249,-84,13,-4
16494,8.04,Z,67,3,266,0,102,230,199,0,Z,42,0,530,20,77,152,266,4,1,-25,-3,264,20,-25,-78,67,4
16495,9.59,T,86,9,398,0,114,267,105,7,P,62,0,411,0,14,109,81,7,1,-24,-9,13,0,-100,-158,-24,0
16496,10.53,Z,84,13,556,0,478,288,286,9,T,137,1,698,0,33,235,149,10,0,53,-12,142,0,-445,-53,-137,1
16497,9.59,T,96,5,658,0,39,304,181,1,T,75,0,611,0,113,223,135,5,1,-21,-5,-47,0,74,-81,-46,4
16498,9.05,P,40,0,454,0,10,56,63,3,P,36,3,682,0,14,58,59,3,1,-4,3,228,0,4,2,-4,0
16499,8.41,P,50,0,643,0,33,122,73,6,T,46,0,514,21,115,108,161,6,1,-4,0,-129,21,82,-14,88,0
16500,2.31,Z,21,0,140,0,172,86,50,1,T,14,0,116,0,85,36,40,4,1,-7,0,-24,0,-87,-50,-10,3
16501,9.59,P,67,8,468,0,15,274,142,2,P,57,1,337,0,5,411,110,1,1,-10,-7,-131,0,-10,137,-32,-1
16502,4.25,Z,26,1,165,0,21,131,87,1,Z,20,0,136,0,0,100,202,0,0,-6,-1,-29,0,-21,-31,115,-1
16503,7.57,T,40,8,450,0,42,47,38,0,T,62,7,287,0,368,237,47,0,1,22,-1,-163,0,326,190,9,0
16504,9.09,P,37,0,534,0,2,97,86,1,P,48,0,588,0,6,287,83,2,1,11,0,54,0,4,190,-3,1
16505,3.44,P,16,0,217,0,0,84,25,0,P,8,0,280,0,0,11,8,0,1,-8,0,63,0,0,-73,-17,0
16506,8.4,T,65,5,227,0,132,44,63,6,Z,41,0,915,0,30,80,127,5,1,-24,-5,688,0,-102,36,64,-1
16507,9.28,T,69,5,756,0,113,167,106,1,P,46,0,876,0,0,73,85,0,0,-23,-5,120,0,-113,-94,-21,-1
16508,7.09,Z,46,1,308,0,258,215,200,3,Z,51,4,431,0,67,270,175,2,0,5,3,123,0,-191,55,-25,-1
16509,6.23,Z,41,0,419,0,23,26,120,6,Z,51,2,137,0,32,82,128,0,0,10,2,-282,0,9,56,8,-6
16510,6.42,Z,53,3,493,3,289,321,217,5,T,37,2,499,0,62,57,67,5,0,-16,-1,6,-3,-227,-264,-150,0
16511,9.59,Z,40,0,128,0,12,50,150,2,T,54,0,465,0,0,65,80,0,0,14,0,337,0,-12,15,-70,-2
16512,9.06,P,47,0,706,0,344,163,77,8,P,50,0,466,0,383,296,167,8,1,3,0,-240,0,39,133,90,0
16513,7.01,Z,28,7,313,0,23,124,123,1,P,37,0,643,0,1,55,39,1,0,9,-7,330,0,-22,-69,-84,0
16514,9.59,Z,67,0,354,0,309,195,184,31,T,104,2,474,0,289,336,179,4,1,37,2,120,0,-20,141,-5,-27
16515,6.19,Z,33,0,178,0,20,115,120,4,P,36,0,439,0,0,135,89,0,0,3,0,261,0,-20,20,-31,-4
16516,7.31,P,49,10,304,0,396,195,63,2,P,42,2,410,0,41,201,61,7,1,-7,-8,106,0,-355,6,-2,5
16517,7.11,Z,41,0,397,0,119,178,132,6,P,84,1,479,0,140,344,130,7,1,43,1,82,0,21,166,-2,1
16518,8.4,T,47,0,334,0,20,72,78,5,P,41,0,506,0,21,163,61,7,1,-6,0,172,0,1,91,-17,2
16519,7.34,T,50,0,447,0,3,103,79,5,P,46,0,411,0,7,153,120,2,1,-4,0,-36,0,4,50,41,-3
16520,4.22,Z,22,1,72,0,52,88,100,0,P,18,0,189,0,311,132,141,6,0,-4,-1,117,0,259,44,41,6
16521,6.12,T,29,0,538,0,0,37,72,0,Z,23,0,370,0,36,82,91,3,0,-6,0,-168,0,36,45,19,3
16522,7.32,T,29,0,535,0,7,65,47,2,Z,26,0,421,0,15,8,75,2,0,-3,0,-114,0,8,-57,28,0
16523,8.5,T,61,0,387,0,5,208,194,5,P,77,0,381,0,260,376,110,13,1,16,0,-6,0,255,168,-84,8
16524,9.59,P,82,0,568,0,275,288,207,7,T,125,7,322,35,189,234,305,19,0,43,7,-246,35,-86,-54,98,12
16525,6.26,T,29,0,148,0,0,14,47,0,P,26,0,145,0,0,34,38,0,0,-3,0,-3,0,0,20,-9,0
16526,7.31,T,42,0,378,0,0,89,87,7,Z,41,2,378,0,18,25,88,0,0,-1,2,0,0,18,-64,1,-7
16527,5.58,P,73,1,208,0,2,37,27,0,P,16,0,231,0,0,28,38,0,0,-57,-1,23,0,-2,-9,11,0
16528,9.59,P,39,3,231,0,23,26,35,2,T,72,0,530,0,181,250,261,4,0,33,-3,299,0,158,224,226,2
16529,8.31,P,59,2,683,0,18,235,116,0,Z,46,1,208,0,32,162,309,5,1,-13,-1,-475,0,14,-73,193,5
16530,9.58,P,41,0,654,0,0,102,91,0,T,66,0,340,0,13,123,98,4,0,25,0,-314,0,13,21,7,4
16531,6.45,P,52,0,323,0,20,184,83,4,T,40,0,347,0,22,281,58,3,0,-12,0,24,0,2,97,-25,-1
16532,5.56,T,44,3,374,0,594,73,75,12,T,38,0,224,0,184,128,60,10,0,-6,-3,-150,0,-410,55,-15,-2
16533,7.03,T,55,10,344,0,218,106,97,2,T,38,2,487,0,3,145,56,2,0,-17,-8,143,0,-215,39,-41,0
16534,7.33,Z,41,0,603,0,14,103,112,1,T,74,3,315,0,81,154,52,4,1,33,3,-288,0,67,51,-60,3
16535,9.59,T,119,8,818,0,745,323,170,4,Z,65,4,546,0,46,244,210,0,0,-54,-4,-272,0,-699,-79,40,-4
16536,9.55,P,72,4,504,1,27,200,82,0,Z,71,6,523,0,65,361,233,2,0,-1,2,19,-1,38,161,151,2
16537,9.59,Z,70,10,578,0,38,201,226,0,Z,77,4,434,0,71,306,250,2,0,7,-6,-144,0,33,105,24,2
16538,3.55,T,21,0,49,0,11,15,31,4,P,4,1,68,0,95,10,24,2,0,-17,1,19,0,84,-5,-7,-2
16539,8.33,P,57,1,214,0,25,213,83,7,Z,39,0,159,0,41,126,168,0,0,-18,-1,-55,0,16,-87,85,-7
16540,4.01,T,28,2,217,0,109,148,69,2,P,14,0,225,0,30,54,17,5,0,-14,-2,8,0,-79,-94,-52,3
16541,4.38,Z,18,4,108,0,77,75,107,1,Z,17,0,129,0,14,87,67,3,1,-1,-4,21,0,-63,12,-40,2
16542,9.59,Z,62,0,823,0,51,232,219,1,P,64,5,503,0,345,263,74,7,0,2,5,-320,0,294,31,-145,6
16543,5.19,Z,31,0,281,0,128,96,117,8,P,39,0,218,0,56,270,62,3,0,8,0,-63,0,-72,174,-55,-5
16544,9.34,P,43,0,699,0,9,177,101,4,Z,57,2,316,0,70,171,201,4,1,14,2,-383,0,61,-6,100,0
16545,3.01,T,10,0,61,0,216,13,12,5,T,22,0,79,0,430,47,115,5,1,12,0,18,0,214,34,103,0
16546,9.53,Z,62,3,296,0,24,236,198,6,Z,75,4,552,0,177,177,230,5,1,13,1,256,0,153,-59,32,-1
16547,9.59,Z,94,4,548,0,50,36,155,3,T,88,0,452,0,25,219,90,5,0,-6,-4,-96,0,-25,183,-65,2
16548,4.22,T,20,1,300,0,22,54,47,0,T,16,2,285,0,10,76,39,2,0,-4,1,-15,0,-12,22,-8,2
16549,0.59,T,5,0,3,0,0,2,4,0,T,5,0,39,0,4,17,8,0,0,0,0,36,0,4,15,4,0
16550,5.04,Z,27,0,175,0,22,47,81,4,P,22,2,228,0,12,98,31,0,1,-5,2,53,0,-10,51,-50,-4
16551,5.02,P,24,0,161,0,36,132,64,2,Z,19,4,326,0,137,35,61,2,0,-5,4,165,0,101,-97,-3,0
16552,7.24,T,73,2,283,0,339,133,67,10,T,44,0,290,0,50,109,97,8,0,-29,-2,7,0,-289,-24,30,-2
16553,1.58,P,4,0,96,0,0,28,10,0,P,5,2,103,0,4,68,8,0,1,1,2,7,0,4,40,-2,0
16554,7.58,Z,38,3,201,0,612,78,81,8,Z,49,8,327,1,66,140,156,3,1,11,5,126,1,-546,62,75,-5
16555,9.59,Z,97,4,413,0,14,167,338,3,T,87,3,565,0,6,189,140,0,1,-10,-1,152,0,-8,22,-198,-3
16556,6.23,T,49,0,286,0,198,146,71,2,Z,29,5,246,0,57,196,113,6,0,-20,5,-40,0,-141,50,42,4
16557,8.5,T,65,0,447,0,33,200,93,7,P,56,6,519,0,17,112,81,0,0,-9,6,72,0,-16,-88,-12,-7
16558,6.49,P,39,0,450,0,13,69,54,1,Z,29,0,414,0,10,67,82,2,0,-10,0,-36,0,-3,-2,28,1
16559,9.59,T,69,0,323,0,478,213,176,12,Z,60,6,1026,0,45,265,186,1,0,-9,6,703,0,-433,52,10,-11
16560,9.58,T,73,0,931,0,455,237,302,8,P,74,0,367,0,68,427,133,10,1,1,0,-564,0,-387,190,-169,2
16561,6.49,P,60,3,348,0,167,228,76,5,Z,32,1,288,0,65,260,132,4,0,-28,-2,-60,0,-102,32,56,-1
16562,0.12,T,1,1,27,0,5,4,7,0,T,0,0,15,0,5,3,6,1,0,-1,-1,-12,0,0,-1,-1,1
16563,7.3,P,29,0,362,0,0,96,35,0,T,34,0,252,0,0,41,73,0,1,5,0,-110,0,0,-55,38,0
16564,8.08,Z,44,1,340,0,16,208,90,0,T,52,4,608,0,56,369,99,10,1,8,3,268,0,40,161,9,10
16565,3.48,T,22,0,46,0,4,35,53,2,T,12,0,234,0,8,50,49,3,0,-10,0,188,0,4,15,-4,1
16566,10.44,T,114,0,728,0,169,257,104,10,Z,82,0,673,0,24,239,252,21,0,-32,0,-55,0,-145,-18,148,11
16567,9.59,Z,84,12,517,0,498,246,412,5,T,123,14,610,1,222,449,131,5,1,39,2,93,1,-276,203,-281,0
16568,1.57,P,4,0,117,0,0,27,5,0,P,7,0,82,0,0,9,10,2,0,3,0,-35,0,0,-18,5,2
16569,4.52,T,12,0,247,0,0,65,26,1,Z,19,0,169,0,0,34,50,0,1,7,0,-78,0,0,-31,24,-1
16570,9.3,T,110,5,362,0,528,118,146,9,Z,48,7,534,0,58,59,133,5,0,-62,2,172,0,-470,-59,-13,-4
16571,5.13,Z,40,0,234,0,52,94,101,4,T,43,0,177,0,289,139,121,6,1,3,0,-57,0,237,45,20,2
16572,2.43,T,10,0,90,0,17,49,205,1,P,12,0,39,0,24,46,35,4,1,2,0,-51,0,7,-3,-170,3
16573,6.1,T,60,0,153,0,6,187,104,8,P,36,0,346,0,153,161,76,5,0,-24,0,193,0,147,-26,-28,-3
16574,10.28,T,42,2,897,0,2,174,90,0,Z,47,2,681,0,6,138,138,0,1,5,0,-216,0,4,-36,48,0
16575,9.58,T,66,5,569,0,23,178,105,1,Z,59,3,529,0,39,172,213,0,1,-7,-2,-40,0,16,-6,108,-1
16576,9.37,T,93,8,768,0,223,98,89,0,Z,58,1,593,0,48,246,218,2,0,-35,-7,-175,0,-175,148,129,2
16577,3.42,T,20,0,180,0,139,27,115,8,Z,12,0,20,0,0,17,46,0,1,-8,0,-160,0,-139,-10,-69,-8
16578,9.49,T,86,0,470,0,26,132,96,8,P,41,1,406,0,2,130,51,0,0,-45,1,-64,0,-24,-2,-45,-8
16579,4.54,P,30,1,226,0,29,152,107,4,P,29,0,226,0,44,115,39,4,0,-1,-1,0,0,15,-37,-68,0
16580,9.59,P,53,3,309,0,25,131,77,5,P,51,0,365,0,60,175,71,10,0,-2,-3,56,0,35,44,-6,5
16581,9.59,T,71,0,1195,0,814,147,203,7,Z,69,0,562,0,100,184,221,5,0,-2,0,-633,0,-714,37,18,-2
16582,9.58,P,56,0,635,0,1,225,112,2,T,31,0,499,0,0,30,46,0,0,-25,0,-136,0,-1,-195,-66,-2
16583,4.33,P,24,0,154,0,38,80,52,4,P,22,0,198,0,131,99,108,5,1,-2,0,44,0,93,19,56,1
16584,9.58,Z,49,8,442,0,55,266,165,2,Z,51,2,331,0,179,191,320,1,1,2,-6,-111,0,124,-75,155,-1
16585,4,Z,14,0,131,0,9,21,46,2,T,18,0,117,0,4,31,31,2,1,4,0,-14,0,-5,10,-15,0
16586,4.39,Z,15,0,159,0,8,56,54,1,P,14,1,230,0,0,102,21,0,1,-1,1,71,0,-8,46,-33,-1
16587,8.53,T,53,3,580,0,49,164,80,0,P,39,1,463,0,39,140,48,2,0,-14,-2,-117,0,-10,-24,-32,2
16588,6.42,Z,30,1,328,0,17,77,117,0,T,53,1,402,0,619,95,61,4,1,23,0,74,0,602,18,-56,4
16589,9.59,T,109,8,950,0,662,220,151,5,P,78,0,673,0,157,191,55,9,1,-31,-8,-277,0,-505,-29,-96,4
16590,1.34,P,5,1,20,0,5,8,2,0,P,8,0,82,0,77,49,6,1,1,3,-1,62,0,72,41,4,1
16591,5.28,T,33,0,402,0,10,29,44,4,P,34,2,322,0,29,101,58,2,0,1,2,-80,0,19,72,14,-2
16592,9.59,P,62,2,326,0,13,206,134,1,Z,65,3,726,0,257,252,249,5,1,3,1,400,0,244,46,115,4
16593,7.2,Z,51,0,402,0,133,139,227,3,P,48,0,724,0,4,280,85,2,0,-3,0,322,0,-129,141,-142,-1
16594,9.59,P,100,0,484,0,1056,428,402,60,Z,57,8,409,0,41,139,254,3,0,-43,8,-75,0,-1015,-289,-148,-57
16595,5.18,Z,35,4,107,0,37,144,84,4,T,48,1,267,0,359,142,112,7,1,13,-3,160,0,322,-2,28,3
16596,5.09,P,40,3,213,0,94,96,113,6,P,26,1,223,0,4,112,74,6,0,-14,-2,10,0,-90,16,-39,0
16597,8.58,Z,45,2,429,0,28,267,149,1,Z,60,1,549,0,141,143,201,7,1,15,-1,120,0,113,-124,52,6
16598,5.26,T,65,0,235,0,360,192,101,18,T,59,2,288,0,444,166,105,11,0,-6,2,53,0,84,-26,4,-7
16599,10.22,T,46,0,596,0,23,83,66,8,T,74,4,677,0,54,190,128,5,0,28,4,81,0,31,107,62,-3
16600,8.14,T,48,0,350,0,6,157,80,2,Z,52,2,396,0,175,234,150,5,1,4,2,46,0,169,77,70,3
16601,5.12,P,37,3,194,0,146,303,107,7,P,46,0,252,0,119,169,168,63,0,9,-3,58,0,-27,-134,61,56
16602,9.58,T,53,2,433,0,7,49,85,5,P,43,3,572,0,12,88,68,4,1,-10,1,139,0,5,39,-17,-1
16603,9.59,Z,58,7,710,0,406,179,309,1,Z,62,5,486,0,62,158,211,3,0,4,-2,-224,0,-344,-21,-98,2
16604,7.56,P,66,2,272,0,314,161,123,5,Z,68,0,366,0,115,183,280,6,0,2,-2,94,0,-199,22,157,1
16605,3.06,Z,22,1,135,0,421,62,211,4,P,16,0,112,0,166,92,24,5,0,-6,-1,-23,0,-255,30,-187,1
16606,8.28,Z,67,1,328,0,357,264,289,12,P,43,0,398,0,14,95,51,4,0,-24,-1,70,0,-343,-169,-238,-8
16607,7.07,T,51,3,410,0,18,149,63,1,P,45,3,446,0,37,222,89,16,1,-6,0,36,0,19,73,26,15
16608,7.33,Z,74,14,479,0,99,210,208,2,T,115,7,458,0,284,292,104,6,1,41,-7,-21,0,185,82,-104,4
16609,9.59,Z,69,3,372,0,49,253,218,0,T,91,11,833,0,212,95,101,0,0,22,8,461,0,163,-158,-117,0
16610,9.59,P,48,0,531,0,23,80,50,7,Z,66,5,537,0,264,201,435,4,0,18,5,6,0,241,121,385,-3
16611,10.52,T,49,0,531,0,4,120,120,1,Z,42,0,474,0,14,18,121,2,1,-7,0,-57,0,10,-102,1,1
16612,6.12,T,41,3,372,0,18,75,82,0,Z,24,2,158,0,32,66,86,0,0,-17,-1,-214,0,14,-9,4,0
16613,5.07,P,26,0,359,0,2,102,52,1,P,29,0,215,0,270,108,77,12,1,3,0,-144,0,268,6,25,11
16614,10.25,Z,68,13,628,0,322,331,265,4,T,97,6,734,0,28,547,134,5,0,29,-7,106,0,-294,216,-131,1
16615,9.59,T,91,5,781,0,235,163,139,2,P,71,6,584,0,40,231,88,2,1,-20,1,-197,0,-195,68,-51,0
16616,5.38,P,22,0,254,0,0,32,39,0,P,20,3,408,0,9,157,51,0,0,-2,3,154,0,9,125,12,0
16617,8.55,P,65,0,419,0,523,278,176,14,T,93,3,546,0,189,237,112,12,0,28,3,127,0,-334,-41,-64,-2
16618,7.34,Z,58,5,513,0,67,70,171,5,T,43,0,760,0,2,61,69,1,0,-15,-5,247,0,-65,-9,-102,-4
16619,9.58,T,57,1,317,0,13,201,161,1,T,47,0,591,0,0,99,97,0,1,-10,-1,274,0,-13,-102,-64,-1
16620,9.09,P,68,3,908,0,53,73,105,1,T,69,9,516,0,76,136,81,0,1,1,6,-392,0,23,63,-24,-1
16621,7.11,Z,41,0,448,0,108,93,133,3,P,42,1,434,0,16,88,36,4,0,1,1,-14,0,-92,-5,-97,1
16622,8.44,T,55,0,867,0,0,336,105,0,P,28,5,102,0,7,28,39,0,1,-27,5,-765,0,7,-308,-66,0
16623,5.49,P,25,0,155,0,20,61,26,2,T,30,0,297,0,3,126,48,2,0,5,0,142,0,-17,65,22,0
16624,9.58,Z,35,0,218,0,2,61,138,0,P,55,7,402,0,22,260,101,4,1,20,7,184,0,20,199,-37,4
16625,6.35,Z,45,8,209,0,137,190,216,1,T,33,0,390,0,4,60,65,5,0,-12,-8,181,0,-133,-130,-151,4
16626,9.57,T,90,7,353,0,403,207,249,1,Z,93,11,305,0,617,256,287,4,1,3,4,-48,0,214,49,38,3
16627,8.01,P,51,0,357,0,51,323,316,6,P,55,0,508,0,68,270,87,9,1,4,0,151,0,17,-53,-229,3
16628,10.35,Z,71,6,766,0,452,241,452,3,P,93,2,820,0,37,421,99,4,0,22,-4,54,0,-415,180,-353,1
16629,6.31,P,33,0,276,0,9,187,75,4,Z,38,0,333,0,275,176,102,5,1,5,0,57,0,266,-11,27,1
16630,9.58,T,91,5,421,0,34,166,136,0,T,83,3,711,0,17,299,107,1,1,-8,-2,290,0,-17,133,-29,1
16631,9.59,T,84,0,320,0,1040,266,527,7,Z,79,0,503,0,225,233,254,6,0,-5,0,183,0,-815,-33,-273,-1
16632,10.58,Z,73,9,732,0,29,316,226,0,Z,87,3,508,0,63,259,320,7,1,14,-6,-224,0,34,-57,94,7
16633,10.46,T,59,1,761,0,11,97,96,5,T,67,0,421,0,10,72,98,3,0,8,-1,-340,0,-1,-25,2,-2
16634,7.56,Z,55,0,261,73,526,221,394,6,Z,89,5,425,3,567,239,254,11,0,34,5,164,-70,41,18,-140,5
16635,9.59,Z,68,5,496,1,88,195,270,3,Z,60,2,370,0,508,141,199,9,0,-8,-3,-126,-1,420,-54,-71,6
16636,5.06,Z,25,1,184,0,258,185,142,4,P,44,0,204,5,277,142,106,0,1,19,-1,20,5,19,-43,-36,-4
16637,9.19,P,61,0,600,0,130,334,173,6,Z,73,0,448,0,30,232,251,14,1,12,0,-152,0,-100,-102,78,8
16638,9.59,Z,48,0,589,0,23,348,201,7,Z,49,27,629,0,26,257,165,0,1,1,27,40,0,3,-91,-36,-7
16639,9.59,P,90,0,547,0,61,278,130,8,Z,73,0,499,0,33,107,229,1,0,-17,0,-48,0,-28,-171,99,-7
16640,5.1,T,29,0,221,0,129,72,96,9,Z,26,0,318,0,23,26,68,2,0,-3,0,97,0,-106,-46,-28,-7
16641,9.59,T,72,0,632,0,746,129,139,5,Z,69,0,326,0,291,316,248,7,1,-3,0,-306,0,-455,187,109,2
16642,9.59,T,71,6,560,0,233,310,126,0,T,65,0,178,0,15,200,102,5,1,-6,-6,-382,0,-218,-110,-24,5
16643,6.28,T,73,4,462,0,710,161,153,8,Z,64,0,301,0,53,95,153,1,0,-9,-4,-161,0,-657,-66,0,-7
16644,4.07,T,22,5,145,0,94,111,69,0,T,24,2,327,0,251,77,53,8,1,2,-3,182,0,157,-34,-16,8
16645,3.24,P,14,0,114,0,7,59,176,1,T,19,3,104,0,1,19,27,0,1,5,3,-10,0,-6,-40,-149,-1
16646,10.4,Z,94,8,679,0,106,418,254,1,T,103,3,458,0,291,333,135,9,1,9,-5,-221,0,185,-85,-119,8
16647,5.24,Z,20,0,221,0,18,14,42,3,P,19,3,342,0,16,43,35,0,1,-1,3,121,0,-2,29,-7,-3
16648,10.07,P,75,5,513,9,143,335,169,0,T,107,5,575,0,205,197,133,2,1,32,0,62,-9,62,-138,-36,2
16649,2.48,Z,16,4,180,0,250,30,40,0,Z,10,1,46,0,15,34,39,2,0,-6,-3,-134,0,-235,4,-1,2
16650,0.15,T,1,1,18,0,0,4,2,0,T,1,0,7,0,7,5,14,1,0,0,-1,-11,0,7,1,12,1
16651,7.53,Z,37,3,405,1,292,202,199,13,Z,43,0,460,0,65,228,251,5,0,6,-3,55,-1,-227,26,52,-8
16652,4.55,T,16,0,240,0,0,6,26,0,Z,23,3,110,0,34,19,65,0,1,7,3,-130,0,34,13,39,0
16653,3.2,Z,15,4,173,3,425,40,84,0,Z,15,0,44,0,1,24,44,1,0,0,-4,-129,-3,-424,-16,-40,1
16654,9.59,T,52,1,589,0,3,207,120,2,P,63,5,848,0,56,451,59,11,1,11,4,259,0,53,244,-61,9
16655,9.58,T,48,0,890,0,0,148,79,0,T,44,2,391,0,44,51,63,2,1,-4,2,-499,0,44,-97,-16,2
16656,8.35,Z,42,0,309,0,119,291,204,5,P,35,0,631,0,4,116,50,4,0,-7,0,322,0,-115,-175,-154,-1
16657,8.07,P,44,1,335,0,6,202,56,0,T,63,4,426,0,93,232,194,3,0,19,3,91,0,87,30,138,3
16658,9.03,T,121,0,645,0,243,246,181,17,T,100,0,440,0,448,271,165,19,1,-21,0,-205,0,205,25,-16,2
16659,5.03,T,27,1,337,0,44,64,36,2,T,22,0,250,0,105,131,88,2,1,-5,-1,-87,0,61,67,52,0
16660,5.15,P,24,0,112,0,0,26,33,1,T,22,0,202,0,2,82,51,5,0,-2,0,90,0,2,56,18,4
16661,6.37,P,42,7,278,0,84,122,49,1,T,56,0,303,0,509,104,145,13,1,14,-7,25,0,425,-18,96,12
16662,2.09,Z,13,0,61,0,271,13,106,6,Z,9,1,50,0,24,47,62,1,0,-4,1,-11,0,-247,34,-44,-5
16663,7.52,Z,80,2,340,0,56,241,155,6,T,103,0,522,0,185,306,98,16,1,23,-2,182,0,129,65,-57,10
16664,6.11,Z,76,13,399,3,261,271,150,8,Z,39,12,273,0,466,148,227,6,1,-37,-1,-126,-3,205,-123,77,-2
16665,9.59,Z,72,2,1028,0,38,180,360,2,T,66,1,533,0,53,171,76,9,0,-6,-1,-495,0,15,-9,-284,7
16666,9.58,Z,73,7,506,0,77,309,198,5,T,93,2,523,0,299,337,192,7,1,20,-5,17,0,222,28,-6,2
16667,9.59,T,115,0,509,12,701,284,156,1,Z,67,0,641,0,75,248,221,5,0,-48,0,132,-12,-626,-36,65,4
16668,9.56,Z,36,5,392,0,22,28,135,0,T,62,3,688,0,2,188,114,0,1,26,-2,296,0,-20,160,-21,0
16669,4.09,P,25,5,200,0,11,102,42,0,P,17,0,202,2,4,45,21,0,0,-8,-5,2,2,-7,-57,-21,0
16670,9.58,T,63,5,449,0,134,139,72,1,Z,48,0,883,0,42,66,178,5,1,-15,-5,434,0,-92,-73,106,4
16671,9.58,P,40,4,269,0,2,43,45,0,T,47,0,473,0,28,62,69,5,0,7,-4,204,0,26,19,24,5
16672,1.33,T,3,0,99,0,4,26,7,0,T,4,1,149,0,10,33,38,3,1,1,1,50,0,6,7,31,3
16673,6.36,P,45,4,275,0,196,138,51,4,P,36,3,377,0,388,249,49,1,0,-9,-1,102,0,192,111,-2,-3
16674,9.59,P,114,0,532,0,633,317,134,14,Z,99,8,549,0,526,286,337,16,1,-15,8,17,0,-107,-31,203,2
16675,9.59,T,114,0,476,0,773,388,241,12,T,117,0,361,0,127,412,142,17,0,3,0,-115,0,-646,24,-99,5
16676,8.22,T,84,0,460,0,496,434,168,14,T,69,0,404,0,843,307,295,17,1,-15,0,-56,0,347,-127,127,3
16677,6.36,T,36,0,571,0,11,126,71,8,Z,35,0,373,0,326,128,205,4,1,-1,0,-198,0,315,2,134,-4
16678,7.48,Z,49,5,190,0,244,114,156,3,P,62,0,312,0,143,203,123,11,1,13,-5,122,0,-101,89,-33,8
16679,3.52,Z,23,1,214,0,91,76,76,8,T,28,0,207,0,284,116,37,13,0,5,-1,-7,0,193,40,-39,5
16680,6.09,T,27,0,184,0,0,37,55,0,Z,24,3,148,0,22,20,76,1,0,-3,3,-36,0,22,-17,21,1
16681,3.2,T,22,0,150,0,295,32,96,5,Z,12,0,130,0,236,64,110,5,0,-10,0,-20,0,-59,32,14,0
16682,4.15,T,21,0,204,0,159,76,69,5,T,41,1,172,0,247,47,40,5,1,20,1,-32,0,88,-29,-29,0
16683,6.52,T,43,0,322,0,361,171,68,4,Z,37,3,330,0,179,113,181,5,0,-6,3,8,0,-182,-58,113,1
16684,7.59,T,39,0,328,0,46,137,77,4,Z,28,0,283,0,7,87,102,3,0,-11,0,-45,0,-39,-50,25,-1
16685,9.58,Z,64,0,453,0,415,247,353,2,T,87,5,342,0,84,258,134,9,0,23,5,-111,0,-331,11,-219,7
16686,5.29,Z,26,0,89,0,12,30,67,1,Z,18,0,147,0,0,19,62,0,0,-8,0,58,0,-12,-11,-5,-1
16687,5.3,P,45,6,339,0,99,223,36,6,P,27,3,150,0,21,103,117,4,0,-18,-3,-189,0,-78,-120,81,-2
16688,1.49,Z,5,0,51,0,7,36,20,1,P,8,1,117,0,74,41,27,2,0,3,1,66,0,67,5,7,1
16689,9.59,Z,51,0,807,0,10,212,189,1,Z,46,0,467,0,99,167,171,3,0,-5,0,-340,0,89,-45,-18,2
16690,9.14,T,89,0,407,0,306,211,448,8,P,66,0,720,0,59,224,85,18,0,-23,0,313,0,-247,13,-363,10
16691,7.48,Z,52,2,464,0,29,79,149,1,T,76,6,443,0,269,196,73,3,0,24,4,-21,0,240,117,-76,2
16692,1.28,P,7,2,37,0,3,51,6,1,P,6,1,25,0,5,39,15,2,1,-1,-1,-12,0,2,-12,9,1
16693,5.42,Z,26,0,187,0,39,131,152,3,Z,23,0,154,2,1,48,86,0,0,-3,0,-33,2,-38,-83,-66,-3
16694,9.36,T,57,5,905,0,4,196,169,1,T,61,6,630,0,25,111,50,1,0,4,1,-275,0,21,-85,-119,0
16695,6.05,T,51,0,368,0,577,107,136,6,P,43,2,412,0,66,110,145,3,0,-8,2,44,0,-511,3,9,-3
16696,5.01,T,29,2,345,0,3,43,47,0,Z,32,0,276,0,0,54,135,0,0,3,-2,-69,0,-3,11,88,0
16697,9.59,P,57,3,503,0,7,119,77,1,Z,91,0,349,0,71,176,225,8,1,34,-3,-154,0,64,57,148,7
16698,10.25,T,58,11,440,0,24,121,72,0,T,87,9,444,0,76,259,99,7,1,29,-2,4,0,52,138,27,7
16699,7.5,Z,43,0,228,3,26,29,136,0,T,76,0,576,0,22,135,76,3,1,33,0,348,-3,-4,106,-60,3
16700,9.54,T,103,8,743,0,466,163,196,8,P,65,12,557,0,58,177,94,1,1,-38,4,-186,0,-408,14,-102,-7
16701,6.16,Z,20,0,293,0,0,53,85,0,Z,31,0,415,0,10,81,150,1,1,11,0,122,0,10,28,65,1
16702,9.59,Z,100,10,459,0,202,192,318,8,T,140,0,441,0,68,276,103,7,0,40,-10,-18,0,-134,84,-215,-1
16703,6.02,T,28,4,343,0,73,146,58,0,T,33,1,327,0,0,52,53,0,1,5,-3,-16,0,-73,-94,-5,0
16704,0.13,Z,1,0,33,0,0,2,3,1,Z,0,0,7,0,12,3,3,2,0,-1,0,-26,0,12,1,0,1
16705,10.08,T,75,0,501,0,0,103,106,1,P,61,0,360,0,45,86,67,4,0,-14,0,-141,0,45,-17,-39,3
16706,7.31,Z,46,0,304,0,16,130,206,17,P,39,0,405,0,63,216,75,18,0,-7,0,101,0,47,86,-131,1
16707,5.31,P,27,0,287,0,209,196,57,2,T,37,0,318,0,28,194,128,1,1,10,0,31,0,-181,-2,71,-1
16708,9.59,T,109,11,534,0,461,240,190,11,P,91,0,547,0,497,226,58,11,1,-18,-11,13,0,36,-14,-132,0
16709,7.07,P,14,0,194,0,0,27,20,0,P,22,4,219,0,14,142,46,0,1,8,4,25,0,14,115,26,0
16710,3.54,Z,22,0,92,0,81,118,105,5,Z,18,1,71,0,32,56,66,6,0,-4,1,-21,0,-49,-62,-39,1
16711,5.38,P,25,5,147,0,83,88,35,1,T,40,0,166,0,679,149,48,4,1,15,-5,19,0,596,61,13,3
16712,4.05,T,30,3,125,0,275,78,59,6,T,19,2,135,0,221,101,145,5,0,-11,-1,10,0,-54,23,86,-1
16713,2.59,P,14,0,67,0,5,49,32,10,T,11,1,78,0,158,57,38,5,0,-3,1,11,0,153,8,6,-5
16714,3.07,Z,16,0,160,0,0,50,50,0,T,0,0,1,0,0,0,0,0,0,-16,0,-159,0,0,-50,-50,0
16715,9.59,Z,47,0,710,0,25,118,150,4,Z,57,15,486,5,49,108,185,5,1,10,15,-224,5,24,-10,35,1
16716,5.22,T,20,0,236,0,0,22,58,0,Z,22,1,101,0,5,36,64,0,1,2,1,-135,0,5,14,6,0
16717,9.59,P,95,0,605,0,61,311,135,7,Z,91,0,494,0,90,178,216,9,0,-4,0,-111,0,29,-133,81,2
16718,9.53,Z,48,2,592,0,30,128,172,0,Z,66,0,188,18,395,158,261,2,0,18,-2,-404,18,365,30,89,2
16719,9.59,P,38,1,407,0,2,78,81,0,P,62,4,640,0,15,107,132,0,0,24,3,233,0,13,29,51,0
16720,5.08,P,32,0,458,0,0,178,38,0,T,36,0,333,2,59,164,47,2,1,4,0,-125,2,59,-14,9,2
16721,4.4,P,20,3,468,0,12,10,36,0,T,23,0,147,0,1,30,40,1,0,3,-3,-321,0,-11,20,4,1
16722,8.23,Z,61,0,503,0,18,177,199,1,Z,55,0,312,0,177,259,176,0,1,-6,0,-191,0,159,82,-23,-1
16723,9.59,P,91,0,394,0,125,227,156,12,T,80,3,542,0,15,185,118,6,0,-11,3,148,0,-110,-42,-38,-6
16724,9.56,P,34,0,92,0,13,93,53,3,P,38,0,437,0,0,117,81,0,0,4,0,345,0,-13,24,28,-3
16725,7.32,Z,43,0,383,7,276,137,309,1,Z,54,5,143,0,41,114,122,3,0,11,5,-240,-7,-235,-23,-187,2
16726,5.46,T,48,0,322,0,207,177,86,9,P,36,6,195,0,430,161,43,2,0,-12,6,-127,0,223,-16,-43,-7
16727,9.47,Z,44,3,459,0,26,113,130,0,P,52,0,415,0,18,69,63,7,0,8,-3,-44,0,-8,-44,-67,7
16728,9.56,P,48,3,681,0,5,84,52,0,P,25,0,395,0,0,33,41,0,0,-23,-3,-286,0,-5,-51,-11,0
16729,7.4,P,42,0,474,0,52,205,117,11,P,44,0,294,0,39,196,116,5,0,2,0,-180,0,-13,-9,-1,-6
16730,8.32,Z,70,1,332,0,40,392,291,6,Z,35,1,564,0,32,231,137,1,0,-35,0,232,0,-8,-161,-154,-5
16731,5.4,P,45,0,273,0,205,84,48,7,T,46,6,214,0,624,91,51,7,1,1,6,-59,0,419,7,3,0
16732,9.59,T,69,0,572,0,5,61,95,3,Z,50,1,745,0,60,189,167,5,1,-19,1,173,0,55,128,72,2
16733,5.44,Z,27,0,446,0,57,70,82,4,T,31,2,302,0,55,79,38,3,0,4,2,-144,0,-2,9,-44,-1
16734,6.15,T,26,0,522,0,14,113,40,5,T,33,0,234,0,0,99,50,0,1,7,0,-288,0,-14,-14,10,-5
16735,6.1,T,35,4,425,0,17,119,68,3,T,31,2,466,0,3,104,43,1,0,-4,-2,41,0,-14,-15,-25,-2
16736,6.42,P,50,4,268,0,438,328,86,8,T,67,0,257,0,289,147,106,15,0,17,-4,-11,0,-149,-181,20,7
16737,7.31,Z,66,2,300,0,18,112,146,0,T,40,0,504,0,190,148,79,12,1,-26,-2,204,0,172,36,-67,12
16738,9.07,P,47,3,690,0,7,70,71,0,Z,50,0,675,0,24,114,186,5,0,3,-3,-15,0,17,44,115,5
16739,9.59,P,51,0,395,0,32,143,109,2,T,75,5,505,0,646,260,135,2,0,24,5,110,0,614,117,26,0
16740,2.4,P,6,0,246,0,165,81,17,2,Z,14,3,191,0,18,67,33,4,1,8,3,-55,0,-147,-14,16,2
16741,9.59,T,84,0,547,0,336,111,204,9,P,76,1,776,0,62,295,304,10,1,-8,1,229,0,-274,184,100,1
16742,9.58,P,31,0,290,0,0,44,65,0,T,34,0,337,0,16,48,81,2,0,3,0,47,0,16,4,16,2
16743,5.14,Z,18,0,252,0,23,37,63,2,T,36,2,244,0,69,113,51,0,0,18,2,-8,0,46,76,-12,-2
16744,9.59,T,110,10,342,0,436,236,150,9,T,92,0,848,0,29,232,137,5,1,-18,-10,506,0,-407,-4,-13,-4
16745,3.03,Z,15,1,176,0,10,39,40,1,Z,21,2,58,0,6,68,216,0,0,6,1,-118,0,-4,29,176,-1
16746,9.09,T,38,0,509,0,0,64,85,0,T,68,0,319,0,35,141,162,11,1,30,0,-190,0,35,77,77,11
16747,9.59,P,49,0,488,0,22,87,51,6,Z,51,4,1024,0,12,188,158,0,0,2,4,536,0,-10,101,107,-6
16748,9.59,Z,65,3,528,0,10,116,193,0,T,73,0,623,0,0,268,335,0,1,8,-3,95,0,-10,152,142,0
16749,8.27,T,74,5,455,0,300,329,128,5,Z,51,0,608,0,49,174,153,3,0,-23,-5,153,0,-251,-155,25,-2
16750,9.58,T,76,0,522,0,29,105,120,5,Z,47,2,575,0,26,142,182,2,1,-29,2,53,0,-3,37,62,-3
16751,7.04,T,41,0,560,0,22,114,56,5,P,29,2,507,0,5,155,91,0,1,-12,2,-53,0,-17,41,35,-5
16752,8.01,P,62,1,589,0,262,336,88,7,Z,61,2,529,0,332,260,373,9,1,-1,1,-60,0,70,-76,285,2
16753,7.28,T,86,6,373,0,275,303,125,3,T,84,1,374,0,298,159,138,10,1,-2,-5,1,0,23,-144,13,7
16754,5.59,T,57,0,303,0,34,170,114,6,P,42,0,479,0,353,270,52,9,1,-15,0,176,0,319,100,-62,3
16755,10.1,Z,85,9,711,0,628,200,378,7,P,66,3,940,0,43,342,95,5,0,-19,-6,229,0,-585,142,-283,-2
16756,3.27,Z,16,1,161,0,271,92,89,4,T,19,1,117,0,153,65,96,3,1,3,0,-44,0,-118,-27,7,-1
16757,9.59,P,30,0,322,0,0,117,73,0,P,42,0,859,0,0,164,92,0,0,12,0,537,0,0,47,19,0
16758,4.54,Z,17,2,201,0,2,45,59,0,Z,20,4,328,0,7,152,94,0,0,3,2,127,0,5,107,35,0
16759,3.42,T,18,1,300,0,15,104,22,3,P,14,0,132,0,0,24,44,0,1,-4,-1,-168,0,-15,-80,22,-3
16760,7.59,Z,37,0,240,0,78,170,215,4,T,74,0,327,0,100,154,153,7,1,37,0,87,0,22,-16,-62,3
16761,7.53,T,47,0,394,0,32,154,60,10,Z,29,0,336,0,7,122,201,3,0,-18,0,-58,0,-25,-32,141,-7
16762,6.16,P,22,0,135,0,11,96,40,5,T,37,3,295,11,242,202,78,2,1,15,3,160,11,231,106,38,-3
16763,6.06,T,53,4,218,0,600,125,88,4,P,27,0,126,0,1,68,41,3,0,-26,-4,-92,0,-599,-57,-47,-1
16764,9.59,T,58,3,889,0,15,160,84,0,Z,41,0,324,0,20,30,145,2,0,-17,-3,-565,0,5,-130,61,2
16765,3.11,Z,10,0,110,2,290,64,58,4,Z,18,4,72,0,126,83,131,1,1,8,4,-38,-2,-164,19,73,-3
16766,9.59,T,40,0,881,0,0,66,81,0,Z,53,0,418,0,98,102,200,8,1,13,0,-463,0,98,36,119,8
16767,9.59,T,103,0,723,0,108,181,193,2,T,71,4,875,1,97,124,206,0,0,-32,4,152,1,-11,-57,13,-2
16768,5.09,T,42,3,303,11,136,171,91,2,T,36,0,359,0,73,130,89,5,1,-6,-3,56,-11,-63,-41,-2,3
16769,9.57,Z,77,4,412,2,99,309,251,11,T,118,0,580,0,613,216,116,16,1,41,-4,168,-2,514,-93,-135,5
16770,3.17,Z,19,2,37,2,36,44,64,0,Z,13,1,32,0,422,25,100,3,0,-6,-1,-5,-2,386,-19,36,3
16771,9.59,Z,53,0,813,0,14,87,179,9,P,54,0,681,0,269,213,47,5,1,1,0,-132,0,255,126,-132,-4
16772,9.59,Z,70,3,789,0,44,155,238,1,P,73,2,500,0,125,359,297,10,1,3,-1,-289,0,81,204,59,9
16773,9.59,T,58,15,797,0,100,229,105,3,T,56,0,405,0,0,72,74,0,0,-2,-15,-392,0,-100,-157,-31,-3
16774,4.58,Z,20,0,40,1,2,15,76,0,T,21,0,399,0,0,47,38,0,1,1,0,359,-1,-2,32,-38,0
16775,2.48,P,11,0,76,0,0,23,17,0,P,14,0,89,0,182,64,24,4,1,3,0,13,0,182,41,7,4
16776,4.21,T,19,0,53,0,2,12,27,2,P,22,0,207,0,7,24,19,2,0,3,0,154,0,5,12,-8,0
16777,9.57,P,54,5,480,0,51,231,75,2,Z,48,0,886,0,16,120,159,2,0,-6,-5,406,0,-35,-111,84,0
16778,9.3,Z,84,0,428,0,828,259,333,5,Z,78,0,403,0,172,209,234,7,1,-6,0,-25,0,-656,-50,-99,2
16779,9.51,Z,84,0,561,0,31,108,205,2,P,113,5,512,0,201,258,180,14,0,29,5,-49,0,170,150,-25,12
16780,1.41,T,4,0,106,0,48,34,7,1,P,7,0,62,0,1,41,4,1,0,3,0,-44,0,-47,7,-3,0
16781,9.59,T,61,5,468,0,8,289,94,0,T,65,0,528,0,65,158,132,6,1,4,-5,60,0,57,-131,38,6
16782,1.49,Z,10,0,46,0,4,33,30,4,Z,8,0,81,0,50,20,37,3,0,-2,0,35,0,46,-13,7,-1
16783,2.38,P,11,1,55,0,12,63,55,0,Z,9,0,33,0,0,18,42,1,0,-2,-1,-22,0,-12,-45,-13,1
16784,9.59,T,84,13,261,0,384,215,142,6,P,66,0,376,0,37,314,101,6,0,-18,-13,115,0,-347,99,-41,0
16785,3,T,15,8,73,0,199,84,53,3,T,13,1,136,0,181,30,19,3,1,-2,-7,63,0,-18,-54,-34,0
16786,8.32,Z,51,1,550,0,77,93,177,4,P,49,0,543,0,11,121,53,1,0,-2,-1,-7,0,-66,28,-124,-3
16787,9.59,Z,50,8,728,0,65,159,133,1,P,60,9,666,0,22,118,77,2,1,10,1,-62,0,-43,-41,-56,1
16788,7.09,Z,47,0,185,0,20,154,113,14,Z,41,0,275,0,256,185,384,12,1,-6,0,90,0,236,31,271,-2
16789,9.58,T,62,5,454,0,15,66,72,0,Z,66,0,357,0,0,85,227,0,1,4,-5,-97,0,-15,19,155,0
16790,4.31,P,25,1,238,0,102,127,68,6,Z,25,3,234,0,130,74,55,0,0,0,2,-4,0,28,-53,-13,-6
16791,9.59,T,91,6,389,0,51,210,103,1,Z,88,8,491,0,57,325,255,1,1,-3,2,102,0,6,115,152,0
16792,9.56,T,54,0,484,0,0,51,87,1,Z,46,4,165,0,29,42,148,0,1,-8,4,-319,0,29,-9,61,-1
16793,8.07,P,52,0,487,0,20,327,44,2,Z,37,4,428,0,42,112,181,0,1,-15,4,-59,0,22,-215,137,-2
16794,9.58,T,74,11,266,0,235,178,327,5,T,68,7,514,0,279,158,172,5,1,-6,-4,248,0,44,-20,-155,0
16795,9.59,T,70,5,635,5,87,110,98,3,T,64,5,738,0,30,183,95,0,0,-6,0,103,-5,-57,73,-3,-3
16796,9.35,Z,62,7,499,0,41,136,184,2,T,101,5,877,0,39,294,139,7,0,39,-2,378,0,-2,158,-45,5
16797,7.43,Z,51,8,472,0,113,134,119,4,T,49,0,560,0,10,90,77,8,1,-2,-8,88,0,-103,-44,-42,4
16798,9.02,P,67,0,384,0,750,285,281,10,T,80,5,442,0,114,222,128,7,1,13,5,58,0,-636,-63,-153,-3
16799,8.54,Z,42,0,589,0,0,90,188,1,P,44,0,764,0,0,230,95,2,1,2,0,175,0,0,140,-93,1
16800,8.44,Z,96,11,633,0,247,388,266,7,T,118,6,624,0,403,294,268,2,0,22,-5,-9,0,156,-94,2,-5
16801,9.59,Z,75,1,477,0,276,226,246,5,T,93,4,901,0,43,287,132,7,1,18,3,424,0,-233,61,-114,2
16802,10.37,Z,59,4,490,0,20,241,375,1,P,86,0,636,0,86,397,184,19,0,27,-4,146,0,66,156,-191,18
16803,7.38,T,87,2,329,0,752,212,191,17,P,41,0,400,0,26,117,53,5,0,-46,-2,71,0,-726,-95,-138,-12
16804,5.1,Z,31,0,255,0,30,104,105,5,T,41,0,229,0,437,146,103,10,0,10,0,-26,0,407,42,-2,5
16805,6.38,T,36,0,291,0,70,109,111,5,P,40,3,319,0,58,108,46,0,1,4,3,28,0,-12,-1,-65,-5
16806,5.44,P,21,0,509,0,8,109,48,2,Z,33,0,224,0,1,214,130,3,0,12,0,-285,0,-7,105,82,1
16807,9.58,Z,75,2,483,0,98,133,201,4,Z,64,3,502,0,360,393,287,8,0,-11,1,19,0,262,260,86,4
16808,3.06,T,17,0,180,0,0,28,29,0,P,19,2,191,0,110,64,44,5,0,2,2,11,0,110,36,15,5
16809,1.11,P,4,0,17,0,9,5,22,3,T,4,0,34,0,1,7,5,4,0,0,0,17,0,-8,2,-17,1
16810,9.57,P,53,3,550,0,32,190,84,0,Z,66,0,360,0,9,157,277,2,0,13,-3,-190,0,-23,-33,193,2
16811,9.59,P,35,1,690,0,0,101,71,0,T,37,0,631,0,0,27,74,0,0,2,-1,-59,0,0,-74,3,0
16812,5.33,Z,37,7,180,0,24,93,94,0,T,57,1,329,0,86,190,43,5,1,20,-6,149,0,62,97,-51,5
16813,1.51,P,8,3,68,0,1,63,18,0,P,6,1,83,0,0,13,9,0,0,-2,-2,15,0,-1,-50,-9,0
16814,9.45,Z,31,0,1038,0,0,187,138,0,T,50,2,482,0,1,149,84,0,1,19,2,-556,0,1,-38,-54,0
16815,10.01,P,46,3,785,0,3,143,118,0,Z,62,0,430,0,0,170,195,0,1,16,-3,-355,0,-3,27,77,0
16816,2.37,P,18,0,31,0,51,73,84,7,P,12,1,114,0,36,114,32,4,1,-6,1,83,0,-15,41,-52,-3
16817,10.07,Z,57,2,319,0,32,209,194,3,P,52,0,586,0,13,102,78,2,1,-5,-2,267,0,-19,-107,-116,-1
16818,6.59,Z,44,2,138,0,31,84,189,0,P,53,0,257,0,3,77,64,3,0,9,-2,119,0,-28,-7,-125,3
16819,3.33,T,6,0,147,0,0,17,11,0,P,17,0,220,2,238,53,29,0,1,11,0,73,2,238,36,18,0
16820,7.1,T,48,0,202,0,1,49,71,1,T,36,3,398,0,40,58,63,1,1,-12,3,196,0,39,9,-8,0
16821,9.58,T,82,0,449,0,126,142,128,2,P,46,0,657,0,0,269,86,0,1,-36,0,208,0,-126,127,-42,-2
16822,9.59,T,94,4,695,0,25,242,97,7,P,58,0,585,0,73,279,146,15,0,-36,-4,-110,0,48,37,49,8
16823,9.59,T,28,0,795,0,0,63,42,0,P,34,0,608,0,0,54,48,0,1,6,0,-187,0,0,-9,6,0
16824,3.5,T,17,1,169,0,5,90,18,0,P,11,0,145,0,8,181,20,10,1,-6,-1,-24,0,3,91,2,10
16825,9.57,Z,59,18,468,0,96,364,190,0,T,52,7,646,0,14,207,64,0,0,-7,-11,178,0,-82,-157,-126,0
16826,9.08,Z,57,16,282,0,51,133,187,3,P,71,7,786,1,85,250,116,0,0,14,-9,504,1,34,117,-71,-3
16827,10.28,T,76,0,284,0,10,113,144,5,P,61,9,368,0,138,149,136,1,1,-15,9,84,0,128,36,-8,-4
16828,9.58,Z,72,3,196,0,42,52,181,2,Z,50,0,940,0,25,62,159,6,0,-22,-3,744,0,-17,10,-22,4
16829,6.3,T,33,0,551,0,6,143,57,2,T,44,0,322,0,297,99,90,10,1,11,0,-229,0,291,-44,33,8
16830,9.52,T,77,4,619,0,15,138,106,0,Z,59,2,303,0,33,206,205,4,1,-18,-2,-316,0,18,68,99,4
16831,9.59,T,140,18,571,0,624,363,252,2,T,103,4,578,0,257,243,122,11,1,-37,-14,7,0,-367,-120,-130,9
16832,7.03,P,26,0,340,0,329,218,97,7,Z,31,3,323,0,331,271,174,2,1,5,3,-17,0,2,53,77,-5
16833,2.53,T,8,0,190,0,0,36,37,1,T,12,0,119,0,6,25,25,2,1,4,0,-71,0,6,-11,-12,1
16834,8.51,Z,91,5,408,1,317,298,191,9,Z,93,11,362,0,369,338,310,8,1,2,6,-46,-1,52,40,119,-1
16835,8.43,P,40,0,886,0,453,172,90,3,P,30,0,366,0,0,152,69,0,0,-10,0,-520,0,-453,-20,-21,-3
16836,6.51,Z,44,12,245,4,340,163,249,2,Z,40,11,339,0,324,175,207,1,0,-4,-1,94,-4,-16,12,-42,-1
16837,8.45,P,60,0,695,0,85,89,109,11,T,40,0,607,0,0,108,71,0,0,-20,0,-88,0,-85,19,-38,-11
16838,5.22,P,21,0,226,0,469,61,34,4,P,23,0,158,0,24,182,173,5,1,2,0,-68,0,-445,121,139,1
16839,8.27,Z,52,0,698,0,96,226,280,6,P,49,0,537,0,24,129,170,3,0,-3,0,-161,0,-72,-97,-110,-3
16840,8.08,T,55,0,600,0,36,45,93,2,Z,33,4,289,0,57,68,104,2,0,-22,4,-311,0,21,23,11,0
16841,7.13,Z,57,2,301,0,224,177,303,7,T,53,0,381,0,238,216,158,7,0,-4,-2,80,0,14,39,-145,0
16842,7.54,Z,70,10,365,0,171,98,210,1,T,84,3,519,0,420,167,118,7,1,14,-7,154,0,249,69,-92,6
16843,9.59,P,106,9,659,0,141,415,117,10,T,101,0,676,0,658,379,185,14,1,-5,-9,17,0,517,-36,68,4
16844,9.59,Z,52,0,701,0,49,329,191,5,T,140,0,420,0,672,389,186,12,1,88,0,-281,0,623,60,-5,7
16845,3.19,Z,9,3,55,0,102,50,137,3,Z,15,1,53,0,48,73,84,2,1,6,-2,-2,0,-54,23,-53,-1
16846,6.3,P,57,4,371,0,54,130,79,7,Z,55,4,329,0,140,149,230,4,0,-2,0,-42,0,86,19,151,-3
16847,7,Z,44,11,293,6,115,202,207,0,Z,39,6,204,2,64,264,184,5,0,-5,-5,-89,-4,-51,62,-23,5
16848,9.59,P,60,0,511,0,253,261,119,4,T,102,10,318,0,538,151,157,7,1,42,10,-193,0,285,-110,38,3
16849,6.55,T,60,1,401,0,705,128,233,9,P,45,2,630,0,12,143,49,0,0,-15,1,229,0,-693,15,-184,-9
16850,9.58,Z,67,6,795,0,176,182,306,7,P,49,0,515,0,16,294,53,8,1,-18,-6,-280,0,-160,112,-253,1
16851,7.47,P,68,0,507,0,531,185,116,15,T,75,5,386,0,174,198,128,10,0,7,5,-121,0,-357,13,12,-5
16852,6.37,P,45,0,281,0,65,147,54,6,Z,36,2,252,0,17,75,117,2,1,-9,2,-29,0,-48,-72,63,-4
16853,10.56,T,121,6,810,0,522,211,256,1,Z,86,7,680,5,105,264,231,0,1,-35,1,-130,5,-417,53,-25,-1
16854,4.35,P,14,0,264,0,0,43,30,0,P,22,2,286,0,57,124,87,5,1,8,2,22,0,57,81,57,5
16855,9.59,Z,49,0,579,0,0,39,169,1,T,36,0,588,0,20,110,69,6,0,-13,0,9,0,20,71,-100,5
16856,10.45,Z,39,0,551,0,242,84,324,11,P,120,0,346,0,44,223,158,18,1,81,0,-205,0,-198,139,-166,7
16857,5.26,Z,32,0,320,0,398,131,227,6,P,95,1,225,0,183,279,114,6,0,63,1,-95,0,-215,148,-113,0
16858,7.22,Z,26,0,542,0,8,58,77,2,T,62,5,371,0,16,98,93,3,1,36,5,-171,0,8,40,16,1
16859,6.25,T,52,0,244,0,586,238,111,20,Z,27,0,221,0,7,64,101,1,0,-25,0,-23,0,-579,-174,-10,-19
16860,10.08,T,63,10,967,0,26,193,138,2,P,72,2,651,0,485,330,152,3,1,9,-8,-316,0,459,137,14,1
16861,6.23,Z,29,5,374,0,62,62,98,5,Z,26,7,553,0,31,96,106,0,0,-3,2,179,0,-31,34,8,-5
16862,3.22,P,15,0,278,0,0,87,28,0,P,9,0,133,0,2,59,70,2,0,-6,0,-145,0,2,-28,42,2
16863,8.37,P,46,3,475,0,25,263,77,5,P,36,2,365,0,367,275,87,7,0,-10,-1,-110,0,342,12,10,2
16864,9.59,Z,49,3,509,0,3,130,167,0,T,33,0,683,0,0,105,64,0,0,-16,-3,174,0,-3,-25,-103,0
16865,9.59,T,77,0,868,0,144,164,181,16,P,52,8,813,0,61,184,100,5,1,-25,8,-55,0,-83,20,-81,-11
16866,6.21,T,53,2,310,0,817,127,133,9,P,85,0,382,0,465,335,65,30,0,32,-2,72,0,-352,208,-68,21
16867,9.56,T,23,2,568,0,2,61,49,0,P,38,0,482,0,5,13,30,2,0,15,-2,-86,0,3,-48,-19,2
16868,9.15,Z,78,0,364,0,389,349,266,10,T,70,2,850,0,158,244,132,6,0,-8,2,486,0,-231,-105,-134,-4
16869,3.07,P,9,3,91,0,245,21,62,0,Z,11,0,87,0,6,16,44,1,0,2,-3,-4,0,-239,-5,-18,1
16870,3.22,Z,19,1,144,0,1,5,47,0,T,12,0,75,0,0,6,13,0,0,-7,-1,-69,0,-1,1,-34,0
16871,10.19,Z,59,2,514,0,3,99,251,0,P,57,0,626,0,28,228,118,6,1,-2,-2,112,0,25,129,-133,6
16872,9.47,T,55,0,734,0,146,114,149,2,Z,35,0,222,0,0,63,149,0,1,-20,0,-512,0,-146,-51,0,-2
16873,9.59,Z,61,2,439,0,74,255,223,5,T,90,0,659,0,24,250,108,4,0,29,-2,220,0,-50,-5,-115,-1
16874,4.46,Z,27,5,148,0,210,60,96,3,P,19,0,188,0,46,75,52,17,1,-8,-5,40,0,-164,15,-44,14
16875,5.53,T,48,4,382,0,59,88,43,0,P,33,0,272,1,49,208,71,4,0,-15,-4,-110,1,-10,120,28,4
16876,9.46,Z,53,3,469,0,71,237,204,0,P,96,0,650,0,146,348,90,7,1,43,-3,181,0,75,111,-114,7
16877,9.01,Z,49,2,734,0,88,229,168,4,T,66,1,606,0,43,139,81,5,0,17,-1,-128,0,-45,-90,-87,1
16878,10.56,P,82,0,501,0,361,424,179,22,P,149,0,525,0,531,380,118,18,0,67,0,24,0,170,-44,-61,-4
16879,7.04,Z,18,1,211,0,37,78,114,1,P,30,3,267,0,30,100,33,0,1,12,2,56,0,-7,22,-81,-1
16880,4.36,P,24,0,244,0,3,75,39,3,T,18,0,362,0,2,104,40,1,0,-6,0,118,0,-1,29,1,-2
16881,4.09,T,23,0,140,0,28,56,45,6,Z,17,0,274,0,1,45,51,1,0,-6,0,134,0,-27,-11,6,-5
16882,9.59,T,82,0,604,0,517,246,134,8,T,115,0,738,0,502,295,223,11,1,33,0,134,0,-15,49,89,3
16883,7.41,P,33,0,552,0,7,83,47,2,T,47,2,641,0,25,99,57,2,1,14,2,89,0,18,16,10,0
16884,9.59,Z,53,0,453,0,27,350,205,2,Z,58,3,494,0,30,196,208,6,0,5,3,41,0,3,-154,3,4
16885,3.14,Z,12,0,26,1,0,22,37,0,T,17,0,269,0,10,59,32,5,1,5,0,243,-1,10,37,-5,5
16886,8.14,Z,72,0,583,0,178,414,239,5,T,102,5,368,0,520,283,185,8,0,30,5,-215,0,342,-131,-54,3
16887,7.08,T,57,1,468,0,221,262,100,11,T,74,2,426,0,72,258,133,16,1,17,1,-42,0,-149,-4,33,5
16888,3.22,Z,10,2,81,0,142,29,107,4,Z,19,2,98,2,48,115,139,4,1,9,0,17,2,-94,86,32,0
16889,7.42,P,56,0,440,0,119,264,117,5,P,75,0,410,0,682,315,144,8,1,19,0,-30,0,563,51,27,3
16890,4.14,T,35,3,285,0,5,74,52,2,Z,17,1,133,0,10,63,106,1,1,-18,-2,-152,0,5,-11,54,-1
16891,9.59,T,115,5,417,0,362,145,153,18,P,68,9,771,0,259,339,102,3,1,-47,4,354,0,-103,194,-51,-15
16892,10.45,Z,81,9,763,0,111,240,282,5,P,64,0,767,0,5,176,342,1,0,-17,-9,4,0,-106,-64,60,-4
16893,3.1,Z,16,0,74,0,53,41,137,16,Z,14,0,97,0,99,30,155,2,1,-2,0,23,0,46,-11,18,-14
16894,9.46,P,25,0,379,0,0,42,37,0,Z,30,4,669,0,3,33,103,0,0,5,4,290,0,3,-9,66,0
16895,9.33,T,65,0,992,0,52,380,131,6,Z,73,0,397,0,266,356,436,16,1,8,0,-595,0,214,-24,305,10
16896,9.56,T,25,0,359,0,0,13,34,0,T,24,0,610,0,0,36,65,0,0,-1,0,251,0,0,23,31,0
16897,8.54,Z,68,0,305,0,231,416,358,16,Z,52,4,634,0,767,168,273,5,0,-16,4,329,0,536,-248,-85,-11
16898,2.35,Z,5,4,95,0,21,31,35,1,Z,13,0,50,0,193,46,116,13,0,8,-4,-45,0,172,15,81,12
16899,8.23,P,103,4,472,0,237,228,158,16,T,85,7,441,0,418,258,222,7,1,-18,3,-31,0,181,30,64,-9
16900,9.13,Z,51,3,185,0,6,61,154,1,Z,45,0,236,0,125,176,186,3,0,-6,-3,51,0,119,115,32,2
16901,9.59,T,60,1,492,0,696,213,106,6,T,81,0,491,0,2,186,100,2,1,21,-1,-1,0,-694,-27,-6,-4
16902,9.58,Z,116,0,678,0,98,160,214,11,P,63,0,693,0,10,141,144,9,1,-53,0,15,0,-88,-19,-70,-2
16903,9.59,T,30,0,362,0,0,27,58,0,T,45,0,442,0,121,123,62,5,0,15,0,80,0,121,96,4,5
16904,5.14,P,22,0,365,0,285,79,86,6,Z,28,1,367,0,19,65,124,3,0,6,1,2,0,-266,-14,38,-3
16905,9.59,P,52,0,857,0,27,49,64,8,T,13,0,340,0,7,20,22,4,0,-39,0,-517,0,-20,-29,-42,-4
16906,5.42,P,41,0,137,0,387,128,132,7,Z,26,3,248,0,67,58,127,0,0,-15,3,111,0,-320,-70,-5,-7
16907,8.31,P,46,0,702,0,14,136,56,1,Z,34,0,227,0,2,97,148,2,0,-12,0,-475,0,-12,-39,92,1
16908,2.43,T,9,1,130,0,0,30,26,0,Z,8,0,81,0,2,6,26,2,1,-1,-1,-49,0,2,-24,0,2
16909,9.59,T,80,9,489,0,186,214,109,3,T,60,0,608,0,26,206,104,7,0,-20,-9,119,0,-160,-8,-5,4
16910,7.26,T,42,0,437,0,8,18,53,2,T,56,0,525,0,209,195,76,6,1,14,0,88,0,201,177,23,4
16911,4.31,P,20,0,111,0,1,69,216,0,P,27,0,202,0,2,74,138,1,0,7,0,91,0,1,5,-78,1
16912,9.59,T,19,0,345,0,0,131,82,0,T,63,0,649,0,37,260,125,11,1,44,0,304,0,37,129,43,11
16913,3.53,T,16,1,233,0,336,68,44,2,P,23,0,154,0,2,65,62,2,1,7,-1,-79,0,-334,-3,18,0
16914,9.59,P,41,0,557,0,0,223,81,0,T,70,2,609,0,5,175,129,6,1,29,2,52,0,5,-48,48,6
16915,9.58,Z,73,0,504,0,234,190,235,5,Z,85,5,326,0,282,371,274,12,1,12,5,-178,0,48,181,39,7
16916,2.09,T,8,2,94,0,155,48,79,10,Z,4,2,110,0,74,57,95,3,0,-4,0,16,0,-81,9,16,-7
16917,8.28,P,30,1,550,0,6,184,64,2,Z,30,0,314,0,0,41,104,0,1,0,-1,-236,0,-6,-143,40,-2
16918,5.14,T,40,1,275,0,349,140,48,2,T,26,4,362,0,7,171,41,2,0,-14,3,87,0,-342,31,-7,0
16919,10.25,P,31,0,593,0,0,159,68,0,Z,55,1,310,0,70,187,358,1,1,24,1,-283,0,70,28,290,1
16920,4.33,P,22,2,211,0,269,116,35,2,T,30,2,242,0,22,83,69,1,0,8,0,31,0,-247,-33,34,-1
16921,7.22,Z,42,4,299,0,72,123,202,3,T,46,5,385,0,455,147,141,9,0,4,1,86,0,383,24,-61,6
16922,10.31,Z,60,9,560,0,80,168,233,2,P,66,0,423,0,639,251,81,8,0,6,-9,-137,0,559,83,-152,6
16923,9.59,T,78,0,580,0,240,144,73,20,P,30,0,469,0,3,125,44,2,0,-48,0,-111,0,-237,-19,-29,-18
16924,7.55,T,81,0,404,1,464,215,188,17,Z,65,10,421,0,162,242,300,5,1,-16,10,17,-1,-302,27,112,-12
16925,9.59,Z,58,0,615,0,70,327,307,8,T,107,1,386,0,423,349,229,7,1,49,1,-229,0,353,22,-78,-1
16926,9.59,Z,51,0,453,0,24,424,211,3,P,92,0,447,0,60,290,116,9,1,41,0,-6,0,36,-134,-95,6
16927,10.13,Z,62,4,921,0,13,61,176,0,T,81,0,588,0,405,159,122,34,0,19,-4,-333,0,392,98,-54,34
16928,3.16,T,11,0,68,0,0,40,25,0,T,17,1,101,0,8,79,26,0,0,6,1,33,0,8,39,1,0
16929,7.23,Z,31,0,386,0,26,60,107,1,P,35,4,437,0,14,117,81,2,0,4,4,51,0,-12,57,-26,1
16930,9.59,P,97,13,359,0,509,298,205,8,Z,78,6,354,0,434,145,367,7,0,-19,-7,-5,0,-75,-153,162,-1
16931,4.19,P,24,2,197,0,3,18,28,2,Z,25,6,153,0,24,45,58,0,0,1,4,-44,0,21,27,30,-2
16932,2.11,P,10,0,101,0,1,38,16,1,Z,7,0,193,0,5,8,26,0,1,-3,0,92,0,4,-30,10,-1
16933,9.58,T,60,0,387,0,0,154,117,5,P,36,0,215,0,7,24,47,2,0,-24,0,-172,0,7,-130,-70,-3
16934,9.21,P,49,4,665,0,28,342,83,0,P,58,0,577,0,342,247,102,8,0,9,-4,-88,0,314,-95,19,8
16935,7.38,T,39,0,586,0,0,100,54,0,P,28,4,433,0,54,99,42,0,0,-11,4,-153,0,54,-1,-12,0
16936,9.59,T,89,13,626,0,539,178,125,5,P,66,0,525,0,9,241,87,3,1,-23,-13,-101,0,-530,63,-38,-2
16937,1.55,P,9,0,53,0,89,42,12,5,P,11,0,50,0,256,60,40,7,0,2,0,-3,0,167,18,28,2
16938,9.59,Z,43,0,300,0,49,59,158,2,T,80,7,467,2,131,171,137,8,1,37,7,167,2,82,112,-21,6
16939,4.29,Z,17,0,192,0,2,25,57,1,T,23,0,196,0,1,44,50,1,1,6,0,4,0,-1,19,-7,0
16940,9.59,T,64,0,815,0,8,180,126,3,Z,49,1,514,0,34,143,151,2,0,-15,1,-301,0,26,-37,25,-1
16941,9.58,Z,59,5,422,0,192,162,349,0,P,97,7,653,0,60,321,110,1,0,38,2,231,0,-132,159,-239,1
16942,7.26,P,58,4,367,0,762,292,59,0,T,42,1,704,0,17,174,71,2,0,-16,-3,337,0,-745,-118,12,2
16943,9.59,T,155,0,579,0,393,275,136,20,Z,79,0,401,0,546,400,451,15,1,-76,0,-178,0,153,125,315,-5
16944,9.58,P,24,0,290,0,1,44,111,1,T,66,0,286,0,15,76,116,7,1,42,0,-4,0,14,32,5,6
16945,9.59,P,57,0,397,0,43,127,62,10,T,56,0,401,0,3,202,184,6,0,-1,0,4,0,-40,75,122,-4
16946,4.25,Z,19,0,102,0,23,39,80,3,T,33,0,211,0,99,153,25,4,0,14,0,109,0,76,114,-55,1
16947,9.58,T,31,0,762,0,0,130,82,0,T,56,3,302,0,213,418,166,4,1,25,3,-460,0,213,288,84,4
16948,4.29,T,26,1,183,0,256,114,99,4,T,27,0,179,0,226,164,42,4,0,1,-1,-4,0,-30,50,-57,0
16949,9.59,P,77,6,446,0,57,282,76,11,Z,69,6,238,0,62,97,195,2,0,-8,0,-208,0,5,-185,119,-9
16950,9.49,Z,42,5,561,1,39,107,147,0,P,44,4,838,0,32,65,69,2,0,2,-1,277,-1,-7,-42,-78,2
16951,9.59,Z,57,4,478,0,13,151,295,7,Z,50,1,474,0,29,230,180,1,1,-7,-3,-4,0,16,79,-115,-6
16952,9.58,Z,92,0,466,0,60,232,253,4,T,132,0,408,0,87,370,169,4,1,40,0,-58,0,27,138,-84,0
16953,9.59,Z,78,8,455,2,83,324,241,11,T,113,4,573,0,491,369,157,9,0,35,-4,118,-2,408,45,-84,-2
16954,6.57,T,26,0,306,0,24,131,61,0,P,21,2,262,0,0,75,54,2,1,-5,2,-44,0,-24,-56,-7,2
16955,7.24,P,40,1,407,0,0,51,37,0,T,24,0,650,0,0,77,84,0,1,-16,-1,243,0,0,26,47,0
16956,9.57,P,100,1,305,0,52,137,114,7,T,83,0,867,0,104,207,138,7,0,-17,-1,562,0,52,70,24,0
16957,3.45,T,18,0,418,0,19,26,27,3,Z,18,3,151,0,180,66,121,2,0,0,3,-267,0,161,40,94,-1
16958,9.37,Z,69,10,504,7,100,124,232,2,T,79,9,741,0,142,267,170,1,1,10,-1,237,-7,42,143,-62,-1
16959,9.59,P,59,0,687,0,8,365,140,6,T,94,1,468,0,556,190,221,10,0,35,1,-219,0,548,-175,81,4
16960,6.2,Z,20,1,578,0,112,216,162,1,P,35,0,334,0,26,65,43,2,1,15,-1,-244,0,-86,-151,-119,1
16961,4.44,P,26,2,172,1,14,20,32,0,P,26,0,128,0,113,93,111,4,1,0,-2,-44,-1,99,73,79,4
16962,9.55,T,93,2,711,0,166,280,243,6,Z,72,10,282,0,61,105,257,1,1,-21,8,-429,0,-105,-175,14,-5
16963,9.56,P,42,0,762,0,0,48,58,0,Z,74,4,670,0,45,147,242,0,1,32,4,-92,0,45,99,184,0
16964,9.59,P,47,10,503,0,13,57,51,0,T,59,0,686,0,29,91,87,5,0,12,-10,183,0,16,34,36,5
16965,5.5,Z,38,0,337,0,40,126,91,6,P,49,0,345,0,22,165,95,7,1,11,0,8,0,-18,39,4,1
16966,7.39,T,51,0,744,0,28,179,68,3,Z,39,3,273,0,54,85,143,2,0,-12,3,-471,0,26,-94,75,-1
16967,8.35,Z,42,6,453,0,55,92,152,0,P,53,0,539,0,14,378,118,4,1,11,-6,86,0,-41,286,-34,4
16968,9.59,P,63,0,632,0,43,167,65,10,P,38,0,544,0,11,266,71,1,0,-25,0,-88,0,-32,99,6,-9
16969,8.02,Z,49,0,418,0,14,120,140,4,T,71,4,200,0,312,218,127,7,1,22,4,-218,0,298,98,-13,3
16970,7.33,P,32,0,586,0,0,103,49,0,Z,30,0,306,0,18,58,105,2,0,-2,0,-280,0,18,-45,56,2
16971,6.28,Z,47,0,274,0,200,158,190,19,P,58,0,262,0,762,142,157,7,1,11,0,-12,0,562,-16,-33,-12
16972,9.59,P,65,9,900,0,45,201,69,0,Z,81,0,431,0,166,239,261,10,0,16,-9,-469,0,121,38,192,10
16973,7.14,P,28,0,559,0,5,34,47,0,P,9,0,214,0,0,88,27,0,1,-19,0,-345,0,-5,54,-20,0
16974,9.22,T,63,2,625,0,32,226,144,5,P,51,0,460,0,71,233,277,9,0,-12,-2,-165,0,39,7,133,4
16975,3.4,Z,20,0,35,0,54,62,69,2,Z,22,0,257,0,154,149,76,2,0,2,0,222,0,100,87,7,0
16976,9.59,Z,45,1,533,0,9,150,145,1,Z,53,2,403,0,6,78,175,0,1,8,1,-130,0,-3,-72,30,-1
16977,7.51,Z,41,2,273,0,554,162,420,10,T,76,0,282,0,37,149,94,8,1,35,-2,9,0,-517,-13,-326,-2
16978,8.24,T,65,3,664,0,274,166,68,5,T,49,0,424,0,70,93,42,3,0,-16,-3,-240,0,-204,-73,-26,-2
16979,8.08,Z,38,7,319,0,33,147,178,0,Z,28,0,452,0,1,115,83,1,1,-10,-7,133,0,-32,-32,-95,1
16980,1.34,Z,6,5,52,0,167,24,44,3,T,8,0,54,0,115,22,21,2,0,2,-5,2,0,-52,-2,-23,-1
16981,3.16,T,15,1,146,0,97,39,19,4,Z,13,1,106,0,9,48,31,1,1,-2,0,-40,0,-88,9,12,-3
16982,8.3,P,39,0,355,0,43,215,142,8,Z,44,1,784,0,30,193,142,3,1,5,1,429,0,-13,-22,0,-5
16983,7.36,T,38,0,467,0,15,97,63,4,T,24,0,516,0,0,29,42,0,1,-14,0,49,0,-15,-68,-21,-4
16984,8.55,Z,65,1,445,0,333,216,233,9,Z,79,9,371,1,423,276,267,8,0,14,8,-74,1,90,60,34,-1
16985,9.59,Z,80,0,475,0,95,239,192,12,T,103,5,444,0,292,213,113,5,0,23,5,-31,0,197,-26,-79,-7
16986,9.52,T,44,5,398,0,13,81,92,0,P,38,0,827,0,0,43,68,1,1,-6,-5,429,0,-13,-38,-24,1
16987,4.12,T,23,0,183,0,337,67,76,2,T,25,0,200,0,66,106,39,5,0,2,0,17,0,-271,39,-37,3
16988,3.08,T,15,1,127,0,344,62,52,5,Z,13,0,58,0,8,15,28,2,1,-2,-1,-69,0,-336,-47,-24,-3
16989,6.52,T,78,0,494,0,687,238,118,10,P,44,2,290,0,214,107,72,9,0,-34,2,-204,0,-473,-131,-46,-1
16990,7.45,Z,34,0,496,0,31,76,125,3,T,74,2,494,0,211,137,227,2,1,40,2,-2,0,180,61,102,-1
16991,5.49,Z,28,1,234,1,334,138,87,9,T,33,0,672,0,8,189,58,3,0,5,-1,438,-1,-326,51,-29,-6
16992,4.26,T,21,0,440,0,229,128,104,9,Z,25,0,232,0,37,66,78,6,1,4,0,-208,0,-192,-62,-26,-3
16993,9.57,T,93,0,438,0,120,249,227,4,T,35,0,471,0,14,113,101,3,0,-58,0,33,0,-106,-136,-126,-1
16994,8.36,T,64,0,288,0,10,206,125,7,Z,51,0,436,0,2,176,224,2,0,-13,0,148,0,-8,-30,99,-5
16995,3.23,T,13,1,153,0,270,38,42,2,Z,13,1,35,0,15,13,66,0,1,0,0,-118,0,-255,-25,24,-2
16996,9.58,T,75,5,854,0,61,207,98,6,T,68,5,496,0,15,104,182,0,0,-7,0,-358,0,-46,-103,84,-6
16997,9.59,T,49,0,687,0,1,88,148,1,P,48,0,487,0,155,130,48,3,1,-1,0,-200,0,154,42,-100,2
16998,8.46,Z,63,10,403,0,42,122,147,2,T,69,6,527,0,48,110,101,0,0,6,-4,124,0,6,-12,-46,-2
16999,4.11,Z,18,2,142,0,33,69,63,1,Z,20,1,267,0,204,82,61,2,0,2,-1,125,0,171,13,-2,1
17000,4.12,Z,14,4,183,0,7,40,65,0,Z,18,0,248,0,9,16,76,3,1,4,-4,65,0,2,-24,11,3
17001,9.59,Z,48,4,625,0,46,82,119,1,T,50,11,978,0,68,126,95,4,0,2,7,353,0,22,44,-24,3
17002,2.55,Z,9,0,260,0,10,35,48,2,Z,10,0,101,0,0,39,53,1,1,1,0,-159,0,-10,4,5,-1
17003,8.29,T,47,0,652,0,10,62,74,1,Z,58,0,608,0,0,81,152,0,1,11,0,-44,0,-10,19,78,-1
17004,5.53,P,60,0,311,0,149,199,103,6,Z,54,9,527,1,373,205,193,8,1,-6,9,216,1,224,6,90,2
17005,4.39,P,37,0,167,0,44,96,30,7,P,25,0,326,0,246,118,29,9,0,-12,0,159,0,202,22,-1,2
17006,9.59,Z,69,11,322,0,116,317,289,2,T,94,0,430,0,409,194,224,11,1,25,-11,108,0,293,-123,-65,9
17007,3.14,Z,9,2,153,0,130,36,157,0,Z,10,0,150,0,3,38,40,1,0,1,-2,-3,0,-127,2,-117,1
17008,4.53,P,25,1,90,0,323,224,83,5,T,34,3,258,0,303,261,97,5,1,9,2,168,0,-20,37,14,0
17009,9.58,T,80,0,597,0,30,259,143,7,T,64,0,607,0,105,140,97,9,0,-16,0,10,0,75,-119,-46,2
17010,6.43,T,70,5,511,3,131,107,139,3,Z,50,7,350,0,38,171,258,0,0,-20,2,-161,-3,-93,64,119,-3
17011,7,Z,26,0,626,0,4,60,119,1,P,24,4,386,0,41,196,49,0,0,-2,4,-240,0,37,136,-70,-1
17012,10.3,T,60,2,681,0,1,62,109,4,Z,68,0,428,0,2,47,185,1,0,8,-2,-253,0,1,-15,76,-3
17013,9.58,Z,67,3,522,0,92,310,219,4,T,149,0,654,0,113,370,145,18,1,82,-3,132,0,21,60,-74,14
17014,5.47,P,33,0,159,0,224,211,38,3,Z,35,0,342,0,260,108,125,5,1,2,0,183,0,36,-103,87,2
17015,9.59,T,65,0,419,8,33,67,104,0,P,39,2,595,0,6,160,71,0,0,-26,2,176,-8,-27,93,-33,0
17016,5.44,Z,22,0,263,0,11,166,101,4,P,42,0,366,7,188,104,118,0,0,20,0,103,7,177,-62,17,-4
17017,10.47,T,57,2,595,0,304,81,89,8,T,71,0,886,0,803,187,87,12,1,14,-2,291,0,499,106,-2,4
17018,3.49,T,22,0,126,0,156,52,31,4,T,24,0,116,0,3,103,56,0,1,2,0,-10,0,-153,51,25,-4
17019,9.38,T,92,0,638,0,342,101,288,10,T,88,4,781,0,135,206,194,18,1,-4,4,143,0,-207,105,-94,8
17020,4.41,P,20,1,222,0,87,35,121,1,T,23,0,279,0,21,78,36,1,1,3,-1,57,0,-66,43,-85,0
17021,5.27,Z,41,5,295,0,214,183,199,3,P,39,2,174,0,266,63,58,5,1,-2,-3,-121,0,52,-120,-141,2
17022,2.43,T,16,0,120,0,159,141,79,7,T,12,0,243,0,108,78,40,5,1,-4,0,123,0,-51,-63,-39,-2
17023,9.57,P,55,0,483,0,34,204,71,1,Z,39,0,445,0,6,151,163,2,0,-16,0,-38,0,-28,-53,92,1
17024,8.5,T,85,0,292,0,75,168,154,10,Z,51,4,362,0,28,63,149,1,1,-34,4,70,0,-47,-105,-5,-9
17025,4.16,Z,11,0,357,1,0,58,41,0,P,20,1,137,0,61,125,43,2,1,9,1,-220,-1,61,67,2,2
17026,10.04,P,54,0,841,0,14,193,99,9,T,72,0,729,0,74,194,167,6,1,18,0,-112,0,60,1,68,-3
17027,3.06,Z,12,0,60,0,12,30,91,0,T,17,1,48,0,14,61,18,4,0,5,1,-12,0,2,31,-73,4
17028,10.16,Z,77,0,724,0,39,117,171,3,Z,90,5,405,0,386,234,316,0,1,13,5,-319,0,347,117,145,-3
17029,9.59,Z,92,16,389,0,590,202,380,1,T,134,3,586,0,622,311,171,13,1,42,-13,197,0,32,109,-209,12
17030,8.38,Z,47,8,660,0,30,230,141,1,T,112,0,410,27,431,250,204,3,0,65,-8,-250,27,401,20,63,2
17031,8.05,T,64,0,264,0,31,191,101,5,Z,52,6,438,0,82,328,129,4,0,-12,6,174,0,51,137,28,-1
17032,7.46,Z,41,2,349,0,38,106,147,4,Z,32,1,565,0,10,103,213,0,1,-9,-1,216,0,-28,-3,66,-4
17033,9.58,T,99,7,710,2,372,247,173,9,T,110,0,514,0,90,251,122,9,1,11,-7,-196,-2,-282,4,-51,0
17034,9.59,Z,43,11,261,3,42,54,283,4,T,67,0,699,0,45,92,115,6,1,24,-11,438,-3,3,38,-168,2
17035,6.23,P,28,0,195,0,11,29,24,2,Z,21,0,328,0,29,130,76,3,1,-7,0,133,0,18,101,52,1
17036,5,P,32,0,189,0,13,112,28,3,T,30,0,172,0,2,79,31,4,1,-2,0,-17,0,-11,-33,3,1
17037,4.58,P,19,0,172,0,9,35,17,2,T,37,2,188,0,171,156,233,12,1,18,2,16,0,162,121,216,10
17038,8.32,Z,48,2,156,0,16,54,151,1,T,72,0,489,0,251,112,67,8,1,24,-2,333,0,235,58,-84,7
17039,7.12,T,58,4,362,0,319,177,105,2,P,36,0,404,0,0,67,50,1,0,-22,-4,42,0,-319,-110,-55,-1
17040,9.05,P,41,0,604,0,10,70,90,6,T,39,1,390,0,18,24,58,5,1,-2,1,-214,0,8,-46,-32,-1
17041,9.59,Z,70,0,317,0,138,315,310,4,T,63,2,589,0,30,118,86,3,0,-7,2,272,0,-108,-197,-224,-1
17042,6.27,T,44,0,205,11,44,50,63,4,T,43,0,421,0,0,66,78,0,1,-1,0,216,-11,-44,16,15,-4
17043,8.16,T,68,4,522,0,188,211,222,3,T,57,0,482,0,11,112,106,1,1,-11,-4,-40,0,-177,-99,-116,-2
17044,10.48,P,60,8,213,0,63,163,73,10,T,65,0,761,0,50,208,149,10,0,5,-8,548,0,-13,45,76,0
17045,5.46,Z,31,5,456,0,33,67,92,7,T,25,0,346,0,2,68,42,5,1,-6,-5,-110,0,-31,1,-50,-2
17046,5.55,P,23,1,408,0,0,113,40,0,T,35,0,154,0,11,152,133,5,0,12,-1,-254,0,11,39,93,5
17047,9.59,P,49,0,381,0,17,179,69,6,T,51,1,917,0,26,224,83,3,0,2,1,536,0,9,45,14,-3
17048,10.12,Z,58,3,679,0,93,258,245,0,P,55,0,488,0,66,164,116,7,1,-3,-3,-191,0,-27,-94,-129,7
17049,10.39,Z,82,3,542,0,120,162,265,12,T,117,0,626,0,153,460,101,16,0,35,-3,84,0,33,298,-164,4
17050,4.26,T,23,0,378,0,7,59,75,3,P,16,0,55,0,0,22,210,0,0,-7,0,-323,0,-7,-37,135,-3
17051,9.59,T,108,5,433,0,593,174,167,8,P,123,4,574,0,173,359,109,10,1,15,-1,141,0,-420,185,-58,2
17052,5.02,T,27,0,201,0,778,42,146,5,Z,21,0,279,0,6,12,79,5,1,-6,0,78,0,-772,-30,-67,0
17053,10.36,T,60,0,694,0,0,203,97,0,Z,31,0,436,0,0,84,123,0,0,-29,0,-258,0,0,-119,26,0
17054,9.57,Z,48,2,533,0,3,98,193,0,T,70,7,865,0,43,95,82,1,1,22,5,332,0,40,-3,-111,1
17055,9.59,P,67,0,625,0,77,260,144,7,T,78,8,506,0,96,288,169,1,1,11,8,-119,0,19,28,25,-6
17056,4.55,T,31,0,372,0,3,61,44,2,T,16,1,156,0,0,31,37,0,0,-15,1,-216,0,-3,-30,-7,-2
17057,9.59,T,85,3,488,0,543,297,293,5,P,57,0,351,0,35,487,207,9,1,-28,-3,-137,0,-508,190,-86,4
17058,9.58,T,96,3,932,0,85,130,96,1,Z,65,6,473,0,82,146,194,3,1,-31,3,-459,0,-3,16,98,2
17059,7.29,T,55,0,332,0,97,159,137,17,T,56,0,501,0,178,137,98,5,0,1,0,169,0,81,-22,-39,-12
17060,6.55,P,32,2,470,0,16,55,43,0,Z,34,0,197,0,35,105,70,5,0,2,-2,-273,0,19,50,27,5
17061,9.59,P,48,9,529,0,925,189,110,2,P,44,0,574,0,6,157,93,1,0,-4,-9,45,0,-919,-32,-17,-1
17062,9.59,P,54,2,407,0,19,165,72,1,T,71,0,828,1,1053,279,116,4,1,17,-2,421,1,1034,114,44,3
17063,4.13,P,19,0,172,0,8,44,15,2,T,22,1,437,0,35,123,106,2,0,3,1,265,0,27,79,91,0
17064,9.58,T,81,0,394,0,8,177,101,3,P,39,0,155,0,1,146,119,5,0,-42,0,-239,0,-7,-31,18,2
17065,4.53,T,32,0,318,0,0,9,53,1,T,24,2,77,0,75,48,89,1,0,-8,2,-241,0,75,39,36,0
17066,3.41,T,12,0,87,0,0,20,25,0,T,18,0,178,0,6,54,22,2,0,6,0,91,0,6,34,-3,2
17067,5.41,T,45,0,433,0,212,143,67,4,P,34,0,300,0,203,173,98,5,0,-11,0,-133,0,-9,30,31,1
17068,3.57,T,31,2,183,0,398,86,115,1,Z,21,3,312,0,213,79,79,1,1,-10,1,129,0,-185,-7,-36,0
17069,9.59,P,45,0,515,0,9,157,64,1,P,52,13,464,0,59,116,113,1,0,7,13,-51,0,50,-41,49,0
17070,9.59,Z,78,0,551,0,99,238,233,15,Z,45,0,408,0,5,184,186,1,0,-33,0,-143,0,-94,-54,-47,-14
17071,9.58,Z,83,10,386,1,307,140,281,4,T,93,0,760,0,83,119,195,10,0,10,-10,374,-1,-224,-21,-86,6
17072,10.06,T,72,0,563,0,85,179,157,15,T,87,14,462,0,447,279,187,2,0,15,14,-101,0,362,100,30,-13
17073,8.06,Z,70,0,471,0,260,208,199,7,Z,70,2,312,0,401,269,282,10,1,0,2,-159,0,141,61,83,3
17074,5.23,T,50,2,471,2,66,111,52,0,P,23,0,134,0,0,72,46,2,0,-27,-2,-337,-2,-66,-39,-6,2
17075,9.46,P,47,0,705,0,10,179,96,7,P,68,0,439,2,48,143,106,11,0,21,0,-266,2,38,-36,10,4
17076,10.25,P,56,0,893,0,32,194,117,3,P,48,6,462,0,17,181,84,6,0,-8,6,-431,0,-15,-13,-33,3
17077,9.59,T,91,3,718,0,2,459,98,0,T,58,13,582,0,61,236,109,2,0,-33,10,-136,0,59,-223,11,2
17078,7.49,T,44,3,431,0,21,118,68,2,P,49,5,288,0,207,127,59,0,0,5,2,-143,0,186,9,-9,-2
17079,10.59,Z,94,8,821,0,142,244,239,10,Z,90,0,722,0,56,248,335,7,0,-4,-8,-99,0,-86,4,96,-3
17080,9.29,Z,47,1,549,0,51,193,168,7,Z,50,11,347,0,265,125,472,2,1,3,10,-202,0,214,-68,304,-5
17081,4.11,Z,23,0,165,0,167,130,113,5,T,30,1,244,0,264,74,145,6,0,7,1,79,0,97,-56,32,1
17082,8.17,T,81,2,449,0,222,169,88,14,P,65,6,254,0,247,175,91,7,0,-16,4,-195,0,25,6,3,-7
17083,8.31,Z,46,2,487,0,44,185,199,11,Z,55,0,434,0,86,139,183,2,1,9,-2,-53,0,42,-46,-16,-9
17084,5.15,P,28,0,399,0,13,120,47,4,T,30,1,363,0,5,57,54,4,0,2,1,-36,0,-8,-63,7,0
17085,8.4,Z,41,0,802,0,29,168,142,4,P,54,0,483,0,69,203,75,3,1,13,0,-319,0,40,35,-67,-1
17086,4.28,T,20,3,212,0,11,15,21,0,Z,16,0,102,0,8,29,39,2,1,-4,-3,-110,0,-3,14,18,2
17087,7.43,P,41,0,166,0,11,153,55,2,P,33,0,211,0,8,81,59,4,0,-8,0,45,0,-3,-72,4,2
17088,6.13,T,49,0,606,0,1122,108,71,7,T,46,4,331,0,354,155,97,5,0,-3,4,-275,0,-768,47,26,-2
17089,10.28,P,69,8,540,0,313,179,176,3,T,93,3,925,0,249,277,92,8,0,24,-5,385,0,-64,98,-84,5
17090,9.59,P,43,0,753,0,0,65,66,0,Z,40,0,201,0,3,139,128,1,1,-3,0,-552,0,3,74,62,1
17091,9.58,T,52,0,908,0,10,114,92,5,T,58,0,342,0,5,160,91,5,0,6,0,-566,0,-5,46,-1,0
17092,9.29,T,80,0,432,0,15,208,173,2,P,44,1,694,0,16,143,57,5,0,-36,1,262,0,1,-65,-116,3
17093,0.49,T,4,1,70,0,45,13,23,1,Z,0,0,1,0,0,0,8,1,0,-4,-1,-69,0,-45,-13,-15,0
17094,0.35,P,4,0,29,0,12,8,14,1,T,4,0,24,0,4,16,7,0,1,0,0,-5,0,-8,8,-7,-1
17095,7.57,P,38,0,488,0,15,62,107,5,Z,61,3,551,0,294,149,277,6,1,23,3,63,0,279,87,170,1
17096,4.45,Z,27,3,194,0,41,150,154,6,Z,23,2,145,0,522,59,276,7,0,-4,-1,-49,0,481,-91,122,1
17097,9.59,P,62,6,654,0,80,177,71,10,T,82,5,727,0,35,108,80,0,0,20,-1,73,0,-45,-69,9,-10
17098,9.57,P,58,1,529,0,27,71,82,1,T,49,2,304,0,42,106,109,2,0,-9,1,-225,0,15,35,27,1
17099,9.14,T,29,0,311,0,0,31,36,0,T,50,0,322,0,19,189,76,1,1,21,0,11,0,19,158,40,1
17100,9.59,P,48,0,585,0,8,104,90,2,P,39,0,490,0,0,62,85,0,1,-9,0,-95,0,-8,-42,-5,-2
17101,1.49,T,8,0,76,0,40,35,10,3,T,5,0,103,0,0,29,16,3,1,-3,0,27,0,-40,-6,6,0
17102,8.03,Z,47,0,463,0,74,334,191,6,Z,51,0,512,0,77,86,248,13,0,4,0,49,0,3,-248,57,7
17103,4.3,Z,21,0,204,0,188,123,134,1,T,23,0,107,0,99,176,43,0,1,2,0,-97,0,-89,53,-91,-1
17104,6.41,T,47,3,241,0,44,115,85,3,T,44,2,469,0,347,98,82,3,1,-3,-1,228,0,303,-17,-3,0
17105,5.24,Z,23,0,183,0,0,68,87,0,Z,17,0,109,0,0,16,67,0,0,-6,0,-74,0,0,-52,-20,0
17106,10.14,Z,90,0,381,0,309,199,335,17,T,107,0,359,0,712,271,257,25,0,17,0,-22,0,403,72,-78,8
17107,7.44,Z,58,0,455,0,129,223,138,18,Z,35,0,284,3,53,189,159,5,0,-23,0,-171,3,-76,-34,21,-13
17108,5.28,P,29,1,421,0,13,78,33,3,Z,33,1,409,0,26,118,93,3,0,4,0,-12,0,13,40,60,0
17109,9.49,Z,56,0,545,0,45,91,195,5,P,50,0,492,0,41,44,58,11,1,-6,0,-53,0,-4,-47,-137,6
17110,9.59,P,78,9,499,0,94,368,104,4,Z,71,0,605,0,87,95,219,2,0,-7,-9,106,0,-7,-273,115,-2
17111,6.35,P,30,0,347,0,277,225,119,4,P,28,0,147,0,4,103,98,4,1,-2,0,-200,0,-273,-122,-21,0
17112,9.58,P,39,0,599,0,96,187,61,2,T,65,5,545,0,55,231,136,3,0,26,5,-54,0,-41,44,75,1
17113,10.32,P,53,9,532,0,30,70,63,0,Z,38,0,731,0,0,67,184,1,0,-15,-9,199,0,-30,-3,121,1
17114,5.3,Z,18,2,329,0,96,95,137,4,T,30,0,143,0,0,32,66,3,0,12,-2,-186,0,-96,-63,-71,-1
17115,4.19,Z,19,4,227,0,41,140,99,1,Z,35,0,63,0,32,38,85,2,0,16,-4,-164,0,-9,-102,-14,1
17116,9.04,Z,60,0,541,0,3,181,206,3,P,42,0,283,0,18,67,57,5,0,-18,0,-258,0,15,-114,-149,2
17117,7.13,P,49,4,375,0,55,125,82,2,T,46,0,428,0,20,177,118,6,0,-3,-4,53,0,-35,52,36,4
17118,2.34,Z,9,0,74,0,57,55,36,3,T,14,0,78,0,63,69,13,3,0,5,0,4,0,6,14,-23,0
17119,7.15,Z,38,0,326,0,44,202,171,11,P,58,2,369,0,67,270,134,4,0,20,2,43,0,23,68,-37,-7
17120,5.33,P,22,0,431,0,2,80,91,3,Z,25,0,170,0,25,93,79,8,1,3,0,-261,0,23,13,-12,5
17121,9.35,Z,70,0,390,0,102,378,251,8,P,56,6,533,3,64,236,139,0,1,-14,6,143,3,-38,-142,-112,-8
17122,7.14,Z,64,6,516,0,70,119,131,6,T,41,1,551,1,38,114,122,3,0,-23,-5,35,1,-32,-5,-9,-3
17123,3.51,T,18,0,246,0,341,58,35,11,Z,18,2,93,0,19,45,191,1,1,0,2,-153,0,-322,-13,156,-10
17124,4.56,Z,28,0,197,0,30,165,92,1,T,36,0,284,0,76,123,53,4,1,8,0,87,0,46,-42,-39,3
17125,9.59,Z,139,13,485,0,450,369,364,8,T,126,9,698,0,423,267,187,16,0,-13,-4,213,0,-27,-102,-177,8
17126,4.37,T,14,0,117,0,8,12,13,3,Z,14,4,158,0,57,15,96,2,0,0,4,41,0,49,3,83,-1
17127,4.42,Z,16,0,241,0,17,122,52,3,Z,21,0,317,0,20,13,44,2,1,5,0,76,0,3,-109,-8,-1
17128,9.59,T,45,0,495,0,27,89,67,4,Z,43,4,566,0,26,28,159,0,0,-2,4,71,0,-1,-61,92,-4
17129,10.07,Z,84,8,520,0,99,218,224,1,T,111,3,498,0,270,225,164,17,0,27,-5,-22,0,171,7,-60,16
17130,9.59,T,72,0,1195,7,172,145,84,0,P,49,3,779,0,15,163,89,0,1,-23,3,-416,-7,-157,18,5,0
17131,1.49,Z,9,0,61,0,0,13,28,0,Z,7,0,13,0,1,38,35,4,0,-2,0,-48,0,1,25,7,4
17132,9.59,P,79,12,799,0,569,203,116,2,T,80,0,784,0,27,272,114,3,0,1,-12,-15,0,-542,69,-2,1
17133,8.4,P,34,15,431,0,44,75,36,3,P,26,0,433,0,23,121,46,10,1,-8,-15,2,0,-21,46,10,7
17134,4.1,T,23,0,375,0,5,38,61,3,T,18,0,102,0,15,47,50,2,0,-5,0,-273,0,10,9,-11,-1
17135,9.59,Z,50,1,446,0,90,190,176,7,T,55,0,480,0,9,62,101,6,0,5,-1,34,0,-81,-128,-75,-1
17136,6.48,P,41,4,372,0,37,131,49,3,Z,28,7,369,0,161,95,136,0,0,-13,3,-3,0,124,-36,87,-3
17137,9.58,T,25,0,747,0,17,58,32,7,T,63,4,849,0,289,100,71,0,1,38,4,102,0,272,42,39,-7
17138,5.17,P,51,3,305,0,112,201,89,2,T,45,0,240,0,338,92,81,11,1,-6,-3,-65,0,226,-109,-8,9
17139,7.53,Z,47,0,498,0,43,195,139,5,Z,37,4,412,0,47,128,134,1,0,-10,4,-86,0,4,-67,-5,-4
17140,8.2,Z,39,0,406,0,51,67,133,5,T,19,0,717,0,0,70,42,0,0,-20,0,311,0,-51,3,-91,-5
17141,6.38,Z,27,0,439,0,10,71,88,2,P,23,0,366,0,0,90,37,2,0,-4,0,-73,0,-10,19,-51,0
17142,9.59,Z,122,12,424,0,678,459,229,12,T,117,0,458,0,261,380,139,23,0,-5,-12,34,0,-417,-79,-90,11
17143,4.21,Z,22,2,101,0,127,30,136,2,T,23,0,171,0,95,165,94,9,1,1,-2,70,0,-32,135,-42,7
17144,9.09,Z,62,8,408,0,33,280,158,3,T,77,0,614,0,130,310,112,11,1,15,-8,206,0,97,30,-46,8
17145,9.59,P,47,0,561,0,0,149,92,0,P,25,0,259,0,0,123,56,0,1,-22,0,-302,0,0,-26,-36,0
17146,3.5,T,24,0,202,0,271,109,75,6,T,14,0,250,0,51,83,33,6,0,-10,0,48,0,-220,-26,-42,0
17147,10.18,T,87,11,904,0,194,188,157,1,T,104,7,405,3,645,293,193,13,1,17,-4,-499,3,451,105,36,12
17148,4.4,T,18,0,256,0,0,21,40,0,T,18,0,372,0,0,23,33,1,0,0,0,116,0,0,2,-7,1
17149,9.49,Z,33,1,475,1,36,138,134,1,Z,47,0,225,0,2,78,146,6,1,14,-1,-250,-1,-34,-60,12,5
17150,5.16,Z,34,5,130,0,61,252,82,2,Z,29,7,213,0,67,68,131,0,1,-5,2,83,0,6,-184,49,-2
17151,5,Z,19,1,102,0,6,47,85,3,T,52,0,190,0,427,134,71,3,0,33,-1,88,0,421,87,-14,0
17152,5.02,T,36,0,328,0,14,137,56,2,P,30,0,228,0,45,166,27,2,1,-6,0,-100,0,31,29,-29,0
17153,9.59,Z,74,3,393,0,44,182,238,5,T,96,4,626,0,667,174,144,0,1,22,1,233,0,623,-8,-94,-5
17154,9.07,P,75,0,271,0,156,215,133,9,Z,59,0,287,0,218,173,305,4,1,-16,0,16,0,62,-42,172,-5
17155,9.59,T,83,5,372,0,67,156,156,4,T,63,0,503,0,33,118,121,6,0,-20,-5,131,0,-34,-38,-35,2
17156,5.4,T,57,7,196,0,272,200,62,2,Z,46,1,285,0,92,163,206,0,0,-11,-6,89,0,-180,-37,144,-2
17157,4.38,Z,24,0,187,0,69,95,127,2,Z,13,0,193,6,25,86,60,0,0,-11,0,6,6,-44,-9,-67,-2
17158,6.31,Z,38,0,420,0,142,188,161,6,T,44,0,409,0,76,237,52,11,1,6,0,-11,0,-66,49,-109,5
17159,9.51,Z,39,11,734,0,218,158,222,0,T,63,0,528,0,9,115,81,5,1,24,-11,-206,0,-209,-43,-141,5
17160,9.59,T,80,0,553,0,392,238,192,9,Z,64,0,925,0,108,192,204,5,1,-16,0,372,0,-284,-46,12,-4
17161,4.25,T,41,0,118,0,37,98,41,3,T,20,0,291,0,20,86,38,4,0,-21,0,173,0,-17,-12,-3,1
17162,9.58,P,32,0,398,0,2,116,49,3,T,48,10,510,0,40,189,117,5,1,16,10,112,0,38,73,68,2
17163,8,T,104,6,413,0,857,256,148,37,P,68,4,440,0,321,297,88,16,0,-36,-2,27,0,-536,41,-60,-21
17164,2.39,T,10,1,77,0,21,25,16,3,Z,7,0,129,1,78,16,34,0,1,-3,-1,52,1,57,-9,18,-3
17165,9.58,P,61,4,399,0,32,123,63,2,Z,72,0,330,0,17,56,208,8,1,11,-4,-69,0,-15,-67,145,6
17166,9.59,Z,54,4,333,0,500,181,157,3,T,57,0,634,0,68,175,93,5,1,3,-4,301,0,-432,-6,-64,2
17167,9.59,Z,98,9,507,1,241,152,233,3,T,90,4,359,0,481,240,167,6,0,-8,-5,-148,-1,240,88,-66,3
17168,0.52,Z,2,0,16,0,6,14,15,1,Z,2,0,13,3,78,4,12,0,0,0,0,-3,3,72,-10,-3,-1
17169,3.47,T,14,0,131,0,0,47,94,1,P,17,0,134,0,55,43,134,4,1,3,0,3,0,55,-4,40,3
17170,2.19,P,7,1,120,0,7,63,12,2,T,10,0,174,0,0,21,28,1,0,3,-1,54,0,-7,-42,16,-1
17171,8.26,Z,57,6,370,0,85,187,295,3,Z,70,7,325,3,579,201,241,10,1,13,1,-45,3,494,14,-54,7
17172,9.58,T,64,0,480,0,12,234,127,8,Z,56,4,501,0,44,302,244,4,0,-8,4,21,0,32,68,117,-4
17173,9.59,Z,90,18,485,4,132,174,325,10,T,101,0,435,0,613,122,246,15,0,11,-18,-50,-4,481,-52,-79,5
17174,7.24,Z,46,1,314,0,464,183,231,7,P,52,0,397,0,251,163,137,6,0,6,-1,83,0,-213,-20,-94,-1
17175,4.03,T,19,0,236,0,85,121,32,11,P,23,2,250,0,222,139,53,4,0,4,2,14,0,137,18,21,-7
17176,9.59,Z,45,0,372,0,0,65,180,2,T,43,7,543,0,15,78,104,0,1,-2,7,171,0,15,13,-76,-2
17177,4.41,T,21,0,252,0,155,69,49,5,P,19,0,206,0,3,35,33,8,0,-2,0,-46,0,-152,-34,-16,3
17178,5.31,Z,25,0,210,0,5,215,134,0,T,38,1,226,0,75,134,67,1,1,13,1,16,0,70,-81,-67,1
17179,10.01,T,115,0,703,0,204,295,155,11,Z,83,21,502,0,192,283,225,1,1,-32,21,-201,0,-12,-12,70,-10
17180,6.45,P,44,5,158,0,100,103,33,1,T,42,0,254,0,109,105,349,5,0,-2,-5,96,0,9,2,316,4
17181,8.02,T,59,4,283,0,230,155,277,3,Z,55,0,192,0,60,77,180,8,1,-4,-4,-91,0,-170,-78,-97,5
17182,9.59,T,76,3,684,2,120,192,212,0,T,93,0,489,0,589,377,150,8,1,17,-3,-195,-2,469,185,-62,8
17183,8.54,T,90,5,293,0,190,145,295,7,Z,63,4,381,0,212,193,359,9,0,-27,-1,88,0,22,48,64,2
17184,9.38,Z,40,8,572,0,11,212,180,3,Z,33,0,403,0,15,68,135,0,0,-7,-8,-169,0,4,-144,-45,-3
17185,9.59,P,123,1,487,0,371,339,120,17,Z,94,0,417,0,347,187,382,35,0,-29,-1,-70,0,-24,-152,262,18
17186,6.57,T,56,0,295,0,0,56,79,1,P,22,0,526,0,112,220,82,7,1,-34,0,231,0,112,164,3,6
17187,3.48,P,13,3,180,0,196,171,138,0,T,31,0,172,0,269,118,141,5,1,18,-3,-8,0,73,-53,3,5
17188,9.59,Z,45,0,331,0,33,120,127,1,P,37,0,834,0,0,159,53,1,1,-8,0,503,0,-33,39,-74,0
17189,9.35,T,50,7,674,0,83,210,62,3,T,63,4,412,0,19,148,94,10,1,13,-3,-262,0,-64,-62,32,7
17190,6.31,Z,33,0,210,0,23,64,172,2,P,39,0,640,0,13,67,70,2,1,6,0,430,0,-10,3,-102,0
17191,2.49,T,10,3,140,0,0,35,33,0,T,11,0,162,0,0,23,12,0,0,1,-3,22,0,0,-12,-21,0
17192,9.04,T,59,0,1004,0,15,284,101,5,Z,52,1,344,0,117,137,332,1,0,-7,1,-660,0,102,-147,231,-4
17193,9.59,T,82,11,659,0,36,240,110,0,Z,64,4,691,0,35,128,176,0,1,-18,-7,32,0,-1,-112,66,0
17194,1.19,P,6,0,105,0,9,14,8,3,Z,6,2,79,0,23,43,35,1,1,0,2,-26,0,14,29,27,-2
17195,10.09,T,82,0,351,9,873,136,165,4,P,72,12,372,0,47,129,78,4,1,-10,12,21,-9,-826,-7,-87,0
17196,9.58,T,75,0,566,0,26,96,159,4,Z,65,9,557,0,64,182,270,0,0,-10,9,-9,0,38,86,111,-4
17197,4.18,T,35,0,181,0,86,112,42,5,T,27,3,109,1,315,66,145,9,1,-8,3,-72,1,229,-46,103,4
17198,5.37,T,50,1,249,0,174,152,125,9,T,39,0,270,0,32,82,47,5,1,-11,-1,21,0,-142,-70,-78,-4
17199,4.13,Z,20,4,179,0,75,28,99,1,Z,17,1,255,0,22,39,56,0,0,-3,-3,76,0,-53,11,-43,-1
17200,6.07,P,24,0,229,0,3,104,45,0,T,17,2,634,0,0,63,57,1,0,-7,2,405,0,-3,-41,12,1
17201,6.12,T,51,0,228,8,24,82,85,0,Z,31,4,304,0,112,146,177,5,0,-20,4,76,-8,88,64,92,5
17202,4.54,Z,26,0,277,0,16,43,69,3,Z,11,1,419,0,1,24,56,0,0,-15,1,142,0,-15,-19,-13,-3
17203,9.57,P,60,7,394,0,80,231,100,8,T,61,2,703,0,42,230,86,7,0,1,-5,309,0,-38,-1,-14,-1
17204,9.54,T,69,0,640,0,742,216,208,12,T,90,1,305,0,496,142,255,14,1,21,1,-335,0,-246,-74,47,2
17205,9.59,Z,80,2,529,0,337,347,227,5,T,126,0,384,0,135,475,140,16,0,46,-2,-145,0,-202,128,-87,11
17206,8.31,P,53,0,298,0,48,137,86,3,T,92,0,514,0,289,227,126,9,0,39,0,216,0,241,90,40,6
17207,5.18,T,30,4,520,0,23,199,70,2,P,20,0,318,0,0,105,40,0,1,-10,-4,-202,0,-23,-94,-30,-2
17208,5.48,P,29,1,248,0,585,69,123,3,T,30,1,179,0,17,41,47,1,0,1,0,-69,0,-568,-28,-76,-2
17209,9.59,P,74,0,411,0,1078,314,76,8,Z,62,0,613,0,31,101,283,2,0,-12,0,202,0,-1047,-213,207,-6
17210,9.59,Z,51,7,520,0,56,285,194,1,P,57,0,524,0,203,255,73,1,1,6,-7,4,0,147,-30,-121,0
17211,9.53,Z,52,0,294,0,0,109,189,1,T,38,0,735,0,10,57,70,2,1,-14,0,441,0,10,-52,-119,1
17212,2.45,T,15,0,204,0,514,50,36,6,Z,7,0,156,0,55,16,65,4,0,-8,0,-48,0,-459,-34,29,-2
17213,9.59,Z,85,5,505,0,97,322,262,10,T,106,0,721,0,283,264,163,13,0,21,-5,216,0,186,-58,-99,3
17214,4.51,Z,31,0,167,0,110,149,143,4,Z,20,0,404,0,131,23,160,3,1,-11,0,237,0,21,-126,17,-1
17215,3.27,Z,14,3,197,0,25,17,67,2,Z,18,4,74,0,402,83,102,1,1,4,1,-123,0,377,66,35,-1
17216,7.38,Z,40,16,226,0,85,95,132,3,Z,44,7,399,0,34,48,139,0,0,4,-9,173,0,-51,-47,7,-3
17217,6.25,P,42,0,332,0,387,134,48,7,Z,41,4,469,0,343,142,240,4,1,-1,4,137,0,-44,8,192,-3
17218,6.01,T,29,0,322,0,2,98,46,2,Z,28,0,228,0,22,47,100,2,1,-1,0,-94,0,20,-51,54,0
17219,8.59,P,64,4,346,0,11,161,202,3,T,71,2,729,0,55,149,91,8,1,7,-2,383,0,44,-12,-111,5
17220,5.14,T,21,0,274,0,0,118,43,2,T,25,0,531,0,10,63,38,2,1,4,0,257,0,10,-55,-5,0
17221,6.16,P,27,0,447,0,2,90,59,2,P,35,0,593,5,10,167,58,1,0,8,0,146,5,8,77,-1,-1
17222,9.59,P,65,12,571,0,22,205,73,1,T,90,6,547,0,274,177,128,8,1,25,-6,-24,0,252,-28,55,7
17223,7.56,P,40,2,443,0,494,309,84,6,Z,33,1,444,0,14,50,119,0,1,-7,-1,1,0,-480,-259,35,-6
17224,8.45,P,27,0,696,0,0,195,144,0,T,37,0,758,0,1,184,62,2,0,10,0,62,0,1,-11,-82,2
17225,10.38,P,61,0,834,0,253,392,88,16,P,49,3,488,0,15,170,103,4,1,-12,3,-346,0,-238,-222,15,-12
17226,0.55,P,3,0,56,0,1,14,3,7,P,2,0,12,0,102,4,2,1,1,-1,0,-44,0,101,-10,-1,-6
17227,9.55,T,46,1,897,0,17,123,49,4,T,72,1,975,0,51,211,91,5,1,26,0,78,0,34,88,42,1
17228,3.1,P,7,0,126,0,0,37,18,1,T,14,0,158,0,1,22,55,0,1,7,0,32,0,1,-15,37,-1
17229,10.27,Z,123,0,584,0,405,170,371,42,T,133,0,625,0,614,354,127,10,1,10,0,41,0,209,184,-244,-32
17230,9.42,P,39,0,173,0,20,180,85,2,T,75,0,395,0,36,245,121,11,0,36,0,222,0,16,65,36,9
17231,3.45,T,23,0,246,0,28,65,81,4,T,18,0,85,0,99,35,29,3,0,-5,0,-161,0,71,-30,-52,-1
17232,6.57,P,36,5,600,0,20,119,46,0,T,39,0,638,0,1,62,66,1,1,3,-5,38,0,-19,-57,20,1
17233,8.22,Z,66,0,192,0,112,81,229,7,P,37,1,387,0,29,103,73,2,0,-29,1,195,0,-83,22,-156,-5
17234,9.58,P,63,0,410,0,49,110,49,13,P,59,14,668,4,149,232,143,2,1,-4,14,258,4,100,122,94,-11
17235,9.16,Z,49,4,239,0,26,162,204,4,Z,55,9,374,0,295,231,242,11,0,6,5,135,0,269,69,38,7
17236,4.31,T,21,0,318,0,28,32,39,4,Z,14,4,142,0,97,65,141,0,0,-7,4,-176,0,69,33,102,-4
17237,1.53,Z,9,0,73,0,105,13,99,2,Z,9,0,51,0,65,15,32,5,1,0,0,-22,0,-40,2,-67,3
17238,5.4,P,31,1,428,0,17,109,43,0,Z,28,0,86,0,15,13,67,3,0,-3,-1,-342,0,-2,-96,24,3
17239,0.53,T,4,0,34,0,1,18,18,1,Z,2,0,5,0,12,2,20,1,1,-2,0,-29,0,11,-16,2,0
17240,9.59,P,39,4,345,0,12,89,49,1,T,46,5,692,0,4,121,108,0,0,7,1,347,0,-8,32,59,-1
17241,2.4,T,10,0,122,0,375,17,70,7,P,11,1,105,0,5,67,29,0,1,1,1,-17,0,-370,50,-41,-7
17242,9.47,T,101,0,388,0,44,529,187,6,Z,80,7,729,0,137,254,333,4,1,-21,7,341,0,93,-275,146,-2
17243,9.59,T,62,0,667,0,9,232,131,7,P,46,0,956,0,1,157,78,0,1,-16,0,289,0,-8,-75,-53,-7
17244,5.31,T,35,0,332,0,37,144,211,8,P,31,2,220,0,6,56,171,0,1,-4,2,-112,0,-31,-88,-40,-8
17245,2.4,T,11,0,219,0,1,34,33,1,T,16,0,76,0,28,42,135,1,1,5,0,-143,0,27,8,102,0
17246,9.59,T,90,0,689,0,17,192,140,5,Z,84,0,413,0,377,235,327,19,1,-6,0,-276,0,360,43,187,14
17247,10.35,T,131,0,429,0,264,246,222,18,Z,80,0,377,19,799,260,359,17,0,-51,0,-52,19,535,14,137,-1
17248,9.58,P,53,0,834,0,3,167,83,1,Z,45,1,982,0,23,169,124,5,0,-8,1,148,0,20,2,41,4
17249,9.59,T,98,0,464,0,149,334,122,17,T,85,0,708,0,23,244,161,4,0,-13,0,244,0,-126,-90,39,-13
17250,9.59,T,50,0,647,0,0,32,84,0,T,68,9,787,2,29,82,94,0,0,18,9,140,2,29,50,10,0
17251,7.08,T,58,4,388,0,301,127,115,5,Z,48,1,206,0,85,148,244,5,0,-10,-3,-182,0,-216,21,129,0
17252,5.47,P,31,4,235,0,83,151,76,4,P,30,0,154,0,65,101,165,6,1,-1,-4,-81,0,-18,-50,89,2
17253,3.48,T,20,0,99,0,675,64,23,4,T,18,0,218,0,30,35,30,4,1,-2,0,119,0,-645,-29,7,0
17254,8.05,T,68,0,475,0,581,190,88,7,Z,51,0,329,0,196,277,156,17,0,-17,0,-146,0,-385,87,68,10
17255,5.13,Z,30,0,233,0,58,50,152,3,P,49,2,179,0,246,165,129,1,0,19,2,-54,0,188,115,-23,-2
17256,4.08,Z,18,0,59,0,10,5,36,1,Z,14,1,46,0,20,11,48,0,0,-4,1,-13,0,10,6,12,-1
17257,9.44,T,104,8,498,0,350,194,161,7,P,80,9,539,0,70,216,133,11,0,-24,1,41,0,-280,22,-28,4
17258,9.59,Z,82,4,740,0,145,263,204,7,Z,64,0,555,0,87,290,306,12,0,-18,-4,-185,0,-58,27,102,5
17259,10.51,P,40,3,772,0,8,210,63,0,T,57,2,488,0,15,149,124,0,0,17,-1,-284,0,7,-61,61,0
17260,9.59,Z,78,0,491,0,13,73,216,4,P,57,3,839,0,24,214,79,0,0,-21,3,348,0,11,141,-137,-4
17261,9.59,P,75,2,443,0,83,295,80,8,Z,46,0,1256,0,8,42,202,2,0,-29,-2,813,0,-75,-253,122,-6
17262,10.18,T,96,0,765,0,436,185,196,7,Z,89,8,656,0,382,314,373,7,0,-7,8,-109,0,-54,129,177,0
17263,1.21,Z,5,0,33,0,6,6,15,0,P,7,0,125,0,1,17,4,2,0,2,0,92,0,-5,11,-11,2
17264,2.53,P,13,0,192,0,48,143,34,3,T,11,0,89,0,166,50,22,2,0,-2,0,-103,0,118,-93,-12,-1
17265,8.19,P,52,0,671,0,41,228,86,8,P,62,1,439,8,72,143,79,0,1,10,1,-232,8,31,-85,-7,-8
17266,7.14,T,55,6,281,0,42,339,155,6,T,40,0,428,0,0,209,72,0,0,-15,-6,147,0,-42,-130,-83,-6
17267,7.52,Z,44,1,334,0,10,195,135,0,T,61,1,420,0,48,127,84,12,1,17,0,86,0,38,-68,-51,12
17268,7.3,Z,48,0,303,0,52,183,159,5,T,49,0,216,0,41,205,83,4,0,1,0,-87,0,-11,22,-76,-1
17269,3.24,P,23,2,261,0,87,149,92,5,T,17,0,122,0,157,90,16,5,1,-6,-2,-139,0,70,-59,-76,0
17270,7.24,P,30,4,505,0,8,87,39,1,P,34,3,384,0,12,150,53,0,1,4,-1,-121,0,4,63,14,-1
17271,9.58,Z,79,1,489,0,302,241,257,14,T,80,2,381,0,84,219,146,6,0,1,1,-108,0,-218,-22,-111,-8
17272,9.59,Z,74,5,447,0,448,223,272,7,T,93,2,558,0,119,292,132,6,1,19,-3,111,0,-329,69,-140,-1
17273,7.1,Z,41,8,278,0,46,82,124,1,P,38,0,292,0,51,105,102,6,0,-3,-8,14,0,5,23,-22,5
17274,9.59,Z,40,4,386,0,61,37,140,0,Z,35,0,411,4,102,158,206,6,1,-5,-4,25,4,41,121,66,6
17275,7.51,Z,46,6,417,0,36,122,147,2,Z,24,1,355,0,11,41,80,0,0,-22,-5,-62,0,-25,-81,-67,-2
17276,7.31,T,69,2,259,0,177,285,84,4,T,80,4,456,0,431,185,161,9,1,11,2,197,0,254,-100,77,5
17277,9.59,Z,57,3,777,0,59,197,194,1,T,105,0,386,0,246,109,90,8,0,48,-3,-391,0,187,-88,-104,7
17278,9.58,Z,61,4,746,0,43,130,179,4,T,89,10,567,0,49,174,136,0,0,28,6,-179,0,6,44,-43,-4
17279,4.08,T,21,2,158,0,33,109,121,2,Z,21,0,125,0,21,32,75,3,0,0,-2,-33,0,-12,-77,-46,1
17280,4.45,Z,25,2,152,0,305,124,109,0,T,24,0,262,0,0,117,71,9,1,-1,-2,110,0,-305,-7,-38,9
17281,8.32,Z,44,0,603,0,101,139,160,5,P,48,0,460,0,462,153,98,8,0,4,0,-143,0,361,14,-62,3
17282,9.58,Z,66,7,524,0,233,200,223,3,T,48,0,281,0,19,106,50,4,0,-18,-7,-243,0,-214,-94,-173,1
17283,2.55,Z,15,7,188,1,208,67,105,1,T,12,0,148,0,3,21,95,6,1,-3,-7,-40,-1,-205,-46,-10,5
17284,9.55,P,28,0,453,0,5,79,62,1,T,46,0,151,0,28,53,63,3,1,18,0,-302,0,23,-26,1,2
17285,3.58,T,15,0,211,0,0,26,45,0,T,16,3,248,0,90,90,47,5,0,1,3,37,0,90,64,2,5
17286,9.58,T,49,0,679,0,2,146,56,1,T,52,0,604,0,0,34,111,0,0,3,0,-75,0,-2,-112,55,-1
17287,9.05,P,64,1,302,0,518,341,114,11,T,91,7,371,0,457,415,156,9,1,27,6,69,0,-61,74,42,-2
17288,4.33,T,12,6,458,0,8,82,46,0,Z,24,0,85,0,19,93,71,4,0,12,-6,-373,0,11,11,25,4
17289,10.58,Z,108,22,660,0,315,299,336,10,T,142,0,693,0,385,374,174,16,0,34,-22,33,0,70,75,-162,6
17290,0.57,Z,2,0,58,0,52,24,49,3,Z,0,0,1,0,0,0,0,0,0,-2,0,-57,0,-52,-24,-49,-3
17291,9.19,Z,126,16,410,0,419,223,280,11,T,132,2,407,0,474,250,250,7,0,6,-14,-3,0,55,27,-30,-4
17292,9.59,T,95,2,645,0,314,389,169,19,Z,64,0,561,0,18,161,191,3,0,-31,-2,-84,0,-296,-228,22,-16
17293,7.02,Z,48,4,475,0,93,132,146,2,T,56,0,212,0,774,170,187,4,1,8,-4,-263,0,681,38,41,2
17294,0.37,P,0,0,43,0,0,1,2,0,P,3,0,0,0,0,7,3,0,1,3,0,-43,0,0,6,1,0
17295,9.58,P,33,0,1009,0,0,186,51,0,T,32,0,561,0,0,104,58,0,0,-1,0,-448,0,0,-82,7,0
17296,4.33,T,18,2,298,0,1,51,32,0,P,18,0,299,0,8,50,43,3,0,0,-2,1,0,7,-1,11,3
17297,9.11,Z,67,9,262,1,54,116,180,4,P,68,8,451,5,104,158,86,0,1,1,-1,189,4,50,42,-94,-4
17298,6.01,Z,34,9,324,0,33,102,95,1,P,37,0,517,0,34,128,53,3,1,3,-9,193,0,1,26,-42,2
17299,9.59,P,69,1,831,0,318,203,110,1,Z,59,2,675,0,101,207,325,4,0,-10,1,-156,0,-217,4,215,3
17300,0.33,P,2,0,24,0,6,26,6,1,P,5,0,66,0,62,49,16,5,1,3,0,42,0,56,23,10,4
17301,4.06,Z,19,0,144,7,46,55,102,0,Z,19,1,196,0,61,88,88,3,1,0,1,52,-7,15,33,-14,3
17302,8.49,T,34,0,860,0,1,53,79,4,Z,47,0,596,0,412,84,208,19,1,13,0,-264,0,411,31,129,15
17303,3.19,Z,10,0,173,0,0,46,57,0,T,14,0,289,0,0,49,43,0,0,4,0,116,0,0,3,-14,0
17304,7.4,Z,36,0,532,0,38,71,180,4,P,46,3,383,0,366,101,41,4,1,10,3,-149,0,328,30,-139,0
17305,10.18,P,32,0,281,0,2,28,46,3,Z,85,8,323,0,157,183,232,1,1,53,8,42,0,155,155,186,-2
17306,9.58,T,76,0,722,0,361,296,181,6,T,70,0,1077,0,3,222,140,2,0,-6,0,355,0,-358,-74,-41,-4
17307,9.35,T,87,0,487,0,194,92,103,5,Z,45,2,495,0,310,186,504,6,1,-42,2,8,0,116,94,401,1
17308,6.08,P,27,2,229,0,4,131,75,2,T,37,1,602,0,7,66,65,0,1,10,-1,373,0,3,-65,-10,-2
17309,9.55,T,86,0,560,0,388,190,140,6,Z,57,7,535,0,29,158,235,4,0,-29,7,-25,0,-359,-32,95,-2
17310,9.58,Z,42,0,389,0,30,118,109,5,P,41,0,829,0,0,105,91,0,0,-1,0,440,0,-30,-13,-18,-5
17311,3.4,P,13,0,96,0,4,91,31,2,P,14,0,397,0,4,68,20,0,1,1,0,301,0,0,-23,-11,-2
17312,9.59,Z,73,0,425,0,170,166,290,12,T,82,4,691,0,60,200,130,1,0,9,4,266,0,-110,34,-160,-11
17313,4.45,P,23,0,368,0,9,21,28,1,Z,17,1,262,0,139,28,224,8,0,-6,1,-106,0,130,7,196,7
17314,3.06,P,15,2,79,0,202,136,39,6,T,16,0,193,0,241,59,33,18,0,1,-2,114,0,39,-77,-6,12
17315,5.2,Z,25,0,281,0,149,66,116,5,P,28,0,284,14,93,133,131,3,0,3,0,3,14,-56,67,15,-2
17316,9.59,P,67,3,494,0,51,253,142,3,Z,64,0,540,0,83,283,339,9,1,-3,-3,46,0,32,30,197,6
17317,9.59,Z,128,9,492,0,649,443,282,12,T,162,0,456,0,277,368,129,20,1,34,-9,-36,0,-372,-75,-153,8
17318,9.59,P,70,0,433,0,147,358,108,8,T,109,0,422,0,6,168,143,4,0,39,0,-11,0,-141,-190,35,-4
17319,4.49,T,17,1,106,0,9,21,30,4,Z,13,4,388,0,13,43,49,0,0,-4,3,282,0,4,22,19,-4
17320,8.5,P,95,6,552,0,177,456,144,12,Z,76,0,659,0,173,376,261,8,1,-19,-6,107,0,-4,-80,117,-4
17321,2.18,P,6,0,71,0,5,70,6,2,P,12,0,86,0,126,61,31,3,0,6,0,15,0,121,-9,25,1
17322,9.59,T,111,0,463,0,982,262,255,9,T,81,1,622,0,134,174,125,4,0,-30,1,159,0,-848,-88,-130,-5
17323,9.58,T,57,0,779,0,6,123,95,10,P,54,2,566,0,8,129,57,5,0,-3,2,-213,0,2,6,-38,-5
17324,8.37,T,50,4,380,0,343,119,72,1,P,45,0,373,0,172,194,53,2,1,-5,-4,-7,0,-171,75,-19,1
17325,5.07,T,34,6,225,0,369,118,39,2,P,20,5,255,0,45,24,23,0,0,-14,-1,30,0,-324,-94,-16,-2
17326,9.59,T,72,0,543,0,14,130,102,3,P,36,0,674,0,13,154,63,4,0,-36,0,131,0,-1,24,-39,1
17327,3.11,Z,11,0,93,0,0,48,54,0,Z,12,0,125,0,81,82,75,11,1,1,0,32,0,81,34,21,11
17328,9.13,P,67,0,341,0,41,127,78,8,P,49,5,626,0,498,254,220,3,1,-18,5,285,0,457,127,142,-5
17329,4.06,Z,14,0,98,0,16,45,61,1,Z,13,1,162,0,6,44,43,2,0,-1,1,64,0,-10,-1,-18,1
17330,9.59,T,132,0,528,0,428,298,168,8,Z,83,0,314,0,133,255,314,5,1,-49,0,-214,0,-295,-43,146,-3
17331,3.33,Z,15,2,50,0,0,27,42,0,Z,11,3,104,6,95,28,43,0,1,-4,1,54,6,95,1,1,0
17332,9.59,P,36,1,799,0,4,239,84,0,P,33,2,666,0,32,45,45,4,1,-3,1,-133,0,28,-194,-39,4
17333,6.13,T,15,0,170,0,1,43,46,0,Z,18,4,290,0,20,91,61,5,1,3,4,120,0,19,48,15,5
17334,9.59,T,52,0,777,0,0,94,108,4,Z,69,6,838,0,21,334,144,0,1,17,6,61,0,21,240,36,-4
17335,2.39,T,9,0,169,0,7,42,57,1,Z,8,1,151,0,116,34,41,2,0,-1,1,-18,0,109,-8,-16,1
17336,9.58,Z,39,0,414,0,5,172,211,4,P,27,0,554,0,0,36,41,0,1,-12,0,140,0,-5,-136,-170,-4
17337,9.59,T,93,9,551,0,505,257,143,11,T,91,0,782,0,148,219,144,8,1,-2,-9,231,0,-357,-38,1,-3
17338,5.38,T,60,2,290,0,254,217,117,4,Z,28,0,312,0,14,134,156,7,0,-32,-2,22,0,-240,-83,39,3
17339,3.34,T,16,4,113,0,1,76,215,0,T,17,0,157,0,168,100,80,7,1,1,-4,44,0,167,24,-135,7
17340,9.3,P,41,0,416,0,7,129,101,1,Z,54,7,360,0,64,290,167,1,1,13,7,-56,0,57,161,66,0
17341,8.31,Z,63,0,754,0,32,130,154,6,T,65,0,435,17,97,164,188,3,1,2,0,-319,17,65,34,34,-3
17342,9.13,Z,59,3,472,0,196,202,372,2,T,62,0,690,0,0,127,103,0,0,3,-3,218,0,-196,-75,-269,-2
17343,3.44,T,15,0,63,0,6,17,18,1,P,17,0,158,0,0,35,22,1,0,2,0,95,0,-6,18,4,0
17344,7.29,T,81,0,380,0,94,168,121,12,T,65,5,455,0,140,155,87,8,1,-16,5,75,0,46,-13,-34,-4
17345,9.59,P,53,0,1074,0,44,142,56,6,T,80,4,751,0,498,227,140,7,1,27,4,-323,0,454,85,84,1
17346,6.05,T,58,0,243,0,281,99,100,4,P,38,1,365,0,26,89,121,1,0,-20,1,122,0,-255,-10,21,-3
17347,9.59,T,34,0,585,0,0,32,56,0,P,23,1,361,0,6,46,44,3,1,-11,1,-224,0,6,14,-12,3
17348,6.24,P,27,1,233,0,106,120,53,4,T,26,2,334,0,20,105,60,5,0,-1,1,101,0,-86,-15,7,1
17349,4.51,Z,23,2,207,0,340,93,103,2,P,23,2,215,0,33,145,31,4,0,0,0,8,0,-307,52,-72,2
17350,9.18,T,115,7,540,0,331,245,266,9,T,88,10,484,0,414,197,221,0,1,-27,3,-56,0,83,-48,-45,-9
17351,9.45,Z,37,2,164,0,70,123,145,6,T,72,8,840,0,60,164,103,3,0,35,6,676,0,-10,41,-42,-3
17352,4.37,Z,19,1,385,0,69,66,118,1,T,32,0,362,0,66,93,58,10,0,13,-1,-23,0,-3,27,-60,9
17353,9.59,T,76,0,909,0,48,265,256,7,T,63,0,663,0,65,93,76,11,0,-13,0,-246,0,17,-172,-180,4
17354,3.49,T,12,0,167,0,140,41,21,5,Z,19,2,165,0,476,67,90,4,1,7,2,-2,0,336,26,69,-1
17355,9.26,T,81,1,531,0,439,218,109,8,T,90,1,537,1,493,243,212,12,0,9,0,6,1,54,25,103,4
17356,4.08,T,23,0,70,0,11,75,82,4,T,29,0,142,0,16,82,37,11,1,6,0,72,0,5,7,-45,7
17357,7.14,T,50,2,507,0,31,185,118,5,P,46,5,533,1,57,177,47,0,1,-4,3,26,1,26,-8,-71,-5
17358,9.59,P,133,3,405,0,334,338,143,18,Z,86,18,346,0,224,222,278,8,1,-47,15,-59,0,-110,-116,135,-10
17359,6.44,T,18,0,396,0,0,19,17,2,Z,30,0,129,0,20,65,139,4,1,12,0,-267,0,20,46,122,2
17360,5.17,Z,24,4,164,0,8,19,62,1,T,45,5,244,0,489,138,155,1,1,21,1,80,0,481,119,93,0
17361,9.48,T,54,5,444,0,129,263,105,4,P,62,0,569,0,0,154,92,1,1,8,-5,125,0,-129,-109,-13,-3
17362,5.07,Z,26,1,282,0,7,67,134,1,P,19,2,174,0,1,51,36,0,1,-7,1,-108,0,-6,-16,-98,-1
17363,7.32,T,63,0,513,0,321,195,217,7,P,51,4,473,3,299,240,86,5,0,-12,4,-40,3,-22,45,-131,-2
17364,7.28,T,73,3,511,0,319,127,139,4,T,97,7,246,0,338,260,70,6,1,24,4,-265,0,19,133,-69,2
17365,9.59,P,41,1,647,0,3,79,69,1,T,87,0,658,0,86,331,195,4,0,46,-1,11,0,83,252,126,3
17366,9.59,Z,54,0,593,0,722,378,422,1,T,98,3,655,0,85,299,124,3,1,44,3,62,0,-637,-79,-298,2
17367,4.14,P,16,0,245,0,0,72,23,0,P,15,1,90,0,4,24,23,0,0,-1,1,-155,0,4,-48,0,0
17368,5.56,Z,16,0,412,0,14,53,74,4,T,27,4,364,0,37,124,66,0,0,11,4,-48,0,23,71,-8,-4
17369,5,T,38,0,329,0,521,149,89,4,Z,23,0,217,0,436,130,129,6,0,-15,0,-112,0,-85,-19,40,2
17370,4.31,Z,15,0,152,0,19,28,74,0,T,23,0,267,0,69,12,19,3,1,8,0,115,0,50,-16,-55,3
17371,2.3,P,7,0,39,0,0,39,13,2,T,7,0,158,0,0,20,16,0,1,0,0,119,0,0,-19,3,-2
17372,10.32,T,97,5,579,0,262,190,282,6,T,88,0,411,0,98,266,129,7,0,-9,-5,-168,0,-164,76,-153,1
17373,9.47,Z,61,6,419,0,56,239,253,2,Z,64,4,564,0,305,229,462,0,0,3,-2,145,0,249,-10,209,-2
17374,4.53,P,41,4,222,0,344,145,27,1,Z,21,3,442,0,341,57,165,1,0,-20,-1,220,0,-3,-88,138,0
17375,6.05,T,46,0,429,0,9,64,58,3,T,34,4,351,0,0,62,56,2,0,-12,4,-78,0,-9,-2,-2,-1
17376,9.59,T,121,0,386,0,493,276,235,11,Z,83,16,439,0,902,254,357,5,0,-38,16,53,0,409,-22,122,-6
17377,9.58,Z,56,0,793,0,0,82,197,0,Z,51,3,907,0,60,149,147,2,0,-5,3,114,0,60,67,-50,2
17378,8.36,P,38,2,428,0,6,165,32,0,P,24,1,394,0,17,40,57,0,0,-14,-1,-34,0,11,-125,25,0
17379,4.53,P,22,6,139,0,25,78,38,1,P,26,0,108,0,320,115,77,4,1,4,-6,-31,0,295,37,39,3
17380,10.5,P,107,12,583,0,630,536,136,7,T,171,0,491,0,768,315,184,23,0,64,-12,-92,0,138,-221,48,16
17381,9.19,Z,60,1,412,0,18,46,198,2,Z,49,0,471,0,69,172,181,10,1,-11,-1,59,0,51,126,-17,8
17382,9.23,Z,54,0,516,0,270,133,157,7,P,98,5,618,0,355,308,174,9,1,44,5,102,0,85,175,17,2
17383,4.3,T,20,1,272,0,23,27,28,3,Z,20,1,205,0,5,87,64,5,0,0,0,-67,0,-18,60,36,2
17384,9.59,P,89,0,623,0,91,277,110,6,Z,109,2,495,3,199,389,455,12,1,20,2,-128,3,108,112,345,6
17385,9.41,T,121,0,414,0,445,316,237,14,Z,87,0,573,0,286,313,493,10,1,-34,0,159,0,-159,-3,256,-4
17386,1.31,T,5,1,127,0,4,9,9,0,P,5,0,83,0,0,43,11,1,1,0,-1,-44,0,-4,34,2,1
17387,9.14,T,73,0,329,0,79,171,117,4,Z,54,0,514,0,40,227,164,4,1,-19,0,185,0,-39,56,47,0
17388,9.58,P,39,4,462,0,27,84,55,2,P,77,0,825,0,62,167,150,7,1,38,-4,363,0,35,83,95,5
17389,5.15,Z,18,0,327,0,0,9,68,0,P,21,5,413,0,11,24,19,0,1,3,5,86,0,11,15,-49,0
17390,7.29,P,33,2,553,0,2,177,51,2,Z,39,6,257,0,70,59,177,0,1,6,4,-296,0,68,-118,126,-2
17391,4.32,T,24,2,210,0,0,29,44,1,P,18,3,179,0,8,70,87,0,1,-6,1,-31,0,8,41,43,-1
17392,9.59,Z,113,0,364,0,397,358,355,5,T,65,0,861,0,3,144,96,3,0,-48,0,497,0,-394,-214,-259,-2
17393,9.27,T,69,2,365,0,12,238,214,6,Z,72,0,618,0,451,264,293,11,0,3,-2,253,0,439,26,79,5
17394,9.12,Z,94,6,596,0,335,311,406,13,T,111,0,656,0,166,227,132,10,0,17,-6,60,0,-169,-84,-274,-3
17395,9.55,P,76,2,866,0,29,218,119,8,T,86,0,846,0,2,285,100,1,0,10,-2,-20,0,-27,67,-19,-7
17396,5.15,P,21,0,159,0,0,103,38,0,T,24,0,309,0,0,128,49,2,0,3,0,150,0,0,25,11,2
17397,7.36,P,29,0,465,0,4,105,151,1,P,35,0,840,0,2,176,90,0,0,6,0,375,0,-2,71,-61,-1
17398,9.59,Z,83,0,385,0,139,190,407,4,Z,79,8,894,0,48,204,248,0,0,-4,8,509,0,-91,14,-159,-4
17399,8.11,Z,37,1,511,0,26,103,167,1,T,49,5,860,0,23,18,56,1,0,12,4,349,0,-3,-85,-111,0
17400,5,P,47,0,179,0,28,107,62,4,T,33,0,284,0,183,163,52,9,0,-14,0,105,0,155,56,-10,5
17401,5.48,P,32,2,290,0,54,124,79,0,P,22,0,258,0,14,110,33,3,0,-10,-2,-32,0,-40,-14,-46,3
17402,8.55,Z,45,7,717,0,1012,55,156,1,T,76,3,759,0,42,148,86,12,0,31,-4,42,0,-970,93,-70,11
17403,9.37,P,35,0,323,0,0,35,53,0,T,28,0,890,0,0,115,69,2,0,-7,0,567,0,0,80,16,2
17404,9.59,Z,61,12,454,0,47,186,213,0,T,63,0,992,0,9,354,134,2,1,2,-12,538,0,-38,168,-79,2
17405,9.58,T,46,2,718,0,3,22,57,0,T,22,0,316,0,8,30,36,6,0,-24,-2,-402,0,5,8,-21,6
17406,5.33,P,32,0,166,0,62,67,28,4,T,31,1,465,0,12,84,54,4,0,-1,1,299,0,-50,17,26,0
17407,6.33,P,43,1,641,0,431,150,44,6,Z,38,5,700,0,32,111,186,0,0,-5,4,59,0,-399,-39,142,-6
17408,9.59,P,57,0,389,0,4,258,131,3,P,56,2,378,0,35,200,72,1,0,-1,2,-11,0,31,-58,-59,-2
17409,7.29,Z,40,0,472,0,0,153,166,0,T,49,0,252,0,0,267,207,2,0,9,0,-220,0,0,114,41,2
17410,8.17,T,33,0,682,0,16,135,77,5,P,32,4,352,0,12,195,58,1,0,-1,4,-330,0,-4,60,-19,-4
17411,6.12,T,41,0,398,0,27,64,67,5,T,42,3,348,0,538,102,123,1,1,1,3,-50,0,511,38,56,-4
17412,9.59,P,75,0,816,0,32,612,222,1,Z,47,0,469,0,58,210,192,3,1,-28,0,-347,0,26,-402,-30,2
17413,10.1,P,111,6,555,0,626,295,120,17,Z,91,9,540,0,419,374,454,3,0,-20,3,-15,0,-207,79,334,-14
17414,3.57,Z,25,0,108,30,150,62,187,3,Z,19,0,141,42,187,78,189,0,1,-6,0,33,12,37,16,2,-3
17415,9.55,P,40,0,424,0,21,118,60,1,Z,72,0,537,7,89,182,262,3,1,32,0,113,7,68,64,202,2
17416,4.01,Z,16,1,116,0,11,37,185,1,T,19,0,145,0,29,76,35,6,0,3,-1,29,0,18,39,-150,5
17417,9.59,Z,43,5,369,0,30,191,242,0,T,85,9,620,0,139,214,177,0,1,42,4,251,0,109,23,-65,0
17418,7.24,Z,43,0,497,0,52,73,119,2,P,51,4,424,0,45,124,62,2,1,8,4,-73,0,-7,51,-57,0
17419,7.32,Z,33,3,150,0,12,184,128,1,Z,35,0,257,0,16,135,134,6,0,2,-3,107,0,4,-49,6,5
17420,9.59,Z,56,2,834,0,44,47,164,0,P,51,0,675,0,0,83,77,0,1,-5,-2,-159,0,-44,36,-87,0
17421,3.59,Z,18,0,73,0,96,68,64,3,Z,19,6,106,1,63,89,116,1,0,1,6,33,1,-33,21,52,-2
17422,9.59,T,85,0,257,0,625,349,154,14,P,48,0,864,0,11,132,71,7,1,-37,0,607,0,-614,-217,-83,-7
17423,10.04,T,60,0,372,0,0,124,85,0,Z,72,7,269,59,256,248,312,4,1,12,7,-103,59,256,124,227,4
17424,8.16,T,59,5,394,0,266,152,141,8,P,67,0,257,0,270,322,78,14,1,8,-5,-137,0,4,170,-63,6
17425,7.06,Z,58,0,432,0,172,401,270,10,T,53,1,334,0,115,165,177,6,1,-5,1,-98,0,-57,-236,-93,-4
17426,4.22,T,40,0,224,0,81,141,37,7,T,44,3,202,0,410,122,88,6,0,4,3,-22,0,329,-19,51,-1
17427,5.49,T,27,2,326,0,5,69,39,3,Z,22,1,408,7,14,110,104,0,1,-5,-1,82,7,9,41,65,-3
17428,7.14,P,15,1,315,0,11,193,73,0,T,38,2,313,0,228,130,129,3,1,23,1,-2,0,217,-63,56,3
17429,6.56,P,36,0,371,0,21,87,55,3,T,44,4,441,0,71,243,112,10,1,8,4,70,0,50,156,57,7
17430,6.12,Z,45,0,256,0,254,107,185,5,P,55,1,571,0,72,260,40,7,1,10,1,315,0,-182,153,-145,2
17431,9.59,P,33,1,563,0,6,139,61,0,Z,39,0,455,0,22,34,125,4,0,6,-1,-108,0,16,-105,64,4
17432,10.56,P,52,0,682,0,16,194,75,5,Z,63,0,690,0,52,285,203,5,0,11,0,8,0,36,91,128,0
17433,1.32,P,6,0,87,0,2,40,10,2,P,2,0,58,0,0,41,10,0,0,-4,0,-29,0,-2,1,0,-2
17434,6.38,T,62,0,591,0,424,128,97,13,Z,45,6,233,0,286,100,146,5,0,-17,6,-358,0,-138,-28,49,-8
17435,10.49,T,86,2,957,0,66,207,93,13,Z,69,8,356,0,459,159,241,4,1,-17,6,-601,0,393,-48,148,-9
17436,7.23,P,37,0,364,0,8,247,76,2,P,36,0,332,0,2,240,222,3,0,-1,0,-32,0,-6,-7,146,1
17437,7.24,P,19,0,412,0,0,77,43,0,T,30,0,503,0,0,69,57,0,0,11,0,91,0,0,-8,14,0
17438,9.59,P,79,3,535,0,610,332,156,12,Z,57,8,520,0,74,110,200,0,0,-22,5,-15,0,-536,-222,44,-12
17439,9.59,P,108,5,791,0,259,303,176,11,Z,98,0,1106,0,313,296,327,6,0,-10,-5,315,0,54,-7,151,-5
17440,6.51,P,84,0,332,0,287,225,75,12,T,63,3,397,0,288,220,107,3,1,-21,3,65,0,1,-5,32,-9
17441,6.35,P,53,0,185,0,10,165,78,3,P,36,0,225,0,52,80,162,4,0,-17,0,40,0,42,-85,84,1
17442,5.47,P,15,0,158,0,0,27,23,0,P,20,5,323,0,8,98,22,0,1,5,5,165,0,8,71,-1,0
17443,9.59,T,97,7,796,0,38,341,140,3,T,75,0,1029,0,597,202,136,12,0,-22,-7,233,0,559,-139,-4,9
17444,9.59,Z,60,0,277,0,9,271,216,2,T,66,3,782,0,32,158,105,0,0,6,3,505,0,23,-113,-111,-2
17445,9.58,T,96,6,503,0,394,263,83,13,Z,78,5,460,0,314,240,275,0,0,-18,-1,-43,0,-80,-23,192,-13
17446,7.16,T,55,3,565,0,19,146,76,4,Z,51,0,412,0,63,111,103,2,0,-4,-3,-153,0,44,-35,27,-2
17447,9.58,T,66,1,431,0,48,135,64,6,T,84,4,546,0,156,293,102,11,1,18,3,115,0,108,158,38,5
17448,4.54,P,13,0,150,0,7,71,44,2,T,29,0,257,0,6,101,84,2,0,16,0,107,0,-1,30,40,0
17449,9.58,T,60,0,711,0,21,173,129,7,Z,64,0,547,0,363,222,460,2,0,4,0,-164,0,342,49,331,-5
17450,8.07,P,45,0,527,0,54,54,53,13,Z,66,3,427,0,134,172,200,1,1,21,3,-100,0,80,118,147,-12
17451,9.59,P,68,12,410,2,64,276,114,1,T,80,1,709,0,219,146,98,2,0,12,-11,299,-2,155,-130,-16,1
17452,8.25,Z,46,0,483,0,32,352,290,43,T,64,0,363,0,513,166,159,7,1,18,0,-120,0,481,-186,-131,-36
17453,7.14,P,50,0,602,0,18,138,89,5,T,61,0,454,0,44,113,100,7,1,11,0,-148,0,26,-25,11,2
17454,10.46,Z,92,0,701,24,181,177,407,1,P,86,0,432,0,614,202,138,15,1,-6,0,-269,-24,433,25,-269,14
17455,2.41,T,12,0,133,0,0,24,19,1,Z,7,0,106,0,8,42,35,4,1,-5,0,-27,0,8,18,16,3
17456,8.41,T,110,0,364,27,424,259,217,4,Z,48,9,348,0,385,206,261,2,1,-62,9,-16,-27,-39,-53,44,-2
17457,3.5,Z,12,0,289,0,185,28,156,4,T,12,0,235,0,0,47,15,0,0,0,0,-54,0,-185,19,-141,-4
17458,4.31,P,19,1,187,0,25,120,29,2,T,27,0,164,0,0,41,28,0,1,8,-1,-23,0,-25,-79,-1,-2
17459,9.36,P,56,0,616,0,5,162,120,1,Z,67,0,713,0,27,199,228,8,1,11,0,97,0,22,37,108,7
17460,8.26,Z,77,5,391,0,398,263,283,14,T,67,2,296,0,872,205,198,4,1,-10,-3,-95,0,474,-58,-85,-10
17461,8.4,P,39,0,637,0,0,90,47,0,T,48,0,768,0,16,56,80,2,1,9,0,131,0,16,-34,33,2
17462,4.08,Z,12,3,77,0,20,21,60,3,Z,18,1,471,0,99,71,70,4,0,6,-2,394,0,79,50,10,1
17463,4.07,T,34,0,151,0,411,148,61,11,P,14,1,136,0,153,90,18,4,1,-20,1,-15,0,-258,-58,-43,-7
17464,5.15,T,29,0,265,0,4,117,63,7,Z,21,1,297,0,10,95,90,2,0,-8,1,32,0,6,-22,27,-5
17465,9.59,P,86,5,384,0,42,146,101,4,T,92,0,804,0,248,319,146,11,0,6,-5,420,0,206,173,45,7
17466,9.32,P,46,0,794,0,63,188,67,10,T,83,4,926,0,72,219,115,2,0,37,4,132,0,9,31,48,-8
17467,6,Z,40,0,374,0,79,223,158,6,Z,41,14,144,0,66,131,201,0,0,1,14,-230,0,-13,-92,43,-6
17468,5.49,Z,32,2,335,0,103,192,132,3,T,56,0,296,0,446,195,46,8,1,24,-2,-39,0,343,3,-86,5
17469,10.53,P,87,11,539,0,291,248,109,3,P,103,0,420,0,265,352,143,9,1,16,-11,-119,0,-26,104,34,6
17470,9.44,T,118,0,673,0,143,338,141,15,Z,84,7,485,0,418,212,283,5,1,-34,7,-188,0,275,-126,142,-10
17471,7.5,P,33,2,394,0,10,85,47,0,Z,35,2,319,0,24,127,137,1,0,2,0,-75,0,14,42,90,1
17472,6.47,T,50,0,389,0,52,136,60,3,P,34,0,263,0,11,151,86,2,1,-16,0,-126,0,-41,15,26,-1
17473,4.4,T,17,0,230,0,3,152,22,1,P,23,0,275,0,110,145,56,4,1,6,0,45,0,107,-7,34,3
17474,9.59,Z,51,6,778,0,133,200,253,0,P,51,0,681,0,13,148,62,1,0,0,-6,-97,0,-120,-52,-191,1
17475,4.44,P,37,0,222,0,442,184,67,7,Z,34,4,202,0,319,103,166,3,0,-3,4,-20,0,-123,-81,99,-4
17476,9.59,T,128,4,452,0,538,325,216,11,P,113,6,443,0,983,284,147,10,1,-15,2,-9,0,445,-41,-69,-1
17477,3.07,T,9,0,225,0,0,34,37,1,Z,10,0,96,0,1,26,63,1,0,1,0,-129,0,1,-8,26,0
17478,10.27,Z,44,0,603,0,0,126,169,0,Z,44,0,838,0,17,103,148,4,1,0,0,235,0,17,-23,-21,4
17479,4.19,T,18,0,178,0,0,18,30,0,Z,13,0,187,0,19,10,62,2,0,-5,0,9,0,19,-8,32,2
17480,9.54,Z,52,0,194,0,34,163,223,7,Z,79,2,445,0,51,114,270,0,1,27,2,251,0,17,-49,47,-7
17481,7.28,P,62,1,405,0,34,250,179,9,T,62,2,334,1,58,174,166,8,1,0,1,-71,1,24,-76,-13,-1
17482,8.49,T,60,0,462,0,20,115,114,10,P,37,0,363,0,17,106,41,8,0,-23,0,-99,0,-3,-9,-73,-2
17483,9.58,P,60,0,344,0,0,326,120,2,T,104,0,642,0,14,332,135,3,1,44,0,298,0,14,6,15,1
17484,9.26,T,61,2,577,0,56,273,138,0,Z,57,1,387,0,45,185,146,6,1,-4,-1,-190,0,-11,-88,8,6
17485,6.19,Z,26,1,344,0,3,103,81,0,P,32,0,378,0,18,303,50,3,1,6,-1,34,0,15,200,-31,3
17486,4.54,T,27,14,338,0,12,125,44,0,Z,14,3,243,1,55,102,130,0,0,-13,-11,-95,1,43,-23,86,0
17487,9.02,Z,76,0,657,0,68,268,190,4,P,60,2,363,0,77,289,112,5,0,-16,2,-294,0,9,21,-78,1
17488,10.53,Z,89,0,424,0,6,98,392,1,P,77,0,1029,0,126,318,146,16,0,-12,0,605,0,120,220,-246,15
17489,7.36,T,72,3,238,0,150,137,73,4,Z,49,2,486,0,172,148,131,6,0,-23,-1,248,0,22,11,58,2
17490,6.36,Z,32,0,633,0,16,49,98,8,P,30,5,370,0,19,55,43,0,1,-2,5,-263,0,3,6,-55,-8
17491,7.2,P,65,0,550,0,273,266,67,9,P,32,3,697,0,60,225,82,2,0,-33,3,147,0,-213,-41,15,-7
17492,9.41,T,67,2,755,0,7,221,166,0,T,73,0,522,0,287,188,242,8,1,6,-2,-233,0,280,-33,76,8
17493,8.19,T,57,2,568,0,40,206,97,3,T,79,14,424,0,115,293,135,14,1,22,12,-144,0,75,87,38,11
17494,7.06,P,37,0,436,0,1,180,86,1,T,63,0,420,0,347,150,90,5,1,26,0,-16,0,346,-30,4,4
17495,9.59,Z,67,3,1065,0,56,78,166,10,P,56,0,599,0,14,175,110,5,1,-11,-3,-466,0,-42,97,-56,-5
17496,9.4,P,59,0,596,0,36,286,73,6,P,40,2,373,0,47,194,74,4,0,-19,2,-223,0,11,-92,1,-2
17497,3.23,T,18,0,148,0,55,59,79,5,P,17,0,137,0,21,52,36,2,1,-1,0,-11,0,-34,-7,-43,-3
17498,9.12,P,51,0,326,0,24,61,57,5,Z,65,0,970,0,70,91,181,4,0,14,0,644,0,46,30,124,-1
17499,9.59,T,150,0,301,0,184,390,196,21,Z,90,0,429,0,37,191,205,3,0,-60,0,128,0,-147,-199,9,-18
17500,9.58,Z,72,0,510,0,67,234,279,20,T,87,0,412,0,37,300,107,3,0,15,0,-98,0,-30,66,-172,-17
17501,5.39,T,52,3,292,0,467,142,131,18,P,67,0,424,0,121,203,59,3,0,15,-3,132,0,-346,61,-72,-15
17502,7.53,Z,49,0,350,0,59,76,148,8,P,42,0,490,6,96,188,63,0,1,-7,0,140,6,37,112,-85,-8
17503,10.02,T,55,0,715,0,0,191,149,0,T,44,3,657,0,9,305,65,0,0,-11,3,-58,0,9,114,-84,0
17504,10.18,T,76,0,751,0,74,211,134,11,P,67,0,580,0,190,184,160,4,0,-9,0,-171,0,116,-27,26,-7
17505,9.59,T,94,3,577,0,626,278,259,13,T,89,0,829,0,742,256,149,11,0,-5,-3,252,0,116,-22,-110,-2
17506,5.05,Z,27,0,338,0,6,72,101,5,Z,21,0,225,0,150,128,273,5,1,-6,0,-113,0,144,56,172,0
17507,8.3,Z,66,17,638,0,68,136,307,2,Z,39,3,466,0,32,203,201,0,1,-27,-14,-172,0,-36,67,-106,-2
17508,9.57,P,49,0,353,0,16,186,59,2,P,62,0,382,0,62,202,46,16,0,13,0,29,0,46,16,-13,14
17509,10.51,T,79,0,538,0,40,175,145,5,T,48,0,525,0,7,66,75,3,0,-31,0,-13,0,-33,-109,-70,-2
17510,10.13,P,65,5,436,0,804,324,89,10,T,65,1,573,0,99,223,114,7,1,0,-4,137,0,-705,-101,25,-3
17511,10.01,T,62,0,627,0,71,92,95,8,Z,30,3,645,0,7,157,132,0,0,-32,3,18,0,-64,65,37,-8
17512,9.59,T,95,5,784,0,876,265,186,14,Z,93,0,591,0,327,159,415,7,1,-2,-5,-193,0,-549,-106,229,-7
17513,4.2,Z,12,1,136,0,253,95,154,4,Z,15,2,76,0,19,82,54,0,1,3,1,-60,0,-234,-13,-100,-4
17514,5.48,P,28,0,174,0,2,169,65,5,P,21,1,293,0,12,111,43,0,1,-7,1,119,0,10,-58,-22,-5
17515,5.38,T,29,5,278,0,41,93,35,1,P,30,0,392,0,64,143,58,3,1,1,-5,114,0,23,50,23,2
17516,5,T,15,0,310,0,0,29,32,4,P,12,0,402,0,0,60,27,2,1,-3,0,92,0,0,31,-5,-2
17517,4.31,T,51,2,225,0,375,152,38,4,Z,50,4,248,0,333,187,144,8,1,-1,2,23,0,-42,35,106,4
17518,8.27,Z,50,0,402,0,503,140,208,2,T,85,5,434,0,220,190,103,4,0,35,5,32,0,-283,50,-105,2
17519,10.32,P,54,0,747,0,0,203,107,0,T,73,0,803,0,24,186,165,4,1,19,0,56,0,24,-17,58,4
17520,6.31,P,44,1,193,0,48,210,44,5,Z,28,2,304,0,347,163,73,6,0,-16,1,111,0,299,-47,29,1
17521,8.34,P,98,1,402,0,232,322,174,9,Z,84,0,799,0,158,315,235,5,0,-14,-1,397,0,-74,-7,61,-4
17522,5.35,T,40,0,369,0,253,86,51,6,P,32,5,329,0,6,67,28,0,0,-8,5,-40,0,-247,-19,-23,-6
17523,9.59,Z,87,0,431,0,56,309,240,15,T,93,8,450,0,655,331,268,5,0,6,8,19,0,599,22,28,-10
17524,9.59,T,122,0,995,0,153,172,109,13,Z,83,6,442,0,586,208,334,5,1,-39,6,-553,0,433,36,225,-8
17525,9.58,T,52,0,681,0,2,57,106,1,T,41,0,736,0,2,79,98,1,1,-11,0,55,0,0,22,-8,0
17526,4.39,P,32,0,223,0,15,135,46,1,Z,14,1,68,0,4,40,64,0,1,-18,1,-155,0,-11,-95,18,-1
17527,4.16,P,15,1,238,0,1,73,13,1,T,20,2,245,0,9,42,100,1,1,5,1,7,0,8,-31,87,0
17528,9.59,P,45,0,618,0,10,208,65,1,T,65,0,386,0,105,113,94,4,0,20,0,-232,0,95,-95,29,3
17529,9.59,T,105,0,589,0,352,238,135,24,P,145,0,528,0,453,394,105,16,1,40,0,-61,0,101,156,-30,-8
17530,4.11,Z,6,0,156,0,0,14,30,0,T,26,4,227,0,8,58,46,0,1,20,4,71,0,8,44,16,0
17531,9.58,Z,36,0,330,0,50,133,145,3,P,32,0,404,0,0,36,35,0,1,-4,0,74,0,-50,-97,-110,-3
17532,6.03,T,26,0,597,0,540,51,37,3,Z,30,0,254,0,76,68,117,6,1,4,0,-343,0,-464,17,80,3
17533,9.59,T,102,0,804,0,86,219,127,4,T,96,0,466,0,29,167,218,6,0,-6,0,-338,0,-57,-52,91,2
17534,3.39,T,26,2,125,0,296,74,83,4,Z,17,2,98,0,171,73,61,3,0,-9,0,-27,0,-125,-1,-22,-1
17535,9.59,P,32,4,363,0,11,188,68,0,P,40,1,502,0,6,124,56,0,0,8,-3,139,0,-5,-64,-12,0
17536,3.33,Z,16,7,252,0,362,109,106,7,T,28,0,204,0,41,79,16,5,0,12,-7,-48,0,-321,-30,-90,-2
17537,8.55,T,62,0,462,0,16,134,113,3,P,65,0,491,0,186,274,125,13,1,3,0,29,0,170,140,12,10
17538,5.11,Z,28,4,269,0,394,165,213,9,Z,30,0,224,0,49,78,91,6,0,2,-4,-45,0,-345,-87,-122,-3
17539,9.59,Z,45,0,375,0,16,31,143,1,T,53,6,655,0,19,32,102,0,1,8,6,280,0,3,1,-41,-1
17540,7.01,T,93,1,308,0,365,265,105,9,T,74,2,336,0,253,296,165,21,0,-19,1,28,0,-112,31,60,12
17541,9.31,Z,70,2,620,0,279,264,185,6,P,51,0,260,0,9,102,78,9,0,-19,-2,-360,0,-270,-162,-107,3
17542,8.51,Z,50,3,401,0,20,230,188,2,T,77,7,405,0,68,276,89,4,1,27,4,4,0,48,46,-99,2
17543,7.25,Z,53,0,540,0,65,100,164,5,Z,40,5,655,0,36,57,118,2,1,-13,5,115,0,-29,-43,-46,-3
17544,9.58,Z,70,0,1052,0,46,199,229,8,T,86,0,761,0,42,310,222,8,1,16,0,-291,0,-4,111,-7,0
17545,5.45,Z,29,0,326,0,29,169,142,7,Z,30,2,349,0,150,93,145,4,1,1,2,23,0,121,-76,3,-3
17546,5.05,Z,21,7,207,0,51,96,78,0,T,23,0,349,0,0,111,60,0,0,2,-7,142,0,-51,15,-18,0
17547,9.39,Z,87,7,711,0,72,223,203,4,T,91,0,514,0,453,198,138,11,1,4,-7,-197,0,381,-25,-65,7
17548,3.21,T,16,0,161,0,35,62,28,5,T,15,0,150,0,8,22,27,3,0,-1,0,-11,0,-27,-40,-1,-2
17549,6.1,P,26,2,373,0,2,97,54,0,T,41,0,345,0,44,155,177,17,1,15,-2,-28,0,42,58,123,17
17550,8.14,T,47,0,396,0,10,125,90,2,P,41,3,417,0,18,138,48,0,0,-6,3,21,0,8,13,-42,-2
17551,4.04,P,16,3,134,0,126,70,26,2,P,16,0,89,0,5,20,12,4,0,0,-3,-45,0,-121,-50,-14,2
17552,7.35,Z,48,3,308,0,150,292,189,4,Z,40,5,258,0,206,146,357,8,1,-8,2,-50,0,56,-146,168,4
17553,2.51,P,11,0,103,0,127,48,103,1,P,13,0,296,0,15,51,29,1,0,2,0,193,0,-112,3,-74,0
17554,9.18,T,118,6,278,0,179,407,169,3,Z,65,10,312,1,289,194,260,9,1,-53,4,34,1,110,-213,91,6
17555,6.52,P,44,8,387,0,65,88,37,0,Z,31,2,224,0,13,61,90,0,0,-13,-6,-163,0,-52,-27,53,0
17556,8.13,T,53,7,409,0,86,118,54,0,Z,44,2,183,0,34,97,167,0,1,-9,-5,-226,0,-52,-21,113,0
17557,9.58,P,62,2,416,0,22,277,58,6,Z,59,0,632,0,40,127,184,8,0,-3,-2,216,0,18,-150,126,2
17558,5.5,Z,25,1,320,0,46,93,115,2,P,33,0,416,0,28,103,65,4,0,8,-1,96,0,-18,10,-50,2
17559,9.09,T,76,8,265,0,107,139,106,10,Z,61,8,274,3,72,112,189,3,1,-15,0,9,3,-35,-27,83,-7
17560,9.38,Z,49,0,410,0,8,60,167,1,P,29,0,418,0,9,62,36,4,0,-20,0,8,0,1,2,-131,3
17561,8.54,Z,57,0,363,11,85,162,226,0,Z,66,4,332,0,258,174,292,10,0,9,4,-31,-11,173,12,66,10
17562,5.14,Z,34,2,183,0,218,93,158,1,Z,27,0,100,0,47,165,77,15,0,-7,-2,-83,0,-171,72,-81,14
17563,9.58,T,75,13,623,0,265,130,116,1,T,69,1,416,0,19,242,97,10,0,-6,-12,-207,0,-246,112,-19,9
17564,4.08,T,38,2,238,0,79,85,123,4,T,25,2,82,0,5,77,217,1,1,-13,0,-156,0,-74,-8,94,-3
17565,10.58,Z,37,0,725,0,0,22,146,0,P,41,0,815,0,0,100,94,0,1,4,0,90,0,0,78,-52,0
17566,9.15,Z,42,0,271,6,61,102,159,1,P,38,0,362,0,0,171,89,0,0,-4,0,91,-6,-61,69,-70,-1
17567,10.04,T,76,0,180,0,19,85,111,5,T,124,10,541,0,402,495,270,6,1,48,10,361,0,383,410,159,1
17568,4.46,T,24,4,217,0,22,60,25,0,T,27,0,268,0,0,86,86,2,0,3,-4,51,0,-22,26,61,2
17569,9.59,Z,92,3,368,0,176,192,222,0,T,93,8,639,0,68,217,101,5,1,1,5,271,0,-108,25,-121,5
17570,2.23,Z,8,2,43,0,76,52,109,0,P,10,0,60,0,16,63,7,1,0,2,-2,17,0,-60,11,-102,1
17571,9.59,Z,57,2,769,0,28,163,191,0,T,76,0,850,0,29,107,98,12,1,19,-2,81,0,1,-56,-93,12
17572,7.1,Z,45,1,244,0,116,334,177,6,Z,28,0,215,0,60,93,114,4,0,-17,-1,-29,0,-56,-241,-63,-2
17573,9.05,Z,34,0,341,0,0,25,99,0,T,57,4,665,0,34,158,77,1,0,23,4,324,0,34,133,-22,1
17574,9.59,Z,77,9,172,0,45,144,205,1,P,69,11,588,0,80,287,129,1,0,-8,2,416,0,35,143,-76,0
17575,6.56,P,18,0,400,0,0,22,22,0,T,34,1,170,0,9,39,43,4,1,16,1,-230,0,9,17,21,4
17576,4.18,T,14,0,205,0,0,8,22,0,Z,13,0,6,0,0,13,38,0,1,-1,0,-199,0,0,5,16,0
17577,9.59,T,48,0,1075,0,16,20,52,4,P,23,0,196,0,13,23,27,4,1,-25,0,-879,0,-3,3,-25,0
17578,9.59,T,68,2,341,0,45,118,113,3,T,91,0,444,0,15,174,116,6,0,23,-2,103,0,-30,56,3,3
17579,10.44,P,27,0,473,0,5,75,77,5,Z,44,0,442,0,34,105,214,3,1,17,0,-31,0,29,30,137,-2
17580,9.59,P,34,3,436,0,33,109,44,2,T,66,3,641,0,23,156,117,0,0,32,0,205,0,-10,47,73,-2
17581,9.59,T,100,0,387,0,1163,286,215,21,P,88,7,526,0,130,177,309,6,1,-12,7,139,0,-1033,-109,94,-15
17582,9.59,T,33,0,689,0,28,106,89,3,Z,43,0,708,0,34,246,190,0,0,10,0,19,0,6,140,101,-3
17583,8.59,Z,65,7,353,0,76,138,216,0,T,70,2,844,0,191,141,112,4,0,5,-5,491,0,115,3,-104,4
17584,9.59,P,28,0,876,0,0,95,79,3,T,24,0,477,0,0,31,56,0,1,-4,0,-399,0,0,-64,-23,-3
17585,9.59,T,129,6,485,0,676,230,178,22,T,115,15,573,0,678,368,170,18,0,-14,9,88,0,2,138,-8,-4
17586,9.59,T,117,2,851,0,495,268,185,7,Z,96,0,390,0,107,261,260,8,0,-21,-2,-461,0,-388,-7,75,1
17587,8.28,P,54,3,474,0,354,403,210,6,Z,46,2,231,0,70,133,169,0,0,-8,-1,-243,0,-284,-270,-41,-6
17588,9.59,T,63,9,521,0,70,83,72,0,T,74,0,371,0,214,224,316,7,0,11,-9,-150,0,144,141,244,7
17589,9.59,T,87,2,456,0,153,131,146,8,P,66,13,727,0,96,174,147,2,1,-21,11,271,0,-57,43,1,-6
17590,9.59,P,32,1,284,0,0,164,55,0,T,69,0,674,0,29,199,98,3,1,37,-1,390,0,29,35,43,3
17591,5.43,P,16,0,312,0,0,127,40,1,P,15,0,334,0,0,149,39,0,1,-1,0,22,0,0,22,-1,-1
17592,1.15,Z,3,0,29,0,5,11,18,2,P,3,0,72,0,0,14,4,0,1,0,0,43,0,-5,3,-14,-2
17593,9.58,T,81,4,294,0,520,123,141,7,Z,62,0,457,0,459,180,180,11,0,-19,-4,163,0,-61,57,39,4
17594,7.05,Z,40,6,186,0,22,148,162,2,Z,29,2,255,0,23,86,89,0,1,-11,-4,69,0,1,-62,-73,-2
17595,2.23,Z,5,0,66,0,328,12,30,1,Z,10,0,76,4,51,19,82,0,1,5,0,10,4,-277,7,52,-1
17596,8.24,T,44,4,268,0,18,41,42,0,T,19,2,154,0,3,20,25,0,0,-25,-2,-114,0,-15,-21,-17,0
17597,3.11,T,15,3,143,0,13,40,26,0,T,13,0,140,0,12,47,21,2,0,-2,-3,-3,0,-1,7,-5,2
17598,9.59,Z,75,0,902,0,436,136,193,4,Z,75,13,657,0,66,86,178,3,0,0,13,-245,0,-370,-50,-15,-1
17599,4.19,T,19,0,107,0,90,61,72,4,T,28,0,216,0,129,109,33,7,1,9,0,109,0,39,48,-39,3
17600,6.04,T,54,4,280,0,260,210,138,2,Z,27,3,487,2,124,136,272,0,0,-27,-1,207,2,-136,-74,134,-2
17601,8.23,T,50,2,420,0,60,107,83,3,P,50,0,383,0,2,128,100,1,1,0,-2,-37,0,-58,21,17,-2
17602,3.24,T,11,0,106,0,0,17,32,0,Z,12,0,152,0,11,14,32,3,0,1,0,46,0,11,-3,0,3
17603,4.42,T,41,0,260,0,214,146,130,6,Z,29,0,247,0,32,112,121,8,1,-12,0,-13,0,-182,-34,-9,2
17604,9.59,T,91,0,789,0,307,113,240,16,T,83,0,831,0,92,241,90,6,1,-8,0,42,0,-215,128,-150,-10
17605,9.58,P,71,6,458,0,608,253,248,1,T,108,0,611,0,224,182,175,16,1,37,-6,153,0,-384,-71,-73,15
17606,9.58,T,74,0,448,0,10,142,108,4,Z,70,0,545,0,64,201,180,12,1,-4,0,97,0,54,59,72,8
17607,3.12,Z,11,0,195,0,127,69,94,6,P,14,1,150,0,119,52,99,4,0,3,1,-45,0,-8,-17,5,-2
17608,2.32,Z,15,0,92,0,381,57,155,2,Z,12,0,34,5,207,90,111,4,1,-3,0,-58,5,-174,33,-44,2
17609,9.59,T,53,6,736,0,20,96,80,2,T,66,3,263,0,8,79,69,1,0,13,-3,-473,0,-12,-17,-11,-1
17610,7.4,Z,55,0,181,0,389,184,268,13,T,59,0,411,0,267,225,160,16,1,4,0,230,0,-122,41,-108,3
17611,9.59,Z,34,3,653,0,133,275,237,1,P,49,0,359,0,2,251,92,3,1,15,-3,-294,0,-131,-24,-145,2
17612,3.52,Z,8,0,132,0,33,38,61,3,P,17,0,56,0,100,35,55,3,0,9,0,-76,0,67,-3,-6,0
17613,9.59,Z,75,7,436,6,75,200,272,3,P,52,2,709,0,6,165,93,2,0,-23,-5,273,-6,-69,-35,-179,-1
17614,8.35,P,35,0,505,0,18,120,48,5,T,64,4,651,0,130,135,68,4,1,29,4,146,0,112,15,20,-1
17615,7.12,Z,51,0,310,0,29,203,185,5,P,52,3,294,0,22,321,100,0,1,1,3,-16,0,-7,118,-85,-5
17616,6.58,Z,30,0,346,0,32,169,193,1,Z,29,0,129,0,24,84,91,1,1,-1,0,-217,0,-8,-85,-102,0
17617,9.26,T,124,6,527,25,536,250,216,4,Z,80,7,431,2,112,253,241,3,0,-44,1,-96,-23,-424,3,25,-1
17618,6.48,P,18,2,465,0,3,101,36,1,T,33,2,584,0,11,23,63,2,1,15,0,119,0,8,-78,27,1
17619,4.38,P,16,1,111,0,3,27,21,0,P,16,0,63,0,15,32,17,1,0,0,-1,-48,0,12,5,-4,1
17620,10.43,P,142,3,545,0,1420,401,185,23,Z,99,0,512,0,658,328,325,20,0,-43,-3,-33,0,-762,-73,140,-3
17621,6.3,T,45,1,399,0,269,159,127,5,Z,40,1,111,0,14,89,320,2,0,-5,0,-288,0,-255,-70,193,-3
17622,5.4,Z,29,0,360,0,270,60,104,2,T,19,0,524,0,2,29,41,1,0,-10,0,164,0,-268,-31,-63,-1
17623,9.59,T,64,3,616,0,4,307,284,0,Z,59,0,640,0,242,276,205,4,0,-5,-3,24,0,238,-31,-79,4
17624,9.59,Z,68,0,635,0,60,177,258,4,P,57,0,456,0,31,122,51,7,1,-11,0,-179,0,-29,-55,-207,3
17625,9.58,T,72,0,995,0,433,166,79,7,P,58,0,423,9,60,235,91,0,0,-14,0,-572,9,-373,69,12,-7
17626,7.21,P,18,0,250,0,14,125,33,3,T,43,2,415,0,115,164,100,6,1,25,2,165,0,101,39,67,3
17627,7.39,Z,37,1,344,0,115,117,201,0,T,49,4,232,0,417,87,122,7,0,12,3,-112,0,302,-30,-79,7
17628,9.59,P,35,0,712,0,0,273,91,1,T,54,0,540,0,10,104,139,3,0,19,0,-172,0,10,-169,48,2
17629,9.59,T,59,0,827,0,18,125,85,4,T,67,3,779,0,60,192,101,2,0,8,3,-48,0,42,67,16,-2
17630,9.59,T,66,0,536,0,6,212,120,5,Z,77,0,592,0,65,316,265,13,1,11,0,56,0,59,104,145,8
17631,8.33,T,83,1,506,0,45,175,151,4,Z,55,4,502,0,120,274,158,3,1,-28,3,-4,0,75,99,7,-1
17632,9.58,P,41,0,520,0,0,150,65,2,T,44,0,830,0,29,79,66,4,1,3,0,310,0,29,-71,1,2
17633,10.42,Z,75,0,490,0,176,266,228,6,T,121,0,720,0,171,437,170,9,0,46,0,230,0,-5,171,-58,3
17634,6.45,P,39,4,592,0,21,86,36,1,Z,27,0,409,0,15,27,92,1,0,-12,-4,-183,0,-6,-59,56,0
17635,7.34,P,42,0,391,0,34,146,134,11,P,50,0,196,0,196,242,174,8,0,8,0,-195,0,162,96,40,-3
17636,8.54,T,68,0,802,0,26,169,89,3,Z,61,6,410,0,75,156,195,2,0,-7,6,-392,0,49,-13,106,-1
17637,10.44,Z,92,10,954,0,133,186,235,5,T,92,5,351,0,650,368,193,7,1,0,-5,-603,0,517,182,-42,2
17638,10.54,P,93,0,795,0,57,126,98,6,T,85,7,884,0,99,207,97,8,0,-8,7,89,0,42,81,-1,2
17639,7.48,Z,48,2,227,0,21,123,162,3,T,72,2,440,0,297,294,91,4,1,24,0,213,0,276,171,-71,1
17640,9.58,P,86,1,351,0,55,194,85,3,T,76,0,509,0,219,129,127,16,0,-10,-1,158,0,164,-65,42,13
17641,9.58,P,31,0,419,0,0,108,61,2,P,50,7,570,0,73,198,114,0,1,19,7,151,0,73,90,53,-2
17642,4.11,T,26,0,120,0,21,67,21,2,Z,21,0,239,5,27,42,48,0,0,-5,0,119,5,6,-25,27,-2
17643,3.11,Z,13,3,180,1,198,187,103,12,Z,13,0,61,0,145,94,61,5,0,0,-3,-119,-1,-53,-93,-42,-7
17644,9.59,P,33,0,511,0,0,110,78,0,T,78,4,888,0,48,62,91,0,1,45,4,377,0,48,-48,13,0
17645,9.59,Z,68,0,478,0,82,140,234,4,T,78,4,806,0,43,142,73,0,0,10,4,328,0,-39,2,-161,-4
17646,4.48,T,25,3,105,0,74,44,53,0,P,11,0,172,0,0,24,16,0,0,-14,-3,67,0,-74,-20,-37,0
17647,9.58,Z,77,0,553,0,66,133,188,4,P,63,0,512,0,25,253,116,2,0,-14,0,-41,0,-41,120,-72,-2
17648,8.58,Z,101,0,419,0,449,361,279,27,T,65,0,745,0,102,294,251,7,0,-36,0,326,0,-347,-67,-28,-20
17649,4.08,T,15,1,306,0,6,23,41,0,Z,10,0,38,0,0,17,91,1,1,-5,-1,-268,0,-6,-6,50,1
17650,10.07,Z,66,0,425,0,45,282,212,5,T,74,9,720,0,29,230,109,1,0,8,9,295,0,-16,-52,-103,-4
17651,6.23,P,44,2,234,0,167,216,133,3,T,53,4,206,0,49,71,62,9,0,9,2,-28,0,-118,-145,-71,6
17652,9.58,T,87,0,208,0,37,374,202,11,T,68,0,746,0,74,593,173,10,0,-19,0,538,0,37,219,-29,-1
17653,9.59,Z,76,13,653,0,337,471,396,20,Z,54,0,195,0,53,228,196,11,1,-22,-13,-458,0,-284,-243,-200,-9
17654,9.59,Z,57,0,731,0,79,358,231,4,P,75,11,721,5,123,259,156,1,1,18,11,-10,5,44,-99,-75,-3
17655,3.38,P,15,1,65,0,230,53,25,2,T,16,2,156,0,197,67,59,1,1,1,1,91,0,-33,14,34,-1
17656,9.59,Z,88,1,234,0,259,84,316,6,T,92,0,888,0,37,113,149,7,0,4,-1,654,0,-222,29,-167,1
17657,8.32,Z,85,3,460,0,300,205,247,16,T,129,0,332,0,762,259,248,11,1,44,-3,-128,0,462,54,1,-5
17658,9.17,T,106,0,513,0,31,195,220,3,P,64,0,462,0,52,166,73,15,0,-42,0,-51,0,21,-29,-147,12
17659,8.56,T,76,1,434,0,58,304,81,5,Z,63,4,765,0,203,191,284,10,1,-13,3,331,0,145,-113,203,5
17660,7.49,Z,45,0,325,0,0,74,152,1,Z,27,0,369,0,0,126,144,0,0,-18,0,44,0,0,52,-8,-1
17661,8.43,P,47,3,639,0,22,204,68,5,T,63,8,408,0,20,80,98,3,1,16,5,-231,0,-2,-124,30,-2
17662,10.37,Z,51,0,313,0,0,157,200,0,P,61,7,959,0,36,271,105,0,1,10,7,646,0,36,114,-95,0
17663,9.59,Z,62,13,581,0,134,162,250,1,T,113,3,502,0,75,367,91,8,1,51,-10,-79,0,-59,205,-159,7
17664,9.59,Z,71,6,387,0,33,143,208,0,T,65,0,269,0,171,183,75,2,0,-6,-6,-118,0,138,40,-133,2
17665,10.11,Z,61,0,439,0,515,229,261,12,T,124,0,643,0,122,426,90,11,0,63,0,204,0,-393,197,-171,-1
17666,8.34,T,109,0,431,0,753,270,163,21,P,85,4,695,0,814,310,168,9,1,-24,4,264,0,61,40,5,-12
17667,8.37,Z,29,0,571,0,0,112,128,0,T,59,7,654,1,24,201,154,1,1,30,7,83,1,24,89,26,1
17668,9.59,Z,87,1,346,0,34,391,213,12,T,80,0,208,28,433,326,327,2,0,-7,-1,-138,28,399,-65,114,-10
17669,9.59,T,136,7,333,1,69,292,140,3,Z,79,4,920,0,30,135,222,1,1,-57,-3,587,-1,-39,-157,82,-2
17670,2.37,P,9,0,228,0,6,76,10,1,T,8,0,189,0,5,32,18,5,1,-1,0,-39,0,-1,-44,8,4
17671,9.59,T,49,1,323,0,8,42,101,3,T,24,3,581,0,12,74,47,1,0,-25,2,258,0,4,32,-54,-2
17672,6.31,P,37,0,596,0,0,109,80,2,Z,26,0,164,1,0,62,87,0,0,-11,0,-432,1,0,-47,7,-2
17673,8.57,P,31,0,353,0,67,90,61,4,P,16,1,569,1,13,173,34,1,1,-15,1,216,1,-54,83,-27,-3
17674,9.59,T,102,5,466,0,355,380,220,1,T,80,4,389,0,464,163,104,3,0,-22,-1,-77,0,109,-217,-116,2
17675,5,P,30,0,244,0,41,124,160,3,T,37,3,440,0,20,76,61,0,0,7,3,196,0,-21,-48,-99,-3
17676,9.03,T,91,0,434,0,218,212,109,9,Z,58,9,445,0,76,216,175,6,0,-33,9,11,0,-142,4,66,-3
17677,9.59,T,90,2,666,0,645,174,215,4,P,48,1,353,2,21,128,81,6,0,-42,-1,-313,2,-624,-46,-134,2
17678,9.49,P,38,0,656,0,0,204,66,0,T,47,0,873,0,0,107,104,11,0,9,0,217,0,0,-97,38,11
17679,3.32,Z,15,0,40,0,0,38,54,0,P,20,0,152,0,50,67,40,2,0,5,0,112,0,50,29,-14,2
17680,9.13,T,69,0,490,0,28,286,119,6,Z,36,0,284,0,1,190,162,1,0,-33,0,-206,0,-27,-96,43,-5
17681,9.59,P,94,0,632,0,82,343,84,15,T,135,4,606,0,1002,341,171,9,1,41,4,-26,0,920,-2,87,-6
17682,7.13,T,39,2,386,0,11,79,69,1,P,43,6,425,0,260,197,48,1,1,4,4,39,0,249,118,-21,0
17683,8.34,T,89,3,519,0,643,213,102,7,Z,68,11,228,0,51,181,181,1,1,-21,8,-291,0,-592,-32,79,-6
17684,5.55,Z,34,1,250,0,121,162,186,1,T,41,4,205,0,27,131,62,3,1,7,3,-45,0,-94,-31,-124,2
17685,8.13,P,74,0,409,0,151,327,148,15,Z,65,9,587,0,589,284,376,16,1,-9,9,178,0,438,-43,228,1
17686,6.54,Z,39,1,403,0,48,179,144,3,Z,31,1,204,0,14,83,233,1,0,-8,0,-199,0,-34,-96,89,-2
17687,9.59,T,105,4,519,0,187,370,257,5,T,117,0,511,0,571,321,206,22,1,12,-4,-8,0,384,-49,-51,17
17688,9.58,Z,39,0,418,0,23,143,165,12,Z,47,0,516,0,45,346,214,6,1,8,0,98,0,22,203,49,-6
17689,6.02,P,29,0,356,0,10,72,47,6,P,31,0,86,0,0,51,45,0,1,2,0,-270,0,-10,-21,-2,-6
17690,9.59,T,70,5,682,0,370,500,161,11,T,157,3,358,0,582,341,157,17,1,87,-2,-324,0,212,-159,-4,6
17691,4.58,T,37,0,311,0,186,154,35,12,P,27,0,279,0,313,65,41,10,1,-10,0,-32,0,127,-89,6,-2
17692,8.02,T,71,2,654,0,547,226,143,8,P,54,0,230,0,10,120,65,13,0,-17,-2,-424,0,-537,-106,-78,5
17693,9.58,P,50,1,475,0,185,407,143,6,T,75,0,408,0,60,276,229,8,1,25,-1,-67,0,-125,-131,86,2
17694,9.59,T,76,11,634,0,162,153,155,6,T,89,12,714,0,208,184,134,6,0,13,1,80,0,46,31,-21,0
17695,4.19,T,15,1,79,0,0,83,27,1,Z,20,0,136,0,71,96,65,6,1,5,-1,57,0,71,13,38,5
17696,9.42,Z,69,10,228,0,61,165,236,2,P,75,1,716,0,593,233,198,8,0,6,-9,488,0,532,68,-38,6
17697,5.17,T,41,0,392,0,358,146,117,14,P,46,0,312,0,355,228,99,14,0,5,0,-80,0,-3,82,-18,0
17698,8.12,Z,74,3,590,0,423,233,281,10,P,49,0,615,0,74,246,77,11,0,-25,-3,25,0,-349,13,-204,1
17699,9.59,Z,61,0,679,0,31,371,190,7,P,27,0,697,0,2,98,52,1,0,-34,0,18,0,-29,-273,-138,-6
17700,8.12,T,43,0,499,0,388,142,65,7,P,56,5,393,0,81,146,102,1,0,13,5,-106,0,-307,4,37,-6
17701,2.4,T,10,0,118,0,87,77,29,4,T,6,0,181,0,16,68,38,3,0,-4,0,63,0,-71,-9,9,-1
17702,7.09,P,40,4,203,0,12,231,104,5,P,32,0,529,0,6,174,61,1,0,-8,-4,326,0,-6,-57,-43,-4
17703,4.56,Z,27,0,171,0,22,60,77,7,P,24,5,239,0,77,132,38,1,0,-3,5,68,0,55,72,-39,-6
17704,4.07,P,21,0,193,0,47,105,44,5,Z,13,4,316,0,13,62,53,0,1,-8,4,123,0,-34,-43,9,-5
17705,7.02,Z,33,0,284,0,3,48,119,2,P,26,0,514,0,9,65,34,3,0,-7,0,230,0,6,17,-85,1
17706,5.15,P,33,2,210,0,170,145,67,9,T,31,6,193,0,379,57,46,1,1,-2,4,-17,0,209,-88,-21,-8
17707,9.59,T,73,0,755,0,26,193,100,5,Z,39,0,567,0,0,116,140,0,0,-34,0,-188,0,-26,-77,40,-5
17708,9.59,Z,59,0,277,0,6,65,213,3,Z,56,2,366,0,57,125,183,8,1,-3,2,89,0,51,60,-30,5
17709,6.57,Z,37,0,338,0,289,188,154,9,P,46,5,394,0,91,186,140,5,0,9,5,56,0,-198,-2,-14,-4
17710,7.05,Z,53,9,584,0,145,161,149,1,Z,48,7,294,0,377,133,443,0,0,-5,-2,-290,0,232,-28,294,-1
17711,5.48,Z,29,0,150,7,52,181,129,1,T,73,0,277,0,31,204,79,10,1,44,0,127,-7,-21,23,-50,9
17712,6.4,P,30,0,93,0,5,85,41,5,P,35,0,497,0,45,138,220,1,1,5,0,404,0,40,53,179,-4
17713,6.56,T,38,0,379,0,3,36,108,4,T,37,0,348,0,49,125,84,3,0,-1,0,-31,0,46,89,-24,-1
17714,6.11,Z,36,1,384,0,22,70,128,2,T,43,0,395,0,74,81,69,5,1,7,-1,11,0,52,11,-59,3
17715,8.46,T,49,2,724,0,55,28,41,2,T,57,5,831,0,10,190,86,2,1,8,3,107,0,-45,162,45,0
17716,9.59,P,35,9,500,0,421,111,78,0,P,50,0,501,0,97,252,51,14,0,15,-9,1,0,-324,141,-27,14
17717,8.2,T,50,0,618,0,0,55,115,0,Z,36,0,536,0,32,137,125,3,0,-14,0,-82,0,32,82,10,3
17718,0.51,T,5,0,17,0,0,3,5,0,Z,4,0,6,0,0,0,10,0,0,-1,0,-11,0,0,-3,5,0
17719,6.23,Z,25,8,312,0,16,49,79,0,T,42,6,451,0,22,50,44,0,1,17,-2,139,0,6,1,-35,0
17720,9.57,T,78,3,334,0,5,129,180,0,Z,44,3,372,0,7,43,137,1,1,-34,0,38,0,2,-86,-43,1
17721,9.59,T,91,0,728,0,727,422,236,12,Z,52,0,463,0,40,65,186,2,0,-39,0,-265,0,-687,-357,-50,-10
17722,9.59,T,87,2,577,0,380,188,232,9,Z,64,3,450,0,45,97,190,1,0,-23,1,-127,0,-335,-91,-42,-8
17723,10.39,Z,64,0,453,0,90,244,276,11,Z,74,8,520,0,166,423,281,22,1,10,8,67,0,76,179,5,11
17724,9.03,Z,64,0,750,0,386,208,161,5,T,75,0,693,0,33,183,114,7,1,11,0,-57,0,-353,-25,-47,2
17725,7.38,T,26,0,307,0,0,10,48,0,P,19,0,419,0,5,26,39,2,0,-7,0,112,0,5,16,-9,2
17726,3.09,T,13,0,308,0,0,34,21,0,P,13,0,70,0,8,58,27,1,0,0,0,-238,0,8,24,6,1
17727,8.34,T,81,2,507,0,1005,265,194,4,P,71,1,430,0,87,219,105,5,1,-10,-1,-77,0,-918,-46,-89,1
17728,0.56,P,3,0,12,0,0,24,36,0,T,4,0,45,0,0,8,3,1,0,1,0,33,0,0,-16,-33,1
17729,9.2,P,40,0,309,0,5,172,140,2,P,53,0,644,0,36,147,89,6,1,13,0,335,0,31,-25,-51,4
17730,8.28,P,65,3,540,0,159,383,110,13,P,78,4,392,0,141,305,128,7,1,13,1,-148,0,-18,-78,18,-6
17731,7.23,P,33,0,322,0,41,201,49,5,P,23,0,165,0,0,93,32,0,0,-10,0,-157,0,-41,-108,-17,-5
17732,8.11,P,32,0,245,0,0,93,115,0,P,9,0,155,0,0,9,13,0,0,-23,0,-90,0,0,-84,-102,0
17733,9.43,T,82,0,693,0,273,143,118,13,Z,51,0,368,0,154,141,354,8,1,-31,0,-325,0,-119,-2,236,-5
17734,9.58,P,21,0,492,0,0,20,16,0,P,14,0,462,0,0,100,35,0,0,-7,0,-30,0,0,80,19,0
17735,6.11,Z,34,0,321,0,27,45,127,1,P,28,0,664,0,5,74,34,1,0,-6,0,343,0,-22,29,-93,0
17736,9.12,T,60,0,614,0,24,159,192,5,Z,53,1,539,0,34,35,180,0,1,-7,1,-75,0,10,-124,-12,-5
17737,4.3,P,26,2,193,0,21,84,30,2,Z,19,3,119,0,179,101,144,5,0,-7,1,-74,0,158,17,114,3
17738,8.53,T,28,3,417,0,4,53,73,0,T,35,0,505,0,0,110,100,0,0,7,-3,88,0,-4,57,27,0
17739,3.42,Z,18,0,129,0,378,56,73,3,T,21,0,156,0,375,46,182,5,1,3,0,27,0,-3,-10,109,2
17740,9.59,T,108,8,412,0,308,185,183,7,Z,106,0,723,0,208,174,333,11,0,-2,-8,311,0,-100,-11,150,4
17741,9.55,P,31,0,173,0,9,44,36,2,Z,46,0,406,0,26,73,132,9,1,15,0,233,0,17,29,96,7
17742,3.11,Z,13,0,64,0,1,37,55,1,Z,9,0,121,0,0,21,43,0,0,-4,0,57,0,-1,-16,-12,-1
17743,2.16,T,10,1,82,0,110,65,25,4,Z,5,0,63,0,100,40,38,3,0,-5,-1,-19,0,-10,-25,13,-1
17744,10.18,Z,53,1,294,0,20,61,159,1,T,49,0,848,0,0,47,103,1,0,-4,-1,554,0,-20,-14,-56,0
17745,10.23,P,57,4,409,0,16,201,133,0,P,48,3,630,0,37,172,94,1,0,-9,-1,221,0,21,-29,-39,1
17746,3.16,Z,8,0,99,0,2,26,43,2,T,17,0,148,0,0,11,24,0,1,9,0,49,0,-2,-15,-19,-2
17747,8.2,T,104,4,514,0,352,182,164,7,T,102,0,396,0,455,244,136,15,0,-2,-4,-118,0,103,62,-28,8
17748,6.2,P,28,1,392,0,8,90,58,1,T,37,1,220,0,105,107,101,8,1,9,0,-172,0,97,17,43,7
17749,6.47,T,66,0,308,0,72,134,69,7,T,44,1,361,0,8,142,219,4,0,-22,1,53,0,-64,8,150,-3
17750,9.1,Z,94,6,475,0,458,311,267,8,P,82,11,559,0,728,355,173,5,0,-12,5,84,0,270,44,-94,-3
17751,9.59,Z,74,0,405,0,139,244,268,13,Z,80,13,617,0,231,278,310,0,0,6,13,212,0,92,34,42,-13
17752,9.59,Z,54,3,647,0,33,216,153,5,T,75,0,380,0,192,334,106,8,1,21,-3,-267,0,159,118,-47,3
17753,4.34,T,13,0,280,0,0,44,28,0,T,25,2,400,0,7,100,38,3,1,12,2,120,0,7,56,10,3
17754,9.59,T,88,13,721,0,51,324,148,3,Z,58,25,457,0,440,315,295,6,0,-30,12,-264,0,389,-9,147,3
17755,9.59,Z,59,3,506,0,32,201,166,6,Z,50,4,334,0,119,140,259,2,1,-9,1,-172,0,87,-61,93,-4
17756,7.1,P,42,1,422,0,6,144,277,0,P,24,2,399,0,4,171,59,5,0,-18,1,-23,0,-2,27,-218,5
17757,9.58,P,11,3,1016,0,7,23,22,0,T,33,0,960,0,2,56,69,0,1,22,-3,-56,0,-5,33,47,0
17758,10.39,T,54,5,475,0,1287,113,78,0,Z,43,10,259,0,41,137,187,1,0,-11,5,-216,0,-1246,24,109,1
17759,3.14,P,19,3,72,0,71,92,28,0,T,6,0,112,0,0,7,12,0,0,-13,-3,40,0,-71,-85,-16,0
17760,9.27,T,73,3,595,0,37,60,78,4,P,55,0,707,0,8,169,117,13,0,-18,-3,112,0,-29,109,39,9
17761,4.39,Z,22,2,305,0,43,89,72,1,T,32,3,318,0,23,74,29,0,1,10,1,13,0,-20,-15,-43,-1
17762,4.1,Z,18,3,196,0,200,52,177,1,T,22,0,189,0,21,49,28,1,0,4,-3,-7,0,-179,-3,-149,0
17763,9.59,T,83,0,766,0,19,230,129,4,Z,89,4,639,0,365,398,433,11,1,6,4,-127,0,346,168,304,7
17764,3.31,T,14,0,221,0,0,48,23,0,T,10,1,122,0,10,22,10,1,0,-4,1,-99,0,10,-26,-13,1
17765,9.59,Z,63,1,747,0,808,249,410,12,T,81,2,510,0,13,239,103,1,1,18,1,-237,0,-795,-10,-307,-11
17766,9.26,T,79,0,561,0,66,219,160,4,T,71,3,419,0,864,170,101,5,1,-8,3,-142,0,798,-49,-59,1
17767,8.37,P,47,0,672,0,47,231,78,6,T,62,0,431,0,167,228,115,7,0,15,0,-241,0,120,-3,37,1
17768,6.2,P,38,0,423,0,26,193,53,7,Z,28,0,433,0,10,126,106,2,0,-10,0,10,0,-16,-67,53,-5
17769,9.33,T,108,4,497,0,532,136,153,3,T,68,0,370,0,8,222,154,12,1,-40,-4,-127,0,-524,86,1,9
17770,6.34,T,69,4,308,0,173,156,93,3,T,25,0,301,0,0,76,52,0,0,-44,-4,-7,0,-173,-80,-41,-3
17771,9.59,Z,67,0,648,0,21,217,205,5,T,64,0,571,0,0,116,101,0,1,-3,0,-77,0,-21,-101,-104,-5
17772,9.59,P,91,0,461,0,464,314,158,20,T,103,0,721,0,339,264,203,13,1,12,0,260,0,-125,-50,45,-7
17773,7.1,P,39,4,494,0,18,73,33,0,Z,51,0,99,0,82,128,147,2,0,12,-4,-395,0,64,55,114,2
17774,4.58,P,23,3,222,0,14,158,18,0,P,43,0,138,0,69,164,64,7,1,20,-3,-84,0,55,6,46,7
17775,9.59,T,58,0,771,0,18,316,104,6,T,79,4,411,0,28,66,86,6,1,21,4,-360,0,10,-250,-18,0
17776,4.37,Z,19,0,172,0,13,105,118,3,T,26,0,149,0,3,26,54,2,0,7,0,-23,0,-10,-79,-64,-1
17777,9.57,P,42,0,458,0,0,92,53,0,T,51,0,300,0,6,181,146,4,1,9,0,-158,0,6,89,93,4
17778,3.13,Z,9,0,111,0,4,46,28,1,Z,12,0,170,0,53,28,76,3,1,3,0,59,0,49,-18,48,2
17779,2.41,P,9,2,151,0,20,98,23,1,Z,9,3,128,0,151,60,47,0,1,0,1,-23,0,131,-38,24,-1
17780,4.36,Z,17,0,157,0,27,45,55,1,Z,21,1,109,0,28,45,56,6,1,4,1,-48,0,1,0,1,5
17781,9.59,T,81,0,664,0,98,252,122,11,P,81,0,491,0,58,278,101,4,0,0,0,-173,0,-40,26,-21,-7
17782,8.51,T,78,0,284,0,1046,183,94,13,Z,54,2,223,0,40,159,137,3,1,-24,2,-61,0,-1006,-24,43,-10
17783,6.34,T,66,1,244,0,566,106,179,9,Z,44,5,371,0,187,200,177,7,1,-22,4,127,0,-379,94,-2,-2
17784,10.31,T,73,6,414,0,461,264,226,5,T,73,0,662,0,46,314,141,13,0,0,-6,248,0,-415,50,-85,8
17785,9.59,Z,50,0,867,0,0,104,185,0,P,61,0,709,0,39,264,105,4,1,11,0,-158,0,39,160,-80,4
17786,6.32,P,47,1,503,0,35,136,40,4,Z,44,9,384,0,80,214,152,4,0,-3,8,-119,0,45,78,112,0
17787,2.13,P,18,0,72,0,124,87,27,3,P,12,0,112,0,8,71,19,0,0,-6,0,40,0,-116,-16,-8,-3
17788,4.47,P,27,1,250,0,2,129,40,2,Z,22,6,241,0,20,58,105,0,1,-5,5,-9,0,18,-71,65,-2
17789,5.07,T,13,1,326,0,9,16,24,2,Z,23,0,157,0,15,38,104,5,0,10,-1,-169,0,6,22,80,3
17790,0.51,Z,4,0,90,0,15,11,25,2,Z,3,0,13,0,4,19,8,1,1,-1,0,-77,0,-11,8,-17,-1
17791,9.58,P,44,0,740,0,13,96,53,6,Z,51,3,645,0,32,48,168,2,0,7,3,-95,0,19,-48,115,-4
17792,9.57,T,104,1,729,0,320,421,107,5,Z,68,0,906,0,36,173,232,2,1,-36,-1,177,0,-284,-248,125,-3
17793,9.59,Z,55,1,421,0,98,208,256,9,P,20,0,321,0,0,32,24,0,0,-35,-1,-100,0,-98,-176,-232,-9
17794,5.39,P,23,0,403,0,1,36,28,0,Z,14,0,87,0,8,16,57,4,0,-9,0,-316,0,7,-20,29,4
17795,5.33,Z,30,0,295,0,57,116,107,1,P,32,0,286,2,13,117,45,0,1,2,0,-9,2,-44,1,-62,-1
17796,1.17,P,4,5,1,0,12,3,13,0,T,5,0,38,0,6,2,8,1,1,1,-5,37,0,-6,-1,-5,1
17797,3.5,P,13,0,168,0,43,60,101,4,T,24,5,159,0,267,74,66,3,0,11,5,-9,0,224,14,-35,-1
17798,2.56,T,15,0,88,0,138,37,69,10,Z,9,0,61,0,277,44,100,3,1,-6,0,-27,0,139,7,31,-7
17799,9.51,P,36,0,464,0,2,140,57,3,Z,63,10,709,0,21,140,174,4,0,27,10,245,0,19,0,117,1
17800,3.58,T,19,0,89,0,123,110,98,5,Z,16,0,110,0,16,125,78,9,0,-3,0,21,0,-107,15,-20,4
17801,6.42,T,27,1,408,0,5,85,24,0,P,35,0,363,7,25,50,42,0,1,8,-1,-45,7,20,-35,18,0
17802,9.58,Z,90,6,553,2,299,164,254,4,P,115,4,542,0,279,305,160,20,1,25,-2,-11,-2,-20,141,-94,16
17803,6.4,T,38,0,254,0,73,95,90,12,T,81,0,225,0,154,223,52,11,1,43,0,-29,0,81,128,-38,-1
17804,10.01,T,47,0,671,0,26,87,59,3,Z,60,11,888,0,35,113,200,2,1,13,11,217,0,9,26,141,-1
17805,9.59,P,54,0,401,0,0,139,83,0,T,49,7,565,0,11,255,70,2,0,-5,7,164,0,11,116,-13,2
17806,5.56,P,67,2,331,0,343,290,138,18,T,61,3,323,0,469,196,117,21,0,-6,1,-8,0,126,-94,-21,3
17807,7.21,Z,41,0,499,0,73,138,175,4,P,34,3,292,0,27,127,67,0,1,-7,3,-207,0,-46,-11,-108,-4
17808,8.37,Z,58,11,421,0,273,161,310,6,Z,42,6,622,1,22,101,150,1,0,-16,-5,201,1,-251,-60,-160,-5
17809,6.06,T,57,2,246,0,595,160,97,9,T,45,0,388,0,165,92,62,7,0,-12,-2,142,0,-430,-68,-35,-2
17810,9.58,T,132,0,634,0,180,330,163,17,Z,108,7,476,0,601,273,308,6,0,-24,7,-158,0,421,-57,145,-11
17811,6.59,T,75,0,444,0,281,221,91,14,Z,85,5,308,0,182,322,174,11,0,10,5,-136,0,-99,101,83,-3
17812,5.24,Z,35,0,213,3,289,158,137,4,Z,31,2,521,0,27,119,94,0,0,-4,2,308,-3,-262,-39,-43,-4
17813,5.31,P,51,0,235,0,158,153,53,4,Z,45,5,403,0,151,109,194,7,1,-6,5,168,0,-7,-44,141,3
17814,5.34,T,30,0,294,0,18,59,45,8,P,28,2,232,0,22,69,51,0,1,-2,2,-62,0,4,10,6,-8
17815,3.53,P,23,0,66,0,35,120,32,3,Z,13,8,149,0,180,129,112,1,1,-10,8,83,0,145,9,80,-2
17816,9.58,Z,62,0,262,0,119,287,165,4,T,70,2,519,0,514,230,200,7,1,8,2,257,0,395,-57,35,3
17817,3.52,P,12,0,230,0,4,85,38,3,Z,12,0,109,0,11,17,50,3,1,0,0,-121,0,7,-68,12,0
17818,10.04,Z,48,0,838,1,0,239,249,0,Z,47,0,519,0,0,170,158,0,0,-1,0,-319,-1,0,-69,-91,0
17819,9.58,Z,48,8,433,0,39,225,356,0,P,35,0,538,0,20,219,77,5,1,-13,-8,105,0,-19,-6,-279,5
17820,2.56,P,13,2,121,0,192,60,21,3,T,17,4,117,0,53,64,63,1,1,4,2,-4,0,-139,4,42,-2
17821,4.31,Z,15,1,131,0,68,39,49,2,T,29,10,325,0,85,129,30,5,1,14,9,194,0,17,90,-19,3
17822,8.2,T,70,2,772,0,175,209,168,5,Z,40,3,393,0,15,88,192,2,0,-30,1,-379,0,-160,-121,24,-3
17823,8.5,Z,48,3,288,0,99,400,175,11,P,75,0,239,0,98,202,114,4,1,27,-3,-49,0,-1,-198,-61,-7
17824,9.59,T,119,0,488,0,72,287,206,14,Z,57,3,421,0,9,167,207,0,0,-62,3,-67,0,-63,-120,1,-14
17825,9.59,Z,84,7,538,0,86,241,230,3,T,96,0,581,0,760,222,228,17,1,12,-7,43,0,674,-19,-2,14
17826,10.24,T,52,0,816,0,0,52,97,1,Z,39,0,709,0,3,100,129,3,1,-13,0,-107,0,3,48,32,2
17827,7.46,P,56,3,279,0,95,119,62,8,T,70,9,438,0,90,119,165,2,1,14,6,159,0,-5,0,103,-6
17828,10.11,Z,59,1,523,0,121,279,251,3,Z,78,3,1041,0,495,148,220,6,1,19,2,518,0,374,-131,-31,3
17829,9.54,Z,55,0,453,0,29,121,174,2,T,67,3,346,0,22,127,110,1,1,12,3,-107,0,-7,6,-64,-1
17830,8.52,P,64,0,515,0,193,214,111,10,Z,50,1,431,0,77,83,141,6,1,-14,1,-84,0,-116,-131,30,-4
17831,4.32,Z,19,4,140,0,138,114,169,2,T,18,0,338,0,510,28,94,12,1,-1,-4,198,0,372,-86,-75,10
17832,9.59,T,89,2,625,0,42,93,104,9,Z,50,0,502,0,19,195,130,3,0,-39,-2,-123,0,-23,102,26,-6
17833,9.58,P,39,0,737,0,0,112,64,0,P,82,0,573,0,84,238,449,5,1,43,0,-164,0,84,126,385,5
17834,7.16,T,56,1,413,0,196,243,259,4,P,45,0,509,0,236,203,158,11,1,-11,-1,96,0,40,-40,-101,7
17835,6.3,Z,35,3,351,0,448,231,193,6,P,40,3,356,0,438,95,53,10,0,5,0,5,0,-10,-136,-140,4
17836,9.59,P,50,0,464,0,3,294,114,3,P,24,0,563,0,0,113,32,0,1,-26,0,99,0,-3,-181,-82,-3
17837,7.4,T,39,0,347,0,0,87,114,3,Z,31,0,241,0,22,68,115,6,0,-8,0,-106,0,22,-19,1,3
17838,8.47,T,71,8,912,0,35,128,99,0,P,39,1,392,0,8,125,53,0,0,-32,-7,-520,0,-27,-3,-46,0
17839,7.1,P,38,5,554,0,2,123,111,1,T,54,1,435,0,51,196,271,6,1,16,-4,-119,0,49,73,160,5
17840,9.59,P,46,0,475,0,19,175,71,9,P,61,3,235,0,76,209,73,6,0,15,3,-240,0,57,34,2,-3
17841,6.18,Z,38,2,322,0,559,88,177,3,Z,39,3,104,0,35,94,106,3,0,1,1,-218,0,-524,6,-71,0
17842,5.21,T,36,2,444,0,31,55,39,1,T,23,0,403,0,24,32,28,9,0,-13,-2,-41,0,-7,-23,-11,8
17843,7.23,T,79,3,275,0,268,370,77,4,Z,23,0,279,0,28,147,140,3,0,-56,-3,4,0,-240,-223,63,-1
17844,4.47,Z,19,0,213,0,22,67,122,1,Z,19,1,241,0,9,32,87,0,1,0,1,28,0,-13,-35,-35,-1
17845,7.54,T,67,5,411,0,244,266,224,8,Z,35,9,448,0,434,308,214,4,0,-32,4,37,0,190,42,-10,-4
17846,9.59,Z,49,7,430,0,27,73,162,0,T,64,0,640,0,17,61,87,7,0,15,-7,210,0,-10,-12,-75,7
17847,9.59,T,60,2,362,0,17,59,65,2,T,54,1,531,0,33,76,77,2,0,-6,-1,169,0,16,17,12,0
17848,9.59,Z,71,0,387,0,40,131,202,7,T,23,0,408,0,0,19,50,0,0,-48,0,21,0,-40,-112,-152,-7
17849,9.34,P,70,0,689,0,54,186,75,8,Z,85,9,487,0,876,301,292,12,1,15,9,-202,0,822,115,217,4
17850,3.3,Z,14,0,92,0,16,19,111,1,T,13,1,113,0,875,16,14,2,0,-1,1,21,0,859,-3,-97,1
17851,5.24,Z,30,5,165,0,18,71,134,0,P,28,0,272,0,172,132,72,7,1,-2,-5,107,0,154,61,-62,7
17852,9.59,Z,72,7,348,0,47,165,203,1,T,53,0,496,0,3,56,68,4,0,-19,-7,148,0,-44,-109,-135,3
17853,10.47,T,83,2,798,0,35,171,177,6,P,92,0,442,0,1080,223,95,17,1,9,-2,-356,0,1045,52,-82,11
17854,9.59,P,48,4,482,0,65,246,63,14,P,63,0,581,0,32,201,72,6,1,15,-4,99,0,-33,-45,9,-8
17855,9.58,P,32,0,483,0,0,111,78,0,P,38,1,741,0,21,123,51,4,1,6,1,258,0,21,12,-27,4
17856,9.58,T,54,4,209,0,26,29,69,11,Z,46,4,281,1,19,185,172,0,1,-8,0,72,1,-7,156,103,-11
17857,7.02,P,49,2,394,0,25,153,85,2,Z,41,1,548,0,14,52,191,0,1,-8,-1,154,0,-11,-101,106,-2
17858,8.28,P,48,0,410,0,39,118,84,4,Z,39,0,656,0,28,194,157,5,0,-9,0,246,0,-11,76,73,1
17859,9.59,T,84,0,282,0,16,156,161,6,Z,78,0,565,0,117,177,276,4,1,-6,0,283,0,101,21,115,-2
17860,5.01,T,24,0,177,0,0,67,131,0,T,18,0,176,0,2,16,34,3,0,-6,0,-1,0,2,-51,-97,3
17861,7.56,Z,53,0,376,0,31,271,154,3,P,25,0,202,0,15,44,22,2,0,-28,0,-174,0,-16,-227,-132,-1
17862,1.3,T,5,0,35,0,17,17,17,2,P,17,0,77,0,131,39,38,1,1,12,0,42,0,114,22,21,-1
17863,10.33,P,78,3,676,0,216,461,161,14,P,75,6,426,0,78,279,111,7,0,-3,3,-250,0,-138,-182,-50,-7
17864,8.39,T,75,0,445,0,31,215,162,5,Z,69,5,312,0,549,212,202,0,1,-6,5,-133,0,518,-3,40,-5
17865,2.23,T,10,0,11,0,0,11,29,0,Z,21,1,138,0,35,24,93,0,1,11,1,127,0,35,13,64,0
17866,8.16,P,18,1,251,0,3,40,29,1,Z,38,0,383,0,37,53,117,3,1,20,-1,132,0,34,13,88,2
17867,6.52,T,71,5,246,0,278,236,124,0,P,45,0,233,0,120,171,145,6,0,-26,-5,-13,0,-158,-65,21,6
17868,8.02,T,81,0,547,0,630,184,126,11,Z,58,8,390,0,78,253,291,8,0,-23,8,-157,0,-552,69,165,-3
17869,7.2,T,71,6,401,0,212,136,150,5,P,58,2,323,0,846,120,60,3,0,-13,-4,-78,0,634,-16,-90,-2
17870,9.59,Z,62,2,355,0,851,96,236,9,T,121,0,292,0,249,80,92,15,0,59,-2,-63,0,-602,-16,-144,6
17871,9.58,T,53,0,883,0,0,93,73,1,P,35,0,242,0,0,40,42,0,0,-18,0,-641,0,0,-53,-31,-1
17872,8.37,P,46,1,253,0,25,193,105,3,T,41,0,685,0,17,28,63,5,1,-5,-1,432,0,-8,-165,-42,2
17873,10.58,T,182,0,462,0,100,252,150,5,T,74,1,392,0,273,368,173,5,0,-108,1,-70,0,173,116,23,0
17874,1.05,P,5,2,19,0,0,8,7,0,T,2,0,54,0,0,5,6,0,0,-3,-2,35,0,0,-3,-1,0
17875,9.38,T,128,0,322,0,597,296,209,24,T,106,0,603,0,385,260,194,16,0,-22,0,281,0,-212,-36,-15,-8
17876,8.51,P,88,3,495,0,251,299,192,9,T,82,2,297,0,177,325,196,8,1,-6,-1,-198,0,-74,26,4,-1
17877,6.37,T,75,0,225,0,81,281,135,3,Z,49,4,246,3,709,208,226,28,1,-26,4,21,3,628,-73,91,25
17878,6.17,P,37,6,269,8,417,197,127,2,T,49,0,775,0,599,87,118,7,1,12,-6,506,-8,182,-110,-9,5
17879,10.31,T,134,0,547,0,1119,310,400,27,Z,96,0,567,0,323,372,420,26,0,-38,0,20,0,-796,62,20,-1
17880,4.21,Z,16,0,247,0,405,59,86,6,Z,20,3,315,0,300,42,91,1,0,4,3,68,0,-105,-17,5,-5
17881,2.45,P,12,0,186,0,117,99,46,3,T,21,0,99,0,23,114,22,5,1,9,0,-87,0,-94,15,-24,2
17882,9.59,T,63,0,814,0,6,182,91,4,Z,58,1,278,0,11,67,159,1,0,-5,1,-536,0,5,-115,68,-3
17883,9.59,T,126,8,495,0,422,218,230,11,Z,119,7,475,0,224,116,300,5,0,-7,-1,-20,0,-198,-102,70,-6
17884,7,Z,25,0,217,0,11,95,111,5,T,37,0,469,0,11,37,46,4,0,12,0,252,0,0,-58,-65,-1
17885,9.59,Z,117,0,323,25,435,353,559,4,P,134,5,484,0,627,343,159,12,1,17,5,161,-25,192,-10,-400,8
17886,10.16,T,57,5,650,0,84,244,97,7,P,58,0,757,0,0,241,99,0,1,1,-5,107,0,-84,-3,2,-7
17887,8.41,Z,65,3,527,0,270,332,200,9,P,71,6,333,0,91,198,165,4,1,6,3,-194,0,-179,-134,-35,-5
17888,6.32,Z,27,0,217,0,0,54,74,0,P,24,3,148,0,8,58,42,0,1,-3,3,-69,0,8,4,-32,0
17889,5.09,T,26,1,305,0,19,20,25,0,P,25,0,239,0,1,5,20,0,1,-1,-1,-66,0,-18,-15,-5,0
17890,6.05,P,29,4,378,0,11,118,53,0,P,19,0,177,0,3,50,42,2,1,-10,-4,-201,0,-8,-68,-11,2
17891,9.59,P,49,6,968,0,13,118,85,1,Z,56,0,506,0,0,91,167,0,1,7,-6,-462,0,-13,-27,82,-1
17892,9.35,T,85,0,434,0,26,160,139,8,Z,67,8,258,0,81,275,183,4,1,-18,8,-176,0,55,115,44,-4
17893,9.59,Z,81,0,916,16,106,280,274,1,Z,44,7,376,0,186,241,283,2,1,-37,7,-540,-16,80,-39,9,1
17894,10.51,T,59,0,296,0,21,45,61,4,P,31,0,326,0,14,158,56,5,0,-28,0,30,0,-7,113,-5,1
17895,6.11,Z,34,0,325,0,68,140,146,4,T,56,2,264,0,113,328,78,11,1,22,2,-61,0,45,188,-68,7
17896,9.59,T,55,0,551,0,3,95,111,9,P,54,4,455,0,36,101,73,1,1,-1,4,-96,0,33,6,-38,-8
17897,6.43,P,25,0,244,0,3,116,32,4,P,18,0,193,0,0,40,20,0,0,-7,0,-51,0,-3,-76,-12,-4
17898,3.4,Z,15,0,244,0,199,63,154,5,T,19,1,91,0,267,79,37,2,1,4,1,-153,0,68,16,-117,-3
17899,7.19,P,35,0,493,0,19,154,82,4,Z,28,0,55,0,0,36,97,0,0,-7,0,-438,0,-19,-118,15,-4
17900,9.59,T,88,9,355,0,766,263,136,8,Z,80,0,591,0,835,268,300,11,1,-8,-9,236,0,69,5,164,3
17901,5.19,P,22,2,308,0,49,96,30,0,T,36,0,368,0,342,99,95,9,0,14,-2,60,0,293,3,65,9
17902,6.19,Z,60,0,143,7,252,196,208,3,P,57,1,419,0,189,193,90,7,0,-3,1,276,-7,-63,-3,-118,4
17903,9.59,P,25,2,912,0,12,130,73,4,P,30,0,823,0,0,45,53,1,1,5,-2,-89,0,-12,-85,-20,-3
17904,6.01,T,38,0,494,0,13,81,60,3,T,41,7,327,7,90,83,173,1,1,3,7,-167,7,77,2,113,-2
17905,9.59,P,45,1,385,0,6,151,67,2,T,63,0,453,0,0,167,93,0,0,18,-1,68,0,-6,16,26,-2
17906,9.58,T,111,8,325,0,197,315,161,1,Z,80,7,608,0,108,319,226,2,1,-31,-1,283,0,-89,4,65,1
17907,10.3,T,110,0,476,0,309,254,174,13,T,106,1,735,0,459,344,134,6,0,-4,1,259,0,150,90,-40,-7
17908,7.36,T,45,0,273,0,308,239,151,6,P,89,0,278,0,161,161,95,16,0,44,0,5,0,-147,-78,-56,10
17909,9.11,P,98,0,354,0,321,302,119,17,T,116,1,428,0,718,389,259,15,0,18,1,74,0,397,87,140,-2
17910,7.29,Z,48,2,172,1,198,185,221,6,P,39,0,368,0,21,229,60,6,0,-9,-2,196,-1,-177,44,-161,0
17911,8.31,T,71,6,254,0,304,174,89,4,P,60,5,507,0,136,185,80,5,0,-11,-1,253,0,-168,11,-9,1
17912,7.23,Z,41,2,509,0,156,240,244,0,T,63,5,424,0,164,276,136,0,0,22,3,-85,0,8,36,-108,0
17913,8.49,Z,53,0,309,0,2,84,199,4,P,33,0,191,0,0,26,49,0,0,-20,0,-118,0,-2,-58,-150,-4
17914,9.59,P,62,4,541,0,27,195,63,0,Z,60,0,257,0,19,143,189,8,0,-2,-4,-284,0,-8,-52,126,8
17915,4.4,T,47,0,255,0,7,160,73,4,T,25,0,275,0,824,88,51,11,0,-22,0,20,0,817,-72,-22,7
17916,9.29,Z,60,7,888,0,48,164,178,0,T,104,4,504,0,234,307,202,1,1,44,-3,-384,0,186,143,24,1
17917,2.26,T,5,0,101,0,0,9,25,2,P,13,0,31,0,0,10,13,0,0,8,0,-70,0,0,1,-12,-2
17918,5.11,Z,24,2,264,0,0,69,127,0,Z,32,0,228,0,404,153,165,10,0,8,-2,-36,0,404,84,38,10
17919,5.02,T,45,0,278,0,36,121,66,7,Z,22,5,152,0,26,129,251,0,1,-23,5,-126,0,-10,8,185,-7
17920,6.17,T,62,6,267,0,158,207,62,5,Z,29,3,395,0,156,245,262,4,0,-33,-3,128,0,-2,38,200,-1
17921,4.32,P,23,0,286,0,0,91,52,0,P,20,0,194,0,606,143,130,6,0,-3,0,-92,0,606,52,78,6
17922,7.3,Z,56,3,405,0,100,177,180,3,Z,51,0,240,0,401,201,265,8,0,-5,-3,-165,0,301,24,85,5
17923,9.59,P,60,0,357,0,595,259,81,15,P,68,0,392,0,483,224,247,14,0,8,0,35,0,-112,-35,166,-1
17924,10.39,P,54,0,786,0,0,178,74,2,P,54,12,701,0,67,71,51,1,0,0,12,-85,0,67,-107,-23,-1
17925,9.59,P,61,0,1052,0,116,210,84,11,Z,74,2,658,0,25,205,336,6,0,13,2,-394,0,-91,-5,252,-5
17926,8.12,Z,42,0,396,0,20,54,143,3,P,39,0,524,0,0,181,91,0,0,-3,0,128,0,-20,127,-52,-3
17927,7.32,P,42,0,492,0,0,167,74,0,P,28,0,446,0,0,158,68,0,0,-14,0,-46,0,0,-9,-6,0
17928,6.01,T,32,2,605,0,692,65,150,6,T,23,0,179,0,7,41,63,7,0,-9,-2,-426,0,-685,-24,-87,1
17929,9.57,T,60,0,700,0,21,173,92,2,T,52,0,699,0,14,90,169,4,0,-8,0,-1,0,-7,-83,77,2
17930,9.59,T,91,7,547,0,834,196,136,24,T,85,6,407,0,338,229,268,5,0,-6,-1,-140,0,-496,33,132,-19
17931,9.01,Z,52,6,654,0,58,114,174,3,T,75,0,207,0,92,196,205,6,1,23,-6,-447,0,34,82,31,3
17932,8.3,T,52,0,566,0,7,94,83,3,Z,77,0,347,0,78,137,216,3,1,25,0,-219,0,71,43,133,0
17933,9.15,P,52,1,574,0,76,133,58,3,Z,41,0,147,7,91,112,168,2,1,-11,-1,-427,7,15,-21,110,-1
17934,5.06,Z,11,0,552,0,0,52,51,0,P,10,0,109,0,0,26,8,0,1,-1,0,-443,0,0,-26,-43,0
17935,3.59,Z,21,1,62,0,28,58,56,2,T,21,4,211,0,62,75,62,0,0,0,3,149,0,34,17,6,-2
17936,9.46,Z,70,2,590,0,743,183,410,4,T,66,0,1022,0,0,237,122,0,0,-4,-2,432,0,-743,54,-288,-4
17937,8.19,Z,51,9,412,1,130,246,160,14,T,77,5,431,0,44,293,104,0,1,26,-4,19,-1,-86,47,-56,-14
17938,1.41,T,7,0,142,0,78,11,55,0,T,7,0,90,0,22,31,39,4,0,0,0,-52,0,-56,20,-16,4
17939,7.55,Z,36,2,372,0,10,166,116,0,T,61,7,499,0,45,227,88,0,1,25,5,127,0,35,61,-28,0
17940,9.59,T,78,2,612,0,30,191,100,4,Z,64,0,380,0,466,176,279,9,1,-14,-2,-232,0,436,-15,179,5
17941,6.35,T,52,4,279,2,638,160,107,6,P,33,0,239,0,16,87,44,5,0,-19,-4,-40,-2,-622,-73,-63,-1
17942,9.59,P,96,0,421,0,407,380,148,17,Z,75,0,766,0,122,214,190,12,1,-21,0,345,0,-285,-166,42,-5
17943,9.59,Z,60,3,415,0,43,162,162,0,T,74,11,728,0,29,246,111,3,0,14,8,313,0,-14,84,-51,3
17944,2.27,Z,9,1,58,0,18,57,35,3,T,8,0,45,0,107,37,52,7,0,-1,-1,-13,0,89,-20,17,4
17945,4.14,T,30,0,139,0,52,86,125,2,P,15,0,125,0,0,52,22,1,1,-15,0,-14,0,-52,-34,-103,-1
17946,8.3,T,69,5,529,0,50,163,87,1,T,48,1,509,0,25,142,65,4,0,-21,-4,-20,0,-25,-21,-22,3
17947,4.24,Z,20,5,163,0,43,107,100,0,Z,18,1,338,0,15,114,86,0,1,-2,-4,175,0,-28,7,-14,0
17948,5.24,Z,30,0,112,5,246,127,249,0,T,55,3,244,0,446,126,177,3,1,25,3,132,-5,200,-1,-72,3
17949,9.59,T,95,0,373,0,230,253,204,9,T,68,6,792,0,636,139,175,3,1,-27,6,419,0,406,-114,-29,-6
17950,7.12,Z,45,7,205,0,37,83,127,1,T,57,4,352,0,451,126,102,9,1,12,-3,147,0,414,43,-25,8
17951,9.59,P,86,2,588,0,165,358,158,12,Z,66,0,544,0,323,174,325,16,1,-20,-2,-44,0,158,-184,167,4
17952,9.59,Z,70,6,770,0,47,268,247,1,T,100,4,579,0,126,172,100,7,1,30,-2,-191,0,79,-96,-147,6
17953,9.59,T,69,0,592,0,146,123,264,4,Z,71,0,940,0,95,181,224,12,0,2,0,348,0,-51,58,-40,8
17954,9,T,63,7,1364,0,40,78,80,0,Z,49,0,276,0,137,190,278,3,0,-14,-7,-1088,0,97,112,198,3
17955,9.59,Z,57,0,666,0,53,225,195,10,T,40,0,382,0,0,141,116,1,0,-17,0,-284,0,-53,-84,-79,-9
17956,4.48,Z,18,1,80,0,8,21,67,2,T,26,3,55,0,0,13,56,0,0,8,2,-25,0,-8,-8,-11,-2
17957,10.11,Z,81,0,681,54,455,253,481,1,T,105,7,576,0,151,219,166,1,0,24,7,-105,-54,-304,-34,-315,0
17958,6.3,P,44,0,271,0,459,134,71,16,T,57,1,330,0,5,152,73,0,0,13,1,59,0,-454,18,2,-16
17959,3.01,T,17,0,170,0,0,55,46,0,Z,8,0,11,0,0,14,29,0,0,-9,0,-159,0,0,-41,-17,0
17960,6.43,T,69,0,475,0,66,258,63,12,Z,44,5,296,0,294,209,224,4,0,-25,5,-179,0,228,-49,161,-8
17961,4.52,T,17,1,409,0,97,98,101,4,T,29,0,249,0,0,20,44,0,1,12,-1,-160,0,-97,-78,-57,-4
17962,3.3,Z,16,1,92,0,5,120,52,3,Z,5,0,112,0,0,18,31,0,0,-11,-1,20,0,-5,-102,-21,-3
17963,10.22,P,67,0,446,0,27,192,61,8,Z,52,0,1150,0,36,44,156,7,1,-15,0,704,0,9,-148,95,-1
17964,9.59,T,119,0,678,0,898,286,303,20,P,69,0,519,0,78,369,83,14,1,-50,0,-159,0,-820,83,-220,-6
17965,10.3,Z,95,3,340,0,72,247,368,7,P,116,0,541,18,388,283,253,1,0,21,-3,201,18,316,36,-115,-6
17966,9.59,Z,88,12,491,0,41,299,266,4,P,66,0,595,0,142,327,72,11,0,-22,-12,104,0,101,28,-194,7
17967,7.44,T,68,3,359,0,476,196,140,10,P,69,0,468,0,38,126,72,13,1,1,-3,109,0,-438,-70,-68,3
17968,8.3,P,53,7,417,2,86,238,93,5,P,46,0,434,0,29,94,60,7,0,-7,-7,17,-2,-57,-144,-33,2
17969,9.58,T,61,5,534,0,5,117,105,0,P,33,0,672,0,9,84,73,4,0,-28,-5,138,0,4,-33,-32,4
17970,9.57,T,81,0,388,0,74,219,123,10,P,89,1,417,0,285,373,120,14,1,8,1,29,0,211,154,-3,4
17971,8.49,T,52,2,437,0,30,118,79,9,T,52,0,421,0,191,145,76,4,0,0,-2,-16,0,161,27,-3,-5
17972,3.05,T,7,0,112,0,52,41,24,3,Z,10,1,50,0,38,29,44,5,0,3,1,-62,0,-14,-12,20,2
17973,5.52,T,17,0,392,0,0,111,52,1,T,40,0,714,0,44,108,43,3,1,23,0,322,0,44,-3,-9,2
17974,8.29,Z,78,1,290,0,25,191,240,3,P,50,0,278,0,39,127,55,2,0,-28,-1,-12,0,14,-64,-185,-1
17975,3,T,13,0,41,0,20,52,25,2,T,13,1,174,2,59,56,25,0,1,0,1,133,2,39,4,0,-2
17976,9.59,P,57,0,523,0,25,216,44,8,T,52,1,658,0,7,220,153,1,0,-5,1,135,0,-18,4,109,-7
17977,9.07,T,49,0,618,3,12,103,74,0,T,60,0,653,0,30,178,94,1,1,11,0,35,-3,18,75,20,1
17978,3.58,Z,23,0,123,0,183,68,114,4,Z,27,2,199,0,22,91,78,0,1,4,2,76,0,-161,23,-36,-4
17979,4.15,Z,10,0,30,0,0,23,42,0,T,23,0,284,0,0,53,34,0,1,13,0,254,0,0,30,-8,0
17980,5.02,Z,33,1,252,0,354,82,186,3,T,49,0,330,0,455,131,144,15,1,16,-1,78,0,101,49,-42,12
17981,9.59,P,115,0,553,0,48,410,172,8,Z,92,0,438,32,397,246,461,6,0,-23,0,-115,32,349,-164,289,-2
17982,6.44,Z,20,0,504,0,3,79,91,1,Z,27,1,221,0,8,89,116,4,1,7,1,-283,0,5,10,25,3
17983,6.34,Z,34,3,223,0,32,81,109,4,Z,41,1,315,0,390,114,220,5,1,7,-2,92,0,358,33,111,1
17984,2.56,T,11,0,246,0,4,31,28,2,T,12,0,154,0,2,30,15,2,0,1,0,-92,0,-2,-1,-13,0
17985,9.58,Z,52,0,347,0,197,174,159,18,P,45,0,549,0,23,151,53,8,1,-7,0,202,0,-174,-23,-106,-10
17986,9.59,Z,55,9,725,0,43,187,174,1,T,83,0,716,0,11,147,115,8,0,28,-9,-9,0,-32,-40,-59,7
17987,9.59,P,40,2,528,0,5,57,82,2,T,41,0,213,0,0,27,63,0,1,1,-2,-315,0,-5,-30,-19,-2
17988,9.59,P,67,0,379,0,216,183,96,11,Z,79,7,537,0,37,95,198,0,1,12,7,158,0,-179,-88,102,-11
17989,9.52,Z,39,2,562,0,17,74,134,4,P,48,2,525,0,24,113,49,3,0,9,0,-37,0,7,39,-85,-1
17990,5.11,P,30,0,335,0,15,178,71,2,P,23,0,281,0,72,126,54,3,1,-7,0,-54,0,57,-52,-17,1
17991,3.38,Z,26,4,59,0,72,73,102,0,Z,13,4,146,0,10,58,46,1,0,-13,0,87,0,-62,-15,-56,1
17992,9.59,P,56,0,359,0,88,210,56,12,T,60,4,519,0,216,166,138,0,0,4,4,160,0,128,-44,82,-12
17993,7.06,P,53,0,308,0,17,186,57,3,T,50,0,334,0,284,267,122,8,1,-3,0,26,0,267,81,65,5
17994,2.2,T,11,0,74,0,79,47,24,4,T,10,0,87,0,158,33,12,2,0,-1,0,13,0,79,-14,-12,-2
17995,9.59,Z,68,0,694,0,129,396,322,4,T,98,11,659,0,261,402,136,1,0,30,11,-35,0,132,6,-186,-3
17996,8.54,Z,45,0,354,0,0,175,151,0,T,55,0,559,0,12,218,127,4,0,10,0,205,0,12,43,-24,4
17997,3.14,Z,14,1,129,0,236,21,123,5,Z,15,0,98,0,12,60,44,0,0,1,-1,-31,0,-224,39,-79,-5
17998,9.59,T,69,1,676,0,76,254,82,12,T,80,6,729,0,87,216,110,0,1,11,5,53,0,11,-38,28,-12
17999,10.56,Z,65,0,267,0,63,139,202,3,P,64,0,506,0,34,240,99,4,0,-1,0,239,0,-29,101,-103,1
18000,7.03,Z,21,0,386,0,0,106,61,0,T,44,0,307,0,0,34,54,0,1,23,0,-79,0,0,-72,-7,0
18001,9.59,T,90,6,681,0,32,336,219,3,T,83,5,448,0,41,147,117,0,0,-7,-1,-233,0,9,-189,-102,-3
18002,5.09,P,19,1,264,0,35,109,73,3,P,33,1,147,0,437,77,55,4,0,14,0,-117,0,402,-32,-18,1
18003,9.59,T,75,6,747,0,129,113,92,2,P,40,0,487,0,1,117,72,1,0,-35,-6,-260,0,-128,4,-20,-1
18004,3.58,Z,10,3,203,0,11,44,56,0,Z,9,2,131,0,5,81,83,1,0,-1,-1,-72,0,-6,37,27,1
18005,2.22,P,14,0,85,0,190,68,11,3,T,13,2,120,0,4,30,26,0,0,-1,2,35,0,-186,-38,15,-3
18006,9.45,P,42,4,761,0,10,125,51,0,P,54,1,413,0,27,424,86,8,1,12,-3,-348,0,17,299,35,8
18007,9.59,P,59,0,776,0,143,282,131,12,Z,68,0,479,0,33,209,301,12,1,9,0,-297,0,-110,-73,170,0
18008,8.28,T,75,5,459,0,100,288,105,3,Z,75,8,432,0,200,241,346,7,1,0,3,-27,0,100,-47,241,4
18009,9.59,T,122,0,822,0,606,270,234,5,Z,124,0,495,0,64,317,318,1,1,2,0,-327,0,-542,47,84,-4
18010,9.59,T,81,0,706,0,2,353,327,2,Z,63,0,489,0,36,176,212,1,1,-18,0,-217,0,34,-177,-115,-1
18011,2.38,Z,11,4,86,0,34,58,47,2,Z,11,0,131,0,202,50,42,5,0,0,-4,45,0,168,-8,-5,3
18012,9.59,T,59,0,252,0,90,125,93,10,P,51,0,420,0,13,218,119,4,0,-8,0,168,0,-77,93,26,-6
18013,7.27,Z,56,4,322,0,315,218,183,6,P,60,3,768,0,37,133,70,1,0,4,-1,446,0,-278,-85,-113,-5
18014,8.55,T,83,0,431,0,97,206,104,8,T,68,0,435,0,478,256,107,10,1,-15,0,4,0,381,50,3,2
18015,7.56,P,30,0,401,0,16,44,42,2,P,31,0,364,0,2,46,65,0,1,1,0,-37,0,-14,2,23,-2
18016,9.59,T,79,0,650,0,74,194,103,9,Z,76,10,625,0,81,229,256,8,0,-3,10,-25,0,7,35,153,-1
18017,5.07,T,23,0,168,0,253,44,40,6,T,16,2,225,0,1,17,26,0,0,-7,2,57,0,-252,-27,-14,-6
18018,5.05,P,21,0,211,0,395,90,98,6,T,34,0,246,0,12,181,73,7,1,13,0,35,0,-383,91,-25,1
18019,1.09,P,5,0,49,0,11,9,8,4,T,6,0,38,0,2,25,6,1,0,1,0,-11,0,-9,16,-2,-3
18020,9.55,T,75,0,250,0,39,248,102,1,T,106,0,440,0,357,365,160,6,1,31,0,190,0,318,117,58,5
18021,7.29,T,51,3,218,0,6,40,82,0,Z,37,0,147,0,19,70,111,1,0,-14,-3,-71,0,13,30,29,1
18022,9.59,T,50,5,622,0,15,90,78,2,T,55,0,853,0,7,271,119,2,1,5,-5,231,0,-8,181,41,0
18023,3.31,Z,18,0,156,0,63,60,74,2,P,13,0,163,0,37,41,71,4,0,-5,0,7,0,-26,-19,-3,2
18024,9.59,Z,72,7,153,0,46,85,208,4,T,78,5,348,0,21,220,135,2,1,6,-2,195,0,-25,135,-73,-2
18025,4.32,P,20,5,222,0,183,83,136,2,T,25,1,490,0,157,80,46,3,0,5,-4,268,0,-26,-3,-90,1
18026,5.54,T,49,2,370,0,31,170,65,2,P,45,1,500,0,406,168,118,7,0,-4,-1,130,0,375,-2,53,5
18027,8.25,Z,45,0,377,0,12,104,143,2,Z,45,0,456,0,81,180,216,9,1,0,0,79,0,69,76,73,7
18028,10.45,T,112,0,253,0,517,320,149,19,Z,112,11,542,0,347,243,416,5,1,0,11,289,0,-170,-77,267,-14
18029,7.06,Z,22,0,1204,0,0,79,81,0,P,30,0,142,0,0,38,49,0,1,8,0,-1062,0,0,-41,-32,0
18030,8.31,Z,63,0,389,0,125,185,153,8,Z,57,7,208,4,121,250,198,12,1,-6,7,-181,4,-4,65,45,4
18031,10.36,T,45,5,691,0,12,64,76,0,T,60,6,432,0,55,135,76,0,1,15,1,-259,0,43,71,0,0
18032,6.05,P,31,0,287,0,16,77,31,4,P,36,5,184,0,31,53,87,1,1,5,5,-103,0,15,-24,56,-3
18033,4.28,T,34,2,80,0,7,109,156,2,T,18,0,396,0,0,68,97,2,0,-16,-2,316,0,-7,-41,-59,0
18034,9.06,Z,51,3,449,0,227,290,363,2,Z,76,3,640,0,114,264,292,10,0,25,0,191,0,-113,-26,-71,8
18035,5.52,P,36,2,337,0,195,156,61,2,Z,23,3,112,0,149,47,84,2,0,-13,1,-225,0,-46,-109,23,0
18036,9.47,T,58,0,390,0,1,108,138,1,Z,60,0,474,0,132,167,207,9,1,2,0,84,0,131,59,69,8
18037,8.43,Z,65,2,484,0,159,155,283,9,Z,42,8,382,0,89,191,192,1,0,-23,6,-102,0,-70,36,-91,-8
18038,0.59,Z,4,0,14,0,6,7,23,1,P,5,0,56,0,13,18,22,2,0,1,0,42,0,7,11,-1,1
18039,9.08,T,69,0,696,0,79,216,99,6,P,50,7,691,0,14,203,90,1,0,-19,7,-5,0,-65,-13,-9,-5
18040,5.15,P,20,0,287,0,12,92,102,3,Z,23,0,188,0,20,37,120,2,0,3,0,-99,0,8,-55,18,-1
18041,10.08,P,82,10,797,0,200,399,178,1,T,85,0,646,0,306,294,153,9,1,3,-10,-151,0,106,-105,-25,8
18042,3.43,Z,13,0,116,0,0,36,71,0,P,19,0,626,0,0,35,24,5,0,6,0,510,0,0,-1,-47,5
18043,8.46,T,75,0,611,0,29,170,71,4,T,81,3,679,0,25,167,145,1,1,6,3,68,0,-4,-3,74,-3
18044,4.34,T,32,0,305,0,193,32,148,3,P,19,1,86,0,1,70,44,0,1,-13,1,-219,0,-192,38,-104,-3
18045,4.41,P,16,1,181,0,27,56,32,0,T,17,0,223,0,0,85,41,0,0,1,-1,42,0,-27,29,9,0
18046,9.59,Z,75,0,475,0,150,214,211,18,T,83,0,820,0,38,205,101,9,0,8,0,345,0,-112,-9,-110,-9
18047,8.15,Z,74,8,468,0,239,234,221,3,T,122,12,487,0,813,274,187,5,1,48,4,19,0,574,40,-34,2
18048,5.49,Z,31,3,240,0,54,103,106,2,Z,31,4,162,1,40,61,108,3,1,0,1,-78,1,-14,-42,2,1
18049,9.59,P,70,0,514,0,39,334,122,8,P,51,10,417,0,32,232,63,1,1,-19,10,-97,0,-7,-102,-59,-7
18050,1.57,T,6,0,107,0,89,33,60,2,T,7,0,26,0,243,29,102,3,0,1,0,-81,0,154,-4,42,1
18051,0.39,P,3,0,40,0,0,9,17,0,T,3,1,24,0,1,5,5,1,0,0,1,-16,0,1,-4,-12,1
18052,7,Z,33,4,231,0,152,188,368,0,Z,33,6,306,0,160,109,142,0,0,0,2,75,0,8,-79,-226,0
18053,9.58,T,79,7,377,0,270,323,82,0,Z,53,9,290,1,39,62,180,1,1,-26,2,-87,1,-231,-261,98,1
18054,10.23,T,62,3,927,0,27,234,97,3,T,88,4,863,0,89,106,131,0,1,26,1,-64,0,62,-128,34,-3
18055,6.21,Z,28,0,452,0,24,113,157,3,P,34,0,373,0,6,208,86,5,0,6,0,-79,0,-18,95,-71,2
18056,3.42,T,20,4,215,0,135,103,51,0,T,14,0,152,0,22,80,47,5,1,-6,-4,-63,0,-113,-23,-4,5
18057,7.47,T,71,0,355,0,295,248,111,4,T,51,0,524,0,26,53,59,6,0,-20,0,169,0,-269,-195,-52,2
18058,8.59,P,74,0,687,0,162,166,186,7,Z,53,4,385,0,429,161,154,3,0,-21,4,-302,0,267,-5,-32,-4
18059,9.59,T,79,8,435,0,22,117,176,0,P,59,0,710,0,4,247,107,0,0,-20,-8,275,0,-18,130,-69,0
18060,9.54,T,42,0,29,0,4,28,47,4,T,52,0,629,0,0,23,78,0,1,10,0,600,0,-4,-5,31,-4
18061,5,Z,39,0,168,0,35,128,120,3,T,41,0,310,0,26,87,71,9,0,2,0,142,0,-9,-41,-49,6
18062,3.13,T,9,4,108,0,4,12,15,0,T,9,0,274,0,2,77,26,1,0,0,-4,166,0,-2,65,11,1
18063,8.42,T,56,3,617,0,23,248,115,4,P,63,0,221,0,352,298,57,14,1,7,-3,-396,0,329,50,-58,10
18064,4.26,T,22,0,165,0,4,78,65,2,Z,31,0,138,0,3,122,66,3,1,9,0,-27,0,-1,44,1,1
18065,10.17,T,27,2,909,0,26,163,87,7,P,44,5,695,0,50,202,57,0,1,17,3,-214,0,24,39,-30,-7
18066,4.28,Z,28,2,361,0,109,88,160,0,T,37,2,214,0,130,153,38,2,1,9,0,-147,0,21,65,-122,2
18067,4.21,T,17,0,294,0,4,73,94,6,P,11,0,150,0,8,92,21,0,0,-6,0,-144,0,4,19,-73,-6
18068,8.11,P,36,11,240,0,20,197,110,0,T,26,0,368,0,0,38,46,0,0,-10,-11,128,0,-20,-159,-64,0
18069,4.1,Z,10,0,141,0,288,65,81,1,T,18,0,266,0,1,17,25,1,0,8,0,125,0,-287,-48,-56,0
18070,5.05,P,24,0,186,0,228,93,35,6,T,30,0,173,0,24,148,38,3,1,6,0,-13,0,-204,55,3,-3
18071,9.01,T,65,0,577,0,123,213,185,8,Z,78,9,428,0,99,197,216,0,1,13,9,-149,0,-24,-16,31,-8
18072,2.41,T,10,2,87,0,1,36,15,0,P,12,0,168,0,105,51,31,3,0,2,-2,81,0,104,15,16,3
18073,9.37,Z,71,0,383,0,131,260,228,10,Z,102,11,351,1,561,276,533,9,0,31,11,-32,1,430,16,305,-1
18074,8.51,P,78,1,501,0,714,317,52,12,Z,66,5,380,0,89,203,299,0,1,-12,4,-121,0,-625,-114,247,-12
18075,10.17,T,86,8,340,0,952,248,133,9,P,79,9,396,0,759,253,71,7,1,-7,1,56,0,-193,5,-62,-2
18076,9.59,P,77,9,546,0,716,215,160,12,P,90,6,592,0,234,277,126,5,1,13,-3,46,0,-482,62,-34,-7
18077,10,P,68,3,559,0,253,276,84,8,Z,85,11,594,0,140,157,295,0,1,17,8,35,0,-113,-119,211,-8
18078,6.57,P,22,1,325,0,1,308,40,2,P,43,2,103,0,2,190,77,3,1,21,1,-222,0,1,-118,37,1
18079,9.59,P,38,0,528,0,15,253,51,0,P,39,4,580,0,31,104,45,0,1,1,4,52,0,16,-149,-6,0
18080,9.59,T,84,0,737,0,95,169,94,8,P,119,1,966,0,387,283,160,10,1,35,1,229,0,292,114,66,2
18081,9.11,T,80,6,253,0,45,103,171,2,T,77,2,555,0,243,152,162,7,1,-3,-4,302,0,198,49,-9,5
18082,4.29,P,18,0,46,0,357,77,41,4,P,22,3,116,0,316,70,349,0,1,4,3,70,0,-41,-7,308,-4
18083,6.11,Z,33,0,388,0,61,59,121,3,P,23,0,296,0,5,71,51,2,1,-10,0,-92,0,-56,12,-70,-1
18084,3.21,T,17,1,105,0,279,83,44,3,T,15,0,194,0,121,66,21,3,0,-2,-1,89,0,-158,-17,-23,0
18085,5.39,P,37,0,323,0,16,130,71,1,T,24,3,359,0,10,55,43,4,0,-13,3,36,0,-6,-75,-28,3
18086,9.59,T,44,0,446,0,5,66,54,1,P,19,0,405,0,0,99,35,0,1,-25,0,-41,0,-5,33,-19,-1
18087,0.37,Z,2,0,86,0,3,6,29,1,Z,0,0,1,0,0,0,0,0,0,-2,0,-85,0,-3,-6,-29,-1
18088,9.59,T,84,0,543,0,368,152,181,12,P,61,0,284,0,564,179,194,8,0,-23,0,-259,0,196,27,13,-4
18089,2.56,Z,10,4,149,0,115,49,103,0,P,11,0,98,1,9,30,13,1,0,1,-4,-51,1,-106,-19,-90,1
18090,5.41,T,31,0,576,0,73,99,76,6,Z,33,0,86,0,44,125,110,10,0,2,0,-490,0,-29,26,34,4
18091,7.15,T,49,6,620,0,87,117,89,3,P,39,0,283,0,25,112,34,7,0,-10,-6,-337,0,-62,-5,-55,4
18092,9.59,P,50,0,494,5,13,195,77,0,P,81,5,448,0,66,255,94,3,1,31,5,-46,-5,53,60,17,3
18093,9.56,T,76,4,430,0,19,57,76,0,P,44,2,489,0,47,390,94,1,1,-32,-2,59,0,28,333,18,1
18094,6.59,T,52,0,361,0,180,95,51,7,Z,36,4,461,0,28,47,114,0,0,-16,4,100,0,-152,-48,63,-7
18095,3.5,P,21,0,215,0,68,63,110,8,T,15,0,151,0,2,64,71,1,0,-6,0,-64,0,-66,1,-39,-7
18096,5.22,Z,34,1,174,0,38,146,177,4,T,14,0,526,0,0,107,42,0,0,-20,-1,352,0,-38,-39,-135,-4
18097,5.07,T,22,2,237,0,202,46,48,1,Z,18,0,117,0,13,49,101,5,0,-4,-2,-120,0,-189,3,53,4
18098,9.59,P,51,1,467,0,456,217,62,18,Z,56,4,273,0,115,57,169,3,0,5,3,-194,0,-341,-160,107,-15
18099,7.53,T,87,7,330,0,763,435,144,10,T,93,0,483,0,243,269,161,17,1,6,-7,153,0,-520,-166,17,7
18100,8.5,Z,82,10,628,2,237,220,359,5,T,139,4,318,0,1008,268,168,25,1,57,-6,-310,-2,771,48,-191,20
18101,9.59,T,101,0,443,1,306,273,204,14,Z,77,0,374,0,164,214,333,10,0,-24,0,-69,-1,-142,-59,129,-4
18102,6.13,T,35,0,596,0,9,69,74,3,P,19,0,304,0,1,124,58,1,1,-16,0,-292,0,-8,55,-16,-2
18103,2.47,Z,3,0,54,0,56,11,28,3,P,13,0,197,0,15,145,16,1,1,10,0,143,0,-41,134,-12,-2
18104,9.59,T,61,7,545,0,32,144,100,1,P,54,0,631,0,25,95,71,5,1,-7,-7,86,0,-7,-49,-29,4
18105,3.33,T,12,0,162,0,196,72,19,1,T,23,0,172,0,148,48,80,8,0,11,0,10,0,-48,-24,61,7
18106,4.12,Z,12,0,207,0,0,65,116,0,P,18,0,117,0,1,48,53,2,1,6,0,-90,0,1,-17,-63,2
18107,9.59,P,96,4,1005,0,407,304,133,9,Z,56,20,267,0,67,167,196,8,0,-40,16,-738,0,-340,-137,63,-1
18108,9.59,Z,107,1,621,0,336,297,284,15,T,124,3,365,0,251,290,108,11,1,17,2,-256,0,-85,-7,-176,-4
18109,7.02,T,47,3,481,4,43,160,246,1,Z,36,10,205,0,61,129,160,1,1,-11,7,-276,-4,18,-31,-86,0
18110,7.06,T,55,0,204,0,372,143,191,6,T,58,0,491,0,198,267,103,11,0,3,0,287,0,-174,124,-88,5
18111,9.59,T,147,7,479,0,128,318,231,4,P,97,8,590,0,262,282,226,3,1,-50,1,111,0,134,-36,-5,-1
18112,7.07,T,27,0,510,0,1,74,69,1,P,40,0,468,0,82,291,111,2,1,13,0,-42,0,81,217,42,1
18113,3.22,T,24,0,130,0,186,110,30,2,P,19,2,139,0,313,42,12,4,0,-5,2,9,0,127,-68,-18,2
18114,9.59,T,61,0,702,0,43,121,76,7,Z,66,6,217,0,87,69,148,5,1,5,6,-485,0,44,-52,72,-2
18115,9.03,T,96,0,473,1,756,361,309,17,Z,71,7,416,0,363,272,305,5,0,-25,7,-57,-1,-393,-89,-4,-12
18116,10,Z,68,0,722,0,209,182,276,15,P,75,0,617,0,6,156,128,2,1,7,0,-105,0,-203,-26,-148,-13
18117,7.55,T,61,2,312,0,8,292,114,4,T,105,0,351,0,357,328,122,7,1,44,-2,39,0,349,36,8,3
18118,3.55,P,19,1,233,0,74,107,48,5,T,15,0,295,0,120,46,26,0,1,-4,-1,62,0,46,-61,-22,-5
18119,9.28,Z,54,4,458,0,62,129,217,0,P,51,0,611,0,0,307,85,2,0,-3,-4,153,0,-62,178,-132,2
18120,10.01,P,28,0,360,0,0,51,63,0,T,38,0,453,0,4,42,56,3,0,10,0,93,0,4,-9,-7,3
18121,7.01,P,46,0,592,0,40,165,75,9,Z,51,2,318,0,41,68,153,2,1,5,2,-274,0,1,-97,78,-7
18122,6.01,Z,26,1,341,0,18,73,152,0,Z,51,0,251,0,441,99,260,1,0,25,-1,-90,0,423,26,108,1
18123,9.59,Z,51,0,299,0,10,206,300,3,P,43,0,398,0,4,200,73,2,1,-8,0,99,0,-6,-6,-227,-1
18124,6.05,T,35,0,390,0,46,124,66,11,P,40,0,313,0,163,196,172,4,0,5,0,-77,0,117,72,106,-7
18125,6.12,T,61,2,359,0,199,237,64,4,P,33,0,721,0,5,266,69,4,0,-28,-2,362,0,-194,29,5,0
18126,10.59,P,47,2,731,0,25,198,81,0,P,58,0,298,0,95,262,78,15,0,11,-2,-433,0,70,64,-3,15
18127,9.08,Z,43,9,300,0,626,240,364,7,Z,50,0,628,0,157,99,280,7,1,7,-9,328,0,-469,-141,-84,0
18128,9.59,P,45,0,855,0,21,122,126,3,T,57,2,513,0,19,101,84,1,0,12,2,-342,0,-2,-21,-42,-2
18129,4.47,T,22,0,395,0,55,65,37,7,Z,21,1,240,0,320,146,58,6,0,-1,1,-155,0,265,81,21,-1
18130,9.59,Z,78,0,695,0,127,194,264,3,Z,92,5,676,0,1008,222,355,19,0,14,5,-19,0,881,28,91,16
18131,4.04,T,20,1,137,0,43,78,39,3,Z,16,1,259,0,13,32,67,2,1,-4,0,122,0,-30,-46,28,-1
18132,10.32,T,76,3,641,0,118,319,176,3,T,100,8,498,4,96,254,92,0,1,24,5,-143,4,-22,-65,-84,-3
18133,2.05,P,10,0,83,0,0,19,4,1,T,7,0,206,0,0,33,31,1,0,-3,0,123,0,0,14,27,0
18134,7.25,T,89,0,436,0,375,241,100,10,T,74,8,361,0,346,233,135,4,0,-15,8,-75,0,-29,-8,35,-6
18135,5.24,P,25,0,98,0,0,96,66,3,P,20,0,327,0,0,95,30,0,1,-5,0,229,0,0,-1,-36,-3
18136,6.31,T,52,2,381,0,129,230,44,1,T,41,0,502,0,442,103,159,2,0,-11,-2,121,0,313,-127,115,1
18137,4.5,Z,26,0,294,0,19,28,67,4,Z,31,0,212,0,209,55,144,16,0,5,0,-82,0,190,27,77,12
18138,3.59,T,25,3,162,0,10,68,33,0,P,23,0,85,0,22,88,79,8,0,-2,-3,-77,0,12,20,46,8
18139,0.2,T,2,0,25,0,30,13,6,2,Z,2,0,12,0,6,4,8,2,0,0,0,-13,0,-24,-9,2,0
18140,3.32,T,8,1,68,0,185,59,37,2,T,17,0,307,0,20,84,31,3,0,9,-1,239,0,-165,25,-6,1
18141,3.08,T,16,1,140,0,115,39,54,2,Z,13,1,149,0,5,29,63,0,1,-3,0,9,0,-110,-10,9,-2
18142,5.48,Z,49,0,421,0,353,126,141,7,T,56,0,240,0,79,205,44,6,1,7,0,-181,0,-274,79,-97,-1
18143,9.59,Z,62,2,408,5,89,261,201,0,T,57,0,570,0,202,243,122,3,0,-5,-2,162,-5,113,-18,-79,3
18144,6.5,Z,51,5,224,0,259,155,270,13,P,55,2,321,0,357,224,85,8,1,4,-3,97,0,98,69,-185,-5
18145,9.59,T,95,1,534,0,66,171,198,8,P,64,0,447,0,31,150,45,9,1,-31,-1,-87,0,-35,-21,-153,1
18146,4.3,T,35,0,112,0,298,104,125,6,T,30,1,217,0,3,100,49,2,0,-5,1,105,0,-295,-4,-76,-4
18147,2.23,Z,7,0,176,0,304,35,86,1,P,7,1,123,0,138,40,18,3,0,0,1,-53,0,-166,5,-68,2
18148,6,Z,36,2,133,0,223,123,169,7,Z,34,0,148,0,347,78,118,5,1,-2,-2,15,0,124,-45,-51,-2
18149,2.36,P,13,0,166,0,10,126,6,3,Z,10,0,61,0,22,35,46,1,1,-3,0,-105,0,12,-91,40,-2
18150,6.27,P,27,0,457,0,9,148,34,2,Z,26,0,424,0,4,103,96,2,0,-1,0,-33,0,-5,-45,62,0
18151,8.39,P,63,6,370,0,368,182,166,6,Z,59,7,517,0,472,301,183,4,1,-4,1,147,0,104,119,17,-2
18152,10.29,T,92,0,720,0,41,95,218,0,P,56,3,644,0,17,265,62,0,1,-36,3,-76,0,-24,170,-156,0
18153,6.36,Z,59,1,180,0,295,300,161,17,Z,41,4,254,1,46,217,182,13,0,-18,3,74,1,-249,-83,21,-4
18154,9.59,T,125,7,283,0,409,316,140,13,Z,92,0,393,0,71,322,356,11,1,-33,-7,110,0,-338,6,216,-2
18155,6.4,P,51,1,391,0,72,116,54,4,Z,39,0,403,0,22,151,117,2,0,-12,-1,12,0,-50,35,63,-2
18156,8.46,T,84,0,428,0,474,267,219,17,T,63,3,707,0,61,157,66,6,0,-21,3,279,0,-413,-110,-153,-11
18157,10.41,T,26,1,617,0,0,71,50,0,T,67,5,339,0,98,46,67,4,0,41,4,-278,0,98,-25,17,4
18158,7.04,T,54,0,315,0,377,111,106,6,P,52,1,397,0,62,117,73,6,0,-2,1,82,0,-315,6,-33,0
18159,8.4,T,40,0,590,0,2,50,63,2,P,24,1,680,0,10,123,36,2,1,-16,1,90,0,8,73,-27,0
18160,7.05,T,73,0,636,0,90,192,80,5,P,49,0,630,0,46,263,229,7,0,-24,0,-6,0,-44,71,149,2
18161,10.13,T,93,0,638,0,228,164,205,13,T,85,0,602,0,303,351,53,10,0,-8,0,-36,0,75,187,-152,-3
18162,2.01,Z,6,0,75,0,277,36,106,3,Z,12,0,127,0,223,21,94,4,1,6,0,52,0,-54,-15,-12,1
18163,7.3,Z,55,3,425,0,39,87,151,0,Z,41,0,449,0,287,164,262,7,1,-14,-3,24,0,248,77,111,7
18164,10.15,T,71,0,766,0,16,216,125,4,T,65,0,662,0,17,269,173,8,0,-6,0,-104,0,1,53,48,4
18165,3.13,P,4,0,80,0,0,50,11,0,P,9,0,47,0,259,33,111,7,1,5,0,-33,0,259,-17,100,7
18166,8.04,T,40,0,533,0,43,76,104,5,Z,41,5,346,14,348,163,206,2,0,1,5,-187,14,305,87,102,-3
18167,3.32,T,13,1,210,0,0,31,30,2,Z,10,1,236,0,13,24,54,0,1,-3,0,26,0,13,-7,24,-2
18168,8.04,T,46,0,440,8,59,40,66,0,P,54,0,498,0,2,196,145,2,1,8,0,58,-8,-57,156,79,2
18169,9.59,T,85,0,958,0,22,192,124,3,Z,77,0,558,0,50,232,177,4,1,-8,0,-400,0,28,40,53,1
18170,8.28,T,121,11,454,0,543,206,156,23,P,71,5,536,0,428,300,109,8,0,-50,-6,82,0,-115,94,-47,-15
18171,5.49,T,34,5,445,0,126,70,77,2,T,32,0,204,0,16,55,240,3,1,-2,-5,-241,0,-110,-15,163,1
18172,2.11,P,4,4,67,0,600,35,30,2,Z,8,1,30,0,4,23,19,0,0,4,-3,-37,0,-596,-12,-11,-2
18173,9.44,P,78,1,823,0,88,172,79,6,T,66,1,655,0,6,158,138,2,1,-12,0,-168,0,-82,-14,59,-4
18174,3.35,Z,19,2,108,2,369,62,132,0,T,25,0,150,0,29,72,29,8,0,6,-2,42,-2,-340,10,-103,8
18175,9.59,T,80,3,776,0,200,239,257,5,T,91,0,548,0,333,298,371,8,0,11,-3,-228,0,133,59,114,3
18176,5.24,T,44,1,237,0,659,159,85,26,Z,40,0,238,10,165,101,156,0,0,-4,-1,1,10,-494,-58,71,-26
18177,9.53,Z,68,8,397,2,101,240,287,2,T,88,0,562,0,163,231,130,13,1,20,-8,165,-2,62,-9,-157,11
18178,6.46,T,49,3,316,0,144,129,92,7,P,43,0,668,0,19,81,82,1,0,-6,-3,352,0,-125,-48,-10,-6
18179,4.48,T,29,2,148,0,424,105,98,3,P,23,0,159,0,129,237,43,4,0,-6,-2,11,0,-295,132,-55,1
18180,9.59,T,55,0,1367,0,2,187,99,6,Z,92,0,918,0,139,215,293,7,1,37,0,-449,0,137,28,194,1
18181,8.1,Z,69,0,359,0,124,261,177,8,T,103,4,623,0,695,203,158,13,1,34,4,264,0,571,-58,-19,5
18182,8.24,Z,67,1,646,0,190,224,332,12,T,89,0,624,0,166,257,136,4,1,22,-1,-22,0,-24,33,-196,-8
18183,10.21,T,114,0,495,0,709,337,180,11,Z,72,0,417,0,136,282,372,7,0,-42,0,-78,0,-573,-55,192,-4
18184,3.35,Z,10,3,236,0,36,87,52,0,P,17,1,177,0,143,75,100,4,0,7,-2,-59,0,107,-12,48,4
18185,9.09,Z,57,4,564,0,172,477,264,13,Z,77,2,390,0,473,348,325,6,1,20,-2,-174,0,301,-129,61,-7
18186,10.12,P,42,0,406,0,46,139,90,4,T,36,0,691,0,0,17,59,0,0,-6,0,285,0,-46,-122,-31,-4
18187,10.46,T,68,2,581,0,175,278,84,3,T,59,1,594,0,65,132,87,3,0,-9,-1,13,0,-110,-146,3,0
18188,5.05,T,34,0,349,0,0,164,167,2,P,31,0,212,0,91,81,34,6,1,-3,0,-137,0,91,-83,-133,4
18189,10.58,Z,91,11,845,0,230,182,245,1,T,103,9,558,0,228,315,387,7,0,12,-2,-287,0,-2,133,142,6
18190,8.55,T,69,1,495,7,635,208,131,8,T,62,3,829,0,49,151,88,3,1,-7,2,334,-7,-586,-57,-43,-5
18191,9.59,T,52,6,286,0,50,42,72,1,T,46,0,528,0,6,386,99,1,0,-6,-6,242,0,-44,344,27,0
18192,7.28,Z,31,0,523,0,42,73,104,6,P,35,0,543,0,14,43,37,7,0,4,0,20,0,-28,-30,-67,1
18193,8.49,Z,60,3,227,0,75,102,157,12,T,77,3,622,0,34,107,67,1,1,17,0,395,0,-41,5,-90,-11
18194,9.3,P,32,0,485,0,0,162,79,0,Z,57,0,338,0,289,218,218,6,1,25,0,-147,0,289,56,139,6
18195,1.23,P,4,0,34,0,0,20,5,0,P,8,0,149,0,3,22,9,1,1,4,0,115,0,3,2,4,1
18196,5.39,Z,27,2,313,0,261,129,205,4,T,31,2,327,0,0,99,140,6,0,4,0,14,0,-261,-30,-65,2
18197,6.09,P,23,0,146,0,4,152,260,3,P,32,0,158,0,22,152,173,7,1,9,0,12,0,18,0,-87,4
18198,9.59,T,59,0,657,0,8,227,157,5,Z,57,4,375,0,61,115,192,0,1,-2,4,-282,0,53,-112,35,-5
18199,8.03,P,53,0,553,0,31,122,43,3,Z,46,2,803,0,39,67,204,0,1,-7,2,250,0,8,-55,161,-3
18200,5.06,T,45,0,300,0,139,118,79,2,P,33,0,216,0,407,174,43,7,1,-12,0,-84,0,268,56,-36,5
18201,4.13,P,25,0,310,0,225,129,62,6,T,24,2,199,0,367,113,65,10,0,-1,2,-111,0,142,-16,3,4
18202,9.59,Z,57,0,367,0,107,83,228,3,T,79,0,298,0,24,220,137,6,1,22,0,-69,0,-83,137,-91,3
18203,4.33,T,23,0,213,0,11,21,36,3,Z,21,0,428,0,51,34,90,3,0,-2,0,215,0,40,13,54,0
18204,10.39,Z,80,0,655,0,69,212,390,5,P,39,0,929,0,1,249,104,0,0,-41,0,274,0,-68,37,-286,-5
18205,8.38,P,49,0,754,0,0,108,89,0,T,59,1,674,0,37,155,98,5,1,10,1,-80,0,37,47,9,5
18206,4.21,T,26,0,227,0,124,108,94,14,T,50,0,133,0,33,177,37,3,1,24,0,-94,0,-91,69,-57,-11
18207,9.42,Z,61,1,492,0,105,118,241,0,T,93,0,575,0,518,155,162,12,1,32,-1,83,0,413,37,-79,12
18208,9.59,T,98,4,409,0,347,233,146,11,Z,82,0,500,0,113,251,253,4,0,-16,-4,91,0,-234,18,107,-7
18209,9.58,P,39,1,260,0,3,132,75,2,T,33,0,663,0,0,71,85,0,0,-6,-1,403,0,-3,-61,10,-2
18210,9.58,T,76,0,622,0,28,216,118,7,T,67,0,615,0,4,283,140,7,1,-9,0,-7,0,-24,67,22,0
18211,2.38,Z,10,2,108,0,45,33,39,0,Z,9,0,58,0,3,23,33,2,1,-1,-2,-50,0,-42,-10,-6,2
18212,6.28,Z,38,0,332,0,216,133,153,11,Z,37,0,322,0,166,189,248,6,0,-1,0,-10,0,-50,56,95,-5
18213,5.07,Z,13,0,221,0,5,46,80,0,Z,26,1,170,0,135,122,99,13,1,13,1,-51,0,130,76,19,13
18214,9.59,T,85,4,672,0,385,117,124,9,Z,83,0,389,0,415,157,440,17,1,-2,-4,-283,0,30,40,316,8
18215,6.35,T,54,1,145,1,421,91,230,10,P,56,2,227,0,75,152,84,9,0,2,1,82,-1,-346,61,-146,-1
18216,6.11,P,27,0,444,0,8,105,46,3,P,25,0,385,0,2,92,75,1,0,-2,0,-59,0,-6,-13,29,-2
18217,3.08,T,7,0,179,0,3,23,17,1,T,13,0,237,0,1,32,53,1,0,6,0,58,0,-2,9,36,0
18218,3.5,T,24,0,147,0,334,45,90,3,T,27,0,112,0,191,71,21,5,1,3,0,-35,0,-143,26,-69,2
18219,9.59,Z,63,13,317,0,304,173,280,6,P,44,0,658,0,3,220,79,4,1,-19,-13,341,0,-301,47,-201,-2
18220,5.31,Z,16,5,132,0,34,76,90,1,T,24,1,213,0,1,60,41,0,1,8,-4,81,0,-33,-16,-49,-1
18221,4.13,P,21,0,209,0,9,63,22,2,P,27,1,149,0,168,83,73,3,0,6,1,-60,0,159,20,51,1
18222,0.14,Z,0,1,13,0,2,15,7,0,T,2,1,4,0,2,4,10,0,0,2,0,-9,0,0,-11,3,0
18223,9.57,P,48,0,838,0,0,239,77,0,T,74,0,903,0,28,154,131,3,0,26,0,65,0,28,-85,54,3
18224,9,Z,51,3,366,0,30,120,134,2,T,76,0,718,0,200,305,79,6,1,25,-3,352,0,170,185,-55,4
18225,1.47,Z,4,0,90,0,78,13,15,2,Z,8,0,88,0,12,21,28,2,0,4,0,-2,0,-66,8,13,0
18226,8.2,P,49,0,451,0,37,138,162,5,T,70,5,669,0,761,151,156,10,1,21,5,218,0,724,13,-6,5
18227,9.58,T,34,0,454,0,23,52,57,5,P,37,2,815,0,6,270,41,2,1,3,2,361,0,-17,218,-16,-3
18228,6.12,T,28,6,272,0,14,31,36,0,P,15,0,259,0,2,34,19,0,0,-13,-6,-13,0,-12,3,-17,0
18229,7.08,Z,45,0,233,0,0,42,105,0,T,59,2,392,0,244,191,143,7,1,14,2,159,0,244,149,38,7
18230,10.54,P,59,3,758,0,21,86,72,2,Z,62,0,675,0,62,203,164,2,0,3,-3,-83,0,41,117,92,0
18231,5.17,P,27,1,163,0,240,119,73,10,T,37,0,343,0,321,65,54,12,1,10,-1,180,0,81,-54,-19,2
18232,10.28,Z,47,0,1166,0,28,75,167,3,T,48,0,683,0,0,47,68,2,0,1,0,-483,0,-28,-28,-99,-1
18233,9.24,Z,102,0,282,21,429,327,522,9,P,132,7,478,0,508,285,123,13,1,30,7,196,-21,79,-42,-399,4
18234,3.41,Z,19,0,231,0,25,47,60,3,Z,19,1,128,0,3,54,80,0,1,0,1,-103,0,-22,7,20,-3
18235,9.45,P,84,0,814,0,826,359,104,12,Z,62,1,604,0,629,140,215,7,0,-22,1,-210,0,-197,-219,111,-5
18236,7.53,T,47,9,438,0,79,204,67,1,T,54,5,458,0,383,200,242,3,1,7,-4,20,0,304,-4,175,2
18237,9.59,T,98,0,644,0,724,481,275,8,T,51,0,391,0,0,274,116,0,0,-47,0,-253,0,-724,-207,-159,-8
18238,10.23,T,135,7,481,0,602,269,244,9,Z,72,6,521,0,61,240,273,3,0,-63,-1,40,0,-541,-29,29,-6
18239,4.29,Z,19,0,113,0,24,88,95,3,T,41,0,264,0,129,120,33,4,1,22,0,151,0,105,32,-62,1
18240,8.15,P,35,0,236,0,7,92,80,4,P,33,0,545,0,15,102,49,3,1,-2,0,309,0,8,10,-31,-1
18241,7.15,P,30,5,715,0,14,112,55,0,Z,32,4,219,0,332,283,143,0,1,2,-1,-496,0,318,171,88,0
18242,7.55,T,51,5,280,0,521,104,111,3,T,60,2,387,0,570,112,223,8,1,9,-3,107,0,49,8,112,5
18243,9.59,P,85,5,687,0,422,443,155,14,T,110,6,733,0,420,383,187,4,0,25,1,46,0,-2,-60,32,-10
18244,8.16,Z,66,14,442,0,249,235,278,5,T,63,4,612,0,104,188,155,3,0,-3,-10,170,0,-145,-47,-123,-2
18245,8.07,T,32,0,607,0,0,192,71,2,Z,58,3,659,0,72,198,202,10,1,26,3,52,0,72,6,131,8
18246,9.59,Z,54,3,495,0,34,48,190,0,Z,36,6,390,0,30,52,118,0,0,-18,3,-105,0,-4,4,-72,0
18247,9.59,T,72,1,404,0,163,213,106,2,P,69,0,469,0,45,155,54,7,1,-3,-1,65,0,-118,-58,-52,5
18248,6.38,T,54,1,238,0,195,214,101,7,P,36,1,608,0,36,109,81,3,1,-18,0,370,0,-159,-105,-20,-4
18249,8.17,Z,46,0,351,0,23,177,112,12,Z,45,0,403,0,6,81,149,1,1,-1,0,52,0,-17,-96,37,-11
18250,9.59,Z,68,7,696,0,198,229,241,2,T,82,0,775,0,46,267,177,9,0,14,-7,79,0,-152,38,-64,7
18251,9.59,Z,50,6,384,0,154,135,203,0,P,50,0,627,0,22,138,55,2,0,0,-6,243,0,-132,3,-148,2
18252,10.52,T,42,2,511,0,3,82,85,0,Z,35,5,672,0,2,53,146,0,0,-7,3,161,0,-1,-29,61,0
18253,9.2,T,82,5,490,0,90,242,121,3,Z,58,1,193,0,170,101,276,0,0,-24,-4,-297,0,80,-141,155,-3
18254,5.22,P,40,0,173,0,346,278,165,10,T,45,1,230,0,176,260,142,8,0,5,1,57,0,-170,-18,-23,-2
18255,3.31,Z,14,1,46,0,0,35,73,1,Z,9,0,160,0,3,31,27,0,0,-5,-1,114,0,3,-4,-46,-1
18256,6.49,Z,38,2,379,0,32,103,148,0,Z,39,3,201,0,27,141,117,9,1,1,1,-178,0,-5,38,-31,9
18257,3.42,T,24,0,297,0,0,57,58,0,T,17,0,123,0,0,68,201,1,1,-7,0,-174,0,0,11,143,1
18258,8.49,P,76,4,416,0,78,306,89,6,T,84,0,539,0,148,408,115,20,1,8,-4,123,0,70,102,26,14
18259,10.1,P,63,1,447,0,237,172,102,3,Z,58,5,557,0,71,201,257,0,1,-5,4,110,0,-166,29,155,-3
18260,7.57,P,31,0,587,0,17,126,80,4,P,58,2,428,0,4,223,90,0,1,27,2,-159,0,-13,97,10,-4
18261,9.59,Z,120,5,348,0,339,219,292,20,T,140,0,900,0,933,255,330,16,0,20,-5,552,0,594,36,38,-4
18262,5.3,T,20,2,441,0,501,92,44,6,T,32,0,258,0,2,42,71,4,1,12,-2,-183,0,-499,-50,27,-2
18263,1.54,Z,7,0,74,0,79,27,44,7,T,5,0,106,0,53,19,29,2,0,-2,0,32,0,-26,-8,-15,-5
18264,5.48,T,27,0,490,0,0,26,37,0,P,25,0,362,0,7,103,33,2,1,-2,0,-128,0,7,77,-4,2
18265,9.59,P,56,10,511,0,188,148,68,2,T,41,0,228,0,0,39,62,0,0,-15,-10,-283,0,-188,-109,-6,-2
18266,9.59,P,79,2,391,0,48,219,61,8,T,94,4,305,0,185,262,109,1,0,15,2,-86,0,137,43,48,-7
18267,9.39,T,93,2,639,0,373,322,193,5,T,72,5,733,0,255,298,122,1,0,-21,3,94,0,-118,-24,-71,-4
18268,9.59,P,41,0,435,0,36,158,72,3,T,65,7,501,0,463,235,71,0,0,24,7,66,0,427,77,-1,-3
18269,10.45,P,31,0,635,0,0,264,45,0,T,66,0,533,0,39,198,124,9,0,35,0,-102,0,39,-66,79,9
18270,4.13,P,22,1,252,0,42,142,84,1,P,28,1,224,0,29,75,37,5,0,6,0,-28,0,-13,-67,-47,4
18271,9.59,T,49,0,592,0,0,10,85,0,T,27,0,526,0,0,26,55,0,0,-22,0,-66,0,0,16,-30,0
18272,8.52,T,100,3,544,0,380,387,96,12,T,52,1,884,0,13,286,210,4,0,-48,-2,340,0,-367,-101,114,-8
18273,9.59,Z,69,10,463,0,83,217,351,1,P,95,0,441,0,112,270,127,8,0,26,-10,-22,0,29,53,-224,7
18274,9.59,T,133,9,487,0,359,497,279,6,Z,139,8,445,0,514,323,392,6,1,6,-1,-42,0,155,-174,113,0
18275,8.27,Z,50,0,500,0,34,70,122,5,T,59,0,379,0,42,175,128,4,1,9,0,-121,0,8,105,6,-1
18276,9.59,T,36,0,454,0,4,49,72,3,T,52,0,416,0,35,116,80,4,1,16,0,-38,0,31,67,8,1
18277,7.1,Z,47,0,381,0,31,72,108,5,P,41,0,630,0,3,95,52,3,0,-6,0,249,0,-28,23,-56,-2
18278,9.59,Z,58,10,486,0,91,155,239,5,T,65,0,489,0,17,195,87,3,1,7,-10,3,0,-74,40,-152,-2
18279,5.37,Z,15,0,298,0,0,43,47,0,Z,32,0,314,0,44,83,213,8,1,17,0,16,0,44,40,166,8
18280,9.18,T,85,0,802,0,185,317,123,12,T,91,6,542,0,721,132,153,8,1,6,6,-260,0,536,-185,30,-4
18281,10.51,T,110,0,429,0,465,419,243,14,Z,72,3,370,0,79,250,219,7,0,-38,3,-59,0,-386,-169,-24,-7
18282,9.59,Z,67,13,638,0,69,103,212,0,T,62,2,773,0,23,95,83,0,0,-5,-11,135,0,-46,-8,-129,0
18283,9.25,T,97,7,415,0,243,323,207,7,T,91,5,686,0,765,271,132,4,0,-6,-2,271,0,522,-52,-75,-3
18284,9.36,Z,41,3,557,0,27,53,124,0,Z,43,3,426,0,45,158,156,0,1,2,0,-131,0,18,105,32,0
18285,2.51,P,9,0,112,0,0,26,18,1,P,7,0,140,0,0,59,16,3,1,-2,0,28,0,0,33,-2,2
18286,9.59,P,35,0,631,0,0,243,95,0,T,62,10,269,0,8,99,119,0,1,27,10,-362,0,8,-144,24,0
18287,7.25,Z,46,10,257,3,452,159,201,7,P,62,0,597,0,11,161,103,2,0,16,-10,340,-3,-441,2,-98,-5
18288,9.58,P,37,1,928,0,14,160,89,0,T,36,0,398,0,0,45,71,0,0,-1,-1,-530,0,-14,-115,-18,0
18289,9.57,T,59,9,366,0,464,145,158,1,T,95,0,409,0,30,189,163,8,0,36,-9,43,0,-434,44,5,7
18290,9.14,Z,43,4,401,0,44,184,148,2,P,56,0,566,0,31,234,117,7,1,13,-4,165,0,-13,50,-31,5
18291,4.22,T,38,0,160,0,104,187,176,2,T,35,0,193,0,474,94,103,7,0,-3,0,33,0,370,-93,-73,5
18292,2.12,P,7,0,128,0,19,25,7,2,P,0,0,1,0,0,0,0,0,0,-7,0,-127,0,-19,-25,-7,-2
18293,4.59,Z,27,1,256,0,108,86,68,6,P,24,0,237,0,39,109,43,4,1,-3,-1,-19,0,-69,23,-25,-2
18294,9.58,T,73,0,408,0,826,243,125,8,Z,27,0,1024,0,26,130,171,1,0,-46,0,616,0,-800,-113,46,-7
18295,2.38,T,11,0,50,0,4,13,12,3,P,5,0,272,0,0,33,9,0,1,-6,0,222,0,-4,20,-3,-3
18296,0.28,P,3,0,24,0,0,1,1,2,Z,0,2,36,0,2,13,7,0,0,-3,2,12,0,2,12,6,-2
18297,4.58,Z,22,3,159,0,15,77,100,1,Z,27,4,102,0,62,50,79,2,0,5,1,-57,0,47,-27,-21,1
18298,9.57,Z,51,0,625,0,0,186,247,1,P,54,7,222,0,430,408,169,4,0,3,7,-403,0,430,222,-78,3
18299,9.59,T,90,6,661,0,633,234,131,6,T,88,1,497,0,20,246,126,4,1,-2,-5,-164,0,-613,12,-5,-2
18300,9.05,P,89,0,399,26,239,264,176,1,Z,79,3,630,0,385,354,324,5,1,-10,3,231,-26,146,90,148,4
18301,9.59,T,65,3,765,0,6,115,96,2,Z,49,0,755,0,22,82,148,0,0,-16,-3,-10,0,16,-33,52,-2
18302,5.46,P,27,1,196,0,403,119,236,7,P,22,0,215,0,95,99,248,4,0,-5,-1,19,0,-308,-20,12,-3
18303,4.01,P,22,0,205,0,8,198,38,1,P,24,1,183,0,19,197,32,1,0,2,1,-22,0,11,-1,-6,0
18304,10.52,Z,72,0,779,4,41,274,317,0,P,63,5,586,0,53,316,70,6,0,-9,5,-193,-4,12,42,-247,6
18305,10.14,P,96,0,317,0,117,236,135,9,T,99,2,505,0,472,219,221,14,1,3,2,188,0,355,-17,86,5
18306,10.01,P,71,0,898,0,93,298,127,10,P,47,3,586,0,538,128,262,4,1,-24,3,-312,0,445,-170,135,-6
18307,7.2,P,76,3,358,0,331,223,100,18,Z,53,3,462,0,401,233,253,3,0,-23,0,104,0,70,10,153,-15
18308,9.46,Z,43,0,618,0,50,158,128,6,T,57,0,374,0,31,140,85,2,0,14,0,-244,0,-19,-18,-43,-4
18309,7.17,P,36,0,400,0,15,109,41,5,Z,30,1,476,0,54,41,87,5,1,-6,1,76,0,39,-68,46,0
18310,9.19,P,70,13,854,0,50,139,78,1,T,95,0,347,0,467,191,294,25,0,25,-13,-507,0,417,52,216,24
18311,7.18,P,24,0,285,0,4,47,35,1,T,33,5,186,0,4,35,70,2,1,9,5,-99,0,0,-12,35,1
18312,8.46,P,37,2,276,0,7,84,60,0,T,43,0,428,0,7,149,161,4,1,6,-2,152,0,0,65,101,4
18313,5.35,Z,37,0,408,0,59,178,139,4,Z,66,9,283,1,580,200,215,18,1,29,9,-125,1,521,22,76,14
18314,6.01,Z,23,0,382,0,0,58,81,0,T,35,4,475,0,17,51,42,8,1,12,4,93,0,17,-7,-39,8
18315,6.49,P,69,0,356,0,265,201,114,6,Z,46,6,259,0,97,138,199,1,0,-23,6,-97,0,-168,-63,85,-5
18316,9.47,T,90,2,410,0,660,245,171,10,T,91,11,591,0,585,257,183,7,1,1,9,181,0,-75,12,12,-3
18317,8.18,Z,57,0,677,0,28,157,210,7,T,60,0,589,0,34,246,165,12,1,3,0,-88,0,6,89,-45,5
18318,5.25,P,25,1,262,0,17,164,20,1,Z,27,0,210,0,5,95,159,2,1,2,-1,-52,0,-12,-69,139,1
18319,8.56,Z,56,12,342,0,108,164,209,2,Z,59,4,630,2,76,199,230,1,1,3,-8,288,2,-32,35,21,-1
18320,9.59,T,55,0,538,0,232,171,335,6,Z,64,16,373,0,95,417,210,2,0,9,16,-165,0,-137,246,-125,-4
18321,9.57,Z,37,0,614,0,0,18,84,0,T,28,0,878,0,0,123,54,0,1,-9,0,264,0,0,105,-30,0
18322,3.58,Z,16,0,123,0,20,153,53,3,P,25,0,80,0,30,76,37,6,0,9,0,-43,0,10,-77,-16,3
18323,10.56,T,74,6,832,0,29,478,128,0,P,68,6,488,0,246,415,101,7,1,-6,0,-344,0,217,-63,-27,7
18324,10.28,T,84,0,420,0,442,354,95,16,P,51,0,621,0,35,198,91,7,1,-33,0,201,0,-407,-156,-4,-9
18325,9.59,T,131,0,565,0,538,261,159,23,P,115,14,541,0,456,286,133,11,1,-16,14,-24,0,-82,25,-26,-12
18326,9.14,Z,31,5,326,0,14,157,101,1,P,22,0,831,0,0,208,35,0,1,-9,-5,505,0,-14,51,-66,-1
18327,0.52,T,8,0,29,0,4,26,33,2,Z,2,0,13,0,72,10,20,4,0,-6,0,-16,0,68,-16,-13,2
18328,2.08,Z,9,1,15,0,4,11,24,0,P,7,0,105,0,1,5,8,2,0,-2,-1,90,0,-3,-6,-16,2
18329,4.08,T,33,2,248,0,220,133,97,6,Z,20,0,148,0,15,46,40,3,1,-13,-2,-100,0,-205,-87,-57,-3
18330,8.31,T,79,0,491,0,308,178,242,5,P,65,5,507,0,190,271,184,12,0,-14,5,16,0,-118,93,-58,7
18331,3.45,Z,17,0,42,0,210,42,224,2,T,21,0,109,0,1,45,41,1,0,4,0,67,0,-209,3,-183,-1
18332,4.04,T,23,2,227,0,160,129,30,4,Z,25,0,94,0,212,76,83,6,1,2,-2,-133,0,52,-53,53,2
18333,2.36,T,7,2,132,0,0,82,34,0,P,11,1,75,0,1,44,21,1,1,4,-1,-57,0,1,-38,-13,1
18334,7.28,Z,44,0,402,0,44,136,113,3,P,36,5,862,0,24,128,56,3,1,-8,5,460,0,-20,-8,-57,0
18335,7.01,Z,37,3,269,0,32,16,75,2,T,38,2,472,0,31,56,39,1,1,1,-1,203,0,-1,40,-36,-1
18336,4.55,Z,19,1,202,0,15,50,82,2,P,33,2,387,0,22,123,46,5,0,14,1,185,0,7,73,-36,3
18337,2.04,Z,7,1,64,0,246,37,23,3,Z,9,0,92,0,71,30,29,3,1,2,-1,28,0,-175,-7,6,0
18338,9.59,Z,94,2,385,0,70,112,200,1,Z,79,9,467,0,101,114,293,5,0,-15,7,82,0,31,2,93,4
18339,8.5,T,87,5,661,0,275,161,142,7,Z,84,6,395,0,605,204,253,14,1,-3,1,-266,0,330,43,111,7
18340,3.5,Z,15,0,176,0,11,42,37,2,Z,19,0,76,0,0,53,73,0,0,4,0,-100,0,-11,11,36,-2
18341,2.08,T,8,2,261,0,0,23,19,0,Z,5,2,48,0,1,9,35,0,1,-3,0,-213,0,1,-14,16,0
18342,9.59,P,59,0,458,0,73,248,73,9,P,73,5,314,0,77,123,61,5,1,14,5,-144,0,4,-125,-12,-4
18343,9.59,T,69,0,925,0,25,146,123,4,Z,53,2,593,0,15,201,171,4,1,-16,2,-332,0,-10,55,48,0
18344,9.48,P,73,0,274,0,462,320,298,11,P,90,15,451,0,486,397,227,0,0,17,15,177,0,24,77,-71,-11
18345,9.59,T,108,1,642,0,66,133,112,0,Z,52,0,819,0,21,138,187,4,0,-56,-1,177,0,-45,5,75,4
18346,6.51,T,82,2,443,0,402,211,98,6,P,84,1,404,0,106,184,65,8,1,2,-1,-39,0,-296,-27,-33,2
18347,9.59,T,121,3,458,0,398,275,92,7,Z,95,0,556,0,132,244,341,14,1,-26,-3,98,0,-266,-31,249,7
18348,5.23,Z,37,4,199,0,108,133,114,5,T,49,0,232,0,319,203,35,13,0,12,-4,33,0,211,70,-79,8
18349,9.59,Z,60,4,357,0,87,115,314,3,T,80,0,728,0,68,342,142,4,0,20,-4,371,0,-19,227,-172,1
18350,3.39,P,18,1,161,0,7,52,15,2,Z,15,0,268,0,9,78,54,1,1,-3,-1,107,0,2,26,39,-1
18351,6.03,T,30,0,193,0,9,35,48,2,Z,25,2,366,0,80,55,80,1,0,-5,2,173,0,71,20,32,-1
18352,10.06,P,58,0,748,0,3,72,95,2,T,106,3,296,0,84,187,85,8,1,48,3,-452,0,81,115,-10,6
18353,9.21,T,52,3,570,0,3,212,93,1,Z,56,5,174,0,31,74,147,1,1,4,2,-396,0,28,-138,54,0
18354,5.38,P,21,0,150,0,0,51,45,0,T,30,0,151,0,20,98,17,5,0,9,0,1,0,20,47,-28,5
18355,5.45,T,36,0,416,0,25,127,67,5,T,17,3,252,0,1,85,47,0,0,-19,3,-164,0,-24,-42,-20,-5
18356,9.32,T,69,6,509,2,149,189,200,7,T,71,4,333,0,119,184,60,0,1,2,-2,-176,-2,-30,-5,-140,-7
18357,9.59,Z,93,2,650,0,563,264,346,14,T,96,7,378,0,498,225,179,4,1,3,5,-272,0,-65,-39,-167,-10
18358,9.42,Z,47,0,414,0,12,193,233,3,Z,64,2,550,0,100,224,286,9,1,17,2,136,0,88,31,53,6
18359,7.51,Z,46,0,269,0,36,49,132,3,P,27,4,271,0,6,56,44,2,0,-19,4,2,0,-30,7,-88,-1
18360,5.5,Z,24,0,134,0,17,63,122,3,Z,26,1,179,0,50,34,94,0,1,2,1,45,0,33,-29,-28,-3
18361,9.59,T,67,0,841,0,44,159,91,3,T,83,0,853,0,59,80,118,8,1,16,0,12,0,15,-79,27,5
18362,6.59,P,25,0,455,0,11,60,32,2,Z,35,2,211,0,99,91,181,4,0,10,2,-244,0,88,31,149,2
18363,9.59,Z,58,0,744,0,43,154,233,3,T,77,0,440,0,468,107,111,7,1,19,0,-304,0,425,-47,-122,4
18364,8.32,P,37,0,515,1,1,106,67,0,P,37,0,343,0,59,138,58,5,0,0,0,-172,-1,58,32,-9,5
18365,10.45,P,144,10,413,0,1260,302,177,22,T,123,7,394,0,816,244,258,10,0,-21,-3,-19,0,-444,-58,81,-12
18366,3.3,T,15,0,131,2,82,35,40,0,T,14,0,161,0,4,17,22,3,0,-1,0,30,-2,-78,-18,-18,3
18367,8.24,Z,53,7,488,0,52,155,153,3,Z,52,9,280,3,659,228,317,4,0,-1,2,-208,3,607,73,164,1
18368,8.06,Z,50,2,382,0,241,276,391,5,T,62,0,334,0,459,249,206,19,1,12,-2,-48,0,218,-27,-185,14
18369,9.41,P,53,0,593,0,73,244,97,17,P,50,4,764,0,39,253,131,0,1,-3,4,171,0,-34,9,34,-17
18370,8.02,P,66,0,394,0,301,206,197,6,Z,91,10,458,0,266,211,222,14,1,25,10,64,0,-35,5,25,8
18371,3.46,P,18,0,180,0,8,104,118,6,T,25,5,168,0,239,86,84,2,0,7,5,-12,0,231,-18,-34,-4
18372,4.16,T,13,8,171,0,20,121,35,1,T,33,0,179,0,188,96,41,6,1,20,-8,8,0,168,-25,6,5
18373,3.27,P,18,0,184,0,115,133,41,5,Z,8,0,102,0,2,35,63,0,1,-10,0,-82,0,-113,-98,22,-5
18374,6.11,Z,86,6,356,2,264,279,150,11,P,51,1,328,0,123,183,144,6,0,-35,-5,-28,-2,-141,-96,-6,-5
18375,8.25,Z,65,7,204,0,664,232,298,8,P,57,3,332,0,32,174,200,7,1,-8,-4,128,0,-632,-58,-98,-1
18376,8.44,T,86,3,571,0,91,223,130,5,T,90,1,524,0,158,326,208,19,1,4,-2,-47,0,67,103,78,14
18377,8.39,Z,69,5,533,0,30,59,193,5,T,47,0,697,0,1,66,72,1,0,-22,-5,164,0,-29,7,-121,-4
18378,3.3,Z,15,2,155,0,2,88,75,0,T,14,0,237,0,21,39,24,4,0,-1,-2,82,0,19,-49,-51,4
18379,8.09,Z,35,0,300,0,13,226,101,9,Z,38,1,514,0,22,63,107,1,0,3,1,214,0,9,-163,6,-8
18380,4.3,T,14,0,232,0,62,41,33,8,T,25,0,341,0,62,115,36,7,1,11,0,109,0,0,74,3,-1
18381,9.58,T,53,0,593,0,46,222,75,2,P,58,4,319,0,50,263,111,7,1,5,4,-274,0,4,41,36,5
18382,3.17,Z,13,4,101,0,183,27,35,3,Z,13,0,61,0,1,56,67,7,1,0,-4,-40,0,-182,29,32,4
18383,2.49,T,12,0,125,0,5,21,9,8,P,8,0,86,0,5,17,7,1,1,-4,0,-39,0,0,-4,-2,-7
18384,10.4,P,67,0,290,0,0,259,98,0,T,93,0,646,0,6,245,208,3,1,26,0,356,0,6,-14,110,3
18385,4.49,P,26,0,335,0,2,68,43,3,Z,22,0,349,0,116,70,114,5,1,-4,0,14,0,114,2,71,2
18386,10.09,Z,59,0,587,0,0,78,154,1,P,57,5,1074,0,12,67,91,1,0,-2,5,487,0,12,-11,-63,0
18387,9.59,Z,91,15,310,0,501,295,436,5,T,141,0,495,20,580,223,310,2,1,50,-15,185,20,79,-72,-126,-3
18388,7.56,Z,43,6,222,0,52,166,151,0,P,44,2,714,0,22,144,54,5,1,1,-4,492,0,-30,-22,-97,5
18389,2.14,T,12,0,75,0,235,67,47,5,T,9,2,83,0,165,24,44,0,0,-3,2,8,0,-70,-43,-3,-5
18390,9.51,P,14,0,438,0,0,31,47,0,T,104,0,425,0,89,470,171,5,1,90,0,-13,0,89,439,124,5
18391,5.5,T,44,3,525,0,573,144,107,10,T,63,3,243,0,579,240,108,6,1,19,0,-282,0,6,96,1,-4
18392,3.08,Z,9,1,83,0,2,23,42,0,P,11,0,174,0,1,54,15,1,1,2,-1,91,0,-1,31,-27,1
18393,9.58,T,59,0,386,0,34,49,56,6,Z,42,0,563,0,199,200,337,3,0,-17,0,177,0,165,151,281,-3
18394,9.59,P,61,4,649,0,45,260,91,6,T,78,11,538,0,54,155,118,1,0,17,7,-111,0,9,-105,27,-5
18395,3.47,P,19,1,165,0,76,49,15,3,Z,13,0,134,0,2,40,138,1,1,-6,-1,-31,0,-74,-9,123,-2
18396,9.59,T,83,3,589,0,213,253,112,7,T,76,0,774,0,28,156,119,8,0,-7,-3,185,0,-185,-97,7,1
18397,10.16,P,89,0,420,0,73,181,119,9,Z,68,10,590,0,142,245,251,1,0,-21,10,170,0,69,64,132,-8
18398,10.44,Z,102,0,564,0,115,287,343,6,T,101,0,723,0,95,312,164,8,1,-1,0,159,0,-20,25,-179,2
18399,9.42,P,24,0,820,0,2,31,47,3,P,81,5,456,5,124,342,166,2,1,57,5,-364,5,122,311,119,-1
18400,9.59,T,89,3,842,0,556,224,103,8,T,45,0,732,0,31,158,73,16,0,-44,-3,-110,0,-525,-66,-30,8
18401,8.18,T,34,0,421,0,0,44,80,1,T,35,0,105,0,13,21,47,1,1,1,0,-316,0,13,-23,-33,0
18402,4.36,T,20,0,262,0,0,50,47,1,Z,21,2,110,0,267,27,69,1,1,1,2,-152,0,267,-23,22,0
18403,2.59,Z,7,1,71,0,61,34,181,4,P,13,0,211,0,321,85,24,2,1,6,-1,140,0,260,51,-157,-2
18404,9.04,T,70,0,546,1,31,208,191,6,Z,56,1,749,0,10,247,131,0,0,-14,1,203,-1,-21,39,-60,-6
18405,4.58,Z,17,1,73,0,2,21,71,0,T,17,0,159,0,0,25,33,0,0,0,-1,86,0,-2,4,-38,0
18406,3.17,Z,17,3,201,0,12,26,32,0,T,13,2,133,0,90,46,18,0,0,-4,-1,-68,0,78,20,-14,0
18407,7.18,T,45,0,339,0,160,101,164,5,Z,43,0,201,0,0,50,117,0,0,-2,0,-138,0,-160,-51,-47,-5
18408,9.58,Z,60,0,369,0,68,107,182,6,T,61,4,457,0,453,150,98,17,0,1,4,88,0,385,43,-84,11
18409,6.52,Z,35,0,322,0,2,33,107,3,P,46,4,284,0,26,174,88,1,1,11,4,-38,0,24,141,-19,-2
18410,10.47,P,77,5,665,0,24,216,77,4,P,69,9,468,0,137,362,84,5,1,-8,4,-197,0,113,146,7,1
18411,6.27,Z,46,3,237,0,59,230,124,9,P,48,0,424,0,95,213,133,8,0,2,-3,187,0,36,-17,9,-1
18412,3.24,P,16,0,130,0,281,52,45,4,T,18,0,107,0,257,72,21,5,1,2,0,-23,0,-24,20,-24,1
18413,3.26,T,13,0,256,0,0,26,22,3,T,16,0,226,0,1,24,34,2,1,3,0,-30,0,1,-2,12,-1
18414,8.35,Z,68,2,447,0,54,145,223,4,P,49,6,502,0,244,275,141,1,0,-19,4,55,0,190,130,-82,-3
18415,7.16,Z,45,0,280,0,84,185,180,1,Z,42,6,324,0,198,338,247,5,1,-3,6,44,0,114,153,67,4
18416,9.59,T,90,0,669,0,70,196,209,9,Z,99,0,452,0,62,187,197,10,1,9,0,-217,0,-8,-9,-12,1
18417,3.4,Z,14,0,222,0,189,32,40,3,P,17,1,164,0,72,128,37,2,1,3,1,-58,0,-117,96,-3,-1
18418,6.3,Z,24,1,317,0,8,29,60,0,T,41,0,379,0,40,92,53,9,1,17,-1,62,0,32,63,-7,9
18419,2.09,P,8,0,101,0,78,48,18,9,P,5,0,16,0,4,7,9,2,1,-3,0,-85,0,-74,-41,-9,-7
18420,9.59,Z,51,0,222,0,58,103,143,7,P,27,0,130,0,4,46,37,2,0,-24,0,-92,0,-54,-57,-106,-5
18421,8.19,P,67,0,394,0,54,103,63,10,Z,65,10,890,0,61,253,168,2,0,-2,10,496,0,7,150,105,-8
18422,6.58,P,22,0,227,0,4,65,24,2,T,33,7,421,0,8,107,43,0,0,11,7,194,0,4,42,19,-2
18423,6.4,T,62,0,348,0,358,187,302,12,T,55,0,492,0,161,176,151,5,1,-7,0,144,0,-197,-11,-151,-7
18424,8.04,P,61,4,369,0,335,284,147,4,P,50,0,470,0,136,139,142,2,0,-11,-4,101,0,-199,-145,-5,-2
18425,8.37,Z,62,0,633,0,119,242,297,3,P,69,0,417,0,78,134,71,4,0,7,0,-216,0,-41,-108,-226,1
18426,10.11,P,77,8,722,0,316,312,222,6,T,105,12,691,0,126,184,180,8,1,28,4,-31,0,-190,-128,-42,2
18427,4.14,P,28,2,88,0,245,73,96,4,T,26,0,215,0,270,119,102,6,1,-2,-2,127,0,25,46,6,2
18428,4.15,P,9,0,134,0,0,40,9,1,T,14,0,113,0,0,52,48,1,0,5,0,-21,0,0,12,39,0
18429,9.54,P,62,0,531,0,23,240,127,16,P,52,0,371,0,19,141,58,10,0,-10,0,-160,0,-4,-99,-69,-6
18430,0.47,Z,3,0,26,0,44,5,10,3,P,1,0,4,0,0,10,29,0,0,-2,0,-22,0,-44,5,19,-3
18431,6.4,P,35,3,317,0,21,118,42,3,Z,38,3,181,0,31,66,127,0,0,3,0,-136,0,10,-52,85,-3
18432,6.26,P,23,1,299,0,0,71,36,0,Z,28,0,354,0,31,27,110,5,1,5,-1,55,0,31,-44,74,5
18433,9.2,Z,52,0,297,0,30,181,216,13,Z,66,0,392,0,243,430,207,29,1,14,0,95,0,213,249,-9,16
18434,9.57,P,75,0,379,0,19,201,95,20,T,74,0,836,0,161,272,89,12,1,-1,0,457,0,142,71,-6,-8
18435,9.57,T,37,0,316,0,1,127,86,1,Z,57,0,640,0,0,115,187,0,1,20,0,324,0,-1,-12,101,-1
18436,9.59,T,86,3,684,0,20,204,152,4,Z,64,0,709,0,1,165,242,2,0,-22,-3,25,0,-19,-39,90,-2
18437,9.59,P,53,3,458,0,39,258,74,5,T,42,0,558,0,6,95,68,2,0,-11,-3,100,0,-33,-163,-6,-3
18438,9.47,T,164,0,735,0,580,394,199,22,Z,78,0,420,0,20,201,204,1,0,-86,0,-315,0,-560,-193,5,-21
18439,1.43,P,3,0,91,0,0,7,7,0,P,6,0,82,0,12,30,50,0,0,3,0,-9,0,12,23,43,0
18440,6.56,T,51,4,492,0,6,80,73,1,Z,49,4,338,0,206,191,191,6,1,-2,0,-154,0,200,111,118,5
18441,4.09,T,23,2,135,0,263,99,49,2,T,21,0,198,0,214,93,35,5,1,-2,-2,63,0,-49,-6,-14,3
18442,9.59,Z,66,4,549,0,39,240,282,4,T,90,0,667,0,885,170,128,11,0,24,-4,118,0,846,-70,-154,7
18443,9.59,T,76,0,466,0,0,254,200,1,P,45,0,653,0,15,193,64,2,1,-31,0,187,0,15,-61,-136,1
18444,7.08,T,61,4,531,0,443,119,108,8,Z,36,5,163,0,27,171,131,4,0,-25,1,-368,0,-416,52,23,-4
18445,10.11,P,49,1,636,0,8,162,57,7,T,52,1,500,0,59,135,144,2,0,3,0,-136,0,51,-27,87,-5
18446,10.58,T,94,0,536,0,96,313,295,9,T,82,0,805,0,21,232,142,3,0,-12,0,269,0,-75,-81,-153,-6
18447,9.59,T,61,1,483,0,120,130,69,2,T,65,6,682,0,15,101,128,1,1,4,5,199,0,-105,-29,59,-1
18448,9.59,P,30,1,1193,0,2,156,77,2,P,54,0,608,0,18,160,86,1,1,24,-1,-585,0,16,4,9,-1
18449,3.22,P,16,3,53,0,1,13,23,0,T,21,3,137,0,1,24,30,0,0,5,0,84,0,0,11,7,0
18450,8.26,P,53,1,367,0,40,125,53,5,T,62,11,525,0,51,224,220,4,0,9,10,158,0,11,99,167,-1
18451,8.42,T,50,8,427,0,68,78,90,3,P,37,0,454,0,0,108,52,0,0,-13,-8,27,0,-68,30,-38,-3
18452,9.59,Z,74,12,273,0,105,143,196,4,T,103,2,719,0,209,299,179,11,1,29,-10,446,0,104,156,-17,7
18453,9.56,T,59,0,358,0,11,60,98,3,P,31,0,171,0,0,54,52,0,0,-28,0,-187,0,-11,-6,-46,-3
18454,6.45,Z,40,0,250,0,94,88,234,1,P,45,0,598,0,80,152,59,6,1,5,0,348,0,-14,64,-175,5
18455,5.07,T,16,0,302,0,6,63,61,6,Z,30,2,185,0,9,42,163,0,1,14,2,-117,0,3,-21,102,-6
18456,9.53,Z,72,11,467,0,96,234,231,1,T,95,1,434,0,40,155,85,6,1,23,-10,-33,0,-56,-79,-146,5
18457,9.59,P,81,0,455,0,347,267,83,13,T,84,1,480,0,91,260,161,5,0,3,1,25,0,-256,-7,78,-8
18458,5.04,Z,19,2,201,0,19,14,52,0,Z,25,0,173,0,0,43,60,0,0,6,-2,-28,0,-19,29,8,0
18459,7.54,Z,69,0,256,0,130,259,202,7,Z,52,2,590,0,92,384,223,0,0,-17,2,334,0,-38,125,21,-7
18460,4.58,T,24,0,304,0,7,56,159,3,P,29,0,317,0,7,78,67,6,1,5,0,13,0,0,22,-92,3
18461,8.09,P,37,0,424,0,1,52,60,2,T,31,0,407,0,34,49,46,4,1,-6,0,-17,0,33,-3,-14,2
18462,9.59,Z,38,2,216,0,5,51,104,1,P,35,0,643,0,0,61,54,0,1,-3,-2,427,0,-5,10,-50,-1
18463,2.18,T,7,0,94,0,87,13,10,4,T,10,2,71,0,218,122,30,6,1,3,2,-23,0,131,109,20,2
18464,3.42,T,15,0,246,0,26,10,22,4,P,12,0,95,0,0,46,27,0,0,-3,0,-151,0,-26,36,5,-4
18465,9.3,Z,39,6,512,0,30,98,131,1,P,31,2,564,0,2,48,70,0,0,-8,-4,52,0,-28,-50,-61,-1
18466,3.32,T,15,0,144,0,0,67,106,8,Z,16,0,86,0,21,173,88,11,1,1,0,-58,0,21,106,-18,3
18467,9.58,T,56,0,713,0,5,160,156,4,P,54,0,353,0,27,171,74,9,1,-2,0,-360,0,22,11,-82,5
18468,9.55,T,91,6,393,0,61,165,170,2,Z,81,6,659,0,608,271,405,4,1,-10,0,266,0,547,106,235,2
18469,4.42,P,37,0,204,0,31,130,41,3,T,27,3,374,0,5,31,44,0,0,-10,3,170,0,-26,-99,3,-3
18470,7.26,Z,32,0,278,1,325,192,125,5,Z,27,1,185,0,27,230,109,5,0,-5,1,-93,-1,-298,38,-16,0
18471,4.06,Z,16,0,89,0,2,45,64,1,Z,18,0,139,0,39,43,73,3,1,2,0,50,0,37,-2,9,2
18472,5.11,T,35,4,340,0,403,91,69,6,Z,40,1,367,0,640,60,138,10,1,5,-3,27,0,237,-31,69,4
18473,10.21,P,74,0,821,0,343,225,118,8,P,105,0,534,0,285,441,179,16,0,31,0,-287,0,-58,216,61,8
18474,9.59,P,59,0,484,0,46,120,41,7,Z,74,10,299,0,55,194,203,3,0,15,10,-185,0,9,74,162,-4
18475,6.26,Z,28,3,166,0,41,66,115,0,P,35,2,328,0,23,57,37,0,1,7,-1,162,0,-18,-9,-78,0
18476,8.52,T,83,1,427,0,20,228,74,7,T,47,0,363,0,19,100,81,5,0,-36,-1,-64,0,-1,-128,7,-2
18477,5.37,T,33,3,414,0,6,93,91,0,T,33,0,254,0,17,91,64,7,0,0,-3,-160,0,11,-2,-27,7
18478,7.02,P,69,1,341,0,87,168,33,12,T,75,6,236,0,624,211,184,7,0,6,5,-105,0,537,43,151,-5
18479,9.59,T,80,0,617,0,24,168,159,3,P,61,0,679,0,0,289,104,0,1,-19,0,62,0,-24,121,-55,-3
18480,4.07,Z,12,0,193,0,229,74,69,8,P,20,1,196,0,39,64,48,4,0,8,1,3,0,-190,-10,-21,-4
18481,3.4,Z,11,0,100,0,3,48,48,1,T,19,1,157,0,137,96,46,5,1,8,1,57,0,134,48,-2,4
18482,1.13,Z,4,0,34,0,0,7,14,0,P,6,0,37,0,2,10,9,6,0,2,0,3,0,2,3,-5,6
18483,10.41,T,95,12,589,0,57,193,151,0,P,88,7,286,0,372,104,103,10,1,-7,-5,-303,0,315,-89,-48,10
18484,9.52,T,74,0,572,0,21,212,103,4,Z,62,8,192,0,58,123,184,0,1,-12,8,-380,0,37,-89,81,-4
18485,6.09,Z,28,3,301,0,79,73,132,0,Z,27,0,310,0,418,99,102,6,0,-1,-3,9,0,339,26,-30,6
18486,9.59,T,48,5,624,0,42,293,48,4,P,37,1,687,0,3,82,102,1,1,-11,-4,63,0,-39,-211,54,-3
18487,9.19,P,54,0,960,0,6,164,132,7,Z,82,0,535,0,700,180,248,7,1,28,0,-425,0,694,16,116,0
18488,8.1,T,35,0,637,0,1,19,45,1,T,14,0,227,0,0,8,21,0,0,-21,0,-410,0,-1,-11,-24,-1
18489,8.26,Z,58,10,452,0,28,117,172,1,T,61,0,642,0,403,168,112,12,1,3,-10,190,0,375,51,-60,11
18490,7.44,Z,58,7,309,0,36,156,187,5,T,92,0,231,0,487,289,236,11,1,34,-7,-78,0,451,133,49,6
18491,4.53,Z,28,0,152,0,24,75,62,3,T,23,2,47,0,22,53,119,2,1,-5,2,-105,0,-2,-22,57,-1
18492,9.59,T,87,8,459,0,44,153,91,8,Z,63,13,270,0,107,128,202,7,1,-24,5,-189,0,63,-25,111,-1
18493,5.5,T,34,4,208,0,20,119,47,0,Z,50,5,726,0,611,71,202,1,0,16,1,518,0,591,-48,155,1
18494,9.24,T,105,7,491,0,257,298,80,5,Z,66,0,390,0,304,275,458,14,1,-39,-7,-101,0,47,-23,378,9
18495,9.59,Z,45,9,256,0,17,48,229,3,P,42,0,529,0,8,99,58,4,0,-3,-9,273,0,-9,51,-171,1
18496,6.59,P,33,0,288,0,1,128,73,1,T,22,2,236,0,6,34,50,0,0,-11,2,-52,0,5,-94,-23,-1
18497,10.49,T,51,0,609,0,0,103,119,0,Z,58,1,436,0,58,95,146,0,1,7,1,-173,0,58,-8,27,0
18498,5.29,P,37,0,320,0,519,131,118,25,T,52,3,240,0,214,180,49,8,1,15,3,-80,0,-305,49,-69,-17
18499,9.59,Z,71,11,266,0,75,125,198,2,T,80,8,683,0,220,240,171,2,1,9,-3,417,0,145,115,-27,0
18500,10.15,Z,44,1,664,0,21,139,169,8,T,71,7,666,0,18,143,111,0,1,27,6,2,0,-3,4,-58,-8
18501,9.58,T,63,3,552,0,190,274,101,4,T,95,0,589,0,67,121,109,8,0,32,-3,37,0,-123,-153,8,4
18502,7.46,T,34,0,211,0,1,37,53,1,T,36,0,237,0,8,35,55,4,0,2,0,26,0,7,-2,2,3
18503,9.4,Z,49,5,649,0,17,222,176,0,Z,66,8,492,0,127,345,313,10,1,17,3,-157,0,110,123,137,10
18504,9.59,P,56,14,478,0,140,233,145,3,T,56,0,694,0,1,266,143,2,0,0,-14,216,0,-139,33,-2,-1
18505,7.35,Z,32,0,279,0,22,91,112,6,Z,34,6,596,0,58,43,107,1,1,2,6,317,0,36,-48,-5,-5
18506,5.11,Z,19,0,277,0,32,57,69,1,P,25,0,200,0,0,36,68,0,1,6,0,-77,0,-32,-21,-1,-1
18507,6.31,T,67,3,415,0,329,77,166,4,P,44,3,424,0,189,256,107,7,0,-23,0,9,0,-140,179,-59,3
18508,9.59,Z,56,0,595,0,49,192,180,4,P,87,5,414,0,206,342,201,8,1,31,5,-181,0,157,150,21,4
18509,6.27,Z,74,5,321,0,149,123,266,4,Z,39,0,210,0,178,143,277,7,1,-35,-5,-111,0,29,20,11,3
18510,9.59,Z,76,5,512,0,97,160,181,7,T,119,5,490,1,672,289,126,14,1,43,0,-22,1,575,129,-55,7
18511,9.58,P,62,0,680,0,0,225,213,1,T,81,0,834,0,33,190,84,5,1,19,0,154,0,33,-35,-129,4
18512,5.07,P,16,0,187,5,107,38,42,0,P,28,1,186,0,85,75,47,2,1,12,1,-1,-5,-22,37,5,2
18513,9.59,Z,45,3,516,0,55,263,261,2,T,71,0,1021,0,102,128,178,5,1,26,-3,505,0,47,-135,-83,3
18514,9.38,T,90,5,621,0,24,264,136,5,P,50,6,880,0,43,142,59,11,0,-40,1,259,0,19,-122,-77,6
18515,8.06,Z,45,2,266,0,262,197,389,2,Z,32,6,695,0,37,179,105,1,0,-13,4,429,0,-225,-18,-284,-1
18516,9.58,T,93,6,680,0,249,260,84,8,Z,60,0,1033,0,26,125,167,3,0,-33,-6,353,0,-223,-135,83,-5
18517,7.45,Z,40,0,538,0,193,158,271,5,Z,50,5,622,0,31,149,146,3,1,10,5,84,0,-162,-9,-125,-2
18518,10.25,Z,46,0,315,0,47,87,158,8,T,86,6,821,0,4,223,160,0,0,40,6,506,0,-43,136,2,-8
18519,7.38,P,44,8,426,0,22,56,56,0,P,39,5,352,0,118,171,116,5,0,-5,-3,-74,0,96,115,60,5
18520,4.27,P,18,1,209,0,193,75,201,7,Z,13,0,366,0,13,33,73,3,1,-5,-1,157,0,-180,-42,-128,-4
18521,9.24,T,92,4,606,0,357,289,91,6,P,66,7,605,0,357,341,134,14,0,-26,3,-1,0,0,52,43,8
18522,3.52,Z,13,0,158,0,199,59,78,3,T,23,5,79,0,1,35,71,0,1,10,5,-79,0,-198,-24,-7,-3
18523,9.58,T,52,0,618,0,5,71,82,2,Z,55,2,404,0,38,32,149,0,1,3,2,-214,0,33,-39,67,-2
18524,3.14,Z,11,2,71,0,21,84,34,8,P,15,0,179,0,31,105,26,18,1,4,-2,108,0,10,21,-8,10
18525,5.44,P,24,6,307,0,136,91,33,1,P,20,0,196,0,1,72,41,1,1,-4,-6,-111,0,-135,-19,8,0
18526,9.59,P,106,6,330,1,316,274,274,2,T,113,6,827,0,748,376,193,13,0,7,0,497,-1,432,102,-81,11
18527,9.08,Z,98,4,441,0,183,258,276,14,T,102,0,390,0,76,133,135,7,1,4,-4,-51,0,-107,-125,-141,-7
18528,8.51,Z,46,0,569,0,71,262,200,8,Z,42,13,306,1,76,248,225,1,0,-4,13,-263,1,5,-14,25,-7
18529,9.57,Z,74,14,341,0,58,119,181,1,T,88,0,663,0,299,253,87,10,1,14,-14,322,0,241,134,-94,9
18530,4.05,Z,17,0,263,0,308,33,108,6,Z,25,1,154,0,1,49,62,0,0,8,1,-109,0,-307,16,-46,-6
18531,6.06,P,13,0,116,0,5,16,8,2,Z,17,0,130,0,2,127,80,2,0,4,0,14,0,-3,111,72,0
18532,9.41,T,117,6,401,0,775,194,230,7,Z,85,2,466,0,86,188,209,5,0,-32,-4,65,0,-689,-6,-21,-2
18533,9.57,T,55,0,781,0,0,107,81,0,Z,46,2,580,0,30,24,124,0,0,-9,2,-201,0,30,-83,43,0
18534,3.31,Z,13,0,39,0,11,35,54,0,T,20,0,166,0,3,83,119,2,0,7,0,127,0,-8,48,65,2
18535,7.35,T,60,0,257,0,304,90,123,13,T,44,0,337,0,4,59,82,13,0,-16,0,80,0,-300,-31,-41,0
18536,4.24,Z,12,1,214,0,0,75,53,0,Z,9,3,202,0,30,15,81,0,1,-3,2,-12,0,30,-60,28,0
18537,5.06,Z,24,0,340,0,11,56,90,2,T,35,0,317,0,14,198,60,5,1,11,0,-23,0,3,142,-30,3
18538,3.38,Z,16,0,118,0,4,23,95,1,Z,14,0,136,0,5,16,54,1,0,-2,0,18,0,1,-7,-41,0
18539,10.49,P,41,0,707,0,0,296,79,0,T,51,7,932,0,11,233,75,0,0,10,7,225,0,11,-63,-4,0
18540,5.47,P,31,0,250,0,4,45,48,2,Z,34,0,223,0,165,168,245,1,1,3,0,-27,0,161,123,197,-1
18541,4.05,Z,19,0,82,0,0,9,59,0,T,23,1,122,0,4,25,35,0,0,4,1,40,0,4,16,-24,0
18542,4.34,T,34,0,226,0,319,113,155,4,T,24,4,228,0,51,111,64,1,0,-10,4,2,0,-268,-2,-91,-3
18543,9.59,Z,59,2,502,0,49,90,170,1,T,141,1,496,0,416,288,253,14,1,82,-1,-6,0,367,198,83,13
18544,5.37,Z,33,5,153,0,44,140,82,0,P,42,0,313,0,12,159,49,3,1,9,-5,160,0,-32,19,-33,3
18545,7.41,T,60,0,316,0,962,179,302,12,P,63,0,291,0,109,242,127,7,0,3,0,-25,0,-853,63,-175,-5
18546,7.18,P,35,0,488,0,0,111,52,0,T,59,0,460,0,46,102,52,5,1,24,0,-28,0,46,-9,0,5
18547,4.2,T,26,1,130,0,154,99,31,8,P,17,0,164,0,425,79,67,7,1,-9,-1,34,0,271,-20,36,-1
18548,9.58,T,55,0,975,0,11,99,134,4,Z,59,2,474,0,31,82,173,0,1,4,2,-501,0,20,-17,39,-4
18549,2.19,P,8,0,132,0,11,142,3,3,T,8,2,123,0,2,32,12,0,0,0,2,-9,0,-9,-110,9,-3
18550,8.57,P,129,4,400,0,337,406,153,19,T,107,0,505,0,778,302,213,24,0,-22,-4,105,0,441,-104,60,5
18551,6.59,T,34,0,439,0,29,109,111,14,Z,42,0,183,0,43,41,84,10,1,8,0,-256,0,14,-68,-27,-4
18552,9.59,T,34,0,358,0,0,100,66,1,T,73,5,636,0,65,156,69,0,1,39,5,278,0,65,56,3,-1
18553,8.27,P,47,3,299,0,136,235,117,5,T,70,0,307,0,347,115,144,5,0,23,-3,8,0,211,-120,27,0
18554,6.01,Z,19,2,532,0,13,20,71,0,T,33,2,535,0,3,23,44,3,1,14,0,3,0,-10,3,-27,3
18555,9.59,P,84,16,530,1,111,279,162,0,P,58,2,519,0,71,192,83,5,1,-26,-14,-11,-1,-40,-87,-79,5
18556,9.59,P,59,0,409,0,193,316,95,15,T,82,0,823,0,32,149,108,6,1,23,0,414,0,-161,-167,13,-9
18557,9.59,P,77,0,768,0,46,310,113,3,Z,79,0,266,0,840,187,250,19,0,2,0,-502,0,794,-123,137,16
18558,5.32,T,35,3,201,0,102,69,91,3,P,12,0,382,0,0,11,14,0,0,-23,-3,181,0,-102,-58,-77,-3
18559,3.54,P,14,0,216,0,6,57,30,2,Z,19,0,104,14,141,38,55,0,0,5,0,-112,14,135,-19,25,-2
18560,4.59,Z,32,0,254,0,56,197,84,6,T,31,1,166,0,153,134,112,6,0,-1,1,-88,0,97,-63,28,0
18561,6.22,P,23,0,146,0,2,38,36,3,T,17,0,250,0,0,31,54,0,1,-6,0,104,0,-2,-7,18,-3
18562,9.58,Z,69,17,707,0,701,448,426,4,Z,114,3,606,0,85,610,330,7,0,45,-14,-101,0,-616,162,-96,3
18563,10.45,T,138,0,490,0,506,419,344,14,Z,105,7,575,0,682,472,328,8,0,-33,7,85,0,176,53,-16,-6
18564,10.49,Z,61,6,822,0,91,117,212,8,T,84,0,567,0,369,120,131,11,0,23,-6,-255,0,278,3,-81,3
18565,9.55,T,77,1,357,0,26,189,72,0,Z,49,3,677,0,15,208,267,1,1,-28,2,320,0,-11,19,195,1
18566,6.4,P,46,0,158,0,8,132,54,1,Z,29,0,259,0,426,272,178,12,0,-17,0,101,0,418,140,124,11
18567,7.35,Z,52,0,315,0,414,174,212,15,Z,50,0,198,0,119,54,195,9,1,-2,0,-117,0,-295,-120,-17,-6
18568,5.17,Z,36,2,312,0,308,172,129,7,P,46,2,316,0,321,216,151,8,1,10,0,4,0,13,44,22,1
18569,9.59,Z,72,1,404,0,94,242,222,1,T,98,0,810,0,46,273,325,10,0,26,-1,406,0,-48,31,103,9
18570,9.59,Z,78,0,365,0,32,224,291,4,P,69,7,764,0,403,199,74,0,0,-9,7,399,0,371,-25,-217,-4
18571,8.09,P,27,3,463,0,12,120,118,3,P,34,7,416,0,2,79,67,0,0,7,4,-47,0,-10,-41,-51,-3
18572,5.26,P,45,1,206,0,99,154,129,7,T,32,3,308,0,107,120,109,2,1,-13,2,102,0,8,-34,-20,-5
18573,8.22,T,57,5,541,0,113,265,147,1,T,65,0,396,0,759,169,170,20,0,8,-5,-145,0,646,-96,23,19
18574,0.37,Z,3,0,30,0,8,21,14,1,Z,4,0,14,0,47,4,21,3,1,1,0,-16,0,39,-17,7,2
18575,9.02,P,50,0,833,0,0,231,92,0,T,60,0,287,0,210,180,223,13,1,10,0,-546,0,210,-51,131,13
18576,4.12,T,23,2,258,0,245,137,66,4,T,23,0,182,0,336,134,170,6,1,0,-2,-76,0,91,-3,104,2
18577,5.31,Z,32,0,200,0,153,161,164,9,Z,23,0,166,0,20,143,141,6,0,-9,0,-34,0,-133,-18,-23,-3
18578,8.1,P,62,6,532,0,320,246,113,3,T,52,0,643,0,687,127,113,8,0,-10,-6,111,0,367,-119,0,5
18579,7.33,P,56,3,334,0,72,194,63,10,T,83,4,346,0,395,274,143,3,0,27,1,12,0,323,80,80,-7
18580,6.31,T,34,0,1179,0,0,70,83,0,Z,28,0,305,0,8,81,74,2,0,-6,0,-874,0,8,11,-9,2
18581,7.02,P,33,3,370,0,22,82,45,4,P,34,0,444,0,66,132,44,9,1,1,-3,74,0,44,50,-1,5
18582,9.59,T,48,0,997,0,1,201,139,2,T,38,0,239,0,0,41,85,0,0,-10,0,-758,0,-1,-160,-54,-2
18583,2.53,T,11,0,85,0,170,61,44,12,T,13,0,78,0,0,37,106,0,0,2,0,-7,0,-170,-24,62,-12
18584,9.59,P,24,0,940,0,0,44,46,0,Z,50,0,603,0,0,73,162,0,0,26,0,-337,0,0,29,116,0
18585,3.43,Z,16,0,54,0,19,34,100,2,T,11,0,22,0,2,9,15,1,0,-5,0,-32,0,-17,-25,-85,-1
18586,9.59,T,71,0,730,0,13,347,160,8,P,69,0,600,0,7,224,120,2,0,-2,0,-130,0,-6,-123,-40,-6
18587,5.36,T,28,2,537,0,7,76,101,2,P,33,2,206,0,20,104,267,12,0,5,0,-331,0,13,28,166,10
18588,8.39,P,31,0,531,0,1,40,53,0,P,32,0,761,0,8,124,107,6,0,1,0,230,0,7,84,54,6
18589,5.06,Z,21,5,307,0,20,106,70,3,P,19,1,364,0,0,110,25,0,1,-2,-4,57,0,-20,4,-45,-3
18590,2.35,P,10,2,134,0,6,82,18,3,Z,8,1,63,0,1,35,41,0,0,-2,-1,-71,0,-5,-47,23,-3
18591,5.23,P,34,2,249,0,61,157,72,0,T,33,3,270,0,327,133,59,2,1,-1,1,21,0,266,-24,-13,2
18592,8.06,T,93,0,579,0,213,403,176,17,T,109,2,394,0,480,365,151,24,1,16,2,-185,0,267,-38,-25,7
18593,9.22,T,44,0,421,0,0,101,99,1,P,34,2,446,0,16,85,51,5,1,-10,2,25,0,16,-16,-48,4
18594,9.55,T,37,0,483,0,0,207,51,0,P,22,0,224,0,0,10,37,0,1,-15,0,-259,0,0,-197,-14,0
18595,2.25,T,10,0,95,0,7,31,33,4,T,10,0,34,0,356,67,46,3,0,0,0,-61,0,349,36,13,-1
18596,8.44,P,45,0,489,0,27,119,141,5,T,78,6,527,0,633,165,183,5,1,33,6,38,0,606,46,42,0
18597,9.16,Z,54,0,908,0,69,92,157,9,P,54,0,526,0,3,237,96,10,0,0,0,-382,0,-66,145,-61,1
18598,7.58,T,82,8,652,0,51,208,96,5,Z,41,10,810,0,42,203,139,0,0,-41,2,158,0,-9,-5,43,-5
18599,9.59,T,78,1,746,0,37,53,98,4,T,56,0,428,0,99,105,59,5,1,-22,-1,-318,0,62,52,-39,1
18600,4.48,Z,27,2,344,0,28,92,144,5,Z,17,3,274,0,0,89,95,0,0,-10,1,-70,0,-28,-3,-49,-5
18601,7.02,P,75,0,379,0,86,349,73,15,Z,75,7,205,0,299,142,189,4,1,0,7,-174,0,213,-207,116,-11
18602,1.32,P,2,2,59,0,0,4,4,0,Z,4,1,163,0,0,6,16,0,0,2,-1,104,0,0,2,12,0
18603,9.59,T,104,3,754,0,109,265,177,6,T,92,0,557,0,614,262,248,10,1,-12,-3,-197,0,505,-3,71,4
18604,3.52,Z,15,1,200,0,269,54,77,3,Z,20,2,82,0,35,49,82,1,0,5,1,-118,0,-234,-5,5,-2
18605,9.59,P,39,0,586,0,8,75,43,2,Z,40,6,513,0,62,77,165,2,1,1,6,-73,0,54,2,122,0
18606,9.59,T,41,3,1206,0,0,48,81,0,P,27,0,317,0,0,94,41,0,1,-14,-3,-889,0,0,46,-40,0
18607,8.57,Z,49,0,496,0,46,180,145,7,T,52,0,654,0,14,50,82,3,1,3,0,158,0,-32,-130,-63,-4
18608,9.05,P,42,0,744,0,62,160,208,1,T,61,4,490,0,246,147,120,0,1,19,4,-254,0,184,-13,-88,-1
18609,7.24,P,46,0,653,0,128,226,78,9,Z,51,1,296,0,357,97,188,8,1,5,1,-357,0,229,-129,110,-1
18610,8.49,Z,51,0,218,0,44,81,124,2,T,63,2,375,0,160,305,170,1,1,12,2,157,0,116,224,46,-1
18611,7.29,Z,49,0,525,0,39,49,101,1,Z,41,0,243,0,127,143,123,6,1,-8,0,-282,0,88,94,22,5
18612,2.36,T,8,0,292,0,84,59,18,4,T,5,2,107,1,8,9,14,0,0,-3,2,-185,1,-76,-50,-4,-4
18613,9.59,T,59,0,642,0,28,61,56,3,P,49,1,437,0,35,127,74,5,1,-10,1,-205,0,7,66,18,2
18614,9.59,T,77,0,710,0,40,384,154,8,T,60,7,539,0,583,191,117,3,1,-17,7,-171,0,543,-193,-37,-5
18615,8.11,Z,32,0,716,0,6,81,104,1,P,44,0,722,0,1,175,86,3,1,12,0,6,0,-5,94,-18,2
18616,1,P,3,0,38,0,21,52,29,3,T,2,0,31,0,40,15,6,2,1,-1,0,-7,0,19,-37,-23,-1
18617,9.59,Z,61,4,764,0,226,329,400,0,T,92,1,544,1,426,209,120,1,0,31,-3,-220,1,200,-120,-280,1
18618,4.14,T,22,0,218,0,22,54,46,2,Z,18,2,176,0,80,66,113,0,1,-4,2,-42,0,58,12,67,-2
18619,5.21,T,39,2,278,0,323,189,99,0,P,38,0,330,0,59,353,98,8,1,-1,-2,52,0,-264,164,-1,8
18620,10.06,T,129,7,572,0,440,416,204,18,P,101,0,662,0,236,250,131,21,0,-28,-7,90,0,-204,-166,-73,3
18621,6.17,T,47,0,355,0,150,52,46,7,P,39,0,142,0,406,73,35,3,1,-8,0,-213,0,256,21,-11,-4
18622,6.29,P,26,0,338,0,5,70,43,4,T,41,0,459,0,19,104,71,15,1,15,0,121,0,14,34,28,11
18623,4.09,T,34,0,81,0,353,145,95,4,T,32,0,314,0,453,135,88,8,1,-2,0,233,0,100,-10,-7,4
18624,4.27,P,15,0,69,0,1,27,25,2,Z,11,0,266,0,1,35,53,1,0,-4,0,197,0,0,8,28,-1
18625,9.26,T,100,3,496,0,79,422,136,9,P,73,0,750,0,58,143,92,6,1,-27,-3,254,0,-21,-279,-44,-3
18626,9.59,T,100,5,335,0,11,372,158,5,Z,50,7,444,0,68,191,207,0,1,-50,2,109,0,57,-181,49,-5
18627,9.55,Z,50,0,388,0,192,152,320,4,T,76,6,699,0,16,161,158,4,1,26,6,311,0,-176,9,-162,0
18628,9.59,P,53,0,528,0,0,86,70,0,Z,47,1,325,0,45,41,158,2,0,-6,1,-203,0,45,-45,88,2
18629,7.58,Z,66,0,433,0,107,252,164,14,T,80,0,426,0,543,280,123,10,1,14,0,-7,0,436,28,-41,-4
18630,6.55,P,30,0,529,0,0,120,41,0,T,41,2,353,0,1,70,82,0,1,11,2,-176,0,1,-50,41,0
18631,8.42,T,61,4,406,0,15,200,331,1,Z,50,1,397,0,35,162,241,1,1,-11,-3,-9,0,20,-38,-90,0
18632,3.15,Z,9,1,88,0,72,70,97,3,T,9,0,241,0,0,22,11,0,0,0,-1,153,0,-72,-48,-86,-3
18633,8.31,T,88,12,312,0,675,291,261,2,Z,42,0,368,0,35,90,167,4,0,-46,-12,56,0,-640,-201,-94,2
18634,9.58,P,44,16,410,0,621,110,75,0,P,53,7,433,0,126,268,159,11,1,9,-9,23,0,-495,158,84,11
18635,6.41,T,57,0,386,0,23,176,104,2,Z,56,7,476,0,26,146,166,4,0,-1,7,90,0,3,-30,62,2
18636,1.28,P,5,0,97,0,1,21,4,1,P,3,0,43,0,0,4,6,0,0,-2,0,-54,0,-1,-17,2,-1
18637,5.07,Z,34,0,157,0,0,39,197,1,T,23,0,282,0,188,104,43,3,0,-11,0,125,0,188,65,-154,2
18638,9.57,P,45,0,392,7,23,177,69,0,T,43,5,498,0,2,42,73,0,0,-2,5,106,-7,-21,-135,4,0
18639,10.5,T,48,8,783,0,22,119,152,4,T,46,0,594,0,9,227,76,4,0,-2,-8,-189,0,-13,108,-76,0
18640,7.13,Z,32,2,424,0,48,137,144,1,Z,49,2,289,0,86,142,130,6,0,17,0,-135,0,38,5,-14,5
18641,9.18,Z,55,0,462,0,22,124,148,5,T,78,2,434,0,1386,110,91,8,0,23,2,-28,0,1364,-14,-57,3
18642,9.59,T,75,0,719,0,12,129,151,2,P,54,0,559,0,9,85,63,3,1,-21,0,-160,0,-3,-44,-88,1
18643,8.16,Z,48,7,276,0,687,160,314,1,Z,55,11,358,1,112,208,268,5,1,7,4,82,1,-575,48,-46,4
18644,9.59,Z,71,0,312,0,11,200,258,1,P,71,13,323,0,60,152,70,0,0,0,13,11,0,49,-48,-188,-1
18645,9.04,T,50,0,690,0,23,138,117,10,T,59,0,917,0,0,114,132,0,1,9,0,227,0,-23,-24,15,-10
18646,5.01,T,32,0,141,0,0,82,60,4,T,36,1,270,0,410,124,43,14,0,4,1,129,0,410,42,-17,10
18647,2.42,Z,11,0,93,0,29,17,23,4,Z,7,0,258,6,8,62,37,0,1,-4,0,165,6,-21,45,14,-4
18648,8.3,Z,54,0,546,0,110,215,247,6,Z,64,0,341,0,105,181,172,15,1,10,0,-205,0,-5,-34,-75,9
18649,6.29,Z,48,0,375,0,236,127,143,5,T,67,7,335,10,417,240,250,0,1,19,7,-40,10,181,113,107,-5
18650,7.04,Z,50,6,429,0,20,165,103,0,P,44,0,279,0,15,32,33,3,1,-6,-6,-150,0,-5,-133,-70,3
18651,5.37,P,27,0,703,0,5,135,37,0,Z,27,2,167,0,96,67,285,7,1,0,2,-536,0,91,-68,248,7
18652,8.17,T,73,4,443,0,107,232,202,2,Z,64,0,424,0,109,247,315,10,1,-9,-4,-19,0,2,15,113,8
18653,9.59,P,70,5,667,0,34,203,92,0,P,68,0,791,0,47,182,118,12,0,-2,-5,124,0,13,-21,26,12
18654,6.05,Z,39,2,231,0,77,53,148,1,P,32,0,413,0,0,27,46,2,0,-7,-2,182,0,-77,-26,-102,1
18655,9.56,T,48,0,730,0,2,50,62,2,T,33,0,394,0,0,27,64,2,0,-15,0,-336,0,-2,-23,2,0
18656,9.58,T,36,2,548,0,3,142,92,0,P,46,0,796,0,29,101,53,1,1,10,-2,248,0,26,-41,-39,1
18657,9.59,P,35,0,474,0,2,78,43,2,P,57,0,407,0,20,107,60,3,1,22,0,-67,0,18,29,17,1
18658,9.59,Z,43,0,611,0,39,107,175,4,T,93,2,625,0,427,135,151,10,1,50,2,14,0,388,28,-24,6
18659,3.44,P,9,0,119,0,6,133,37,4,P,22,0,208,0,21,68,72,4,1,13,0,89,0,15,-65,35,0
18660,6.43,P,22,2,260,0,2,21,33,1,P,26,0,488,0,0,48,36,0,0,4,-2,228,0,-2,27,3,-1
18661,4.54,T,26,0,177,0,41,84,39,5,Z,21,1,64,0,4,36,99,0,0,-5,1,-113,0,-37,-48,60,-5
18662,9.58,T,110,5,728,0,250,249,140,4,T,88,0,555,0,97,274,169,6,0,-22,-5,-173,0,-153,25,29,2
18663,9.59,T,72,4,359,0,39,175,97,2,Z,61,0,524,0,41,270,237,3,1,-11,-4,165,0,2,95,140,1
18664,6.35,P,34,3,235,0,15,193,54,0,T,29,0,834,0,272,123,83,4,0,-5,-3,599,0,257,-70,29,4
18665,9.56,T,63,0,544,0,35,57,81,14,Z,65,0,240,0,166,54,233,4,0,2,0,-304,0,131,-3,152,-10
18666,5.17,T,26,0,235,0,93,54,90,5,P,26,0,211,0,273,39,44,6,0,0,0,-24,0,180,-15,-46,1
18667,8.2,T,75,3,660,0,294,185,137,2,P,69,0,386,0,538,248,115,18,0,-6,-3,-274,0,244,63,-22,16
18668,4.3,Z,17,0,75,0,1,29,74,0,Z,17,0,85,0,19,26,296,3,0,0,0,10,0,18,-3,222,3
18669,6.31,T,85,0,218,0,812,178,107,17,Z,54,0,643,0,437,161,178,7,1,-31,0,425,0,-375,-17,71,-10
18670,8.3,Z,53,0,531,0,122,112,161,3,Z,54,1,424,0,699,185,191,8,0,1,1,-107,0,577,73,30,5
18671,9.59,T,59,2,388,0,82,175,92,1,P,52,5,562,1,93,233,84,0,1,-7,3,174,1,11,58,-8,-1
18672,9.59,T,43,4,634,0,15,106,59,0,Z,78,5,809,0,135,217,271,5,1,35,1,175,0,120,111,212,5
18673,3.19,Z,17,0,88,0,120,59,137,3,P,14,0,149,0,95,119,95,2,0,-3,0,61,0,-25,60,-42,-1
18674,5.24,Z,30,0,295,7,23,108,106,0,T,47,1,334,0,80,166,53,5,0,17,1,39,-7,57,58,-53,5
18675,9.59,T,69,0,585,0,5,67,138,4,Z,63,7,626,0,68,111,229,4,1,-6,7,41,0,63,44,91,0
18676,5.49,P,30,0,394,0,10,128,94,6,Z,30,1,155,0,150,113,96,9,1,0,1,-239,0,140,-15,2,3
18677,9.47,T,87,7,581,0,1101,156,156,11,Z,79,13,373,2,76,94,208,4,1,-8,6,-208,2,-1025,-62,52,-7
18678,9.57,T,36,0,379,0,1,53,65,2,P,42,9,339,0,55,122,62,0,1,6,9,-40,0,54,69,-3,-2
18679,10.05,Z,77,2,522,0,28,108,124,0,T,78,0,472,0,35,285,142,11,1,1,-2,-50,0,7,177,18,11
18680,10.18,Z,90,0,572,0,113,311,274,5,T,105,6,366,0,618,308,154,5,1,15,6,-206,0,505,-3,-120,0
18681,5.1,Z,26,5,188,0,57,30,102,0,P,28,6,259,0,93,104,49,0,0,2,1,71,0,36,74,-53,0
18682,6.28,Z,29,0,204,0,259,129,145,11,P,26,0,525,0,88,191,202,6,1,-3,0,321,0,-171,62,57,-5
18683,3.23,Z,12,0,226,0,7,75,84,3,Z,12,3,171,0,10,25,33,0,1,0,3,-55,0,3,-50,-51,-3
18684,9.02,P,22,0,124,0,4,39,21,2,P,38,3,257,0,2,101,55,0,0,16,3,133,0,-2,62,34,-2
18685,3.44,T,21,1,163,0,116,85,175,4,T,17,0,99,0,342,95,108,8,1,-4,-1,-64,0,226,10,-67,4
18686,5.58,P,33,0,326,0,72,104,32,7,T,51,0,190,0,52,99,162,7,1,18,0,-136,0,-20,-5,130,0
18687,6.45,T,54,1,476,0,757,307,118,11,T,81,1,334,0,284,260,86,7,0,27,0,-142,0,-473,-47,-32,-4
18688,2.19,T,10,0,58,0,181,67,152,1,T,9,2,108,0,63,39,6,1,0,-1,2,50,0,-118,-28,-146,0
18689,9.59,Z,40,0,215,0,29,85,123,3,T,55,0,535,0,54,38,97,12,1,15,0,320,0,25,-47,-26,9
18690,0.44,Z,3,0,46,0,74,6,5,2,P,4,0,2,0,15,6,16,0,1,1,0,-44,0,-59,0,11,-2
18691,10.19,P,44,0,481,0,2,276,119,4,T,44,0,706,0,0,74,92,0,1,0,0,225,0,-2,-202,-27,-4
18692,9.58,P,62,0,458,0,522,436,212,14,P,69,0,383,0,0,192,231,0,0,7,0,-75,0,-522,-244,19,-14
18693,10.58,T,49,0,908,0,13,167,100,3,P,37,1,682,0,8,245,53,1,1,-12,1,-226,0,-5,78,-47,-2
18694,2.35,Z,12,0,85,0,42,45,39,2,Z,9,0,82,0,78,50,53,4,0,-3,0,-3,0,36,5,14,2
18695,6.42,Z,43,5,280,0,655,160,200,3,Z,26,4,206,0,28,120,115,4,0,-17,-1,-74,0,-627,-40,-85,1
18696,9.59,T,80,0,609,0,37,365,140,5,Z,89,0,498,0,104,297,334,10,0,9,0,-111,0,67,-68,194,5
18697,9.58,P,61,3,388,0,29,343,70,5,T,70,5,571,0,31,181,85,2,0,9,2,183,0,2,-162,15,-3
18698,10.1,P,30,0,401,0,0,28,60,0,P,38,0,502,0,25,346,86,9,1,8,0,101,0,25,318,26,9
18699,2.24,Z,4,4,94,0,20,62,18,0,P,7,0,24,0,3,17,13,1,1,3,-4,-70,0,-17,-45,-5,1
18700,3.32,Z,12,0,88,0,231,39,65,3,Z,12,0,90,0,8,22,40,1,0,0,0,2,0,-223,-17,-25,-2
18701,6.15,T,72,0,282,0,68,168,69,8,Z,28,5,158,0,14,107,104,2,0,-44,5,-124,0,-54,-61,35,-6
18702,8.59,T,116,0,334,0,656,240,126,22,Z,83,0,518,0,252,220,442,5,1,-33,0,184,0,-404,-20,316,-17
18703,3.42,T,9,4,261,0,8,9,9,0,T,15,0,204,0,8,29,23,2,0,6,-4,-57,0,0,20,14,2
18704,9.58,Z,52,1,402,0,86,68,147,3,Z,54,0,313,0,293,202,185,10,1,2,-1,-89,0,207,134,38,7
18705,8.41,P,48,3,534,0,77,101,57,9,P,27,0,552,0,9,50,40,4,0,-21,-3,18,0,-68,-51,-17,-5
18706,9.44,P,75,16,416,0,233,291,151,1,T,83,0,735,0,165,276,210,7,0,8,-16,319,0,-68,-15,59,6
18707,5.05,T,36,0,193,0,465,163,62,6,Z,24,0,347,0,103,93,139,19,1,-12,0,154,0,-362,-70,77,13
18708,7.34,Z,45,1,348,0,81,138,189,2,Z,42,4,393,0,389,144,208,0,0,-3,3,45,0,308,6,19,-2
18709,4.11,Z,15,0,365,11,39,80,80,1,Z,16,2,91,0,44,52,81,3,1,1,2,-274,-11,5,-28,1,2
18710,6.01,T,43,0,194,0,520,85,68,14,T,37,0,191,0,348,79,59,17,0,-6,0,-3,0,-172,-6,-9,3
18711,6.22,Z,39,0,129,0,23,79,117,8,Z,36,0,355,0,30,89,154,3,1,-3,0,226,0,7,10,37,-5
18712,5.43,T,45,0,472,0,0,178,48,2,P,28,0,226,0,14,86,43,2,1,-17,0,-246,0,14,-92,-5,0
18713,8.08,Z,43,4,353,0,73,116,155,0,Z,47,2,333,0,72,111,118,2,1,4,-2,-20,0,-1,-5,-37,2
18714,8.22,P,31,0,472,0,24,214,52,2,P,44,2,468,0,5,197,134,0,1,13,2,-4,0,-19,-17,82,-2
18715,4.08,Z,16,1,147,0,2,102,129,0,Z,20,0,102,0,13,25,48,0,0,4,-1,-45,0,11,-77,-81,0
18716,3.07,Z,11,1,83,0,5,23,43,0,Z,8,1,91,0,23,74,143,3,0,-3,0,8,0,18,51,100,3
18717,10.21,T,96,0,659,0,319,196,237,7,T,81,3,336,0,10,418,106,6,1,-15,3,-323,0,-309,222,-131,-1
18718,9.57,Z,23,0,806,0,0,90,103,0,T,42,0,538,0,0,36,79,0,0,19,0,-268,0,0,-54,-24,0
18719,3.39,T,16,0,136,0,278,100,130,6,T,17,0,235,0,294,144,60,7,1,1,0,99,0,16,44,-70,1
18720,8.33,Z,55,5,433,1,131,327,319,13,Z,72,1,690,0,183,231,238,9,1,17,-4,257,-1,52,-96,-81,-4
18721,9.59,P,39,0,924,0,0,78,51,0,P,32,3,625,0,11,24,41,2,1,-7,3,-299,0,11,-54,-10,2
18722,10.2,Z,63,3,612,0,26,86,230,3,P,36,0,402,0,0,33,56,0,0,-27,-3,-210,0,-26,-53,-174,-3
18723,9.15,T,61,1,454,0,224,289,110,10,Z,46,0,648,0,32,217,285,3,0,-15,-1,194,0,-192,-72,175,-7
18724,9.58,Z,55,0,291,0,43,167,149,7,Z,58,7,333,2,58,127,195,6,0,3,7,42,2,15,-40,46,-1
18725,9.58,P,52,0,483,0,89,142,77,11,T,72,5,522,0,161,255,139,0,1,20,5,39,0,72,113,62,-11
18726,5.51,Z,28,3,144,0,19,65,121,0,Z,40,1,226,0,14,136,210,1,1,12,-2,82,0,-5,71,89,1
18727,10.44,T,64,0,678,0,39,183,122,10,P,71,0,1100,0,11,167,116,2,1,7,0,422,0,-28,-16,-6,-8
18728,1.2,T,2,0,91,0,0,13,22,0,T,2,0,70,0,2,0,8,2,0,0,0,-21,0,2,-13,-14,2
18729,4.44,T,42,3,175,0,316,124,114,8,T,10,0,291,0,0,16,14,0,0,-32,-3,116,0,-316,-108,-100,-8
18730,9.03,Z,39,0,711,0,18,90,124,4,Z,67,7,562,0,19,219,191,0,1,28,7,-149,0,1,129,67,-4
18731,8.43,P,50,0,815,0,35,225,67,16,P,35,2,600,0,1,287,82,1,0,-15,2,-215,0,-34,62,15,-15
18732,10.24,T,116,0,697,0,142,276,171,8,T,92,6,743,0,956,191,253,0,1,-24,6,46,0,814,-85,82,-8
18733,6.3,T,40,3,314,0,241,114,242,1,T,34,0,494,0,0,104,96,4,0,-6,-3,180,0,-241,-10,-146,3
18734,9.03,P,103,3,455,0,202,394,87,20,T,86,7,432,0,801,304,120,4,0,-17,4,-23,0,599,-90,33,-16
18735,7.04,T,29,0,298,0,0,52,71,4,P,32,1,530,0,66,94,110,1,1,3,1,232,0,66,42,39,-3
18736,9.59,P,77,9,367,0,200,347,93,3,Z,58,9,473,0,71,226,203,0,1,-19,0,106,0,-129,-121,110,-3
18737,9.59,Z,58,2,437,0,352,264,270,11,T,72,7,485,0,67,278,175,0,1,14,5,48,0,-285,14,-95,-11
18738,0.26,T,2,0,47,0,0,4,4,0,T,0,0,1,0,0,9,0,1,0,-2,0,-46,0,0,5,-4,1
18739,9.58,T,66,0,313,0,416,131,104,8,T,107,5,363,0,287,262,156,7,1,41,5,50,0,-129,131,52,-1
18740,9.47,Z,65,3,544,0,237,359,463,1,Z,104,0,400,0,142,376,277,20,1,39,-3,-144,0,-95,17,-186,19
18741,4.43,T,42,0,312,0,276,137,60,7,T,35,0,265,0,4,68,70,3,0,-7,0,-47,0,-272,-69,10,-4
18742,6.06,Z,39,1,252,11,284,155,206,0,T,53,2,576,0,39,72,115,1,1,14,1,324,-11,-245,-83,-91,1
18743,9.59,Z,54,11,467,1,78,299,537,6,Z,55,0,931,0,78,368,189,10,0,1,-11,464,-1,0,69,-348,4
18744,6.56,Z,33,7,643,0,56,89,117,0,P,38,5,353,0,18,162,48,0,0,5,-2,-290,0,-38,73,-69,0
18745,9.59,P,45,2,483,0,15,175,192,4,T,72,0,603,0,391,170,144,11,1,27,-2,120,0,376,-5,-48,7
18746,5.09,Z,28,0,328,0,532,117,231,4,Z,25,0,390,0,22,61,73,2,1,-3,0,62,0,-510,-56,-158,-2
18747,10.2,T,112,0,912,0,85,208,138,12,T,113,9,359,0,288,207,188,9,1,1,9,-553,0,203,-1,50,-3
18748,3.05,T,15,0,280,0,21,64,49,4,T,13,0,142,0,49,47,22,4,0,-2,0,-138,0,28,-17,-27,0
18749,9.01,P,67,10,851,0,92,267,75,9,T,68,0,422,0,68,215,218,7,1,1,-10,-429,0,-24,-52,143,-2
18750,9.59,P,48,0,531,0,0,140,83,0,Z,54,4,408,0,87,240,242,6,1,6,4,-123,0,87,100,159,6
18751,10.25,T,157,0,561,0,167,427,200,8,Z,92,2,628,0,128,222,249,7,0,-65,2,67,0,-39,-205,49,-1
18752,5.57,P,27,0,298,0,18,60,41,2,P,31,0,363,0,8,150,73,4,1,4,0,65,0,-10,90,32,2
18753,9.59,Z,53,6,553,0,93,223,139,5,P,62,3,1035,0,22,135,100,2,0,9,-3,482,0,-71,-88,-39,-3
18754,3.23,Z,11,0,36,0,124,24,138,3,Z,15,0,83,0,4,23,84,1,1,4,0,47,0,-120,-1,-54,-2
18755,10.48,Z,52,0,211,12,71,97,236,1,T,78,0,1250,0,46,156,170,5,1,26,0,1039,-12,-25,59,-66,4
18756,5.14,Z,26,4,289,0,94,125,113,0,T,30,1,311,0,334,90,70,0,1,4,-3,22,0,240,-35,-43,0
18757,3.39,Z,14,3,185,0,7,111,40,0,Z,15,0,91,0,2,27,98,0,1,1,-3,-94,0,-5,-84,58,0
18758,5.51,T,37,4,265,0,211,121,68,2,P,24,0,244,0,72,137,132,1,1,-13,-4,-21,0,-139,16,64,-1
18759,8.25,Z,60,3,219,0,31,457,170,0,T,71,0,190,0,218,290,181,9,1,11,-3,-29,0,187,-167,11,9
18760,3.46,Z,14,2,48,0,3,24,55,0,T,19,0,78,0,0,9,33,2,0,5,-2,30,0,-3,-15,-22,2
18761,1.35,P,9,3,66,0,48,15,28,0,Z,2,0,31,0,11,16,44,1,1,-7,-3,-35,0,-37,1,16,1
18762,7.39,T,42,0,198,0,0,75,68,0,Z,24,0,553,0,0,177,96,0,0,-18,0,355,0,0,102,28,0
18763,0.48,Z,5,0,8,0,8,3,20,1,P,2,0,59,0,0,13,6,1,0,-3,0,51,0,-8,10,-14,0
18764,0.19,T,1,1,55,0,0,2,1,0,T,0,0,1,0,0,0,0,0,0,-1,-1,-54,0,0,-2,-1,0
18765,4.49,P,18,0,238,0,20,34,69,0,P,18,0,222,0,0,109,22,0,0,0,0,-16,0,-20,75,-47,0
18766,10.27,T,107,1,689,0,663,293,227,20,P,66,0,806,0,212,343,141,5,1,-41,-1,117,0,-451,50,-86,-15
18767,9.59,T,60,0,823,0,9,43,101,0,Z,42,0,1199,0,32,103,157,4,0,-18,0,376,0,23,60,56,4
18768,4.12,Z,21,1,257,0,247,83,167,3,T,17,1,204,0,2,83,54,0,1,-4,0,-53,0,-245,0,-113,-3
18769,8.56,T,70,0,527,0,415,242,96,11,T,97,0,570,0,244,231,149,9,0,27,0,43,0,-171,-11,53,-2
18770,9.57,P,47,0,422,0,10,358,88,6,Z,51,0,662,0,0,36,155,0,0,4,0,240,0,-10,-322,67,-6
18771,9.59,Z,83,12,225,1,147,345,341,4,P,102,1,620,0,218,316,223,29,0,19,-11,395,-1,71,-29,-118,25
18772,4.03,Z,19,1,314,0,83,44,108,1,P,24,3,232,0,31,117,62,0,0,5,2,-82,0,-52,73,-46,-1
18773,5.36,T,30,0,358,0,82,99,48,5,P,34,1,284,0,124,147,105,6,1,4,1,-74,0,42,48,57,1
18774,7.33,Z,50,6,451,2,80,230,228,2,Z,59,4,477,44,151,239,294,1,0,9,-2,26,42,71,9,66,-1
18775,9.59,Z,71,13,398,0,277,175,336,2,P,88,0,364,0,619,272,361,11,1,17,-13,-34,0,342,97,25,9
18776,8.13,Z,53,0,521,0,210,286,168,8,P,87,5,348,0,371,223,86,18,1,34,5,-173,0,161,-63,-82,10
18777,9.59,Z,75,11,421,0,183,237,301,1,P,39,0,708,0,0,180,69,0,0,-36,-11,287,0,-183,-57,-232,-1
18778,2.42,T,8,1,434,0,5,28,15,0,T,11,0,138,0,232,79,68,10,0,3,-1,-296,0,227,51,53,10
18779,9.59,Z,88,6,402,0,183,248,232,3,T,144,2,522,0,727,318,215,15,1,56,-4,120,0,544,70,-17,12
18780,5.18,T,56,0,274,14,469,173,113,1,T,43,0,322,0,40,107,58,10,0,-13,0,48,-14,-429,-66,-55,9
18781,4.57,T,27,7,116,0,317,105,63,4,T,35,0,183,0,24,148,55,13,1,8,-7,67,0,-293,43,-8,9
18782,9.59,P,68,0,562,0,603,210,90,16,T,88,4,458,1,49,210,196,9,1,20,4,-104,1,-554,0,106,-7
18783,10.12,Z,47,1,211,0,36,116,297,1,Z,31,1,429,0,19,105,125,2,1,-16,0,218,0,-17,-11,-172,1
18784,5.39,P,32,0,254,0,14,128,44,1,P,24,0,133,0,2,63,44,0,1,-8,0,-121,0,-12,-65,0,-1
18785,5.04,T,30,0,367,0,40,112,31,5,Z,22,0,247,0,10,40,83,2,0,-8,0,-120,0,-30,-72,52,-3
18786,10.51,Z,58,6,215,0,84,78,156,1,P,67,2,641,11,263,204,61,0,0,9,-4,426,11,179,126,-95,-1
18787,4.21,Z,20,0,172,0,49,140,87,3,T,17,0,181,0,0,24,22,0,0,-3,0,9,0,-49,-116,-65,-3
18788,0,P,0,0,1,0,0,0,0,0,P,5,0,100,0,0,14,7,0,1,5,0,99,0,0,14,7,0
18789,3.16,T,5,0,219,0,0,39,11,0,Z,14,0,105,0,43,43,31,6,1,9,0,-114,0,43,4,20,6
18790,7.39,T,67,3,334,0,142,164,159,1,T,57,2,373,0,276,263,119,1,0,-10,-1,39,0,134,99,-40,0
18791,7,P,41,0,501,0,15,107,48,4,P,27,0,572,0,5,136,31,2,0,-14,0,71,0,-10,29,-17,-2
18792,8.42,P,39,1,503,0,8,324,74,2,Z,71,1,443,0,50,314,172,4,1,32,0,-60,0,42,-10,98,2
18793,9.59,Z,68,0,358,23,237,320,383,5,Z,71,4,685,0,380,233,242,5,1,3,4,327,-23,143,-87,-141,0
18794,4.43,T,20,1,350,0,11,71,30,2,Z,17,0,122,0,0,61,66,0,1,-3,-1,-228,0,-11,-10,36,-2
18795,6.45,T,39,1,567,0,0,89,88,0,T,48,0,534,0,384,92,97,11,1,9,-1,-33,0,384,3,9,11
18796,9.58,Z,57,1,594,0,30,91,136,1,T,74,0,935,0,100,401,109,5,1,17,-1,341,0,70,310,-27,4
18797,5.52,Z,25,1,125,0,14,17,80,1,Z,34,0,413,0,621,62,76,1,0,9,-1,288,0,607,45,-4,0
18798,9.59,T,87,7,494,0,32,229,233,3,T,121,8,583,0,308,253,192,5,0,34,1,89,0,276,24,-41,2
18799,7.41,Z,37,0,794,0,12,92,106,4,Z,36,2,254,0,39,158,194,0,1,-1,2,-540,0,27,66,88,-4
18800,9.59,T,61,0,1210,0,26,131,86,6,T,57,3,788,0,27,47,50,4,1,-4,3,-422,0,1,-84,-36,-2
18801,4.32,T,29,0,156,0,103,48,219,3,Z,19,2,135,0,20,60,57,0,0,-10,2,-21,0,-83,12,-162,-3
18802,3.32,Z,14,0,198,2,16,45,62,0,T,17,3,177,1,459,22,134,2,0,3,3,-21,-1,443,-23,72,2
18803,9.59,T,85,0,303,0,560,321,321,19,Z,38,2,650,0,9,173,131,0,0,-47,2,347,0,-551,-148,-190,-19
18804,7.04,T,47,0,302,0,111,185,60,5,P,54,0,303,0,291,146,161,8,0,7,0,1,0,180,-39,101,3
18805,8.16,Z,37,0,454,0,44,147,177,5,Z,69,6,442,0,173,359,209,5,0,32,6,-12,0,129,212,32,0
18806,10.03,P,64,9,532,0,65,234,98,0,Z,58,0,335,0,27,161,185,8,1,-6,-9,-197,0,-38,-73,87,8
18807,9.58,Z,42,0,1018,0,109,63,251,5,P,43,0,892,0,0,95,70,0,0,1,0,-126,0,-109,32,-181,-5
18808,9.59,P,55,3,596,0,1,178,121,0,T,92,0,621,0,129,392,115,7,1,37,-3,25,0,128,214,-6,7
18809,5.28,P,34,0,383,0,12,95,54,4,T,33,0,484,0,63,73,65,11,0,-1,0,101,0,51,-22,11,7
18810,10.33,T,118,0,609,0,419,518,273,16,T,96,0,874,0,46,259,170,8,0,-22,0,265,0,-373,-259,-103,-8
18811,9.59,Z,66,11,254,0,51,109,199,3,P,69,0,879,0,33,285,108,15,1,3,-11,625,0,-18,176,-91,12
18812,9.01,Z,71,4,588,0,567,210,328,7,T,111,0,878,0,768,285,243,16,0,40,-4,290,0,201,75,-85,9
18813,6.49,T,38,0,262,0,46,32,35,5,T,29,0,381,0,1,95,58,1,1,-9,0,119,0,-45,63,23,-4
18814,9.59,Z,56,2,263,0,595,116,354,7,P,67,0,741,0,34,226,68,4,0,11,-2,478,0,-561,110,-286,-3
18815,9.53,Z,61,10,449,0,29,242,185,3,T,103,0,853,0,93,276,124,10,0,42,-10,404,0,64,34,-61,7
18816,5.58,P,42,3,249,0,6,81,57,4,P,21,4,279,0,5,87,56,0,1,-21,1,30,0,-1,6,-1,-4
18817,10.29,Z,72,2,646,0,398,256,322,3,T,99,0,1047,0,13,193,172,5,0,27,-2,401,0,-385,-63,-150,2
18818,10.35,Z,91,0,433,0,177,241,263,8,T,126,0,590,0,458,328,381,11,1,35,0,157,0,281,87,118,3
18819,6.3,T,53,5,239,0,516,91,70,6,P,32,3,277,0,46,82,45,3,0,-21,-2,38,0,-470,-9,-25,-3
18820,10.12,P,47,0,1015,0,12,223,128,2,T,84,13,432,0,143,184,194,0,1,37,13,-583,0,131,-39,66,-2
18821,6.45,T,32,0,235,0,201,186,79,4,P,29,4,461,0,10,179,66,0,0,-3,4,226,0,-191,-7,-13,-4
18822,5.22,Z,33,0,191,11,59,45,122,1,Z,25,1,203,0,54,88,114,3,0,-8,1,12,-11,-5,43,-8,2
18823,9.59,Z,67,0,395,0,61,132,116,12,Z,44,2,305,0,44,166,191,6,1,-23,2,-90,0,-17,34,75,-6
18824,6.52,P,45,0,294,0,122,207,208,3,P,56,0,240,0,65,148,105,12,0,11,0,-54,0,-57,-59,-103,9
18825,3.03,T,15,0,211,0,96,66,89,6,P,16,0,69,0,11,39,39,3,1,1,0,-142,0,-85,-27,-50,-3
18826,5.25,P,21,2,258,0,187,143,48,3,Z,35,4,110,0,38,55,99,0,0,14,2,-148,0,-149,-88,51,-3
18827,8.05,Z,63,9,454,0,332,261,340,1,P,67,4,356,0,98,168,94,8,0,4,-5,-98,0,-234,-93,-246,7
18828,5.53,P,27,0,198,0,0,14,23,0,Z,22,2,182,0,17,59,89,2,0,-5,2,-16,0,17,45,66,2
18829,6.07,Z,59,8,488,12,113,204,245,6,T,55,5,434,0,394,140,114,11,0,-4,-3,-54,-12,281,-64,-131,5
18830,3.58,Z,19,1,55,0,25,38,61,1,Z,14,0,222,0,16,13,31,3,0,-5,-1,167,0,-9,-25,-30,2
18831,9.55,Z,61,3,295,0,35,71,166,0,T,47,3,539,0,47,176,94,2,0,-14,0,244,0,12,105,-72,2
18832,9.59,P,40,0,623,0,20,102,58,3,Z,41,3,883,0,22,110,145,1,0,1,3,260,0,2,8,87,-2
18833,9.59,Z,74,0,578,0,451,153,567,10,T,80,0,777,0,135,110,202,14,0,6,0,199,0,-316,-43,-365,4
18834,5.59,T,38,0,235,0,177,144,131,5,Z,42,1,177,0,17,85,101,4,1,4,1,-58,0,-160,-59,-30,-1
18835,1.42,P,5,0,25,0,60,16,37,4,P,5,0,34,0,37,19,10,3,0,0,0,9,0,-23,3,-27,-1
18836,9.59,P,49,7,424,2,48,181,60,7,T,42,3,508,0,23,122,71,4,0,-7,-4,84,-2,-25,-59,11,-3
18837,7.47,P,56,2,390,0,35,158,201,3,T,51,0,567,0,6,114,110,4,0,-5,-2,177,0,-29,-44,-91,1
18838,9.58,P,40,4,497,0,45,283,83,4,P,42,2,705,0,5,176,66,0,0,2,-2,208,0,-40,-107,-17,-4
18839,3.41,T,13,3,297,0,69,64,33,3,T,8,0,131,0,0,22,29,0,0,-5,-3,-166,0,-69,-42,-4,-3
18840,4.05,Z,21,1,247,0,246,52,74,4,T,20,0,182,0,97,89,130,6,0,-1,-1,-65,0,-149,37,56,2
18841,8.37,T,65,0,380,0,398,115,85,7,T,74,4,237,0,517,196,111,8,1,9,4,-143,0,119,81,26,1
18842,8.18,P,69,6,418,0,448,311,106,11,T,63,3,400,0,53,286,131,6,0,-6,-3,-18,0,-395,-25,25,-5
18843,1.5,P,10,0,89,0,7,32,47,3,T,9,0,63,0,51,34,24,3,1,-1,0,-26,0,44,2,-23,0
18844,10.28,P,63,10,517,0,40,171,111,3,T,81,0,655,0,6,191,112,3,0,18,-10,138,0,-34,20,1,0
18845,7.54,P,35,4,734,0,22,85,148,2,T,42,0,346,0,5,88,170,6,0,7,-4,-388,0,-17,3,22,4
18846,8,P,59,0,251,0,35,153,217,7,T,74,6,712,0,586,304,158,8,1,15,6,461,0,551,151,-59,1
18847,9.59,Z,46,0,394,0,20,242,218,8,Z,61,3,510,0,323,251,197,5,1,15,3,116,0,303,9,-21,-3
18848,3.18,T,26,1,238,0,46,123,36,5,T,31,1,74,0,454,72,81,7,1,5,0,-164,0,408,-51,45,2
18849,8.35,T,47,0,605,0,36,115,80,4,P,34,0,555,0,2,22,38,1,1,-13,0,-50,0,-34,-93,-42,-3
18850,6.45,T,47,4,459,0,81,89,71,4,P,41,1,357,0,514,225,85,4,0,-6,-3,-102,0,433,136,14,0
18851,6.09,Z,25,4,211,0,19,57,157,0,Z,33,9,153,0,48,55,114,2,0,8,5,-58,0,29,-2,-43,2
18852,7.57,Z,33,4,435,2,69,96,152,1,P,44,2,687,0,3,167,54,0,1,11,-2,252,-2,-66,71,-98,-1
18853,4.52,T,29,0,286,0,0,32,77,0,T,16,1,212,0,0,33,44,0,0,-13,1,-74,0,0,1,-33,0
18854,5.14,Z,22,1,123,0,21,69,64,0,T,34,2,235,0,2,112,51,1,0,12,1,112,0,-19,43,-13,1
18855,6.09,Z,18,0,349,0,13,51,74,3,T,38,0,144,0,17,60,45,5,0,20,0,-205,0,4,9,-29,2
18856,3.38,P,8,0,204,0,0,36,13,0,T,3,0,41,0,0,4,9,0,0,-5,0,-163,0,0,-32,-4,0
18857,5.37,T,22,0,147,0,4,10,31,1,T,25,0,372,0,0,7,33,0,1,3,0,225,0,-4,-3,2,-1
18858,9.38,T,54,0,325,0,186,185,184,4,P,44,0,566,0,0,146,61,0,0,-10,0,241,0,-186,-39,-123,-4
18859,7.26,Z,33,0,542,0,35,143,121,1,Z,34,2,233,0,339,135,191,0,1,1,2,-309,0,304,-8,70,-1
18860,10.19,T,70,3,549,0,77,318,148,0,P,60,0,590,0,22,246,86,5,0,-10,-3,41,0,-55,-72,-62,5
18861,10.27,T,91,0,726,0,45,204,113,12,Z,55,0,1109,0,46,206,263,2,1,-36,0,383,0,1,2,150,-10
18862,3.26,Z,9,0,135,0,16,36,38,2,Z,19,0,122,0,136,50,194,2,1,10,0,-13,0,120,14,156,0
18863,7.44,T,55,0,467,0,243,242,64,10,T,36,3,312,0,17,20,46,0,0,-19,3,-155,0,-226,-222,-18,-10
18864,9.59,T,48,0,497,0,0,137,108,0,T,57,0,500,1,32,152,87,0,0,9,0,3,1,32,15,-21,0
18865,4.57,T,29,0,352,0,62,123,34,3,Z,23,0,259,0,37,77,69,5,1,-6,0,-93,0,-25,-46,35,2
18866,9.59,Z,86,0,364,0,66,138,201,6,T,65,1,551,0,105,144,105,5,0,-21,1,187,0,39,6,-96,-1
18867,3.29,P,18,0,197,0,0,128,39,1,P,14,0,103,0,0,51,23,1,0,-4,0,-94,0,0,-77,-16,0
18868,6.27,Z,25,0,430,0,28,16,60,2,T,61,7,323,0,241,210,107,2,0,36,7,-107,0,213,194,47,0
18869,9.59,Z,50,0,262,0,24,91,181,1,T,39,0,696,0,0,43,76,2,0,-11,0,434,0,-24,-48,-105,1
18870,4.37,Z,22,0,181,0,450,149,128,3,P,22,0,96,0,167,61,28,4,0,0,0,-85,0,-283,-88,-100,1
18871,10.47,Z,79,0,499,0,181,227,337,4,T,185,8,678,0,577,372,236,8,1,106,8,179,0,396,145,-101,4
18872,9.5,T,82,3,522,0,379,168,76,1,T,84,0,656,0,72,165,176,6,0,2,-3,134,0,-307,-3,100,5
18873,9.58,T,84,0,856,0,306,146,135,8,Z,49,8,571,0,66,208,177,0,1,-35,8,-285,0,-240,62,42,-8
18874,8.27,P,25,2,756,0,3,163,54,0,T,60,0,861,0,68,113,142,11,1,35,-2,105,0,65,-50,88,11
18875,2.18,T,7,0,110,0,299,13,16,7,Z,7,0,10,0,0,4,36,0,1,0,0,-100,0,-299,-9,20,-7
18876,4.42,P,25,0,127,0,28,132,80,4,Z,23,3,188,0,126,81,102,5,1,-2,3,61,0,98,-51,22,1
18877,4.06,T,20,0,215,0,183,71,80,11,Z,16,2,111,0,151,22,196,2,0,-4,2,-104,0,-32,-49,116,-9
18878,5.37,P,19,0,324,0,12,162,44,5,T,34,0,273,0,76,120,105,5,1,15,0,-51,0,64,-42,61,0
18879,9.59,Z,53,2,1230,0,40,85,186,3,Z,53,0,961,0,24,95,206,3,0,0,-2,-269,0,-16,10,20,0
18880,4.06,P,18,0,58,0,2,13,24,2,T,15,3,333,0,24,20,18,0,0,-3,3,275,0,22,7,-6,-2
18881,8.28,T,95,1,342,0,463,269,199,8,T,91,0,561,0,747,212,169,22,0,-4,-1,219,0,284,-57,-30,14
18882,6.1,Z,29,3,224,0,45,123,86,1,T,36,0,508,0,1,160,92,2,1,7,-3,284,0,-44,37,6,1
18883,8.34,Z,72,5,462,3,181,184,241,5,T,111,0,499,0,724,156,176,19,0,39,-5,37,-3,543,-28,-65,14
18884,9.58,P,60,0,398,0,252,263,117,8,Z,68,0,687,0,179,252,321,2,0,8,0,289,0,-73,-11,204,-6
18885,4.05,Z,25,1,193,5,453,71,219,0,T,22,0,166,0,354,53,101,12,1,-3,-1,-27,-5,-99,-18,-118,12
18886,6.02,Z,48,1,196,0,359,221,135,3,Z,58,1,171,0,131,151,141,6,1,10,0,-25,0,-228,-70,6,3
18887,9.59,P,103,3,575,0,80,234,85,10,T,119,5,516,0,469,243,251,7,1,16,2,-59,0,389,9,166,-3
18888,8.4,T,72,3,390,0,122,328,130,3,T,98,0,426,0,475,330,150,7,1,26,-3,36,0,353,2,20,4
18889,3.44,Z,11,2,213,0,20,40,55,1,T,21,0,63,5,365,83,177,0,1,10,-2,-150,5,345,43,122,-1
18890,9.58,T,115,9,664,0,99,250,136,7,Z,86,0,589,0,19,351,313,5,0,-29,-9,-75,0,-80,101,177,-2
18891,7.4,P,53,6,372,0,260,236,96,11,P,42,2,296,0,50,244,65,6,1,-11,-4,-76,0,-210,8,-31,-5
18892,6.38,T,32,3,317,0,18,41,35,5,P,58,2,230,0,168,147,142,6,1,26,-1,-87,0,150,106,107,1
18893,10.14,T,72,10,615,0,381,148,222,2,P,51,0,874,0,13,340,130,7,1,-21,-10,259,0,-368,192,-92,5
18894,9.58,T,43,0,601,0,0,33,83,0,P,45,10,709,0,26,201,83,0,0,2,10,108,0,26,168,0,0
18895,9.28,T,76,0,781,0,46,223,65,3,T,103,5,546,0,180,230,162,6,0,27,5,-235,0,134,7,97,3
18896,7.07,Z,32,5,396,0,11,177,154,1,P,30,0,217,0,0,71,60,0,1,-2,-5,-179,0,-11,-106,-94,-1
18897,2.19,P,7,0,93,0,16,6,4,3,T,12,0,88,0,99,39,26,1,0,5,0,-5,0,83,33,22,-2
18898,9.48,Z,54,2,703,0,18,158,132,6,P,29,0,359,0,0,45,63,0,0,-25,-2,-344,0,-18,-113,-69,-6
18899,9.5,Z,96,0,548,5,228,227,286,7,P,93,2,529,0,620,340,141,12,1,-3,2,-19,-5,392,113,-145,5
18900,7.58,P,25,0,503,0,5,93,41,0,P,29,1,586,0,0,204,58,0,0,4,1,83,0,-5,111,17,0
18901,9.59,T,63,9,652,0,90,256,194,4,T,80,0,544,0,571,257,208,8,0,17,-9,-108,0,481,1,14,4
18902,9.58,Z,57,0,703,0,19,53,121,2,P,37,0,542,0,0,92,55,0,1,-20,0,-161,0,-19,39,-66,-2
18903,4.07,T,38,0,248,0,72,99,43,3,Z,17,12,239,0,112,76,56,9,1,-21,12,-9,0,40,-23,13,6
18904,6.33,T,27,0,229,0,0,107,41,0,Z,19,0,590,0,0,17,47,0,0,-8,0,361,0,0,-90,6,0
18905,4.37,Z,16,1,110,0,138,100,81,2,Z,20,1,126,0,261,63,67,3,0,4,0,16,0,123,-37,-14,1
18906,0.4,T,1,0,12,0,0,6,5,0,Z,2,0,24,0,0,2,8,0,0,1,0,12,0,0,-4,3,0
18907,7.57,P,73,2,385,0,745,160,134,17,T,61,3,235,0,11,182,77,0,0,-12,1,-150,0,-734,22,-57,-17
18908,6.15,Z,28,0,159,0,503,65,109,8,T,49,5,424,0,143,176,56,0,0,21,5,265,0,-360,111,-53,-8
18909,8.57,Z,83,17,185,0,600,327,361,13,T,134,0,451,0,692,247,194,9,0,51,-17,266,0,92,-80,-167,-4
18910,4.01,T,24,2,221,0,404,107,95,5,Z,29,2,359,2,61,102,140,3,1,5,0,138,2,-343,-5,45,-2
18911,8.45,P,54,0,446,0,511,307,112,11,Z,53,0,507,0,381,177,226,11,1,-1,0,61,0,-130,-130,114,0
18912,9.08,T,62,9,374,0,66,289,157,5,T,63,4,488,0,43,130,94,3,0,1,-5,114,0,-23,-159,-63,-2
18913,6.09,P,38,8,170,0,63,148,53,0,T,41,9,213,0,118,163,46,0,1,3,1,43,0,55,15,-7,0
18914,5.03,T,26,3,297,0,11,64,57,3,Z,19,2,229,0,13,65,60,2,0,-7,-1,-68,0,2,1,3,-1
18915,3.04,P,11,0,159,0,1,123,9,2,Z,10,0,98,2,10,15,27,0,1,-1,0,-61,2,9,-108,18,-2
18916,6.38,Z,64,5,217,1,79,139,187,2,P,51,0,382,0,52,129,45,17,1,-13,-5,165,-1,-27,-10,-142,15
18917,9.58,P,31,0,221,0,1,167,59,1,Z,37,2,655,0,9,183,123,0,1,6,2,434,0,8,16,64,-1
18918,6.02,Z,36,1,377,13,147,190,224,0,P,57,4,257,0,491,222,137,8,1,21,3,-120,-13,344,32,-87,8
18919,9.59,Z,32,0,323,0,2,136,182,1,P,45,0,661,0,4,199,78,9,0,13,0,338,0,2,63,-104,8
18920,5.49,Z,27,2,328,0,123,111,94,2,P,33,5,265,0,48,258,55,1,0,6,3,-63,0,-75,147,-39,-1
18921,4.34,T,31,0,414,0,30,75,109,5,T,25,0,181,0,3,37,48,1,1,-6,0,-233,0,-27,-38,-61,-4
18922,4.21,P,22,0,173,0,5,85,90,3,T,20,0,158,0,8,80,39,5,0,-2,0,-15,0,3,-5,-51,2
18923,9.59,T,45,0,421,0,0,86,70,0,T,59,0,711,0,36,94,93,7,1,14,0,290,0,36,8,23,7
18924,8.32,T,60,5,470,0,446,227,379,4,P,44,2,364,0,22,69,40,1,0,-16,-3,-106,0,-424,-158,-339,-3
18925,6.23,P,41,6,367,0,97,148,60,1,Z,37,6,325,1,682,144,160,1,0,-4,0,-42,1,585,-4,100,0
18926,9.59,Z,74,17,464,0,121,343,402,11,Z,86,2,267,0,288,252,447,6,1,12,-15,-197,0,167,-91,45,-5
18927,10.29,T,114,2,622,0,172,224,159,18,T,83,0,739,0,10,136,135,7,0,-31,-2,117,0,-162,-88,-24,-11
18928,10.38,T,81,1,684,0,125,284,247,3,T,59,0,784,0,24,164,126,5,1,-22,-1,100,0,-101,-120,-121,2
18929,9.56,T,60,0,349,0,37,116,97,8,P,48,4,525,0,21,217,76,2,1,-12,4,176,0,-16,101,-21,-6
18930,9.57,T,53,0,323,0,17,73,89,4,T,48,0,428,0,14,127,79,11,1,-5,0,105,0,-3,54,-10,7
18931,9.59,T,100,0,825,0,159,363,123,11,Z,80,0,491,0,969,230,345,9,1,-20,0,-334,0,810,-133,222,-2
18932,10.04,Z,86,27,363,0,260,368,243,13,Z,66,1,631,0,32,189,240,2,1,-20,-26,268,0,-228,-179,-3,-11
18933,9.58,T,47,0,585,0,169,137,92,2,Z,61,8,243,0,73,76,291,1,1,14,8,-342,0,-96,-61,199,-1
18934,7.52,Z,44,0,263,0,107,158,211,8,P,49,0,619,0,20,153,55,5,0,5,0,356,0,-87,-5,-156,-3
18935,8.34,Z,57,2,578,0,31,305,165,6,P,65,0,280,0,20,187,78,11,1,8,-2,-298,0,-11,-118,-87,5
18936,5.44,T,42,3,424,0,23,111,60,1,Z,41,0,293,0,40,93,93,2,1,-1,-3,-131,0,17,-18,33,1
18937,9.59,Z,54,0,258,0,6,104,238,2,T,58,0,285,0,2,81,98,3,0,4,0,27,0,-4,-23,-140,1
18938,9.59,Z,63,0,804,0,133,220,175,3,P,88,0,640,0,51,440,127,9,0,25,0,-164,0,-82,220,-48,6
18939,9.59,Z,46,8,248,0,31,122,145,1,T,73,0,609,0,32,145,165,4,1,27,-8,361,0,1,23,20,3
18940,4.54,T,10,0,62,0,0,7,30,0,P,14,0,223,0,1,27,21,3,0,4,0,161,0,1,20,-9,3
18941,7.09,Z,39,0,311,0,43,98,154,9,T,50,0,410,0,25,92,63,6,1,11,0,99,0,-18,-6,-91,-3
18942,6.5,P,37,5,327,0,120,193,140,7,T,56,3,397,0,363,111,51,13,1,19,-2,70,0,243,-82,-89,6
18943,9.59,Z,78,15,789,0,747,153,225,6,T,104,8,468,0,123,321,116,15,0,26,-7,-321,0,-624,168,-109,9
18944,7.08,P,30,3,339,1,5,65,49,2,P,38,7,343,0,65,86,29,5,0,8,4,4,-1,60,21,-20,3
18945,7.05,P,41,0,347,0,146,116,66,7,Z,34,0,632,0,0,77,121,0,1,-7,0,285,0,-146,-39,55,-7
18946,4.07,Z,33,0,192,0,52,114,79,10,T,36,0,171,0,109,223,19,7,0,3,0,-21,0,57,109,-60,-3
18947,9.36,P,72,0,315,0,121,188,135,12,P,63,8,577,0,49,107,92,3,1,-9,8,262,0,-72,-81,-43,-9
18948,9.59,T,65,0,404,0,19,129,126,2,Z,34,2,521,0,15,81,153,0,0,-31,2,117,0,-4,-48,27,-2
18949,5.49,P,39,2,438,0,19,192,80,1,Z,31,3,280,0,61,91,123,1,0,-8,1,-158,0,42,-101,43,0
18950,3.42,Z,9,1,60,0,122,23,89,1,Z,12,0,121,0,73,31,107,2,1,3,-1,61,0,-49,8,18,1
18951,7.08,P,28,0,302,0,11,157,42,2,T,26,0,961,0,0,221,88,2,0,-2,0,659,0,-11,64,46,0
18952,9.59,Z,83,8,320,0,564,309,355,7,Z,68,2,245,0,199,214,333,10,0,-15,-6,-75,0,-365,-95,-22,3
18953,8.28,P,61,0,810,0,104,185,61,13,Z,63,10,332,0,260,280,223,0,0,2,10,-478,0,156,95,162,-13
18954,4.29,Z,16,0,223,0,25,39,55,0,Z,18,2,138,0,60,61,81,3,1,2,2,-85,0,35,22,26,3
18955,10.12,P,49,2,655,0,9,102,84,0,Z,59,0,399,0,55,127,192,3,1,10,-2,-256,0,46,25,108,3
18956,2.08,Z,5,0,234,0,0,10,25,0,P,3,0,119,0,0,8,5,0,0,-2,0,-115,0,0,-2,-20,0
18957,9.51,T,89,13,463,5,262,193,164,2,T,109,0,440,0,803,226,166,25,1,20,-13,-23,-5,541,33,2,23
18958,9.59,T,82,1,618,0,11,233,287,4,Z,72,0,549,0,127,190,350,5,1,-10,-1,-69,0,116,-43,63,1
18959,9.1,T,49,0,884,0,0,148,122,0,T,36,0,716,0,0,31,71,0,0,-13,0,-168,0,0,-117,-51,0
18960,5.34,Z,19,3,349,0,8,93,66,0,T,23,6,362,0,36,93,47,0,0,4,3,13,0,28,0,-19,0
18961,2.3,T,12,1,119,0,79,40,17,1,Z,7,2,130,0,9,46,27,1,1,-5,1,11,0,-70,6,10,0
18962,10.22,Z,102,7,478,1,726,175,378,7,T,107,5,367,0,291,290,119,6,0,5,-2,-111,-1,-435,115,-259,-1
18963,4.23,T,16,1,299,0,17,12,16,0,Z,18,0,191,0,16,24,50,3,0,2,-1,-108,0,-1,12,34,3
18964,9.58,P,45,0,588,0,0,44,93,0,Z,41,0,485,0,40,109,145,1,0,-4,0,-103,0,40,65,52,1
18965,5.03,T,37,1,188,0,566,118,151,5,Z,27,4,313,0,40,168,91,7,0,-10,3,125,0,-526,50,-60,2
18966,9.47,T,60,0,541,0,645,471,217,7,Z,52,2,400,0,22,156,194,0,1,-8,2,-141,0,-623,-315,-23,-7
18967,4.08,P,15,0,162,0,87,103,59,5,T,24,0,106,0,198,65,41,3,0,9,0,-56,0,111,-38,-18,-2
18968,6.53,Z,38,0,213,0,7,64,153,1,Z,20,0,124,0,22,59,99,10,1,-18,0,-89,0,15,-5,-54,9
18969,9.59,T,78,0,505,0,43,96,139,11,T,66,0,699,0,58,143,67,2,0,-12,0,194,0,15,47,-72,-9
18970,7.51,T,52,4,317,0,54,133,94,1,T,78,2,245,0,570,219,184,6,1,26,-2,-72,0,516,86,90,5
18971,8,Z,46,0,428,0,85,117,250,5,P,73,7,344,5,281,235,182,4,1,27,7,-84,5,196,118,-68,-1
18972,8.34,P,48,1,454,0,38,522,47,5,T,78,0,515,0,10,157,150,3,1,30,-1,61,0,-28,-365,103,-2
18973,9.59,T,125,10,712,0,419,165,151,7,T,87,0,491,0,123,182,104,5,1,-38,-10,-221,0,-296,17,-47,-2
18974,4.55,P,15,0,265,0,18,64,22,3,T,34,5,273,0,97,165,88,3,0,19,5,8,0,79,101,66,0
18975,4.12,T,29,0,199,0,87,66,64,4,P,25,0,177,0,24,142,130,4,1,-4,0,-22,0,-63,76,66,0
18976,6.58,T,57,0,231,0,205,137,111,2,T,47,0,333,0,33,209,60,6,1,-10,0,102,0,-172,72,-51,4
18977,5.57,Z,33,0,170,35,142,149,133,0,Z,41,0,194,0,154,104,194,4,1,8,0,24,-35,12,-45,61,4
18978,9.59,T,83,9,587,0,34,157,118,1,Z,77,3,323,0,89,154,382,0,1,-6,-6,-264,0,55,-3,264,-1
18979,1.28,T,4,0,71,0,116,32,17,8,Z,0,0,1,0,0,0,0,0,0,-4,0,-70,0,-116,-32,-17,-8
18980,9.59,Z,69,9,485,0,96,299,162,6,T,85,7,459,0,54,267,175,0,1,16,-2,-26,0,-42,-32,13,-6
18981,4.09,T,25,0,150,0,95,136,42,5,Z,16,2,236,0,420,25,150,1,0,-9,2,86,0,325,-111,108,-4
18982,9.1,T,103,0,303,0,181,273,164,14,T,82,11,365,0,115,288,261,6,1,-21,11,62,0,-66,15,97,-8
18983,6.13,P,17,0,299,0,0,122,22,0,Z,26,0,343,0,1,56,93,1,1,9,0,44,0,1,-66,71,1
18984,5.43,Z,21,0,344,0,42,116,75,3,P,46,0,401,0,29,120,82,3,1,25,0,57,0,-13,4,7,0
18985,9.59,T,64,0,1224,0,35,157,147,8,Z,52,10,443,0,34,360,238,2,0,-12,10,-781,0,-1,203,91,-6
18986,9.59,T,86,0,863,0,156,230,204,12,P,87,9,714,0,620,339,168,6,0,1,9,-149,0,464,109,-36,-6
18987,9.56,Z,69,4,347,0,248,150,320,4,P,64,1,810,0,440,313,172,10,0,-5,-3,463,0,192,163,-148,6
18988,2.01,Z,11,0,17,0,53,51,103,3,T,8,0,52,0,132,60,24,6,0,-3,0,35,0,79,9,-79,3
18989,8.02,P,62,0,414,0,209,317,79,13,T,77,3,374,0,520,204,106,5,1,15,3,-40,0,311,-113,27,-8
18990,0.56,Z,2,0,9,0,4,11,8,1,Z,4,0,4,0,17,13,51,3,0,2,0,-5,0,13,2,43,2
18991,10.3,T,84,0,577,0,32,71,89,6,P,44,0,493,0,0,86,73,0,0,-40,0,-84,0,-32,15,-16,-6
18992,9.59,P,59,0,522,0,26,124,48,8,T,91,0,503,0,44,222,134,13,0,32,0,-19,0,18,98,86,5
18993,9.59,P,69,0,403,0,216,300,196,9,P,67,0,647,0,5,131,102,3,0,-2,0,244,0,-211,-169,-94,-6
18994,9.04,T,70,2,408,0,674,343,246,13,Z,56,5,308,0,28,224,121,0,1,-14,3,-100,0,-646,-119,-125,-13
18995,7.49,T,42,0,563,0,14,53,56,3,T,42,0,333,0,1,128,76,3,0,0,0,-230,0,-13,75,20,0
18996,10.39,T,61,1,828,0,39,199,194,3,T,72,0,737,0,0,92,99,0,0,11,-1,-91,0,-39,-107,-95,-3
18997,9.57,P,34,0,343,0,0,39,39,0,P,29,0,553,0,0,57,44,1,1,-5,0,210,0,0,18,5,1
18998,9.08,Z,55,1,462,0,13,96,165,1,T,65,0,537,0,31,151,104,8,0,10,-1,75,0,18,55,-61,7
18999,9.26,T,114,0,593,0,582,432,211,27,P,107,0,640,0,496,306,143,21,0,-7,0,47,0,-86,-126,-68,-6
19000,9.45,Z,89,9,667,9,418,410,378,17,Z,120,2,744,0,461,477,416,24,0,31,-7,77,-9,43,67,38,7
19001,9.59,Z,63,0,626,0,73,235,215,8,T,128,4,586,0,610,307,268,23,0,65,4,-40,0,537,72,53,15
19002,10.03,Z,51,0,215,0,43,109,297,6,P,102,2,805,0,39,224,116,10,1,51,2,590,0,-4,115,-181,4
19003,7.5,T,114,0,237,0,620,238,181,16,Z,61,4,362,0,174,110,280,6,0,-53,4,125,0,-446,-128,99,-10
19004,6.43,T,58,5,356,0,452,178,173,18,T,86,8,223,0,446,220,136,13,1,28,3,-133,0,-6,42,-37,-5
19005,3.5,P,16,0,262,0,14,96,27,1,T,16,0,160,0,0,22,33,0,1,0,0,-102,0,-14,-74,6,-1
19006,9.48,T,61,0,655,0,1,63,72,0,P,27,0,265,0,0,82,74,0,0,-34,0,-390,0,-1,19,2,0
19007,9.33,P,66,5,646,0,47,211,88,2,T,81,0,385,0,86,179,210,3,0,15,-5,-261,0,39,-32,122,1
19008,6.43,T,83,0,456,0,294,158,153,10,Z,57,0,345,0,85,110,162,6,0,-26,0,-111,0,-209,-48,9,-4
19009,3.32,Z,10,4,331,0,558,55,44,5,T,15,0,95,0,7,39,22,4,1,5,-4,-236,0,-551,-16,-22,-1
19010,4.25,P,21,0,225,0,0,93,72,0,P,21,4,192,0,78,150,37,1,0,0,4,-33,0,78,57,-35,1
19011,9.59,T,102,8,453,0,882,142,137,6,T,125,11,485,0,764,332,164,5,0,23,3,32,0,-118,190,27,-1
19012,9.47,P,36,0,438,0,11,252,76,12,T,42,0,278,0,2,150,89,0,0,6,0,-160,0,-9,-102,13,-12
19013,7.54,Z,49,5,568,0,92,256,149,6,Z,55,0,370,0,88,150,181,2,0,6,-5,-198,0,-4,-106,32,-4
19014,3.19,Z,8,0,62,0,0,45,210,0,Z,17,0,205,0,326,41,119,4,1,9,0,143,0,326,-4,-91,4
19015,6.05,T,34,0,451,0,587,53,50,2,P,30,0,279,0,10,84,51,11,0,-4,0,-172,0,-577,31,1,9
19016,9.59,T,101,7,509,0,333,227,170,13,Z,68,3,393,0,397,115,222,12,0,-33,-4,-116,0,64,-112,52,-1
19017,5.5,Z,33,0,335,0,58,182,118,11,P,19,4,280,0,13,68,34,2,0,-14,4,-55,0,-45,-114,-84,-9
19018,5.1,Z,18,0,907,0,0,40,79,0,Z,31,3,256,0,29,70,131,2,1,13,3,-651,0,29,30,52,2
19019,10.12,T,94,0,504,0,680,252,204,9,T,71,5,790,0,9,217,102,1,1,-23,5,286,0,-671,-35,-102,-8
19020,9.59,Z,75,6,547,0,85,205,273,5,T,116,0,373,0,558,261,210,20,0,41,-6,-174,0,473,56,-63,15
19021,4.45,P,28,0,182,0,271,72,35,10,Z,16,1,569,0,30,40,55,7,0,-12,1,387,0,-241,-32,20,-3
19022,6.57,P,26,0,487,0,2,80,63,0,Z,36,4,511,0,23,72,144,0,0,10,4,24,0,21,-8,81,0
19023,6.28,P,32,1,501,0,15,28,32,0,P,24,0,368,0,6,25,36,4,0,-8,-1,-133,0,-9,-3,4,4
19024,9.03,Z,61,6,562,2,321,189,251,2,P,59,4,472,0,260,358,101,5,1,-2,-2,-90,-2,-61,169,-150,3
19025,0.37,Z,1,0,67,2,2,3,8,0,Z,2,0,37,0,2,7,11,0,0,1,0,-30,-2,0,4,3,0
19026,9.17,Z,56,1,272,0,150,160,286,0,P,48,2,429,0,28,168,94,3,0,-8,1,157,0,-122,8,-192,3
19027,7.56,P,42,6,496,1,30,216,155,0,Z,41,3,391,0,37,81,119,0,1,-1,-3,-105,-1,7,-135,-36,0
19028,2.09,T,9,1,60,0,195,37,80,1,T,9,0,82,0,190,72,51,2,1,0,-1,22,0,-5,35,-29,1
19029,10.12,P,30,0,272,0,0,56,51,0,T,62,0,823,0,0,54,127,0,1,32,0,551,0,0,-2,76,0
19030,7.28,T,37,0,193,0,1,64,92,2,T,55,0,401,0,539,297,101,18,1,18,0,208,0,538,233,9,16
19031,9.58,T,54,0,753,0,4,73,79,3,Z,38,4,580,0,20,63,162,0,1,-16,4,-173,0,16,-10,83,-3
19032,7.04,Z,46,5,336,0,22,166,167,0,P,49,1,333,0,127,146,110,4,1,3,-4,-3,0,105,-20,-57,4
19033,9.23,P,45,6,192,0,10,88,73,0,T,28,0,741,0,0,59,73,0,0,-17,-6,549,0,-10,-29,0,0
19034,6.06,Z,17,1,260,0,6,22,73,0,T,28,0,264,0,19,45,36,1,0,11,-1,4,0,13,23,-37,1
19035,1.29,P,5,0,97,0,3,24,6,3,Z,6,1,69,0,236,37,33,1,1,1,1,-28,0,233,13,27,-2
19036,2.32,Z,9,0,141,0,57,28,31,3,Z,5,0,57,0,6,17,21,2,0,-4,0,-84,0,-51,-11,-10,-1
19037,9.59,T,84,0,455,0,629,576,252,9,T,60,0,657,0,2,279,275,1,1,-24,0,202,0,-627,-297,23,-8
19038,1.59,T,6,1,100,0,0,9,13,1,Z,9,0,47,0,5,15,41,12,0,3,-1,-53,0,5,6,28,11
19039,0.24,P,1,0,25,0,0,6,2,0,Z,0,3,12,0,0,4,4,0,1,-1,3,-13,0,0,-2,2,0
19040,6.58,Z,38,11,501,0,468,290,244,3,T,59,3,445,0,580,150,59,4,1,21,-8,-56,0,112,-140,-185,1
19041,5.52,P,21,0,148,0,0,35,40,0,P,42,0,246,0,374,197,202,13,1,21,0,98,0,374,162,162,13
19042,4.34,Z,16,1,124,0,11,97,84,1,P,28,0,337,0,0,84,48,0,0,12,-1,213,0,-11,-13,-36,-1
19043,9.59,T,39,0,347,0,3,98,58,4,T,28,0,486,0,0,24,45,0,1,-11,0,139,0,-3,-74,-13,-4
19044,9.59,P,59,0,778,0,11,164,105,0,P,56,2,437,0,44,142,86,1,1,-3,2,-341,0,33,-22,-19,1
19045,10.51,P,51,0,465,0,18,143,72,9,Z,74,0,260,0,9,120,286,0,1,23,0,-205,0,-9,-23,214,-9
19046,4.08,Z,10,0,84,0,0,49,46,0,Z,18,1,154,0,13,37,43,1,1,8,1,70,0,13,-12,-3,1
19047,3.18,Z,12,4,130,0,52,73,78,0,Z,12,3,137,0,217,55,86,0,1,0,-1,7,0,165,-18,8,0
19048,5.15,P,24,0,112,0,6,51,28,5,T,25,0,218,0,0,40,52,1,0,1,0,106,0,-6,-11,24,-4
19049,10,Z,74,0,242,0,261,97,211,8,T,90,0,315,0,46,442,223,6,0,16,0,73,0,-215,345,12,-2
19050,6.3,P,28,0,317,0,10,47,27,2,T,36,0,242,0,17,38,43,3,1,8,0,-75,0,7,-9,16,1
19051,6.34,P,31,5,619,0,44,168,89,1,P,27,0,533,0,86,231,48,5,1,-4,-5,-86,0,42,63,-41,4
19052,4.06,T,24,1,190,0,126,50,167,2,T,14,1,181,0,5,45,27,2,0,-10,0,-9,0,-121,-5,-140,0
19053,6.25,Z,35,2,476,0,21,88,83,1,Z,26,1,206,0,3,31,94,0,0,-9,-1,-270,0,-18,-57,11,-1
19054,9.59,T,90,7,353,0,112,171,162,5,P,67,3,543,0,81,389,138,13,1,-23,-4,190,0,-31,218,-24,8
19055,9.59,Z,54,3,794,0,31,187,209,3,T,63,4,642,0,78,195,111,0,0,9,1,-152,0,47,8,-98,-3
19056,4.03,T,18,0,183,0,115,71,59,10,Z,23,3,206,0,200,66,83,3,1,5,3,23,0,85,-5,24,-7
19057,6.5,P,23,0,340,0,4,136,57,1,P,21,0,305,0,0,222,53,0,0,-2,0,-35,0,-4,86,-4,-1
19058,9.52,Z,58,3,435,0,919,240,237,0,Z,62,12,691,0,70,156,187,2,1,4,9,256,0,-849,-84,-50,2
19059,5.06,Z,19,0,322,0,0,17,78,0,T,19,0,152,0,30,56,31,3,1,0,0,-170,0,30,39,-47,3
19060,3.29,T,17,0,272,0,78,56,25,2,T,15,0,225,0,14,21,30,3,0,-2,0,-47,0,-64,-35,5,1
19061,4.3,Z,19,0,303,0,7,41,77,1,Z,26,0,187,0,11,91,78,4,1,7,0,-116,0,4,50,1,3
19062,5.1,T,35,1,295,0,58,120,45,3,P,40,0,140,0,204,211,80,11,1,5,-1,-155,0,146,91,35,8
19063,9.59,T,109,0,313,0,45,395,84,8,T,65,0,651,0,144,66,52,6,0,-44,0,338,0,99,-329,-32,-2
19064,7.39,P,36,6,261,0,4,136,71,1,T,52,2,559,0,353,221,175,4,0,16,-4,298,0,349,85,104,3
19065,1.49,T,6,2,55,0,142,12,52,0,T,8,0,120,0,66,36,25,1,1,2,-2,65,0,-76,24,-27,1
19066,5.33,T,32,0,220,5,27,37,47,3,P,28,3,297,0,5,123,38,0,1,-4,3,77,-5,-22,86,-9,-3
19067,4.1,P,20,2,63,0,19,70,136,2,T,28,7,166,0,242,46,54,1,0,8,5,103,0,223,-24,-82,-1
19068,9.58,P,70,0,415,0,42,105,111,8,Z,68,2,607,0,178,227,230,5,0,-2,2,192,0,136,122,119,-3
19069,10.4,P,32,0,483,0,0,42,50,0,Z,59,9,323,0,47,67,166,0,1,27,9,-160,0,47,25,116,0
19070,5.29,T,42,0,152,0,13,150,197,15,T,35,0,192,0,7,234,113,3,0,-7,0,40,0,-6,84,-84,-12
19071,9.59,P,80,0,1032,0,56,469,185,7,T,87,7,633,0,157,202,175,2,0,7,7,-399,0,101,-267,-10,-5
19072,3.36,P,14,0,245,0,215,135,20,3,P,24,0,178,0,103,73,26,3,1,10,0,-67,0,-112,-62,6,0
19073,8.14,P,69,0,484,0,190,359,330,2,T,88,0,454,0,411,233,335,9,0,19,0,-30,0,221,-126,5,7
19074,7.24,P,51,0,340,0,37,175,78,3,T,31,2,417,0,3,113,76,4,0,-20,2,77,0,-34,-62,-2,1
19075,9.59,P,46,3,592,0,12,205,64,0,P,40,0,651,0,1,216,83,1,0,-6,-3,59,0,-11,11,19,1
19076,6.26,T,22,0,165,0,0,91,49,0,P,33,0,487,0,5,103,38,1,1,11,0,322,0,5,12,-11,1
19077,9.57,T,71,0,440,0,3,92,117,6,P,37,1,546,0,21,64,65,6,0,-34,1,106,0,18,-28,-52,0
19078,9.59,Z,60,1,676,0,22,256,184,3,T,87,3,678,0,19,167,165,5,1,27,2,2,0,-3,-89,-19,2
19079,9.56,P,25,1,465,0,17,96,36,3,Z,35,0,271,0,13,84,144,5,1,10,-1,-194,0,-4,-12,108,2
19080,9.59,P,71,2,687,0,379,279,218,12,Z,43,0,1137,0,0,140,307,0,0,-28,-2,450,0,-379,-139,89,-12
19081,4.54,P,20,3,271,0,52,52,36,2,T,32,0,244,0,50,41,28,3,1,12,-3,-27,0,-2,-11,-8,1
19082,4.19,T,18,0,291,0,8,35,68,3,Z,17,4,74,0,21,36,112,0,0,-1,4,-217,0,13,1,44,-3
19083,2.51,T,7,0,262,0,0,10,14,0,Z,12,2,18,0,94,20,113,0,1,5,2,-244,0,94,10,99,0
19084,4.39,P,28,0,189,0,0,13,32,0,Z,16,0,229,0,9,29,49,4,0,-12,0,40,0,9,16,17,4
19085,9.58,T,42,3,492,0,28,43,60,10,Z,47,0,299,0,12,115,239,4,1,5,-3,-193,0,-16,72,179,-6
19086,5.49,Z,36,0,321,0,209,178,211,7,T,49,2,328,0,408,164,84,6,0,13,2,7,0,199,-14,-127,-1
19087,7.34,P,68,0,618,0,25,204,131,5,T,79,0,453,0,55,227,79,5,1,11,0,-165,0,30,23,-52,0
19088,7,T,44,0,602,0,39,115,75,5,P,34,0,346,1,6,87,54,1,0,-10,0,-256,1,-33,-28,-21,-4
19089,8.53,P,62,0,659,0,65,261,155,2,Z,52,3,284,0,12,27,159,0,0,-10,3,-375,0,-53,-234,4,-2
19090,2.25,Z,7,0,58,0,204,38,72,2,Z,8,2,38,0,303,20,75,3,1,1,2,-20,0,99,-18,3,1
19091,9.19,T,43,0,615,0,1,156,151,7,T,93,14,337,2,820,379,282,4,1,50,14,-278,2,819,223,131,-3
19092,6.03,Z,34,1,295,0,18,70,80,0,P,32,0,233,0,511,219,52,6,0,-2,-1,-62,0,493,149,-28,6
19093,10.4,T,56,3,458,0,1,44,87,0,Z,55,0,1044,0,77,65,239,3,0,-1,-3,586,0,76,21,152,3
19094,9.58,Z,73,1,711,0,101,190,229,4,T,129,7,601,0,464,342,198,8,0,56,6,-110,0,363,152,-31,4
19095,8.46,Z,64,2,277,0,47,131,234,0,P,55,0,445,0,66,157,101,12,0,-9,-2,168,0,19,26,-133,12
19096,3.56,P,23,0,168,0,24,111,34,1,T,23,0,109,0,135,169,19,3,0,0,0,-59,0,111,58,-15,2
19097,9.56,Z,60,0,493,0,452,233,314,7,P,64,3,1046,0,40,225,82,1,0,4,3,553,0,-412,-8,-232,-6
19098,5.34,T,72,0,420,0,120,170,115,7,Z,35,0,251,0,25,128,62,3,0,-37,0,-169,0,-95,-42,-53,-4
19099,9.58,T,78,0,965,0,17,209,103,5,Z,49,2,486,0,321,306,311,5,1,-29,2,-479,0,304,97,208,0
19100,1.25,Z,2,2,72,0,8,10,13,0,P,17,4,135,0,1,41,19,0,1,15,2,63,0,-7,31,6,0
19101,8.36,T,53,9,498,0,34,179,154,2,P,70,2,216,0,59,173,161,0,0,17,-7,-282,0,25,-6,7,-2
19102,9.59,P,129,3,485,0,201,274,128,17,Z,103,14,509,7,864,234,389,0,0,-26,11,24,7,663,-40,261,-17
19103,7.31,P,38,3,520,0,46,138,83,8,P,38,1,658,0,2,145,70,0,0,0,-2,138,0,-44,7,-13,-8
19104,4.16,T,18,7,361,0,163,69,34,1,T,23,0,243,0,91,88,72,2,1,5,-7,-118,0,-72,19,38,1
19105,9.59,T,89,0,561,0,21,160,307,2,Z,70,0,767,0,128,298,360,8,1,-19,0,206,0,107,138,53,6
19106,9.38,T,106,6,727,0,548,326,120,7,Z,76,9,430,0,139,231,257,8,0,-30,3,-297,0,-409,-95,137,1
19107,4.3,P,43,0,249,0,81,254,66,4,T,27,1,101,0,399,79,127,2,1,-16,1,-148,0,318,-175,61,-2
19108,4.1,P,25,0,265,0,133,103,48,7,T,21,0,109,0,400,114,43,6,0,-4,0,-156,0,267,11,-5,-1
19109,9.59,P,77,3,543,0,16,128,119,0,Z,69,3,463,0,73,242,319,2,0,-8,0,-80,0,57,114,200,2
19110,3.02,P,9,2,215,0,7,37,17,0,Z,9,0,31,0,1,23,101,2,0,0,-2,-184,0,-6,-14,84,2
19111,9.59,T,60,0,404,0,30,67,82,14,Z,52,2,309,0,55,132,248,1,0,-8,2,-95,0,25,65,166,-13
19112,9.58,P,34,13,326,1,72,161,112,0,T,69,1,721,0,27,154,82,2,1,35,-12,395,-1,-45,-7,-30,2
19113,5.13,T,56,0,220,0,350,142,58,11,Z,27,0,264,0,116,127,161,5,1,-29,0,44,0,-234,-15,103,-6
19114,8.22,Z,30,0,380,0,17,95,92,3,T,42,0,399,0,0,92,71,0,0,12,0,19,0,-17,-3,-21,-3
19115,9.59,T,52,0,366,0,25,65,74,8,T,73,5,918,0,59,289,115,3,1,21,5,552,0,34,224,41,-5
19116,4.02,T,18,3,110,0,20,37,18,0,Z,10,2,112,0,47,15,40,2,1,-8,-1,2,0,27,-22,22,2
19117,10.27,T,68,8,551,0,662,144,268,13,T,92,0,946,0,67,148,93,8,1,24,-8,395,0,-595,4,-175,-5
19118,9.44,T,103,0,498,0,804,228,124,6,Z,55,5,326,0,119,215,285,4,1,-48,5,-172,0,-685,-13,161,-2
19119,6.27,Z,37,10,251,0,49,154,173,1,Z,53,3,290,0,86,170,204,0,1,16,-7,39,0,37,16,31,-1
19120,6.45,P,28,2,200,0,6,24,41,0,P,31,2,520,0,31,99,58,1,1,3,0,320,0,25,75,17,1
19121,10.11,Z,57,0,507,0,163,512,389,5,Z,84,0,410,0,207,280,264,17,1,27,0,-97,0,44,-232,-125,12
19122,1.42,P,5,0,134,0,2,14,6,2,Z,5,0,153,0,0,15,22,1,1,0,0,19,0,-2,1,16,-1
19123,9.59,P,68,5,361,0,45,123,59,3,T,70,0,705,0,138,213,166,10,0,2,-5,344,0,93,90,107,7
19124,7.13,T,37,0,156,0,0,26,74,0,T,37,7,434,0,57,133,172,1,0,0,7,278,0,57,107,98,1
19125,10.43,P,74,0,639,0,407,439,134,14,T,117,5,812,0,113,388,208,9,0,43,5,173,0,-294,-51,74,-5
19126,8.08,P,30,0,467,0,14,143,73,4,T,46,0,455,0,1,195,75,2,1,16,0,-12,0,-13,52,2,-2
19127,9.11,P,62,2,307,0,36,280,89,7,Z,75,6,107,0,51,160,197,0,0,13,4,-200,0,15,-120,108,-7
19128,9.25,T,81,4,665,0,204,336,122,5,P,55,4,822,0,58,115,75,0,1,-26,0,157,0,-146,-221,-47,-5
19129,9.57,T,118,0,1034,0,400,238,207,6,P,84,0,530,0,15,345,196,13,1,-34,0,-504,0,-385,107,-11,7
19130,8.18,P,20,0,433,0,0,180,48,1,T,55,0,360,0,4,169,105,9,1,35,0,-73,0,4,-11,57,8
19131,9.58,P,28,0,758,0,2,120,59,0,P,47,5,559,0,28,81,66,0,0,19,5,-199,0,26,-39,7,0
19132,9.59,T,60,5,412,0,30,138,107,4,Z,51,5,287,0,11,77,199,0,1,-9,0,-125,0,-19,-61,92,-4
19133,5,Z,17,7,238,0,293,61,59,0,Z,31,7,400,0,32,55,100,0,1,14,0,162,0,-261,-6,41,0
19134,9.58,Z,48,0,315,0,46,134,195,5,Z,66,0,521,0,16,162,223,3,0,18,0,206,0,-30,28,28,-2
19135,9.59,P,84,0,561,0,67,185,154,3,T,48,0,398,0,17,87,73,9,0,-36,0,-163,0,-50,-98,-81,6
19136,6.43,P,40,0,168,0,15,120,301,2,T,56,6,440,0,70,107,127,2,1,16,6,272,0,55,-13,-174,0
19137,9.59,Z,51,2,252,0,73,109,151,5,P,42,0,448,0,15,142,57,2,0,-9,-2,196,0,-58,33,-94,-3
19138,8.06,T,78,0,478,0,203,177,122,22,P,80,0,364,0,116,439,122,5,0,2,0,-114,0,-87,262,0,-17
19139,7.38,P,33,0,503,0,0,111,151,0,T,39,0,392,0,177,122,45,7,1,6,0,-111,0,177,11,-106,7
19140,4.37,P,30,1,269,0,204,243,122,7,Z,23,0,200,0,2,115,113,6,1,-7,-1,-69,0,-202,-128,-9,-1
19141,10,Z,61,0,535,0,139,401,255,28,T,111,1,593,0,571,417,159,5,1,50,1,58,0,432,16,-96,-23
19142,8.03,Z,44,0,238,0,0,110,190,0,T,51,4,361,0,11,430,77,0,1,7,4,123,0,11,320,-113,0
19143,9.56,P,35,0,688,0,12,134,51,3,T,67,0,611,0,9,41,92,4,1,32,0,-77,0,-3,-93,41,1
19144,7.53,Z,42,9,263,0,386,232,326,2,Z,51,10,253,0,40,153,143,0,0,9,1,-10,0,-346,-79,-183,-2
19145,9.59,T,118,1,685,0,450,413,198,18,Z,85,2,431,0,86,312,363,1,0,-33,1,-254,0,-364,-101,165,-17
19146,9.59,P,75,0,956,0,30,275,214,10,P,67,0,413,0,9,183,135,3,1,-8,0,-543,0,-21,-92,-79,-7
19147,6.02,T,54,0,184,0,400,165,274,7,Z,35,1,297,0,181,196,211,5,1,-19,1,113,0,-219,31,-63,-2
19148,7.13,T,83,0,318,0,502,235,114,24,T,47,4,251,0,313,262,133,12,1,-36,4,-67,0,-189,27,19,-12
19149,8.33,P,37,3,348,0,25,105,39,0,Z,69,0,346,0,167,159,272,4,1,32,-3,-2,0,142,54,233,4
19150,9.56,T,106,0,583,0,1525,374,304,23,Z,73,8,513,0,108,297,244,6,0,-33,8,-70,0,-1417,-77,-60,-17
19151,7.52,P,42,0,659,0,9,218,62,4,Z,50,1,508,0,22,209,219,0,1,8,1,-151,0,13,-9,157,-4
19152,5,T,27,3,386,0,10,23,42,0,Z,24,7,232,0,80,54,65,0,0,-3,4,-154,0,70,31,23,0
19153,2.17,T,14,0,113,0,234,25,37,4,P,4,0,98,0,193,48,55,2,1,-10,0,-15,0,-41,23,18,-2
19154,9.59,Z,53,0,513,0,19,65,160,2,T,49,5,323,0,0,58,85,0,0,-4,5,-190,0,-19,-7,-75,-2
19155,9.59,Z,100,0,461,0,64,219,186,8,T,83,0,479,0,15,254,184,6,0,-17,0,18,0,-49,35,-2,-2
19156,10.5,Z,28,0,316,0,19,18,119,0,Z,42,0,343,0,0,47,155,0,0,14,0,27,0,-19,29,36,0
19157,4.31,T,29,0,485,0,2,70,64,4,T,19,0,310,0,0,63,40,1,0,-10,0,-175,0,-2,-7,-24,-3
19158,5.12,T,32,1,301,0,2,63,57,0,P,16,0,307,0,2,51,37,2,0,-16,-1,6,0,0,-12,-20,2
19159,9.15,P,39,7,639,0,14,108,58,3,P,49,0,302,5,27,61,65,0,0,10,-7,-337,5,13,-47,7,-3
19160,8.57,P,40,0,723,0,8,98,58,1,Z,49,1,435,1,26,71,162,0,1,9,1,-288,1,18,-27,104,-1
19161,8.56,Z,36,2,763,0,16,104,133,1,P,55,0,672,0,9,144,62,1,1,19,-2,-91,0,-7,40,-71,0
19162,8.45,P,31,2,518,0,3,103,59,0,T,76,0,291,0,316,138,110,8,0,45,-2,-227,0,313,35,51,8
19163,7.08,P,33,0,463,0,0,40,50,0,Z,30,0,327,0,275,184,126,6,1,-3,0,-136,0,275,144,76,6
19164,5.54,T,17,0,365,0,0,64,41,2,Z,21,0,128,0,8,19,81,3,1,4,0,-237,0,8,-45,40,1
19165,8.16,Z,70,0,601,0,78,229,181,9,T,99,0,219,0,252,264,193,16,1,29,0,-382,0,174,35,12,7
19166,10.16,P,52,7,597,0,14,166,63,2,P,60,6,443,3,40,198,80,1,0,8,-1,-154,3,26,32,17,-1
19167,9.59,T,119,3,456,0,94,330,159,10,Z,139,3,708,0,662,312,339,20,0,20,0,252,0,568,-18,180,10
19168,9,P,40,0,289,0,1,184,79,2,P,33,0,497,0,1,92,65,2,1,-7,0,208,0,0,-92,-14,0
19169,7.55,P,45,1,817,0,359,217,101,6,Z,64,4,352,0,133,235,204,2,1,19,3,-465,0,-226,18,103,-4
19170,1.51,P,5,0,18,0,45,71,57,3,T,6,0,123,0,0,11,14,0,0,1,0,105,0,-45,-60,-43,-3
19171,4.27,T,26,4,213,0,42,84,40,6,P,31,0,163,0,275,157,76,3,1,5,-4,-50,0,233,73,36,-3
19172,9.59,Z,69,0,376,0,122,211,230,11,P,88,4,505,0,97,291,76,7,1,19,4,129,0,-25,80,-154,-4
19173,4.18,P,35,2,83,0,99,78,47,3,P,22,0,143,11,34,176,34,0,0,-13,-2,60,11,-65,98,-13,-3
19174,5.12,T,35,0,462,0,104,95,61,8,T,29,2,265,0,484,190,65,3,1,-6,2,-197,0,380,95,4,-5
19175,9.16,T,67,2,587,1,14,119,161,1,P,50,9,357,0,29,38,75,2,0,-17,7,-230,-1,15,-81,-86,1
19176,9.59,T,53,6,926,0,21,71,83,0,T,50,0,334,0,4,128,179,3,1,-3,-6,-592,0,-17,57,96,3
19177,4.52,T,25,0,255,0,3,34,45,2,P,13,0,346,0,34,189,34,5,0,-12,0,91,0,31,155,-11,3
19178,9.59,T,100,3,461,0,334,422,140,1,T,105,4,547,0,522,279,157,4,1,5,1,86,0,188,-143,17,3
19179,9.39,T,67,11,885,0,3,93,101,0,P,34,0,284,0,9,133,77,4,1,-33,-11,-601,0,6,40,-24,4
19180,10.48,T,105,0,649,0,89,319,151,8,Z,101,4,408,0,86,256,341,11,1,-4,4,-241,0,-3,-63,190,3
19181,8.34,Z,47,10,424,0,150,126,157,2,T,47,4,739,0,12,47,49,0,0,0,-6,315,0,-138,-79,-108,-2
19182,9.59,T,87,0,585,0,254,189,97,12,Z,68,6,404,0,70,180,210,4,0,-19,6,-181,0,-184,-9,113,-8
19183,9.59,T,124,3,627,0,831,247,102,7,Z,116,12,197,0,65,161,282,1,1,-8,9,-430,0,-766,-86,180,-6
19184,9.57,P,61,1,776,0,28,243,101,0,Z,85,0,318,0,64,168,241,6,1,24,-1,-458,0,36,-75,140,6
19185,4.24,T,19,0,37,0,29,39,41,5,P,23,0,311,0,8,86,108,2,0,4,0,274,0,-21,47,67,-3
19186,9.59,T,70,0,649,0,120,197,255,8,Z,44,0,272,0,25,184,152,2,0,-26,0,-377,0,-95,-13,-103,-6
19187,4.04,T,19,1,320,0,261,80,19,3,T,23,2,158,0,0,38,52,1,1,4,1,-162,0,-261,-42,33,-2
19188,6.4,Z,34,0,200,13,73,132,139,1,P,45,3,198,0,287,212,108,0,1,11,3,-2,-13,214,80,-31,-1
19189,4.4,P,22,1,241,0,6,70,31,0,P,19,1,494,0,2,37,24,0,0,-3,0,253,0,-4,-33,-7,0
19190,5.45,T,23,0,318,0,4,81,59,3,Z,18,12,197,0,4,70,79,0,0,-5,12,-121,0,0,-11,20,-3
19191,9.44,P,89,5,421,0,195,274,96,4,T,59,0,792,0,14,201,81,6,0,-30,-5,371,0,-181,-73,-15,2
19192,9.26,Z,65,11,811,1,416,294,388,2,Z,70,10,433,3,670,321,279,7,1,5,-1,-378,2,254,27,-109,5
19193,7.46,T,63,6,354,0,602,123,211,5,Z,41,2,324,0,52,129,142,5,0,-22,-4,-30,0,-550,6,-69,0
19194,9.58,P,89,10,590,0,1210,445,202,6,T,80,5,576,0,308,362,107,4,0,-9,-5,-14,0,-902,-83,-95,-2
19195,7.15,Z,45,1,338,0,10,103,138,2,T,37,6,457,0,610,169,113,0,1,-8,5,119,0,600,66,-25,-2
19196,9.58,P,69,5,496,0,155,176,66,2,T,63,6,879,0,40,68,73,8,0,-6,1,383,0,-115,-108,7,6
19197,8.22,P,40,0,396,0,20,148,53,6,Z,61,0,225,0,149,156,177,9,1,21,0,-171,0,129,8,124,3
19198,6.04,T,46,1,249,4,321,98,130,2,Z,17,3,182,4,662,108,226,0,0,-29,2,-67,0,341,10,96,-2
19199,8.33,Z,51,2,535,0,68,175,177,4,P,41,0,417,0,12,207,78,1,0,-10,-2,-118,0,-56,32,-99,-3
19200,9.58,T,39,0,380,0,5,272,160,0,Z,38,0,496,0,0,210,141,0,1,-1,0,116,0,-5,-62,-19,0
19201,9.14,T,100,13,255,0,513,243,85,11,T,73,4,778,0,182,116,110,10,0,-27,-9,523,0,-331,-127,25,-1
19202,6.24,Z,25,3,377,0,77,74,128,0,Z,39,4,272,0,312,102,130,5,0,14,1,-105,0,235,28,2,5
19203,9.44,Z,66,4,539,0,35,248,186,7,T,79,1,888,0,70,170,150,2,0,13,-3,349,0,35,-78,-36,-5
19204,6.1,Z,25,0,236,0,23,77,108,6,T,33,0,387,0,0,81,63,0,0,8,0,151,0,-23,4,-45,-6
19205,6.49,P,32,1,319,0,3,140,123,1,P,34,0,312,0,11,161,68,3,0,2,-1,-7,0,8,21,-55,2
19206,9.59,P,41,7,237,0,105,104,70,3,T,70,0,412,0,1050,174,312,11,0,29,-7,175,0,945,70,242,8
19207,7.53,Z,33,3,240,0,3,66,410,0,T,36,0,331,0,105,89,66,7,0,3,-3,91,0,102,23,-344,7
19208,10.08,Z,60,0,369,0,28,224,269,2,P,79,0,774,0,78,297,67,13,0,19,0,405,0,50,73,-202,11
19209,8.18,Z,38,7,326,0,400,116,272,3,P,33,6,439,0,29,218,57,0,0,-5,-1,113,0,-371,102,-215,-3
19210,9.59,Z,87,7,447,0,1200,419,326,21,Z,43,0,162,0,40,89,165,4,0,-44,-7,-285,0,-1160,-330,-161,-17
19211,4.57,Z,24,2,325,0,427,122,229,5,Z,27,7,213,0,52,39,101,0,0,3,5,-112,0,-375,-83,-128,-5
19212,5.42,T,21,0,143,0,4,101,65,3,Z,23,0,384,0,25,57,163,1,0,2,0,241,0,21,-44,98,-2
19213,9.59,P,45,0,800,0,0,30,47,1,T,38,0,256,0,6,72,62,4,1,-7,0,-544,0,6,42,15,3
19214,9.58,P,65,0,810,0,70,158,128,8,Z,62,7,329,0,64,216,224,1,1,-3,7,-481,0,-6,58,96,-7
19215,9.57,P,41,0,463,0,0,399,87,0,T,20,0,257,0,0,137,55,0,0,-21,0,-206,0,0,-262,-32,0
19216,4.54,Z,18,4,181,4,32,25,76,0,P,24,0,236,0,7,76,43,0,1,6,-4,55,-4,-25,51,-33,0
19217,9.58,T,90,11,673,0,279,217,177,3,T,90,1,487,0,367,248,156,11,1,0,-10,-186,0,88,31,-21,8
19218,9.59,T,63,0,571,0,24,112,164,3,Z,50,3,311,0,33,70,172,1,1,-13,3,-260,0,9,-42,8,-2
19219,8.21,T,72,2,520,0,146,205,114,15,T,73,0,407,0,51,144,103,10,1,1,-2,-113,0,-95,-61,-11,-5
19220,0.28,Z,4,0,19,0,50,4,11,2,P,1,0,6,0,0,0,0,0,0,-3,0,-13,0,-50,-4,-11,-2
19221,9.59,Z,73,7,369,0,86,156,307,1,P,48,0,653,0,38,52,47,5,0,-25,-7,284,0,-48,-104,-260,4
19222,9.59,Z,74,0,578,0,178,96,170,6,Z,84,14,300,0,156,294,352,0,0,10,14,-278,0,-22,198,182,-6
19223,9.59,Z,82,0,404,0,93,104,233,12,T,89,7,419,0,752,409,254,6,1,7,7,15,0,659,305,21,-6
19224,6.2,P,23,0,454,0,16,236,56,12,Z,28,1,216,0,14,99,138,1,1,5,1,-238,0,-2,-137,82,-11
19225,4.18,T,15,0,202,0,0,55,32,0,T,32,0,112,0,106,83,87,3,1,17,0,-90,0,106,28,55,3
19226,9.12,Z,55,0,332,0,117,298,351,12,P,76,1,330,0,96,283,145,8,1,21,1,-2,0,-21,-15,-206,-4
19227,4.08,T,21,0,210,0,315,171,89,10,P,26,1,127,0,22,177,118,0,1,5,1,-83,0,-293,6,29,-10
19228,5.54,P,41,3,500,0,147,208,64,3,Z,27,1,205,0,49,102,102,2,0,-14,-2,-295,0,-98,-106,38,-1
19229,4.36,P,17,0,270,0,409,129,25,9,P,23,0,295,0,26,57,42,5,0,6,0,25,0,-383,-72,17,-4
19230,9.59,P,61,9,316,0,273,109,44,6,T,111,0,385,0,529,254,176,15,1,50,-9,69,0,256,145,132,9
19231,3.28,P,13,1,256,0,0,56,19,0,T,17,0,65,0,98,52,41,4,1,4,-1,-191,0,98,-4,22,4
19232,3.02,T,15,1,124,0,69,46,30,2,P,8,0,150,0,0,16,6,2,0,-7,-1,26,0,-69,-30,-24,0
19233,9.59,P,71,0,814,0,147,293,95,6,P,53,0,445,0,80,145,101,5,1,-18,0,-369,0,-67,-148,6,-1
19234,9.59,T,116,6,580,0,551,374,169,4,Z,61,3,269,0,44,193,194,3,0,-55,-3,-311,0,-507,-181,25,-1
19235,9.16,T,93,9,608,0,351,306,163,2,Z,70,12,437,0,457,166,204,0,0,-23,3,-171,0,106,-140,41,-2
19236,8.55,T,89,5,431,0,70,244,122,2,Z,85,0,281,14,134,150,225,2,1,-4,-5,-150,14,64,-94,103,0
19237,6.34,Z,30,0,253,0,32,68,96,3,T,56,5,535,0,182,156,221,6,1,26,5,282,0,150,88,125,3
19238,9.02,Z,58,0,637,0,44,159,170,9,P,50,2,271,0,35,110,50,8,0,-8,2,-366,0,-9,-49,-120,-1
19239,3.57,T,22,0,186,0,0,14,33,0,Z,10,1,294,0,13,14,35,1,1,-12,1,108,0,13,0,2,1
19240,9.27,T,71,3,798,0,60,38,58,0,T,50,0,491,0,22,29,39,3,0,-21,-3,-307,0,-38,-9,-19,3
19241,9.59,T,65,0,689,0,26,109,122,5,T,56,0,494,0,15,153,78,1,1,-9,0,-195,0,-11,44,-44,-4
19242,9.57,P,24,0,430,0,0,17,39,2,T,36,0,380,0,0,175,65,1,1,12,0,-50,0,0,158,26,-1
19243,5.28,Z,23,0,356,0,0,85,99,0,Z,24,0,133,0,0,75,74,0,0,1,0,-223,0,0,-10,-25,0
19244,9.48,P,33,0,398,0,11,90,63,8,P,51,0,664,0,67,225,144,13,1,18,0,266,0,56,135,81,5
19245,6.14,P,23,0,429,0,0,90,37,0,P,20,0,168,0,0,111,39,0,1,-3,0,-261,0,0,21,2,0
19246,9.59,P,40,0,167,0,0,144,62,0,T,56,0,720,0,0,227,94,0,1,16,0,553,0,0,83,32,0
19247,2.58,Z,12,0,59,0,0,27,67,0,P,11,0,116,0,68,58,93,3,0,-1,0,57,0,68,31,26,3
19248,7.53,Z,43,2,573,0,255,142,289,0,P,53,2,545,0,11,147,144,10,1,10,0,-28,0,-244,5,-145,10
19249,5.22,P,13,0,230,0,0,24,21,0,P,15,0,240,1,1,82,35,1,1,2,0,10,1,1,58,14,1
19250,5.05,T,34,0,244,0,2,131,91,4,P,17,0,116,0,0,282,38,0,1,-17,0,-128,0,-2,151,-53,-4
19251,9.59,Z,71,12,362,0,72,200,307,6,T,90,0,510,0,219,246,157,8,0,19,-12,148,0,147,46,-150,2
19252,9.59,P,72,0,531,0,56,235,149,2,Z,52,0,1001,0,67,199,190,2,0,-20,0,470,0,11,-36,41,0
19253,3.4,Z,14,1,135,0,29,31,64,1,T,17,2,287,0,14,77,124,2,0,3,1,152,0,-15,46,60,1
19254,5.34,Z,28,5,140,0,84,46,70,0,P,24,0,160,0,12,110,98,5,0,-4,-5,20,0,-72,64,28,5
19255,9.56,T,53,2,690,0,7,95,102,1,T,61,1,688,0,12,177,182,4,1,8,-1,-2,0,5,82,80,3
19256,9.57,P,33,0,506,0,0,178,99,0,T,51,0,1016,1,4,108,88,2,0,18,0,510,1,4,-70,-11,2
19257,9.59,P,70,0,811,0,108,326,166,9,Z,60,0,331,0,68,173,447,11,0,-10,0,-480,0,-40,-153,281,2
19258,7.39,T,70,3,354,0,288,208,125,3,P,43,0,382,0,30,364,127,8,0,-27,-3,28,0,-258,156,2,5
19259,5.2,T,42,0,302,0,147,140,89,18,Z,31,5,218,0,110,104,163,0,1,-11,5,-84,0,-37,-36,74,-18
19260,7.43,P,58,0,216,0,42,208,176,9,Z,55,0,721,0,134,171,250,7,0,-3,0,505,0,92,-37,74,-2
19261,9.59,T,67,0,727,0,14,306,95,4,Z,57,0,186,0,14,290,162,4,0,-10,0,-541,0,0,-16,67,0
19262,10.33,P,63,0,809,0,152,234,226,6,T,78,9,574,0,86,302,114,0,1,15,9,-235,0,-66,68,-112,-6
19263,10.33,P,80,0,551,0,0,238,267,0,T,92,6,877,0,748,251,391,10,0,12,6,326,0,748,13,124,10
19264,4.1,T,21,0,126,0,186,25,98,2,T,13,1,277,0,1,11,31,1,1,-8,1,151,0,-185,-14,-67,-1
19265,10.21,T,73,0,491,0,4,282,77,2,Z,50,0,92,0,0,24,137,0,0,-23,0,-399,0,-4,-258,60,-2
19266,10.49,T,72,1,824,0,46,109,81,6,P,39,3,655,0,3,165,74,0,0,-33,2,-169,0,-43,56,-7,-6
19267,3.54,T,14,1,108,0,4,38,27,1,P,17,1,313,0,14,63,30,2,1,3,0,205,0,10,25,3,1
19268,0.15,Z,1,1,13,0,0,12,3,0,Z,0,0,4,0,0,9,7,0,1,-1,-1,-9,0,0,-3,4,0
19269,4.11,T,25,0,228,0,148,52,31,4,P,23,2,304,0,397,65,92,5,1,-2,2,76,0,249,13,61,1
19270,9.21,T,75,7,425,0,365,126,144,0,P,66,4,345,0,88,148,85,1,0,-9,-3,-80,0,-277,22,-59,1
19271,7.3,Z,36,2,512,0,11,70,155,0,Z,44,7,203,0,61,136,129,0,1,8,5,-309,0,50,66,-26,0
19272,9.59,Z,64,0,522,0,108,180,320,20,Z,62,0,636,0,118,215,233,10,0,-2,0,114,0,10,35,-87,-10
19273,7.26,P,33,0,190,0,11,116,62,5,T,42,0,405,10,13,32,134,1,0,9,0,215,10,2,-84,72,-4
19274,9.59,T,103,12,353,1,278,232,130,1,Z,70,0,376,0,257,248,322,10,0,-33,-12,23,-1,-21,16,192,9
19275,10,Z,65,0,329,0,55,200,177,6,Z,64,10,446,0,159,189,200,2,0,-1,10,117,0,104,-11,23,-4
19276,3.21,T,19,0,85,1,3,36,30,0,T,15,2,113,0,397,19,67,1,0,-4,2,28,-1,394,-17,37,1
19277,8.47,Z,59,0,406,0,67,118,216,6,P,62,2,580,11,85,104,89,0,0,3,2,174,11,18,-14,-127,-6
19278,9.17,T,54,9,563,0,66,330,142,4,T,72,8,663,0,245,114,90,0,0,18,-1,100,0,179,-216,-52,-4
19279,5.03,T,25,0,238,0,20,108,55,6,T,40,0,361,0,57,169,128,6,1,15,0,123,0,37,61,73,0
19280,4.12,Z,16,3,97,0,228,65,41,5,P,20,3,289,0,275,105,89,2,0,4,0,192,0,47,40,48,-3
19281,8.45,Z,58,4,324,2,119,255,255,10,Z,50,7,310,0,56,230,161,0,0,-8,3,-14,-2,-63,-25,-94,-10
19282,5.23,T,47,0,489,2,365,74,54,1,Z,16,6,94,0,425,59,57,0,0,-31,6,-395,-2,60,-15,3,-1
19283,9.59,Z,64,0,613,0,73,161,279,6,T,52,0,581,0,30,222,136,11,0,-12,0,-32,0,-43,61,-143,5
19284,2.13,P,11,1,81,0,1,67,29,0,Z,2,0,62,0,0,13,18,1,1,-9,-1,-19,0,-1,-54,-11,1
19285,9.59,Z,69,0,439,0,53,96,191,19,P,62,0,747,0,14,192,128,5,1,-7,0,308,0,-39,96,-63,-14
19286,4.03,P,13,0,280,0,3,33,20,2,Z,24,3,173,0,208,30,71,2,1,11,3,-107,0,205,-3,51,0
19287,9.59,Z,79,0,389,0,380,294,392,7,T,81,5,294,0,553,115,186,3,0,2,5,-95,0,173,-179,-206,-4
19288,9.59,T,63,0,843,0,0,114,107,0,P,48,1,627,0,17,289,76,3,0,-15,1,-216,0,17,175,-31,3
19289,9.58,T,67,0,707,0,0,135,102,0,P,46,1,592,0,18,186,110,14,0,-21,1,-115,0,18,51,8,14
19290,8.52,Z,39,3,454,0,1,48,141,0,T,56,0,792,0,446,184,106,7,0,17,-3,338,0,445,136,-35,7
19291,9.59,T,103,0,624,0,973,263,203,25,Z,87,0,370,0,77,235,336,11,0,-16,0,-254,0,-896,-28,133,-14
19292,6.49,T,72,0,607,0,539,151,64,7,P,24,0,333,0,30,120,43,4,0,-48,0,-274,0,-509,-31,-21,-3
19293,4.31,P,11,0,173,0,0,84,28,0,T,29,0,278,0,0,67,28,0,0,18,0,105,0,0,-17,0,0
19294,6.13,T,29,3,204,0,13,28,43,0,P,23,0,265,0,8,113,43,2,0,-6,-3,61,0,-5,85,0,2
19295,4.5,P,17,0,172,0,0,40,24,0,T,22,4,399,0,3,82,37,0,1,5,4,227,0,3,42,13,0
19296,10.51,T,50,5,1110,0,22,97,76,0,Z,64,0,744,0,39,195,203,3,1,14,-5,-366,0,17,98,127,3
19297,5.34,P,23,0,174,0,7,29,44,2,T,41,1,170,0,49,60,34,3,0,18,1,-4,0,42,31,-10,1
19298,6.09,Z,30,4,106,0,863,106,355,0,T,37,0,191,0,2,31,85,4,1,7,-4,85,0,-861,-75,-270,4
19299,5.06,T,27,0,179,0,10,71,27,2,T,34,2,227,0,187,98,126,6,1,7,2,48,0,177,27,99,4
19300,7.23,Z,29,6,220,0,3,43,88,0,Z,26,0,357,6,66,81,122,1,0,-3,-6,137,6,63,38,34,1
19301,2.35,Z,8,0,11,0,0,13,73,0,T,11,0,96,0,237,74,14,4,0,3,0,85,0,237,61,-59,4
19302,9.36,Z,54,0,390,0,44,60,136,5,Z,49,3,491,0,7,268,290,0,0,-5,3,101,0,-37,208,154,-5
19303,2.56,Z,13,0,7,0,0,30,44,0,T,8,0,166,0,0,18,23,1,0,-5,0,159,0,0,-12,-21,1
19304,9.03,Z,44,0,339,0,494,205,201,4,Z,62,4,504,0,196,324,243,6,1,18,4,165,0,-298,119,42,2
19305,5,T,21,0,179,0,15,84,43,2,T,31,0,130,0,0,37,101,0,1,10,0,-49,0,-15,-47,58,-2
19306,9.57,T,58,1,645,0,36,79,86,3,T,75,10,748,0,46,231,113,3,1,17,9,103,0,10,152,27,0
19307,9.59,Z,79,11,499,0,731,248,280,1,T,116,7,503,0,468,351,241,11,1,37,-4,4,0,-263,103,-39,10
19308,7.42,T,63,0,437,5,92,93,116,1,Z,41,0,286,0,55,321,169,3,0,-22,0,-151,-5,-37,228,53,2
19309,4.57,T,32,2,518,0,14,87,40,0,Z,23,1,324,1,1,39,78,0,0,-9,-1,-194,1,-13,-48,38,0
19310,7.26,Z,43,0,372,0,39,138,124,22,P,46,2,688,0,29,102,48,1,1,3,2,316,0,-10,-36,-76,-21
19311,6.19,Z,38,0,540,0,124,120,150,7,P,43,0,490,0,16,75,42,4,0,5,0,-50,0,-108,-45,-108,-3
19312,9.59,P,80,0,461,0,65,226,100,18,T,65,0,384,0,22,115,103,5,0,-15,0,-77,0,-43,-111,3,-13
19313,3.36,Z,12,3,57,0,12,7,35,2,Z,13,1,100,0,322,29,149,7,0,1,-2,43,0,310,22,114,5
19314,9.59,T,72,0,458,0,18,179,162,8,Z,62,1,560,0,35,146,198,1,0,-10,1,102,0,17,-33,36,-7
19315,9.57,P,60,0,508,0,83,46,57,8,T,41,0,606,0,0,32,60,1,0,-19,0,98,0,-83,-14,3,-7
19316,8.59,T,64,0,691,0,20,185,100,7,P,50,0,403,0,184,305,207,9,0,-14,0,-288,0,164,120,107,2
19317,9.58,P,20,0,429,0,0,133,54,0,T,48,0,550,0,2,208,91,2,0,28,0,121,0,2,75,37,2
19318,8.07,Z,43,0,362,0,3,38,115,5,P,54,1,363,0,21,225,52,1,1,11,1,1,0,18,187,-63,-4
19319,7.15,Z,41,0,320,0,240,186,426,3,Z,36,3,299,0,153,47,108,3,0,-5,3,-21,0,-87,-139,-318,0
19320,7.25,P,60,2,238,0,106,118,67,11,Z,49,5,244,0,74,130,169,3,1,-11,3,6,0,-32,12,102,-8
19321,5.58,T,38,2,621,0,8,206,134,1,Z,31,1,454,0,15,36,99,0,0,-7,-1,-167,0,7,-170,-35,-1
19322,8.24,T,58,0,505,0,454,206,89,5,P,56,2,217,0,29,328,121,5,1,-2,2,-288,0,-425,122,32,0
19323,9.59,Z,66,0,549,0,66,133,289,5,T,85,0,770,0,260,243,343,10,0,19,0,221,0,194,110,54,5
19324,9.59,P,49,0,584,0,8,38,35,3,Z,55,7,630,0,14,72,153,2,1,6,7,46,0,6,34,118,-1
19325,5.51,Z,26,2,416,0,9,163,113,2,T,45,0,246,0,69,140,146,7,1,19,-2,-170,0,60,-23,33,5
19326,5.03,Z,21,0,175,3,170,27,162,0,P,26,1,322,0,27,141,25,2,1,5,1,147,-3,-143,114,-137,2
19327,0.59,Z,3,0,27,0,26,13,58,3,T,2,0,29,0,0,2,3,0,0,-1,0,2,0,-26,-11,-55,-3
19328,10.49,Z,42,0,565,0,4,115,168,5,T,53,0,786,0,7,86,102,1,1,11,0,221,0,3,-29,-66,-4
19329,9.59,P,34,0,368,0,219,278,154,5,T,31,0,394,0,6,104,123,3,0,-3,0,26,0,-213,-174,-31,-2
19330,8.18,T,61,2,515,0,653,124,85,5,T,60,4,786,0,19,215,90,0,0,-1,2,271,0,-634,91,5,-5
19331,7.39,T,46,1,487,0,155,110,104,7,T,79,2,511,1,588,189,178,6,1,33,1,24,1,433,79,74,-1
19332,3.59,Z,15,2,281,6,159,94,83,0,Z,28,2,180,0,380,133,204,4,1,13,0,-101,-6,221,39,121,4
19333,2.36,T,9,2,189,0,2,20,18,0,P,0,0,1,0,0,0,0,0,1,-9,-2,-188,0,-2,-20,-18,0
19334,4.44,T,21,0,218,0,0,82,41,1,P,18,1,166,0,0,30,43,0,1,-3,1,-52,0,0,-52,2,-1
19335,9.58,Z,48,0,370,0,42,204,175,13,Z,79,0,405,0,63,110,194,8,1,31,0,35,0,21,-94,19,-5
19336,7.59,T,43,0,734,0,5,171,114,3,Z,59,2,522,0,70,178,206,1,1,16,2,-212,0,65,7,92,-2
19337,9.27,Z,36,2,352,0,30,198,158,1,T,95,4,607,0,132,286,213,6,1,59,2,255,0,102,88,55,5
19338,4.4,Z,18,0,125,0,49,73,132,6,P,18,0,278,0,308,146,33,2,0,0,0,153,0,259,73,-99,-4
19339,9.58,P,48,0,612,0,184,189,36,3,T,41,0,484,0,6,29,68,2,0,-7,0,-128,0,-178,-160,32,-1
19340,9.59,Z,59,3,825,0,29,98,139,1,T,48,0,754,0,0,80,63,0,1,-11,-3,-71,0,-29,-18,-76,-1
19341,9.07,T,92,0,527,0,349,375,222,11,T,57,2,713,0,12,280,173,3,0,-35,2,186,0,-337,-95,-49,-8
19342,5.19,T,39,1,380,0,361,120,72,9,P,28,0,291,0,79,132,69,10,0,-11,-1,-89,0,-282,12,-3,1
19343,4.44,Z,22,1,273,0,11,50,58,0,P,18,0,473,0,5,60,30,2,0,-4,-1,200,0,-6,10,-28,2
19344,9.57,T,79,5,1368,0,60,149,94,0,Z,55,5,576,0,51,79,202,0,1,-24,0,-792,0,-9,-70,108,0
19345,9.59,P,48,0,575,0,34,107,82,3,T,49,2,612,0,8,195,118,0,1,1,2,37,0,-26,88,36,-3
19346,4.16,Z,22,0,148,0,115,124,152,4,T,17,0,106,0,305,115,29,6,0,-5,0,-42,0,190,-9,-123,2
19347,9.59,P,23,0,618,0,1,290,44,0,P,22,0,599,0,0,47,42,0,0,-1,0,-19,0,-1,-243,-2,0
19348,1.07,T,7,0,73,0,3,14,5,0,P,7,0,4,0,5,20,4,2,1,0,0,-69,0,2,6,-1,2
19349,3.3,Z,17,0,272,0,14,27,41,3,P,11,0,75,0,0,9,14,0,1,-6,0,-197,0,-14,-18,-27,-3
19350,8.19,P,32,0,182,0,0,89,44,0,T,75,3,318,3,57,137,155,0,0,43,3,136,3,57,48,111,0
19351,9.59,T,112,6,1092,0,587,270,239,8,T,87,0,595,0,420,264,198,9,0,-25,-6,-497,0,-167,-6,-41,1
19352,5.05,P,35,0,140,0,365,133,158,7,Z,23,7,160,1,54,150,73,3,0,-12,7,20,1,-311,17,-85,-4
19353,10.23,P,125,0,553,0,371,338,136,22,Z,79,9,698,0,397,245,328,7,0,-46,9,145,0,26,-93,192,-15
19354,9.59,T,91,1,354,0,106,200,215,12,T,73,6,608,0,8,146,109,0,0,-18,5,254,0,-98,-54,-106,-12
19355,9.53,T,61,0,626,0,14,111,133,4,Z,69,0,351,0,38,134,200,7,1,8,0,-275,0,24,23,67,3
19356,2.57,T,19,0,378,0,0,33,26,2,P,9,0,143,0,78,98,109,3,0,-10,0,-235,0,78,65,83,1
19357,9.58,Z,74,0,371,43,408,351,379,2,T,71,6,463,0,247,110,116,1,1,-3,6,92,-43,-161,-241,-263,-1
19358,6.12,P,37,0,278,0,34,90,99,6,T,41,0,245,0,69,147,114,5,1,4,0,-33,0,35,57,15,-1
19359,9.58,P,44,0,761,0,174,135,130,6,Z,49,1,448,0,13,49,148,0,0,5,1,-313,0,-161,-86,18,-6
19360,9.59,T,86,6,464,0,376,228,279,3,Z,52,0,385,5,95,128,245,8,0,-34,-6,-79,5,-281,-100,-34,5
19361,3.37,P,14,0,123,0,0,47,20,0,Z,14,0,135,0,10,31,64,2,1,0,0,12,0,10,-16,44,2
19362,4.22,P,17,1,166,0,8,31,14,1,P,17,1,45,0,0,24,38,0,1,0,0,-121,0,-8,-7,24,-1
19363,5.14,T,44,2,371,0,383,103,173,10,P,39,0,336,0,133,159,131,12,1,-5,-2,-35,0,-250,56,-42,2
19364,1.24,T,7,0,35,0,0,26,2,0,P,4,1,100,0,7,16,8,0,1,-3,1,65,0,7,-10,6,0
19365,10.57,P,31,0,453,0,9,157,42,3,Z,46,8,502,0,2,105,142,1,1,15,8,49,0,-7,-52,100,-2
19366,4.24,T,18,0,152,0,13,23,28,8,P,24,1,202,0,15,75,29,1,0,6,1,50,0,2,52,1,-7
19367,7.07,P,32,0,243,0,160,134,111,4,Z,39,4,355,0,137,348,248,5,1,7,4,112,0,-23,214,137,1
19368,9.59,P,30,0,453,0,0,80,124,0,Z,57,23,345,0,97,88,172,6,1,27,23,-108,0,97,8,48,6
19369,8.28,T,60,4,276,0,127,76,265,4,P,51,0,499,0,11,109,77,0,1,-9,-4,223,0,-116,33,-188,-4
19370,10.26,P,82,0,442,0,64,365,65,8,T,123,6,498,0,512,162,175,6,0,41,6,56,0,448,-203,110,-2
19371,10.32,P,99,7,981,0,452,207,173,5,P,71,1,555,0,84,253,139,3,1,-28,-6,-426,0,-368,46,-34,-2
19372,3.37,Z,13,0,215,0,79,77,110,4,P,15,0,97,0,203,53,63,8,1,2,0,-118,0,124,-24,-47,4
19373,9.59,Z,94,2,549,0,47,225,222,6,T,104,6,576,0,301,185,137,7,0,10,4,27,0,254,-40,-85,1
19374,9.06,Z,56,14,435,0,603,236,349,4,T,66,10,376,0,48,177,123,4,1,10,-4,-59,0,-555,-59,-226,0
19375,8.33,T,50,0,768,0,24,246,71,7,P,45,0,713,0,0,232,91,1,1,-5,0,-55,0,-24,-14,20,-6
19376,6.04,T,33,0,404,0,93,183,24,3,T,24,0,481,0,6,134,56,1,0,-9,0,77,0,-87,-49,32,-2
19377,2.22,T,10,2,196,0,213,69,28,0,T,13,2,48,3,369,21,8,0,0,3,0,-148,3,156,-48,-20,0
19378,2.11,P,6,0,144,0,23,72,7,3,Z,8,0,120,0,5,22,38,14,0,2,0,-24,0,-18,-50,31,11
19379,9.57,T,84,2,404,0,24,253,99,4,Z,54,2,258,0,14,334,188,1,0,-30,0,-146,0,-10,81,89,-3
19380,6.09,Z,30,0,300,0,25,112,84,4,P,23,0,470,0,652,139,99,9,1,-7,0,170,0,627,27,15,5
19381,10.54,P,77,6,675,0,129,177,124,3,Z,123,8,599,0,315,262,373,11,0,46,2,-76,0,186,85,249,8
19382,9.59,T,78,0,778,0,104,194,172,4,T,41,4,433,0,2,77,90,0,0,-37,4,-345,0,-102,-117,-82,-4
19383,5.15,T,45,4,151,1,319,124,146,9,T,46,1,178,0,144,230,60,5,0,1,-3,27,-1,-175,106,-86,-4
19384,9.59,T,105,0,434,0,79,373,181,14,T,91,3,352,0,1144,317,194,10,1,-14,3,-82,0,1065,-56,13,-4
19385,6.36,P,49,1,332,0,78,243,184,6,P,45,1,333,6,63,163,82,1,0,-4,0,1,6,-15,-80,-102,-5
19386,2.42,P,3,0,190,0,0,9,11,0,P,10,1,79,0,0,20,17,0,1,7,1,-111,0,0,11,6,0
19387,4.46,P,18,0,235,0,1,23,23,1,T,15,0,395,0,6,50,45,3,1,-3,0,160,0,5,27,22,2
19388,7.46,T,48,0,769,0,0,79,76,0,P,27,5,376,0,5,84,46,0,0,-21,5,-393,0,5,5,-30,0
19389,9.56,T,55,11,447,0,32,237,72,0,T,81,0,523,0,46,314,207,8,1,26,-11,76,0,14,77,135,8
19390,7.52,T,65,2,458,0,36,202,195,8,P,54,0,422,0,24,247,81,8,0,-11,-2,-36,0,-12,45,-114,0
19391,5.2,P,29,0,237,0,214,134,157,6,P,21,4,193,0,54,78,26,0,1,-8,4,-44,0,-160,-56,-131,-6
19392,10.5,T,91,0,1228,0,47,188,192,7,P,64,5,554,0,115,64,65,0,0,-27,5,-674,0,68,-124,-127,-7
19393,7.39,T,46,0,526,0,17,144,91,7,T,61,0,404,0,292,93,94,4,1,15,0,-122,0,275,-51,3,-3
19394,8.08,T,54,2,216,0,185,53,73,1,Z,49,3,195,0,15,46,137,0,1,-5,1,-21,0,-170,-7,64,-1
19395,9.36,Z,58,0,222,0,0,78,226,0,T,74,2,623,0,37,51,89,3,1,16,2,401,0,37,-27,-137,3
19396,8.58,P,58,0,717,0,173,139,87,11,Z,66,0,302,16,215,210,369,1,1,8,0,-415,16,42,71,282,-10
19397,7.11,T,45,1,159,0,169,114,60,3,T,31,0,191,0,0,112,77,0,0,-14,-1,32,0,-169,-2,17,-3
19398,2.36,T,9,0,101,0,48,54,26,3,T,12,0,84,0,0,9,17,0,1,3,0,-17,0,-48,-45,-9,-3
19399,5.41,P,27,0,367,0,0,89,75,3,T,28,5,245,0,11,67,33,0,0,1,5,-122,0,11,-22,-42,-3
19400,10.55,P,78,3,329,0,64,354,229,9,Z,89,11,654,0,70,239,284,4,1,11,8,325,0,6,-115,55,-5
19401,6.51,Z,54,1,340,0,432,206,236,5,Z,61,0,434,17,462,185,292,3,1,7,-1,94,17,30,-21,56,-2
19402,10.1,P,90,10,612,0,131,320,154,14,P,88,6,560,0,273,332,170,13,1,-2,-4,-52,0,142,12,16,-1
19403,9.57,P,93,1,798,0,25,227,102,6,Z,67,2,853,0,244,304,405,5,1,-26,1,55,0,219,77,303,-1
19404,7.49,T,67,4,336,0,504,319,113,4,P,53,0,334,9,81,244,126,1,0,-14,-4,-2,9,-423,-75,13,-3
19405,2.17,P,7,0,80,0,66,62,26,10,P,18,0,78,0,184,92,25,13,1,11,0,-2,0,118,30,-1,3
19406,9.58,Z,30,0,335,0,7,95,125,5,T,32,0,366,0,3,110,193,1,1,2,0,31,0,-4,15,68,-4
19407,9.59,Z,76,4,928,0,51,223,303,0,T,76,2,853,0,22,186,91,0,0,0,-2,-75,0,-29,-37,-212,0
19408,9.59,Z,58,6,486,0,40,109,193,0,T,69,0,434,0,1,59,125,3,0,11,-6,-52,0,-39,-50,-68,3
19409,8.27,P,29,2,511,0,15,49,48,0,Z,37,3,381,1,22,33,94,0,1,8,1,-130,1,7,-16,46,0
19410,5.1,P,25,0,175,0,5,142,60,2,P,28,0,136,0,20,112,118,2,1,3,0,-39,0,15,-30,58,0
19411,5.47,Z,29,0,332,0,48,148,117,2,T,53,9,172,0,67,177,173,1,1,24,9,-160,0,19,29,56,-1
19412,4.53,T,36,0,207,0,28,133,34,5,Z,18,0,143,0,216,86,133,7,1,-18,0,-64,0,188,-47,99,2
19413,7.02,Z,30,0,265,0,19,50,84,1,Z,23,5,156,0,15,66,110,0,0,-7,5,-109,0,-4,16,26,-1
19414,8.02,T,99,4,318,0,375,206,201,3,Z,45,4,376,0,170,198,244,5,1,-54,0,58,0,-205,-8,43,2
19415,3.2,Z,16,0,170,0,173,28,44,3,T,18,3,123,0,237,46,59,5,0,2,3,-47,0,64,18,15,2
19416,3.41,Z,13,0,65,0,70,33,55,4,Z,17,3,188,0,65,28,50,3,1,4,3,123,0,-5,-5,-5,-1
19417,9.51,P,30,0,273,0,0,37,69,2,T,89,0,689,0,41,161,132,9,1,59,0,416,0,41,124,63,7
19418,3.17,T,20,2,225,0,19,60,26,5,T,15,3,173,0,15,57,42,0,0,-5,1,-52,0,-4,-3,16,-5
19419,9.59,Z,87,0,481,0,66,178,373,10,P,71,2,469,0,17,246,129,5,1,-16,2,-12,0,-49,68,-244,-5
19420,9.58,T,81,6,740,0,64,103,54,2,Z,62,0,158,0,10,55,186,0,0,-19,-6,-582,0,-54,-48,132,-2
19421,5.01,P,28,1,371,0,23,83,49,5,Z,27,3,351,0,114,34,174,0,1,-1,2,-20,0,91,-49,125,-5
19422,9.52,T,90,0,388,0,82,206,165,9,Z,91,0,305,0,236,240,304,2,0,1,0,-83,0,154,34,139,-7
19423,9.29,T,89,1,595,0,343,278,197,2,T,99,0,760,0,103,356,140,13,0,10,-1,165,0,-240,78,-57,11
19424,5.01,Z,25,4,258,0,24,161,85,5,P,37,1,296,0,267,143,103,3,1,12,-3,38,0,243,-18,18,-2
19425,3.14,Z,11,0,42,0,7,9,35,1,P,10,0,73,0,3,17,7,2,1,-1,0,31,0,-4,8,-28,1
19426,9.47,T,79,0,1090,0,58,217,108,8,T,74,0,672,0,9,249,107,5,0,-5,0,-418,0,-49,32,-1,-3
19427,5,T,29,4,203,0,489,148,75,4,T,36,0,365,0,243,95,117,5,0,7,-4,162,0,-246,-53,42,1
19428,5.46,T,44,1,167,0,348,107,62,0,P,34,1,255,0,165,198,45,8,1,-10,0,88,0,-183,91,-17,8
19429,9.58,T,72,0,834,0,273,202,152,15,P,88,14,467,0,605,323,139,3,1,16,14,-367,0,332,121,-13,-12
19430,5.34,P,28,0,371,0,10,113,53,3,P,19,0,227,0,4,239,14,1,0,-9,0,-144,0,-6,126,-39,-2
19431,9.59,Z,60,0,536,13,77,171,212,0,T,91,3,619,0,70,180,107,7,0,31,3,83,-13,-7,9,-105,7
19432,6.23,T,64,0,337,0,669,123,188,19,T,47,2,372,0,223,97,75,4,0,-17,2,35,0,-446,-26,-113,-15
19433,8.2,Z,48,0,313,0,34,125,176,13,Z,38,7,301,0,37,49,137,0,1,-10,7,-12,0,3,-76,-39,-13
19434,2.55,Z,14,0,127,0,32,57,44,1,Z,10,0,277,0,0,27,28,0,0,-4,0,150,0,-32,-30,-16,-1
19435,9.01,Z,63,1,562,0,76,235,258,4,Z,42,1,272,0,27,240,281,12,1,-21,0,-290,0,-49,5,23,8
19436,5.21,Z,18,2,210,0,238,112,127,4,P,31,0,335,0,7,121,163,4,1,13,-2,125,0,-231,9,36,0
19437,9.58,Z,54,8,774,0,15,160,176,4,T,96,1,751,0,8,189,113,1,0,42,-7,-23,0,-7,29,-63,-3
19438,9.59,T,108,0,458,0,23,230,185,5,T,79,2,297,0,106,310,197,3,1,-29,2,-161,0,83,80,12,-2
19439,6.21,Z,38,0,193,0,21,60,98,2,Z,38,4,104,0,39,60,97,2,0,0,4,-89,0,18,0,-1,0
19440,9.58,Z,46,4,266,0,40,250,137,1,P,52,0,885,0,3,265,104,1,0,6,-4,619,0,-37,15,-33,0
19441,9.3,T,95,5,447,0,924,214,142,3,Z,47,2,246,0,9,61,178,1,0,-48,-3,-201,0,-915,-153,36,-2
19442,8.12,T,57,0,549,0,28,113,87,6,T,43,6,496,0,12,92,53,0,0,-14,6,-53,0,-16,-21,-34,-6
19443,10.32,Z,61,10,433,0,545,228,251,4,T,88,5,907,0,115,323,111,5,0,27,-5,474,0,-430,95,-140,1
19444,9.57,T,55,0,443,0,3,69,91,3,T,38,0,1169,0,0,34,135,1,0,-17,0,726,0,-3,-35,44,-2
19445,8.36,P,43,0,283,0,4,190,227,5,T,38,0,621,0,2,108,83,3,0,-5,0,338,0,-2,-82,-144,-2
19446,9.59,T,65,0,850,0,53,196,99,7,Z,91,6,398,0,56,117,345,4,0,26,6,-452,0,3,-79,246,-3
19447,10.28,T,25,0,550,0,0,51,65,1,T,77,2,606,0,293,300,115,6,1,52,2,56,0,293,249,50,5
19448,4.48,P,24,0,416,0,259,88,92,5,Z,19,0,539,0,9,35,83,4,0,-5,0,123,0,-250,-53,-9,-1
19449,9.21,P,40,0,369,0,0,29,85,0,T,64,0,267,0,2,242,114,2,0,24,0,-102,0,2,213,29,2
19450,5.46,Z,29,0,107,0,6,78,97,14,P,31,0,195,0,0,205,74,0,0,2,0,88,0,-6,127,-23,-14
19451,2.28,T,7,2,57,0,1,35,42,1,P,15,0,78,0,233,97,45,8,1,8,-2,21,0,232,62,3,7
19452,9.24,T,127,13,418,0,551,447,124,5,T,105,5,449,0,207,195,140,17,0,-22,-8,31,0,-344,-252,16,12
19453,6.24,T,48,7,275,0,691,134,100,6,P,30,2,220,0,3,156,272,1,1,-18,-5,-55,0,-688,22,172,-5
19454,9.59,Z,74,0,507,0,1345,170,227,18,T,87,0,477,0,75,251,231,5,1,13,0,-30,0,-1270,81,4,-13
19455,2.32,T,10,0,130,0,128,46,15,6,T,9,2,165,0,27,28,16,1,0,-1,2,35,0,-101,-18,1,-5
19456,8.03,P,58,1,432,0,41,423,106,5,P,49,3,435,0,282,260,134,5,1,-9,2,3,0,241,-163,28,0
19457,9.57,P,91,3,440,0,33,206,129,6,Z,86,6,297,0,38,129,224,7,0,-5,3,-143,0,5,-77,95,1
19458,8.24,Z,69,0,453,0,61,251,198,0,Z,60,15,483,2,263,374,318,4,0,-9,15,30,2,202,123,120,4
19459,4.33,T,31,0,191,0,273,136,73,6,Z,18,0,241,0,120,178,150,13,0,-13,0,50,0,-153,42,77,7
19460,9.59,T,106,0,309,0,698,274,177,11,P,111,0,330,0,213,295,151,22,1,5,0,21,0,-485,21,-26,11
19461,9.59,Z,48,4,588,0,42,186,214,0,T,88,7,558,0,226,202,166,3,1,40,3,-30,0,184,16,-48,3
19462,8.06,Z,39,0,267,0,25,94,150,5,Z,37,0,284,0,25,57,109,3,0,-2,0,17,0,0,-37,-41,-2
19463,7.06,Z,54,1,694,0,109,185,176,6,P,58,4,432,0,207,176,87,3,0,4,3,-262,0,98,-9,-89,-3
19464,1.53,P,3,0,128,0,0,14,10,0,P,3,0,229,0,10,41,7,3,1,0,0,101,0,10,27,-3,3
19465,9.07,Z,79,6,274,0,324,354,255,18,P,72,9,438,0,49,147,70,2,0,-7,3,164,0,-275,-207,-185,-16
19466,8.22,T,91,0,423,0,37,227,136,6,Z,38,1,330,0,74,68,200,0,0,-53,1,-93,0,37,-159,64,-6
19467,9.22,Z,65,2,609,0,48,93,178,0,P,74,2,598,0,587,322,67,9,1,9,0,-11,0,539,229,-111,9
19468,9.11,T,73,0,586,0,43,162,147,9,Z,78,2,433,0,113,184,311,3,0,5,2,-153,0,70,22,164,-6
19469,9.59,T,63,0,775,0,259,123,71,11,Z,72,11,329,0,369,235,310,2,1,9,11,-446,0,110,112,239,-9
19470,2.58,P,5,0,166,0,0,27,12,0,T,9,0,111,0,35,15,15,5,1,4,0,-55,0,35,-12,3,5
19471,4.19,P,22,0,389,0,38,45,23,2,Z,22,0,131,0,93,85,130,2,1,0,0,-258,0,55,40,107,0
19472,7.58,P,32,0,377,0,4,116,91,18,T,42,5,420,0,4,123,75,7,1,10,5,43,0,0,7,-16,-11
19473,9.59,T,103,0,567,0,569,223,117,9,P,97,0,722,0,51,297,83,17,0,-6,0,155,0,-518,74,-34,8
19474,5.22,T,26,0,180,0,487,109,213,6,T,23,1,481,0,13,92,89,0,0,-3,1,301,0,-474,-17,-124,-6
19475,9.33,Z,53,2,503,0,189,279,234,9,Z,33,1,749,1,16,197,107,0,0,-20,-1,246,1,-173,-82,-127,-9
19476,6.11,Z,28,0,292,3,39,28,110,0,Z,26,0,421,0,5,49,75,0,1,-2,0,129,-3,-34,21,-35,0
19477,9.43,T,88,0,461,0,547,240,185,8,T,101,1,428,0,516,417,183,23,1,13,1,-33,0,-31,177,-2,15
19478,4.48,T,23,1,343,0,77,140,70,5,Z,25,0,218,0,152,123,84,4,1,2,-1,-125,0,75,-17,14,-1
19479,9,Z,45,0,347,0,9,121,167,1,P,49,0,666,0,14,145,102,3,0,4,0,319,0,5,24,-65,2
19480,7.28,Z,39,11,301,3,159,203,256,6,Z,41,2,271,0,103,228,245,0,1,2,-9,-30,-3,-56,25,-11,-6
19481,5.25,T,17,1,128,0,6,84,62,2,T,43,0,218,0,146,138,130,5,1,26,-1,90,0,140,54,68,3
19482,9.44,T,74,5,558,3,74,115,78,0,P,61,18,602,0,42,166,93,3,0,-13,13,44,-3,-32,51,15,3
19483,2.56,P,9,0,169,0,10,64,67,2,Z,9,2,306,0,58,77,81,6,1,0,2,137,0,48,13,14,4
19484,10.16,T,130,16,536,0,1251,273,259,15,Z,62,0,440,0,50,169,207,3,0,-68,-16,-96,0,-1201,-104,-52,-12
19485,4.39,T,35,3,237,0,133,128,87,3,P,20,0,331,0,28,86,46,2,0,-15,-3,94,0,-105,-42,-41,-1
19486,8.1,T,44,3,466,0,322,255,189,2,P,38,0,690,2,5,424,87,1,0,-6,-3,224,2,-317,169,-102,-1
19487,9.59,T,119,0,586,0,529,316,311,6,Z,75,6,511,0,107,355,247,4,1,-44,6,-75,0,-422,39,-64,-2
19488,8.55,P,128,0,584,0,563,417,70,19,Z,80,6,530,0,484,260,298,3,0,-48,6,-54,0,-79,-157,228,-16
19489,9.59,T,107,6,450,0,45,381,220,1,Z,60,5,548,0,85,163,172,3,1,-47,-1,98,0,40,-218,-48,2
19490,9.59,Z,70,0,425,0,129,157,250,8,T,85,0,738,0,154,316,136,23,1,15,0,313,0,25,159,-114,15
19491,7.47,T,26,0,795,0,0,168,44,0,T,37,0,718,0,4,91,53,4,0,11,0,-77,0,4,-77,9,4
19492,9.58,P,42,0,686,0,14,110,66,6,Z,70,4,262,0,30,337,170,5,1,28,4,-424,0,16,227,104,-1
19493,10.41,P,81,1,728,0,61,356,77,5,T,69,0,710,0,32,269,138,22,1,-12,-1,-18,0,-29,-87,61,17
19494,9.59,Z,52,3,459,1,43,83,161,1,P,45,4,356,0,28,80,33,0,0,-7,1,-103,-1,-15,-3,-128,-1
19495,9.37,T,81,2,359,0,507,94,86,3,Z,58,7,794,0,70,145,214,3,0,-23,5,435,0,-437,51,128,0
19496,8.14,Z,32,7,113,0,347,67,94,4,Z,27,0,600,1,21,91,106,0,0,-5,-7,487,1,-326,24,12,-4
19497,1.46,T,7,0,116,0,34,24,31,2,T,2,2,90,0,1,3,2,0,0,-5,2,-26,0,-33,-21,-29,-2
19498,9.59,T,73,4,850,0,77,125,130,0,Z,62,0,640,0,33,81,239,0,0,-11,-4,-210,0,-44,-44,109,0
19499,9.59,P,65,0,358,0,219,332,186,15,T,75,10,404,0,1214,401,109,7,1,10,10,46,0,995,69,-77,-8
19500,9.59,Z,75,0,472,0,247,241,316,2,T,136,0,418,0,42,346,173,6,1,61,0,-54,0,-205,105,-143,4
19501,9.54,T,68,0,497,0,359,276,130,10,T,67,5,431,0,44,89,96,1,0,-1,5,-66,0,-315,-187,-34,-9
19502,8.39,Z,36,2,421,0,5,71,144,1,P,57,0,588,0,27,201,79,7,1,21,-2,167,0,22,130,-65,6
19503,7.35,T,30,0,182,0,24,130,70,2,Z,28,0,321,6,42,229,93,0,1,-2,0,139,6,18,99,23,-2
19504,6.44,T,56,2,435,0,203,229,169,14,T,68,8,358,0,33,181,135,0,0,12,6,-77,0,-170,-48,-34,-14
19505,9.45,Z,53,2,435,0,29,160,207,3,P,46,2,431,0,2,98,110,2,0,-7,0,-4,0,-27,-62,-97,-1
19506,5.5,P,20,1,106,0,10,163,72,4,P,34,3,597,0,281,131,87,1,0,14,2,491,0,271,-32,15,-3
19507,7.23,T,63,9,306,0,266,144,216,1,T,56,0,348,0,317,96,124,3,0,-7,-9,42,0,51,-48,-92,2
19508,6.42,Z,50,0,369,19,179,209,264,0,P,46,0,264,0,8,416,39,2,0,-4,0,-105,-19,-171,207,-225,2
19509,6.58,Z,34,0,384,0,11,157,113,4,Z,31,0,176,0,10,60,94,2,1,-3,0,-208,0,-1,-97,-19,-2
19510,5.59,Z,17,1,327,0,16,57,82,0,Z,28,0,215,0,21,59,93,3,0,11,-1,-112,0,5,2,11,3
19511,4.25,T,28,1,187,0,29,78,42,1,Z,10,0,123,0,0,12,30,0,1,-18,-1,-64,0,-29,-66,-12,-1
19512,5.02,Z,28,3,179,0,28,124,109,3,Z,41,6,324,2,297,205,156,10,1,13,3,145,2,269,81,47,7
19513,9.59,T,31,0,369,0,0,22,58,0,T,53,0,488,0,97,165,59,7,0,22,0,119,0,97,143,1,7
19514,9.59,P,70,3,573,0,279,220,251,12,T,137,0,424,0,738,213,261,25,0,67,-3,-149,0,459,-7,10,13
19515,9.59,Z,72,6,384,0,819,164,375,9,T,93,0,379,0,88,161,219,11,1,21,-6,-5,0,-731,-3,-156,2
19516,6.42,T,41,0,440,0,134,178,111,6,P,26,0,243,0,0,129,43,1,1,-15,0,-197,0,-134,-49,-68,-5
19517,9.59,T,80,0,459,0,514,227,172,12,P,56,0,714,0,25,150,54,7,0,-24,0,255,0,-489,-77,-118,-5
19518,9.59,Z,80,4,466,0,41,191,263,0,Z,69,0,215,0,52,198,239,1,1,-11,-4,-251,0,11,7,-24,1
19519,9.58,Z,55,3,736,0,115,185,279,1,T,75,0,352,9,83,86,80,0,0,20,-3,-384,9,-32,-99,-199,-1
19520,9.59,Z,65,6,756,0,17,106,162,0,T,50,0,842,0,6,99,81,1,1,-15,-6,86,0,-11,-7,-81,1
19521,8.42,T,86,0,471,0,203,216,115,3,Z,57,11,347,0,68,205,187,4,1,-29,11,-124,0,-135,-11,72,1
19522,4.39,P,13,4,219,0,7,54,17,1,Z,16,0,160,0,0,46,88,0,1,3,-4,-59,0,-7,-8,71,-1
19523,4.03,Z,18,4,220,0,21,55,43,0,Z,26,0,158,0,85,35,115,2,1,8,-4,-62,0,64,-20,72,2
19524,9.05,T,59,4,583,0,30,98,59,3,Z,55,15,480,0,195,261,240,10,1,-4,11,-103,0,165,163,181,7
19525,4.11,Z,16,1,130,0,25,71,49,2,T,16,0,383,0,65,48,19,6,1,0,-1,253,0,40,-23,-30,4
19526,2.21,Z,9,1,21,0,4,8,34,3,Z,4,0,99,0,14,13,37,2,0,-5,-1,78,0,10,5,3,-1
19527,4.29,P,20,2,452,0,182,94,46,8,Z,28,0,121,0,167,128,183,4,0,8,-2,-331,0,-15,34,137,-4
19528,10.17,P,64,2,839,0,24,317,68,0,Z,63,9,697,0,33,103,204,0,1,-1,7,-142,0,9,-214,136,0
19529,9.59,Z,58,1,395,0,33,157,212,6,P,45,7,611,0,5,298,163,1,1,-13,6,216,0,-28,141,-49,-5
19530,2.34,Z,10,0,58,0,51,37,88,3,Z,6,3,99,0,131,20,71,3,1,-4,3,41,0,80,-17,-17,0
19531,6.19,T,35,0,327,5,17,155,76,1,T,54,0,226,0,263,185,68,3,1,19,0,-101,-5,246,30,-8,2
19532,5.34,Z,35,5,397,0,100,130,111,5,T,40,1,354,0,128,127,54,4,0,5,-4,-43,0,28,-3,-57,-1
19533,6.1,P,42,2,359,0,28,120,31,2,P,23,0,542,0,2,34,22,2,0,-19,-2,183,0,-26,-86,-9,0
19534,6.49,P,59,5,349,0,351,170,71,1,P,33,0,345,0,8,201,53,7,0,-26,-5,-4,0,-343,31,-18,6
19535,6.13,P,35,4,149,0,37,45,30,2,T,43,2,183,0,5,46,57,1,0,8,-2,34,0,-32,1,27,-1
19536,3.52,P,18,1,139,3,36,78,44,0,P,16,0,225,0,172,137,67,8,1,-2,-1,86,-3,136,59,23,8
19537,6.39,Z,46,4,569,0,23,173,134,5,T,49,5,463,0,49,115,79,2,1,3,1,-106,0,26,-58,-55,-3
19538,5.39,P,33,0,331,0,26,121,37,6,T,46,0,331,0,149,114,76,11,0,13,0,0,0,123,-7,39,5
19539,6.09,T,43,0,435,0,13,85,58,6,P,23,0,170,0,9,586,55,9,0,-20,0,-265,0,-4,501,-3,3
19540,9.59,Z,75,1,532,0,360,259,172,2,P,63,0,808,0,22,224,91,2,0,-12,-1,276,0,-338,-35,-81,0
19541,9.57,Z,36,0,187,0,5,196,87,0,P,22,0,348,0,0,296,42,0,0,-14,0,161,0,-5,100,-45,0
19542,9.59,T,77,0,593,0,209,163,70,18,P,31,0,362,0,5,95,80,1,0,-46,0,-231,0,-204,-68,10,-17
19543,4.58,Z,24,4,305,1,298,145,99,4,Z,37,6,152,3,284,141,228,14,0,13,2,-153,2,-14,-4,129,10
19544,3.55,P,8,0,52,0,0,8,12,0,T,15,0,272,0,0,13,37,2,1,7,0,220,0,0,5,25,2
19545,8.01,T,58,3,418,0,17,151,98,1,P,62,2,295,0,71,375,97,10,0,4,-1,-123,0,54,224,-1,9
19546,9.58,T,105,5,414,0,526,124,263,12,Z,62,12,307,0,146,302,315,4,0,-43,7,-107,0,-380,178,52,-8
19547,8.42,T,61,3,218,0,74,141,108,3,P,47,0,523,0,9,194,211,7,0,-14,-3,305,0,-65,53,103,4
19548,5.3,Z,17,0,79,0,4,32,72,1,T,19,0,333,0,0,46,33,0,1,2,0,254,0,-4,14,-39,-1
19549,3.47,Z,24,0,284,0,180,80,124,7,Z,17,0,397,0,466,66,82,3,0,-7,0,113,0,286,-14,-42,-4
19550,3.47,T,17,0,84,0,5,4,19,0,Z,13,0,89,0,0,35,39,0,1,-4,0,5,0,-5,31,20,0
19551,8.03,T,67,3,609,0,71,90,96,1,Z,50,0,348,0,157,201,262,5,0,-17,-3,-261,0,86,111,166,4
19552,9.59,T,121,0,413,0,7,230,144,4,P,53,0,617,0,3,225,120,7,1,-68,0,204,0,-4,-5,-24,3
19553,8.13,P,41,4,204,0,99,88,47,5,Z,43,6,327,2,150,111,204,0,1,2,2,123,2,51,23,157,-5
19554,10.24,Z,90,0,434,0,262,276,330,31,T,99,4,927,0,14,387,235,1,0,9,4,493,0,-248,111,-95,-30
19555,7.15,P,49,4,302,0,129,279,96,8,Z,40,0,504,0,60,130,160,3,0,-9,-4,202,0,-69,-149,64,-5
19556,3.35,T,19,0,187,0,167,52,45,7,Z,13,0,153,0,4,74,57,3,1,-6,0,-34,0,-163,22,12,-4
19557,9.59,Z,79,6,388,0,268,362,343,14,P,42,0,421,0,0,93,63,0,0,-37,-6,33,0,-268,-269,-280,-14
19558,6.5,P,41,5,503,0,56,110,47,0,T,39,5,423,0,27,218,66,1,1,-2,0,-80,0,-29,108,19,1
19559,4.39,Z,19,0,399,0,42,72,69,7,P,23,4,394,0,246,85,30,1,1,4,4,-5,0,204,13,-39,-6
19560,9.57,Z,63,6,283,0,121,108,233,14,T,74,0,492,0,19,84,93,4,0,11,-6,209,0,-102,-24,-140,-10
19561,5.08,P,22,0,130,0,58,262,24,3,T,56,0,161,0,229,146,142,11,0,34,0,31,0,171,-116,118,8
19562,9.14,Z,65,0,262,0,70,223,568,21,P,49,0,531,0,67,283,68,6,0,-16,0,269,0,-3,60,-500,-15
19563,9.59,Z,87,0,577,0,331,258,456,8,T,56,0,506,0,2,81,92,2,0,-31,0,-71,0,-329,-177,-364,-6
19564,9.59,P,111,3,486,0,283,443,131,3,T,116,0,609,0,806,314,298,13,0,5,-3,123,0,523,-129,167,10
19565,6.56,T,51,5,352,0,183,100,170,0,T,46,1,634,0,90,157,148,3,1,-5,-4,282,0,-93,57,-22,3
19566,7.02,P,60,4,254,0,147,210,117,5,Z,72,7,296,0,351,188,248,7,1,12,3,42,0,204,-22,131,2
19567,9.57,Z,72,7,448,0,19,122,170,0,T,65,0,391,0,110,51,120,6,0,-7,-7,-57,0,91,-71,-50,6
19568,5.46,Z,32,0,473,0,119,167,110,10,T,51,0,222,0,21,119,57,2,1,19,0,-251,0,-98,-48,-53,-8
19569,8.56,T,90,10,573,9,314,240,186,1,P,73,0,416,0,393,267,139,30,0,-17,-10,-157,-9,79,27,-47,29
19570,8.16,P,65,9,449,0,1154,249,161,5,Z,39,4,679,0,21,158,150,0,0,-26,-5,230,0,-1133,-91,-11,-5
19571,6.18,T,23,0,209,0,5,35,47,5,P,46,4,239,0,112,98,141,2,1,23,4,30,0,107,63,94,-3
19572,9.59,P,62,8,830,0,50,166,94,2,P,58,0,765,0,24,150,84,5,1,-4,-8,-65,0,-26,-16,-10,3
19573,5.3,T,20,0,107,0,0,25,33,0,P,27,0,216,0,23,36,30,2,0,7,0,109,0,23,11,-3,2
19574,7.55,T,116,6,334,0,362,312,141,5,T,62,1,619,0,2,175,126,0,0,-54,-5,285,0,-360,-137,-15,-5
19575,5.01,Z,23,0,373,0,2,67,73,0,T,22,2,163,0,18,204,91,3,0,-1,2,-210,0,16,137,18,3
19576,9.59,P,82,10,480,0,567,379,140,4,P,75,9,521,0,366,252,327,7,1,-7,-1,41,0,-201,-127,187,3
19577,8.4,T,77,0,561,0,26,132,55,6,P,35,6,581,2,34,187,52,5,1,-42,6,20,2,8,55,-3,-1
19578,9.51,Z,60,1,340,0,155,230,311,1,Z,60,9,478,2,72,246,215,4,1,0,8,138,2,-83,16,-96,3
19579,9.59,P,81,0,504,0,111,355,111,8,Z,87,6,762,0,85,241,231,7,1,6,6,258,0,-26,-114,120,-1
19580,5.42,Z,25,0,200,0,176,175,262,3,P,22,9,282,0,432,134,116,5,0,-3,9,82,0,256,-41,-146,2
19581,6.01,Z,40,0,397,0,188,86,124,10,P,55,1,184,0,327,119,126,5,1,15,1,-213,0,139,33,2,-5
19582,7.08,T,48,0,293,0,5,131,147,1,Z,33,1,184,0,23,28,99,2,1,-15,1,-109,0,18,-103,-48,1
19583,5.44,P,29,0,692,0,13,150,46,6,T,36,2,230,0,42,128,71,4,1,7,2,-462,0,29,-22,25,-2
19584,0.01,P,0,0,1,0,0,0,0,0,T,8,0,39,0,0,32,20,1,1,8,0,38,0,0,32,20,1
19585,9.59,T,84,5,345,0,87,241,162,1,T,123,0,466,0,59,337,208,8,1,39,-5,121,0,-28,96,46,7
19586,9.2,P,32,3,554,0,7,197,56,0,P,43,0,764,0,10,129,102,3,1,11,-3,210,0,3,-68,46,3
19587,9.59,Z,68,2,1115,0,277,240,313,3,T,120,1,563,0,738,178,183,8,0,52,-1,-552,0,461,-62,-130,5
19588,9.59,Z,59,7,600,0,69,193,243,1,T,83,0,630,0,85,205,146,10,0,24,-7,30,0,16,12,-97,9
19589,3.12,Z,12,1,213,0,76,19,62,2,P,13,0,216,0,5,59,22,7,0,1,-1,3,0,-71,40,-40,5
19590,9.58,P,54,0,606,0,0,95,76,7,T,76,5,569,0,71,113,99,0,0,22,5,-37,0,71,18,23,-7
19591,6.27,Z,33,0,265,0,13,42,91,3,P,37,3,160,0,302,168,75,1,1,4,3,-105,0,289,126,-16,-2
19592,0.17,Z,2,0,9,0,0,2,5,3,P,1,1,8,0,10,2,7,1,0,-1,1,-1,0,10,0,2,-2
19593,10.2,T,126,26,363,0,121,246,210,14,P,61,7,364,0,556,254,154,11,0,-65,-19,1,0,435,8,-56,-3
19594,9.59,Z,58,2,401,0,9,69,209,3,T,71,0,428,0,35,53,108,5,0,13,-2,27,0,26,-16,-101,2
19595,9.59,P,37,2,684,0,52,186,164,0,Z,48,4,329,0,37,81,161,2,1,11,2,-355,0,-15,-105,-3,2
19596,10.07,Z,46,7,739,0,98,166,198,2,Z,65,0,810,0,81,79,163,9,1,19,-7,71,0,-17,-87,-35,7
19597,6.38,Z,39,3,241,0,373,148,223,4,P,30,2,336,0,5,27,22,2,1,-9,-1,95,0,-368,-121,-201,-2
19598,4.41,T,15,0,406,0,0,25,72,1,T,31,4,217,0,89,82,36,0,0,16,4,-189,0,89,57,-36,-1
19599,4.42,P,21,3,208,0,16,32,21,1,P,18,0,410,0,11,53,20,0,1,-3,-3,202,0,-5,21,-1,-1
19600,9.08,Z,68,10,268,0,924,258,225,3,Z,43,13,829,0,34,45,154,2,0,-25,3,561,0,-890,-213,-71,-1
19601,4.2,T,23,0,155,0,2,43,39,5,T,21,2,232,0,20,36,37,1,1,-2,2,77,0,18,-7,-2,-4
19602,8.25,T,41,0,215,0,0,78,96,0,T,63,0,326,0,22,277,112,5,0,22,0,111,0,22,199,16,5
19603,9.58,T,60,2,470,0,37,200,93,3,P,66,0,769,0,2,221,103,16,1,6,-2,299,0,-35,21,10,13
19604,9.59,Z,68,5,557,0,67,122,199,2,P,63,0,1099,0,90,132,68,11,1,-5,-5,542,0,23,10,-131,9
19605,9.59,T,64,0,394,0,2,258,144,2,Z,45,1,202,0,50,172,113,9,1,-19,1,-192,0,48,-86,-31,7
19606,9.53,T,115,6,388,0,114,294,126,7,Z,99,0,596,0,266,325,221,8,0,-16,-6,208,0,152,31,95,1
19607,6.32,P,26,4,335,0,132,120,53,6,P,39,9,435,0,19,81,44,4,1,13,5,100,0,-113,-39,-9,-2
19608,5.56,P,27,0,325,0,13,66,42,6,Z,36,0,252,0,0,72,80,0,0,9,0,-73,0,-13,6,38,-6
19609,6.44,T,39,2,511,0,608,83,58,3,P,37,1,294,0,92,146,119,14,1,-2,-1,-217,0,-516,63,61,11
19610,9.58,T,39,0,448,0,0,64,68,0,Z,59,3,184,0,25,99,142,2,1,20,3,-264,0,25,35,74,2
19611,8.48,T,69,6,426,0,365,80,192,4,Z,57,11,321,0,326,185,314,8,1,-12,5,-105,0,-39,105,122,4
19612,1.47,P,5,0,30,0,0,32,3,0,Z,4,0,32,0,182,14,12,1,1,-1,0,2,0,182,-18,9,1
19613,5.56,T,59,0,425,0,54,190,60,10,T,53,3,324,0,199,260,89,9,1,-6,3,-101,0,145,70,29,-1
19614,8.02,T,58,5,373,0,30,72,82,1,Z,45,0,449,0,282,109,178,7,0,-13,-5,76,0,252,37,96,6
19615,9.59,Z,79,0,341,0,110,308,268,12,T,109,0,532,0,140,419,269,9,0,30,0,191,0,30,111,1,-3
19616,3.47,T,21,1,183,0,5,78,127,2,Z,16,0,120,0,3,61,47,1,1,-5,-1,-63,0,-2,-17,-80,-1
19617,1.1,P,1,0,41,0,0,3,1,1,P,0,0,1,0,0,0,0,0,0,-1,0,-40,0,0,-3,-1,-1
19618,5.58,Z,27,0,273,0,13,80,113,2,P,29,0,390,5,30,111,96,0,1,2,0,117,5,17,31,-17,-2
19619,9.59,T,58,3,758,0,17,69,74,0,P,66,0,578,0,118,354,64,12,0,8,-3,-180,0,101,285,-10,12
19620,8.59,Z,55,5,547,0,196,100,303,5,Z,69,3,438,0,193,125,143,6,0,14,-2,-109,0,-3,25,-160,1
19621,7.21,T,81,0,307,0,325,175,121,14,T,74,0,231,0,401,271,140,7,0,-7,0,-76,0,76,96,19,-7
19622,7.08,Z,31,5,493,0,18,139,118,0,T,66,2,330,0,69,210,57,7,1,35,-3,-163,0,51,71,-61,7
19623,9.58,P,51,8,737,0,88,50,57,0,T,65,0,527,0,22,168,217,8,0,14,-8,-210,0,-66,118,160,8
19624,9.03,Z,43,3,446,0,50,100,190,4,P,37,0,696,0,0,161,111,0,1,-6,-3,250,0,-50,61,-79,-4
19625,9.59,P,53,0,457,14,45,100,87,0,T,69,5,453,0,42,73,110,2,0,16,5,-4,-14,-3,-27,23,2
19626,9.56,Z,53,0,232,0,16,56,148,6,T,35,0,622,0,17,71,47,5,1,-18,0,390,0,1,15,-101,-1
19627,6.24,T,56,7,522,0,459,120,74,3,P,53,3,278,0,307,188,81,1,0,-3,-4,-244,0,-152,68,7,-2
19628,2.38,Z,11,0,63,0,0,18,55,0,Z,11,6,92,0,70,104,79,2,0,0,6,29,0,70,86,24,2
19629,9.06,T,33,3,465,0,8,15,30,0,P,40,1,501,0,18,56,66,2,1,7,-2,36,0,10,41,36,2
19630,4.4,Z,29,0,248,0,464,110,88,7,T,30,2,264,0,118,128,86,8,0,1,2,16,0,-346,18,-2,1
19631,10.21,Z,73,21,734,11,395,154,231,0,T,43,0,423,0,13,83,93,2,0,-30,-21,-311,-11,-382,-71,-138,2
19632,8.32,P,49,0,329,0,48,123,53,15,T,124,1,662,0,496,293,149,15,1,75,1,333,0,448,170,96,0
19633,6.11,Z,38,3,200,0,56,127,308,1,P,43,5,304,3,91,189,117,0,1,5,2,104,3,35,62,-191,-1
19634,9.59,P,36,0,149,0,0,143,46,0,T,86,0,284,0,65,280,129,7,1,50,0,135,0,65,137,83,7
19635,8.16,P,52,3,324,0,68,231,63,2,T,51,0,524,0,14,87,72,2,1,-1,-3,200,0,-54,-144,9,0
19636,10.06,T,97,0,755,0,576,359,131,12,T,79,7,582,0,50,440,152,10,0,-18,7,-173,0,-526,81,21,-2
19637,2.51,Z,12,0,82,0,285,53,52,4,Z,10,2,187,0,228,59,112,0,1,-2,2,105,0,-57,6,60,-4
19638,4.34,Z,18,1,169,0,302,64,102,5,P,22,1,496,0,1,28,19,0,1,4,0,327,0,-301,-36,-83,-5
19639,6.35,Z,38,0,292,0,7,182,130,1,Z,31,0,661,0,0,161,100,0,0,-7,0,369,0,-7,-21,-30,-1
19640,9.58,T,61,0,462,0,6,149,315,2,Z,40,0,965,0,0,75,171,0,0,-21,0,503,0,-6,-74,-144,-2
19641,9.56,T,56,5,652,0,35,240,72,0,Z,66,3,373,0,21,311,243,11,1,10,-2,-279,0,-14,71,171,11
19642,3.39,Z,18,6,176,0,316,78,110,6,P,17,3,260,0,142,259,73,2,1,-1,-3,84,0,-174,181,-37,-4
19643,8.1,P,40,3,314,0,52,191,91,2,Z,53,4,328,0,87,107,184,6,1,13,1,14,0,35,-84,93,4
19644,6.25,T,44,4,371,0,52,80,46,0,P,37,1,274,0,18,48,99,2,0,-7,-3,-97,0,-34,-32,53,2
19645,7.19,P,30,0,613,0,6,121,67,5,P,37,4,500,0,15,92,35,0,1,7,4,-113,0,9,-29,-32,-5
19646,8.45,T,52,0,728,0,0,83,122,0,P,25,0,496,0,0,43,31,0,0,-27,0,-232,0,0,-40,-91,0
19647,7.49,Z,56,6,358,0,86,177,188,2,T,77,0,757,0,168,207,169,11,0,21,-6,399,0,82,30,-19,9
19648,9.59,Z,69,11,244,0,46,115,198,5,P,76,0,568,0,385,316,164,11,0,7,-11,324,0,339,201,-34,6
19649,3.11,P,14,0,145,0,5,127,24,3,P,14,0,81,0,0,75,16,0,0,0,0,-64,0,-5,-52,-8,-3
19650,8.04,T,52,4,788,0,42,133,75,0,P,44,4,175,1,64,114,96,0,1,-8,0,-613,1,22,-19,21,0
19651,9.23,Z,73,3,439,0,208,274,435,7,T,128,2,532,0,111,310,141,8,1,55,-1,93,0,-97,36,-294,1
19652,6.11,T,77,3,282,0,386,156,122,6,Z,54,3,348,0,300,205,205,2,0,-23,0,66,0,-86,49,83,-4
19653,6.24,Z,33,2,434,0,21,185,88,2,Z,39,0,250,0,18,45,99,10,0,6,-2,-184,0,-3,-140,11,8
19654,9.59,Z,82,0,587,0,182,165,402,10,T,116,8,522,0,71,335,173,6,0,34,8,-65,0,-111,170,-229,-4
19655,9.59,T,107,0,824,0,866,268,166,20,T,125,8,733,0,599,308,257,9,1,18,8,-91,0,-267,40,91,-11
19656,9.59,Z,73,0,447,0,241,142,323,7,T,67,7,1066,0,65,127,80,2,0,-6,7,619,0,-176,-15,-243,-5
19657,10.16,T,77,14,498,0,65,102,78,5,P,68,0,539,16,196,129,159,0,1,-9,-14,41,16,131,27,81,-5
19658,6.27,T,53,2,302,0,166,118,97,8,T,50,0,376,0,25,40,59,3,0,-3,-2,74,0,-141,-78,-38,-5
19659,5.5,Z,41,1,344,0,88,196,150,4,T,49,0,208,0,436,253,121,7,0,8,-1,-136,0,348,57,-29,3
19660,10.48,Z,62,4,406,0,659,204,321,3,P,59,0,1203,0,3,252,95,1,0,-3,-4,797,0,-656,48,-226,-2
19661,9.54,T,62,7,543,0,324,309,213,0,P,62,0,478,16,95,162,128,0,1,0,-7,-65,16,-229,-147,-85,0
19662,9.59,T,124,6,644,2,108,291,177,5,T,90,2,711,0,135,209,136,2,0,-34,-4,67,-2,27,-82,-41,-3
19663,5.05,P,20,0,245,0,0,157,42,1,P,22,0,401,0,9,79,39,3,1,2,0,156,0,9,-78,-3,2
19664,4.56,Z,25,6,198,0,208,81,143,0,T,34,0,249,0,263,100,33,4,0,9,-6,51,0,55,19,-110,4
19665,3.2,T,10,0,90,0,1,33,16,3,Z,9,0,132,0,4,24,41,1,1,-1,0,42,0,3,-9,25,-2
19666,4.38,T,23,0,134,0,8,108,45,3,Z,23,0,307,0,18,52,57,2,1,0,0,173,0,10,-56,12,-1
19667,9.59,Z,53,0,441,0,212,115,123,8,P,38,0,689,0,0,44,63,0,0,-15,0,248,0,-212,-71,-60,-8
19668,7.06,Z,58,1,328,0,96,167,238,0,T,50,3,829,0,250,251,121,4,0,-8,2,501,0,154,84,-117,4
19669,9.59,T,83,2,568,0,29,178,113,2,P,62,0,558,0,512,418,197,12,1,-21,-2,-10,0,483,240,84,10
19670,9.57,T,75,0,231,0,22,101,113,6,P,85,9,378,3,307,250,248,3,1,10,9,147,3,285,149,135,-3
19671,3.53,T,13,0,140,0,4,21,23,0,Z,10,4,97,0,136,66,175,2,0,-3,4,-43,0,132,45,152,2
19672,5.21,Z,22,0,160,0,24,49,97,12,Z,21,3,126,0,41,85,83,5,1,-1,3,-34,0,17,36,-14,-7
19673,6.42,Z,26,4,344,0,12,50,119,0,T,25,1,393,0,15,60,58,5,1,-1,-3,49,0,3,10,-61,5
19674,6.12,Z,38,0,174,0,36,66,120,2,P,21,0,349,0,0,98,46,0,0,-17,0,175,0,-36,32,-74,-2
19675,8.47,Z,88,17,486,0,392,330,397,28,Z,103,1,503,0,300,249,314,18,1,15,-16,17,0,-92,-81,-83,-10
19676,9.59,P,46,0,410,0,19,177,64,4,Z,40,3,713,0,20,57,122,0,0,-6,3,303,0,1,-120,58,-4
19677,7.42,T,43,0,528,0,4,281,92,3,Z,56,4,287,0,127,155,182,0,1,13,4,-241,0,123,-126,90,-3
19678,4.34,P,55,0,185,0,46,179,25,3,T,20,0,345,0,57,52,72,8,0,-35,0,160,0,11,-127,47,5
19679,5.07,Z,28,0,244,0,477,87,82,10,T,31,3,297,0,21,86,50,3,0,3,3,53,0,-456,-1,-32,-7
19680,9.59,T,93,0,594,0,82,237,207,13,T,66,4,607,0,475,347,132,5,0,-27,4,13,0,393,110,-75,-8
19681,5.24,P,23,0,164,0,675,94,60,4,P,38,1,237,24,89,112,160,2,1,15,1,73,24,-586,18,100,-2
19682,9.49,Z,89,7,413,0,95,227,229,12,Z,87,11,372,6,418,337,337,14,1,-2,4,-41,6,323,110,108,2
19683,6.2,T,49,0,283,0,583,94,138,7,Z,38,0,402,0,88,205,272,10,1,-11,0,119,0,-495,111,134,3
19684,9.59,P,41,0,661,0,0,130,54,0,P,50,0,881,0,29,264,125,7,0,9,0,220,0,29,134,71,7
19685,8.36,Z,55,10,655,0,63,132,170,0,Z,56,13,490,0,196,308,195,8,1,1,3,-165,0,133,176,25,8
19686,7.49,T,75,0,560,0,525,151,113,5,P,66,2,342,0,669,166,80,8,0,-9,2,-218,0,144,15,-33,3
19687,9.59,P,74,2,551,0,89,475,151,2,Z,77,0,665,0,25,300,234,7,0,3,-2,114,0,-64,-175,83,5
19688,9.12,P,47,2,727,0,61,171,114,1,Z,48,8,262,0,145,145,150,1,1,1,6,-465,0,84,-26,36,0
19689,9.59,P,45,0,617,0,0,168,62,2,Z,40,0,362,0,14,60,189,4,0,-5,0,-255,0,14,-108,127,2
19690,7.08,P,27,0,406,0,22,101,44,1,Z,34,4,394,0,184,139,193,13,0,7,4,-12,0,162,38,149,12
19691,10.21,Z,50,3,357,0,19,22,146,2,P,46,2,546,0,94,275,51,2,0,-4,-1,189,0,75,253,-95,0
19692,10.29,Z,70,0,432,0,19,364,405,8,P,64,0,422,0,90,244,143,6,1,-6,0,-10,0,71,-120,-262,-2
19693,9.59,P,46,0,778,0,23,140,59,11,T,76,0,768,0,56,116,145,9,0,30,0,-10,0,33,-24,86,-2
19694,4.37,T,26,0,452,0,0,35,29,1,T,17,0,193,0,0,29,36,1,1,-9,0,-259,0,0,-6,7,0
19695,10.51,P,99,0,588,0,52,363,95,15,T,108,0,652,0,264,322,218,4,0,9,0,64,0,212,-41,123,-11
19696,9.43,P,42,0,340,0,3,95,86,5,T,58,3,432,0,68,114,140,5,0,16,3,92,0,65,19,54,0
19697,8.54,T,84,4,759,0,149,195,86,3,T,58,0,646,0,421,167,96,12,0,-26,-4,-113,0,272,-28,10,9
19698,9.51,Z,37,0,385,0,0,32,109,0,Z,28,0,555,0,0,64,155,0,0,-9,0,170,0,0,32,46,0
19699,9.59,P,51,0,651,0,36,144,63,3,Z,48,0,630,0,0,166,186,0,0,-3,0,-21,0,-36,22,123,-3
19700,9.24,T,82,0,365,0,18,94,178,10,T,81,4,785,0,21,115,105,3,1,-1,4,420,0,3,21,-73,-7
19701,9.05,Z,55,0,704,0,169,97,189,9,T,107,18,388,0,121,255,275,6,1,52,18,-316,0,-48,158,86,-3
19702,5.23,Z,24,0,122,0,53,42,119,2,Z,17,0,307,0,21,87,58,3,0,-7,0,185,0,-32,45,-61,1
19703,4.11,P,25,0,87,0,63,69,83,3,T,22,1,180,0,170,140,102,0,0,-3,1,93,0,107,71,19,-3
19704,9.59,P,55,0,866,0,386,240,185,9,T,87,0,503,0,50,190,167,12,0,32,0,-363,0,-336,-50,-18,3
19705,9.2,T,64,4,440,0,20,184,85,1,T,63,6,642,0,16,86,94,0,1,-1,2,202,0,-4,-98,9,-1
19706,7.48,P,57,7,305,0,124,313,130,1,P,59,0,411,0,73,291,72,12,1,2,-7,106,0,-51,-22,-58,11
19707,6.39,Z,43,0,316,0,22,38,137,1,T,36,0,327,0,10,40,57,4,0,-7,0,11,0,-12,2,-80,3
19708,9.46,P,64,0,506,0,24,189,76,8,Z,70,3,376,0,41,144,203,4,1,6,3,-130,0,17,-45,127,-4
19709,8.35,T,94,7,517,0,897,265,174,6,T,98,1,343,0,378,269,134,22,1,4,-6,-174,0,-519,4,-40,16
19710,9.58,T,75,2,462,0,0,215,99,0,Z,74,5,338,0,70,126,183,1,1,-1,3,-124,0,70,-89,84,1
19711,3.41,T,17,1,84,0,206,38,68,2,Z,16,0,197,0,111,77,131,4,0,-1,-1,113,0,-95,39,63,2
19712,9.59,Z,52,11,236,2,57,161,243,3,Z,44,12,576,5,78,291,271,5,1,-8,1,340,3,21,130,28,2
19713,9.59,T,56,0,762,0,56,115,84,3,P,49,0,490,12,27,83,80,11,1,-7,0,-272,12,-29,-32,-4,8
19714,7.58,Z,56,0,296,0,47,189,357,16,T,106,0,506,0,610,280,144,5,1,50,0,210,0,563,91,-213,-11
19715,4.24,P,20,0,140,0,2,26,24,2,Z,16,1,156,0,9,125,94,2,0,-4,1,16,0,7,99,70,0
19716,10.42,P,67,5,598,0,95,365,127,4,P,112,12,411,0,215,423,209,11,0,45,7,-187,0,120,58,82,7
19717,2.45,T,13,0,201,0,0,12,22,0,P,8,0,64,0,319,19,8,6,0,-5,0,-137,0,319,7,-14,6
19718,9.58,T,102,7,480,3,154,325,288,11,Z,62,1,435,0,33,343,342,3,0,-40,-6,-45,-3,-121,18,54,-8
19719,4.19,P,35,0,213,0,123,128,65,9,P,23,1,261,0,116,172,80,6,0,-12,1,48,0,-7,44,15,-3
19720,9.59,Z,72,0,755,0,265,289,242,9,Z,63,12,414,10,254,197,306,1,1,-9,12,-341,10,-11,-92,64,-8
19721,8.06,T,60,0,367,0,10,261,132,7,Z,39,0,234,3,60,105,184,2,1,-21,0,-133,3,50,-156,52,-5
19722,6.4,T,66,0,339,0,630,289,164,15,P,63,0,715,0,196,166,134,9,0,-3,0,376,0,-434,-123,-30,-6
19723,9.58,T,73,5,743,0,49,169,122,2,P,54,1,493,0,38,253,242,9,0,-19,-4,-250,0,-11,84,120,7
19724,7.44,Z,37,0,395,0,0,57,103,0,T,45,0,623,0,1,64,75,3,1,8,0,228,0,1,7,-28,3
19725,8.01,T,123,1,480,0,263,327,142,4,Z,52,0,660,0,33,90,149,8,0,-71,-1,180,0,-230,-237,7,4
19726,9.51,T,46,0,638,0,10,153,127,2,Z,68,0,250,0,131,98,201,3,0,22,0,-388,0,121,-55,74,1
19727,6.24,P,48,0,519,0,16,185,67,9,T,61,1,347,0,397,223,89,2,1,13,1,-172,0,381,38,22,-7
19728,4.53,T,29,2,186,0,66,32,98,0,T,25,0,378,0,25,47,38,7,1,-4,-2,192,0,-41,15,-60,7
19729,4.07,P,12,0,357,0,32,50,36,2,Z,17,4,165,0,21,30,45,1,1,5,4,-192,0,-11,-20,9,-1
19730,4.33,T,20,0,240,0,55,188,43,5,P,34,3,203,0,59,67,61,7,1,14,3,-37,0,4,-121,18,2
19731,8.06,T,53,6,477,0,65,129,80,0,P,40,0,301,0,5,104,53,3,1,-13,-6,-176,0,-60,-25,-27,3
19732,9.59,P,79,0,370,0,96,215,143,11,P,72,0,633,0,204,275,181,13,0,-7,0,263,0,108,60,38,2
19733,9.59,Z,72,3,433,0,163,171,257,22,T,144,0,576,0,236,309,164,10,1,72,-3,143,0,73,138,-93,-12
19734,9.59,Z,73,3,534,0,86,256,279,0,T,83,0,610,0,75,297,85,9,1,10,-3,76,0,-11,41,-194,9
19735,8.04,T,72,0,369,0,161,172,131,4,P,52,0,279,0,15,163,144,9,0,-20,0,-90,0,-146,-9,13,5
19736,6.23,P,46,4,346,0,262,143,58,8,P,61,2,240,0,296,205,57,5,0,15,-2,-106,0,34,62,-1,-3
19737,9.59,Z,75,3,321,0,171,218,442,5,T,105,0,868,0,334,279,246,15,1,30,-3,547,0,163,61,-196,10
19738,5.4,P,26,1,85,0,19,125,42,1,T,29,4,283,0,127,78,60,0,1,3,3,198,0,108,-47,18,-1
19739,6.18,P,31,0,469,0,456,130,92,5,Z,29,0,424,0,241,69,89,5,1,-2,0,-45,0,-215,-61,-3,0
19740,10,T,135,6,297,0,490,161,216,12,Z,103,7,545,0,529,195,401,5,1,-32,1,248,0,39,34,185,-7
19741,5.42,T,37,1,433,0,167,107,230,50,T,38,0,156,0,201,73,145,8,1,1,-1,-277,0,34,-34,-85,-42
19742,9.38,Z,69,0,783,0,458,148,199,10,P,72,4,377,0,83,149,78,7,1,3,4,-406,0,-375,1,-121,-3
19743,4.59,Z,23,2,341,0,117,65,165,0,Z,22,0,379,0,52,85,84,3,1,-1,-2,38,0,-65,20,-81,3
19744,9,P,64,0,600,0,12,241,175,1,T,65,5,416,0,14,317,213,4,1,1,5,-184,0,2,76,38,3
19745,7.27,Z,41,0,591,0,112,125,147,6,P,63,2,402,0,446,194,100,18,1,22,2,-189,0,334,69,-47,12
19746,9.59,P,73,0,443,0,100,179,61,15,Z,76,0,854,8,157,240,294,0,0,3,0,411,8,57,61,233,-15
19747,7.22,Z,54,3,273,1,395,214,165,7,P,63,0,424,0,56,208,152,4,0,9,-3,151,-1,-339,-6,-13,-3
19748,10.56,T,107,0,731,0,1150,446,231,15,Z,101,1,457,0,307,265,311,3,1,-6,1,-274,0,-843,-181,80,-12
19749,9.17,Z,27,0,316,0,0,22,95,0,Z,55,10,450,0,470,270,284,2,1,28,10,134,0,470,248,189,2
19750,9.59,T,77,7,712,0,505,171,152,6,P,75,2,675,0,54,284,71,15,1,-2,-5,-37,0,-451,113,-81,9
19751,6.32,T,36,0,626,0,31,93,48,9,P,43,0,526,0,66,128,106,1,0,7,0,-100,0,35,35,58,-8
19752,8.55,T,75,0,576,0,1030,166,167,11,P,76,3,499,0,231,294,163,9,0,1,3,-77,0,-799,128,-4,-2
19753,5,T,23,0,313,0,5,80,62,11,P,23,0,221,0,7,57,51,1,1,0,0,-92,0,2,-23,-11,-10
19754,9.59,Z,84,6,763,0,43,212,236,0,T,104,1,537,0,525,240,189,15,0,20,-5,-226,0,482,28,-47,15
19755,4.1,T,35,1,246,0,188,85,57,2,Z,23,3,148,0,21,84,55,0,0,-12,2,-98,0,-167,-1,-2,-2
19756,2.09,Z,8,0,108,0,0,28,53,0,P,8,0,124,0,0,13,7,1,1,0,0,16,0,0,-15,-46,1
19757,3.56,T,16,0,111,0,0,36,28,0,P,13,0,275,0,3,38,39,2,1,-3,0,164,0,3,2,11,2
19758,3.12,Z,13,0,210,0,69,51,37,3,Z,9,1,109,0,102,50,76,4,1,-4,1,-101,0,33,-1,39,1
19759,7.13,Z,36,4,242,0,48,69,100,2,Z,59,5,373,0,709,210,245,11,1,23,1,131,0,661,141,145,9
19760,9.59,P,68,0,544,0,116,463,78,15,P,84,12,528,0,316,344,115,3,0,16,12,-16,0,200,-119,37,-12
19761,6.32,P,29,1,178,0,10,68,34,6,Z,31,2,520,0,20,44,94,0,0,2,1,342,0,10,-24,60,-6
19762,9.58,T,46,4,885,0,26,103,49,0,T,62,4,654,0,0,24,87,0,0,16,0,-231,0,-26,-79,38,0
19763,10.03,T,80,0,538,0,277,343,113,6,T,80,0,320,0,163,281,214,8,1,0,0,-218,0,-114,-62,101,2
19764,4.3,T,20,0,173,0,116,63,37,3,T,19,0,254,0,0,48,22,2,0,-1,0,81,0,-116,-15,-15,-1
19765,9.4,T,84,0,509,0,104,269,112,12,P,48,0,651,0,2,145,85,1,0,-36,0,142,0,-102,-124,-27,-11
19766,9.58,Z,57,5,578,0,38,181,176,0,T,116,3,437,0,59,528,97,6,0,59,-2,-141,0,21,347,-79,6
19767,7.53,Z,45,1,426,0,44,348,167,4,Z,52,6,386,1,82,233,254,2,1,7,5,-40,1,38,-115,87,-2
19768,9.59,T,63,7,615,0,5,129,126,1,T,84,0,943,0,15,195,151,3,1,21,-7,328,0,10,66,25,2
19769,5.33,T,30,0,259,0,0,46,57,1,T,19,0,659,0,0,16,47,0,0,-11,0,400,0,0,-30,-10,-1
19770,7.33,P,64,0,341,0,478,406,91,10,P,46,0,511,0,58,201,81,12,0,-18,0,170,0,-420,-205,-10,2
19771,3.15,P,17,0,75,0,8,33,11,1,Z,14,1,144,0,1,91,63,1,1,-3,1,69,0,-7,58,52,0
19772,3.58,P,27,2,289,0,15,104,45,0,T,26,0,114,0,341,118,86,6,0,-1,-2,-175,0,326,14,41,6
19773,9.42,P,91,8,369,0,159,250,80,7,Z,67,0,736,19,109,235,261,0,1,-24,-8,367,19,-50,-15,181,-7
19774,8.15,T,57,0,460,0,35,208,183,7,Z,38,0,430,0,34,89,228,8,0,-19,0,-30,0,-1,-119,45,1
19775,9.59,Z,88,2,758,0,740,202,247,8,Z,80,2,606,0,155,267,341,1,0,-8,0,-152,0,-585,65,94,-7
19776,1.52,T,7,0,79,0,1,15,7,3,T,3,0,167,0,2,34,7,1,0,-4,0,88,0,1,19,0,-2
19777,9.59,T,52,10,626,0,10,59,81,0,T,55,2,874,0,2,69,103,2,0,3,-8,248,0,-8,10,22,2
19778,10.44,T,67,0,428,0,110,329,74,4,Z,43,5,316,0,6,198,155,0,1,-24,5,-112,0,-104,-131,81,-4
19779,9.59,T,106,0,503,0,782,206,180,18,T,90,0,1120,0,130,298,138,3,0,-16,0,617,0,-652,92,-42,-15
19780,6.21,Z,38,6,133,0,76,149,121,2,P,31,2,200,0,13,78,40,1,0,-7,-4,67,0,-63,-71,-81,-1
19781,4.54,P,31,0,183,0,341,109,98,5,T,26,0,299,0,323,152,124,4,1,-5,0,116,0,-18,43,26,-1
19782,9.58,P,75,4,534,0,32,321,130,8,Z,42,7,473,0,24,153,158,0,0,-33,3,-61,0,-8,-168,28,-8
19783,9.59,T,135,7,411,0,844,212,200,21,Z,89,0,930,0,73,195,294,2,0,-46,-7,519,0,-771,-17,94,-19
19784,2.57,Z,10,2,85,0,12,45,45,1,Z,13,0,146,0,1,30,84,0,1,3,-2,61,0,-11,-15,39,-1
19785,9.13,P,40,0,336,0,475,240,56,9,P,24,0,376,0,0,15,46,0,0,-16,0,40,0,-475,-225,-10,-9
19786,5.52,P,23,0,550,0,0,93,46,0,Z,24,0,311,0,40,73,77,4,0,1,0,-239,0,40,-20,31,4
19787,9.59,T,156,0,531,0,563,295,220,26,Z,125,6,510,0,415,511,363,17,0,-31,6,-21,0,-148,216,143,-9
19788,10.48,P,46,0,539,0,4,103,88,6,T,66,0,768,0,16,134,94,1,1,20,0,229,0,12,31,6,-5
19789,9.59,T,50,0,575,0,0,109,93,3,T,65,0,1019,0,1,173,106,2,1,15,0,444,0,1,64,13,-1
19790,4.43,T,28,0,298,0,0,14,43,3,T,21,0,291,0,0,20,38,2,0,-7,0,-7,0,0,6,-5,-1
19791,8.33,Z,61,0,427,0,102,169,208,5,Z,64,0,512,0,111,186,219,7,0,3,0,85,0,9,17,11,2
19792,9.59,T,60,5,464,0,45,122,88,0,Z,77,6,756,0,32,90,199,0,0,17,1,292,0,-13,-32,111,0
19793,9.58,T,96,10,554,0,539,236,164,5,P,68,1,635,0,18,234,151,4,1,-28,-9,81,0,-521,-2,-13,-1
19794,7.57,Z,56,0,244,7,60,211,181,2,Z,53,13,545,0,90,142,205,4,1,-3,13,301,-7,30,-69,24,2
19795,7.46,Z,46,5,422,0,37,167,149,2,Z,37,7,195,0,38,167,214,5,1,-9,2,-227,0,1,0,65,3
19796,0.3,T,1,0,6,0,61,7,28,2,Z,3,0,21,0,6,13,16,3,1,2,0,15,0,-55,6,-12,1
19797,9.59,T,69,0,790,0,35,196,101,5,T,53,2,760,0,12,160,96,1,1,-16,2,-30,0,-23,-36,-5,-4
19798,9.59,T,63,0,725,0,21,70,91,10,T,37,0,318,0,2,42,57,4,1,-26,0,-407,0,-19,-28,-34,-6
19799,7.07,Z,60,11,214,0,99,173,313,0,T,55,3,338,0,470,159,188,6,1,-5,-8,124,0,371,-14,-125,6
19800,9.37,T,99,1,292,0,365,186,191,17,Z,87,8,400,0,995,340,246,11,0,-12,7,108,0,630,154,55,-6
19801,1.2,Z,2,0,44,0,5,28,56,0,T,4,0,145,0,7,30,7,3,0,2,0,101,0,2,2,-49,3
19802,3.22,P,13,3,114,0,24,45,68,0,T,15,0,236,0,9,23,27,4,0,2,-3,122,0,-15,-22,-41,4
19803,9.58,T,76,4,503,0,169,300,221,4,T,104,3,686,0,298,441,224,11,0,28,-1,183,0,129,141,3,7
19804,9.17,P,63,0,400,0,32,195,322,9,T,115,0,537,0,106,219,105,4,0,52,0,137,0,74,24,-217,-5
19805,9.58,Z,42,3,471,0,136,245,181,11,P,43,0,388,0,19,149,77,4,1,1,-3,-83,0,-117,-96,-104,-7
19806,9.59,T,75,1,593,0,119,180,80,1,T,99,0,409,11,745,292,149,0,1,24,-1,-184,11,626,112,69,-1
19807,8.51,P,37,0,437,0,2,225,60,3,T,40,0,436,0,8,149,101,3,1,3,0,-1,0,6,-76,41,0
19808,8.05,Z,67,0,243,0,132,155,395,6,T,88,3,858,0,24,268,106,6,1,21,3,615,0,-108,113,-289,0
19809,6.48,P,25,0,117,0,44,42,27,4,T,27,0,507,0,0,34,78,0,0,2,0,390,0,-44,-8,51,-4
19810,3.38,T,14,0,156,0,0,13,21,0,T,8,0,196,0,0,18,22,0,0,-6,0,40,0,0,5,1,0
19811,9.59,Z,56,4,610,0,30,74,163,0,T,50,0,763,0,33,32,79,6,1,-6,-4,153,0,3,-42,-84,6
19812,4.23,P,17,0,110,0,0,49,19,2,T,25,0,245,0,40,16,23,4,0,8,0,135,0,40,-33,4,2
19813,5.03,Z,25,0,201,0,152,131,141,11,P,55,0,344,0,154,226,76,8,1,30,0,143,0,2,95,-65,-3
19814,9.59,Z,55,0,653,0,12,131,158,4,T,44,0,834,0,10,121,128,2,0,-11,0,181,0,-2,-10,-30,-2
19815,8.06,Z,46,1,316,0,156,157,244,8,Z,73,10,318,0,173,123,304,7,0,27,9,2,0,17,-34,60,-1
19816,5.59,Z,30,3,271,0,32,48,87,2,P,31,3,246,0,269,190,64,4,1,1,0,-25,0,237,142,-23,2
19817,9.59,P,69,0,457,0,21,201,129,4,T,73,3,473,0,60,125,111,2,0,4,3,16,0,39,-76,-18,-2
19818,3.41,T,23,0,190,0,208,46,27,4,T,19,0,178,0,180,131,84,7,1,-4,0,-12,0,-28,85,57,3
19819,8.14,P,49,0,336,0,6,162,124,2,T,62,1,457,0,543,166,105,11,1,13,1,121,0,537,4,-19,9
19820,3.02,Z,10,0,175,0,0,34,44,0,P,14,0,167,0,3,52,11,1,0,4,0,-8,0,3,18,-33,1
19821,9.58,T,70,9,625,0,36,131,88,3,Z,27,6,247,0,41,49,144,1,0,-43,-3,-378,0,5,-82,56,-2
19822,2.19,T,12,2,165,0,28,53,35,7,T,8,0,240,0,34,15,12,1,0,-4,-2,75,0,6,-38,-23,-6
19823,7.53,P,37,5,463,0,11,268,76,0,Z,60,0,592,0,18,196,176,8,1,23,-5,129,0,7,-72,100,8
19824,9.59,T,96,3,623,0,336,323,193,5,T,124,11,551,5,418,271,112,7,1,28,8,-72,5,82,-52,-81,2
19825,6.02,Z,29,1,342,0,2,38,78,1,T,33,1,222,0,3,63,55,0,0,4,0,-120,0,1,25,-23,-1
19826,9.58,P,44,0,310,0,103,156,60,11,Z,45,2,602,0,36,289,126,3,1,1,2,292,0,-67,133,66,-8
19827,3.16,T,15,0,123,0,394,58,40,13,T,15,1,232,0,47,35,32,3,0,0,1,109,0,-347,-23,-8,-10
19828,6.34,Z,38,10,396,0,132,167,232,0,Z,52,2,267,0,169,137,187,7,1,14,-8,-129,0,37,-30,-45,7
19829,6.29,P,64,0,270,0,83,180,70,11,P,42,2,511,0,623,232,150,8,1,-22,2,241,0,540,52,80,-3
19830,10.05,T,69,0,613,0,12,143,81,5,P,55,0,725,0,15,156,91,5,0,-14,0,112,0,3,13,10,0
19831,9.59,T,39,0,562,0,9,153,55,2,P,27,0,479,0,0,57,45,1,0,-12,0,-83,0,-9,-96,-10,-1
19832,5.42,P,20,0,157,0,5,30,39,3,P,16,0,452,0,3,125,43,3,0,-4,0,295,0,-2,95,4,0
19833,9.59,P,41,0,515,0,3,71,60,1,Z,61,9,335,0,19,94,170,4,0,20,9,-180,0,16,23,110,3
19834,9.59,T,96,3,440,0,484,401,249,12,P,80,0,329,0,117,328,108,5,0,-16,-3,-111,0,-367,-73,-141,-7
19835,9.59,P,43,3,431,0,23,229,76,1,P,49,0,456,0,4,205,118,3,0,6,-3,25,0,-19,-24,42,2
19836,7.01,T,48,0,252,0,289,171,100,9,Z,59,2,393,0,671,132,287,10,1,11,2,141,0,382,-39,187,1
19837,9.59,P,48,1,282,0,15,305,84,10,Z,42,6,471,0,383,276,262,0,1,-6,5,189,0,368,-29,178,-10
19838,10.09,Z,48,0,758,0,4,173,161,2,P,56,12,381,0,19,132,70,0,1,8,12,-377,0,15,-41,-91,-2
19839,9.59,T,78,0,824,0,610,339,167,18,T,74,0,481,0,468,293,301,12,1,-4,0,-343,0,-142,-46,134,-6
19840,9.21,Z,51,7,620,0,64,132,187,3,T,63,0,682,0,43,87,101,3,1,12,-7,62,0,-21,-45,-86,0
19841,6.25,Z,49,5,287,0,178,219,186,5,Z,42,3,150,0,195,179,172,5,0,-7,-2,-137,0,17,-40,-14,0
19842,8.35,P,49,0,429,0,153,313,176,10,Z,57,6,372,0,800,100,176,6,0,8,6,-57,0,647,-213,0,-4
19843,0.16,Z,0,0,3,0,10,2,12,2,Z,2,0,8,0,13,7,10,0,1,2,0,5,0,3,5,-2,-2
19844,4.32,Z,17,5,212,0,332,116,83,1,Z,25,0,279,0,77,130,84,6,0,8,-5,67,0,-255,14,1,5
19845,7.14,P,59,0,358,0,250,271,135,12,T,93,0,368,0,247,174,126,17,1,34,0,10,0,-3,-97,-9,5
19846,4.09,T,16,0,341,0,6,57,16,3,Z,14,0,137,0,0,51,45,0,1,-2,0,-204,0,-6,-6,29,-3
19847,7.01,T,34,0,239,0,78,118,76,6,P,41,0,584,3,6,115,57,0,1,7,0,345,3,-72,-3,-19,-6
19848,9.59,Z,55,4,623,0,34,115,189,0,Z,63,10,634,5,125,226,231,2,1,8,6,11,5,91,111,42,2
19849,3.52,P,17,3,383,0,29,101,27,0,Z,14,0,231,6,33,111,90,0,1,-3,-3,-152,6,4,10,63,0
19850,9.59,P,61,5,506,0,299,311,160,1,P,69,0,505,0,159,391,103,10,1,8,-5,-1,0,-140,80,-57,9
19851,7.29,Z,33,0,357,0,0,27,149,0,Z,39,3,261,0,30,116,128,2,0,6,3,-96,0,30,89,-21,2
19852,9.54,T,73,7,1115,0,25,128,102,0,Z,43,0,492,0,8,44,166,2,0,-30,-7,-623,0,-17,-84,64,2
19853,2.11,P,10,1,121,0,48,114,50,3,Z,6,0,122,0,296,22,45,5,1,-4,-1,1,0,248,-92,-5,2
19854,8.04,P,33,1,679,6,70,160,71,0,Z,35,10,268,0,14,53,148,0,1,2,9,-411,-6,-56,-107,77,0
19855,9.59,Z,105,2,656,0,539,302,233,22,P,87,0,561,0,549,371,144,7,1,-18,-2,-95,0,10,69,-89,-15
19856,10.49,T,77,6,1052,1,166,210,122,4,Z,49,0,732,0,0,189,191,0,1,-28,-6,-320,-1,-166,-21,69,-4
19857,4.11,P,15,0,54,0,0,26,19,0,T,13,0,187,0,0,84,40,2,1,-2,0,133,0,0,58,21,2
19858,4.17,P,27,0,237,0,475,117,27,5,T,28,1,264,0,104,123,28,6,1,1,1,27,0,-371,6,1,1
19859,2.31,Z,9,2,90,0,35,34,82,0,T,7,0,194,0,0,6,16,1,0,-2,-2,104,0,-35,-28,-66,1
19860,5.46,T,71,0,185,0,173,215,92,4,Z,36,3,370,0,97,172,160,0,0,-35,3,185,0,-76,-43,68,-4
19861,4.01,P,12,0,157,0,0,88,24,0,Z,18,0,184,1,10,19,51,0,1,6,0,27,1,10,-69,27,0
19862,3.31,Z,14,1,242,0,14,52,38,3,T,17,0,251,0,89,82,44,4,0,3,-1,9,0,75,30,6,1
19863,4.19,Z,19,1,248,0,24,64,85,2,Z,11,0,261,0,27,51,50,8,0,-8,-1,13,0,3,-13,-35,6
19864,5.03,T,37,5,258,0,211,84,34,4,T,32,0,200,0,350,93,79,11,1,-5,-5,-58,0,139,9,45,7
19865,9.59,P,71,0,564,0,76,258,184,20,P,58,4,511,0,69,498,98,0,0,-13,4,-53,0,-7,240,-86,-20
19866,9.01,Z,69,7,594,1,95,424,341,2,T,72,6,701,0,56,71,96,0,0,3,-1,107,-1,-39,-353,-245,-2
19867,5.02,T,55,5,206,0,436,191,128,9,P,31,0,205,0,557,108,127,6,1,-24,-5,-1,0,121,-83,-1,-3
19868,4.59,P,24,3,263,0,326,85,35,9,Z,22,1,100,0,42,55,89,1,0,-2,-2,-163,0,-284,-30,54,-8
19869,9.59,P,40,0,740,0,1,240,66,4,T,53,0,717,1,0,192,87,0,0,13,0,-23,1,-1,-48,21,-4
19870,4.57,P,18,2,211,0,194,65,64,0,P,24,0,65,0,1,43,35,0,1,6,-2,-146,0,-193,-22,-29,0
19871,4.17,T,22,1,302,3,1,64,41,0,P,17,0,240,0,1,72,40,2,1,-5,-1,-62,-3,0,8,-1,2
19872,9.22,Z,83,5,261,10,113,314,187,5,T,70,0,734,0,117,211,219,2,1,-13,-5,473,-10,4,-103,32,-3
19873,9.59,T,85,4,491,0,426,313,128,4,P,72,2,546,0,732,168,75,7,1,-13,-2,55,0,306,-145,-53,3
19874,9.59,Z,76,0,651,0,887,328,292,12,T,133,0,564,0,508,348,216,15,1,57,0,-87,0,-379,20,-76,3
19875,9.41,P,40,0,661,0,0,140,73,0,Z,48,0,826,0,26,88,240,1,1,8,0,165,0,26,-52,167,1
19876,5.49,T,48,0,199,0,739,201,91,8,Z,64,0,292,5,138,156,173,2,1,16,0,93,5,-601,-45,82,-6
19877,8.08,Z,48,2,761,0,31,114,130,5,Z,50,0,287,0,35,93,224,6,0,2,-2,-474,0,4,-21,94,1
19878,10.47,P,33,6,611,1,4,72,55,0,P,42,0,523,0,2,74,53,0,0,9,-6,-88,-1,-2,2,-2,0
19879,10.2,Z,63,5,173,0,45,184,315,5,P,65,0,545,0,36,233,159,9,1,2,-5,372,0,-9,49,-156,4
19880,7.28,Z,50,0,338,0,38,160,170,4,Z,36,8,432,0,86,223,163,4,1,-14,8,94,0,48,63,-7,0
19881,9.59,T,60,0,432,27,143,157,165,6,T,57,0,508,0,0,32,100,7,0,-3,0,76,-27,-143,-125,-65,1
19882,8.25,P,50,0,577,0,238,114,56,9,Z,59,6,531,0,73,220,256,0,0,9,6,-46,0,-165,106,200,-9
19883,7.4,Z,41,12,304,0,621,204,194,4,Z,36,0,333,0,26,126,134,3,1,-5,-12,29,0,-595,-78,-60,-1
19884,8.11,Z,68,4,781,0,327,167,286,4,P,69,4,311,0,234,272,83,10,1,1,0,-470,0,-93,105,-203,6
19885,3.13,Z,12,0,93,0,139,93,154,4,Z,15,0,167,0,176,21,39,2,1,3,0,74,0,37,-72,-115,-2
19886,6.46,T,45,3,489,0,463,142,229,5,P,42,1,245,0,113,211,103,3,0,-3,-2,-244,0,-350,69,-126,-2
19887,9.58,T,35,0,555,0,1,57,235,6,Z,72,0,677,0,12,175,239,2,1,37,0,122,0,11,118,4,-4
19888,9.58,P,64,5,396,0,301,303,170,5,T,87,1,444,0,38,179,154,8,1,23,-4,48,0,-263,-124,-16,3
19889,10.1,Z,63,5,770,0,22,106,162,5,P,55,0,624,0,16,90,42,6,1,-8,-5,-146,0,-6,-16,-120,1
19890,1.31,Z,10,0,26,0,17,26,19,5,P,6,0,55,0,102,22,64,4,0,-4,0,29,0,85,-4,45,-1
19891,8.17,T,64,10,424,0,14,172,68,0,T,74,7,467,0,15,235,157,11,1,10,-3,43,0,1,63,89,11
19892,3.48,Z,21,1,90,0,3,33,57,1,Z,19,0,79,0,33,71,94,2,1,-2,-1,-11,0,30,38,37,1
19893,10.52,T,86,6,776,0,88,222,108,1,Z,61,0,864,0,87,256,387,20,1,-25,-6,88,0,-1,34,279,19
19894,5.41,T,29,0,221,0,0,64,49,1,P,27,2,339,0,38,46,41,9,1,-2,2,118,0,38,-18,-8,8
19895,6.31,P,33,0,111,0,252,39,74,8,P,41,3,378,0,112,132,50,11,1,8,3,267,0,-140,93,-24,3
19896,9.58,T,51,3,641,0,8,155,103,0,T,52,0,379,0,6,83,73,2,1,1,-3,-262,0,-2,-72,-30,2
19897,10.15,Z,80,5,859,0,413,173,381,0,P,62,0,1114,0,29,98,93,6,1,-18,-5,255,0,-384,-75,-288,6
19898,9.57,Z,52,3,412,0,31,83,169,1,Z,79,0,517,0,76,116,148,10,1,27,-3,105,0,45,33,-21,9
19899,9.06,P,47,7,301,0,38,130,99,3,P,36,2,646,0,5,139,64,0,0,-11,-5,345,0,-33,9,-35,-3
19900,9.58,P,35,1,649,0,1,117,70,2,T,51,0,684,0,8,55,64,2,1,16,-1,35,0,7,-62,-6,0
19901,9.56,T,40,0,465,0,0,20,65,1,Z,43,0,269,0,14,193,166,3,1,3,0,-196,0,14,173,101,2
19902,9.59,Z,75,5,509,0,23,253,218,7,Z,48,2,430,0,75,96,149,2,0,-27,-3,-79,0,52,-157,-69,-5
19903,8.26,T,84,4,432,0,727,166,163,17,Z,75,6,394,0,199,230,275,5,1,-9,2,-38,0,-528,64,112,-12
19904,10.31,T,34,0,388,0,0,145,108,1,Z,70,20,378,0,113,167,262,5,1,36,20,-10,0,113,22,154,4
19905,9.59,T,62,5,817,0,3,71,114,0,Z,44,6,184,2,49,148,151,1,0,-18,1,-633,2,46,77,37,1
19906,2.52,Z,10,0,207,0,0,20,44,0,T,7,1,164,0,58,23,73,0,1,-3,1,-43,0,58,3,29,0
19907,9.59,P,62,8,593,0,14,317,171,3,T,80,0,500,0,64,156,117,4,1,18,-8,-93,0,50,-161,-54,1
19908,1.33,P,4,0,100,0,20,45,7,4,Z,9,0,9,0,0,35,100,2,1,5,0,-91,0,-20,-10,93,-2
19909,3,T,9,0,114,0,1,30,23,1,T,13,2,88,0,4,34,63,4,0,4,2,-26,0,3,4,40,3
19910,8.44,P,46,3,490,0,27,89,56,3,Z,46,0,794,0,103,98,210,3,1,0,-3,304,0,76,9,154,0
19911,9.59,P,72,11,492,0,370,139,61,0,Z,66,0,667,0,107,100,177,6,0,-6,-11,175,0,-263,-39,116,6
19912,6.38,T,63,4,317,0,250,116,120,0,Z,39,3,282,0,48,98,150,0,0,-24,-1,-35,0,-202,-18,30,0
19913,9.35,P,70,0,524,0,9,162,85,2,Z,66,0,472,0,118,253,295,8,1,-4,0,-52,0,109,91,210,6
19914,9.56,P,61,0,977,0,7,245,105,8,T,52,0,677,0,0,24,66,0,0,-9,0,-300,0,-7,-221,-39,-8
19915,4.5,T,21,1,324,0,143,119,91,7,T,37,8,136,0,40,162,124,0,0,16,7,-188,0,-103,43,33,-7
19916,5.25,T,28,0,191,0,7,89,40,6,T,26,0,303,0,12,64,34,2,0,-2,0,112,0,5,-25,-6,-4
19917,9.21,T,76,3,682,0,250,229,164,7,Z,66,9,504,0,69,256,226,2,0,-10,6,-178,0,-181,27,62,-5
19918,9.59,P,83,12,340,0,107,273,122,4,P,67,0,676,0,38,175,61,10,0,-16,-12,336,0,-69,-98,-61,6
19919,5.23,Z,24,1,181,0,26,57,63,1,T,45,2,277,0,54,42,128,0,1,21,1,96,0,28,-15,65,-1
19920,6.55,T,50,1,809,0,187,95,115,9,Z,42,0,192,0,26,181,283,8,0,-8,-1,-617,0,-161,86,168,-1
19921,9.44,P,35,0,466,0,0,178,68,2,P,39,3,614,0,17,81,137,1,0,4,3,148,0,17,-97,69,-1
19922,10.21,Z,80,4,464,0,225,230,396,7,T,125,0,722,0,324,320,167,11,0,45,-4,258,0,99,90,-229,4
19923,10.14,P,74,0,580,0,7,194,210,0,Z,49,5,159,0,103,104,270,0,0,-25,5,-421,0,96,-90,60,0
19924,7.52,Z,37,0,348,0,2,77,190,0,T,56,7,612,0,33,104,80,0,1,19,7,264,0,31,27,-110,0
19925,9.59,Z,45,8,652,0,408,120,209,2,T,81,0,430,0,85,174,136,9,0,36,-8,-222,0,-323,54,-73,7
19926,5.23,T,44,0,259,0,130,120,67,2,Z,30,1,294,0,20,121,117,2,0,-14,1,35,0,-110,1,50,0
19927,9.59,Z,71,0,555,0,100,161,213,1,T,50,0,1053,0,4,128,110,5,0,-21,0,498,0,-96,-33,-103,4
19928,10.34,T,44,0,68,0,0,35,100,0,Z,82,6,789,0,293,362,456,14,0,38,6,721,0,293,327,356,14
19929,3.23,Z,12,2,239,0,93,48,87,0,T,8,0,148,0,0,20,11,1,0,-4,-2,-91,0,-93,-28,-76,1
19930,8.07,T,73,12,607,0,138,202,114,0,Z,49,0,751,0,47,148,144,5,0,-24,-12,144,0,-91,-54,30,5
19931,5.13,Z,16,4,248,0,41,89,84,0,T,27,0,126,0,303,204,126,8,1,11,-4,-122,0,262,115,42,8
19932,5.35,Z,39,7,366,1,297,117,194,2,Z,30,5,277,0,379,142,100,3,0,-9,-2,-89,-1,82,25,-94,1
19933,9.59,Z,82,14,309,1,237,207,177,3,T,80,0,544,0,80,214,79,18,0,-2,-14,235,-1,-157,7,-98,15
19934,6.1,P,49,2,375,0,690,137,138,13,Z,65,2,386,9,127,161,167,7,1,16,0,11,9,-563,24,29,-6
19935,10.53,Z,94,10,591,1,236,507,445,4,T,103,7,802,0,946,298,267,11,1,9,-3,211,-1,710,-209,-178,7
19936,9.59,Z,59,6,658,0,513,252,188,16,T,97,2,715,1,188,324,97,5,1,38,-4,57,1,-325,72,-91,-11
19937,10.19,Z,69,0,397,0,99,223,276,12,T,125,7,656,0,190,243,160,6,1,56,7,259,0,91,20,-116,-6
19938,3.58,T,41,3,128,0,341,136,129,7,T,34,1,128,0,46,71,36,5,1,-7,-2,0,0,-295,-65,-93,-2
19939,9.59,Z,76,0,466,0,127,375,249,6,P,109,0,584,0,106,420,97,9,1,33,0,118,0,-21,45,-152,3
19940,4.33,P,20,0,128,0,0,55,92,0,P,18,0,68,0,1,54,40,2,1,-2,0,-60,0,1,-1,-52,2
19941,9,T,21,0,610,0,0,16,35,0,P,28,0,397,0,0,40,49,0,1,7,0,-213,0,0,24,14,0
19942,8.51,P,76,0,314,0,121,320,164,7,T,132,0,321,0,418,217,110,25,1,56,0,7,0,297,-103,-54,18
19943,6.47,T,36,0,299,0,5,34,80,3,Z,35,0,429,0,33,61,144,2,1,-1,0,130,0,28,27,64,-1
19944,7.44,P,53,0,416,0,79,128,94,11,Z,47,1,416,0,82,189,242,8,1,-6,1,0,0,3,61,148,-3
19945,9.59,Z,83,2,439,0,67,117,202,0,T,122,0,463,0,149,285,117,8,0,39,-2,24,0,82,168,-85,8
19946,10.04,Z,74,0,341,0,91,68,197,4,T,81,0,1196,0,24,224,164,4,0,7,0,855,0,-67,156,-33,0
19947,6.35,Z,20,0,304,0,0,40,77,0,T,33,0,544,0,2,47,56,5,1,13,0,240,0,2,7,-21,5
19948,9.59,T,58,0,863,0,450,145,147,3,P,44,0,729,0,0,168,49,0,1,-14,0,-134,0,-450,23,-98,-3
19949,7.36,P,51,0,421,0,56,107,43,8,P,47,0,357,0,523,191,103,19,0,-4,0,-64,0,467,84,60,11
19950,9.59,T,70,8,597,0,343,326,203,10,Z,63,2,1234,0,15,208,173,1,0,-7,-6,637,0,-328,-118,-30,-9
19951,9.14,P,39,3,654,0,8,71,55,0,P,29,0,259,0,3,70,59,1,0,-10,-3,-395,0,-5,-1,4,1
19952,5.41,Z,28,1,301,0,211,93,353,4,P,30,1,401,0,24,216,34,4,1,2,0,100,0,-187,123,-319,0
19953,2.39,T,11,0,182,0,5,21,15,4,Z,11,1,174,0,11,16,26,2,1,0,1,-8,0,6,-5,11,-2
19954,6.23,P,41,2,341,0,37,166,82,4,Z,27,0,308,0,0,87,76,0,0,-14,-2,-33,0,-37,-79,-6,-4
19955,10.36,P,55,0,482,0,57,73,75,17,T,50,0,756,0,0,74,94,2,1,-5,0,274,0,-57,1,19,-15
19956,6.55,T,44,4,386,0,171,43,96,1,T,41,3,139,0,0,18,73,0,1,-3,-1,-247,0,-171,-25,-23,-1
19957,9.58,T,93,1,640,0,21,148,137,7,Z,69,9,290,0,45,228,262,0,0,-24,8,-350,0,24,80,125,-7
19958,2.44,P,12,1,125,0,0,49,12,0,Z,8,0,69,0,1,16,62,0,1,-4,-1,-56,0,1,-33,50,0
19959,10.18,P,34,0,491,0,0,30,52,0,Z,67,0,610,0,72,75,233,7,1,33,0,119,0,72,45,181,7
19960,3.42,Z,15,0,182,0,8,106,60,3,T,12,2,199,0,14,38,20,0,0,-3,2,17,0,6,-68,-40,-3
19961,9.59,T,62,11,699,0,42,189,103,0,Z,55,0,200,0,0,198,210,0,0,-7,-11,-499,0,-42,9,107,0
19962,9.59,T,87,0,938,0,51,215,146,4,Z,76,0,631,0,92,114,199,5,1,-11,0,-307,0,41,-101,53,1
19963,8,P,48,5,638,0,164,146,158,10,T,57,7,404,0,235,132,123,0,1,9,2,-234,0,71,-14,-35,-10
19964,7.46,Z,32,0,586,0,0,31,117,0,T,33,4,467,0,1,80,70,0,0,1,4,-119,0,1,49,-47,0
19965,4.11,T,26,0,137,0,360,67,91,5,T,24,2,67,0,49,50,56,3,0,-2,2,-70,0,-311,-17,-35,-2
19966,3.16,T,12,2,69,0,8,20,15,1,T,16,0,117,0,0,18,18,0,1,4,-2,48,0,-8,-2,3,-1
19967,10.38,Z,87,3,263,0,128,72,239,0,P,80,0,636,0,86,189,119,4,0,-7,-3,373,0,-42,117,-120,4
19968,7.25,T,37,0,312,0,0,47,53,2,T,49,6,613,0,60,86,54,2,1,12,6,301,0,60,39,1,0
19969,9.59,P,64,11,609,0,80,329,129,5,Z,61,11,393,0,56,235,254,0,1,-3,0,-216,0,-24,-94,125,-5
19970,2.15,T,14,2,101,1,13,36,22,0,Z,5,0,96,0,52,29,102,6,1,-9,-2,-5,-1,39,-7,80,6
19971,3.51,P,13,0,127,0,0,82,18,0,T,13,0,243,0,0,55,30,2,0,0,0,116,0,0,-27,12,2
19972,5.14,Z,24,1,246,0,17,81,96,2,P,42,2,262,7,34,164,140,0,1,18,1,16,7,17,83,44,-2
19973,9.51,Z,59,5,418,0,35,113,206,0,T,66,14,978,0,34,145,132,3,1,7,9,560,0,-1,32,-74,3
19974,9.59,T,74,6,269,0,136,182,121,5,T,42,0,577,0,0,48,80,1,0,-32,-6,308,0,-136,-134,-41,-4
19975,5.22,P,45,0,271,0,38,202,53,8,T,38,2,372,0,255,262,124,3,1,-7,2,101,0,217,60,71,-5
19976,9.06,Z,44,10,254,0,67,167,183,4,Z,49,3,346,0,164,252,201,6,0,5,-7,92,0,97,85,18,2
19977,8.43,P,39,0,389,0,59,188,83,4,T,78,0,365,0,1012,255,108,14,1,39,0,-24,0,953,67,25,10
19978,8.31,Z,87,6,365,0,271,182,213,17,T,84,0,559,0,75,249,131,16,0,-3,-6,194,0,-196,67,-82,-1
19979,9.25,P,54,7,526,0,20,295,84,2,P,57,1,573,0,20,210,96,4,0,3,-6,47,0,0,-85,12,2
19980,9.59,Z,70,0,565,0,51,120,166,5,T,60,0,490,0,2,116,214,6,0,-10,0,-75,0,-49,-4,48,1
19981,9.59,T,84,0,580,0,56,212,182,7,T,89,3,660,0,41,313,132,8,1,5,3,80,0,-15,101,-50,1
19982,9.59,T,104,0,753,0,31,376,151,4,P,67,4,453,0,201,282,176,7,0,-37,4,-300,0,170,-94,25,3
19983,9.26,Z,71,3,616,0,104,151,209,8,T,87,0,532,0,375,272,97,5,1,16,-3,-84,0,271,121,-112,-3
19984,1.59,T,8,1,54,0,137,32,13,3,T,7,0,10,0,156,12,144,2,0,-1,-1,-44,0,19,-20,131,-1
19985,9,T,95,0,546,0,23,317,283,5,Z,54,10,328,0,47,136,177,3,1,-41,10,-218,0,24,-181,-106,-2
19986,9.59,T,58,4,432,0,56,174,88,3,P,46,0,680,0,156,228,94,3,0,-12,-4,248,0,100,54,6,0
19987,9.59,P,99,0,620,0,75,392,143,24,Z,109,9,617,1,600,273,269,4,1,10,9,-3,1,525,-119,126,-20
19988,9.56,T,22,0,236,0,0,28,44,0,T,15,0,411,0,0,43,36,0,1,-7,0,175,0,0,15,-8,0
19989,3.36,P,15,0,118,0,0,48,23,0,P,9,0,287,0,0,39,4,0,0,-6,0,169,0,0,-9,-19,0
19990,8.22,P,40,5,589,0,10,36,55,0,Z,48,0,389,0,66,80,175,2,1,8,-5,-200,0,56,44,120,2
19991,9.59,Z,49,0,425,0,35,110,155,1,T,76,10,245,0,476,178,148,1,1,27,10,-180,0,441,68,-7,0
19992,3.59,T,19,0,331,0,4,62,51,2,T,14,5,392,0,8,94,51,0,1,-5,5,61,0,4,32,0,-2
19993,8.05,P,76,10,553,0,437,245,199,6,Z,42,1,427,0,44,182,191,5,1,-34,-9,-126,0,-393,-63,-8,-1
19994,7.1,P,39,0,359,0,20,189,104,3,T,63,0,294,0,314,354,69,6,1,24,0,-65,0,294,165,-35,3
19995,5.45,T,36,1,236,0,36,100,51,2,T,37,4,309,0,77,83,30,6,1,1,3,73,0,41,-17,-21,4
19996,8.3,Z,40,3,334,0,50,139,131,0,T,48,0,526,0,1,250,229,2,1,8,-3,192,0,-49,111,98,2
19997,4.31,P,21,1,266,0,10,210,24,0,Z,18,3,148,0,6,15,132,0,0,-3,2,-118,0,-4,-195,108,0
19998,5.15,Z,44,6,228,0,247,169,146,6,Z,31,0,325,11,140,95,152,1,1,-13,-6,97,11,-107,-74,6,-5
19999,9.59,P,47,0,468,0,29,25,36,2,T,51,0,697,0,4,48,73,4,1,4,0,229,0,-25,23,37,2
20000,9.58,Z,47,0,899,0,0,133,148,0,P,38,0,448,0,5,111,59,2,1,-9,0,-451,0,5,-22,-89,2
20001,9.59,T,79,0,674,0,36,57,95,6,P,59,4,462,0,62,287,61,9,0,-20,4,-212,0,26,230,-34,3
20002,5.55,Z,31,3,141,0,38,70,71,4,Z,34,6,179,0,187,106,116,0,1,3,3,38,0,149,36,45,-4
20003,9.58,Z,39,9,517,0,66,168,144,0,P,30,0,336,0,0,70,34,0,1,-9,-9,-181,0,-66,-98,-110,0
20004,8.34,T,61,2,415,0,79,116,141,2,Z,45,1,156,0,10,56,129,3,0,-16,-1,-259,0,-69,-60,-12,1
20005,7.53,P,62,1,274,0,21,370,87,6,Z,49,0,318,0,144,267,172,10,1,-13,-1,44,0,123,-103,85,4
20006,7.34,T,37,0,702,0,888,134,134,9,P,50,2,466,0,11,155,132,0,1,13,2,-236,0,-877,21,-2,-9
20007,5.56,Z,20,0,130,0,12,11,62,2,T,19,0,437,0,4,132,30,1,1,-1,0,307,0,-8,121,-32,-1
20008,7.1,T,68,3,498,0,93,171,54,6,Z,48,6,296,0,62,97,145,3,0,-20,3,-202,0,-31,-74,91,-3
20009,8.05,T,35,0,548,0,0,153,98,2,P,53,0,485,0,11,218,53,3,0,18,0,-63,0,11,65,-45,1
20010,4,T,23,2,238,0,25,102,44,0,P,15,2,225,0,8,55,24,2,1,-8,0,-13,0,-17,-47,-20,2
20011,9.59,T,79,0,494,0,657,284,126,10,P,74,3,575,0,30,143,65,0,0,-5,3,81,0,-627,-141,-61,-10
20012,9.59,Z,56,0,324,0,201,273,386,2,Z,34,0,74,0,0,29,120,1,0,-22,0,-250,0,-201,-244,-266,-1
20013,4.47,P,19,0,91,0,0,75,31,1,T,28,0,228,0,15,105,203,3,1,9,0,137,0,15,30,172,2
20014,9.02,P,32,0,512,0,3,123,51,3,T,59,4,875,0,64,145,60,0,0,27,4,363,0,61,22,9,-3
20015,5.54,P,35,3,374,0,24,91,44,7,T,46,4,235,0,231,165,42,9,0,11,1,-139,0,207,74,-2,2
20016,5.41,T,38,0,309,3,6,45,63,0,T,23,0,159,0,0,114,38,0,0,-15,0,-150,-3,-6,69,-25,0
20017,3.13,P,20,2,248,0,35,57,15,0,T,21,0,129,0,192,83,26,9,0,1,-2,-119,0,157,26,11,9
20018,5.31,Z,27,0,243,0,21,63,85,3,T,38,2,286,0,20,83,57,0,1,11,2,43,0,-1,20,-28,-3
20019,9.53,T,61,0,471,0,16,227,98,16,T,57,0,605,0,6,88,91,3,1,-4,0,134,0,-10,-139,-7,-13
20020,9.59,Z,64,0,633,0,217,135,237,9,P,60,2,873,0,16,162,95,0,1,-4,2,240,0,-201,27,-142,-9
20021,9.59,P,44,0,761,0,115,497,229,2,P,36,1,638,0,7,252,72,2,1,-8,1,-123,0,-108,-245,-157,0
20022,3.37,Z,15,1,180,0,17,14,41,0,Z,13,2,39,0,26,23,50,2,1,-2,1,-141,0,9,9,9,2
20023,9.59,P,47,0,331,0,69,165,86,6,P,59,1,516,0,35,372,106,4,1,12,1,185,0,-34,207,20,-2
20024,9.58,T,55,1,672,0,7,236,103,1,Z,48,3,369,0,85,123,222,6,1,-7,2,-303,0,78,-113,119,5
20025,10.43,T,76,0,648,0,33,79,90,5,T,90,0,834,0,17,115,103,4,0,14,0,186,0,-16,36,13,-1
20026,10.39,T,107,0,557,0,66,308,173,8,Z,84,0,567,0,25,195,256,5,0,-23,0,10,0,-41,-113,83,-3
20027,9.16,P,55,5,574,0,44,299,99,3,P,35,0,229,0,28,45,49,4,0,-20,-5,-345,0,-16,-254,-50,1
20028,6.41,P,45,6,282,0,447,139,57,5,T,35,0,473,0,394,189,59,6,1,-10,-6,191,0,-53,50,2,1
20029,9.59,P,83,7,372,0,537,248,184,13,Z,82,4,513,0,108,189,225,3,1,-1,-3,141,0,-429,-59,41,-10
20030,8.41,Z,54,0,651,0,528,243,297,9,T,43,8,662,0,20,117,79,2,0,-11,8,11,0,-508,-126,-218,-7
20031,9.27,T,114,0,373,0,351,174,259,16,P,52,0,552,0,31,333,116,11,0,-62,0,179,0,-320,159,-143,-5
20032,3.51,P,21,0,146,0,170,121,125,3,P,21,3,77,0,248,81,25,0,0,0,3,-69,0,78,-40,-100,-3
20033,5.23,T,48,0,380,0,460,121,102,11,P,38,3,345,0,75,168,77,4,0,-10,3,-35,0,-385,47,-25,-7
20034,4.12,T,28,0,121,0,299,95,95,8,T,21,1,232,0,415,143,135,10,0,-7,1,111,0,116,48,40,2
20035,3.33,P,20,0,203,0,335,50,21,3,P,15,1,156,0,84,167,113,4,1,-5,1,-47,0,-251,117,92,1
20036,3.31,Z,15,0,85,0,28,39,80,7,Z,14,0,71,0,0,23,81,1,1,-1,0,-14,0,-28,-16,1,-6
20037,6.32,Z,38,0,193,0,124,107,196,6,P,40,0,269,0,102,158,128,10,0,2,0,76,0,-22,51,-68,4
20038,4.34,T,26,0,91,0,195,67,34,7,T,23,3,258,0,308,66,29,6,1,-3,3,167,0,113,-1,-5,-1
20039,6.06,Z,41,0,285,0,373,99,151,7,P,41,0,285,0,57,277,36,5,0,0,0,0,0,-316,178,-115,-2
20040,10.01,Z,79,7,1093,0,140,188,266,5,T,88,5,687,0,48,134,199,1,0,9,-2,-406,0,-92,-54,-67,-4
20041,9.59,P,26,0,817,0,5,105,93,0,T,45,8,585,3,104,120,64,0,0,19,8,-232,3,99,15,-29,0
20042,3.37,Z,34,1,90,0,266,132,133,6,Z,24,2,108,0,15,86,121,0,1,-10,1,18,0,-251,-46,-12,-6
20043,9.54,T,39,0,259,0,27,33,31,4,Z,43,0,436,0,0,25,137,0,1,4,0,177,0,-27,-8,106,-4
20044,4.19,P,24,2,244,0,3,88,69,0,T,38,0,220,0,13,72,28,3,0,14,-2,-24,0,10,-16,-41,3
20045,6.37,T,41,3,392,0,140,77,68,3,T,39,1,671,0,92,231,95,5,0,-2,-2,279,0,-48,154,27,2
20046,0.36,P,1,0,40,0,0,2,1,1,P,3,0,13,2,3,2,3,0,1,2,0,-27,2,3,0,2,-1
20047,9.2,Z,50,0,597,0,62,156,201,0,T,43,0,764,0,2,111,74,2,0,-7,0,167,0,-60,-45,-127,2
20048,2.29,Z,7,2,22,0,22,24,42,4,T,12,0,236,0,2,41,10,1,0,5,-2,214,0,-20,17,-32,-3
20049,9.11,Z,46,11,211,0,195,142,313,2,Z,47,3,658,0,33,85,153,0,0,1,-8,447,0,-162,-57,-160,-2
20050,10.3,T,26,0,535,0,1,23,40,2,P,31,0,623,0,0,69,92,0,1,5,0,88,0,-1,46,52,-2
20051,6.51,T,37,0,498,0,0,114,81,2,T,41,0,480,0,35,75,57,6,1,4,0,-18,0,35,-39,-24,4
20052,5.42,Z,37,0,197,0,140,131,140,10,Z,38,0,396,0,55,100,145,8,1,1,0,199,0,-85,-31,5,-2
20053,1.27,P,6,0,47,0,0,26,10,0,P,6,0,86,0,1,35,2,1,1,0,0,39,0,1,9,-8,1
20054,0.13,Z,0,0,10,0,3,6,5,1,T,1,0,25,0,4,4,8,1,0,1,0,15,0,1,-2,3,0
20055,4.56,Z,26,4,189,1,47,84,79,0,T,39,0,230,0,660,70,136,7,0,13,-4,41,-1,613,-14,57,7
20056,3.57,T,19,4,261,0,0,77,95,0,T,9,0,285,0,0,38,48,0,0,-10,-4,24,0,0,-39,-47,0
20057,4.06,P,25,0,349,0,49,182,44,3,P,20,2,181,0,173,101,122,2,1,-5,2,-168,0,124,-81,78,-1
20058,6.11,P,23,6,388,0,0,88,59,2,P,45,0,248,0,182,205,47,9,0,22,-6,-140,0,182,117,-12,7
20059,9.06,P,53,0,826,0,0,68,117,0,Z,43,1,312,0,6,57,171,0,1,-10,1,-514,0,6,-11,54,0
20060,6.34,P,32,0,390,0,82,179,66,16,T,65,0,220,0,420,230,308,5,1,33,0,-170,0,338,51,242,-11
20061,9.59,T,61,0,586,0,3,211,111,2,T,74,0,318,0,106,149,295,6,1,13,0,-268,0,103,-62,184,4
20062,3.14,T,13,1,162,0,6,43,75,4,Z,11,0,101,0,8,17,41,1,1,-2,-1,-61,0,2,-26,-34,-3
20063,10.54,T,53,0,452,0,36,219,166,13,Z,79,0,353,0,154,118,278,19,1,26,0,-99,0,118,-101,112,6
20064,9.59,P,79,0,551,0,777,238,235,10,T,102,0,719,0,67,317,117,16,1,23,0,168,0,-710,79,-118,6
20065,9.54,T,60,0,847,0,43,66,81,5,P,44,0,501,0,0,87,77,0,0,-16,0,-346,0,-43,21,-4,-5
20066,8.53,T,48,0,502,0,0,16,48,0,Z,56,0,136,0,52,25,176,1,1,8,0,-366,0,52,9,128,1
20067,3.16,T,12,5,121,0,11,77,21,0,T,20,2,68,0,379,40,63,6,0,8,-3,-53,0,368,-37,42,6
20068,8.36,T,67,2,393,0,51,157,99,10,P,50,3,632,0,21,135,60,2,0,-17,1,239,0,-30,-22,-39,-8
20069,9.59,P,56,5,584,0,12,121,102,0,T,69,1,690,0,32,147,116,0,0,13,-4,106,0,20,26,14,0
20070,9.29,P,48,0,627,0,1,183,77,3,Z,36,2,412,0,24,303,140,5,1,-12,2,-215,0,23,120,63,2
20071,9.59,T,92,6,431,0,682,216,90,13,Z,75,8,602,0,212,246,336,2,0,-17,2,171,0,-470,30,246,-11
20072,8.44,Z,42,0,442,0,35,116,133,7,Z,40,2,251,0,15,141,254,0,0,-2,2,-191,0,-20,25,121,-7
20073,10.14,Z,83,0,867,0,126,303,329,8,Z,77,3,414,0,993,213,504,6,1,-6,3,-453,0,867,-90,175,-2
20074,8.51,T,54,0,699,0,11,103,105,4,Z,58,3,416,0,92,157,224,8,1,4,3,-283,0,81,54,119,4
20075,8.32,P,37,0,549,0,1,201,64,0,T,66,1,540,0,9,200,98,12,1,29,1,-9,0,8,-1,34,12
20076,9.33,Z,81,5,396,0,536,286,296,8,P,127,4,653,0,951,343,106,8,1,46,-1,257,0,415,57,-190,0
20077,5.01,T,14,2,399,0,2,31,37,1,Z,17,0,154,0,29,13,56,0,0,3,-2,-245,0,27,-18,19,-1
20078,3.37,T,19,0,186,8,343,127,62,0,Z,17,3,123,0,213,139,84,13,0,-2,3,-63,-8,-130,12,22,13
20079,9.59,T,85,3,612,0,54,89,90,2,P,69,7,457,0,112,253,113,6,1,-16,4,-155,0,58,164,23,4
20080,5.21,Z,25,4,148,0,219,72,159,6,Z,31,0,186,0,51,118,128,4,1,6,-4,38,0,-168,46,-31,-2
20081,1.52,P,15,0,83,0,13,94,14,3,P,8,0,79,0,4,48,13,1,1,-7,0,-4,0,-9,-46,-1,-2
20082,0,T,0,0,1,0,0,0,0,0,T,20,1,158,0,115,106,94,4,1,20,1,157,0,115,106,94,4
20083,3.59,Z,22,0,100,0,17,82,68,0,Z,20,0,46,0,5,16,67,1,1,-2,0,-54,0,-12,-66,-1,1
20084,4.2,P,22,3,222,0,22,60,30,3,Z,20,0,161,0,4,63,57,4,0,-2,-3,-61,0,-18,3,27,1
20085,8.5,P,57,1,408,0,492,277,80,17,T,93,0,381,26,455,155,234,8,0,36,-1,-27,26,-37,-122,154,-9
20086,6.07,P,43,0,328,0,39,117,88,3,T,46,0,278,0,34,141,85,14,1,3,0,-50,0,-5,24,-3,11
20087,6.56,P,49,0,461,0,4,241,84,3,T,60,2,396,0,154,252,124,17,0,11,2,-65,0,150,11,40,14
20088,5.2,T,28,0,244,0,192,178,218,5,P,28,0,258,0,306,110,33,3,1,0,0,14,0,114,-68,-185,-2
20089,5.29,T,27,2,278,0,5,163,63,0,T,27,0,423,0,0,69,40,2,1,0,-2,145,0,-5,-94,-23,2
20090,9.58,T,85,4,745,0,283,342,188,10,T,70,0,723,0,421,169,89,17,0,-15,-4,-22,0,138,-173,-99,7
20091,9.59,T,137,0,572,0,600,321,153,17,Z,92,12,516,0,56,129,233,5,0,-45,12,-56,0,-544,-192,80,-12
20092,9.59,T,69,0,510,0,6,243,149,3,Z,82,6,638,0,311,278,230,7,0,13,6,128,0,305,35,81,4
20093,2.32,Z,14,0,116,0,16,53,41,0,T,10,0,36,0,236,35,35,9,1,-4,0,-80,0,220,-18,-6,9
20094,3.43,T,28,5,138,0,163,69,44,1,T,22,6,100,0,5,93,68,2,0,-6,1,-38,0,-158,24,24,1
20095,9.59,T,107,0,387,0,1,207,156,4,Z,83,4,657,0,558,497,343,8,1,-24,4,270,0,557,290,187,4
20096,7.27,Z,37,0,395,0,46,169,127,2,Z,42,1,643,0,9,147,141,1,1,5,1,248,0,-37,-22,14,-1
20097,7.55,T,39,3,605,0,12,99,76,0,Z,37,5,654,0,436,97,243,2,0,-2,2,49,0,424,-2,167,2
20098,9.59,Z,51,3,746,0,192,318,349,6,Z,53,5,672,0,15,215,149,1,0,2,2,-74,0,-177,-103,-200,-5
20099,10.23,Z,47,0,280,0,18,255,206,2,Z,50,0,605,0,28,290,251,4,1,3,0,325,0,10,35,45,2
20100,9.58,T,49,0,1508,0,0,91,84,0,Z,53,0,602,0,55,43,170,6,1,4,0,-906,0,55,-48,86,6
20101,8.28,P,73,0,463,0,533,208,89,14,T,92,0,466,0,190,95,123,28,0,19,0,3,0,-343,-113,34,14
20102,8.16,P,18,0,281,0,1,222,38,0,T,48,0,558,0,0,55,102,0,0,30,0,277,0,-1,-167,64,0
20103,9.59,P,52,4,714,0,203,92,66,7,P,55,0,836,0,37,201,87,7,1,3,-4,122,0,-166,109,21,0
20104,9.33,P,56,1,400,0,26,160,104,0,P,78,7,337,0,179,136,76,0,0,22,6,-63,0,153,-24,-28,0
20105,6.2,P,38,0,210,0,58,97,97,8,Z,27,0,315,0,76,58,94,7,0,-11,0,105,0,18,-39,-3,-1
20106,5.5,Z,59,0,381,0,435,192,233,16,P,62,0,337,0,302,215,49,12,0,3,0,-44,0,-133,23,-184,-4
20107,6.12,P,29,0,99,0,22,194,26,1,Z,28,0,255,0,38,111,130,6,1,-1,0,156,0,16,-83,104,5
20108,9.59,T,77,0,450,0,84,323,106,13,T,114,2,464,0,529,329,222,4,0,37,2,14,0,445,6,116,-9
20109,9.59,Z,74,3,225,0,36,63,191,0,Z,68,0,438,0,167,131,446,6,0,-6,-3,213,0,131,68,255,6
20110,3.43,T,20,1,381,0,145,90,112,1,Z,14,0,84,0,0,24,70,0,1,-6,-1,-297,0,-145,-66,-42,-1
20111,1.39,Z,4,0,16,0,35,13,120,3,Z,4,0,6,0,9,8,23,3,0,0,0,-10,0,-26,-5,-97,0
20112,2.12,Z,5,1,120,0,48,72,39,3,P,11,1,128,0,99,37,51,1,0,6,0,8,0,51,-35,12,-2
20113,6.15,Z,45,7,151,2,114,161,149,5,Z,36,0,327,0,75,180,134,5,0,-9,-7,176,-2,-39,19,-15,0
20114,5.14,T,25,0,299,0,12,24,37,4,T,25,3,245,0,36,75,32,0,0,0,3,-54,0,24,51,-5,-4
20115,9.59,T,80,0,773,0,1,128,160,6,T,57,0,1188,0,20,172,72,6,0,-23,0,415,0,19,44,-88,0
20116,9.54,P,62,5,404,0,599,174,61,0,T,78,2,422,0,32,104,246,10,1,16,-3,18,0,-567,-70,185,10
20117,2.35,T,16,0,96,0,133,85,18,3,T,7,0,70,0,303,62,152,5,0,-9,0,-26,0,170,-23,134,2
20118,9.59,T,68,5,404,0,18,190,86,1,T,106,8,521,0,227,414,69,2,1,38,3,117,0,209,224,-17,1
20119,2.07,P,6,0,199,0,0,31,10,0,Z,7,1,88,0,14,28,25,2,1,1,1,-111,0,14,-3,15,2
20120,8.5,T,51,0,403,0,0,174,187,0,Z,42,7,251,0,101,73,124,0,0,-9,7,-152,0,101,-101,-63,0
20121,3.43,T,16,3,123,0,327,43,117,3,T,11,0,175,0,171,28,33,3,0,-5,-3,52,0,-156,-15,-84,0
20122,8.46,T,75,0,584,0,52,286,115,3,T,77,0,466,0,503,165,159,10,0,2,0,-118,0,451,-121,44,7
20123,3.02,P,14,0,106,0,183,56,77,7,P,23,0,142,0,7,68,20,2,1,9,0,36,0,-176,12,-57,-5
20124,8.2,T,64,4,478,0,75,450,106,2,T,70,0,936,0,61,206,272,1,0,6,-4,458,0,-14,-244,166,-1
20125,9.58,P,59,0,767,0,0,152,85,0,T,63,0,787,0,0,143,172,1,1,4,0,20,0,0,-9,87,1
20126,3.56,P,24,0,102,0,0,108,85,1,P,16,1,249,0,1,82,30,0,0,-8,1,147,0,1,-26,-55,-1
20127,2.27,T,8,1,79,0,102,24,64,2,Z,12,1,115,0,0,12,36,0,1,4,0,36,0,-102,-12,-28,-2
20128,9.59,T,101,0,430,0,68,276,119,14,P,68,0,390,0,52,239,102,23,0,-33,0,-40,0,-16,-37,-17,9
20129,7.19,P,23,0,369,0,7,98,37,2,T,36,3,201,0,67,81,47,4,1,13,3,-168,0,60,-17,10,2
20130,10.08,Z,65,2,418,0,100,301,274,4,Z,48,4,1132,0,59,199,160,0,0,-17,2,714,0,-41,-102,-114,-4
20131,8.36,P,80,6,509,0,491,308,95,8,T,77,0,654,0,539,237,177,8,1,-3,-6,145,0,48,-71,82,0
20132,4.26,T,22,0,102,7,274,104,144,0,Z,25,0,337,0,119,102,82,3,0,3,0,235,-7,-155,-2,-62,3
20133,4.55,T,28,3,174,1,332,43,85,3,T,36,0,142,0,519,87,98,5,1,8,-3,-32,-1,187,44,13,2
20134,9.59,P,68,0,937,0,79,161,94,6,Z,83,0,362,0,68,102,277,3,0,15,0,-575,0,-11,-59,183,-3
20135,5.16,T,26,0,85,0,23,45,64,0,T,48,1,208,0,355,175,58,4,0,22,1,123,0,332,130,-6,4
20136,6.42,P,38,0,272,0,103,107,52,6,T,6,0,116,0,0,41,13,0,0,-32,0,-156,0,-103,-66,-39,-6
20137,4.17,T,32,0,178,0,272,97,128,6,Z,23,1,87,0,134,85,157,3,0,-9,1,-91,0,-138,-12,29,-3
20138,9.57,T,58,3,369,0,763,49,84,8,T,84,0,440,0,3,221,124,1,1,26,-3,71,0,-760,172,40,-7
20139,3.53,Z,18,1,184,0,4,52,73,2,Z,13,0,188,0,0,61,63,1,0,-5,-1,4,0,-4,9,-10,-1
20140,9.54,T,53,0,463,0,47,83,85,6,Z,63,0,550,0,73,219,162,7,1,10,0,87,0,26,136,77,1
20141,9.3,P,38,0,139,0,6,97,69,1,T,91,4,571,0,67,311,134,6,1,53,4,432,0,61,214,65,5
20142,7.2,P,29,0,515,0,2,200,62,1,T,33,3,491,0,12,57,116,0,1,4,3,-24,0,10,-143,54,-1
20143,5.28,T,36,0,274,0,833,106,91,4,T,40,0,190,0,559,169,122,8,0,4,0,-84,0,-274,63,31,4
20144,9.59,P,89,14,757,0,306,291,86,5,T,94,1,405,0,813,246,163,16,1,5,-13,-352,0,507,-45,77,11
20145,1.32,Z,1,0,58,0,110,42,80,1,P,6,0,79,0,8,22,13,3,1,5,0,21,0,-102,-20,-67,2
20146,10.56,Z,96,1,446,0,87,345,341,2,T,116,1,616,0,312,297,179,21,0,20,0,170,0,225,-48,-162,19
20147,8.37,P,54,4,513,0,31,114,99,4,T,103,0,598,0,377,131,138,17,1,49,-4,85,0,346,17,39,13
20148,7.02,T,47,1,260,0,19,114,77,8,P,53,0,343,0,78,95,44,13,1,6,-1,83,0,59,-19,-33,5
20149,9.57,Z,56,3,500,0,22,79,295,4,T,63,0,833,0,0,98,141,0,1,7,-3,333,0,-22,19,-154,-4
20150,9.05,P,39,0,468,0,0,135,65,0,Z,41,3,528,0,53,182,188,0,1,2,3,60,0,53,47,123,0
20151,9.33,T,66,1,1580,0,426,93,151,6,P,60,0,560,0,41,122,64,9,1,-6,-1,-1020,0,-385,29,-87,3
20152,5.52,T,65,2,458,0,272,94,109,5,P,50,0,228,0,386,249,62,7,0,-15,-2,-230,0,114,155,-47,2
20153,9.58,T,53,1,732,0,686,120,92,10,Z,68,8,522,0,45,86,190,0,1,15,7,-210,0,-641,-34,98,-10
20154,4.27,P,23,0,130,0,9,93,80,5,T,15,0,278,0,2,107,29,4,0,-8,0,148,0,-7,14,-51,-1
20155,9.59,T,66,0,462,0,0,156,148,0,T,55,3,715,0,7,82,107,0,1,-11,3,253,0,7,-74,-41,0
20156,9.48,P,45,1,759,0,14,74,54,0,T,59,0,546,0,25,30,56,3,0,14,-1,-213,0,11,-44,2,3
20157,5.18,P,38,1,187,0,289,117,85,14,P,47,1,280,0,85,258,102,3,0,9,0,93,0,-204,141,17,-11
20158,10.02,Z,47,0,596,0,0,158,243,0,Z,47,0,654,0,0,129,180,0,1,0,0,58,0,0,-29,-63,0
20159,7.42,Z,48,1,461,0,131,193,202,5,T,83,6,355,0,258,169,131,2,0,35,5,-106,0,127,-24,-71,-3
20160,9.38,T,87,1,521,3,465,346,198,16,Z,83,7,556,0,28,241,207,1,1,-4,6,35,-3,-437,-105,9,-15
20161,6.07,T,33,0,608,0,3,32,60,2,Z,25,3,333,0,35,71,77,6,0,-8,3,-275,0,32,39,17,4
20162,7.04,T,76,0,501,0,420,158,154,12,T,62,0,332,0,64,232,68,17,0,-14,0,-169,0,-356,74,-86,5
20163,9.22,Z,53,0,852,0,127,176,185,5,T,52,0,406,0,23,139,67,2,0,-1,0,-446,0,-104,-37,-118,-3
20164,2.52,Z,11,1,135,0,135,114,84,4,Z,15,2,32,0,24,16,53,4,0,4,1,-103,0,-111,-98,-31,0
20165,7.4,Z,44,5,333,0,298,105,127,4,P,28,0,533,0,6,76,67,0,0,-16,-5,200,0,-292,-29,-60,-4
20166,9.59,Z,88,0,443,0,26,215,213,6,T,121,0,604,0,361,385,300,9,1,33,0,161,0,335,170,87,3
20167,9.59,P,51,1,535,0,573,301,141,14,T,99,2,693,0,249,254,113,5,1,48,1,158,0,-324,-47,-28,-9
20168,7.3,T,39,0,529,0,23,46,72,4,P,15,0,505,0,0,23,23,0,0,-24,0,-24,0,-23,-23,-49,-4
20169,10.3,T,102,17,644,0,709,252,161,15,Z,77,0,750,0,213,210,308,11,0,-25,-17,106,0,-496,-42,147,-4
20170,9.59,Z,49,0,247,0,62,49,141,7,T,47,0,483,0,0,112,69,1,0,-2,0,236,0,-62,63,-72,-6
20171,10.36,Z,78,1,252,0,54,227,247,2,P,75,0,495,0,50,170,76,6,0,-3,-1,243,0,-4,-57,-171,4
20172,7.14,T,61,4,228,0,530,262,145,12,T,48,0,335,0,94,122,52,5,0,-13,-4,107,0,-436,-140,-93,-7
20173,5.5,T,44,0,404,0,31,156,44,4,P,29,0,385,0,0,70,60,0,0,-15,0,-19,0,-31,-86,16,-4
20174,5.05,Z,18,1,250,0,13,60,74,0,Z,30,1,398,0,18,26,64,4,0,12,0,148,0,5,-34,-10,4
20175,4.46,Z,22,0,153,0,19,114,72,6,P,32,0,313,0,46,146,73,4,0,10,0,160,0,27,32,1,-2
20176,8.2,T,69,4,311,0,427,215,100,13,T,83,5,375,0,282,210,148,10,1,14,1,64,0,-145,-5,48,-3
20177,9.59,T,116,2,600,0,521,392,224,17,T,87,2,566,0,278,207,114,2,1,-29,0,-34,0,-243,-185,-110,-15
20178,9.59,T,135,0,439,0,389,398,235,17,P,106,11,341,0,562,399,106,1,1,-29,11,-98,0,173,1,-129,-16
20179,9.59,Z,52,0,493,0,18,169,203,1,T,58,2,726,0,0,179,106,0,0,6,2,233,0,-18,10,-97,-1
20180,7.53,P,32,5,673,0,9,91,47,1,T,58,2,500,0,281,407,205,3,0,26,-3,-173,0,272,316,158,2
20181,2.35,P,12,0,46,0,9,39,17,3,P,6,0,35,0,0,16,8,0,1,-6,0,-11,0,-9,-23,-9,-3
20182,10.29,T,69,18,611,0,298,107,83,0,T,81,0,848,0,74,252,79,8,1,12,-18,237,0,-224,145,-4,8
20183,9.58,T,73,0,660,0,161,209,143,20,T,77,6,644,0,60,200,114,0,0,4,6,-16,0,-101,-9,-29,-20
20184,9.59,T,119,0,469,0,596,433,343,11,Z,75,5,486,0,75,439,229,8,1,-44,5,17,0,-521,6,-114,-3
20185,5.51,P,28,0,222,9,311,188,58,0,P,15,0,388,0,2,47,42,1,0,-13,0,166,-9,-309,-141,-16,1
20186,7.46,T,15,0,417,0,0,265,39,0,T,23,1,239,0,2,22,38,0,0,8,1,-178,0,2,-243,-1,0
20187,5.34,P,24,4,275,0,55,180,66,0,Z,32,3,248,0,25,48,125,2,0,8,-1,-27,0,-30,-132,59,2
20188,9.59,Z,65,8,240,0,51,185,250,1,T,95,8,674,0,133,220,158,4,0,30,0,434,0,82,35,-92,3
20189,9.57,T,140,0,528,0,780,318,219,16,Z,84,9,535,0,69,247,358,0,0,-56,9,7,0,-711,-71,139,-16
20190,7.1,Z,32,3,542,0,37,72,85,2,Z,36,0,346,6,92,101,111,0,0,4,-3,-196,6,55,29,26,-2
20191,9.59,P,48,0,411,0,34,221,98,5,Z,57,15,621,0,526,147,187,2,1,9,15,210,0,492,-74,89,-3
20192,6.21,Z,31,0,238,0,27,108,121,5,T,88,2,203,0,478,204,122,4,1,57,2,-35,0,451,96,1,-1
20193,8.36,T,64,5,255,0,184,188,173,4,Z,50,0,347,0,144,240,146,7,0,-14,-5,92,0,-40,52,-27,3
20194,9.59,T,85,0,632,0,731,265,101,10,P,119,0,387,0,131,446,169,14,0,34,0,-245,0,-600,181,68,4
20195,9.59,P,128,4,887,0,60,329,114,10,T,88,5,1289,2,351,207,80,1,0,-40,1,402,2,291,-122,-34,-9
20196,8.58,Z,82,0,462,0,247,339,259,20,T,142,5,425,0,378,312,102,11,1,60,5,-37,0,131,-27,-157,-9
20197,9.59,Z,77,3,575,0,60,142,205,3,T,125,6,343,0,415,331,175,10,1,48,3,-232,0,355,189,-30,7
20198,9.56,Z,46,6,218,0,110,66,210,0,T,43,0,353,0,0,106,114,0,0,-3,-6,135,0,-110,40,-96,0
20199,9.58,T,87,8,568,0,43,220,132,4,Z,70,4,398,0,27,87,190,5,1,-17,-4,-170,0,-16,-133,58,1
20200,4.52,T,19,0,203,0,15,79,34,5,T,28,0,217,0,50,72,46,6,1,9,0,14,0,35,-7,12,1
20201,4.5,Z,29,5,174,1,128,149,109,14,T,45,4,232,0,461,144,132,11,1,16,-1,58,-1,333,-5,23,-3
20202,9.52,T,170,0,499,0,275,411,256,8,Z,82,0,503,0,318,203,225,15,0,-88,0,4,0,43,-208,-31,7
20203,9.14,T,39,0,257,0,7,38,57,3,T,43,0,867,0,33,59,53,8,1,4,0,610,0,26,21,-4,5
20204,8.44,T,56,3,347,0,18,103,60,2,P,38,0,546,0,5,102,86,3,1,-18,-3,199,0,-13,-1,26,1
20205,9.59,P,69,3,469,0,62,265,107,6,T,110,0,558,0,384,332,134,16,0,41,-3,89,0,322,67,27,10
20206,9.59,T,105,0,690,0,127,255,159,9,Z,70,0,675,0,0,155,175,0,0,-35,0,-15,0,-127,-100,16,-9
20207,9.59,T,108,1,370,0,510,448,330,22,P,66,0,389,0,97,502,165,13,0,-42,-1,19,0,-413,54,-165,-9
20208,9.59,Z,65,6,376,0,144,236,164,12,T,65,0,870,0,107,383,82,9,0,0,-6,494,0,-37,147,-82,-3
20209,9.59,P,145,11,643,0,711,328,153,4,Z,112,0,472,38,282,259,485,3,0,-33,-11,-171,38,-429,-69,332,-1
20210,8,T,60,0,382,0,55,247,72,4,T,81,4,430,0,198,179,166,7,1,21,4,48,0,143,-68,94,3
20211,8.16,T,98,5,911,0,366,276,163,5,Z,58,7,537,0,76,249,273,8,1,-40,2,-374,0,-290,-27,110,3
20212,9.59,Z,45,10,504,0,25,67,181,2,T,58,0,643,0,0,218,105,3,1,13,-10,139,0,-25,151,-76,1
20213,9.58,P,71,0,495,0,28,153,126,4,T,100,1,374,0,421,165,150,6,0,29,1,-121,0,393,12,24,2
20214,9.04,P,30,0,233,0,0,221,56,0,T,41,2,525,0,62,128,55,0,1,11,2,292,0,62,-93,-1,0
20215,4.5,T,55,3,316,0,225,170,74,4,T,25,3,303,0,35,101,160,0,0,-30,0,-13,0,-190,-69,86,-4
20216,9.59,Z,66,0,421,0,107,257,232,4,T,74,3,487,0,86,174,129,8,0,8,3,66,0,-21,-83,-103,4
20217,9.59,Z,61,0,306,0,143,69,259,12,T,81,11,468,0,95,298,114,0,1,20,11,162,0,-48,229,-145,-12
20218,5.06,T,27,0,358,0,6,23,56,4,Z,26,3,253,0,46,56,136,2,0,-1,3,-105,0,40,33,80,-2
20219,7.32,T,35,0,397,0,0,65,64,0,T,35,4,338,0,56,95,27,0,0,0,4,-59,0,56,30,-37,0
20220,10.27,Z,45,0,646,0,0,124,157,0,Z,58,0,432,0,31,83,160,7,1,13,0,-214,0,31,-41,3,7
20221,9.02,Z,71,13,712,1,168,195,216,3,P,39,0,491,0,21,171,161,2,0,-32,-13,-221,-1,-147,-24,-55,-1
20222,9.59,T,75,0,301,0,64,195,265,7,Z,56,3,340,0,41,201,191,0,0,-19,3,39,0,-23,6,-74,-7
20223,10.14,P,114,0,310,0,167,293,187,9,P,76,0,648,0,0,339,87,0,0,-38,0,338,0,-167,46,-100,-9
20224,8.3,P,85,5,460,0,300,264,168,12,T,97,6,262,0,517,180,143,6,0,12,1,-198,0,217,-84,-25,-6
20225,5.14,P,27,0,224,0,278,133,33,6,P,26,0,423,3,44,130,50,3,1,-1,0,199,3,-234,-3,17,-3
20226,7.12,T,56,3,507,0,29,263,96,2,P,28,0,342,0,1,95,88,0,0,-28,-3,-165,0,-28,-168,-8,-2
20227,6.45,Z,48,2,339,0,11,165,347,0,T,50,0,364,0,397,126,171,8,1,2,-2,25,0,386,-39,-176,8
20228,6.09,Z,32,0,378,0,19,142,103,7,Z,40,2,453,0,457,159,167,2,1,8,2,75,0,438,17,64,-5
20229,8.33,T,91,18,704,0,36,157,103,0,Z,65,2,399,0,33,216,235,5,1,-26,-16,-305,0,-3,59,132,5
20230,8.06,T,83,3,476,3,411,375,189,12,P,73,0,388,5,50,203,97,8,1,-10,-3,-88,2,-361,-172,-92,-4
20231,9.25,T,69,0,598,0,33,201,107,7,T,71,0,604,0,0,96,156,0,0,2,0,6,0,-33,-105,49,-7
20232,9.58,P,33,1,460,0,0,131,56,0,P,43,4,272,0,9,52,40,0,0,10,3,-188,0,9,-79,-16,0
20233,0.39,Z,4,0,11,0,0,3,7,0,P,1,0,5,0,19,6,5,2,1,-3,0,-6,0,19,3,-2,2
20234,3.34,T,15,2,254,0,80,26,19,5,T,15,0,213,0,2,52,42,1,1,0,-2,-41,0,-78,26,23,-4
20235,10.35,Z,37,2,505,0,17,107,145,0,P,37,0,665,0,0,73,57,0,0,0,-2,160,0,-17,-34,-88,0
20236,10.06,T,94,0,836,0,276,236,155,7,P,80,8,368,0,75,207,64,6,1,-14,8,-468,0,-201,-29,-91,-1
20237,5.49,Z,21,6,360,0,232,84,72,0,T,41,0,390,0,783,102,96,8,1,20,-6,30,0,551,18,24,8
20238,7.36,T,54,0,813,0,144,69,57,5,Z,47,0,256,0,221,173,352,3,0,-7,0,-557,0,77,104,295,-2
20239,8.18,Z,77,11,628,6,152,210,297,7,T,109,0,552,0,445,265,163,13,0,32,-11,-76,-6,293,55,-134,6
20240,4.4,T,26,3,231,0,151,147,52,4,T,36,3,163,0,81,81,62,6,0,10,0,-68,0,-70,-66,10,2
20241,9.59,P,78,0,694,0,110,154,102,19,T,103,0,844,0,55,340,128,12,0,25,0,150,0,-55,186,26,-7
20242,6.56,Z,25,0,627,0,23,99,168,3,P,30,5,794,0,7,198,57,0,0,5,5,167,0,-16,99,-111,-3
20243,9.01,T,50,6,219,0,1,56,100,0,P,39,3,512,1,162,125,59,0,0,-11,-3,293,1,161,69,-41,0
20244,9.48,P,43,2,932,0,21,42,29,1,Z,51,2,758,0,48,110,184,2,1,8,0,-174,0,27,68,155,1
20245,6.17,T,38,1,281,0,7,34,83,4,T,42,1,156,0,467,146,203,9,1,4,0,-125,0,460,112,120,5
20246,9.59,Z,60,8,454,0,22,326,197,1,T,57,13,616,0,57,198,112,1,0,-3,5,162,0,35,-128,-85,0
20247,9.57,Z,52,1,286,0,24,73,152,0,Z,68,6,616,0,29,251,196,0,1,16,5,330,0,5,178,44,0
20248,9.57,Z,59,2,312,0,13,176,246,0,T,72,8,396,0,378,182,105,3,0,13,6,84,0,365,6,-141,3
20249,9.59,P,59,0,739,0,17,161,76,4,T,47,0,432,0,0,62,77,0,0,-12,0,-307,0,-17,-99,1,-4
20250,7.27,Z,34,0,348,0,3,114,98,3,T,67,0,252,12,296,141,91,0,1,33,0,-96,12,293,27,-7,-3
20251,9.59,P,55,0,623,0,18,202,92,5,T,56,0,821,0,35,307,89,25,1,1,0,198,0,17,105,-3,20
20252,5.23,T,41,0,398,0,294,86,41,4,P,22,0,272,0,97,108,38,5,0,-19,0,-126,0,-197,22,-3,1
20253,9.59,P,40,0,631,0,0,29,65,0,T,30,0,545,0,0,30,43,0,0,-10,0,-86,0,0,1,-22,0
20254,6.08,P,25,2,553,0,4,45,30,0,Z,27,0,264,0,2,59,110,1,0,2,-2,-289,0,-2,14,80,1
20255,7.45,T,53,0,482,0,13,168,178,6,P,34,1,650,0,15,247,83,8,0,-19,1,168,0,2,79,-95,2
20256,8.51,Z,69,5,345,0,79,182,211,2,P,53,3,422,0,18,80,80,1,0,-16,-2,77,0,-61,-102,-131,-1
20257,9.59,T,88,5,386,0,534,167,129,12,T,74,0,1012,0,114,219,130,8,0,-14,-5,626,0,-420,52,1,-4
20258,9.3,Z,65,7,443,0,64,367,237,5,T,71,2,460,0,18,143,112,4,0,6,-5,17,0,-46,-224,-125,-1
20259,3.28,Z,19,0,63,0,138,98,79,4,Z,23,0,85,2,66,29,78,4,0,4,0,22,2,-72,-69,-1,0
20260,9.59,T,49,4,582,0,11,105,114,0,T,52,0,787,0,0,96,84,0,1,3,-4,205,0,-11,-9,-30,0
20261,5.34,T,45,0,417,0,434,145,62,5,P,32,0,214,0,497,155,196,7,1,-13,0,-203,0,63,10,134,2
20262,2.33,T,11,0,127,0,5,42,15,1,T,7,0,172,0,0,9,11,0,0,-4,0,45,0,-5,-33,-4,-1
20263,9.59,T,59,0,560,0,10,162,101,6,Z,56,12,384,0,198,104,340,0,1,-3,12,-176,0,188,-58,239,-6
20264,5.35,P,31,0,335,0,19,152,55,4,Z,34,0,251,0,133,181,134,6,1,3,0,-84,0,114,29,79,2
20265,7.25,Z,40,3,303,0,252,147,206,9,T,56,0,215,0,21,204,165,7,0,16,-3,-88,0,-231,57,-41,-2
20266,9.13,Z,70,5,448,0,75,404,385,4,T,79,2,650,0,147,328,122,5,0,9,-3,202,0,72,-76,-263,1
20267,9.23,P,39,0,529,0,1,83,103,4,T,31,0,598,0,1,42,89,4,0,-8,0,69,0,0,-41,-14,0
20268,6.13,T,34,0,693,0,0,63,85,2,P,20,2,139,0,5,93,24,0,0,-14,2,-554,0,5,30,-61,-2
20269,9.58,Z,60,0,307,0,43,78,160,1,T,43,0,591,0,6,78,75,3,0,-17,0,284,0,-37,0,-85,2
20270,5.58,T,47,1,409,0,107,150,61,4,T,36,0,209,5,12,88,64,0,0,-11,-1,-200,5,-95,-62,3,-4
20271,8.24,Z,61,0,488,0,99,296,342,9,Z,85,0,242,0,393,201,212,14,0,24,0,-246,0,294,-95,-130,5
20272,3.32,Z,9,0,211,0,0,37,56,2,Z,6,1,73,0,10,20,40,2,0,-3,1,-138,0,10,-17,-16,0
20273,9.47,T,91,1,754,0,18,181,136,0,T,89,9,604,0,257,183,200,13,1,-2,8,-150,0,239,2,64,13
20274,10.56,T,108,0,563,0,561,233,209,18,P,92,0,1090,0,103,350,99,9,0,-16,0,527,0,-458,117,-110,-9
20275,9.59,P,59,3,367,0,31,141,80,1,T,82,0,421,0,66,205,154,6,1,23,-3,54,0,35,64,74,5
20276,5.38,Z,29,0,297,0,22,37,68,2,T,26,0,285,0,6,16,36,2,1,-3,0,-12,0,-16,-21,-32,0
20277,4.57,T,18,3,196,0,1,24,44,0,T,18,0,199,0,7,136,30,1,1,0,-3,3,0,6,112,-14,1
20278,5.39,T,32,8,420,0,18,146,59,1,P,35,0,225,0,126,130,35,2,0,3,-8,-195,0,108,-16,-24,1
20279,10.18,Z,36,2,179,0,45,48,180,9,T,45,5,671,0,34,37,41,1,1,9,3,492,0,-11,-11,-139,-8
20280,6.38,Z,32,2,145,0,462,59,335,4,Z,30,3,186,0,30,62,76,0,1,-2,1,41,0,-432,3,-259,-4
20281,8.24,Z,54,0,431,0,2,151,153,0,Z,47,9,283,0,44,190,225,1,1,-7,9,-148,0,42,39,72,1
20282,6.3,Z,42,4,487,0,36,40,124,0,Z,34,2,334,0,217,70,269,2,0,-8,-2,-153,0,181,30,145,2
20283,9.58,T,49,0,876,0,2,142,231,1,Z,80,7,423,0,426,203,348,4,1,31,7,-453,0,424,61,117,3
20284,9.57,P,42,4,474,0,8,69,70,0,Z,49,2,351,0,19,146,156,0,1,7,-2,-123,0,11,77,86,0
20285,9.09,P,48,0,710,0,20,276,75,2,Z,53,3,747,0,70,144,198,0,1,5,3,37,0,50,-132,123,-2
20286,9.59,Z,65,0,190,0,20,102,224,2,Z,39,1,538,0,17,158,127,2,0,-26,1,348,0,-3,56,-97,0
20287,8.03,Z,44,8,273,0,209,127,179,5,T,73,2,328,0,247,175,115,7,1,29,-6,55,0,38,48,-64,2
20288,3.56,P,20,0,98,0,70,68,30,7,P,19,0,298,0,5,84,23,2,0,-1,0,200,0,-65,16,-7,-5
20289,10.21,T,49,0,677,0,24,138,95,7,P,56,0,440,0,0,141,104,0,1,7,0,-237,0,-24,3,9,-7
20290,8.29,Z,57,2,598,0,239,184,213,10,T,72,1,516,0,616,133,73,6,0,15,-1,-82,0,377,-51,-140,-4
20291,9.49,P,38,3,444,0,23,85,71,1,P,58,5,831,0,38,194,148,1,0,20,2,387,0,15,109,77,0
20292,7.48,T,72,2,230,0,280,236,73,9,T,48,2,632,0,28,176,70,3,0,-24,0,402,0,-252,-60,-3,-6
20293,9.59,T,72,9,776,0,51,110,106,2,Z,46,0,607,0,35,125,191,2,0,-26,-9,-169,0,-16,15,85,0
20294,8.56,P,83,1,452,9,87,204,210,0,Z,43,0,936,0,31,149,191,2,0,-40,-1,484,-9,-56,-55,-19,2
20295,2.39,T,18,3,92,0,359,54,88,1,Z,12,0,45,0,142,49,134,4,1,-6,-3,-47,0,-217,-5,46,3
20296,10.01,T,77,4,609,0,53,176,112,9,Z,86,6,138,0,35,95,212,3,0,9,2,-471,0,-18,-81,100,-6
20297,9.57,P,55,0,746,0,9,230,95,5,P,51,4,844,0,4,114,103,0,0,-4,4,98,0,-5,-116,8,-5
20298,9.59,T,76,3,599,0,69,180,117,1,T,86,0,313,0,257,177,181,13,1,10,-3,-286,0,188,-3,64,12
20299,5.47,T,37,0,359,0,42,101,77,8,Z,28,0,161,0,116,89,189,2,0,-9,0,-198,0,74,-12,112,-6
20300,5.51,T,18,0,257,0,1,116,59,1,T,57,0,138,0,27,182,87,11,1,39,0,-119,0,26,66,28,10
20301,2.59,Z,7,2,149,0,110,52,118,0,P,14,0,172,0,2,55,110,3,0,7,-2,23,0,-108,3,-8,3
20302,8.42,Z,64,14,488,0,317,407,457,1,Z,49,2,573,0,256,362,268,3,1,-15,-12,85,0,-61,-45,-189,2
20303,4.1,Z,23,5,168,0,29,67,71,2,Z,14,0,262,0,0,30,46,0,0,-9,-5,94,0,-29,-37,-25,-2
20304,4.56,T,46,4,200,0,239,207,93,0,Z,34,0,204,0,49,158,187,0,1,-12,-4,4,0,-190,-49,94,0
20305,3.05,P,15,0,95,0,190,92,59,8,T,14,0,169,0,202,27,53,2,1,-1,0,74,0,12,-65,-6,-6
20306,10.09,P,84,6,521,0,94,103,78,9,T,88,7,798,1,687,223,128,4,0,4,1,277,1,593,120,50,-5
20307,10.27,T,39,0,527,0,0,31,58,0,T,41,1,683,0,11,102,71,4,1,2,1,156,0,11,71,13,4
20308,1.08,T,7,0,15,0,23,31,22,2,Z,0,0,127,0,68,26,7,10,0,-7,0,112,0,45,-5,-15,8
20309,4.49,Z,22,2,291,3,26,64,55,0,T,36,0,210,0,256,179,104,10,1,14,-2,-81,-3,230,115,49,10
20310,6.55,T,65,5,320,0,387,176,84,6,P,56,4,327,0,266,253,88,7,0,-9,-1,7,0,-121,77,4,1
20311,5.42,Z,29,1,354,0,164,146,174,4,T,36,0,176,0,95,104,51,5,0,7,-1,-178,0,-69,-42,-123,1
20312,9.57,Z,52,0,552,0,0,23,164,0,T,24,0,217,0,0,93,33,0,0,-28,0,-335,0,0,70,-131,0
20313,9.4,T,24,0,341,0,0,9,43,0,Z,46,9,698,0,49,172,146,0,1,22,9,357,0,49,163,103,0
20314,3.35,P,18,1,224,0,201,145,37,4,Z,11,3,86,0,172,40,58,2,0,-7,2,-138,0,-29,-105,21,-2
20315,9.59,P,75,0,584,0,100,220,73,12,T,111,1,437,0,437,180,170,12,0,36,1,-147,0,337,-40,97,0
20316,2.13,T,9,0,144,0,92,31,44,3,Z,7,0,32,0,14,50,24,1,0,-2,0,-112,0,-78,19,-20,-2
20317,5,Z,26,2,135,0,9,190,105,0,Z,27,0,427,0,399,136,98,8,0,1,-2,292,0,390,-54,-7,8
20318,10.23,P,102,9,581,0,250,348,158,5,T,113,10,1019,0,1141,318,150,4,0,11,1,438,0,891,-30,-8,-1
20319,9.59,Z,61,5,827,0,55,210,337,0,P,80,0,273,0,515,230,119,22,0,19,-5,-554,0,460,20,-218,22
20320,8.44,Z,52,0,156,0,79,110,194,4,P,32,0,537,0,4,239,56,4,1,-20,0,381,0,-75,129,-138,0
20321,9.59,P,67,5,1023,0,19,230,97,0,T,92,7,649,0,123,381,157,1,1,25,2,-374,0,104,151,60,1
20322,9.59,T,96,0,511,0,49,175,80,7,Z,40,0,362,3,24,229,173,0,1,-56,0,-149,3,-25,54,93,-7
20323,9.59,T,131,4,586,0,445,400,179,9,P,59,4,548,0,24,317,191,8,0,-72,0,-38,0,-421,-83,12,-1
20324,10.32,P,53,0,447,0,10,87,60,2,Z,39,0,400,0,33,149,164,1,1,-14,0,-47,0,23,62,104,-1
20325,9.02,P,57,0,642,0,345,143,53,7,Z,37,0,825,0,74,78,155,6,1,-20,0,183,0,-271,-65,102,-1
20326,9.54,P,54,0,462,0,20,141,90,13,T,109,7,337,0,371,204,176,5,1,55,7,-125,0,351,63,86,-8
20327,3.39,P,16,0,201,0,67,44,38,2,P,16,1,82,1,17,21,5,0,0,0,1,-119,1,-50,-23,-33,-2
20328,9.57,P,37,0,244,0,8,56,58,1,Z,57,1,429,0,270,137,229,12,1,20,1,185,0,262,81,171,11
20329,9.57,T,73,2,856,0,122,75,61,6,T,81,4,391,0,416,189,196,14,1,8,2,-465,0,294,114,135,8
20330,10.51,Z,66,3,296,0,30,129,215,3,P,48,3,708,0,9,100,70,1,0,-18,0,412,0,-21,-29,-145,-2
20331,4.23,Z,21,0,125,0,12,111,99,2,Z,20,0,253,0,18,88,101,2,1,-1,0,128,0,6,-23,2,0
20332,9.13,T,86,7,866,0,113,152,143,0,Z,47,4,434,0,139,210,189,0,0,-39,-3,-432,0,26,58,46,0
20333,9.59,T,64,1,624,0,474,178,198,3,P,54,3,548,0,122,185,80,6,1,-10,2,-76,0,-352,7,-118,3
20334,7.21,T,65,3,361,0,560,191,158,4,Z,64,3,392,0,377,224,191,10,1,-1,0,31,0,-183,33,33,6
20335,9.58,Z,60,12,372,0,43,189,188,9,T,66,0,349,0,80,144,95,3,0,6,-12,-23,0,37,-45,-93,-6
20336,9.22,Z,60,9,865,0,115,152,193,8,T,94,0,510,0,235,266,104,13,1,34,-9,-355,0,120,114,-89,5
20337,5.52,P,31,1,509,0,16,137,51,5,Z,40,4,196,0,90,143,147,1,1,9,3,-313,0,74,6,96,-4
20338,9.59,T,59,4,584,0,5,127,115,1,P,32,0,393,0,34,129,63,0,1,-27,-4,-191,0,29,2,-52,-1
20339,9.59,Z,69,5,460,0,131,161,171,5,T,55,0,714,0,2,141,119,2,0,-14,-5,254,0,-129,-20,-52,-3
20340,9.07,T,100,0,677,0,132,418,241,16,T,88,8,824,0,263,345,171,0,0,-12,8,147,0,131,-73,-70,-16
20341,9.5,T,64,0,340,0,134,245,219,13,T,50,0,518,0,63,143,128,7,0,-14,0,178,0,-71,-102,-91,-6
20342,6.03,T,31,4,486,0,22,53,40,1,P,22,1,375,0,23,77,64,3,1,-9,-3,-111,0,1,24,24,2
20343,9.59,Z,70,10,244,0,77,247,233,4,T,94,0,533,0,423,239,133,14,0,24,-10,289,0,346,-8,-100,10
20344,10.37,P,70,6,687,0,104,75,55,0,Z,53,5,676,0,74,237,192,4,0,-17,-1,-11,0,-30,162,137,4
20345,9.41,T,75,4,508,0,75,173,131,2,T,81,7,691,0,166,281,110,3,0,6,3,183,0,91,108,-21,1
20346,3.55,T,14,0,189,0,329,20,35,5,P,13,0,115,0,19,66,109,2,0,-1,0,-74,0,-310,46,74,-3
20347,9.59,T,59,0,673,0,2,118,121,2,T,74,0,476,0,86,197,97,5,0,15,0,-197,0,84,79,-24,3
20348,10.15,Z,74,15,350,0,207,349,428,3,Z,83,15,571,2,119,369,316,10,0,9,0,221,2,-88,20,-112,7
20349,9.59,T,70,0,942,0,15,445,148,1,Z,49,3,476,0,56,99,137,3,0,-21,3,-466,0,41,-346,-11,2
20350,7.36,Z,52,0,377,0,40,262,133,4,T,120,0,322,0,328,348,103,13,1,68,0,-55,0,288,86,-30,9
20351,10.05,P,83,0,478,0,184,297,137,17,T,117,8,669,0,98,250,151,8,0,34,8,191,0,-86,-47,14,-9
20352,9.29,Z,90,9,297,1,746,289,246,1,P,105,5,397,0,478,283,163,30,0,15,-4,100,-1,-268,-6,-83,29
20353,10,T,48,2,333,0,2,85,73,3,P,29,0,765,0,0,175,48,0,0,-19,-2,432,0,-2,90,-25,-3
20354,9.59,Z,62,0,230,0,0,70,190,0,Z,43,2,409,0,2,50,156,0,0,-19,2,179,0,2,-20,-34,0
20355,9.17,P,68,4,419,0,41,126,51,4,Z,45,0,629,0,51,150,245,2,1,-23,-4,210,0,10,24,194,-2
20356,10.08,T,93,3,503,0,200,230,180,5,P,53,0,400,0,59,249,65,7,1,-40,-3,-103,0,-141,19,-115,2
20357,4.24,Z,15,1,197,0,0,14,56,0,P,24,1,169,0,313,47,24,5,1,9,0,-28,0,313,33,-32,5
20358,10.19,P,54,0,509,0,23,265,70,10,P,50,1,594,0,129,122,155,10,0,-4,1,85,0,106,-143,85,0
20359,5.03,Z,36,1,242,0,357,78,182,10,P,46,0,295,0,295,125,45,5,0,10,-1,53,0,-62,47,-137,-5
20360,4.16,P,25,1,212,0,188,143,87,14,Z,20,5,271,0,454,66,140,1,0,-5,4,59,0,266,-77,53,-13
20361,7.09,P,42,0,268,0,33,78,59,13,T,44,4,446,0,870,96,104,2,1,2,4,178,0,837,18,45,-11
20362,3.45,Z,16,3,164,0,421,44,66,4,Z,16,0,2,0,17,21,47,4,0,0,-3,-162,0,-404,-23,-19,0
20363,7.29,P,50,0,412,0,31,170,128,5,T,55,1,486,0,757,60,60,3,1,5,1,74,0,726,-110,-68,-2
20364,3.26,P,21,0,118,0,18,129,25,3,Z,14,0,106,0,18,27,39,2,1,-7,0,-12,0,0,-102,14,-1
20365,5.03,T,31,0,230,0,59,89,52,9,P,16,0,73,0,0,21,19,0,0,-15,0,-157,0,-59,-68,-33,-9
20366,5.13,T,41,0,805,0,435,166,62,4,P,31,0,278,0,120,156,304,1,0,-10,0,-527,0,-315,-10,242,-3
20367,4.31,T,34,0,269,1,233,138,64,5,Z,23,0,265,0,27,79,65,5,0,-11,0,-4,-1,-206,-59,1,0
20368,3.46,T,20,0,146,0,393,73,81,3,P,23,0,156,0,5,144,25,12,1,3,0,10,0,-388,71,-56,9
20369,7.52,Z,56,0,271,0,27,125,139,5,T,57,9,577,0,240,145,126,13,0,1,9,306,0,213,20,-13,8
20370,6.52,P,49,0,319,0,550,209,125,12,Z,44,0,398,0,110,181,137,9,1,-5,0,79,0,-440,-28,12,-3
20371,9.59,Z,43,0,371,0,42,205,163,3,T,43,0,378,0,2,26,98,5,0,0,0,7,0,-40,-179,-65,2
20372,9.58,T,135,0,248,0,249,288,97,11,Z,94,0,318,0,149,248,354,5,1,-41,0,70,0,-100,-40,257,-6
20373,3.34,P,12,0,105,0,1,55,24,1,T,16,0,145,0,0,32,30,2,1,4,0,40,0,-1,-23,6,1
20374,3.51,T,16,0,144,0,301,78,78,7,P,18,0,53,0,4,89,26,2,1,2,0,-91,0,-297,11,-52,-5
20375,8.59,P,114,5,471,0,663,249,140,6,Z,69,10,581,9,645,342,317,11,1,-45,5,110,9,-18,93,177,5
20376,9.58,T,30,0,327,0,0,25,62,0,T,51,0,707,0,38,131,89,5,1,21,0,380,0,38,106,27,5
20377,5,T,38,1,178,0,33,66,48,4,Z,23,1,191,0,21,72,48,1,0,-15,0,13,0,-12,6,0,-3
20378,8.22,T,64,0,481,0,278,208,264,10,P,54,0,539,0,129,192,61,3,0,-10,0,58,0,-149,-16,-203,-7
20379,9.09,P,80,5,437,0,454,298,147,6,T,71,9,411,27,128,220,186,1,0,-9,4,-26,27,-326,-78,39,-5
20380,9.57,T,74,2,495,0,57,137,58,7,T,62,0,568,0,19,140,89,7,0,-12,-2,73,0,-38,3,31,0
20381,9.59,P,95,0,657,0,257,214,154,31,T,111,2,516,0,507,302,299,18,0,16,2,-141,0,250,88,145,-13
20382,3.59,T,21,0,76,0,19,34,27,4,Z,21,0,77,0,6,13,60,1,1,0,0,1,0,-13,-21,33,-3
20383,0.15,T,1,0,21,0,6,1,10,0,T,1,2,2,0,10,2,4,1,0,0,2,-19,0,4,1,-6,1
20384,3.58,Z,14,0,62,0,4,98,53,0,Z,23,0,80,0,25,45,56,0,1,9,0,18,0,21,-53,3,0
20385,10.14,T,124,0,313,0,139,389,104,3,Z,45,9,370,1,30,128,147,1,0,-79,9,57,1,-109,-261,43,-2
20386,9.58,T,32,0,351,0,0,54,54,0,Z,55,1,485,0,61,145,180,3,1,23,1,134,0,61,91,126,3
20387,9.59,P,76,0,502,0,225,423,91,7,T,71,0,643,0,119,419,127,12,1,-5,0,141,0,-106,-4,36,5
20388,10.3,P,78,0,521,0,522,249,170,20,Z,70,2,552,0,30,141,237,2,1,-8,2,31,0,-492,-108,67,-18
20389,9.59,T,70,0,592,0,3,196,206,4,T,70,0,720,0,32,152,77,7,0,0,0,128,0,29,-44,-129,3
20390,9.59,T,88,0,486,0,23,238,113,2,Z,58,0,852,0,415,207,179,2,0,-30,0,366,0,392,-31,66,0
20391,8.51,T,90,7,550,0,552,191,168,1,Z,79,6,620,0,515,207,316,17,1,-11,-1,70,0,-37,16,148,16
20392,7.56,P,50,5,403,0,56,267,101,1,T,63,0,503,0,0,218,142,3,1,13,-5,100,0,-56,-49,41,2
20393,9.41,T,81,1,505,0,251,386,192,12,T,94,3,473,0,735,184,216,13,1,13,2,-32,0,484,-202,24,1
20394,9.58,T,65,5,342,0,30,69,80,6,P,53,0,1073,0,21,80,51,2,1,-12,-5,731,0,-9,11,-29,-4
20395,9.59,Z,72,0,691,0,121,115,148,11,P,72,0,726,0,241,319,100,7,0,0,0,35,0,120,204,-48,-4
20396,10.27,Z,57,7,446,0,54,266,162,2,P,33,0,418,0,0,61,62,0,0,-24,-7,-28,0,-54,-205,-100,-2
20397,8.23,T,67,5,455,0,654,197,197,3,T,59,1,371,0,357,249,138,7,0,-8,-4,-84,0,-297,52,-59,4
20398,6.47,T,74,3,308,0,583,163,257,11,Z,57,1,399,0,50,99,148,2,0,-17,-2,91,0,-533,-64,-109,-9
20399,9.29,T,74,4,481,0,163,235,236,3,T,82,6,654,0,630,203,126,4,0,8,2,173,0,467,-32,-110,1
20400,8.57,T,44,0,463,0,12,107,86,4,P,54,3,341,0,50,132,64,0,1,10,3,-122,0,38,25,-22,-4
20401,9.59,Z,66,0,501,0,101,203,239,16,Z,56,0,805,0,417,200,200,7,0,-10,0,304,0,316,-3,-39,-9
20402,9.59,T,70,0,706,0,66,295,110,17,T,80,0,338,0,6,238,94,2,1,10,0,-368,0,-60,-57,-16,-15
20403,3,P,13,0,134,0,0,29,22,3,T,16,0,120,0,0,24,28,2,0,3,0,-14,0,0,-5,6,-1
20404,10.44,Z,41,0,585,0,12,212,185,1,Z,52,10,544,1,93,357,239,8,1,11,10,-41,1,81,145,54,7
20405,8.36,T,98,0,356,0,343,298,239,14,T,92,0,264,0,664,162,158,15,0,-6,0,-92,0,321,-136,-81,1
20406,2.13,Z,10,1,110,0,39,75,51,3,Z,7,0,25,0,123,22,29,4,1,-3,-1,-85,0,84,-53,-22,1
20407,9.58,P,46,8,608,0,8,175,92,2,T,71,3,722,0,14,187,118,4,1,25,-5,114,0,6,12,26,2
20408,8.49,Z,93,10,414,0,189,344,262,0,Z,62,12,295,0,451,206,184,3,1,-31,2,-119,0,262,-138,-78,3
20409,6.26,T,81,0,366,0,107,250,62,18,T,49,2,430,0,17,217,74,5,0,-32,2,64,0,-90,-33,12,-13
20410,6.33,Z,33,3,355,0,580,114,197,2,P,31,0,652,0,2,100,47,1,0,-2,-3,297,0,-578,-14,-150,-1
20411,9.59,T,70,0,994,0,31,83,84,8,Z,48,0,846,0,41,125,185,9,1,-22,0,-148,0,10,42,101,1
20412,7.29,P,13,0,434,0,0,59,30,0,P,34,1,661,0,5,117,45,0,1,21,1,227,0,5,58,15,0
20413,6.04,T,46,0,292,0,546,194,113,10,P,34,0,131,0,19,55,32,10,0,-12,0,-161,0,-527,-139,-81,0
20414,9.08,T,103,6,362,0,856,207,167,36,P,71,0,369,0,53,175,98,4,0,-32,-6,7,0,-803,-32,-69,-32
20415,9.45,Z,59,7,380,0,109,237,248,1,T,92,4,312,0,218,268,180,7,0,33,-3,-68,0,109,31,-68,6
20416,3.36,P,10,0,17,0,0,24,33,1,T,23,0,194,0,21,44,40,5,0,13,0,177,0,21,20,7,4
20417,9.59,Z,41,0,679,0,38,32,136,3,T,41,8,597,0,14,82,68,1,1,0,8,-82,0,-24,50,-68,-2
20418,10.31,T,98,0,915,0,192,224,128,6,Z,77,3,612,0,28,156,213,0,1,-21,3,-303,0,-164,-68,85,-6
20419,9.58,T,30,2,459,0,19,104,40,0,P,56,1,510,0,2,297,88,0,1,26,-1,51,0,-17,193,48,0
20420,9.58,T,52,0,356,0,4,81,89,3,T,43,0,494,0,1,155,96,1,1,-9,0,138,0,-3,74,7,-2
20421,5.58,T,26,0,153,0,19,41,51,3,P,14,0,333,0,4,41,21,3,0,-12,0,180,0,-15,0,-30,0
20422,9.59,T,107,8,476,0,442,289,134,3,Z,63,1,592,0,18,161,254,1,0,-44,-7,116,0,-424,-128,120,-2
20423,4.12,Z,24,0,302,0,262,109,130,3,T,26,0,163,0,183,175,117,14,0,2,0,-139,0,-79,66,-13,11
20424,10.31,Z,93,7,324,3,143,196,398,2,P,64,0,511,0,318,346,106,12,1,-29,-7,187,-3,175,150,-292,10
20425,8.06,T,52,0,644,0,32,46,57,10,P,34,0,345,0,0,132,43,0,1,-18,0,-299,0,-32,86,-14,-10
20426,10.52,Z,69,1,855,1,120,222,357,0,T,73,0,1082,0,86,171,178,9,0,4,-1,227,-1,-34,-51,-179,9
20427,4.39,Z,25,0,110,0,52,118,146,6,T,54,0,190,0,184,246,153,12,1,29,0,80,0,132,128,7,6
20428,9.58,Z,43,1,613,0,0,251,182,0,T,49,0,778,0,9,157,99,3,1,6,-1,165,0,9,-94,-83,3
20429,6.04,P,37,4,518,0,16,187,44,1,P,33,0,335,0,1,150,49,0,0,-4,-4,-183,0,-15,-37,5,-1
20430,9.54,Z,59,0,258,0,69,145,341,2,T,51,0,467,0,0,111,99,0,0,-8,0,209,0,-69,-34,-242,-2
20431,6.52,Z,39,1,122,0,30,139,146,1,T,51,0,423,0,608,250,134,9,0,12,-1,301,0,578,111,-12,8
20432,4.18,P,18,9,286,0,300,55,40,1,T,16,1,171,0,28,64,32,0,0,-2,-8,-115,0,-272,9,-8,-1
20433,8.46,P,46,0,532,0,4,168,72,2,T,31,0,305,0,0,157,91,0,0,-15,0,-227,0,-4,-11,19,-2
20434,7.14,T,60,1,549,0,508,143,85,6,Z,29,1,243,0,84,117,115,5,0,-31,0,-306,0,-424,-26,30,-1
20435,7.05,T,58,0,612,0,379,113,181,8,T,55,0,344,0,20,136,63,7,1,-3,0,-268,0,-359,23,-118,-1
20436,7.43,P,26,0,347,0,1,49,52,1,T,45,3,405,0,594,161,243,10,1,19,3,58,0,593,112,191,9
20437,8.3,T,49,1,659,0,7,159,98,1,Z,52,8,411,0,365,94,278,1,1,3,7,-248,0,358,-65,180,0
20438,2.4,Z,13,2,68,1,10,37,39,0,P,12,0,141,0,114,57,25,3,0,-1,-2,73,-1,104,20,-14,3
20439,9.59,Z,82,18,822,0,568,518,334,3,P,49,4,662,0,193,136,125,2,1,-33,-14,-160,0,-375,-382,-209,-1
20440,9.59,Z,63,1,397,0,14,57,169,3,P,55,0,600,0,9,61,71,9,1,-8,-1,203,0,-5,4,-98,6
20441,8.56,T,75,0,298,0,73,137,111,13,Z,68,4,339,0,98,208,292,12,1,-7,4,41,0,25,71,181,-1
20442,8.15,T,63,1,449,0,94,116,94,14,P,51,3,529,0,15,173,92,0,0,-12,2,80,0,-79,57,-2,-14
20443,9.59,T,56,0,577,0,9,270,91,1,P,36,1,400,0,1,68,67,0,1,-20,1,-177,0,-8,-202,-24,-1
20444,9.58,T,62,1,353,0,7,88,100,0,T,53,0,478,0,0,39,76,0,0,-9,-1,125,0,-7,-49,-24,0
20445,10.12,Z,80,0,527,0,425,390,413,3,Z,65,21,325,1,43,252,223,2,1,-15,21,-202,1,-382,-138,-190,-1
20446,7.26,Z,34,1,361,0,32,104,161,1,Z,30,0,318,0,0,39,114,0,0,-4,-1,-43,0,-32,-65,-47,-1
20447,10.58,T,118,0,583,0,62,266,257,13,Z,49,0,220,0,9,97,156,2,0,-69,0,-363,0,-53,-169,-101,-11
20448,3.04,T,15,2,257,0,154,68,32,4,P,14,0,192,44,348,141,320,0,1,-1,-2,-65,44,194,73,288,-4
20449,6.4,P,23,0,246,0,13,108,34,2,T,79,0,213,0,482,187,157,12,1,56,0,-33,0,469,79,123,10
20450,6.43,P,53,0,379,0,173,283,135,5,T,39,0,353,0,18,52,51,4,0,-14,0,-26,0,-155,-231,-84,-1
20451,5.26,Z,40,0,309,32,262,137,263,1,Z,38,8,200,0,645,146,188,18,0,-2,8,-109,-32,383,9,-75,17
20452,5.58,T,22,0,254,0,0,88,46,1,P,20,0,142,0,6,143,44,2,0,-2,0,-112,0,6,55,-2,1
20453,9.59,P,87,0,487,0,285,274,189,23,P,97,7,373,0,265,296,114,10,1,10,7,-114,0,-20,22,-75,-13
20454,9.53,Z,51,0,496,0,0,223,133,0,P,38,0,501,0,31,169,108,2,1,-13,0,5,0,31,-54,-25,2
20455,9.59,P,46,2,645,0,19,88,61,0,Z,47,0,564,0,0,67,158,0,1,1,-2,-81,0,-19,-21,97,0
20456,9.58,P,101,8,256,0,278,241,119,3,Z,54,0,542,0,83,257,312,9,0,-47,-8,286,0,-195,16,193,6
20457,9.59,P,47,0,648,0,0,240,120,1,Z,65,3,288,0,49,158,173,3,1,18,3,-360,0,49,-82,53,2
20458,10.16,T,99,0,520,0,21,252,232,11,P,76,3,493,0,44,140,100,9,1,-23,3,-27,0,23,-112,-132,-2
20459,9.59,T,66,4,432,0,101,234,104,0,Z,61,0,428,44,134,223,233,0,0,-5,-4,-4,44,33,-11,129,0
20460,9.56,P,52,0,331,0,25,185,88,10,T,58,0,551,0,24,62,51,7,0,6,0,220,0,-1,-123,-37,-3
20461,6.37,T,27,0,406,0,23,98,59,6,P,22,0,210,0,15,183,71,13,1,-5,0,-196,0,-8,85,12,7
20462,9.59,P,51,0,897,0,16,104,91,6,T,65,0,589,0,355,78,258,13,1,14,0,-308,0,339,-26,167,7
20463,9.58,P,62,0,257,0,41,139,146,8,Z,92,0,482,0,149,237,268,15,0,30,0,225,0,108,98,122,7
20464,8.38,T,43,9,980,0,10,72,82,1,P,34,1,539,0,132,154,26,2,0,-9,-8,-441,0,122,82,-56,1
20465,3.26,T,13,0,186,0,178,30,60,17,T,15,1,144,0,211,58,55,3,1,2,1,-42,0,33,28,-5,-14
20466,3.34,P,9,0,79,0,0,8,17,1,T,15,0,83,0,1,12,28,1,0,6,0,4,0,1,4,11,0
20467,8.13,T,48,2,250,0,2,207,88,3,T,76,0,256,0,30,208,86,7,1,28,-2,6,0,28,1,-2,4
20468,10.18,T,99,0,592,0,914,227,253,10,T,59,0,629,0,0,225,111,0,0,-40,0,37,0,-914,-2,-142,-10
20469,4.17,T,7,0,146,0,0,26,21,0,P,8,0,104,0,0,50,12,0,1,1,0,-42,0,0,24,-9,0
20470,8.5,P,72,0,559,0,319,255,262,6,Z,68,4,546,0,20,112,237,0,1,-4,4,-13,0,-299,-143,-25,-6
20471,9.29,T,75,0,658,0,119,232,145,5,T,88,5,438,0,357,291,178,5,1,13,5,-220,0,238,59,33,0
20472,8.13,Z,52,2,361,0,69,213,236,5,P,59,0,509,0,117,200,129,6,1,7,-2,148,0,48,-13,-107,1
20473,9.39,Z,55,5,465,0,129,153,210,6,T,52,0,581,0,25,51,46,5,1,-3,-5,116,0,-104,-102,-164,-1
20474,1.35,P,7,3,40,0,34,42,31,0,P,5,0,63,0,2,27,12,5,1,-2,-3,23,0,-32,-15,-19,5
20475,10.55,T,97,1,669,0,50,170,157,8,Z,62,0,986,0,38,75,168,22,0,-35,-1,317,0,-12,-95,11,14
20476,5.01,P,26,0,169,0,60,184,83,6,P,26,0,195,0,22,112,39,15,1,0,0,26,0,-38,-72,-44,9
20477,8.55,Z,44,0,300,0,19,154,208,4,Z,54,1,826,0,11,214,161,0,1,10,1,526,0,-8,60,-47,-4
20478,2.49,Z,8,5,110,0,218,41,68,2,P,16,6,100,0,141,109,33,0,0,8,1,-10,0,-77,68,-35,-2
20479,7.04,T,46,0,191,0,21,124,80,6,P,34,1,209,0,24,235,246,6,0,-12,1,18,0,3,111,166,0
20480,9.04,T,68,0,559,0,320,257,164,12,P,64,0,688,0,54,326,87,6,0,-4,0,129,0,-266,69,-77,-6
20481,9.59,Z,57,1,572,0,59,168,196,3,Z,62,5,522,0,76,152,197,0,0,5,4,-50,0,17,-16,1,-3
20482,9.26,P,23,0,341,0,119,175,53,4,T,21,0,492,0,0,165,61,0,0,-2,0,151,0,-119,-10,8,-4
20483,8.59,T,85,4,570,0,657,302,140,14,Z,74,0,789,0,119,302,240,14,1,-11,-4,219,0,-538,0,100,0
20484,9.59,Z,83,4,824,0,47,220,299,0,P,60,0,507,0,27,216,84,3,1,-23,-4,-317,0,-20,-4,-215,3
20485,3.22,P,15,2,66,0,13,10,13,1,Z,10,0,148,0,9,50,29,1,0,-5,-2,82,0,-4,40,16,0
20486,9.57,Z,34,0,617,2,14,309,198,1,P,52,0,418,0,13,286,90,7,1,18,0,-199,-2,-1,-23,-108,6
20487,3.19,T,14,1,112,0,270,73,77,1,P,18,4,121,0,569,99,119,2,0,4,3,9,0,299,26,42,1
20488,6.52,T,29,0,356,0,1,128,50,3,P,35,1,428,0,4,192,53,0,1,6,1,72,0,3,64,3,-3
20489,4.32,T,34,3,157,0,186,79,89,0,T,30,0,179,0,230,126,113,6,0,-4,-3,22,0,44,47,24,6
20490,9.59,Z,40,0,263,0,0,74,168,0,Z,53,0,430,0,50,173,264,7,0,13,0,167,0,50,99,96,7
20491,9.58,T,46,0,408,0,0,26,101,0,P,50,2,791,0,7,344,146,0,1,4,2,383,0,7,318,45,0
20492,9.58,T,63,0,460,0,21,129,91,3,Z,73,11,622,0,143,250,257,6,1,10,11,162,0,122,121,166,3
20493,9.58,T,61,0,518,0,22,149,446,6,Z,60,0,533,0,48,147,230,5,1,-1,0,15,0,26,-2,-216,-1
20494,9.13,T,60,4,238,0,439,84,178,4,Z,48,5,420,0,33,87,226,1,0,-12,1,182,0,-406,3,48,-3
20495,6.19,Z,27,0,231,0,6,128,82,1,T,29,0,297,0,0,101,76,2,1,2,0,66,0,-6,-27,-6,1
20496,8.44,T,57,0,432,0,24,55,100,5,P,37,0,631,12,278,243,84,0,0,-20,0,199,12,254,188,-16,-5
20497,4.27,P,22,5,54,0,6,55,42,1,T,16,0,221,0,14,24,22,3,0,-6,-5,167,0,8,-31,-20,2
20498,4.53,T,42,1,188,0,229,147,60,5,Z,27,4,190,0,37,64,77,2,0,-15,3,2,0,-192,-83,17,-3
20499,9.59,T,70,0,442,0,110,153,234,5,T,74,0,1114,0,30,113,86,5,1,4,0,672,0,-80,-40,-148,0
20500,9.36,P,45,2,275,0,9,163,39,2,Z,50,5,285,0,441,239,357,1,0,5,3,10,0,432,76,318,-1
20501,9.59,P,58,0,1011,0,27,70,59,5,P,43,0,530,0,11,118,55,2,0,-15,0,-481,0,-16,48,-4,-3
20502,9.59,Z,77,13,399,4,79,172,285,6,T,66,0,565,0,18,169,99,3,0,-11,-13,166,-4,-61,-3,-186,-3
20503,8.12,T,44,0,497,0,725,157,72,6,P,38,0,598,0,0,58,86,0,0,-6,0,101,0,-725,-99,14,-6
20504,8.55,Z,39,0,312,0,42,271,232,8,P,33,2,209,0,7,166,45,0,1,-6,2,-103,0,-35,-105,-187,-8
20505,9.59,T,62,0,840,0,276,258,239,9,Z,85,2,296,0,74,149,290,5,1,23,2,-544,0,-202,-109,51,-4
20506,2.43,T,5,0,178,0,0,4,10,0,P,12,1,37,0,274,47,106,3,1,7,1,-141,0,274,43,96,3
20507,9.59,T,68,9,637,0,45,111,121,0,P,54,6,576,0,2,74,71,0,0,-14,-3,-61,0,-43,-37,-50,0
20508,3.5,P,12,0,149,0,0,119,27,1,P,19,1,273,0,81,116,92,1,1,7,1,124,0,81,-3,65,0
20509,9.36,P,62,11,460,0,43,307,78,1,T,94,0,566,0,86,152,156,15,0,32,-11,106,0,43,-155,78,14
20510,6.19,Z,35,5,190,0,289,155,245,0,Z,32,1,150,0,58,164,120,4,1,-3,-4,-40,0,-231,9,-125,4
20511,8.07,P,28,0,515,0,17,61,22,5,T,32,0,571,2,35,154,55,0,1,4,0,56,2,18,93,33,-5
20512,4.18,P,11,0,164,0,0,22,23,0,Z,14,7,272,0,437,30,135,4,1,3,7,108,0,437,8,112,4
20513,8.11,T,69,0,537,0,516,265,175,8,T,87,0,504,21,652,223,172,2,0,18,0,-33,21,136,-42,-3,-6
20514,8.02,Z,43,1,443,0,214,224,296,4,P,53,0,516,0,30,143,111,8,0,10,-1,73,0,-184,-81,-185,4
20515,3.3,T,26,4,177,0,104,125,34,6,Z,22,1,117,0,22,120,62,4,0,-4,-3,-60,0,-82,-5,28,-2
20516,4.38,T,25,1,247,0,138,118,127,7,Z,20,0,162,0,80,111,171,4,1,-5,-1,-85,0,-58,-7,44,-3
20517,9.59,P,42,4,872,0,37,162,66,2,T,66,0,623,0,128,131,85,6,0,24,-4,-249,0,91,-31,19,4
20518,8.12,P,44,5,341,0,28,306,169,1,T,127,0,376,0,525,164,240,15,0,83,-5,35,0,497,-142,71,14
20519,9.01,T,82,0,364,0,248,182,213,10,P,63,0,339,0,55,214,100,12,0,-19,0,-25,0,-193,32,-113,2
20520,5.04,Z,18,2,223,0,476,85,186,1,T,15,0,348,0,0,17,27,0,0,-3,-2,125,0,-476,-68,-159,-1
20521,9.58,P,48,0,155,0,0,224,102,0,T,51,0,545,0,0,166,101,1,1,3,0,390,0,0,-58,-1,1
20522,9.59,T,58,0,709,0,4,208,107,2,P,43,2,682,0,5,240,88,0,1,-15,2,-27,0,1,32,-19,-2
20523,8.25,T,44,0,378,0,4,103,51,1,T,40,1,724,0,27,46,46,2,1,-4,1,346,0,23,-57,-5,1
20524,6.18,Z,32,0,189,0,71,70,128,8,Z,43,5,353,1,203,156,162,2,1,11,5,164,1,132,86,34,-6
20525,8.44,Z,82,1,561,2,160,290,303,8,T,84,0,542,0,699,216,165,7,0,2,-1,-19,-2,539,-74,-138,-1
20526,4.54,T,24,0,342,0,0,26,45,0,T,18,0,333,0,0,13,39,0,0,-6,0,-9,0,0,-13,-6,0
20527,8.52,T,69,0,365,0,320,218,268,7,Z,41,0,374,0,17,86,123,3,0,-28,0,9,0,-303,-132,-145,-4
20528,0,T,0,0,1,0,0,0,0,0,P,4,1,12,0,29,26,33,3,1,4,1,11,0,29,26,33,3
20529,8.34,T,48,6,488,0,53,52,82,1,T,64,0,522,0,472,81,192,5,1,16,-6,34,0,419,29,110,4
20530,8.39,P,39,0,694,0,9,157,62,4,Z,35,0,478,0,10,73,134,2,1,-4,0,-216,0,1,-84,72,-2
20531,9.59,Z,56,0,566,0,48,155,221,6,Z,57,11,323,0,22,158,192,1,1,1,11,-243,0,-26,3,-29,-5
20532,9.29,T,67,5,755,0,28,178,109,2,T,71,10,533,0,32,230,154,6,1,4,5,-222,0,4,52,45,4
20533,9.02,P,62,0,478,0,563,226,120,15,Z,84,1,497,0,35,160,234,3,1,22,1,19,0,-528,-66,114,-12
20534,10,Z,43,0,509,0,23,121,119,0,T,29,0,756,0,5,329,97,1,0,-14,0,247,0,-18,208,-22,1
20535,4.39,T,13,0,297,0,0,56,49,2,T,18,0,342,0,3,62,29,0,0,5,0,45,0,3,6,-20,-2
20536,9.59,P,52,0,440,0,60,165,55,6,T,95,0,504,0,279,237,179,6,1,43,0,64,0,219,72,124,0
20537,2.51,P,11,1,248,0,24,119,25,3,Z,17,1,157,0,110,82,52,3,1,6,0,-91,0,86,-37,27,0
20538,9.59,Z,80,18,319,0,63,271,197,1,Z,78,14,250,2,89,406,221,0,1,-2,-4,-69,2,26,135,24,-1
20539,2.25,Z,10,2,151,0,133,34,89,2,T,13,0,116,0,22,27,14,1,1,3,-2,-35,0,-111,-7,-75,-1
20540,3.56,T,25,0,115,0,57,117,45,8,T,23,0,111,0,237,68,136,10,1,-2,0,-4,0,180,-49,91,2
20541,10.46,Z,73,7,505,0,59,269,403,4,P,60,2,853,0,13,156,103,0,1,-13,-5,348,0,-46,-113,-300,-4
20542,9.07,T,56,0,475,0,2,63,100,7,Z,61,1,930,0,112,132,171,6,0,5,1,455,0,110,69,71,-1
20543,8.51,Z,42,0,201,4,21,162,216,0,T,49,7,166,0,22,173,133,9,1,7,7,-35,-4,1,11,-83,9
20544,9.56,P,36,2,900,0,14,63,72,1,Z,43,0,328,0,128,102,239,4,1,7,-2,-572,0,114,39,167,3
20545,6.11,P,50,0,592,0,246,163,41,5,Z,29,0,205,0,12,239,204,2,0,-21,0,-387,0,-234,76,163,-3
20546,0.24,T,2,0,14,0,0,11,2,0,P,1,0,15,0,0,4,21,0,1,-1,0,1,0,0,-7,19,0
20547,3.27,T,19,3,141,0,0,43,151,1,Z,16,1,114,0,220,66,100,5,1,-3,-2,-27,0,220,23,-51,4
20548,3.49,Z,21,2,136,0,185,91,83,5,Z,19,1,102,0,273,97,73,7,0,-2,-1,-34,0,88,6,-10,2
20549,9.58,P,42,0,549,0,10,117,58,5,T,73,0,376,0,46,153,113,4,1,31,0,-173,0,36,36,55,-1
20550,3.58,T,18,0,260,0,4,55,82,4,T,20,0,137,0,0,44,229,4,1,2,0,-123,0,-4,-11,147,0
20551,3.02,T,17,0,244,0,6,70,25,3,Z,12,0,125,4,11,7,46,0,0,-5,0,-119,4,5,-63,21,-3
20552,7.17,Z,44,8,256,0,46,143,137,3,Z,50,0,351,77,167,216,309,2,1,6,-8,95,77,121,73,172,-1
20553,9.59,T,103,0,314,0,39,432,104,6,Z,40,0,634,0,43,49,125,9,0,-63,0,320,0,4,-383,21,3
20554,9.57,Z,58,0,530,0,20,203,202,7,P,49,0,229,0,27,153,91,5,0,-9,0,-301,0,7,-50,-111,-2
20555,9.58,T,60,0,483,0,183,278,164,11,P,62,0,582,0,10,190,219,8,1,2,0,99,0,-173,-88,55,-3
20556,1.06,Z,6,0,15,0,0,4,17,1,P,8,0,70,0,14,11,5,1,1,2,0,55,0,14,7,-12,0
20557,3.33,T,19,0,111,0,225,89,80,7,T,16,0,194,0,191,116,71,7,1,-3,0,83,0,-34,27,-9,0
20558,8.33,T,53,5,359,8,398,228,203,1,Z,40,0,299,0,47,172,196,1,1,-13,-5,-60,-8,-351,-56,-7,0
20559,7.01,Z,20,0,288,0,0,30,80,0,Z,37,0,149,0,27,37,126,7,1,17,0,-139,0,27,7,46,7
20560,3.48,P,18,0,150,0,3,30,76,1,P,14,0,94,0,0,21,27,0,1,-4,0,-56,0,-3,-9,-49,-1
20561,1.18,Z,3,0,40,0,5,6,27,0,T,5,0,37,0,1,7,29,1,1,2,0,-3,0,-4,1,2,1
20562,10.02,T,85,0,404,0,7,124,218,12,Z,69,4,731,0,56,153,231,4,1,-16,4,327,0,49,29,13,-8
20563,3.21,T,17,6,146,0,2,19,32,2,T,6,0,131,0,0,11,8,0,0,-11,-6,-15,0,-2,-8,-24,-2
20564,2.18,Z,10,0,52,1,220,56,103,4,T,7,0,116,0,117,11,91,0,0,-3,0,64,-1,-103,-45,-12,-4
20565,10.46,T,98,3,611,0,131,207,177,12,Z,82,19,429,0,421,181,365,4,1,-16,16,-182,0,290,-26,188,-8
20566,9.59,P,50,0,393,0,505,329,80,12,T,49,1,421,0,1,45,101,0,0,-1,1,28,0,-504,-284,21,-12
20567,7.3,P,43,8,429,0,184,123,45,1,Z,46,3,204,0,0,67,142,0,0,3,-5,-225,0,-184,-56,97,-1
20568,4.06,Z,20,1,528,0,17,27,47,1,P,22,3,266,4,79,97,90,0,0,2,2,-262,4,62,70,43,-1
20569,9.59,T,116,0,619,0,580,387,125,17,P,75,0,455,0,518,266,163,17,0,-41,0,-164,0,-62,-121,38,0
20570,5.4,T,40,7,386,0,10,120,104,4,P,27,1,431,5,17,112,41,0,0,-13,-6,45,5,7,-8,-63,-4
20571,6.43,T,83,0,276,0,601,223,129,17,T,110,0,244,0,331,216,156,16,1,27,0,-32,0,-270,-7,27,-1
20572,3.57,T,19,1,227,0,1,47,38,0,P,14,0,209,0,5,80,18,2,1,-5,-1,-18,0,4,33,-20,2
20573,6.48,Z,29,0,129,0,6,37,83,1,T,45,0,303,0,257,227,54,1,0,16,0,174,0,251,190,-29,0
20574,9.59,Z,63,3,822,0,209,241,335,0,T,72,1,452,0,145,276,216,3,0,9,-2,-370,0,-64,35,-119,3
20575,2.46,Z,11,1,187,0,0,11,40,0,Z,7,1,78,0,0,21,107,0,0,-4,0,-109,0,0,10,67,0
20576,9.58,P,61,6,458,0,581,291,175,4,Z,61,3,515,0,153,135,232,4,1,0,-3,57,0,-428,-156,57,0
20577,9.54,T,24,0,283,0,0,35,46,0,Z,39,0,495,0,8,65,116,3,1,15,0,212,0,8,30,70,3
20578,2.29,P,11,1,98,0,16,28,16,0,T,9,2,124,0,0,10,15,0,0,-2,1,26,0,-16,-18,-1,0
20579,3.14,Z,11,0,230,0,10,45,56,2,Z,12,0,100,0,6,7,36,0,1,1,0,-130,0,-4,-38,-20,-2
20580,10.34,Z,77,9,401,0,166,402,520,2,Z,90,7,383,1,258,322,257,10,1,13,-2,-18,1,92,-80,-263,8
20581,3.15,T,15,3,194,0,75,43,98,0,T,10,0,112,0,0,44,37,1,0,-5,-3,-82,0,-75,1,-61,1
20582,2.16,Z,17,1,147,0,290,75,61,7,P,9,1,47,0,3,55,12,0,0,-8,0,-100,0,-287,-20,-49,-7
20583,3.57,Z,11,0,98,0,10,21,40,1,T,17,3,125,0,5,78,53,2,0,6,3,27,0,-5,57,13,1
20584,10.18,T,104,0,591,0,285,316,103,12,T,100,5,575,0,102,395,191,1,1,-4,5,-16,0,-183,79,88,-11
20585,6.47,Z,37,6,475,0,139,133,113,4,Z,56,2,427,0,295,174,384,4,1,19,-4,-48,0,156,41,271,0
20586,9.59,P,50,0,1025,0,29,109,66,2,P,39,0,907,0,5,207,55,2,1,-11,0,-118,0,-24,98,-11,0
20587,6.27,T,62,4,276,0,316,280,98,4,P,67,0,347,0,191,256,161,8,0,5,-4,71,0,-125,-24,63,4
20588,9.59,Z,78,5,766,0,363,357,371,12,T,117,0,626,0,57,204,175,13,1,39,-5,-140,0,-306,-153,-196,1
20589,9.59,P,49,0,436,0,0,185,105,0,T,54,0,643,0,10,117,94,2,0,5,0,207,0,10,-68,-11,2
20590,9.56,T,51,3,548,0,29,22,36,0,T,22,0,268,0,1,20,29,0,0,-29,-3,-280,0,-28,-2,-7,0
20591,9.58,T,93,8,387,0,130,189,228,3,Z,48,3,787,0,38,227,151,0,0,-45,-5,400,0,-92,38,-77,-3
20592,9.59,T,142,4,450,0,879,185,255,10,P,109,7,435,0,638,395,103,15,1,-33,3,-15,0,-241,210,-152,5
20593,10.02,Z,77,2,507,0,68,96,224,1,T,84,0,446,0,235,162,109,10,0,7,-2,-61,0,167,66,-115,9
20594,9.59,T,59,5,655,0,11,105,108,0,T,55,0,940,0,3,108,83,3,1,-4,-5,285,0,-8,3,-25,3
20595,6.43,T,46,0,626,0,91,116,83,9,T,40,0,294,0,301,167,48,13,0,-6,0,-332,0,210,51,-35,4
20596,8.1,P,67,1,292,0,438,115,57,11,Z,77,3,370,0,322,218,337,6,0,10,2,78,0,-116,103,280,-5
20597,9.12,T,62,0,612,0,45,209,123,5,T,59,5,412,0,6,198,307,3,0,-3,5,-200,0,-39,-11,184,-2
20598,8.05,T,49,5,516,0,63,49,39,2,P,22,0,152,0,0,12,24,0,0,-27,-5,-364,0,-63,-37,-15,-2
20599,9.58,Z,45,1,411,0,33,184,178,0,P,64,0,542,16,530,272,134,2,1,19,-1,131,16,497,88,-44,2
20600,5.52,T,26,2,346,0,34,89,43,3,T,29,0,186,0,6,21,41,0,1,3,-2,-160,0,-28,-68,-2,-3
20601,9.59,Z,66,4,384,0,373,121,274,22,T,59,0,730,0,13,341,141,9,1,-7,-4,346,0,-360,220,-133,-13
20602,7.45,P,44,3,430,0,8,239,48,1,T,57,0,513,0,278,180,85,6,1,13,-3,83,0,270,-59,37,5
20603,9.59,T,32,0,724,0,0,185,136,0,T,60,0,641,0,2,161,97,4,1,28,0,-83,0,2,-24,-39,4
20604,4.45,Z,19,1,335,0,23,34,61,4,Z,27,10,73,0,32,104,73,0,1,8,9,-262,0,9,70,12,-4
20605,9.01,T,98,4,437,0,595,277,107,13,Z,66,2,259,0,152,166,245,5,0,-32,-2,-178,0,-443,-111,138,-8
20606,3.57,T,12,2,226,0,1,50,136,0,T,29,0,152,0,156,101,28,5,1,17,-2,-74,0,155,51,-108,5
20607,5.49,P,42,3,248,0,142,169,28,2,T,48,0,326,0,69,127,70,6,0,6,-3,78,0,-73,-42,42,4
20608,5.12,Z,25,3,302,0,41,123,82,6,T,24,0,359,0,11,24,63,2,1,-1,-3,57,0,-30,-99,-19,-4
20609,9.59,Z,80,4,716,0,59,294,277,0,T,87,0,1206,0,96,184,133,11,0,7,-4,490,0,37,-110,-144,11
20610,9.58,T,65,0,533,0,268,137,88,6,T,45,4,426,0,2,112,57,0,0,-20,4,-107,0,-266,-25,-31,-6
20611,10,Z,76,0,611,0,456,319,255,25,T,101,4,524,0,213,245,165,6,0,25,4,-87,0,-243,-74,-90,-19
20612,9.19,T,65,0,621,0,152,114,104,4,Z,66,0,232,0,26,97,195,2,0,1,0,-389,0,-126,-17,91,-2
20613,9.59,T,118,0,558,0,145,404,118,15,Z,76,7,473,0,271,215,228,3,1,-42,7,-85,0,126,-189,110,-12
20614,9.59,Z,97,3,509,0,469,198,341,7,T,166,6,538,0,428,511,282,5,1,69,3,29,0,-41,313,-59,-2
20615,8.24,Z,46,2,638,0,29,51,113,0,T,59,6,613,0,34,102,87,1,1,13,4,-25,0,5,51,-26,1
20616,3.59,Z,17,1,187,0,19,55,58,3,Z,13,0,84,0,5,51,70,4,1,-4,-1,-103,0,-14,-4,12,1
20617,6.48,T,40,0,780,0,82,91,47,6,Z,32,0,845,0,20,70,94,1,0,-8,0,65,0,-62,-21,47,-5
20618,0.45,T,3,0,3,0,34,5,19,2,T,3,0,17,0,48,10,3,3,1,0,0,14,0,14,5,-16,1
20619,6.52,T,49,0,193,0,178,115,200,3,T,45,0,417,0,0,125,83,3,1,-4,0,224,0,-178,10,-117,0
20620,9.59,Z,140,3,834,5,363,482,354,27,T,139,4,678,0,489,283,152,13,0,-1,1,-156,-5,126,-199,-202,-14
20621,9.55,P,28,0,689,0,0,40,22,0,T,39,0,294,0,1,128,83,0,0,11,0,-395,0,1,88,61,0
20622,9.41,P,48,0,213,0,21,447,52,7,T,69,4,302,0,22,166,110,0,0,21,4,89,0,1,-281,58,-7
20623,9.59,P,41,0,611,0,16,54,69,2,P,41,0,473,0,62,425,101,6,1,0,0,-138,0,46,371,32,4
20624,9.59,T,47,0,548,0,14,37,87,7,T,52,0,603,0,10,117,93,6,1,5,0,55,0,-4,80,6,-1
20625,5.33,Z,32,0,253,0,190,105,188,11,Z,35,2,319,0,58,84,85,11,0,3,2,66,0,-132,-21,-103,0
20626,5.15,T,25,0,386,0,0,42,54,1,T,39,1,255,0,390,102,44,3,1,14,1,-131,0,390,60,-10,2
20627,8.13,Z,66,6,607,0,88,154,189,5,T,68,5,299,0,373,101,246,1,1,2,-1,-308,0,285,-53,57,-4
20628,10.12,T,65,0,141,0,57,67,52,3,P,48,0,526,0,0,72,78,0,0,-17,0,385,0,-57,5,26,-3
20629,9.59,Z,50,0,336,0,39,147,173,4,P,47,0,606,0,0,165,125,0,0,-3,0,270,0,-39,18,-48,-4
20630,8.52,T,91,0,495,0,287,240,108,16,T,82,0,416,0,447,279,119,22,0,-9,0,-79,0,160,39,11,6
20631,9.59,Z,64,4,494,0,92,72,170,0,Z,50,2,596,0,45,110,176,1,1,-14,-2,102,0,-47,38,6,1
20632,5.21,P,39,1,195,0,390,180,174,4,P,28,0,195,0,55,124,122,2,0,-11,-1,0,0,-335,-56,-52,-2
20633,10.15,Z,88,0,462,19,367,234,353,6,T,111,10,393,0,454,269,208,2,0,23,10,-69,-19,87,35,-145,-4
20634,9.58,Z,48,0,866,0,31,103,141,4,T,58,0,686,0,2,139,76,3,1,10,0,-180,0,-29,36,-65,-1
20635,9.59,T,44,0,335,0,3,111,102,4,Z,49,4,167,0,3,28,161,0,1,5,4,-168,0,0,-83,59,-4
20636,6.09,Z,31,4,205,0,63,105,126,0,T,44,2,326,0,269,84,66,3,1,13,-2,121,0,206,-21,-60,3
20637,7.49,Z,23,1,349,0,14,53,101,0,T,47,10,290,0,13,75,94,0,1,24,9,-59,0,-1,22,-7,0
20638,7.43,Z,63,5,262,0,144,130,211,12,T,87,4,405,0,625,158,135,14,1,24,-1,143,0,481,28,-76,2
20639,0.28,P,2,0,31,0,0,18,1,3,T,0,0,1,0,0,0,0,0,0,-2,0,-30,0,0,-18,-1,-3
20640,9.59,P,43,0,891,0,0,87,114,0,T,58,0,676,0,14,151,93,4,0,15,0,-215,0,14,64,-21,4
20641,2.23,T,8,0,227,20,73,19,56,0,T,11,0,120,0,108,88,26,3,0,3,0,-107,-20,35,69,-30,3
20642,10.4,Z,62,0,667,0,170,317,356,8,P,83,4,924,0,57,281,193,9,0,21,4,257,0,-113,-36,-163,1
20643,8.21,T,80,0,563,0,103,352,236,7,T,52,0,724,0,18,185,71,6,1,-28,0,161,0,-85,-167,-165,-1
20644,6.23,T,42,1,492,0,3,110,79,5,P,17,0,336,0,0,37,22,0,0,-25,-1,-156,0,-3,-73,-57,-5
20645,9.55,P,54,11,607,0,66,167,96,2,T,101,0,638,0,40,153,246,16,1,47,-11,31,0,-26,-14,150,14
20646,9.59,Z,66,0,271,0,37,99,251,3,T,93,0,520,0,92,140,125,12,1,27,0,249,0,55,41,-126,9
20647,9.56,T,47,0,574,0,0,19,54,0,T,64,6,451,0,111,146,89,0,1,17,6,-123,0,111,127,35,0
20648,9.59,P,69,0,728,0,6,266,123,0,T,67,4,785,0,38,213,175,7,1,-2,4,57,0,32,-53,52,7
20649,10.15,Z,104,0,517,0,136,263,413,17,Z,81,4,640,0,136,367,381,4,0,-23,4,123,0,0,104,-32,-13
20650,1.06,P,6,0,47,0,19,33,27,4,Z,6,0,56,0,39,12,56,2,1,0,0,9,0,20,-21,29,-2
20651,9.59,T,77,0,511,0,42,157,77,8,T,98,7,548,0,214,173,162,1,0,21,7,37,0,172,16,85,-7
20652,5.55,T,53,2,286,31,160,153,164,6,Z,39,6,265,0,136,215,252,1,0,-14,4,-21,-31,-24,62,88,-5
20653,7.43,Z,43,7,294,0,19,143,120,10,P,39,4,637,0,36,112,66,1,1,-4,-3,343,0,17,-31,-54,-9
20654,9.43,P,148,9,451,0,307,443,169,15,T,113,6,667,0,907,297,135,14,1,-35,-3,216,0,600,-146,-34,-1
20655,5.54,Z,33,1,283,0,24,149,101,1,Z,26,0,282,0,20,156,135,2,0,-7,-1,-1,0,-4,7,34,1
20656,3.48,T,27,0,259,0,48,76,137,5,T,16,0,128,0,364,59,104,9,1,-11,0,-131,0,316,-17,-33,4
20657,9.55,T,97,2,433,0,214,409,167,1,T,125,3,545,0,37,369,116,1,1,28,1,112,0,-177,-40,-51,0
20658,2.38,T,13,0,69,0,185,79,53,2,T,14,0,76,0,1,78,57,1,1,1,0,7,0,-184,-1,4,-1
20659,10.28,T,108,4,524,0,280,198,195,14,T,108,0,445,0,653,257,199,19,0,0,-4,-79,0,373,59,4,5
20660,4.07,P,26,0,46,0,135,53,208,1,T,27,0,123,0,289,113,117,13,0,1,0,77,0,154,60,-91,12
20661,4.58,Z,29,0,191,0,95,179,321,6,Z,37,2,288,8,107,211,131,0,1,8,2,97,8,12,32,-190,-6
20662,9.59,T,51,12,414,1,420,146,53,5,T,82,0,542,0,9,90,94,2,0,31,-12,128,-1,-411,-56,41,-3
20663,9.59,T,95,5,629,0,129,290,157,6,Z,70,6,329,0,80,124,178,0,1,-25,1,-300,0,-49,-166,21,-6
20664,9.59,Z,77,0,383,0,133,254,355,3,T,117,3,555,0,539,196,173,6,0,40,3,172,0,406,-58,-182,3
20665,7.35,Z,35,2,241,0,21,240,172,0,P,36,0,708,0,2,137,47,0,0,1,-2,467,0,-19,-103,-125,0
20666,7.3,T,46,4,207,0,166,106,50,2,P,34,0,328,0,1,39,30,2,1,-12,-4,121,0,-165,-67,-20,0
20667,9.47,T,82,0,482,0,344,261,98,4,T,75,5,466,0,701,224,261,7,0,-7,5,-16,0,357,-37,163,3
20668,5.36,T,48,6,196,0,54,168,98,1,Z,26,0,229,0,0,60,75,0,0,-22,-6,33,0,-54,-108,-23,-1
20669,6.24,Z,35,0,504,0,51,215,208,4,P,47,1,352,16,120,127,133,6,0,12,1,-152,16,69,-88,-75,2
20670,2.06,Z,7,2,9,0,272,14,13,0,Z,9,1,87,0,0,29,40,0,0,2,-1,78,0,-272,15,27,0
20671,7.03,P,53,0,476,0,203,300,281,5,T,96,0,376,0,221,267,156,39,1,43,0,-100,0,18,-33,-125,34
20672,6.37,T,34,0,413,0,6,84,62,2,Z,29,0,139,0,3,134,131,0,0,-5,0,-274,0,-3,50,69,-2
20673,9.28,T,67,2,891,0,5,169,92,0,P,50,0,472,0,2,134,74,1,0,-17,-2,-419,0,-3,-35,-18,1
20674,10.58,T,99,6,324,0,675,184,112,19,Z,67,0,329,0,24,169,211,3,0,-32,-6,5,0,-651,-15,99,-16
20675,4.42,Z,15,0,285,0,22,40,65,1,T,43,0,317,0,1,151,202,4,1,28,0,32,0,-21,111,137,3
20676,3.26,Z,22,2,205,0,117,118,113,3,P,18,1,177,0,96,61,70,7,0,-4,-1,-28,0,-21,-57,-43,4
20677,4.21,P,18,1,292,0,63,52,17,5,P,17,0,194,0,7,88,19,3,0,-1,-1,-98,0,-56,36,2,-2
20678,7.19,P,42,0,422,0,0,188,245,0,T,43,4,284,0,79,148,110,0,0,1,4,-138,0,79,-40,-135,0
20679,7.05,P,25,0,243,0,1,94,35,1,T,45,0,392,0,4,94,66,2,0,20,0,149,0,3,0,31,1
20680,9.58,Z,47,1,504,0,53,145,204,3,T,30,0,449,0,0,18,62,0,0,-17,-1,-55,0,-53,-127,-142,-3
20681,1.3,Z,4,0,81,0,0,7,22,0,P,4,0,14,0,3,3,2,2,1,0,0,-67,0,3,-4,-20,2
20682,9.58,Z,94,15,367,0,304,224,439,1,T,110,6,466,0,124,191,333,3,0,16,-9,99,0,-180,-33,-106,2
20683,4.08,T,25,0,258,0,0,105,67,1,P,17,0,128,0,121,80,50,4,0,-8,0,-130,0,121,-25,-17,3
20684,1.06,P,6,0,72,0,0,13,24,1,P,8,0,31,0,2,21,8,4,1,2,0,-41,0,2,8,-16,3
20685,3.5,T,19,2,171,1,354,54,120,6,T,12,0,214,0,0,32,24,1,0,-7,-2,43,-1,-354,-22,-96,-5
20686,4.2,P,17,1,262,0,5,127,36,1,Z,20,2,248,0,150,144,149,2,0,3,1,-14,0,145,17,113,1
20687,4.51,T,32,0,156,0,393,101,133,2,T,22,0,181,0,97,49,41,7,0,-10,0,25,0,-296,-52,-92,5
20688,10.2,P,66,0,710,0,74,458,139,5,T,77,0,484,0,143,196,159,6,1,11,0,-226,0,69,-262,20,1
20689,9.55,Z,57,5,1060,0,34,143,138,0,Z,53,4,156,52,194,192,268,5,0,-4,-1,-904,52,160,49,130,5
20690,9.59,Z,71,4,614,0,38,110,230,3,T,112,0,518,0,458,321,124,5,0,41,-4,-96,0,420,211,-106,2
20691,9.31,T,30,0,613,0,0,88,92,0,P,37,0,407,0,84,102,47,7,1,7,0,-206,0,84,14,-45,7
20692,9.26,T,43,0,959,0,35,116,120,2,T,38,0,593,0,1,51,70,8,0,-5,0,-366,0,-34,-65,-50,6
20693,8.51,Z,67,7,506,8,234,226,280,11,Z,70,15,651,0,219,371,320,15,0,3,8,145,-8,-15,145,40,4
20694,9.15,P,63,0,412,0,51,219,172,2,Z,82,1,463,0,140,240,335,8,0,19,1,51,0,89,21,163,6
20695,9.59,T,103,1,466,0,784,189,195,13,T,99,0,405,0,171,287,156,21,0,-4,-1,-61,0,-613,98,-39,8
20696,4.36,T,39,1,188,0,440,140,99,14,T,27,0,190,0,413,123,148,9,1,-12,-1,2,0,-27,-17,49,-5
20697,5.22,Z,33,2,426,0,118,120,94,7,P,31,1,330,0,199,114,48,3,1,-2,-1,-96,0,81,-6,-46,-4
20698,9.56,Z,59,5,251,0,64,222,190,2,T,75,1,416,0,588,291,242,11,1,16,-4,165,0,524,69,52,9
20699,9.59,T,98,2,430,0,278,228,300,10,T,121,1,307,0,575,349,216,11,0,23,-1,-123,0,297,121,-84,1
20700,2.35,Z,9,4,20,0,115,10,124,0,Z,7,3,99,0,8,38,39,2,0,-2,-1,79,0,-107,28,-85,2
20701,7.18,T,47,2,359,0,465,258,81,4,T,55,1,496,0,75,149,132,2,1,8,-1,137,0,-390,-109,51,-2
20702,2.51,T,9,0,123,0,0,6,11,0,Z,13,2,64,0,7,21,37,0,1,4,2,-59,0,7,15,26,0
20703,6.33,Z,41,8,162,0,222,172,298,3,Z,60,8,289,0,271,149,219,2,1,19,0,127,0,49,-23,-79,-1
20704,6.38,Z,39,1,233,0,12,159,124,2,Z,41,1,473,0,23,225,125,3,1,2,0,240,0,11,66,1,1
20705,10.19,T,88,0,623,0,141,346,269,6,P,59,0,611,0,20,249,147,8,0,-29,0,-12,0,-121,-97,-122,2
20706,6.07,T,54,0,365,0,93,169,73,5,Z,38,5,206,0,103,57,154,3,1,-16,5,-159,0,10,-112,81,-2
20707,5.11,T,24,0,203,1,69,67,115,15,P,23,0,313,0,18,168,61,4,1,-1,0,110,-1,-51,101,-54,-11
20708,8.04,Z,40,6,414,0,51,167,241,5,T,57,0,316,0,594,215,270,14,1,17,-6,-98,0,543,48,29,9
20709,9.58,Z,54,0,320,0,35,187,248,3,Z,64,0,222,0,80,137,190,4,0,10,0,-98,0,45,-50,-58,1
20710,4.49,T,29,1,361,0,16,78,30,6,T,31,3,300,0,4,101,90,3,1,2,2,-61,0,-12,23,60,-3
20711,9.59,P,46,1,486,0,8,176,83,4,P,60,4,415,0,62,208,65,1,1,14,3,-71,0,54,32,-18,-3
20712,8.13,P,53,0,446,0,31,145,49,4,T,68,3,871,0,82,204,107,2,1,15,3,425,0,51,59,58,-2
20713,5.26,T,51,4,363,0,216,98,112,5,T,36,0,454,0,104,103,250,6,0,-15,-4,91,0,-112,5,138,1
20714,9.56,T,75,5,503,0,55,222,160,1,P,54,2,824,0,35,159,100,2,0,-21,-3,321,0,-20,-63,-60,1
20715,10.47,Z,53,3,388,0,24,106,185,2,P,66,6,604,0,69,161,94,3,0,13,3,216,0,45,55,-91,1
20716,8.14,T,34,4,289,0,13,61,54,0,P,34,0,273,0,8,104,63,4,0,0,-4,-16,0,-5,43,9,4
20717,9.59,Z,68,7,386,0,87,316,200,7,T,88,6,701,0,45,216,114,6,0,20,-1,315,0,-42,-100,-86,-1
20718,9.59,P,60,0,1200,0,15,85,69,11,Z,61,12,483,0,55,128,152,0,1,1,12,-717,0,40,43,83,-11
20719,8.53,T,91,2,466,0,277,311,138,15,T,114,8,506,0,300,340,163,46,0,23,6,40,0,23,29,25,31
20720,5.15,P,51,0,182,0,147,178,77,6,P,50,0,202,0,159,217,148,4,1,-1,0,20,0,12,39,71,-2
20721,5.02,T,45,0,316,0,252,134,80,10,T,24,0,272,0,0,48,96,3,1,-21,0,-44,0,-252,-86,16,-7
20722,9.36,P,53,0,323,0,75,183,155,4,Z,68,7,455,0,35,120,194,0,0,15,7,132,0,-40,-63,39,-4
20723,8.26,Z,54,1,475,0,625,162,280,5,T,47,0,483,0,143,238,130,3,0,-7,-1,8,0,-482,76,-150,-2
20724,3.42,T,17,0,317,0,0,11,33,0,P,13,0,169,0,0,30,28,0,1,-4,0,-148,0,0,19,-5,0
20725,4.12,T,14,0,85,0,6,8,23,2,P,12,0,269,0,0,16,14,0,0,-2,0,184,0,-6,8,-9,-2
20726,5.21,Z,32,1,532,0,104,158,181,5,T,52,0,199,0,638,147,128,8,1,20,-1,-333,0,534,-11,-53,3
20727,6.4,P,48,3,351,0,135,171,62,4,P,26,0,275,0,15,36,37,4,0,-22,-3,-76,0,-120,-135,-25,0
20728,10.32,P,31,0,578,0,0,154,71,0,T,79,8,624,0,79,118,82,8,1,48,8,46,0,79,-36,11,8
20729,6.07,P,30,0,424,0,4,79,36,2,P,24,1,445,0,2,82,49,3,0,-6,1,21,0,-2,3,13,1
20730,3.27,Z,17,4,407,0,11,65,33,0,Z,9,2,73,0,4,14,57,0,1,-8,-2,-334,0,-7,-51,24,0
20731,9.53,Z,56,2,760,0,464,332,215,7,P,46,0,566,0,57,180,67,5,1,-10,-2,-194,0,-407,-152,-148,-2
20732,9.59,P,72,0,579,0,27,216,127,6,P,67,0,452,0,10,250,91,3,0,-5,0,-127,0,-17,34,-36,-3
20733,9.58,Z,83,0,460,0,286,459,431,24,T,123,2,498,0,688,160,208,10,1,40,2,38,0,402,-299,-223,-14
20734,2.06,T,6,0,126,0,0,12,11,0,Z,6,0,93,0,14,61,27,3,0,0,0,-33,0,14,49,16,3
20735,10.02,T,70,9,583,0,12,83,108,1,Z,58,3,841,0,78,261,210,0,1,-12,-6,258,0,66,178,102,-1
20736,7.12,T,42,2,452,0,13,105,70,1,Z,33,0,506,0,12,91,86,1,1,-9,-2,54,0,-1,-14,16,0
20737,7.07,T,78,0,358,2,429,233,174,21,T,53,4,513,0,407,129,74,11,1,-25,4,155,-2,-22,-104,-100,-10
20738,9.08,T,93,8,408,0,128,171,152,2,Z,76,0,398,0,48,191,296,20,1,-17,-8,-10,0,-80,20,144,18
20739,10.47,T,63,0,365,0,33,49,97,3,T,48,0,964,0,0,66,90,0,1,-15,0,599,0,-33,17,-7,-3
20740,5.46,T,44,2,430,0,6,130,77,1,T,35,0,108,0,4,78,81,3,0,-9,-2,-322,0,-2,-52,4,2
20741,8.16,T,57,7,389,0,219,144,62,0,Z,38,4,156,0,9,155,153,0,0,-19,-3,-233,0,-210,11,91,0
20742,4.02,Z,21,0,155,0,221,118,226,1,Z,16,7,168,0,118,89,157,0,0,-5,7,13,0,-103,-29,-69,-1
20743,9.59,T,51,2,492,0,791,153,78,3,P,44,0,263,0,50,286,127,0,1,-7,-2,-229,0,-741,133,49,-3
20744,10.38,T,120,0,680,0,199,423,187,17,Z,89,0,552,67,427,220,329,2,1,-31,0,-128,67,228,-203,142,-15
20745,7.43,P,48,1,582,0,51,244,102,4,Z,44,0,310,0,34,79,126,3,0,-4,-1,-272,0,-17,-165,24,-1
20746,7.33,P,38,0,360,0,153,265,68,6,P,20,0,392,0,9,246,50,3,0,-18,0,32,0,-144,-19,-18,-3
20747,5,Z,19,4,186,0,137,28,142,3,T,32,0,198,0,65,61,56,14,1,13,-4,12,0,-72,33,-86,11
20748,5.37,Z,18,4,325,0,61,114,96,1,P,36,1,450,0,14,137,54,0,1,18,-3,125,0,-47,23,-42,-1
20749,9.06,T,82,0,466,0,1,284,158,1,Z,50,0,455,0,357,186,295,1,0,-32,0,-11,0,356,-98,137,0
20750,8.34,T,90,8,443,1,519,111,163,5,P,47,0,385,0,25,243,54,5,1,-43,-8,-58,-1,-494,132,-109,0
20751,5.38,P,22,4,204,0,19,116,171,1,P,24,4,214,0,2,46,50,4,0,2,0,10,0,-17,-70,-121,3
20752,4.09,T,23,1,212,0,23,51,21,1,P,25,2,245,0,329,77,58,4,0,2,1,33,0,306,26,37,3
20753,10.14,T,134,0,505,0,291,335,213,16,T,113,2,369,0,73,167,181,8,0,-21,2,-136,0,-218,-168,-32,-8
20754,4.4,T,29,0,197,0,15,23,43,3,T,28,1,203,0,471,101,59,7,1,-1,1,6,0,456,78,16,4
20755,7.04,T,49,0,480,0,29,130,112,3,Z,50,3,377,0,189,181,147,14,1,1,3,-103,0,160,51,35,11
20756,9.59,T,65,3,613,0,32,143,107,0,P,51,1,643,0,10,143,93,0,1,-14,-2,30,0,-22,0,-14,0
20757,9.59,P,55,1,592,0,16,232,89,1,Z,63,11,850,0,411,171,502,3,1,8,10,258,0,395,-61,413,2
20758,9.59,Z,133,2,624,0,949,290,347,11,T,137,0,479,0,394,299,270,17,0,4,-2,-145,0,-555,9,-77,6
20759,9.58,T,69,0,495,0,20,205,103,6,T,72,0,961,0,52,208,112,9,1,3,0,466,0,32,3,9,3
20760,3.31,T,11,1,317,0,2,86,19,1,P,16,1,52,0,253,74,33,3,0,5,0,-265,0,251,-12,14,2
20761,7.29,Z,61,0,341,19,180,161,309,1,P,80,1,266,0,141,246,106,10,1,19,1,-75,-19,-39,85,-203,9
20762,6.04,P,25,2,314,0,1,26,43,0,Z,31,0,124,0,23,15,82,2,0,6,-2,-190,0,22,-11,39,2
20763,8.38,T,31,0,449,0,3,61,77,2,Z,46,0,595,0,194,163,169,5,1,15,0,146,0,191,102,92,3
20764,9.59,P,53,0,760,0,391,194,62,8,Z,54,0,343,0,19,74,183,0,1,1,0,-417,0,-372,-120,121,-8
20765,10.09,Z,122,0,699,0,310,199,339,5,P,60,3,416,0,212,116,121,0,1,-62,3,-283,0,-98,-83,-218,-5
20766,3.23,P,16,0,273,0,16,24,21,1,T,19,0,96,0,326,46,90,2,0,3,0,-177,0,310,22,69,1
20767,9.58,Z,35,0,267,0,0,84,182,0,T,43,0,393,0,18,33,62,10,0,8,0,126,0,18,-51,-120,10
20768,9.59,P,60,0,562,0,8,159,96,16,T,73,8,412,1,42,105,101,0,1,13,8,-150,1,34,-54,5,-16
20769,6.54,P,30,0,359,0,14,136,60,8,T,68,2,395,0,131,242,189,4,1,38,2,36,0,117,106,129,-4
20770,10.58,P,45,0,994,0,0,286,77,0,T,45,6,734,0,18,191,112,2,0,0,6,-260,0,18,-95,35,2
20771,9.59,T,64,0,759,0,1,166,117,2,T,81,0,720,0,43,395,93,6,1,17,0,-39,0,42,229,-24,4
20772,4.33,T,14,5,332,0,23,82,36,1,P,16,0,102,0,0,17,28,0,1,2,-5,-230,0,-23,-65,-8,-1
20773,7.16,Z,36,2,505,0,290,124,369,0,P,35,0,409,0,13,110,54,6,1,-1,-2,-96,0,-277,-14,-315,6
20774,9.28,Z,98,8,587,0,478,380,250,9,T,150,10,443,0,672,308,201,18,0,52,2,-144,0,194,-72,-49,9
20775,5.34,P,20,4,296,0,6,34,45,0,Z,23,0,472,0,16,40,85,4,0,3,-4,176,0,10,6,40,4
20776,4.46,P,37,0,209,0,225,114,125,7,P,21,0,242,0,12,106,133,1,0,-16,0,33,0,-213,-8,8,-6
20777,1.43,P,6,0,172,0,0,23,6,0,Z,5,0,40,0,0,11,23,2,0,-1,0,-132,0,0,-12,17,2
20778,9.08,T,98,4,459,0,327,341,187,9,Z,89,7,308,0,406,320,289,9,0,-9,3,-151,0,79,-21,102,0
20779,3.01,Z,8,0,94,0,12,25,57,3,T,13,2,162,0,139,24,17,2,0,5,2,68,0,127,-1,-40,-1
20780,5.52,Z,33,2,405,8,233,85,182,1,Z,22,2,203,0,0,20,88,3,0,-11,0,-202,-8,-233,-65,-94,2
20781,4.36,T,34,0,158,0,29,102,30,7,T,28,0,432,0,57,66,72,10,0,-6,0,274,0,28,-36,42,3
20782,9.45,Z,44,8,424,0,67,147,172,3,T,84,0,673,0,428,100,109,17,1,40,-8,249,0,361,-47,-63,14
20783,6.51,T,43,1,413,0,26,211,65,2,T,45,0,328,0,288,150,270,7,1,2,-1,-85,0,262,-61,205,5
20784,4.57,P,26,0,214,0,0,113,48,3,T,35,0,375,0,27,161,65,3,1,9,0,161,0,27,48,17,0
20785,8.58,P,50,0,685,0,20,116,110,8,P,61,15,405,2,198,204,139,0,1,11,15,-280,2,178,88,29,-8
20786,10.47,P,45,0,451,5,105,342,112,0,Z,42,4,661,0,4,191,202,0,0,-3,4,210,-5,-101,-151,90,0
20787,7.43,Z,36,0,373,0,8,125,153,1,T,43,5,371,0,164,236,163,11,1,7,5,-2,0,156,111,10,10
20788,9.16,T,52,0,731,0,4,34,89,1,T,70,0,670,0,7,87,119,0,0,18,0,-61,0,3,53,30,-1
20789,9.06,Z,45,2,947,5,42,113,153,0,T,72,0,765,0,61,116,96,7,1,27,-2,-182,-5,19,3,-57,7
20790,4.37,P,30,2,226,0,44,115,55,2,Z,28,2,269,0,58,88,95,3,0,-2,0,43,0,14,-27,40,1
20791,8.54,Z,54,2,213,0,39,73,164,3,P,55,3,680,0,3,158,91,4,0,1,1,467,0,-36,85,-73,1
20792,7.5,T,107,0,475,0,550,221,152,13,P,78,6,397,0,594,218,106,7,0,-29,6,-78,0,44,-3,-46,-6
20793,9.58,Z,61,0,291,0,21,99,183,4,P,43,0,354,0,10,148,75,4,0,-18,0,63,0,-11,49,-108,0
20794,6.17,P,26,5,303,0,25,68,24,3,T,26,0,133,0,0,16,46,0,1,0,-5,-170,0,-25,-52,22,-3
20795,9.59,Z,72,0,736,0,121,206,239,3,T,122,2,1148,0,543,312,184,7,0,50,2,412,0,422,106,-55,4
20796,7.31,P,30,0,525,0,0,108,42,0,Z,27,1,215,0,14,55,86,1,0,-3,1,-310,0,14,-53,44,1
20797,6.37,Z,44,1,367,0,22,77,154,0,P,85,0,312,0,275,216,69,7,1,41,-1,-55,0,253,139,-85,7
20798,6.47,P,20,0,263,0,0,29,38,0,Z,25,1,417,0,19,51,98,0,0,5,1,154,0,19,22,60,0
20799,8.52,P,72,5,443,0,287,211,105,13,T,83,5,455,37,224,210,254,8,0,11,0,12,37,-63,-1,149,-5
20800,3.48,Z,13,5,89,0,38,39,63,1,Z,11,0,174,0,68,40,78,4,0,-2,-5,85,0,30,1,15,3
20801,9.58,Z,70,0,586,0,51,123,144,4,P,60,8,292,0,782,129,108,3,1,-10,8,-294,0,731,6,-36,-1
20802,9.59,P,77,7,452,0,132,231,150,3,T,81,0,503,0,12,309,128,8,0,4,-7,51,0,-120,78,-22,5
20803,7.12,T,40,0,674,0,9,175,246,3,T,37,1,250,0,177,104,177,3,1,-3,1,-424,0,168,-71,-69,0
20804,9.59,T,63,0,733,0,0,74,93,2,P,58,6,580,0,204,185,152,11,1,-5,6,-153,0,204,111,59,9
20805,6.01,Z,40,15,306,0,146,252,184,8,Z,50,8,189,5,406,217,318,1,0,10,-7,-117,5,260,-35,134,-7
20806,10.03,Z,84,3,455,0,373,317,247,7,T,110,0,377,0,469,303,193,14,0,26,-3,-78,0,96,-14,-54,7
20807,9.59,T,39,2,234,0,36,71,55,8,T,65,3,678,0,211,152,163,5,1,26,1,444,0,175,81,108,-3
20808,3.52,T,12,0,319,0,0,39,21,2,P,12,0,86,0,0,50,13,0,1,0,0,-233,0,0,11,-8,-2
20809,2.21,T,9,0,185,0,83,56,23,5,T,8,0,98,0,359,99,13,2,1,-1,0,-87,0,276,43,-10,-3
20810,8.36,Z,36,0,400,0,0,123,112,0,P,43,0,473,0,17,160,65,4,1,7,0,73,0,17,37,-47,4
20811,8.3,T,85,4,454,0,280,127,121,9,Z,64,0,639,0,308,105,222,12,0,-21,-4,185,0,28,-22,101,3
20812,2.51,Z,8,0,63,0,251,15,32,4,Z,14,0,52,0,0,26,44,0,1,6,0,-11,0,-251,11,12,-4
20813,4.02,T,22,0,305,0,19,80,40,2,T,30,0,159,0,2,55,37,3,1,8,0,-146,0,-17,-25,-3,1
20814,9.21,Z,62,0,488,0,80,120,250,3,T,69,3,1008,0,31,207,136,1,0,7,3,520,0,-49,87,-114,-2
20815,8.07,P,56,0,549,0,35,140,115,14,T,50,0,530,0,24,147,77,8,1,-6,0,-19,0,-11,7,-38,-6
20816,5.32,P,31,2,361,0,78,156,41,4,T,35,0,399,0,25,70,89,6,1,4,-2,38,0,-53,-86,48,2
20817,9.59,P,65,0,639,0,0,317,471,0,T,79,0,352,0,45,256,167,7,1,14,0,-287,0,45,-61,-304,7
20818,9.09,T,20,0,143,0,0,12,43,0,T,40,0,485,0,0,10,43,0,1,20,0,342,0,0,-2,0,0
20819,9.59,T,55,0,563,0,53,100,76,4,Z,67,3,478,0,239,195,433,4,1,12,3,-85,0,186,95,357,0
20820,9.58,P,51,0,537,0,37,277,163,5,T,38,0,250,1,18,87,63,2,0,-13,0,-287,1,-19,-190,-100,-3
20821,6.21,T,81,5,362,0,429,283,134,12,P,49,0,424,0,431,248,160,6,1,-32,-5,62,0,2,-35,26,-6
20822,5.49,T,32,1,269,0,327,159,77,4,T,67,0,250,0,18,189,66,3,1,35,-1,-19,0,-309,30,-11,-1
20823,9.59,Z,100,14,629,1,249,156,326,5,T,116,0,543,0,558,348,199,11,0,16,-14,-86,-1,309,192,-127,6
20824,9.59,P,58,8,713,0,56,212,108,5,P,64,0,630,0,47,274,107,7,1,6,-8,-83,0,-9,62,-1,2
20825,4.34,T,17,0,136,0,11,48,22,4,Z,20,4,327,0,25,29,60,0,1,3,4,191,0,14,-19,38,-4
20826,9.58,P,32,6,446,0,16,82,66,0,T,39,0,436,0,0,49,67,0,1,7,-6,-10,0,-16,-33,1,0
20827,4.48,T,26,0,177,0,12,25,41,3,Z,36,0,154,0,21,83,118,6,0,10,0,-23,0,9,58,77,3
20828,9.59,Z,59,0,460,0,37,124,150,4,P,60,0,607,0,12,186,82,1,0,1,0,147,0,-25,62,-68,-3
20829,8.37,P,31,0,460,0,13,148,64,2,T,39,3,603,0,1,133,72,0,0,8,3,143,0,-12,-15,8,-2
20830,10.42,Z,96,0,581,0,176,525,309,9,P,80,0,510,0,7,313,145,14,0,-16,0,-71,0,-169,-212,-164,5
20831,3.4,Z,14,0,108,0,1,20,56,2,Z,16,0,165,0,22,18,44,3,1,2,0,57,0,21,-2,-12,1
20832,9.12,Z,63,9,410,0,151,155,258,0,T,79,1,682,0,121,196,156,1,0,16,-8,272,0,-30,41,-102,1
20833,7.39,T,63,6,543,0,88,247,69,3,T,57,0,448,0,376,218,92,10,0,-6,-6,-95,0,288,-29,23,7
20834,5.23,P,38,0,298,0,164,170,73,6,T,53,1,389,0,45,176,92,10,1,15,1,91,0,-119,6,19,4
20835,7.35,P,50,0,302,0,81,293,142,7,T,70,7,326,1,359,157,115,4,1,20,7,24,1,278,-136,-27,-3
20836,9.59,P,55,3,496,0,36,117,82,5,T,76,0,390,16,180,197,226,0,1,21,-3,-106,16,144,80,144,-5
20837,9.59,P,51,0,931,0,2,103,61,4,Z,41,3,298,0,44,348,155,4,1,-10,3,-633,0,42,245,94,0
20838,8.21,T,47,0,430,0,6,107,73,2,Z,42,0,260,0,36,40,108,10,0,-5,0,-170,0,30,-67,35,8
20839,9.15,Z,51,7,446,0,199,184,254,2,Z,54,3,775,0,25,77,225,0,1,3,-4,329,0,-174,-107,-29,-2
20840,3.45,Z,22,2,84,0,22,58,54,0,T,19,0,116,0,6,4,19,2,0,-3,-2,32,0,-16,-54,-35,2
20841,3.57,Z,20,0,209,0,81,56,118,2,P,23,0,202,0,367,102,35,15,0,3,0,-7,0,286,46,-83,13
20842,9.59,T,180,0,685,0,569,385,472,11,P,111,0,571,0,495,245,181,19,0,-69,0,-114,0,-74,-140,-291,8
20843,9.59,Z,61,0,535,0,72,112,165,14,Z,71,3,643,0,172,233,502,4,0,10,3,108,0,100,121,337,-10
20844,9.58,Z,64,7,600,0,74,112,224,2,T,86,6,346,0,90,272,117,9,0,22,-1,-254,0,16,160,-107,7
20845,5.43,T,55,2,328,0,187,170,108,6,T,61,1,550,0,71,176,73,9,0,6,-1,222,0,-116,6,-35,3
20846,8.46,Z,49,0,544,0,36,202,141,2,P,55,2,396,0,101,257,142,7,0,6,2,-148,0,65,55,1,5
20847,4.58,P,21,0,417,0,17,39,29,2,Z,27,0,261,0,32,151,119,3,1,6,0,-156,0,15,112,90,1
20848,7.54,Z,63,1,387,0,449,212,285,5,T,88,7,714,0,234,261,92,3,0,25,6,327,0,-215,49,-193,-2
20849,6.12,T,36,0,229,0,23,50,47,5,T,33,6,390,0,17,26,53,0,0,-3,6,161,0,-6,-24,6,-5
20850,1.14,T,4,0,33,0,17,34,26,2,P,6,2,76,0,24,11,7,0,0,2,2,43,0,7,-23,-19,-2
20851,3,P,13,0,100,0,153,114,73,3,T,17,6,353,0,152,63,66,2,0,4,6,253,0,-1,-51,-7,-1
20852,9.59,Z,48,1,330,0,25,176,171,1,Z,39,0,444,0,101,224,185,4,1,-9,-1,114,0,76,48,14,3
20853,7.17,T,44,5,266,0,13,52,62,1,Z,47,0,500,0,28,156,135,7,1,3,-5,234,0,15,104,73,6
20854,4.15,Z,21,0,213,3,37,47,74,0,T,16,1,214,0,202,62,37,5,0,-5,1,1,-3,165,15,-37,5
20855,9.58,T,115,0,571,0,123,274,147,14,Z,79,2,547,0,33,280,276,1,0,-36,2,-24,0,-90,6,129,-13
20856,10.2,P,73,0,486,0,104,428,101,10,T,81,3,788,0,118,304,357,10,0,8,3,302,0,14,-124,256,0
20857,8.08,Z,32,4,327,0,17,74,141,0,T,51,7,133,0,3,46,79,1,1,19,3,-194,0,-14,-28,-62,1
20858,7.12,Z,46,0,572,0,591,150,245,16,T,68,2,378,0,99,116,96,9,1,22,2,-194,0,-492,-34,-149,-7
20859,4.27,Z,22,1,205,0,4,93,84,0,Z,26,0,144,2,68,144,95,5,0,4,-1,-61,2,64,51,11,5
20860,9.57,T,172,0,450,0,459,547,296,18,Z,68,6,744,0,54,256,195,4,0,-104,6,294,0,-405,-291,-101,-14
20861,2.51,T,13,0,172,0,65,13,27,3,T,8,0,64,0,0,19,65,1,0,-5,0,-108,0,-65,6,38,-2
20862,9.59,P,30,0,665,0,0,41,52,0,P,43,0,496,0,37,49,61,3,0,13,0,-169,0,37,8,9,3
20863,3.32,T,10,0,211,4,15,73,44,0,Z,9,0,48,0,0,18,47,0,1,-1,0,-163,-4,-15,-55,3,0
20864,9.49,P,141,6,521,2,278,380,182,10,P,84,3,689,0,266,530,163,17,0,-57,-3,168,-2,-12,150,-19,7
20865,8.29,P,62,0,445,0,39,203,90,12,Z,68,6,794,0,384,327,222,6,1,6,6,349,0,345,124,132,-6
20866,9.59,T,82,3,644,0,389,340,173,10,P,64,1,391,0,54,274,127,6,0,-18,-2,-253,0,-335,-66,-46,-4
20867,8.25,Z,71,0,538,20,475,315,368,9,Z,58,12,458,2,116,314,244,7,0,-13,12,-80,-18,-359,-1,-124,-2
20868,9.59,P,34,1,528,0,17,160,68,3,T,37,0,526,0,0,67,59,0,0,3,-1,-2,0,-17,-93,-9,-3
20869,9.56,P,36,0,203,2,11,114,47,2,T,19,0,646,0,0,22,63,0,0,-17,0,443,-2,-11,-92,16,-2
20870,10.22,Z,53,2,347,0,129,274,260,4,P,88,7,319,0,576,387,187,7,0,35,5,-28,0,447,113,-73,3
20871,5.12,Z,20,0,285,0,10,29,87,3,T,33,0,334,0,114,72,153,4,1,13,0,49,0,104,43,66,1
20872,9.59,Z,60,0,502,0,65,90,163,4,P,69,0,258,0,280,220,107,12,0,9,0,-244,0,215,130,-56,8
20873,4.23,Z,15,1,149,0,298,33,67,5,T,24,0,247,0,304,108,205,5,0,9,-1,98,0,6,75,138,0
20874,5.27,T,27,0,337,0,15,113,102,3,P,26,0,174,0,1,68,222,1,1,-1,0,-163,0,-14,-45,120,-2
20875,9.59,T,102,3,507,0,190,203,211,4,Z,81,0,400,0,120,206,268,9,1,-21,-3,-107,0,-70,3,57,5
20876,6.51,P,40,0,271,0,559,174,43,7,Z,85,0,478,0,83,288,190,10,1,45,0,207,0,-476,114,147,3
20877,10.44,P,63,0,661,0,100,289,118,23,P,72,3,840,0,92,372,166,5,0,9,3,179,0,-8,83,48,-18
20878,9.58,Z,69,0,329,0,31,206,201,7,T,109,4,638,0,374,250,125,3,0,40,4,309,0,343,44,-76,-4
20879,8.2,P,52,0,180,0,0,83,68,0,Z,67,2,238,0,28,227,261,1,1,15,2,58,0,28,144,193,1
20880,9.23,Z,73,0,499,0,70,137,212,6,Z,47,0,411,0,584,370,313,8,0,-26,0,-88,0,514,233,101,2
20881,6.59,Z,58,1,300,0,91,209,137,16,Z,37,4,291,0,101,191,146,6,1,-21,3,-9,0,10,-18,9,-10
20882,10.05,T,56,0,386,0,91,42,89,12,P,65,0,293,0,34,260,78,6,1,9,0,-93,0,-57,218,-11,-6
20883,10.06,T,134,1,676,0,326,180,220,10,Z,98,0,439,90,275,305,474,5,0,-36,-1,-237,90,-51,125,254,-5
20884,6.52,Z,42,3,407,0,66,131,177,7,P,47,1,544,0,60,167,67,4,1,5,-2,137,0,-6,36,-110,-3
20885,8.1,Z,44,0,345,0,17,150,149,2,Z,48,0,504,0,42,117,134,2,0,4,0,159,0,25,-33,-15,0
20886,3.57,P,14,0,192,0,12,60,23,4,P,14,0,217,0,4,58,93,2,1,0,0,25,0,-8,-2,70,-2
20887,4.24,T,19,0,277,0,1,80,27,1,P,23,1,100,0,12,78,33,1,1,4,1,-177,0,11,-2,6,0
20888,3.46,T,20,1,253,0,111,64,62,1,Z,13,0,179,0,0,30,95,4,1,-7,-1,-74,0,-111,-34,33,3
20889,7.21,P,20,0,409,0,7,91,38,3,T,43,0,641,0,14,83,56,5,0,23,0,232,0,7,-8,18,2
20890,8.25,P,39,3,430,0,14,240,45,4,Z,39,5,333,0,22,228,198,3,0,0,2,-97,0,8,-12,153,-1
20891,9.59,Z,69,0,291,30,417,459,352,1,Z,59,2,451,0,38,464,242,4,1,-10,2,160,-30,-379,5,-110,3
20892,5.37,T,17,6,321,0,18,52,24,0,T,31,0,324,0,0,36,53,1,1,14,-6,3,0,-18,-16,29,1
20893,9.25,P,47,3,299,0,63,135,122,1,Z,57,1,589,1,26,153,211,0,0,10,-2,290,1,-37,18,89,-1
20894,5.41,Z,31,0,267,8,319,96,255,0,P,28,2,238,0,207,141,81,4,0,-3,2,-29,-8,-112,45,-174,4
20895,7.5,P,48,0,686,0,13,239,75,4,T,55,0,297,0,116,186,121,9,0,7,0,-389,0,103,-53,46,5
20896,9.59,T,110,8,445,0,491,158,165,4,Z,75,5,439,0,223,203,358,8,1,-35,-3,-6,0,-268,45,193,4
20897,9.52,T,23,0,714,0,0,24,36,0,T,37,0,1009,0,0,172,99,1,0,14,0,295,0,0,148,63,1
20898,9.56,T,82,0,605,0,94,330,204,12,T,89,1,854,0,44,460,224,8,1,7,1,249,0,-50,130,20,-4
20899,6.29,T,39,0,373,0,0,74,57,4,Z,33,0,45,0,3,53,152,1,0,-6,0,-328,0,3,-21,95,-3
20900,8.12,T,49,0,501,0,0,51,112,2,T,42,2,471,0,1,203,60,4,0,-7,2,-30,0,1,152,-52,2
20901,10.09,T,87,12,661,0,108,195,149,4,T,101,5,408,0,697,282,204,10,1,14,-7,-253,0,589,87,55,6
20902,4.07,P,20,1,324,0,2,108,29,6,P,47,0,212,0,147,109,40,8,0,27,-1,-112,0,145,1,11,2
20903,4.53,Z,20,1,150,0,15,13,48,2,T,12,0,790,0,0,15,34,0,0,-8,-1,640,0,-15,2,-14,-2
20904,3.28,Z,17,3,308,0,18,59,36,1,P,13,0,74,0,0,46,25,0,0,-4,-3,-234,0,-18,-13,-11,-1
20905,9.59,Z,53,0,821,0,8,155,156,2,Z,49,1,448,0,19,168,216,10,0,-4,1,-373,0,11,13,60,8
20906,2.42,T,6,0,58,0,0,9,17,1,T,10,0,208,0,0,20,11,0,0,4,0,150,0,0,11,-6,-1
20907,9.58,P,30,0,353,0,2,102,77,1,T,63,0,1427,0,0,127,115,0,1,33,0,1074,0,-2,25,38,-1
20908,9.59,Z,40,10,419,0,45,75,183,0,T,42,2,467,0,0,118,65,0,1,2,-8,48,0,-45,43,-118,0
20909,9.59,P,23,0,412,0,1,65,46,1,T,86,5,545,3,95,299,46,2,1,63,5,133,3,94,234,0,1
20910,9.08,P,31,0,369,0,0,35,45,0,Z,55,7,232,0,80,72,162,4,1,24,7,-137,0,80,37,117,4
20911,9.57,T,96,0,531,0,23,221,71,12,T,73,7,257,0,10,319,129,1,0,-23,7,-274,0,-13,98,58,-11
20912,3.09,Z,5,4,83,0,16,40,31,1,T,18,0,235,15,35,25,35,0,0,13,-4,152,15,19,-15,4,-1
20913,9.59,T,70,7,487,0,54,216,77,8,T,54,0,851,0,25,57,67,2,0,-16,-7,364,0,-29,-159,-10,-6
20914,5.38,P,41,0,190,0,11,169,72,6,T,45,0,263,0,598,161,113,7,1,4,0,73,0,587,-8,41,1
20915,9.59,T,78,9,692,0,398,238,91,10,P,58,6,379,0,19,241,78,1,1,-20,-3,-313,0,-379,3,-13,-9
20916,9.59,T,78,0,264,0,335,252,193,6,Z,53,6,977,1,52,265,154,2,1,-25,6,713,1,-283,13,-39,-4
20917,3.19,T,15,0,136,0,0,13,46,0,P,11,0,227,0,6,36,5,2,0,-4,0,91,0,6,23,-41,2
20918,9.59,T,59,0,494,0,119,124,94,7,Z,72,3,546,0,89,184,511,0,1,13,3,52,0,-30,60,417,-7
20919,4.22,P,15,0,129,0,0,50,31,0,T,31,0,408,0,11,75,36,4,1,16,0,279,0,11,25,5,4
20920,9.59,Z,62,0,366,0,63,272,192,4,P,43,1,597,0,2,112,61,0,0,-19,1,231,0,-61,-160,-131,-4
20921,8.32,T,68,0,567,0,180,237,97,12,T,86,3,375,0,691,271,96,11,1,18,3,-192,0,511,34,-1,-1
20922,4.3,Z,24,0,249,0,31,49,108,3,P,23,2,313,0,26,89,22,4,1,-1,2,64,0,-5,40,-86,1
20923,8.48,Z,49,3,416,0,70,161,199,1,T,67,7,585,0,817,247,184,2,0,18,4,169,0,747,86,-15,1
20924,0,T,0,0,1,0,0,0,0,0,P,17,0,291,0,12,20,14,1,1,17,0,290,0,12,20,14,1
20925,9.59,T,89,2,697,0,130,260,208,6,Z,70,1,481,0,302,236,229,4,1,-19,-1,-216,0,172,-24,21,-2
20926,10.17,T,88,15,1019,0,100,201,90,0,Z,65,4,300,0,435,247,178,0,1,-23,-11,-719,0,335,46,88,0
20927,10.33,P,36,0,666,0,0,173,48,0,T,34,0,403,0,0,61,80,0,0,-2,0,-263,0,0,-112,32,0
20928,9.25,Z,70,8,599,0,59,125,277,4,P,59,3,723,0,125,114,156,6,1,-11,-5,124,0,66,-11,-121,2
20929,4.25,P,23,0,157,0,25,217,112,4,P,13,4,170,0,164,78,17,1,0,-10,4,13,0,139,-139,-95,-3
20930,0.27,P,1,0,2,0,21,4,24,3,T,3,0,26,0,8,7,10,2,1,2,0,24,0,-13,3,-14,-1
20931,8.55,T,48,2,501,0,7,147,98,3,Z,28,4,177,0,13,34,122,0,0,-20,2,-324,0,6,-113,24,-3
20932,9.59,P,106,12,488,3,483,241,130,14,T,85,7,348,0,1222,364,382,8,1,-21,-5,-140,-3,739,123,252,-6
20933,8.28,Z,38,0,294,0,30,128,226,1,T,65,4,324,0,57,151,68,3,1,27,4,30,0,27,23,-158,2
20934,9.58,Z,47,3,506,0,40,130,140,0,Z,66,0,844,0,10,112,223,4,1,19,-3,338,0,-30,-18,83,4
20935,9.59,T,78,1,627,0,50,161,85,3,P,49,1,545,0,5,266,99,3,1,-29,0,-82,0,-45,105,14,0
20936,7.52,P,45,5,453,0,488,237,200,12,Z,35,0,463,0,164,202,178,5,0,-10,-5,10,0,-324,-35,-22,-7
20937,10.28,P,47,1,932,0,6,63,91,2,T,87,7,667,0,58,205,125,1,0,40,6,-265,0,52,142,34,-1
20938,10.58,Z,56,3,485,0,15,139,215,5,P,46,0,316,0,13,83,62,0,0,-10,-3,-169,0,-2,-56,-153,-5
20939,6.56,Z,33,5,375,0,261,91,108,1,Z,50,7,273,0,166,279,376,1,0,17,2,-102,0,-95,188,268,0
20940,2.04,P,6,1,143,2,22,38,10,0,P,8,2,170,0,57,41,10,1,1,2,1,27,-2,35,3,0,1
20941,7.18,P,88,1,368,0,384,321,47,8,P,43,0,283,0,177,310,128,2,1,-45,-1,-85,0,-207,-11,81,-6
20942,3.4,P,12,0,129,0,112,80,6,4,Z,19,5,122,2,13,13,54,0,1,7,5,-7,2,-99,-67,48,-4
20943,9.59,P,67,12,566,0,459,239,106,6,T,65,2,544,0,15,251,82,0,1,-2,-10,-22,0,-444,12,-24,-6
20944,7.14,T,62,6,435,0,494,129,187,6,T,39,0,609,0,2,125,69,3,0,-23,-6,174,0,-492,-4,-118,-3
20945,4.54,P,25,1,341,0,0,216,30,0,Z,30,0,285,0,101,149,115,4,0,5,-1,-56,0,101,-67,85,4
20946,10.03,Z,80,4,485,0,53,181,206,9,T,78,4,546,0,40,226,130,1,1,-2,0,61,0,-13,45,-76,-8
20947,9.08,T,93,8,553,0,670,219,240,6,Z,83,2,651,0,399,210,322,6,1,-10,-6,98,0,-271,-9,82,0
20948,4.02,T,18,2,370,0,0,62,138,0,Z,18,0,156,0,21,49,94,3,0,0,-2,-214,0,21,-13,-44,3
20949,9.08,P,49,2,315,0,46,201,60,6,P,39,0,320,0,0,149,60,0,1,-10,-2,5,0,-46,-52,0,-6
20950,4.52,P,20,0,496,0,0,59,13,0,Z,16,2,220,0,8,47,73,1,0,-4,2,-276,0,8,-12,60,1
20951,6.52,P,24,0,503,0,0,94,41,1,P,44,4,461,0,81,149,112,1,1,20,4,-42,0,81,55,71,0
20952,7.15,T,52,0,432,0,143,109,98,7,T,57,0,360,0,602,125,102,7,0,5,0,-72,0,459,16,4,0
20953,8.19,Z,43,6,582,0,192,192,303,0,Z,42,0,666,0,57,154,135,7,1,-1,-6,84,0,-135,-38,-168,7
20954,9.36,P,45,0,406,0,42,122,77,11,P,90,7,481,0,891,198,102,22,1,45,7,75,0,849,76,25,11
20955,8.28,Z,47,0,536,0,45,95,136,6,T,68,3,292,0,531,188,141,6,1,21,3,-244,0,486,93,5,0
20956,10.27,Z,73,27,256,0,257,266,563,2,T,81,0,525,0,67,181,131,4,0,8,-27,269,0,-190,-85,-432,2
20957,6.08,P,43,0,293,0,173,307,175,6,T,51,0,487,0,46,106,60,6,0,8,0,194,0,-127,-201,-115,0
20958,5.43,Z,57,1,365,0,520,163,278,4,T,34,3,293,0,361,202,79,2,0,-23,2,-72,0,-159,39,-199,-2
20959,9.59,T,55,0,628,1,73,41,75,6,Z,36,0,211,0,19,54,107,0,0,-19,0,-417,-1,-54,13,32,-6
20960,9.59,T,82,6,367,0,27,174,104,0,Z,49,2,524,0,18,174,179,0,1,-33,-4,157,0,-9,0,75,0
20961,8.52,T,102,0,696,0,193,274,175,12,T,67,0,607,0,295,217,244,12,0,-35,0,-89,0,102,-57,69,0
20962,3.29,Z,15,1,118,0,514,41,51,3,Z,16,3,222,0,29,59,44,1,0,1,2,104,0,-485,18,-7,-2
20963,9.13,T,75,1,1008,0,63,252,124,6,P,54,1,585,0,11,167,58,4,0,-21,0,-423,0,-52,-85,-66,-2
20964,6.01,P,31,0,269,0,0,36,35,2,T,32,0,420,0,24,81,44,5,0,1,0,151,0,24,45,9,3
20965,9.04,T,53,1,548,0,2,157,82,1,P,22,0,244,0,5,17,40,4,0,-31,-1,-304,0,3,-140,-42,3
20966,6.26,T,23,0,315,0,3,102,88,2,Z,30,1,172,0,86,83,182,0,0,7,1,-143,0,83,-19,94,-2
20967,8.49,P,26,0,610,0,0,21,40,0,Z,40,0,653,0,29,38,131,3,0,14,0,43,0,29,17,91,3
20968,4.16,Z,18,0,159,0,296,111,94,9,T,24,4,172,0,21,110,63,0,1,6,4,13,0,-275,-1,-31,-9
20969,9.59,Z,79,0,630,0,28,128,215,3,P,82,0,651,0,616,214,187,24,1,3,0,21,0,588,86,-28,21
20970,4.24,P,19,0,206,0,22,52,95,6,T,36,0,364,0,339,136,92,5,1,17,0,158,0,317,84,-3,-1
20971,0.47,Z,1,0,63,1,32,18,25,0,T,5,0,34,0,70,18,11,4,1,4,0,-29,-1,38,0,-14,4
20972,7.47,Z,68,0,621,0,48,165,135,7,T,55,0,822,0,17,83,98,4,1,-13,0,201,0,-31,-82,-37,-3
20973,6.47,P,22,0,267,0,7,119,35,7,T,47,3,263,0,20,68,98,1,1,25,3,-4,0,13,-51,63,-6
20974,7.49,Z,47,5,332,0,405,112,538,0,P,64,5,357,11,123,105,97,3,0,17,0,25,11,-282,-7,-441,3
20975,5.36,Z,33,0,204,0,87,69,93,5,Z,40,2,252,0,69,141,136,1,1,7,2,48,0,-18,72,43,-4
20976,6.4,Z,50,0,305,0,128,195,296,5,Z,36,0,132,0,8,43,126,1,1,-14,0,-173,0,-120,-152,-170,-4
20977,7.49,Z,41,0,76,0,17,65,138,3,P,48,0,500,0,33,139,111,10,0,7,0,424,0,16,74,-27,7
20978,4.53,Z,28,2,233,0,55,229,134,7,T,35,5,277,0,131,84,82,3,1,7,3,44,0,76,-145,-52,-4
20979,9.58,P,51,0,499,0,19,225,91,4,Z,48,3,239,0,11,107,156,3,1,-3,3,-260,0,-8,-118,65,-1
20980,8.5,Z,41,2,457,0,12,272,161,0,Z,66,2,353,0,153,312,245,18,1,25,0,-104,0,141,40,84,18
20981,7.12,P,27,0,239,0,109,76,48,3,P,32,0,303,0,116,168,68,6,1,5,0,64,0,7,92,20,3
20982,7.45,P,52,0,333,0,96,355,76,11,P,52,1,531,0,108,324,149,11,1,0,1,198,0,12,-31,73,0
20983,4.36,P,22,5,271,0,272,115,57,5,T,29,0,223,0,203,67,40,4,0,7,-5,-48,0,-69,-48,-17,-1
20984,4.1,T,29,0,183,0,523,42,58,8,P,33,0,248,0,304,121,54,9,1,4,0,65,0,-219,79,-4,1
20985,9.03,Z,60,3,367,5,223,203,243,7,Z,69,0,298,0,142,234,231,14,0,9,-3,-69,-5,-81,31,-12,7
20986,9.59,T,55,0,457,0,8,59,100,4,T,62,0,647,0,5,96,95,3,0,7,0,190,0,-3,37,-5,-1
20987,10.23,T,81,0,447,0,51,195,160,2,P,73,10,366,0,180,377,74,10,0,-8,10,-81,0,129,182,-86,8
20988,5.35,P,34,0,227,0,230,128,101,6,T,46,0,327,0,24,139,108,7,0,12,0,100,0,-206,11,7,1
20989,10.29,Z,65,0,466,0,22,223,302,4,T,82,4,714,0,19,215,132,0,0,17,4,248,0,-3,-8,-170,-4
20990,9.51,T,104,3,543,0,311,323,115,8,Z,56,0,333,0,43,323,256,11,0,-48,-3,-210,0,-268,0,141,3
20991,6.49,Z,27,1,245,0,23,92,86,2,Z,38,0,140,0,22,155,92,1,1,11,-1,-105,0,-1,63,6,-1
20992,9.59,T,81,0,284,0,79,148,104,4,T,89,2,696,0,168,300,184,1,1,8,2,412,0,89,152,80,-3
20993,10.15,T,50,4,441,0,4,149,84,0,T,75,4,673,0,60,273,138,3,1,25,0,232,0,56,124,54,3
20994,7.45,Z,40,1,417,0,87,291,224,9,T,96,3,345,0,218,290,139,13,1,56,2,-72,0,131,-1,-85,4
20995,7.44,T,46,0,728,0,2,305,58,2,T,42,1,693,0,128,100,84,3,1,-4,1,-35,0,126,-205,26,1
20996,6.28,T,47,0,728,0,11,137,93,5,T,59,0,492,0,132,196,207,10,1,12,0,-236,0,121,59,114,5
20997,9.57,P,86,0,923,0,34,163,90,3,Z,56,0,593,0,56,209,194,5,0,-30,0,-330,0,22,46,104,2
20998,6.29,P,34,0,381,0,58,192,66,10,T,44,2,632,0,133,199,118,1,1,10,2,251,0,75,7,52,-9
20999,2.31,Z,9,1,54,3,71,43,44,0,P,6,0,48,0,159,15,146,1,0,-3,-1,-6,-3,88,-28,102,1
21000,4.28,T,18,0,280,0,2,33,38,2,T,13,0,320,0,6,14,34,3,0,-5,0,40,0,4,-19,-4,1
21001,9.16,P,23,0,278,0,3,271,51,3,P,75,0,559,0,23,321,86,4,1,52,0,281,0,20,50,35,1
21002,9.59,Z,59,1,693,0,40,176,215,2,P,59,9,343,0,584,198,81,3,1,0,8,-350,0,544,22,-134,1
21003,9.59,Z,114,0,1172,0,319,467,392,3,T,166,0,592,0,206,433,149,16,0,52,0,-580,0,-113,-34,-243,13
21004,8.5,T,130,2,473,1,413,244,135,15,Z,58,9,357,1,709,276,289,6,0,-72,7,-116,0,296,32,154,-9
21005,4.05,P,30,0,167,0,288,87,34,10,P,18,0,123,0,63,173,64,7,0,-12,0,-44,0,-225,86,30,-3
21006,3.38,Z,12,0,63,0,56,66,54,8,Z,11,8,202,0,266,41,147,1,1,-1,8,139,0,210,-25,93,-7
21007,9.57,Z,70,0,464,0,42,135,177,7,T,78,2,356,0,11,139,100,0,0,8,2,-108,0,-31,4,-77,-7
21008,10.07,Z,53,6,342,0,65,134,160,4,T,76,5,868,0,38,158,132,0,0,23,-1,526,0,-27,24,-28,-4
21009,6.4,P,23,0,304,0,0,71,53,0,T,35,0,292,0,513,41,34,8,1,12,0,-12,0,513,-30,-19,8
21010,5.36,P,26,0,207,0,6,39,43,3,P,22,0,123,0,21,121,38,7,1,-4,0,-84,0,15,82,-5,4
21011,6.24,P,40,6,538,0,131,235,53,1,T,31,0,233,0,23,146,71,2,0,-9,-6,-305,0,-108,-89,18,1
21012,3.18,P,20,0,240,0,262,92,127,4,P,19,0,85,0,267,197,117,6,1,-1,0,-155,0,5,105,-10,2
21013,4.01,Z,12,2,371,0,23,18,46,0,P,12,0,243,0,0,28,44,0,1,0,-2,-128,0,-23,10,-2,0
21014,3.06,T,20,0,133,0,7,70,18,1,Z,14,4,56,0,9,10,28,0,0,-6,4,-77,0,2,-60,10,-1
21015,5.14,T,48,3,288,0,192,162,45,7,Z,17,2,189,0,111,127,90,5,0,-31,-1,-99,0,-81,-35,45,-2
21016,5.5,Z,19,3,221,0,16,60,88,0,T,30,0,513,0,0,22,58,2,1,11,-3,292,0,-16,-38,-30,2
21017,9.06,T,66,3,559,0,365,296,135,2,T,78,0,664,0,813,239,110,15,1,12,-3,105,0,448,-57,-25,13
21018,9.59,Z,51,4,418,0,232,153,306,1,T,53,0,449,0,0,81,148,0,0,2,-4,31,0,-232,-72,-158,-1
21019,9.58,Z,52,0,298,0,31,139,220,1,Z,47,7,569,0,97,116,200,0,0,-5,7,271,0,66,-23,-20,-1
21020,9.59,T,119,0,563,0,93,219,95,5,P,56,10,854,4,101,241,63,0,0,-63,10,291,4,8,22,-32,-5
21021,9.58,T,53,0,1080,0,2,166,93,2,Z,49,0,547,0,0,20,118,0,0,-4,0,-533,0,-2,-146,25,-2
21022,7.16,P,24,0,154,0,3,121,27,1,P,54,0,279,0,22,139,87,5,1,30,0,125,0,19,18,60,4
21023,9.59,P,46,0,380,0,0,139,338,0,P,43,0,416,0,3,197,99,3,0,-3,0,36,0,3,58,-239,3
21024,9.43,Z,34,0,377,0,0,40,100,0,P,62,9,256,3,109,168,147,2,1,28,9,-121,3,109,128,47,2
21025,8.52,Z,57,0,537,0,25,302,407,6,T,82,5,426,0,29,177,196,1,0,25,5,-111,0,4,-125,-211,-5
21026,6.49,T,45,0,668,0,12,307,234,3,T,35,5,303,0,19,153,62,3,0,-10,5,-365,0,7,-154,-172,0
21027,9.59,P,77,10,754,0,99,139,161,6,T,86,13,580,0,238,340,156,2,1,9,3,-174,0,139,201,-5,-4
21028,7.1,P,38,0,180,0,88,137,166,2,Z,33,3,264,0,47,155,231,5,0,-5,3,84,0,-41,18,65,3
21029,9.59,Z,63,0,510,0,282,117,339,8,P,71,8,421,0,449,252,172,15,0,8,8,-89,0,167,135,-167,7
21030,2.32,P,8,1,49,0,2,45,88,0,T,13,1,127,0,38,23,15,0,0,5,0,78,0,36,-22,-73,0
21031,3.48,T,25,3,134,0,133,81,62,0,T,19,0,179,0,182,79,48,9,1,-6,-3,45,0,49,-2,-14,9
21032,9.59,T,92,1,435,0,402,279,142,9,Z,55,7,530,0,139,243,292,14,1,-37,6,95,0,-263,-36,150,5
21033,5.36,P,25,2,278,0,206,186,51,5,T,49,0,360,0,268,82,63,13,1,24,-2,82,0,62,-104,12,8
21034,8.43,Z,54,3,542,0,133,227,128,8,T,70,0,339,0,50,227,89,7,0,16,-3,-203,0,-83,0,-39,-1
21035,9.59,Z,60,2,567,0,134,321,263,4,T,96,3,525,0,417,305,196,6,1,36,1,-42,0,283,-16,-67,2
21036,9.59,T,70,0,735,0,101,182,162,12,P,60,0,624,0,3,173,95,2,1,-10,0,-111,0,-98,-9,-67,-10
21037,9.55,P,69,8,584,0,251,402,191,0,T,82,3,1064,0,84,267,141,3,0,13,-5,480,0,-167,-135,-50,3
21038,8.42,P,54,0,430,8,157,160,84,1,Z,33,8,476,0,38,137,254,1,0,-21,8,46,-8,-119,-23,170,0
21039,1.06,T,1,0,148,0,0,9,2,0,P,5,2,8,0,46,1,24,0,1,4,2,-140,0,46,-8,22,0
21040,9.59,T,73,5,363,0,100,185,119,1,T,83,1,244,0,2,204,204,5,0,10,-4,-119,0,-98,19,85,4
21041,5.4,T,56,3,211,0,382,146,201,12,Z,39,1,306,0,157,142,222,9,0,-17,-2,95,0,-225,-4,21,-3
21042,3.2,T,22,0,100,0,124,26,32,12,T,23,0,150,0,165,82,46,5,0,1,0,50,0,41,56,14,-7
21043,3.4,Z,21,2,143,0,35,102,73,2,T,18,0,113,0,0,43,20,0,0,-3,-2,-30,0,-35,-59,-53,-2
21044,7.59,P,64,0,372,0,469,395,105,12,P,46,0,350,0,25,234,107,4,0,-18,0,-22,0,-444,-161,2,-8
21045,9.58,Z,53,5,582,0,49,92,151,4,P,51,5,722,0,25,81,50,0,1,-2,0,140,0,-24,-11,-101,-4
21046,10.39,P,38,0,388,0,15,95,78,5,T,67,5,1010,0,57,67,57,0,1,29,5,622,0,42,-28,-21,-5
21047,4.31,T,30,0,214,0,38,53,52,3,T,18,0,136,0,4,64,24,1,0,-12,0,-78,0,-34,11,-28,-2
21048,9.59,Z,79,4,477,0,188,353,311,14,T,92,0,684,36,340,170,194,2,0,13,-4,207,36,152,-183,-117,-12
21049,4.31,P,28,4,182,0,44,126,85,4,Z,21,1,133,0,131,68,200,2,0,-7,-3,-49,0,87,-58,115,-2
21050,5.57,Z,30,3,591,0,6,41,113,0,T,43,0,347,0,62,40,56,4,1,13,-3,-244,0,56,-1,-57,4
21051,5.29,T,14,0,855,0,0,17,43,0,P,25,0,321,0,2,33,41,1,1,11,0,-534,0,2,16,-2,1
21052,4.3,P,33,1,217,0,63,78,101,2,T,22,3,376,0,13,92,39,1,0,-11,2,159,0,-50,14,-62,-1
21053,6.5,T,45,0,172,0,304,101,65,5,Z,36,1,135,0,0,54,122,0,0,-9,1,-37,0,-304,-47,57,-5
21054,9.59,T,82,4,518,0,60,309,244,2,Z,48,0,799,0,23,106,176,3,0,-34,-4,281,0,-37,-203,-68,1
21055,7.14,P,42,2,733,0,24,32,43,4,P,39,4,500,0,31,118,27,0,1,-3,2,-233,0,7,86,-16,-4
21056,9.59,T,110,7,530,0,80,339,193,4,P,109,7,390,0,327,291,222,14,1,-1,0,-140,0,247,-48,29,10
21057,5.48,T,25,0,362,0,190,74,60,5,Z,23,1,291,0,144,92,177,7,0,-2,1,-71,0,-46,18,117,2
21058,9.57,P,46,0,364,0,5,155,93,1,T,80,0,390,0,42,172,226,13,1,34,0,26,0,37,17,133,12
21059,2.3,Z,11,6,132,0,169,70,90,1,Z,5,1,74,0,11,23,34,1,1,-6,-5,-58,0,-158,-47,-56,0
21060,9.58,Z,44,1,314,0,0,45,144,0,T,47,0,676,4,5,169,95,0,1,3,-1,362,4,5,124,-49,0
21061,10.11,T,47,0,456,0,4,192,127,5,Z,67,1,587,0,46,246,306,3,1,20,1,131,0,42,54,179,-2
21062,8.34,T,84,1,329,0,496,217,121,4,T,69,2,476,0,212,224,274,5,0,-15,1,147,0,-284,7,153,1
21063,9.49,Z,56,5,711,0,299,142,238,4,P,100,0,857,0,125,443,141,8,1,44,-5,146,0,-174,301,-97,4
21064,3.4,P,14,0,95,0,32,61,39,2,P,15,1,128,0,13,46,25,0,1,1,1,33,0,-19,-15,-14,-2
21065,5.46,Z,32,0,328,0,413,53,130,4,T,31,0,297,0,96,76,93,8,1,-1,0,-31,0,-317,23,-37,4
21066,9.02,Z,76,3,513,1,560,258,283,9,Z,70,9,320,0,488,278,276,7,0,-6,6,-193,-1,-72,20,-7,-2
21067,6.53,T,42,2,232,0,59,117,52,3,P,48,0,331,0,211,198,210,10,1,6,-2,99,0,152,81,158,7
21068,10.42,Z,72,4,411,0,626,154,359,11,T,90,3,732,0,106,190,126,4,0,18,-1,321,0,-520,36,-233,-7
21069,5.22,T,38,7,359,0,433,195,121,1,Z,36,4,166,0,303,210,151,2,1,-2,-3,-193,0,-130,15,30,1
21070,9.59,T,102,5,527,0,477,233,127,5,Z,77,1,418,0,314,170,228,14,1,-25,-4,-109,0,-163,-63,101,9
21071,9.59,Z,45,2,378,0,16,94,163,0,T,52,0,819,0,30,118,100,6,1,7,-2,441,0,14,24,-63,6
21072,9.05,T,22,0,362,0,6,23,30,2,P,44,0,543,0,12,173,46,2,1,22,0,181,0,6,150,16,0
21073,9.59,P,63,0,442,0,461,255,145,12,T,129,1,729,0,210,286,215,9,1,66,1,287,0,-251,31,70,-3
21074,7.09,P,34,3,240,0,27,66,49,3,P,38,1,239,0,0,119,79,0,0,4,-2,-1,0,-27,53,30,-3
21075,6.24,P,36,1,234,0,129,158,139,2,T,50,7,415,0,168,198,52,0,1,14,6,181,0,39,40,-87,-2
21076,9.01,Z,56,9,493,0,171,145,434,4,P,53,0,676,0,82,168,111,2,0,-3,-9,183,0,-89,23,-323,-2
21077,9.59,P,31,0,885,0,0,59,51,0,Z,54,2,291,0,42,372,166,8,0,23,2,-594,0,42,313,115,8
21078,8.03,T,59,4,336,0,126,144,125,5,Z,56,8,327,0,83,169,160,1,1,-3,4,-9,0,-43,25,35,-4
21079,9.5,P,58,0,213,0,0,139,121,0,T,103,0,353,0,85,202,95,8,1,45,0,140,0,85,63,-26,8
21080,9.59,Z,27,0,115,0,4,55,112,3,T,53,0,262,0,0,26,94,0,1,26,0,147,0,-4,-29,-18,-3
21081,10.2,T,91,12,798,0,229,282,224,1,Z,68,2,416,0,122,98,211,7,0,-23,-10,-382,0,-107,-184,-13,6
21082,9.25,P,67,7,435,0,519,201,115,11,T,66,4,851,0,28,151,133,1,0,-1,-3,416,0,-491,-50,18,-10
21083,9.59,Z,97,2,593,0,274,242,534,1,T,139,13,460,0,524,396,154,5,1,42,11,-133,0,250,154,-380,4
21084,2.13,Z,7,0,33,0,6,18,19,1,Z,8,0,36,0,51,51,131,4,1,1,0,3,0,45,33,112,3
21085,9.58,T,53,0,332,0,3,178,93,4,Z,40,0,200,0,3,117,166,6,0,-13,0,-132,0,0,-61,73,2
21086,3.09,T,12,2,170,0,5,17,16,0,T,17,0,70,0,0,58,31,2,1,5,-2,-100,0,-5,41,15,2
21087,2.17,P,10,2,186,0,6,44,2,0,P,4,0,47,0,2,46,6,1,1,-6,-2,-139,0,-4,2,4,1
21088,2.1,Z,10,0,45,0,0,34,27,1,Z,7,0,34,0,0,12,17,1,1,-3,0,-11,0,0,-22,-10,0
21089,5.53,P,39,3,312,0,406,108,81,4,P,30,0,175,0,16,58,37,5,0,-9,-3,-137,0,-390,-50,-44,1
21090,1.43,T,5,0,60,0,6,48,14,2,P,11,0,89,0,11,45,49,4,0,6,0,29,0,5,-3,35,2
21091,8.1,P,31,0,988,0,12,183,70,0,P,40,0,612,0,41,111,47,4,1,9,0,-376,0,29,-72,-23,4
21092,7.17,Z,45,0,378,0,80,67,210,5,Z,24,0,445,0,39,39,110,1,1,-21,0,67,0,-41,-28,-100,-4
21093,3.08,P,18,1,120,0,47,94,39,0,Z,18,0,137,0,0,38,52,1,1,0,-1,17,0,-47,-56,13,1
21094,5.09,T,34,0,315,0,10,90,76,2,T,28,0,340,0,41,169,54,4,1,-6,0,25,0,31,79,-22,2
21095,4.18,T,18,5,353,0,2,85,109,1,T,18,1,272,0,12,76,29,1,1,0,-4,-81,0,10,-9,-80,0
21096,9.2,P,109,0,308,0,755,249,193,20,Z,84,1,448,0,141,189,299,9,0,-25,1,140,0,-614,-60,106,-11
21097,7.47,P,37,0,545,0,1,287,44,0,P,25,0,588,0,1,188,99,1,0,-12,0,43,0,0,-99,55,1
21098,2.3,P,6,0,84,0,0,66,27,0,T,12,0,79,0,94,74,17,1,1,6,0,-5,0,94,8,-10,1
21099,7.19,T,57,1,371,0,108,261,87,9,Z,53,3,207,0,541,272,191,3,0,-4,2,-164,0,433,11,104,-6
21100,8.3,P,39,0,637,0,31,185,98,7,Z,55,0,572,0,58,125,173,17,1,16,0,-65,0,27,-60,75,10
21101,5.27,Z,29,0,146,0,18,61,83,5,T,34,1,94,0,22,95,233,1,1,5,1,-52,0,4,34,150,-4
21102,8.29,P,62,0,370,0,20,209,73,1,T,72,0,525,0,30,190,146,3,1,10,0,155,0,10,-19,73,2
21103,8.35,T,94,0,595,0,175,185,64,12,Z,60,0,698,0,62,289,211,7,0,-34,0,103,0,-113,104,147,-5
21104,7.09,P,29,0,358,0,7,199,49,2,Z,26,5,242,0,70,237,231,4,0,-3,5,-116,0,63,38,182,2
21105,10.24,Z,69,1,307,0,106,202,224,2,P,75,12,568,0,61,145,82,0,1,6,11,261,0,-45,-57,-142,-2
21106,8.32,P,55,5,716,0,44,159,48,9,T,21,0,484,0,3,72,81,2,0,-34,-5,-232,0,-41,-87,33,-7
21107,8.48,Z,53,2,367,0,22,62,154,0,P,45,0,623,0,44,154,69,5,1,-8,-2,256,0,22,92,-85,5
21108,7.5,Z,46,1,308,0,75,269,208,7,Z,54,3,425,0,57,120,118,4,1,8,2,117,0,-18,-149,-90,-3
21109,3.25,Z,8,0,80,0,0,3,26,0,T,9,0,154,0,0,51,16,0,1,1,0,74,0,0,48,-10,0
21110,2.01,T,10,0,168,0,4,11,9,1,T,7,0,334,0,0,4,10,0,0,-3,0,166,0,-4,-7,1,-1
21111,4.15,Z,18,1,115,0,30,52,60,3,Z,24,6,198,0,14,67,49,2,0,6,5,83,0,-16,15,-11,-1
21112,9.32,P,56,3,760,0,30,280,120,1,Z,56,0,535,0,36,124,167,10,0,0,-3,-225,0,6,-156,47,9
21113,10.06,Z,44,2,277,0,53,212,189,0,P,62,10,463,10,183,353,215,1,1,18,8,186,10,130,141,26,1
21114,3.35,Z,10,0,286,0,12,54,35,0,Z,15,2,235,0,4,37,99,0,0,5,2,-51,0,-8,-17,64,0
21115,5.54,T,37,4,345,0,32,44,37,3,Z,31,0,627,0,12,69,92,1,1,-6,-4,282,0,-20,25,55,-2
21116,9.58,T,97,0,591,0,766,277,141,15,Z,59,0,417,0,38,107,212,3,0,-38,0,-174,0,-728,-170,71,-12
21117,4.31,T,23,0,103,0,13,58,49,6,T,36,0,216,0,418,83,41,4,1,13,0,113,0,405,25,-8,-2
21118,7.05,P,39,1,462,0,25,115,50,0,P,44,0,227,0,3,235,68,3,0,5,-1,-235,0,-22,120,18,3
21119,2.41,T,14,0,143,0,182,78,37,9,P,14,0,198,0,359,58,137,4,0,0,0,55,0,177,-20,100,-5
21120,5.55,P,38,2,190,0,27,125,63,0,P,31,0,254,0,42,182,40,9,0,-7,-2,64,0,15,57,-23,9
21121,9.59,Z,103,9,589,0,1011,350,297,12,T,97,0,398,0,526,214,220,11,0,-6,-9,-191,0,-485,-136,-77,-1
21122,3.47,Z,19,0,99,0,18,26,68,2,T,19,0,127,0,15,80,32,4,1,0,0,28,0,-3,54,-36,2
21123,6.19,Z,29,0,218,0,37,132,115,3,Z,36,3,396,0,32,78,150,0,1,7,3,178,0,-5,-54,35,-3
21124,9.59,T,81,0,765,0,384,297,251,20,T,72,2,836,0,84,180,81,3,1,-9,2,71,0,-300,-117,-170,-17
21125,9.59,Z,96,10,504,0,242,413,295,11,Z,75,0,388,0,89,136,220,3,0,-21,-10,-116,0,-153,-277,-75,-8
21126,8.33,T,31,0,393,0,5,85,47,2,Z,41,0,607,0,511,237,304,10,1,10,0,214,0,506,152,257,8
21127,9.59,P,55,0,592,0,47,265,92,8,Z,56,2,684,0,173,224,266,7,0,1,2,92,0,126,-41,174,-1
21128,9.35,Z,75,0,406,0,175,212,298,3,T,83,5,520,0,140,249,123,6,1,8,5,114,0,-35,37,-175,3
21129,10.16,T,90,3,459,0,7,171,123,4,Z,59,4,663,0,8,108,200,3,1,-31,1,204,0,1,-63,77,-1
21130,9.59,T,61,0,559,0,0,145,120,0,Z,43,0,415,0,34,160,129,9,0,-18,0,-144,0,34,15,9,9
21131,9.59,T,167,0,573,0,717,398,335,12,Z,104,8,751,0,119,247,284,4,0,-63,8,178,0,-598,-151,-51,-8
21132,6.11,T,44,4,348,2,454,133,56,5,P,34,0,214,22,512,118,89,0,0,-10,-4,-134,20,58,-15,33,-5
21133,10.29,Z,85,0,978,0,379,239,454,16,T,110,1,818,0,73,266,105,11,0,25,1,-160,0,-306,27,-349,-5
21134,9.58,T,90,0,730,0,101,291,120,14,P,65,0,678,0,45,134,80,11,0,-25,0,-52,0,-56,-157,-40,-3
21135,9.05,P,42,8,575,0,5,27,64,0,P,30,0,581,0,0,72,36,0,0,-12,-8,6,0,-5,45,-28,0
21136,8.59,Z,36,1,391,0,0,122,148,0,T,46,0,423,0,0,58,64,0,1,10,-1,32,0,0,-64,-84,0
21137,9.59,T,92,1,549,0,268,250,108,8,Z,61,0,916,0,120,343,190,7,1,-31,-1,367,0,-148,93,82,-1
21138,9.08,Z,64,9,424,0,39,122,176,0,T,66,8,556,0,62,293,72,0,1,2,-1,132,0,23,171,-104,0
21139,1.57,T,6,2,130,0,5,9,11,0,T,6,0,101,0,4,28,12,2,1,0,-2,-29,0,-1,19,1,2
21140,7.15,Z,64,4,394,0,173,98,221,2,Z,61,7,302,1,324,229,251,7,0,-3,3,-92,1,151,131,30,5
21141,7.29,P,79,0,319,0,367,230,199,13,P,72,6,217,0,381,196,174,18,1,-7,6,-102,0,14,-34,-25,5
21142,2.47,T,8,0,138,0,5,23,11,1,P,13,0,141,0,84,89,53,2,0,5,0,3,0,79,66,42,1
21143,5.25,Z,23,0,445,0,437,74,123,4,P,32,2,233,0,27,139,62,4,0,9,2,-212,0,-410,65,-61,0
21144,9.53,Z,40,2,528,0,2,132,200,1,T,76,4,719,0,28,112,120,2,1,36,2,191,0,26,-20,-80,1
21145,9.59,P,42,0,817,0,1,158,63,2,T,46,13,202,4,74,76,97,0,1,4,13,-615,4,73,-82,34,-2
21146,3.03,T,16,0,176,0,140,22,27,2,T,10,0,105,0,3,45,28,1,1,-6,0,-71,0,-137,23,1,-1
21147,9.27,Z,34,0,296,0,0,128,99,0,Z,30,0,266,0,43,36,114,2,1,-4,0,-30,0,43,-92,15,2
21148,9.59,Z,78,13,293,0,65,249,236,2,T,90,0,328,20,272,117,113,2,1,12,-13,35,20,207,-132,-123,0
21149,0.13,Z,1,0,0,0,0,0,1,0,P,3,2,37,0,6,19,13,0,1,2,2,37,0,6,19,12,0
21150,9.23,T,95,0,471,0,400,255,280,5,Z,76,0,378,0,33,145,209,6,0,-19,0,-93,0,-367,-110,-71,1
21151,5.37,Z,33,0,492,0,17,62,77,3,P,35,1,310,0,36,171,72,5,1,2,1,-182,0,19,109,-5,2
21152,10.56,T,119,3,615,0,151,281,170,7,T,106,0,317,0,351,317,142,9,1,-13,-3,-298,0,200,36,-28,2
21153,9.59,Z,57,5,639,0,54,192,194,7,T,89,5,579,66,225,341,354,6,1,32,0,-60,66,171,149,160,-1
21154,4.51,T,35,1,376,0,293,103,106,6,P,31,3,383,0,8,95,53,0,0,-4,2,7,0,-285,-8,-53,-6
21155,2.52,Z,9,0,99,0,4,7,29,2,P,10,0,137,0,198,33,34,3,0,1,0,38,0,194,26,5,1
21156,9.58,Z,42,0,490,0,69,134,165,13,T,66,0,677,0,1,85,99,3,0,24,0,187,0,-68,-49,-66,-10
21157,8.5,Z,62,5,339,0,149,296,336,1,T,52,9,959,0,35,140,62,0,0,-10,4,620,0,-114,-156,-274,-1
21158,9.58,Z,64,5,472,0,43,35,113,1,T,56,0,740,0,8,128,75,6,0,-8,-5,268,0,-35,93,-38,5
21159,9.17,Z,49,3,567,0,44,184,187,10,P,49,4,521,0,54,177,69,2,1,0,1,-46,0,10,-7,-118,-8
21160,7.28,P,69,2,299,0,233,333,204,9,P,43,0,269,4,81,204,112,1,1,-26,-2,-30,4,-152,-129,-92,-8
21161,10.06,P,74,0,602,0,99,191,224,4,T,91,0,533,0,405,245,208,8,1,17,0,-69,0,306,54,-16,4
21162,9.58,T,53,0,513,0,0,253,98,2,P,41,0,280,0,7,109,74,2,1,-12,0,-233,0,7,-144,-24,0
21163,9.58,Z,57,5,300,0,6,84,200,0,P,40,3,406,0,15,174,53,3,0,-17,-2,106,0,9,90,-147,3
21164,10.56,P,50,0,1012,0,0,180,91,0,T,83,3,774,0,38,156,93,11,1,33,3,-238,0,38,-24,2,11
21165,9.58,T,42,3,691,0,27,135,108,3,Z,60,2,354,0,37,107,146,0,1,18,-1,-337,0,10,-28,38,-3
21166,8.36,Z,52,0,502,10,81,194,225,0,P,65,3,459,0,113,216,83,6,0,13,3,-43,-10,32,22,-142,6
21167,5.12,P,22,1,444,0,27,104,62,2,Z,27,0,149,25,258,121,184,0,0,5,-1,-295,25,231,17,122,-2
21168,10.31,T,99,11,576,0,261,241,187,23,T,82,0,1188,0,715,177,128,13,0,-17,-11,612,0,454,-64,-59,-10
21169,8.01,Z,38,0,250,0,7,170,138,1,T,55,0,488,0,85,163,123,4,0,17,0,238,0,78,-7,-15,3
21170,10.08,P,80,0,733,0,56,206,60,10,Z,91,0,332,0,137,151,318,5,1,11,0,-401,0,81,-55,258,-5
21171,2.33,T,4,0,146,0,0,27,10,0,Z,9,2,87,0,165,26,21,3,1,5,2,-59,0,165,-1,11,3
21172,3.15,P,16,2,138,0,4,42,47,0,P,17,0,101,0,0,27,21,2,1,1,-2,-37,0,-4,-15,-26,2
21173,9.31,P,26,0,327,0,8,9,34,4,Z,38,0,520,0,31,28,135,3,1,12,0,193,0,23,19,101,-1
21174,9.59,T,92,3,437,0,323,123,137,13,Z,68,7,1154,0,95,150,223,1,0,-24,4,717,0,-228,27,86,-12
21175,9.59,T,82,0,905,0,25,311,225,8,Z,63,0,458,0,611,120,262,5,1,-19,0,-447,0,586,-191,37,-3
21176,7.09,Z,49,6,207,5,54,166,190,7,Z,36,0,405,0,54,102,140,5,1,-13,-6,198,-5,0,-64,-50,-2
21177,5.15,Z,24,1,276,0,72,219,73,6,T,43,0,351,0,0,103,64,0,1,19,-1,75,0,-72,-116,-9,-6
21178,7.58,T,64,0,372,0,356,163,79,8,T,52,0,908,0,22,173,126,2,0,-12,0,536,0,-334,10,47,-6
21179,9.57,P,61,0,466,0,46,154,94,2,Z,80,4,771,0,95,441,320,4,1,19,4,305,0,49,287,226,2
21180,10.18,P,93,0,703,165,917,473,847,3,P,92,6,545,0,213,614,162,16,0,-1,6,-158,-165,-704,141,-685,13
21181,9.59,P,62,0,789,0,571,406,176,10,P,97,6,515,0,274,388,103,13,1,35,6,-274,0,-297,-18,-73,3
21182,7.25,T,54,2,257,0,96,197,193,3,T,35,1,485,0,1,95,51,0,1,-19,-1,228,0,-95,-102,-142,-3
21183,5.04,T,33,3,355,0,5,66,45,0,T,29,0,229,0,105,86,88,11,1,-4,-3,-126,0,100,20,43,11
21184,9.59,T,78,8,719,0,605,87,129,4,P,77,0,486,23,171,248,167,1,0,-1,-8,-233,23,-434,161,38,-3
21185,3.14,Z,11,0,209,2,19,26,34,0,Z,8,0,76,0,36,51,33,2,0,-3,0,-133,-2,17,25,-1,2
21186,2.43,P,10,3,219,0,5,57,33,1,P,13,6,104,0,295,84,59,9,1,3,3,-115,0,290,27,26,8
21187,4.19,Z,37,0,143,0,343,144,132,12,P,42,2,204,0,153,132,142,5,1,5,2,61,0,-190,-12,10,-7
21188,7.03,Z,40,3,225,0,33,83,98,3,Z,35,1,227,0,130,129,223,3,1,-5,-2,2,0,97,46,125,0
21189,2.59,P,10,0,140,0,6,40,16,1,Z,11,4,143,0,367,19,31,0,1,1,4,3,0,361,-21,15,-1
21190,4.53,T,25,0,275,0,179,67,102,3,T,31,3,206,0,447,69,68,9,1,6,3,-69,0,268,2,-34,6
21191,9.55,Z,41,0,626,0,0,60,199,0,T,54,0,414,0,4,70,102,3,0,13,0,-212,0,4,10,-97,3
21192,7.22,P,65,1,447,0,42,177,135,6,Z,47,0,466,0,95,326,255,11,0,-18,-1,19,0,53,149,120,5
21193,8.36,T,88,2,358,0,226,278,134,0,T,55,0,726,0,78,127,105,3,0,-33,-2,368,0,-148,-151,-29,3
21194,9.59,T,97,6,438,0,500,132,129,7,Z,76,0,346,0,28,241,231,3,1,-21,-6,-92,0,-472,109,102,-4
21195,9.59,Z,59,9,474,0,85,151,155,5,P,70,0,851,0,38,230,64,13,1,11,-9,377,0,-47,79,-91,8
21196,9.59,P,42,0,621,0,1,229,109,2,Z,54,0,145,0,8,142,231,5,1,12,0,-476,0,7,-87,122,3
21197,9,P,54,3,1073,0,27,127,74,0,Z,59,0,509,0,535,170,182,6,0,5,-3,-564,0,508,43,108,6
21198,9.59,Z,63,0,759,0,106,211,310,8,T,98,0,496,0,237,356,274,7,0,35,0,-263,0,131,145,-36,-1
21199,10.23,Z,74,3,968,1,72,148,216,0,P,74,0,638,0,23,178,126,7,0,0,-3,-330,-1,-49,30,-90,7
21200,10.09,Z,73,4,587,0,184,182,282,2,T,128,4,661,0,258,227,108,17,1,55,0,74,0,74,45,-174,15
21201,9.14,T,65,3,651,0,57,225,129,6,Z,66,2,344,0,24,124,202,0,0,1,-1,-307,0,-33,-101,73,-6
21202,6.17,Z,48,14,510,1,117,141,184,7,P,48,0,560,0,597,101,133,7,1,0,-14,50,-1,480,-40,-51,0
21203,9.59,Z,45,2,542,0,53,162,276,1,T,90,0,462,0,120,230,335,7,1,45,-2,-80,0,67,68,59,6
21204,5.2,Z,31,0,234,0,860,94,196,6,T,17,0,115,0,0,29,69,0,0,-14,0,-119,0,-860,-65,-127,-6
21205,8.02,P,74,1,406,0,333,402,60,11,Z,69,10,348,0,104,448,168,1,1,-5,9,-58,0,-229,46,108,-10
21206,9.59,Z,88,0,285,0,71,136,255,15,T,91,0,573,0,401,249,204,9,1,3,0,288,0,330,113,-51,-6
21207,8.07,T,59,7,327,0,376,225,110,5,T,56,0,520,0,193,254,98,14,0,-3,-7,193,0,-183,29,-12,9
21208,7.5,Z,43,7,469,0,30,237,110,2,P,34,0,232,0,418,232,49,4,1,-9,-7,-237,0,388,-5,-61,2
21209,8.25,P,86,8,363,0,179,208,69,6,T,89,1,643,0,781,210,153,7,1,3,-7,280,0,602,2,84,1
21210,9.55,T,38,0,675,0,0,55,57,1,P,42,9,407,1,21,77,65,1,1,4,9,-268,1,21,22,8,0
21211,10.05,T,87,2,340,0,531,138,98,9,P,69,0,482,0,123,311,259,10,1,-18,-2,142,0,-408,173,161,1
21212,4.55,T,33,3,192,0,13,106,38,1,T,48,0,189,0,337,95,109,4,1,15,-3,-3,0,324,-11,71,3
21213,8.55,P,38,0,424,0,9,163,57,2,T,41,0,918,1,8,87,80,2,0,3,0,494,1,-1,-76,23,0
21214,5.26,P,23,0,377,0,16,84,36,4,P,25,2,218,0,3,48,39,0,1,2,2,-159,0,-13,-36,3,-4
21215,6.1,Z,29,0,192,0,141,100,217,0,Z,26,0,195,0,7,63,80,6,0,-3,0,3,0,-134,-37,-137,6
21216,9.59,T,93,2,816,0,123,275,207,5,T,76,3,375,0,62,292,110,4,0,-17,1,-441,0,-61,17,-97,-1
21217,3.45,P,16,0,165,0,373,55,31,15,Z,19,0,133,0,57,32,59,5,0,3,0,-32,0,-316,-23,28,-10
21218,9.59,T,75,5,626,0,114,216,144,8,T,64,0,454,0,18,207,125,3,0,-11,-5,-172,0,-96,-9,-19,-5
21219,8.2,T,85,0,282,0,165,251,80,7,Z,59,2,618,0,77,256,240,5,1,-26,2,336,0,-88,5,160,-2
21220,9.03,T,111,1,562,0,322,273,82,21,Z,61,10,327,0,453,268,432,5,0,-50,9,-235,0,131,-5,350,-16
21221,5.46,P,23,2,223,0,6,85,41,0,T,37,5,272,3,236,66,59,1,0,14,3,49,3,230,-19,18,1
21222,8.3,T,77,5,506,0,38,360,113,5,Z,50,0,560,0,0,115,167,0,0,-27,-5,54,0,-38,-245,54,-5
21223,3.52,P,14,0,66,0,0,45,11,0,P,18,0,174,0,0,34,19,0,0,4,0,108,0,0,-11,8,0
21224,7.56,P,47,0,322,0,182,233,136,22,T,63,5,272,0,685,158,172,7,1,16,5,-50,0,503,-75,36,-15
21225,8.22,P,69,0,557,0,273,271,218,7,T,74,4,395,0,373,337,168,8,1,5,4,-162,0,100,66,-50,1
21226,6.58,T,34,0,362,0,0,46,57,0,P,21,0,418,0,1,341,56,3,0,-13,0,56,0,1,295,-1,3
21227,9.59,P,59,0,425,0,190,173,204,4,T,70,3,658,0,87,125,202,2,0,11,3,233,0,-103,-48,-2,-2
21228,10.21,T,62,0,244,0,936,188,85,12,P,65,0,869,0,35,219,119,2,1,3,0,625,0,-901,31,34,-10
21229,5.27,P,47,2,339,0,191,135,71,3,T,31,2,269,0,198,104,50,4,0,-16,0,-70,0,7,-31,-21,1
21230,7.33,Z,49,6,212,0,349,166,227,8,T,80,6,311,0,399,165,112,4,0,31,0,99,0,50,-1,-115,-4
21231,3.27,P,16,1,163,0,118,98,47,2,Z,16,3,184,0,11,104,135,0,1,0,2,21,0,-107,6,88,-2
21232,5.26,T,18,0,265,0,1,65,26,4,P,20,0,354,0,26,32,17,3,0,2,0,89,0,25,-33,-9,-1
21233,5.53,P,34,2,282,0,54,106,57,0,Z,34,2,204,0,106,87,109,4,1,0,0,-78,0,52,-19,52,4
21234,9.57,Z,68,6,244,0,47,72,164,0,T,78,0,536,0,48,166,96,9,0,10,-6,292,0,1,94,-68,9
21235,3.41,Z,24,1,216,0,297,128,129,6,Z,19,4,311,1,276,94,108,10,0,-5,3,95,1,-21,-34,-21,4
21236,5.2,Z,31,2,176,0,10,130,153,1,P,25,0,313,0,0,153,75,0,1,-6,-2,137,0,-10,23,-78,-1
21237,9.56,P,27,0,534,0,0,49,54,0,P,46,1,443,0,4,125,114,0,1,19,1,-91,0,4,76,60,0
21238,6.32,T,29,5,163,0,17,73,61,1,T,28,0,375,0,0,38,57,0,1,-1,-5,212,0,-17,-35,-4,-1
21239,4.2,T,22,0,254,0,0,62,25,0,T,29,0,245,0,9,26,21,3,1,7,0,-9,0,9,-36,-4,3
21240,9.59,T,88,4,494,0,981,234,117,1,P,55,0,431,0,17,187,96,4,1,-33,-4,-63,0,-964,-47,-21,3
21241,2.25,T,10,0,27,0,86,49,51,2,Z,13,3,99,0,17,63,29,3,1,3,3,72,0,-69,14,-22,1
21242,3.55,P,21,0,265,0,23,80,48,2,T,23,5,167,0,70,96,73,0,0,2,5,-98,0,47,16,25,-2
21243,8.44,T,50,0,357,0,10,76,62,5,T,30,8,545,0,8,98,74,0,0,-20,8,188,0,-2,22,12,-5
21244,10.53,T,105,0,554,0,145,295,149,20,T,100,8,795,0,606,340,271,10,1,-5,8,241,0,461,45,122,-10
21245,2.58,T,12,1,200,0,2,30,36,0,Z,12,0,41,3,14,27,33,0,1,0,-1,-159,3,12,-3,-3,0
21246,7.53,Z,54,3,386,0,464,159,232,6,T,27,1,613,0,7,86,86,0,0,-27,-2,227,0,-457,-73,-146,-6
21247,3.08,T,14,2,106,0,212,28,99,7,Z,15,1,126,0,124,48,125,1,1,1,-1,20,0,-88,20,26,-6
21248,3.37,Z,18,0,203,0,410,90,177,7,T,28,0,72,0,118,72,82,9,0,10,0,-131,0,-292,-18,-95,2
21249,9.59,T,50,0,394,0,3,193,111,4,T,45,0,280,0,2,88,78,1,0,-5,0,-114,0,-1,-105,-33,-3
21250,8.41,P,62,0,566,0,279,255,256,12,T,86,3,563,0,76,244,121,3,1,24,3,-3,0,-203,-11,-135,-9
21251,7.54,T,46,0,752,0,12,107,135,2,T,52,3,481,0,148,126,66,1,1,6,3,-271,0,136,19,-69,-1
21252,9.59,P,53,1,626,0,198,185,60,8,Z,54,5,422,0,390,271,214,6,1,1,4,-204,0,192,86,154,-2
21253,8.09,T,66,3,250,0,119,177,94,3,Z,44,0,401,0,39,68,118,2,1,-22,-3,151,0,-80,-109,24,-1
21254,7.18,Z,37,0,286,0,406,128,144,8,Z,46,3,308,0,301,211,132,12,0,9,3,22,0,-105,83,-12,4
21255,5.25,Z,20,0,163,0,7,26,77,1,P,24,0,89,0,0,31,47,4,1,4,0,-74,0,-7,5,-30,3
21256,9.58,Z,36,0,129,0,0,28,172,0,P,59,1,303,0,12,410,217,4,1,23,1,174,0,12,382,45,4
21257,1.54,Z,5,0,110,0,22,30,33,0,P,7,4,106,7,35,41,23,0,0,2,4,-4,7,13,11,-10,0
21258,7,P,52,0,256,0,409,175,209,4,T,43,0,512,0,8,244,89,7,1,-9,0,256,0,-401,69,-120,3
21259,5.57,P,30,0,260,0,13,118,63,5,P,23,0,269,0,0,71,49,0,1,-7,0,9,0,-13,-47,-14,-5
21260,6.43,P,19,0,473,0,1,134,51,1,P,18,0,79,0,0,81,29,0,1,-1,0,-394,0,-1,-53,-22,-1
21261,4.23,T,25,0,213,0,225,80,91,8,T,18,0,264,0,16,105,45,9,0,-7,0,51,0,-209,25,-46,1
21262,9.59,T,80,8,615,0,145,243,239,4,T,79,0,768,0,24,162,143,4,0,-1,-8,153,0,-121,-81,-96,0
21263,9.32,T,46,0,533,0,0,50,100,0,P,27,0,257,0,13,138,80,9,1,-19,0,-276,0,13,88,-20,9
21264,5.22,P,17,0,261,0,6,196,139,7,P,29,0,147,0,11,141,63,3,1,12,0,-114,0,5,-55,-76,-4
21265,10.51,Z,89,0,585,0,667,348,328,11,P,82,0,689,0,221,287,140,19,1,-7,0,104,0,-446,-61,-188,8
21266,4.02,T,31,2,114,0,288,141,126,1,Z,26,0,192,0,112,69,173,5,0,-5,-2,78,0,-176,-72,47,4
21267,8.01,Z,45,0,660,0,26,80,134,8,P,41,0,734,0,21,57,46,2,0,-4,0,74,0,-5,-23,-88,-6
21268,6.07,T,19,0,318,0,0,17,42,0,T,30,0,218,0,1,80,86,1,1,11,0,-100,0,1,63,44,1
21269,5.18,P,19,0,581,0,0,64,39,0,T,31,6,238,0,7,55,49,0,0,12,6,-343,0,7,-9,10,0
21270,5.4,T,19,0,300,0,0,47,60,0,P,25,0,319,0,8,16,22,1,0,6,0,19,0,8,-31,-38,1
21271,3.54,Z,16,0,118,0,0,25,54,0,Z,13,0,53,7,29,41,49,0,1,-3,0,-65,7,29,16,-5,0
21272,9.59,P,52,0,398,0,74,332,110,6,T,39,0,398,0,17,166,56,4,0,-13,0,0,0,-57,-166,-54,-2
21273,8.2,P,88,0,520,0,60,216,90,12,T,77,5,486,0,128,154,152,5,0,-11,5,-34,0,68,-62,62,-7
21274,10.21,P,33,0,514,0,0,138,67,1,T,50,0,761,0,8,182,101,8,0,17,0,247,0,8,44,34,7
21275,2.53,P,15,0,182,0,235,83,41,7,T,31,0,62,0,169,114,104,7,0,16,0,-120,0,-66,31,63,0
21276,3.58,Z,18,0,118,0,45,110,51,6,T,17,3,303,0,43,59,43,0,0,-1,3,185,0,-2,-51,-8,-6
21277,5.19,T,30,2,297,0,82,118,62,0,P,29,0,267,0,181,137,120,3,1,-1,-2,-30,0,99,19,58,3
21278,7,T,37,0,663,0,8,113,48,5,P,28,2,431,0,21,90,42,3,1,-9,2,-232,0,13,-23,-6,-2
21279,9.59,Z,47,0,334,0,25,119,183,1,T,48,12,552,0,17,52,86,0,1,1,12,218,0,-8,-67,-97,-1
21280,8.46,T,51,0,423,0,8,77,85,4,Z,50,0,549,0,18,53,113,2,1,-1,0,126,0,10,-24,28,-2
21281,9.59,P,60,12,439,1,559,235,93,5,Z,68,2,516,0,33,83,173,0,1,8,-10,77,-1,-526,-152,80,-5
21282,7.27,T,55,0,284,0,576,236,145,18,P,92,3,465,0,281,263,105,38,1,37,3,181,0,-295,27,-40,20
21283,2.02,Z,6,3,42,0,222,9,65,0,Z,8,0,89,0,211,26,119,5,1,2,-3,47,0,-11,17,54,5
21284,0.49,P,4,0,48,0,25,16,15,2,Z,1,0,32,0,56,27,24,3,0,-3,0,-16,0,31,11,9,1
21285,4.11,T,19,0,223,0,0,11,31,2,Z,15,2,607,0,31,21,65,0,1,-4,2,384,0,31,10,34,-2
21286,7.32,T,40,0,475,0,5,74,89,1,T,40,0,228,0,0,73,67,0,1,0,0,-247,0,-5,-1,-22,-1
21287,6.55,P,32,3,332,0,37,247,121,6,T,57,0,806,0,108,225,81,14,1,25,-3,474,0,71,-22,-40,8
21288,9.59,P,62,0,525,0,51,223,112,5,T,73,0,659,0,99,313,167,9,1,11,0,134,0,48,90,55,4
21289,9.59,T,54,7,547,0,10,160,146,9,T,68,5,940,0,53,125,141,2,1,14,-2,393,0,43,-35,-5,-7
21290,3.46,T,15,0,200,0,2,77,47,1,T,13,3,448,0,0,24,34,0,0,-2,3,248,0,-2,-53,-13,-1
21291,7.19,P,26,0,511,0,0,20,39,0,P,42,0,318,0,35,122,46,8,1,16,0,-193,0,35,102,7,8
21292,0.15,Z,1,0,21,0,4,5,7,2,P,2,0,3,0,8,4,13,0,1,1,0,-18,0,4,-1,6,-2
21293,10.43,P,71,3,521,0,14,214,85,3,T,108,0,602,0,151,208,146,18,1,37,-3,81,0,137,-6,61,15
21294,6.21,Z,43,8,425,0,69,186,106,3,P,41,0,716,0,19,104,38,3,1,-2,-8,291,0,-50,-82,-68,0
21295,5.2,Z,37,7,161,0,292,184,95,7,Z,32,2,306,0,109,249,146,19,1,-5,-5,145,0,-183,65,51,12
21296,7.51,Z,35,0,503,0,44,125,124,4,P,42,0,530,0,11,66,55,3,0,7,0,27,0,-33,-59,-69,-1
21297,7.18,T,50,6,602,0,279,167,93,0,T,45,0,416,0,456,136,68,6,0,-5,-6,-186,0,177,-31,-25,6
21298,6.48,P,34,1,508,2,26,125,42,2,Z,35,0,456,0,8,59,91,6,0,1,-1,-52,-2,-18,-66,49,4
21299,9.59,Z,63,7,884,0,83,192,233,2,P,59,0,626,0,36,127,125,3,1,-4,-7,-258,0,-47,-65,-108,1
21300,10.24,Z,89,0,481,0,569,234,358,8,T,79,0,606,0,333,173,113,8,0,-10,0,125,0,-236,-61,-245,0
21301,9.59,Z,89,11,403,0,458,261,488,7,T,128,0,388,0,399,236,249,15,1,39,-11,-15,0,-59,-25,-239,8
21302,4.5,T,18,0,136,0,1,44,29,1,T,19,3,209,0,0,44,51,0,0,1,3,73,0,-1,0,22,-1
21303,10.39,P,55,0,836,0,1,131,84,0,Z,52,0,768,0,84,59,153,7,0,-3,0,-68,0,83,-72,69,7
21304,2.5,P,5,0,77,0,3,79,10,0,P,14,0,67,0,3,40,35,2,0,9,0,-10,0,0,-39,25,2
21305,5.19,T,38,3,156,0,314,142,178,9,Z,25,4,196,0,100,90,98,6,0,-13,1,40,0,-214,-52,-80,-3
21306,3.09,P,18,0,98,0,1,64,24,3,T,12,2,201,0,7,41,68,0,1,-6,2,103,0,6,-23,44,-3
21307,10.45,Z,62,7,472,0,53,204,233,0,P,41,0,691,0,0,85,90,2,0,-21,-7,219,0,-53,-119,-143,2
21308,9.58,Z,66,0,455,0,23,156,199,2,T,67,0,778,0,45,399,213,4,1,1,0,323,0,22,243,14,2
21309,5.42,Z,22,1,48,0,6,101,79,0,P,24,0,383,0,3,126,36,0,1,2,-1,335,0,-3,25,-43,0
21310,9.57,Z,55,0,553,0,23,59,132,2,P,37,0,731,0,0,43,61,1,0,-18,0,178,0,-23,-16,-71,-1
21311,6.36,Z,34,1,340,0,35,90,94,1,P,45,0,223,0,27,189,47,8,1,11,-1,-117,0,-8,99,-47,7
21312,9.59,P,83,4,530,0,509,403,326,6,T,54,3,370,0,27,87,91,5,1,-29,-1,-160,0,-482,-316,-235,-1
21313,10.06,T,68,0,794,0,358,192,98,4,P,59,0,630,0,7,256,93,3,1,-9,0,-164,0,-351,64,-5,-1
21314,6.48,Z,33,3,376,0,16,92,107,1,T,50,4,365,0,17,85,78,0,0,17,1,-11,0,1,-7,-29,-1
21315,6.46,Z,31,0,167,0,1,79,104,1,Z,29,0,298,0,0,75,100,0,1,-2,0,131,0,-1,-4,-4,-1
21316,9.59,Z,77,0,603,18,194,222,329,3,T,95,7,683,0,106,158,173,0,0,18,7,80,-18,-88,-64,-156,-3
21317,2.5,T,14,0,170,0,4,38,17,3,P,15,0,78,0,3,91,26,0,0,1,0,-92,0,-1,53,9,-3
21318,6.14,T,65,0,230,0,290,153,128,7,T,39,0,367,0,0,38,61,0,0,-26,0,137,0,-290,-115,-67,-7
21319,9.59,T,85,0,487,0,144,353,145,12,T,91,10,668,0,292,225,253,2,0,6,10,181,0,148,-128,108,-10
21320,4.23,T,31,0,306,0,25,60,24,4,Z,21,0,190,0,1,38,65,14,0,-10,0,-116,0,-24,-22,41,10
21321,9.59,T,66,7,661,0,23,152,130,0,P,44,0,823,0,0,166,76,0,1,-22,-7,162,0,-23,14,-54,0
21322,3.07,Z,10,1,78,10,49,27,38,0,Z,16,1,98,0,4,37,107,5,1,6,0,20,-10,-45,10,69,5
21323,8.39,T,70,1,663,1,340,163,73,6,T,65,4,711,0,309,289,84,4,0,-5,3,48,-1,-31,126,11,-2
21324,9.59,T,55,6,631,0,11,139,86,0,T,68,0,409,0,22,100,116,9,1,13,-6,-222,0,11,-39,30,9
21325,10.47,T,65,0,846,0,98,131,111,4,T,60,5,873,0,56,153,78,4,0,-5,5,27,0,-42,22,-33,0
21326,7.26,Z,48,1,386,0,103,138,198,2,P,45,1,395,0,81,220,34,5,1,-3,0,9,0,-22,82,-164,3
21327,9.23,Z,65,0,850,0,66,127,249,9,T,80,0,448,0,136,309,109,6,0,15,0,-402,0,70,182,-140,-3
21328,8.43,Z,70,0,698,0,83,237,208,13,P,68,3,589,0,101,239,107,9,1,-2,3,-109,0,18,2,-101,-4
21329,10.13,Z,53,0,993,0,26,186,182,6,T,100,1,340,0,53,148,92,5,0,47,1,-653,0,27,-38,-90,-1
21330,5,T,16,0,443,0,0,124,124,0,T,18,2,298,0,12,31,32,1,1,2,2,-145,0,12,-93,-92,1
21331,4.31,Z,23,3,166,0,19,25,55,0,T,20,0,242,0,160,86,55,4,0,-3,-3,76,0,141,61,0,4
21332,8.04,T,58,0,484,0,58,175,169,7,P,44,1,448,0,27,114,101,3,0,-14,1,-36,0,-31,-61,-68,-4
21333,7.17,Z,38,0,373,0,44,62,115,5,P,40,2,327,0,24,98,85,2,0,2,2,-46,0,-20,36,-30,-3
21334,4.49,Z,18,0,127,0,0,30,42,0,T,34,1,312,0,10,112,64,8,1,16,1,185,0,10,82,22,8
21335,7.39,T,48,6,353,0,52,91,66,3,T,47,3,289,0,26,161,62,0,1,-1,-3,-64,0,-26,70,-4,-3
21336,9.59,Z,50,4,421,0,46,116,190,3,P,70,0,515,0,30,332,185,6,0,20,-4,94,0,-16,216,-5,3
21337,7.59,T,111,0,579,0,349,411,147,22,Z,71,0,501,0,54,232,263,21,0,-40,0,-78,0,-295,-179,116,-1
21338,10.15,Z,36,5,396,0,33,50,102,4,P,72,1,582,0,123,269,105,7,1,36,-4,186,0,90,219,3,3
21339,9.06,Z,55,8,539,1,139,221,215,0,P,55,2,451,0,38,228,84,6,0,0,-6,-88,-1,-101,7,-131,6
21340,0,P,0,0,1,0,0,0,0,0,T,21,0,134,0,2,61,49,7,1,21,0,133,0,2,61,49,7
21341,2.39,P,15,0,121,0,11,47,78,0,P,12,0,54,0,170,44,72,1,0,-3,0,-67,0,159,-3,-6,1
21342,6.12,P,30,2,476,0,21,55,46,0,Z,34,5,316,0,56,78,144,2,1,4,3,-160,0,35,23,98,2
21343,9.59,Z,50,0,526,0,54,100,193,9,T,67,0,578,0,133,195,118,11,1,17,0,52,0,79,95,-75,2
21344,7.58,P,33,0,502,0,10,134,63,9,Z,39,0,402,9,81,40,142,1,0,6,0,-100,9,71,-94,79,-8
21345,9.51,T,53,0,695,0,10,131,83,3,Z,58,0,630,0,94,197,303,19,1,5,0,-65,0,84,66,220,16
21346,9.59,T,163,5,439,0,1087,304,190,34,Z,81,9,676,3,192,292,348,3,0,-82,4,237,3,-895,-12,158,-31
21347,4.09,T,18,0,122,0,0,11,30,0,P,23,1,111,0,9,128,17,1,1,5,1,-11,0,9,117,-13,1
21348,9.59,T,86,4,677,0,156,124,207,0,Z,87,0,585,0,97,243,325,2,1,1,-4,-92,0,-59,119,118,2
21349,10.5,T,83,0,551,0,29,208,143,5,P,83,12,575,2,92,233,131,5,0,0,12,24,2,63,25,-12,0
21350,9.59,P,64,3,835,0,23,313,81,5,Z,66,7,272,0,58,135,190,0,0,2,4,-563,0,35,-178,109,-5
21351,6.07,T,31,0,371,0,2,95,54,2,Z,30,1,237,0,71,53,99,3,1,-1,1,-134,0,69,-42,45,1
21352,4.17,T,25,2,180,0,49,37,141,3,P,15,4,188,0,7,29,28,0,0,-10,2,8,0,-42,-8,-113,-3
21353,8.59,Z,62,5,310,0,133,199,273,3,T,107,0,550,0,94,182,108,13,1,45,-5,240,0,-39,-17,-165,10
21354,9.59,P,73,0,557,0,71,260,134,7,T,81,2,763,0,847,259,141,12,0,8,2,206,0,776,-1,7,5
21355,9.11,P,41,4,287,0,23,168,38,0,T,58,1,449,0,36,280,96,1,1,17,-3,162,0,13,112,58,1
21356,7.03,Z,27,9,322,0,26,57,115,0,Z,28,3,429,0,21,108,89,0,0,1,-6,107,0,-5,51,-26,0
21357,4.15,T,24,1,322,0,9,102,38,3,T,21,0,449,0,407,105,67,5,1,-3,-1,127,0,398,3,29,2
21358,9.59,T,79,4,400,0,395,306,176,9,T,88,3,417,0,333,167,322,4,0,9,-1,17,0,-62,-139,146,-5
21359,5.35,Z,34,0,85,0,59,123,92,14,T,47,4,335,5,415,95,135,4,1,13,4,250,5,356,-28,43,-10
21360,2.19,P,11,0,18,0,181,25,15,4,P,19,0,73,0,31,86,29,2,1,8,0,55,0,-150,61,14,-2
21361,5.36,Z,39,5,297,0,338,148,257,1,P,33,2,147,0,14,76,26,4,0,-6,-3,-150,0,-324,-72,-231,3
21362,3.44,Z,15,0,225,0,18,60,47,3,T,23,2,110,0,62,55,74,4,0,8,2,-115,0,44,-5,27,1
21363,3.02,T,6,0,47,0,88,33,17,6,T,13,0,358,0,3,81,25,1,0,7,0,311,0,-85,48,8,-5
21364,10.17,Z,63,0,289,0,210,361,336,7,T,47,0,729,0,7,72,109,2,0,-16,0,440,0,-203,-289,-227,-5
21365,9.46,Z,58,3,670,0,52,220,264,0,P,77,5,824,0,239,222,80,10,1,19,2,154,0,187,2,-184,10
21366,7.1,T,97,1,375,0,227,324,66,7,P,23,1,383,0,0,38,51,0,1,-74,0,8,0,-227,-286,-15,-7
21367,9.46,T,48,1,609,0,48,264,130,7,P,75,5,630,0,75,300,87,1,1,27,4,21,0,27,36,-43,-6
21368,9.41,Z,52,0,793,0,161,211,223,10,P,58,2,571,0,58,283,108,4,0,6,2,-222,0,-103,72,-115,-6
21369,4.32,P,4,0,186,0,0,9,20,0,T,35,1,170,0,204,129,32,9,1,31,1,-16,0,204,120,12,9
21370,8.26,Z,37,1,203,0,0,71,115,0,P,28,0,508,0,2,26,37,2,1,-9,-1,305,0,2,-45,-78,2
21371,9.59,Z,63,0,270,0,41,178,294,9,Z,67,1,432,0,96,356,217,14,0,4,1,162,0,55,178,-77,5
21372,4.4,T,19,1,218,0,0,45,37,0,Z,24,5,242,0,442,78,153,1,1,5,4,24,0,442,33,116,1
21373,9.54,Z,64,0,364,0,224,148,256,20,P,77,2,764,0,457,260,123,5,1,13,2,400,0,233,112,-133,-15
21374,5.09,T,41,2,519,0,11,109,54,2,Z,23,1,177,0,51,216,65,3,1,-18,-1,-342,0,40,107,11,1
21375,4.36,T,19,0,365,0,3,108,32,1,T,30,0,208,0,0,29,44,1,1,11,0,-157,0,-3,-79,12,0
21376,2.02,Z,3,0,66,0,173,15,68,6,Z,7,0,127,5,29,40,59,0,0,4,0,61,5,-144,25,-9,-6
21377,3.54,T,18,0,191,0,18,17,24,2,Z,13,2,179,0,18,34,43,1,0,-5,2,-12,0,0,17,19,-1
21378,5.1,P,23,0,286,6,62,96,33,0,T,17,3,387,0,529,51,26,0,1,-6,3,101,-6,467,-45,-7,0
21379,7.11,P,46,10,373,0,890,251,148,4,Z,64,0,320,0,31,194,200,3,0,18,-10,-53,0,-859,-57,52,-1
21380,9.57,T,123,2,384,8,126,279,117,0,Z,82,7,549,0,28,96,215,0,1,-41,5,165,-8,-98,-183,98,0
21381,9.59,P,64,0,479,0,19,420,171,7,T,78,0,1052,0,64,254,94,8,0,14,0,573,0,45,-166,-77,1
21382,10.36,Z,28,0,480,0,14,64,140,0,Z,42,0,677,0,0,135,139,0,0,14,0,197,0,-14,71,-1,0
21383,8.26,T,29,1,516,0,4,49,98,2,Z,38,0,126,0,8,49,123,4,1,9,-1,-390,0,4,0,25,2
21384,9.59,Z,50,0,1114,0,18,146,198,3,Z,50,1,732,0,4,173,170,2,0,0,1,-382,0,-14,27,-28,-1
21385,9.59,P,63,6,455,0,41,264,146,5,T,77,7,807,1,54,117,99,1,0,14,1,352,1,13,-147,-47,-4
21386,6.01,P,32,0,391,0,4,50,62,1,T,38,0,473,0,150,144,127,5,1,6,0,82,0,146,94,65,4
21387,6.18,P,43,0,406,0,4,205,81,1,P,27,0,477,0,15,21,37,4,0,-16,0,71,0,11,-184,-44,3
21388,4.37,Z,25,4,78,0,27,253,88,0,Z,17,4,135,1,162,52,103,0,0,-8,0,57,1,135,-201,15,0
21389,9.59,Z,91,0,600,0,112,218,384,10,T,145,4,505,0,620,360,186,12,0,54,4,-95,0,508,142,-198,2
21390,10.09,P,29,1,663,0,2,45,43,3,T,57,8,400,0,33,53,73,0,0,28,7,-263,0,31,8,30,-3
21391,9.59,T,42,0,731,0,5,148,88,3,P,39,0,540,0,4,160,67,2,1,-3,0,-191,0,-1,12,-21,-1
21392,7.36,T,77,2,323,0,633,176,149,10,Z,48,2,636,0,14,76,133,0,0,-29,0,313,0,-619,-100,-16,-10
21393,10.06,P,50,0,198,0,0,97,44,0,Z,36,5,562,0,15,193,154,0,0,-14,5,364,0,15,96,110,0
21394,0.44,T,4,0,51,0,62,6,4,1,P,5,1,50,0,2,12,4,2,1,1,1,-1,0,-60,6,0,1
21395,9.59,Z,74,4,683,0,191,414,333,1,P,78,1,1043,0,55,365,298,8,1,4,-3,360,0,-136,-49,-35,7
21396,10.15,T,122,0,523,0,215,326,163,19,T,118,0,594,0,247,150,140,19,1,-4,0,71,0,32,-176,-23,0
21397,9.57,Z,60,0,782,0,30,158,204,4,T,74,0,445,0,112,331,174,8,0,14,0,-337,0,82,173,-30,4
21398,9.36,Z,72,0,470,0,448,416,412,8,P,63,0,324,0,78,210,190,0,0,-9,0,-146,0,-370,-206,-222,-8
21399,9.59,T,72,0,401,0,691,80,160,4,P,46,1,632,0,621,202,218,11,0,-26,1,231,0,-70,122,58,7
21400,3.4,P,14,0,278,0,1,37,26,3,T,11,1,159,0,409,75,43,4,1,-3,1,-119,0,408,38,17,1
21401,9.59,P,56,1,510,0,24,295,119,4,T,60,3,338,0,23,239,90,0,1,4,2,-172,0,-1,-56,-29,-4
21402,7.28,T,102,0,334,0,443,298,186,5,P,52,0,463,0,138,185,74,11,0,-50,0,129,0,-305,-113,-112,6
21403,6.3,Z,45,1,353,0,35,91,178,2,T,47,6,258,0,155,121,126,0,0,2,5,-95,0,120,30,-52,-2
21404,9.02,T,44,2,374,0,23,62,60,1,T,43,0,245,0,22,51,66,2,1,-1,-2,-129,0,-1,-11,6,1
21405,7.13,T,43,3,372,0,96,100,90,3,Z,45,1,254,0,34,116,151,6,0,2,-2,-118,0,-62,16,61,3
21406,9.59,T,62,7,728,0,11,71,109,0,Z,80,4,434,50,258,224,374,4,1,18,-3,-294,50,247,153,265,4
21407,0.17,T,2,0,25,0,0,5,2,0,T,2,0,1,0,16,3,9,2,0,0,0,-24,0,16,-2,7,2
21408,8.09,T,69,5,481,0,618,213,121,4,T,87,0,633,0,575,251,148,11,1,18,-5,152,0,-43,38,27,7
21409,7.03,T,46,2,264,0,710,83,218,5,Z,38,8,347,0,33,107,126,0,0,-8,6,83,0,-677,24,-92,-5
21410,7.04,T,64,1,437,0,59,233,80,6,T,72,2,307,0,41,274,150,7,1,8,1,-130,0,-18,41,70,1
21411,7.28,T,62,0,292,0,336,212,259,19,Z,50,0,169,0,35,87,192,7,1,-12,0,-123,0,-301,-125,-67,-12
21412,3.45,Z,16,1,129,0,46,36,101,0,P,26,0,202,0,145,166,33,7,1,10,-1,73,0,99,130,-68,7
21413,10.23,P,40,0,418,0,0,51,63,0,Z,46,0,445,0,12,140,192,5,1,6,0,27,0,12,89,129,5
21414,9.59,P,60,0,543,0,9,233,212,1,P,61,5,582,0,11,106,102,0,0,1,5,39,0,2,-127,-110,-1
21415,7.12,P,48,0,484,0,74,254,49,14,Z,56,7,367,0,165,212,233,10,0,8,7,-117,0,91,-42,184,-4
21416,6.11,Z,34,1,399,0,36,59,115,11,Z,29,1,172,0,45,96,106,0,1,-5,0,-227,0,9,37,-9,-11
21417,5.36,T,54,4,456,0,111,146,64,1,P,53,4,142,0,375,163,30,3,1,-1,0,-314,0,264,17,-34,2
21418,7.57,Z,42,0,543,0,0,75,181,2,P,56,0,358,0,23,110,90,9,1,14,0,-185,0,23,35,-91,7
21419,6.35,Z,40,0,377,0,119,179,201,5,Z,47,4,407,0,11,421,139,2,1,7,4,30,0,-108,242,-62,-3
21420,9.59,T,61,2,448,0,23,167,92,0,P,49,4,681,0,12,126,103,0,1,-12,2,233,0,-11,-41,11,0
21421,9.56,T,77,4,498,0,22,84,85,0,Z,77,7,680,0,58,169,245,5,1,0,3,182,0,36,85,160,5
21422,9.19,Z,55,0,404,0,45,151,189,4,T,129,0,383,26,491,195,257,1,1,74,0,-21,26,446,44,68,-3
21423,9.59,P,51,0,1246,0,0,67,93,0,Z,51,10,313,0,86,93,229,0,0,0,10,-933,0,86,26,136,0
21424,7.3,P,64,3,371,0,797,231,193,11,Z,53,2,467,0,190,171,302,14,0,-11,-1,96,0,-607,-60,109,3
21425,9.59,T,68,4,529,0,54,181,79,0,T,62,0,578,0,198,259,151,12,0,-6,-4,49,0,144,78,72,12
21426,6.4,T,39,1,360,0,155,110,91,2,P,26,3,268,0,19,308,37,3,1,-13,2,-92,0,-136,198,-54,1
21427,4.45,P,18,2,264,0,72,87,32,3,Z,27,0,182,0,49,62,76,3,0,9,-2,-82,0,-23,-25,44,0
21428,5.53,T,32,0,337,0,215,72,143,4,P,29,7,465,0,320,130,29,0,0,-3,7,128,0,105,58,-114,-4
21429,4.21,T,30,2,203,0,14,84,93,6,Z,17,0,109,0,18,41,52,1,1,-13,-2,-94,0,4,-43,-41,-5
21430,10.16,T,85,0,621,0,0,233,264,0,T,95,5,530,0,338,311,157,4,1,10,5,-91,0,338,78,-107,4
21431,2.33,Z,12,0,33,0,6,14,43,1,T,22,0,74,0,25,55,47,1,0,10,0,41,0,19,41,4,0
21432,9.32,T,102,2,327,0,542,142,193,8,Z,53,2,583,0,289,122,160,5,0,-49,0,256,0,-253,-20,-33,-3
21433,7.45,P,48,1,530,0,3,163,61,1,P,53,3,596,0,17,192,80,0,1,5,2,66,0,14,29,19,-1
21434,9.56,T,85,0,594,0,10,93,198,8,T,64,0,658,0,19,187,85,7,0,-21,0,64,0,9,94,-113,-1
21435,9.59,P,72,4,471,3,36,210,81,0,P,69,6,468,0,217,285,82,17,0,-3,2,-3,-3,181,75,1,17
21436,7.45,Z,36,3,123,0,41,74,111,0,Z,51,4,283,8,43,129,135,1,1,15,1,160,8,2,55,24,1
21437,3.36,Z,15,0,98,0,0,50,68,1,Z,15,1,188,0,264,157,97,4,0,0,1,90,0,264,107,29,3
21438,5.04,T,15,0,107,0,0,48,27,0,P,19,0,433,0,0,120,32,0,0,4,0,326,0,0,72,5,0
21439,3.26,T,31,3,112,0,60,54,110,2,T,23,4,138,0,11,89,32,2,1,-8,1,26,0,-49,35,-78,0
21440,4.58,Z,34,0,342,0,52,120,83,6,T,44,6,229,0,132,120,74,4,0,10,6,-113,0,80,0,-9,-2
21441,3.19,T,13,0,218,0,134,51,52,4,T,14,0,195,0,246,82,60,5,0,1,0,-23,0,112,31,8,1
21442,5.29,P,15,0,264,0,0,17,29,2,P,22,2,412,0,12,21,23,0,1,7,2,148,0,12,4,-6,-2
21443,7.01,P,49,2,402,0,38,278,72,3,P,39,0,409,0,0,97,68,0,1,-10,-2,7,0,-38,-181,-4,-3
21444,4.25,Z,21,2,124,0,24,82,63,0,Z,16,2,236,0,12,68,69,0,0,-5,0,112,0,-12,-14,6,0
21445,9.59,P,54,0,620,0,19,357,175,4,Z,58,0,473,8,251,136,428,3,0,4,0,-147,8,232,-221,253,-1
21446,7.56,T,56,0,775,0,193,236,120,7,P,53,2,310,0,4,236,117,0,1,-3,2,-465,0,-189,0,-3,-7
21447,9.58,T,51,5,416,0,22,50,48,1,T,56,0,773,0,0,33,99,0,0,5,-5,357,0,-22,-17,51,-1
21448,9.33,Z,34,1,503,0,11,85,147,1,P,29,4,370,0,6,164,57,0,1,-5,3,-133,0,-5,79,-90,-1
21449,10.55,T,142,0,636,0,668,395,201,20,T,108,10,594,0,573,291,325,11,0,-34,10,-42,0,-95,-104,124,-9
21450,7.53,T,86,2,325,0,453,199,210,8,Z,78,0,408,0,362,166,390,15,0,-8,-2,83,0,-91,-33,180,7
21451,8.43,T,62,2,544,0,71,283,87,3,Z,30,1,110,0,26,34,130,3,1,-32,-1,-434,0,-45,-249,43,0
21452,8.15,T,41,0,432,0,62,54,60,8,P,37,0,475,0,9,180,55,13,0,-4,0,43,0,-53,126,-5,5
21453,7.11,T,55,11,614,0,16,115,105,6,Z,34,2,132,0,18,82,127,2,0,-21,-9,-482,0,2,-33,22,-4
21454,0.25,T,1,0,4,0,0,7,15,1,T,2,0,34,0,0,0,7,1,1,1,0,30,0,0,-7,-8,0
21455,5.03,P,25,0,324,0,77,96,122,2,T,36,0,202,0,252,124,62,20,0,11,0,-122,0,175,28,-60,18
21456,10.09,P,52,0,685,0,171,328,121,9,T,70,0,546,0,0,106,129,1,1,18,0,-139,0,-171,-222,8,-8
21457,5.06,P,28,2,108,0,59,128,35,1,Z,28,3,157,0,187,145,112,0,0,0,1,49,0,128,17,77,-1
21458,9.59,P,64,1,1075,0,39,224,55,11,Z,49,1,197,0,49,39,120,4,1,-15,0,-878,0,10,-185,65,-7
21459,4.12,T,23,5,127,0,0,35,53,1,P,15,0,118,0,8,65,25,3,0,-8,-5,-9,0,8,30,-28,2
21460,9.25,Z,60,0,581,0,42,351,238,12,T,90,0,1064,0,64,202,113,5,1,30,0,483,0,22,-149,-125,-7
21461,2.12,P,6,0,41,0,0,7,11,0,Z,7,1,145,0,2,24,42,0,0,1,1,104,0,2,17,31,0
21462,3.39,Z,16,2,135,0,426,55,52,0,P,20,1,177,0,207,85,84,10,0,4,-1,42,0,-219,30,32,10
21463,9.59,T,143,0,515,6,596,415,337,26,T,91,0,517,0,475,399,380,19,0,-52,0,2,-6,-121,-16,43,-7
21464,10.51,Z,128,3,649,0,582,385,418,16,Z,100,2,529,0,400,374,298,26,0,-28,-1,-120,0,-182,-11,-120,10
21465,9.55,T,39,0,593,0,1,63,82,2,Z,31,0,170,0,3,14,111,3,0,-8,0,-423,0,2,-49,29,1
21466,10.36,P,61,0,775,0,97,136,152,3,Z,48,0,2010,0,0,116,204,0,0,-13,0,1235,0,-97,-20,52,-3
21467,0.39,P,2,0,28,0,0,29,2,1,Z,5,0,28,0,0,2,10,2,1,3,0,0,0,0,-27,8,1
21468,4.31,P,12,0,190,0,0,58,39,1,P,12,0,121,0,5,50,22,2,1,0,0,-69,0,5,-8,-17,1
21469,7.25,T,25,0,288,0,0,54,76,0,T,35,0,334,0,1,46,83,4,1,10,0,46,0,1,-8,7,4
21470,8.45,P,51,0,169,0,8,77,66,6,P,48,2,485,0,30,156,78,2,1,-3,2,316,0,22,79,12,-4
21471,9.58,T,19,0,552,0,0,12,40,0,T,30,0,314,0,0,151,66,1,0,11,0,-238,0,0,139,26,1
21472,7.19,T,57,4,469,0,330,36,48,1,P,35,0,303,0,80,257,164,1,1,-22,-4,-166,0,-250,221,116,0
21473,8.58,T,88,3,363,0,927,286,175,14,T,85,0,454,0,65,161,104,17,1,-3,-3,91,0,-862,-125,-71,3
21474,9.59,T,52,5,388,0,21,111,110,0,Z,69,2,226,0,174,206,219,9,0,17,-3,-162,0,153,95,109,9
21475,9.07,Z,38,9,680,0,20,113,124,0,Z,45,0,603,0,0,104,168,1,1,7,-9,-77,0,-20,-9,44,1
21476,9.59,T,91,0,612,17,225,223,254,2,Z,54,10,366,0,416,142,353,1,0,-37,10,-246,-17,191,-81,99,-1
21477,9,T,81,0,528,0,414,235,152,13,P,59,6,663,0,21,369,156,1,0,-22,6,135,0,-393,134,4,-12
21478,9.59,Z,93,0,642,0,74,288,307,9,T,83,0,746,0,124,325,123,11,0,-10,0,104,0,50,37,-184,2
21479,10.24,P,67,12,800,0,121,295,181,3,Z,66,13,341,1,61,188,238,7,0,-1,1,-459,1,-60,-107,57,4
21480,9.59,T,123,0,450,0,1223,251,289,17,Z,84,3,517,0,311,237,359,10,1,-39,3,67,0,-912,-14,70,-7
21481,10.04,T,75,4,522,0,480,112,81,10,Z,75,3,418,0,61,118,205,5,1,0,-1,-104,0,-419,6,124,-5
21482,10.59,Z,95,0,473,0,89,376,388,20,P,123,15,518,6,550,346,208,0,1,28,15,45,6,461,-30,-180,-20
21483,10.42,Z,41,0,724,0,16,145,169,4,Z,55,0,568,0,0,139,161,0,1,14,0,-156,0,-16,-6,-8,-4
21484,7.55,Z,44,2,756,0,30,77,126,0,T,69,0,632,0,60,149,93,10,1,25,-2,-124,0,30,72,-33,10
21485,9.59,T,80,0,440,0,183,234,209,10,Z,61,0,475,0,36,96,205,4,1,-19,0,35,0,-147,-138,-4,-6
21486,9.23,P,52,0,574,0,64,361,116,12,Z,60,3,320,0,76,207,158,5,0,8,3,-254,0,12,-154,42,-7
21487,7.11,Z,45,1,303,0,28,75,128,1,Z,40,0,404,12,314,148,351,1,1,-5,-1,101,12,286,73,223,0
21488,8.19,P,32,0,290,0,133,142,82,6,P,38,5,227,0,11,81,68,0,1,6,5,-63,0,-122,-61,-14,-6
21489,5.16,T,31,3,304,0,154,105,91,2,T,13,1,441,0,0,84,22,0,0,-18,-2,137,0,-154,-21,-69,-2
21490,5.16,T,28,3,338,0,13,67,37,0,T,34,0,196,0,18,180,67,0,1,6,-3,-142,0,5,113,30,0
21491,9.59,Z,78,9,508,0,380,201,277,5,P,116,4,583,0,580,197,100,11,0,38,-5,75,0,200,-4,-177,6
21492,8.44,Z,58,0,407,0,88,128,180,9,Z,55,6,322,0,630,205,279,2,0,-3,6,-85,0,542,77,99,-7
21493,9.59,Z,77,12,1289,0,52,137,217,2,P,68,0,667,0,33,226,66,7,1,-9,-12,-622,0,-19,89,-151,5
21494,5.47,P,40,0,585,0,16,78,59,5,Z,39,4,140,0,239,134,236,0,0,-1,4,-445,0,223,56,177,-5
21495,8.02,Z,29,0,298,0,27,122,155,2,T,57,7,577,0,562,139,88,7,1,28,7,279,0,535,17,-67,5
21496,9.59,Z,64,0,853,0,106,148,210,6,T,69,5,1113,0,317,247,108,6,1,5,5,260,0,211,99,-102,0
21497,9.58,P,64,6,886,0,23,355,87,1,Z,60,0,427,0,25,117,277,9,1,-4,-6,-459,0,2,-238,190,8
21498,5.29,Z,36,0,181,0,274,87,212,13,Z,44,0,298,0,305,102,150,12,0,8,0,117,0,31,15,-62,-1
21499,7.52,Z,43,6,349,0,80,213,155,6,P,46,0,382,0,45,242,79,4,0,3,-6,33,0,-35,29,-76,-2
21500,9.59,Z,82,7,397,0,113,274,320,5,P,65,10,457,0,25,211,78,1,1,-17,3,60,0,-88,-63,-242,-4
21501,5.36,T,36,3,149,0,357,79,228,2,T,42,4,505,0,35,37,35,0,1,6,1,356,0,-322,-42,-193,-2
21502,10.21,Z,67,0,805,0,665,413,317,10,Z,82,0,450,0,146,568,322,3,1,15,0,-355,0,-519,155,5,-7
21503,7.09,P,22,0,486,0,3,67,41,2,P,24,0,125,0,0,20,37,0,1,2,0,-361,0,-3,-47,-4,-2
21504,6.51,P,44,0,379,0,29,197,125,12,T,62,0,539,0,293,254,168,6,1,18,0,160,0,264,57,43,-6
21505,9.59,T,102,0,612,0,93,323,236,9,Z,59,0,276,0,17,245,274,5,0,-43,0,-336,0,-76,-78,38,-4
21506,7.05,T,37,3,530,0,26,94,45,4,P,62,0,280,0,33,243,68,12,1,25,-3,-250,0,7,149,23,8
21507,9.57,Z,67,5,382,0,53,177,198,0,T,112,3,745,0,320,302,253,9,0,45,-2,363,0,267,125,55,9
21508,10.23,T,106,1,477,0,194,240,107,14,P,54,0,595,0,41,276,116,8,0,-52,-1,118,0,-153,36,9,-6
21509,9.57,P,39,0,702,0,24,103,63,3,P,39,0,789,0,0,119,46,3,1,0,0,87,0,-24,16,-17,0
21510,9.59,T,51,0,441,0,0,56,110,0,Z,50,2,370,0,16,163,219,1,1,-1,2,-71,0,16,107,109,1
21511,2.16,T,10,0,122,0,124,24,49,3,P,11,0,105,0,0,84,19,2,0,1,0,-17,0,-124,60,-30,-1
21512,9.58,Z,44,0,659,0,0,168,205,1,T,105,0,488,0,170,338,172,7,1,61,0,-171,0,170,170,-33,6
21513,7.09,P,37,1,384,0,909,93,129,8,T,52,0,537,0,468,97,76,13,0,15,-1,153,0,-441,4,-53,5
21514,6.38,P,35,0,266,0,7,105,212,3,P,25,0,221,0,0,42,41,0,0,-10,0,-45,0,-7,-63,-171,-3
21515,6.51,T,73,9,420,0,217,146,117,8,Z,42,3,192,0,171,84,322,2,0,-31,-6,-228,0,-46,-62,205,-6
21516,8.27,Z,48,0,504,0,53,174,249,7,Z,55,7,436,0,378,176,339,4,0,7,7,-68,0,325,2,90,-3
21517,9.59,Z,38,0,298,0,0,179,140,0,T,29,0,361,0,0,31,49,0,0,-9,0,63,0,0,-148,-91,0
21518,5.34,P,24,2,140,0,11,64,62,1,P,30,2,413,0,19,221,61,0,1,6,0,273,0,8,157,-1,-1
21519,2.36,Z,11,0,47,0,32,9,39,2,Z,9,4,45,0,515,31,63,0,1,-2,4,-2,0,483,22,24,-2
21520,5.22,Z,19,1,238,0,11,32,64,1,T,19,0,305,1,4,40,81,5,1,0,-1,67,1,-7,8,17,4
21521,9.58,P,49,12,948,0,94,153,68,0,T,63,3,620,0,944,111,70,0,0,14,-9,-328,0,850,-42,2,0
21522,10.13,T,94,0,485,0,563,295,319,9,P,92,6,660,0,37,339,162,2,1,-2,6,175,0,-526,44,-157,-7
21523,9.38,T,29,0,266,0,10,29,37,2,P,44,0,212,0,0,94,61,0,1,15,0,-54,0,-10,65,24,-2
21524,2,T,8,0,130,0,1,20,12,0,P,2,1,78,0,0,25,6,0,1,-6,1,-52,0,-1,5,-6,0
21525,5.42,T,23,0,299,0,0,99,65,2,T,43,0,552,0,4,75,51,3,1,20,0,253,0,4,-24,-14,1
21526,9.58,T,76,0,938,0,74,196,137,10,P,71,10,370,0,294,255,182,6,1,-5,10,-568,0,220,59,45,-4
21527,6.01,T,49,3,362,0,283,215,148,0,P,57,0,188,0,19,232,52,1,0,8,-3,-174,0,-264,17,-96,1
21528,9.15,P,47,0,890,0,1,212,97,0,P,46,0,403,0,477,204,171,6,1,-1,0,-487,0,476,-8,74,6
21529,9.05,P,46,0,461,0,17,108,49,9,Z,48,0,508,0,55,162,207,16,1,2,0,47,0,38,54,158,7
21530,4.51,T,19,2,150,0,15,89,15,1,P,19,2,152,0,9,81,39,1,1,0,0,2,0,-6,-8,24,0
21531,9.32,T,149,6,613,0,840,253,211,9,Z,82,0,569,0,417,247,355,5,0,-67,-6,-44,0,-423,-6,144,-4
21532,9.59,Z,70,1,440,0,41,94,145,0,T,49,0,751,0,0,48,84,0,1,-21,-1,311,0,-41,-46,-61,0
21533,9.27,Z,60,3,307,0,122,315,264,2,T,90,8,555,0,363,350,226,5,0,30,5,248,0,241,35,-38,3
21534,9.59,P,76,0,681,0,45,371,74,17,T,113,0,376,0,26,200,109,4,1,37,0,-305,0,-19,-171,35,-13
21535,9.59,Z,86,0,421,17,789,280,346,9,T,135,6,480,0,405,155,221,14,1,49,6,59,-17,-384,-125,-125,5
21536,0.3,T,3,0,11,0,19,21,23,4,P,1,0,1,0,0,0,1,0,0,-2,0,-10,0,-19,-21,-22,-4
21537,9.59,T,42,0,735,0,0,25,61,0,T,52,0,831,0,24,75,81,2,1,10,0,96,0,24,50,20,2
21538,9.59,T,47,5,419,0,32,88,71,1,P,44,0,656,0,4,58,68,5,0,-3,-5,237,0,-28,-30,-3,4
21539,10.36,Z,96,7,767,0,506,309,375,17,T,137,0,459,0,594,391,229,18,1,41,-7,-308,0,88,82,-146,1
21540,4.46,T,27,3,208,0,424,79,76,8,T,33,0,245,0,4,80,107,4,1,6,-3,37,0,-420,1,31,-4
21541,3.52,Z,13,0,225,0,0,27,57,0,T,26,0,261,0,238,65,48,4,0,13,0,36,0,238,38,-9,4
21542,8.26,P,47,0,417,0,71,191,76,3,P,56,2,551,0,35,251,86,6,1,9,2,134,0,-36,60,10,3
21543,4.41,P,22,1,127,0,58,189,26,1,Z,19,0,47,0,21,70,74,8,1,-3,-1,-80,0,-37,-119,48,7
21544,4.13,T,20,1,272,0,0,16,39,0,Z,16,0,105,0,12,41,67,0,1,-4,-1,-167,0,12,25,28,0
21545,5.26,P,5,0,309,0,0,122,47,0,T,30,1,257,0,10,311,22,1,1,25,1,-52,0,10,189,-25,1
21546,6.02,T,46,0,183,0,378,59,163,8,Z,32,0,240,0,32,61,114,13,1,-14,0,57,0,-346,2,-49,5
21547,5.21,Z,21,0,367,0,45,51,84,4,Z,29,6,153,0,44,114,93,3,1,8,6,-214,0,-1,63,9,-1
21548,9.58,T,55,0,397,2,14,204,107,0,Z,45,10,576,0,48,211,181,9,1,-10,10,179,-2,34,7,74,9
21549,4.23,T,24,0,315,0,20,108,22,2,T,13,0,127,0,8,18,24,6,0,-11,0,-188,0,-12,-90,2,4
21550,10.55,T,62,4,284,0,72,55,74,1,T,109,6,836,0,252,236,135,7,1,47,2,552,0,180,181,61,6
21551,7.36,Z,46,5,444,0,126,428,201,5,T,109,0,474,0,226,161,96,13,1,63,-5,30,0,100,-267,-105,8
21552,9.43,P,37,0,477,0,0,108,61,1,T,62,0,269,0,26,72,65,5,0,25,0,-208,0,26,-36,4,4
21553,9.58,T,117,0,484,0,767,353,223,19,Z,116,0,520,31,320,270,455,3,0,-1,0,36,31,-447,-83,232,-16
21554,9.59,P,81,0,415,20,500,238,170,1,P,63,0,518,0,72,155,85,14,1,-18,0,103,-20,-428,-83,-85,13
21555,0.34,T,1,0,30,0,47,13,15,3,T,3,1,19,0,0,8,6,0,1,2,1,-11,0,-47,-5,-9,-3
21556,2.2,Z,4,0,257,0,0,7,19,0,Z,8,0,16,0,0,12,31,0,1,4,0,-241,0,0,5,12,0
21557,10.46,Z,87,7,343,0,49,191,287,7,P,61,0,726,0,13,144,92,6,1,-26,-7,383,0,-36,-47,-195,-1
21558,9.57,T,46,0,788,0,0,156,113,1,P,31,0,282,0,2,89,49,1,0,-15,0,-506,0,2,-67,-64,0
21559,8.08,P,39,1,449,0,73,165,120,1,T,45,1,434,0,71,219,67,3,0,6,0,-15,0,-2,54,-53,2
21560,10.32,Z,58,0,213,0,113,124,221,8,Z,58,0,647,0,49,130,118,4,1,0,0,434,0,-64,6,-103,-4
21561,9.58,Z,58,0,440,0,7,235,169,4,T,57,0,523,0,0,93,107,0,0,-1,0,83,0,-7,-142,-62,-4
21562,5.13,T,24,3,333,0,16,96,74,1,P,18,4,279,0,2,136,33,0,1,-6,1,-54,0,-14,40,-41,-1
21563,9.59,Z,81,0,455,21,149,278,311,0,P,81,5,497,0,485,381,103,13,1,0,5,42,-21,336,103,-208,13
21564,4.28,P,14,0,333,0,0,18,16,0,P,26,0,282,0,15,139,43,4,1,12,0,-51,0,15,121,27,4
21565,5.04,P,12,0,355,0,5,49,23,3,Z,25,0,253,0,169,140,114,18,1,13,0,-102,0,164,91,91,15
21566,6.34,Z,26,4,409,0,132,40,101,2,Z,38,0,382,0,333,120,121,5,1,12,-4,-27,0,201,80,20,3
21567,4.39,T,22,3,175,0,226,71,19,2,P,26,0,282,0,450,152,37,11,0,4,-3,107,0,224,81,18,9
21568,6.27,T,38,0,301,0,0,129,76,2,P,30,4,384,0,36,104,30,0,1,-8,4,83,0,36,-25,-46,-2
21569,7.1,P,41,4,613,0,19,145,52,0,Z,19,0,329,0,6,113,91,3,0,-22,-4,-284,0,-13,-32,39,3
21570,7.54,P,54,2,173,0,37,83,51,3,P,37,0,388,0,3,153,106,1,0,-17,-2,215,0,-34,70,55,-2
21571,10.04,T,99,0,817,0,328,178,144,8,P,103,0,585,0,239,252,162,15,1,4,0,-232,0,-89,74,18,7
21572,7.06,T,60,0,350,0,77,150,117,6,Z,35,0,352,0,22,204,133,2,0,-25,0,2,0,-55,54,16,-4
21573,5.45,Z,23,4,298,0,60,50,94,0,T,31,0,338,0,44,98,41,6,0,8,-4,40,0,-16,48,-53,6
21574,9.02,Z,73,0,547,0,55,186,209,10,T,57,0,561,0,7,167,92,2,0,-16,0,14,0,-48,-19,-117,-8
21575,5,T,39,2,425,0,398,74,159,4,P,21,6,151,0,31,25,16,0,0,-18,4,-274,0,-367,-49,-143,-4
21576,9.59,P,45,0,684,0,11,139,70,1,P,30,0,235,0,0,193,60,0,1,-15,0,-449,0,-11,54,-10,-1
21577,9.46,P,28,0,162,0,14,21,34,5,P,42,0,712,0,1,114,89,1,1,14,0,550,0,-13,93,55,-4
21578,3.33,T,18,0,93,0,304,120,22,4,T,23,2,124,0,11,129,53,0,0,5,2,31,0,-293,9,31,-4
21579,5.4,T,34,0,244,0,349,90,153,5,P,34,0,287,0,22,188,73,5,1,0,0,43,0,-327,98,-80,0
21580,0.25,Z,3,0,23,0,1,9,8,0,T,2,1,7,0,0,3,4,0,0,-1,1,-16,0,-1,-6,-4,0
21581,9.59,T,92,1,955,0,507,297,128,9,Z,80,2,538,0,347,232,237,5,1,-12,1,-417,0,-160,-65,109,-4
21582,9.59,T,83,3,698,0,39,158,183,3,Z,64,0,503,0,41,58,247,5,1,-19,-3,-195,0,2,-100,64,2
21583,7.43,T,68,0,396,0,146,116,234,6,P,28,1,530,0,10,147,46,0,0,-40,1,134,0,-136,31,-188,-6
21584,4.21,P,14,0,205,0,0,85,28,1,P,22,0,378,0,70,72,92,4,1,8,0,173,0,70,-13,64,3
21585,1.27,Z,7,0,113,0,0,10,10,0,P,5,1,65,0,15,21,15,0,0,-2,1,-48,0,15,11,5,0
21586,9.59,T,76,3,396,0,50,302,237,6,T,74,0,981,0,71,368,207,10,1,-2,-3,585,0,21,66,-30,4
21587,4.39,Z,18,4,105,0,188,90,246,0,T,18,0,104,0,0,17,23,0,1,0,-4,-1,0,-188,-73,-223,0
21588,10.23,Z,51,2,696,0,14,279,247,3,P,76,0,461,0,49,297,96,5,0,25,-2,-235,0,35,18,-151,2
21589,9.59,Z,48,1,461,0,9,109,147,0,T,42,0,558,0,2,216,121,3,1,-6,-1,97,0,-7,107,-26,3
21590,9.59,P,62,0,596,0,231,327,141,10,T,114,0,333,0,565,239,127,22,0,52,0,-263,0,334,-88,-14,12
21591,7,Z,23,0,242,0,26,113,132,1,Z,34,2,386,0,232,164,185,2,0,11,2,144,0,206,51,53,1
21592,10.14,T,103,8,447,0,373,219,261,1,T,101,4,513,0,525,201,163,8,0,-2,-4,66,0,152,-18,-98,7
21593,9.59,Z,64,0,426,0,14,131,204,1,P,54,12,421,0,487,234,71,3,0,-10,12,-5,0,473,103,-133,2
21594,8.4,T,94,3,315,0,123,202,169,6,T,69,4,459,0,429,200,183,4,0,-25,1,144,0,306,-2,14,-2
21595,9.59,T,87,0,865,0,18,353,123,8,T,79,6,329,0,207,285,91,7,1,-8,6,-536,0,189,-68,-32,-1
21596,2.55,T,11,1,170,0,159,64,36,2,Z,18,0,154,0,19,103,41,6,0,7,-1,-16,0,-140,39,5,4
21597,5.39,Z,25,2,380,0,449,155,97,6,T,31,0,141,0,4,21,59,2,0,6,-2,-239,0,-445,-134,-38,-4
21598,6.39,P,31,0,378,0,11,105,37,2,T,26,0,273,0,12,67,26,0,0,-5,0,-105,0,1,-38,-11,-2
21599,9.59,P,70,0,705,0,424,299,213,11,Z,61,0,836,0,50,177,175,2,0,-9,0,131,0,-374,-122,-38,-9
21600,7.15,T,81,2,413,0,370,100,101,5,P,33,2,409,0,2,153,69,0,0,-48,0,-4,0,-368,53,-32,-5
21601,5.31,T,39,1,176,0,33,101,99,7,P,21,0,275,0,0,157,22,1,0,-18,-1,99,0,-33,56,-77,-6
21602,9.59,P,39,2,539,0,11,383,114,0,T,44,0,1158,0,0,151,123,2,0,5,-2,619,0,-11,-232,9,2
21603,8.32,P,66,4,460,0,70,301,120,9,Z,52,2,415,0,96,257,192,2,0,-14,-2,-45,0,26,-44,72,-7
21604,10.33,Z,43,2,419,0,54,54,129,2,T,81,0,862,0,23,113,120,2,0,38,-2,443,0,-31,59,-9,0
21605,8.26,Z,73,2,428,0,123,224,202,12,T,53,0,667,0,9,189,94,3,0,-20,-2,239,0,-114,-35,-108,-9
21606,6.33,Z,69,0,357,74,467,184,492,1,T,90,6,360,0,400,121,149,15,0,21,6,3,-74,-67,-63,-343,14
21607,9.56,Z,61,3,728,0,38,91,162,5,Z,57,0,416,0,12,46,194,0,0,-4,-3,-312,0,-26,-45,32,-5
21608,9.58,T,136,1,404,0,550,322,277,8,Z,77,0,351,0,26,243,348,7,1,-59,-1,-53,0,-524,-79,71,-1
21609,6.33,T,37,4,361,0,16,174,183,3,P,37,1,373,0,4,112,104,1,0,0,-3,12,0,-12,-62,-79,-2
21610,9.56,T,54,0,392,0,11,67,97,2,T,59,4,500,0,23,155,111,6,1,5,4,108,0,12,88,14,4
21611,6.13,Z,27,2,290,0,11,53,105,0,T,11,0,209,0,0,26,11,0,0,-16,-2,-81,0,-11,-27,-94,0
21612,3.47,T,19,0,184,0,351,72,112,18,P,21,1,162,0,19,151,25,3,0,2,1,-22,0,-332,79,-87,-15
21613,5.45,P,29,0,292,0,320,84,147,11,T,37,0,357,0,52,62,33,4,0,8,0,65,0,-268,-22,-114,-7
21614,3.56,T,27,1,187,0,301,63,78,4,P,14,0,124,0,0,54,29,4,1,-13,-1,-63,0,-301,-9,-49,0
21615,4.3,Z,26,0,280,8,131,114,137,0,T,42,1,176,0,379,91,85,6,0,16,1,-104,-8,248,-23,-52,6
21616,5.17,Z,35,2,253,0,187,254,263,2,Z,23,0,137,3,27,22,73,0,0,-12,-2,-116,3,-160,-232,-190,-2
21617,6.27,Z,41,3,273,0,564,219,185,6,P,53,0,325,0,331,184,107,13,0,12,-3,52,0,-233,-35,-78,7
21618,9.59,Z,58,12,599,0,166,220,327,3,Z,53,0,454,0,65,114,177,9,0,-5,-12,-145,0,-101,-106,-150,6
21619,4.13,Z,18,0,183,0,0,27,61,0,T,20,0,133,0,191,30,109,4,1,2,0,-50,0,191,3,48,4
21620,9.15,Z,49,1,801,0,960,201,197,11,P,47,2,378,0,39,234,66,0,0,-2,1,-423,0,-921,33,-131,-11
21621,9.59,Z,44,6,265,0,22,67,157,0,T,20,0,561,0,0,149,62,0,0,-24,-6,296,0,-22,82,-95,0
21622,5.4,T,24,0,61,0,0,17,35,1,Z,18,0,158,0,0,97,82,0,0,-6,0,97,0,0,80,47,-1
21623,9.59,P,49,0,622,0,8,65,53,3,Z,57,0,500,0,104,168,147,10,0,8,0,-122,0,96,103,94,7
21624,2.22,Z,5,4,44,0,232,10,22,0,Z,10,1,2,0,128,11,208,0,1,5,-3,-42,0,-104,1,186,0
21625,9.59,P,37,4,872,0,13,136,131,0,T,58,0,425,8,74,71,76,0,1,21,-4,-447,8,61,-65,-55,0
21626,9.59,T,44,0,477,8,70,239,83,0,Z,33,0,780,0,0,138,147,0,0,-11,0,303,-8,-70,-101,64,0
21627,7.34,P,29,5,534,0,10,151,85,0,P,39,9,541,0,411,104,162,0,1,10,4,7,0,401,-47,77,0
21628,5.03,P,27,0,75,0,17,69,34,2,P,19,0,353,0,47,41,49,3,0,-8,0,278,0,30,-28,15,1
21629,9.59,T,55,0,707,0,3,94,91,2,Z,41,0,192,0,25,35,133,3,0,-14,0,-515,0,22,-59,42,1
21630,4.13,P,13,0,209,0,0,64,40,0,P,17,0,138,0,0,101,21,0,1,4,0,-71,0,0,37,-19,0
21631,7.45,Z,43,3,338,0,52,231,169,2,Z,53,4,291,0,98,118,148,8,0,10,1,-47,0,46,-113,-21,6
21632,9.59,P,84,0,1125,0,130,281,168,11,Z,79,7,455,1,339,293,305,3,0,-5,7,-670,1,209,12,137,-8
21633,1.48,Z,2,0,47,0,0,11,18,1,T,7,0,92,0,53,17,16,2,0,5,0,45,0,53,6,-2,1
21634,9.58,Z,77,1,665,0,430,235,214,9,T,94,2,493,0,152,323,172,4,1,17,1,-172,0,-278,88,-42,-5
21635,8.38,T,58,10,324,0,481,152,102,7,T,69,5,430,0,356,212,196,8,1,11,-5,106,0,-125,60,94,1
21636,9.59,Z,63,0,368,0,0,74,179,0,Z,75,2,330,0,32,246,227,0,1,12,2,-38,0,32,172,48,0
21637,4.02,T,24,0,301,20,105,40,75,0,Z,11,2,225,0,28,65,62,1,0,-13,2,-76,-20,-77,25,-13,1
21638,9.59,Z,72,8,530,0,717,303,268,4,T,92,6,472,0,746,248,110,3,0,20,-2,-58,0,29,-55,-158,-1
21639,3.35,T,23,0,100,0,16,205,21,3,P,22,1,161,0,171,95,51,5,0,-1,1,61,0,155,-110,30,2
21640,5.21,T,38,4,303,0,17,50,49,0,T,22,0,363,0,1,56,107,5,1,-16,-4,60,0,-16,6,58,5
21641,4.52,P,28,0,269,0,193,54,30,7,P,29,3,115,0,43,163,59,1,1,1,3,-154,0,-150,109,29,-6
21642,7.52,T,18,0,317,0,1,18,33,1,P,30,1,325,0,11,38,36,2,1,12,1,8,0,10,20,3,1
21643,9.37,T,107,0,616,0,54,263,101,10,Z,80,1,732,0,180,319,329,11,1,-27,1,116,0,126,56,228,1
21644,9.59,P,92,15,533,9,393,332,221,4,T,103,2,472,0,389,331,194,11,0,11,-13,-61,-9,-4,-1,-27,7
21645,9.58,T,68,1,778,0,7,69,112,3,Z,27,0,187,0,21,126,123,1,0,-41,-1,-591,0,14,57,11,-2
21646,6.55,Z,40,0,500,0,432,199,195,2,T,81,0,271,12,556,166,95,1,1,41,0,-229,12,124,-33,-100,-1
21647,7.51,T,43,0,727,0,31,176,98,6,T,74,0,194,14,97,202,117,1,0,31,0,-533,14,66,26,19,-5
21648,9.55,Z,72,0,446,7,23,51,229,0,T,78,9,477,0,86,260,178,6,0,6,9,31,-7,63,209,-51,6
21649,9.59,P,99,0,612,0,84,379,138,12,Z,93,11,722,0,103,222,232,2,0,-6,11,110,0,19,-157,94,-10
21650,10.41,Z,65,2,575,0,477,271,227,6,P,80,0,533,0,410,287,136,17,1,15,-2,-42,0,-67,16,-91,11
21651,7.42,Z,38,2,304,0,54,92,136,1,Z,58,4,608,0,466,339,288,2,1,20,2,304,0,412,247,152,1
21652,4,P,19,0,167,0,39,198,14,1,P,16,0,97,0,18,125,20,3,0,-3,0,-70,0,-21,-73,6,2
21653,4.59,T,34,0,282,0,6,108,48,6,T,20,0,391,0,1,32,49,2,0,-14,0,109,0,-5,-76,1,-4
21654,9.59,T,87,6,232,0,387,361,251,12,T,69,6,461,0,324,198,192,2,0,-18,0,229,0,-63,-163,-59,-10
21655,9.04,T,56,0,711,0,0,115,102,0,P,71,18,518,0,51,204,92,0,1,15,18,-193,0,51,89,-10,0
21656,4.3,Z,25,1,304,0,10,108,73,0,T,30,0,254,0,4,51,101,5,0,5,-1,-50,0,-6,-57,28,5
21657,6.15,T,40,2,396,0,695,75,56,7,P,33,9,393,0,59,92,59,0,1,-7,7,-3,0,-636,17,3,-7
21658,10.27,T,73,5,330,0,294,396,81,0,Z,91,4,362,0,52,364,227,2,0,18,-1,32,0,-242,-32,146,2
21659,4.14,P,22,0,133,0,52,68,34,2,P,9,0,79,0,0,13,12,0,0,-13,0,-54,0,-52,-55,-22,-2
21660,9.17,P,56,6,1060,0,47,140,73,4,T,97,0,609,0,168,169,240,15,1,41,-6,-451,0,121,29,167,11
21661,3.37,T,18,0,186,0,10,17,23,6,T,17,0,186,0,1,21,34,4,1,-1,0,0,0,-9,4,11,-2
21662,9.04,Z,63,0,839,0,5,219,223,3,T,90,0,735,0,566,341,219,10,1,27,0,-104,0,561,122,-4,7
21663,9.59,T,81,0,703,0,76,75,126,16,Z,67,0,377,0,42,110,224,4,0,-14,0,-326,0,-34,35,98,-12
21664,6.46,Z,49,0,259,0,108,113,160,14,Z,38,0,268,0,86,136,260,7,0,-11,0,9,0,-22,23,100,-7
21665,9.58,T,37,0,295,0,0,63,65,0,T,65,2,611,0,27,72,96,1,0,28,2,316,0,27,9,31,1
21666,9.59,P,80,0,529,0,42,487,61,10,T,64,0,882,0,67,253,165,7,0,-16,0,353,0,25,-234,104,-3
21667,4.28,T,22,3,230,0,398,40,56,3,T,27,0,463,0,25,82,75,11,0,5,-3,233,0,-373,42,19,8
21668,5.27,T,52,0,385,0,12,212,255,3,Z,23,3,258,0,12,57,77,0,0,-29,3,-127,0,0,-155,-178,-3
21669,9.59,P,33,0,459,0,0,162,76,0,T,53,0,223,0,41,40,55,5,1,20,0,-236,0,41,-122,-21,5
21670,9.59,Z,40,0,260,0,25,48,166,6,P,37,0,261,0,24,31,33,7,1,-3,0,1,0,-1,-17,-133,1
21671,9.23,T,83,4,461,0,535,329,229,14,P,89,7,557,0,61,238,191,6,1,6,3,96,0,-474,-91,-38,-8
21672,9.59,P,80,6,516,0,296,246,143,7,Z,64,7,641,0,76,104,199,1,1,-16,1,125,0,-220,-142,56,-6
21673,6.34,P,54,0,325,0,295,190,135,6,T,58,0,308,0,271,250,195,9,1,4,0,-17,0,-24,60,60,3
21674,2.31,Z,12,0,63,0,129,50,99,4,T,9,0,8,0,0,8,20,0,0,-3,0,-55,0,-129,-42,-79,-4
21675,7.44,Z,52,0,510,0,208,175,186,10,T,76,0,556,0,121,308,122,6,1,24,0,46,0,-87,133,-64,-4
21676,8.5,Z,83,3,391,1,461,296,354,15,P,97,0,467,27,212,253,189,1,1,14,-3,76,26,-249,-43,-165,-14
21677,9.56,P,42,6,518,0,9,177,70,3,Z,50,0,572,0,5,156,180,2,0,8,-6,54,0,-4,-21,110,-1
21678,9.59,T,80,4,420,0,641,446,160,13,T,138,0,731,0,387,261,176,14,1,58,-4,311,0,-254,-185,16,1
21679,4.38,Z,21,4,172,0,18,56,84,0,Z,28,1,159,0,16,113,57,0,0,7,-3,-13,0,-2,57,-27,0
21680,3.43,P,19,0,121,0,13,237,12,3,Z,10,0,101,4,160,97,72,0,0,-9,0,-20,4,147,-140,60,-3
21681,5.28,P,15,0,328,0,0,133,55,0,T,33,3,318,0,353,133,69,7,1,18,3,-10,0,353,0,14,7
21682,9.59,T,60,0,423,0,5,75,96,4,P,52,1,831,7,118,181,88,0,1,-8,1,408,7,113,106,-8,-4
21683,10.02,T,71,9,386,0,188,211,266,6,T,117,5,566,0,310,372,127,6,1,46,-4,180,0,122,161,-139,0
21684,9.59,Z,61,1,581,0,36,144,173,3,P,46,0,1118,0,58,238,133,2,1,-15,-1,537,0,22,94,-40,-1
21685,9.59,T,116,8,300,0,434,320,152,16,Z,113,16,590,0,376,447,410,11,1,-3,8,290,0,-58,127,258,-5
21686,6.16,T,42,4,351,0,43,195,69,4,T,49,0,345,0,66,217,171,4,1,7,-4,-6,0,23,22,102,0
21687,9.59,Z,78,2,376,0,534,343,254,12,P,88,0,403,0,451,410,93,19,1,10,-2,27,0,-83,67,-161,7
21688,9.03,Z,39,0,534,0,51,136,129,1,Z,47,0,471,0,1,96,225,4,1,8,0,-63,0,-50,-40,96,3
21689,2.08,T,8,0,122,0,2,22,10,2,P,6,0,66,0,8,20,6,8,0,-2,0,-56,0,6,-2,-4,6
21690,9.58,Z,51,0,328,0,3,133,186,1,Z,52,0,664,0,17,92,188,2,0,1,0,336,0,14,-41,2,1
21691,3.48,Z,17,0,294,0,0,28,73,0,P,16,1,278,0,9,36,16,0,0,-1,1,-16,0,9,8,-57,0
21692,10.01,Z,66,1,396,0,60,221,234,0,T,57,0,903,0,49,106,123,7,1,-9,-1,507,0,-11,-115,-111,7
21693,7.47,P,40,5,285,0,15,128,63,3,Z,25,0,194,0,22,73,83,5,0,-15,-5,-91,0,7,-55,20,2
21694,5.24,Z,26,9,155,0,28,80,81,0,Z,35,0,397,0,40,159,81,4,1,9,-9,242,0,12,79,0,4
21695,3.3,T,22,2,219,0,67,122,49,5,T,21,0,161,0,225,97,44,8,1,-1,-2,-58,0,158,-25,-5,3
21696,10.09,P,26,0,843,0,0,66,57,0,Z,102,4,560,0,620,292,334,3,1,76,4,-283,0,620,226,277,3
21697,9.59,T,62,0,772,0,73,174,96,5,T,67,4,606,0,19,220,73,2,1,5,4,-166,0,-54,46,-23,-3
21698,3.31,T,18,2,222,0,217,77,101,0,T,15,1,171,0,283,83,110,17,0,-3,-1,-51,0,66,6,9,17
21699,9.31,P,83,0,555,0,70,324,112,16,P,71,0,648,0,13,392,108,4,1,-12,0,93,0,-57,68,-4,-12
21700,4.09,T,16,1,242,0,1,26,25,0,Z,16,1,118,0,17,23,27,3,0,0,0,-124,0,16,-3,2,3
21701,2.59,T,12,1,105,0,4,17,12,2,Z,12,0,113,0,0,6,44,0,1,0,-1,8,0,-4,-11,32,-2
21702,5.52,P,52,0,263,0,450,257,66,11,P,54,0,280,6,128,157,56,5,1,2,0,17,6,-322,-100,-10,-6
21703,7.25,T,41,0,424,0,1,179,80,2,T,62,8,347,0,151,279,114,0,1,21,8,-77,0,150,100,34,-2
21704,9.59,P,52,3,339,0,19,130,63,3,T,73,0,452,0,284,226,123,7,1,21,-3,113,0,265,96,60,4
21705,9.55,T,49,5,520,0,5,153,96,0,P,34,0,499,0,3,170,99,8,1,-15,-5,-21,0,-2,17,3,8
21706,5.27,P,26,3,278,0,10,141,49,2,T,23,0,394,0,271,101,168,4,1,-3,-3,116,0,261,-40,119,2
21707,4.03,P,16,0,125,0,2,104,26,2,P,11,1,153,0,3,56,46,0,0,-5,1,28,0,1,-48,20,-2
21708,3.11,P,11,0,67,0,0,101,26,0,T,15,0,133,0,0,12,33,0,1,4,0,66,0,0,-89,7,0
21709,2.47,Z,9,0,98,0,3,49,54,3,P,11,0,51,0,27,69,55,1,0,2,0,-47,0,24,20,1,-2
21710,6.56,T,67,0,233,0,431,174,78,5,P,39,0,303,0,32,115,57,17,0,-28,0,70,0,-399,-59,-21,12
21711,1.52,P,7,0,60,0,77,32,25,3,Z,10,1,64,0,10,35,57,3,0,3,1,4,0,-67,3,32,0
21712,7.58,P,55,2,308,0,325,170,109,4,P,45,7,310,0,46,202,86,0,1,-10,5,2,0,-279,32,-23,-4
21713,9.59,Z,70,4,506,0,97,279,174,11,P,70,0,472,0,28,394,169,7,1,0,-4,-34,0,-69,115,-5,-4
21714,7.38,Z,63,10,353,0,217,176,325,1,P,63,7,535,0,245,286,150,6,0,0,-3,182,0,28,110,-175,5
21715,7.47,P,48,0,466,0,78,94,42,8,Z,48,0,871,0,44,121,119,3,1,0,0,405,0,-34,27,77,-5
21716,9.53,T,79,0,328,0,154,274,137,15,T,93,3,557,0,75,267,131,6,1,14,3,229,0,-79,-7,-6,-9
21717,9.08,P,95,2,487,0,652,372,152,11,P,88,3,522,0,340,361,196,10,0,-7,1,35,0,-312,-11,44,-1
21718,9.58,Z,63,0,483,0,0,107,244,0,T,32,0,917,0,12,41,47,3,0,-31,0,434,0,12,-66,-197,3
21719,6.56,Z,40,4,539,0,44,98,88,0,P,26,0,221,0,10,25,30,3,0,-14,-4,-318,0,-34,-73,-58,3
21720,0,P,0,0,1,0,0,0,0,0,P,7,0,125,0,0,28,10,0,1,7,0,124,0,0,28,10,0
21721,9.59,T,30,4,546,0,6,35,59,0,Z,61,0,550,0,277,206,235,10,1,31,-4,4,0,271,171,176,10
21722,4.23,T,42,0,146,0,147,240,119,7,T,32,4,140,0,226,112,115,0,1,-10,4,-6,0,79,-128,-4,-7
21723,9.59,P,64,0,559,0,197,333,118,5,Z,73,0,672,0,47,222,189,5,1,9,0,113,0,-150,-111,71,0
21724,10.05,Z,46,2,450,0,22,206,161,0,P,47,2,629,0,23,141,71,3,1,1,0,179,0,1,-65,-90,3
21725,3.23,Z,7,0,95,0,76,34,102,4,P,15,1,168,0,0,96,49,0,1,8,1,73,0,-76,62,-53,-4
21726,2.58,Z,13,2,63,0,133,36,44,2,T,20,3,126,0,5,49,30,1,1,7,1,63,0,-128,13,-14,-1
21727,5.06,T,33,1,182,0,0,41,39,0,P,22,9,126,0,162,68,175,2,1,-11,8,-56,0,162,27,136,2
21728,8.52,T,85,6,639,0,301,120,114,4,P,91,6,509,0,745,270,258,11,1,6,0,-130,0,444,150,144,7
21729,9.03,Z,50,0,378,0,38,192,207,4,Z,56,0,515,0,20,397,217,3,0,6,0,137,0,-18,205,10,-1
21730,6.52,T,85,1,273,0,490,239,115,8,Z,54,3,304,0,146,148,248,0,0,-31,2,31,0,-344,-91,133,-8
21731,4.58,P,31,0,216,0,26,115,39,6,Z,27,0,439,0,19,81,81,3,0,-4,0,223,0,-7,-34,42,-3
21732,9.59,Z,59,4,615,0,72,114,202,2,T,77,0,317,0,228,258,232,10,1,18,-4,-298,0,156,144,30,8
21733,9.57,P,48,4,509,0,39,322,63,1,P,38,2,738,0,6,131,49,0,0,-10,-2,229,0,-33,-191,-14,-1
21734,9.12,Z,56,5,906,1,61,68,161,8,P,64,1,559,0,22,92,62,2,0,8,-4,-347,-1,-39,24,-99,-6
21735,7.28,P,39,6,473,0,82,191,98,1,Z,49,5,562,0,34,151,195,3,1,10,-1,89,0,-48,-40,97,2
21736,9.36,T,58,0,440,0,93,204,151,6,T,73,6,656,0,342,206,165,0,1,15,6,216,0,249,2,14,-6
21737,5.55,T,56,0,277,0,30,155,103,7,Z,37,0,335,0,1,92,114,2,0,-19,0,58,0,-29,-63,11,-5
21738,10.31,Z,91,0,889,0,73,177,271,2,P,82,0,444,0,162,325,231,7,0,-9,0,-445,0,89,148,-40,5
21739,10.24,T,106,6,355,0,746,120,300,26,T,87,4,574,0,98,352,109,10,1,-19,-2,219,0,-648,232,-191,-16
21740,9.59,Z,52,0,589,0,59,224,180,6,P,69,12,533,0,473,178,97,2,1,17,12,-56,0,414,-46,-83,-4
21741,7.44,P,64,1,805,0,52,432,128,5,Z,47,2,344,0,344,62,190,4,1,-17,1,-461,0,292,-370,62,-1
21742,9.59,Z,71,0,664,0,216,229,366,3,P,60,5,350,0,33,188,126,5,0,-11,5,-314,0,-183,-41,-240,2
21743,7.41,P,41,0,457,0,19,295,81,5,T,50,0,575,0,3,138,103,3,1,9,0,118,0,-16,-157,22,-2
21744,3.57,T,16,4,387,0,5,72,36,0,Z,13,0,128,0,15,42,36,0,1,-3,-4,-259,0,10,-30,0,0
21745,7.38,P,39,7,307,0,17,56,43,9,Z,36,2,293,0,25,50,94,0,0,-3,-5,-14,0,8,-6,51,-9
21746,9.57,Z,92,11,501,2,671,362,306,8,T,110,0,508,0,525,251,129,13,0,18,-11,7,-2,-146,-111,-177,5
21747,6.33,P,44,2,188,0,479,192,68,7,T,55,0,271,0,146,274,105,7,1,11,-2,83,0,-333,82,37,0
21748,9.59,Z,52,3,816,0,15,148,196,0,Z,57,0,245,0,17,46,179,6,0,5,-3,-571,0,2,-102,-17,6
21749,9.24,T,65,0,331,0,30,180,494,3,P,61,6,869,0,264,266,181,1,1,-4,6,538,0,234,86,-313,-2
21750,3.58,P,19,0,123,0,211,126,28,2,Z,22,2,72,0,125,48,117,7,1,3,2,-51,0,-86,-78,89,5
21751,9.59,P,133,0,473,0,349,408,117,24,T,106,4,525,0,493,222,135,10,0,-27,4,52,0,144,-186,18,-14
21752,8.58,T,72,0,514,0,272,168,214,26,P,51,1,428,0,21,124,135,6,0,-21,1,-86,0,-251,-44,-79,-20
21753,8.35,P,49,1,503,0,6,108,112,6,Z,25,0,409,0,32,97,113,7,0,-24,-1,-94,0,26,-11,1,1
21754,6.5,Z,30,0,87,0,11,22,115,1,Z,33,0,101,0,6,32,97,2,1,3,0,14,0,-5,10,-18,1
21755,9.38,P,58,1,518,7,196,182,131,1,P,70,6,776,0,205,320,103,12,1,12,5,258,-7,9,138,-28,11
21756,10.11,P,88,0,419,0,91,331,188,6,T,137,0,518,0,303,352,196,38,1,49,0,99,0,212,21,8,32
21757,7.31,Z,30,0,915,0,4,132,145,2,Z,40,11,277,0,26,80,120,3,0,10,11,-638,0,22,-52,-25,1
21758,9.58,T,117,0,619,0,329,279,150,16,Z,109,0,472,0,368,377,400,10,1,-8,0,-147,0,39,98,250,-6
21759,8.08,T,33,5,316,0,97,93,88,3,Z,35,1,499,0,0,60,118,2,1,2,-4,183,0,-97,-33,30,-1
21760,9.17,Z,58,4,543,0,49,143,183,2,T,74,0,557,0,173,187,187,6,0,16,-4,14,0,124,44,4,4
21761,10.48,Z,29,0,331,0,0,41,107,1,P,49,7,347,0,23,142,56,0,1,20,7,16,0,23,101,-51,-1
21762,5.02,T,17,0,281,0,111,90,26,1,T,29,0,409,0,8,30,50,3,1,12,0,128,0,-103,-60,24,2
21763,9.03,Z,79,4,640,0,225,229,234,15,P,80,0,501,0,238,312,203,16,1,1,-4,-139,0,13,83,-31,1
21764,9.58,T,86,2,801,0,81,175,90,3,Z,81,11,399,0,73,203,226,5,1,-5,9,-402,0,-8,28,136,2
21765,9.59,P,48,0,862,0,32,314,92,9,T,55,0,650,0,1,135,156,1,0,7,0,-212,0,-31,-179,64,-8
21766,9.58,P,70,0,662,0,188,175,107,6,P,38,0,120,0,0,45,50,0,0,-32,0,-542,0,-188,-130,-57,-6
21767,7,Z,45,15,325,0,325,182,180,1,Z,42,5,310,0,139,60,115,2,0,-3,-10,-15,0,-186,-122,-65,1
21768,1.28,P,4,0,47,0,25,112,8,3,Z,4,0,70,0,124,36,40,4,1,0,0,23,0,99,-76,32,1
21769,9.09,T,72,1,435,0,31,102,103,7,Z,44,0,562,0,10,119,136,7,0,-28,-1,127,0,-21,17,33,0
21770,8.26,Z,38,7,438,0,26,24,94,0,P,25,0,705,0,3,62,48,3,0,-13,-7,267,0,-23,38,-46,3
21771,4.05,T,15,0,209,0,0,35,32,0,P,14,1,197,0,0,59,37,1,0,-1,1,-12,0,0,24,5,1
21772,9.59,P,57,0,1066,0,20,162,75,4,T,66,0,475,0,19,197,116,4,1,9,0,-591,0,-1,35,41,0
21773,9.59,T,69,3,742,0,468,93,78,7,P,64,0,646,0,269,239,243,9,0,-5,-3,-96,0,-199,146,165,2
21774,9.59,P,83,0,573,0,262,319,105,17,T,81,1,369,0,76,284,154,8,0,-2,1,-204,0,-186,-35,49,-9
21775,6.42,T,44,0,206,0,12,25,66,10,T,18,6,297,0,15,40,47,0,1,-26,6,91,0,3,15,-19,-10
21776,6.5,T,55,4,306,0,238,132,161,8,Z,52,1,494,0,533,238,203,12,1,-3,-3,188,0,295,106,42,4
21777,9.59,Z,79,0,595,0,45,173,267,2,T,98,0,371,0,567,340,169,14,1,19,0,-224,0,522,167,-98,12
21778,9.59,P,107,0,485,0,97,347,116,15,T,100,0,355,0,981,397,297,23,1,-7,0,-130,0,884,50,181,8
21779,7.47,P,51,10,369,0,180,196,83,0,T,57,0,748,0,1,69,71,2,1,6,-10,379,0,-179,-127,-12,2
21780,4.3,T,8,0,284,0,0,190,20,4,T,14,2,225,0,1,109,31,1,1,6,2,-59,0,1,-81,11,-3
21781,3.4,T,24,6,194,0,310,70,72,0,Z,12,4,85,0,14,31,47,2,1,-12,-2,-109,0,-296,-39,-25,2
21782,3.16,T,18,3,263,0,342,43,33,0,Z,12,0,44,0,1,10,47,1,1,-6,-3,-219,0,-341,-33,14,1
21783,7,T,69,0,379,0,61,206,76,8,P,54,0,583,0,22,151,94,6,0,-15,0,204,0,-39,-55,18,-2
21784,9.35,T,42,0,613,0,30,35,59,8,Z,57,4,239,0,433,67,309,3,1,15,4,-374,0,403,32,250,-5
21785,9.16,Z,85,7,519,1,192,144,214,7,T,110,8,435,0,423,164,335,1,1,25,1,-84,-1,231,20,121,-6
21786,8.25,T,73,0,453,0,58,190,145,8,P,67,7,464,15,494,158,154,0,1,-6,7,11,15,436,-32,9,-8
21787,4.34,P,18,0,232,0,82,95,29,2,P,13,0,306,0,0,50,12,0,0,-5,0,74,0,-82,-45,-17,-2
21788,9.59,Z,53,2,302,0,72,161,234,0,Z,46,7,736,1,55,238,167,10,0,-7,5,434,1,-17,77,-67,10
21789,7.41,T,62,0,543,0,468,203,97,15,P,23,0,334,0,0,68,84,0,0,-39,0,-209,0,-468,-135,-13,-15
21790,6.04,T,50,6,547,0,241,220,172,1,P,61,2,360,0,629,189,137,9,1,11,-4,-187,0,388,-31,-35,8
21791,7.22,P,37,0,359,0,276,205,97,6,P,61,6,374,0,43,149,79,3,0,24,6,15,0,-233,-56,-18,-3
21792,8.23,Z,56,4,579,0,144,261,285,0,P,47,0,772,0,9,105,82,2,0,-9,-4,193,0,-135,-156,-203,2
21793,9.59,Z,61,4,344,0,103,216,380,2,T,48,0,1125,0,16,210,105,5,0,-13,-4,781,0,-87,-6,-275,3
21794,6.22,Z,27,0,232,0,2,39,84,1,Z,29,8,287,0,22,177,154,0,1,2,8,55,0,20,138,70,-1
21795,8.05,T,50,0,333,0,10,194,143,5,P,22,0,238,0,0,207,47,0,0,-28,0,-95,0,-10,13,-96,-5
21796,9.58,P,45,9,498,0,27,109,44,0,P,61,0,546,0,43,381,104,7,0,16,-9,48,0,16,272,60,7
21797,9.59,Z,83,16,418,8,95,233,206,9,P,87,0,627,0,42,364,127,6,0,4,-16,209,-8,-53,131,-79,-3
21798,3.37,T,17,1,345,0,153,73,84,5,P,13,3,166,0,49,39,78,0,1,-4,2,-179,0,-104,-34,-6,-5
21799,6.16,T,28,0,360,0,0,87,56,0,Z,25,2,573,0,11,100,101,3,1,-3,2,213,0,11,13,45,3
21800,4.24,P,22,1,170,0,147,113,184,5,Z,21,2,265,0,55,64,78,2,1,-1,1,95,0,-92,-49,-106,-3
21801,9.27,Z,76,2,546,0,205,250,219,11,P,94,9,377,0,748,333,155,11,1,18,7,-169,0,543,83,-64,0
21802,4.3,P,17,0,166,0,0,125,51,2,Z,18,0,208,0,16,53,120,3,1,1,0,42,0,16,-72,69,1
21803,9.59,T,77,0,531,0,0,199,119,7,T,82,13,536,3,131,224,87,1,1,5,13,5,3,131,25,-32,-6
21804,8.4,T,57,0,736,0,17,98,112,6,T,61,4,432,0,169,169,128,5,1,4,4,-304,0,152,71,16,-1
21805,9.59,P,68,5,431,0,630,260,99,10,T,41,0,647,0,1,98,64,2,0,-27,-5,216,0,-629,-162,-35,-8
21806,6.22,P,25,0,79,0,14,97,58,4,T,51,0,258,83,239,168,189,1,1,26,0,179,83,225,71,131,-3
21807,9.59,Z,76,4,391,0,509,247,320,5,T,115,0,373,0,223,309,244,15,1,39,-4,-18,0,-286,62,-76,10
21808,10.44,T,89,3,646,0,172,290,144,15,T,84,0,960,0,88,255,174,14,1,-5,-3,314,0,-84,-35,30,-1
21809,6.41,T,68,0,257,0,13,242,57,20,Z,40,0,267,0,19,188,144,8,1,-28,0,10,0,6,-54,87,-12
21810,9.59,Z,91,4,475,0,422,188,398,7,T,98,0,689,0,768,306,175,6,1,7,-4,214,0,346,118,-223,-1
21811,10.01,T,144,6,392,0,648,230,176,2,Z,82,9,864,0,126,197,298,6,0,-62,3,472,0,-522,-33,122,4
21812,7.16,P,57,4,472,0,27,275,76,0,P,21,0,480,0,1,151,74,4,0,-36,-4,8,0,-26,-124,-2,4
21813,10.14,Z,124,15,727,1,870,386,470,23,Z,94,6,488,0,76,348,420,1,0,-30,-9,-239,-1,-794,-38,-50,-22
21814,9.59,P,61,2,837,0,173,183,155,9,Z,90,13,566,0,367,176,411,8,1,29,11,-271,0,194,-7,256,-1
21815,6.56,P,58,5,531,0,344,305,80,9,T,60,1,362,0,639,107,64,5,0,2,-4,-169,0,295,-198,-16,-4
21816,9.55,Z,76,6,478,1,88,263,257,0,Z,75,5,371,0,109,305,362,12,1,-1,-1,-107,-1,21,42,105,12
21817,2.55,Z,9,0,45,0,0,5,29,0,T,12,1,225,0,8,43,23,0,0,3,1,180,0,8,38,-6,0
21818,0.09,P,0,0,21,0,0,0,3,1,T,0,0,10,0,4,4,8,1,1,0,0,-11,0,4,4,5,0
21819,9.57,Z,42,15,362,1,54,39,169,0,Z,49,2,515,0,25,41,198,0,0,7,-13,153,-1,-29,2,29,0
21820,9.57,P,54,0,1121,0,41,167,66,3,Z,68,0,755,0,0,92,214,0,0,14,0,-366,0,-41,-75,148,-3
21821,5.4,T,40,0,317,0,527,108,103,12,T,29,0,556,1,3,161,43,1,0,-11,0,239,1,-524,53,-60,-11
21822,9.58,T,82,0,686,0,51,245,106,9,Z,81,7,288,0,280,224,474,7,0,-1,7,-398,0,229,-21,368,-2
21823,9.49,Z,63,5,346,0,164,143,145,7,T,76,0,509,0,8,155,107,5,1,13,-5,163,0,-156,12,-38,-2
21824,9.59,T,86,10,451,0,692,224,232,5,Z,108,3,349,0,167,385,224,5,0,22,-7,-102,0,-525,161,-8,0
21825,2.49,P,9,0,65,0,0,8,12,0,Z,9,0,158,0,0,21,30,0,1,0,0,93,0,0,13,18,0
21826,9.18,P,44,3,450,0,87,182,141,0,P,45,3,615,0,8,309,96,3,0,1,0,165,0,-79,127,-45,3
21827,1.54,Z,8,1,110,0,121,32,46,3,Z,3,0,10,0,1,23,24,2,1,-5,-1,-100,0,-120,-9,-22,-1
21828,10.2,P,52,0,1026,0,0,294,253,0,T,72,0,949,0,111,363,132,5,1,20,0,-77,0,111,69,-121,5
21829,7.58,Z,72,9,310,0,596,197,204,7,P,59,0,397,0,232,276,209,7,1,-13,-9,87,0,-364,79,5,0
21830,9.58,P,58,1,404,0,11,154,107,1,T,94,4,919,0,45,198,150,0,1,36,3,515,0,34,44,43,-1
21831,9.59,P,104,0,630,0,99,485,160,21,T,96,7,462,0,288,233,172,10,0,-8,7,-168,0,189,-252,12,-11
21832,9.58,P,83,9,556,0,150,433,121,6,Z,61,7,555,4,62,182,170,5,1,-22,-2,-1,4,-88,-251,49,-1
21833,9.12,T,57,0,710,0,33,199,98,4,P,51,0,547,0,34,291,95,13,1,-6,0,-163,0,1,92,-3,9
21834,10.37,T,64,0,584,0,69,372,142,4,T,80,3,694,0,250,247,181,3,1,16,3,110,0,181,-125,39,-1
21835,10.03,Z,81,5,782,0,414,187,391,0,P,95,0,484,0,1000,195,194,9,1,14,-5,-298,0,586,8,-197,9
21836,9.59,T,63,0,774,0,161,221,148,5,T,91,0,741,0,100,353,228,7,1,28,0,-33,0,-61,132,80,2
21837,3.1,Z,16,1,73,0,70,66,102,0,Z,13,0,73,0,6,52,162,2,0,-3,-1,0,0,-64,-14,60,2
21838,4.25,T,36,0,248,0,302,104,62,4,Z,23,1,300,0,51,98,90,1,1,-13,1,52,0,-251,-6,28,-3
21839,9.59,T,60,0,437,0,0,154,83,0,T,43,4,473,0,116,61,86,0,1,-17,4,36,0,116,-93,3,0
21840,2.57,T,14,0,176,0,36,35,27,3,Z,9,0,77,0,16,73,83,1,1,-5,0,-99,0,-20,38,56,-2
21841,9.57,P,73,0,530,0,22,199,183,5,Z,74,0,303,0,195,216,472,11,1,1,0,-227,0,173,17,289,6
21842,9.59,Z,34,5,735,0,25,110,104,0,T,47,0,649,0,0,161,73,0,1,13,-5,-86,0,-25,51,-31,0
21843,9.59,T,114,10,555,0,563,485,231,2,P,88,2,397,0,662,307,134,14,1,-26,-8,-158,0,99,-178,-97,12
21844,10.23,Z,60,4,673,0,23,261,373,0,P,59,2,520,0,69,167,123,0,0,-1,-2,-153,0,46,-94,-250,0
21845,10.56,Z,72,0,480,67,181,207,271,0,P,54,0,728,0,0,298,69,4,0,-18,0,248,-67,-181,91,-202,4
21846,2.22,Z,4,2,96,0,2,28,34,1,T,8,0,158,0,193,34,27,5,1,4,-2,62,0,191,6,-7,4
21847,10.4,T,82,9,394,0,21,213,139,0,Z,51,0,153,0,6,141,176,2,1,-31,-9,-241,0,-15,-72,37,2
21848,6.04,Z,30,0,267,0,10,169,316,8,Z,28,3,237,0,23,105,111,1,0,-2,3,-30,0,13,-64,-205,-7
21849,9.59,T,57,0,283,0,292,323,181,6,P,53,0,260,0,18,515,198,9,1,-4,0,-23,0,-274,192,17,3
21850,3.2,Z,11,3,52,1,111,84,106,0,P,18,0,219,0,345,25,38,5,0,7,-3,167,-1,234,-59,-68,5
21851,9.22,Z,85,3,782,0,98,304,206,1,P,28,6,337,0,52,135,76,2,0,-57,3,-445,0,-46,-169,-130,1
21852,2.47,P,7,0,92,0,1,13,12,0,Z,7,0,78,0,1,26,27,1,1,0,0,-14,0,0,13,15,1
21853,6.28,T,43,0,483,0,390,195,60,8,P,30,2,573,0,471,119,53,3,0,-13,2,90,0,81,-76,-7,-5
21854,9.59,P,21,0,274,0,0,20,40,0,Z,47,0,471,0,7,51,144,1,1,26,0,197,0,7,31,104,1
21855,9.59,Z,70,0,493,0,1,177,237,2,P,37,0,267,0,6,152,88,4,0,-33,0,-226,0,5,-25,-149,2
21856,10.08,P,37,4,702,0,28,155,48,0,P,41,0,742,0,0,135,67,0,0,4,-4,40,0,-28,-20,19,0
21857,9.59,Z,73,0,316,0,104,129,184,3,P,72,1,923,0,112,223,63,15,0,-1,1,607,0,8,94,-121,12
21858,8.45,P,29,4,279,0,212,178,47,2,Z,35,0,310,0,2,135,174,2,0,6,-4,31,0,-210,-43,127,0
21859,9.56,T,34,0,814,0,0,6,50,0,P,11,0,455,0,0,71,24,0,0,-23,0,-359,0,0,65,-26,0
21860,7.4,T,58,3,264,0,206,152,209,2,T,74,3,875,0,1,97,116,0,0,16,0,611,0,-205,-55,-93,-2
21861,6.09,T,63,0,386,0,201,151,56,13,Z,54,0,294,0,251,227,156,14,1,-9,0,-92,0,50,76,100,1
21862,5.04,P,19,1,420,0,5,223,54,1,T,31,0,320,0,83,91,50,5,1,12,-1,-100,0,78,-132,-4,4
21863,10.42,T,60,0,559,0,15,101,76,2,T,95,1,429,0,34,297,185,11,1,35,1,-130,0,19,196,109,9
21864,4.07,Z,13,2,263,0,622,88,79,3,T,37,1,67,0,32,92,27,4,1,24,-1,-196,0,-590,4,-52,1
21865,9.38,T,68,1,210,0,29,194,287,3,P,69,9,445,0,559,270,81,11,1,1,8,235,0,530,76,-206,8
21866,9.57,Z,41,0,661,0,13,61,176,3,P,25,0,491,0,0,33,42,0,0,-16,0,-170,0,-13,-28,-134,-3
21867,8.41,Z,53,0,336,0,77,148,204,13,T,88,0,894,0,513,135,103,8,1,35,0,558,0,436,-13,-101,-5
21868,5.02,Z,29,3,161,0,48,66,137,2,T,29,0,206,0,101,151,86,6,0,0,-3,45,0,53,85,-51,4
21869,6.08,Z,18,1,82,0,0,97,80,0,P,27,0,334,0,0,131,49,0,1,9,-1,252,0,0,34,-31,0
21870,8.3,P,59,4,602,1,388,242,250,1,T,82,0,594,0,142,136,99,9,1,23,-4,-8,-1,-246,-106,-151,8
21871,3.03,T,13,1,299,0,18,31,15,5,Z,12,1,159,0,64,31,101,0,1,-1,0,-140,0,46,0,86,-5
21872,9.22,T,78,0,384,0,13,166,218,7,P,84,1,298,0,35,342,139,7,0,6,1,-86,0,22,176,-79,0
21873,6.14,P,36,0,620,0,0,95,60,0,Z,30,0,386,0,7,46,94,2,0,-6,0,-234,0,7,-49,34,2
21874,6.06,Z,38,8,289,0,482,120,201,6,Z,30,0,226,0,139,148,98,5,0,-8,-8,-63,0,-343,28,-103,-1
21875,5.24,Z,29,8,168,0,27,66,78,6,P,21,1,259,0,20,53,30,2,1,-8,-7,91,0,-7,-13,-48,-4
21876,3.46,T,21,0,147,0,408,81,130,8,P,17,0,184,0,24,66,36,1,1,-4,0,37,0,-384,-15,-94,-7
21877,9.57,P,58,11,311,0,31,130,74,1,Z,46,0,471,67,183,175,258,0,1,-12,-11,160,67,152,45,184,-1
21878,7.44,T,50,4,881,0,36,63,54,0,P,40,0,608,0,83,151,146,10,1,-10,-4,-273,0,47,88,92,10
21879,10.51,T,93,0,849,0,89,251,144,7,P,85,0,846,0,611,399,198,9,0,-8,0,-3,0,522,148,54,2
21880,6.4,Z,30,2,581,0,14,139,150,0,Z,34,1,372,0,21,36,82,4,1,4,-1,-209,0,7,-103,-68,4
21881,8.4,Z,51,5,345,0,279,159,368,4,Z,24,0,136,0,23,46,86,2,0,-27,-5,-209,0,-256,-113,-282,-2
21882,3.03,Z,15,4,240,0,23,45,56,0,Z,13,0,52,0,4,44,49,2,1,-2,-4,-188,0,-19,-1,-7,2
21883,7.55,T,42,5,585,1,19,139,67,0,P,31,3,320,0,95,221,69,2,0,-11,-2,-265,-1,76,82,2,2
21884,4.36,P,14,1,298,0,1,56,30,0,P,24,0,253,0,0,84,28,0,0,10,-1,-45,0,-1,28,-2,0
21885,9.47,P,30,2,276,0,1,53,51,0,Z,44,2,585,0,21,83,149,0,1,14,0,309,0,20,30,98,0
21886,9,T,67,0,477,0,329,125,217,7,P,65,0,513,0,96,185,132,7,1,-2,0,36,0,-233,60,-85,0
21887,2.42,Z,15,0,108,0,116,42,144,0,T,4,0,152,0,0,39,59,0,0,-11,0,44,0,-116,-3,-85,0
21888,7.11,Z,32,0,241,0,21,56,144,4,P,45,5,424,0,770,180,127,4,1,13,5,183,0,749,124,-17,0
21889,9.59,Z,107,0,361,0,0,320,321,0,P,33,0,229,0,0,90,49,0,0,-74,0,-132,0,0,-230,-272,0
21890,4.55,Z,20,1,264,0,198,141,121,5,P,30,4,251,0,315,109,77,1,1,10,3,-13,0,117,-32,-44,-4
21891,9.21,T,60,0,486,0,13,249,170,1,P,43,0,180,0,32,257,84,2,0,-17,0,-306,0,19,8,-86,1
21892,6.38,T,43,1,226,0,8,90,62,5,P,29,0,361,0,23,153,73,6,1,-14,-1,135,0,15,63,11,1
21893,8.21,P,38,4,286,0,39,236,94,0,T,70,3,314,0,384,189,99,8,1,32,-1,28,0,345,-47,5,8
21894,2.34,T,7,0,45,0,2,17,8,1,T,9,0,246,0,1,11,17,2,0,2,0,201,0,-1,-6,9,1
21895,9.59,Z,111,0,386,26,163,196,286,2,T,95,0,579,0,496,271,176,14,0,-16,0,193,-26,333,75,-110,12
21896,10.35,P,23,2,614,0,3,80,40,1,P,18,3,468,1,12,112,39,0,0,-5,1,-146,1,9,32,-1,-1
21897,7.52,P,47,2,676,0,19,141,77,0,Z,76,0,480,0,468,209,193,20,0,29,-2,-196,0,449,68,116,20
21898,5.3,P,23,0,387,0,0,50,38,1,P,19,0,548,0,0,94,36,0,0,-4,0,161,0,0,44,-2,-1
21899,3.17,Z,11,1,139,0,10,17,31,0,T,15,1,115,0,1,39,37,0,1,4,0,-24,0,-9,22,6,0
21900,5.12,P,16,0,140,0,8,34,38,1,P,32,0,92,0,5,62,51,3,1,16,0,-48,0,-3,28,13,2
21901,6.19,P,42,1,337,0,4,142,82,1,P,45,1,483,0,52,189,53,3,1,3,0,146,0,48,47,-29,2
21902,6.57,P,55,2,444,0,326,290,105,4,Z,48,2,603,0,241,130,161,9,0,-7,0,159,0,-85,-160,56,5
21903,9.59,P,71,1,541,0,14,265,157,1,T,102,0,577,0,240,301,169,15,0,31,-1,36,0,226,36,12,14
21904,9.59,T,62,0,795,0,295,138,104,14,Z,50,4,659,0,39,87,156,0,1,-12,4,-136,0,-256,-51,52,-14
21905,9.59,T,50,2,648,0,1,235,97,0,T,62,2,634,0,15,190,92,4,1,12,0,-14,0,14,-45,-5,4
21906,9.58,T,78,3,718,0,493,204,100,4,Z,55,1,595,0,44,122,167,2,0,-23,-2,-123,0,-449,-82,67,-2
21907,8.12,Z,40,6,513,0,36,72,141,9,P,41,2,573,0,8,83,58,0,1,1,-4,60,0,-28,11,-83,-9
21908,9.59,P,39,0,580,0,9,58,47,2,P,45,0,425,0,199,150,72,3,0,6,0,-155,0,190,92,25,1
21909,7.29,Z,39,2,451,0,28,96,118,0,T,23,0,510,0,0,39,57,0,0,-16,-2,59,0,-28,-57,-61,0
21910,6.14,T,46,5,454,0,6,117,65,0,Z,30,1,325,0,54,78,95,4,0,-16,-4,-129,0,48,-39,30,4
21911,9.59,P,89,0,522,0,24,286,95,5,Z,52,6,413,0,94,237,171,11,1,-37,6,-109,0,70,-49,76,6
21912,9.58,T,124,0,887,0,537,288,147,20,T,109,1,593,0,298,297,119,12,1,-15,1,-294,0,-239,9,-28,-8
21913,5.03,T,38,0,332,0,427,120,134,13,P,28,0,184,0,148,103,66,10,1,-10,0,-148,0,-279,-17,-68,-3
21914,1.31,Z,16,0,45,0,0,22,79,0,Z,7,1,86,0,120,44,28,4,0,-9,1,41,0,120,22,-51,4
21915,9.59,Z,53,9,484,0,61,164,164,2,T,49,0,1040,0,21,78,107,4,0,-4,-9,556,0,-40,-86,-57,2
21916,9.59,Z,57,0,316,0,37,170,206,7,P,62,0,845,0,0,211,143,0,0,5,0,529,0,-37,41,-63,-7
21917,9.59,Z,61,3,499,0,89,348,275,0,Z,78,2,461,0,68,193,223,0,0,17,-1,-38,0,-21,-155,-52,0
21918,9.59,T,33,0,538,0,0,112,87,0,Z,59,1,337,0,112,245,281,5,1,26,1,-201,0,112,133,194,5
21919,9.59,P,31,0,178,0,1,323,76,3,Z,39,0,548,0,0,75,169,1,1,8,0,370,0,-1,-248,93,-2
21920,6.31,Z,37,0,213,0,179,119,183,4,Z,42,0,247,0,296,138,144,7,1,5,0,34,0,117,19,-39,3
21921,9.59,T,72,0,568,0,39,241,111,11,P,96,0,460,0,67,497,123,14,1,24,0,-108,0,28,256,12,3
21922,9.58,T,62,2,505,0,3,188,203,5,Z,53,2,283,0,24,178,162,8,1,-9,0,-222,0,21,-10,-41,3
21923,0.03,T,0,0,1,0,0,0,1,0,T,2,0,17,0,24,1,24,3,1,2,0,16,0,24,1,23,3
21924,4.3,T,26,3,255,0,27,54,34,5,Z,22,0,139,0,175,68,96,2,1,-4,-3,-116,0,148,14,62,-3
21925,4.58,T,50,0,332,0,279,97,69,8,Z,37,0,345,0,165,211,197,11,0,-13,0,13,0,-114,114,128,3
21926,6.54,Z,31,0,216,0,114,68,100,4,T,45,5,498,0,122,153,95,3,1,14,5,282,0,8,85,-5,-1
21927,9.59,P,61,0,636,0,19,126,75,10,T,73,0,1179,0,27,239,130,5,0,12,0,543,0,8,113,55,-5
21928,9.59,T,64,0,1054,0,43,212,119,3,T,82,1,1010,0,12,210,158,3,1,18,1,-44,0,-31,-2,39,0
21929,7.48,P,39,1,428,0,2,90,75,0,P,69,1,357,0,161,219,54,11,0,30,0,-71,0,159,129,-21,11
21930,9.59,T,76,7,704,0,490,259,120,1,T,103,0,542,0,593,336,78,11,0,27,-7,-162,0,103,77,-42,10
21931,4.17,T,28,1,279,0,292,90,60,3,T,31,0,234,0,151,66,107,14,1,3,-1,-45,0,-141,-24,47,11
21932,4.27,T,22,0,210,0,0,16,26,0,T,14,0,167,0,0,10,25,0,0,-8,0,-43,0,0,-6,-1,0
21933,8.06,Z,61,6,227,0,405,191,433,10,T,99,3,572,0,673,180,136,6,0,38,-3,345,0,268,-11,-297,-4
21934,9.53,P,64,0,750,0,30,83,54,8,Z,57,0,805,0,16,241,228,6,0,-7,0,55,0,-14,158,174,-2
21935,9.59,Z,68,3,385,0,301,199,174,1,T,75,0,588,0,10,212,125,6,1,7,-3,203,0,-291,13,-49,5
21936,5.09,T,25,2,49,0,2,17,119,0,P,20,0,304,0,0,108,22,0,1,-5,-2,255,0,-2,91,-97,0
21937,5.28,T,46,4,295,0,622,69,173,8,Z,41,1,319,0,271,119,132,8,1,-5,-3,24,0,-351,50,-41,0
21938,3.49,Z,17,0,230,0,0,13,43,0,Z,15,2,219,0,9,71,132,4,0,-2,2,-11,0,9,58,89,4
21939,5,T,18,3,463,0,2,83,28,1,T,18,0,366,0,112,85,54,1,1,0,-3,-97,0,110,2,26,0
21940,7.39,Z,38,1,449,0,354,86,113,10,P,33,0,509,0,22,75,43,4,0,-5,-1,60,0,-332,-11,-70,-6
21941,9.58,T,80,0,411,0,138,241,126,13,Z,68,5,657,0,261,178,204,0,1,-12,5,246,0,123,-63,78,-13
21942,9.59,T,62,0,330,0,46,119,75,7,Z,47,2,682,0,11,74,151,0,1,-15,2,352,0,-35,-45,76,-7
21943,9,T,85,6,566,0,376,331,167,4,T,70,0,294,0,35,358,128,16,0,-15,-6,-272,0,-341,27,-39,12
21944,5.52,T,38,0,280,0,21,209,106,2,Z,26,0,311,0,242,120,192,1,1,-12,0,31,0,221,-89,86,-1
21945,9.59,T,100,1,695,0,483,503,141,8,P,61,0,364,0,21,308,200,5,0,-39,-1,-331,0,-462,-195,59,-3
21946,5.32,Z,35,2,304,0,68,168,129,2,Z,28,3,211,0,39,65,92,3,1,-7,1,-93,0,-29,-103,-37,1
21947,8.1,Z,44,8,180,0,13,107,112,0,T,106,0,259,0,201,206,152,24,1,62,-8,79,0,188,99,40,24
21948,9.59,Z,114,10,488,0,545,277,258,23,P,108,6,456,1,177,374,178,10,0,-6,-4,-32,1,-368,97,-80,-13
21949,9.56,T,36,0,232,0,0,37,56,0,T,34,0,297,0,4,75,83,1,1,-2,0,65,0,4,38,27,1
21950,9.59,T,94,6,855,0,158,315,192,7,Z,40,0,366,0,18,78,141,3,0,-54,-6,-489,0,-140,-237,-51,-4
21951,5.21,Z,52,0,275,45,254,150,271,2,Z,57,2,258,0,211,121,119,2,0,5,2,-17,-45,-43,-29,-152,0
21952,9.06,T,66,2,703,0,68,177,99,8,Z,71,0,672,0,137,316,398,5,1,5,-2,-31,0,69,139,299,-3
21953,6.5,P,23,0,552,0,0,105,44,0,T,40,2,592,0,3,99,124,2,0,17,2,40,0,3,-6,80,2
21954,8.34,Z,40,2,351,0,39,123,131,2,T,83,0,429,0,45,324,227,5,1,43,-2,78,0,6,201,96,3
21955,9.59,P,53,0,865,0,0,59,77,4,P,34,0,442,0,8,69,51,1,0,-19,0,-423,0,8,10,-26,-3
21956,9.59,T,95,3,574,0,330,248,155,12,Z,92,19,460,3,164,147,254,4,1,-3,16,-114,3,-166,-101,99,-8
21957,9.59,Z,61,5,700,0,61,226,201,0,T,62,0,517,0,19,120,103,2,0,1,-5,-183,0,-42,-106,-98,2
21958,9.59,P,61,6,490,0,44,202,72,3,T,79,0,553,0,547,225,237,13,1,18,-6,63,0,503,23,165,10
21959,7.39,P,31,0,461,0,8,135,45,6,T,31,0,172,0,4,51,89,3,1,0,0,-289,0,-4,-84,44,-3
21960,9.59,P,83,0,661,0,62,277,94,10,Z,68,0,534,0,354,265,348,11,1,-15,0,-127,0,292,-12,254,1
21961,9.59,Z,95,6,378,0,643,366,269,17,Z,83,0,775,0,157,485,373,3,0,-12,-6,397,0,-486,119,104,-14
21962,9.39,Z,34,0,338,0,5,147,114,5,P,45,1,348,0,0,82,107,0,0,11,1,10,0,-5,-65,-7,-5
21963,3.29,P,12,1,60,0,18,121,52,0,T,27,0,97,0,4,109,55,4,0,15,-1,37,0,-14,-12,3,4
21964,9.32,T,67,3,492,0,4,208,92,0,Z,65,0,639,0,159,182,195,7,1,-2,-3,147,0,155,-26,103,7
21965,9.06,T,57,3,836,0,7,57,83,0,Z,57,0,431,0,38,112,159,2,1,0,-3,-405,0,31,55,76,2
21966,8.3,Z,46,4,481,0,76,158,141,0,T,67,5,271,0,333,247,75,1,0,21,1,-210,0,257,89,-66,1
21967,9.3,T,148,0,382,0,410,350,216,10,Z,75,11,747,0,511,347,311,4,0,-73,11,365,0,101,-3,95,-6
21968,9.39,P,78,0,643,0,88,272,55,9,T,87,0,634,0,209,343,89,12,1,9,0,-9,0,121,71,34,3
21969,6.47,P,61,3,248,0,248,114,79,7,P,50,4,269,0,303,179,179,5,1,-11,1,21,0,55,65,100,-2
21970,8,P,34,5,921,0,44,78,43,0,T,44,6,471,0,15,25,72,2,1,10,1,-450,0,-29,-53,29,2
21971,3.58,T,19,1,216,0,216,59,31,4,P,23,0,73,0,77,84,94,5,1,4,-1,-143,0,-139,25,63,1
21972,3.27,Z,14,0,98,0,2,55,64,1,Z,11,1,166,0,18,19,36,3,0,-3,1,68,0,16,-36,-28,2
21973,7.13,T,51,0,326,0,232,225,74,11,Z,46,2,307,0,214,139,210,4,0,-5,2,-19,0,-18,-86,136,-7
21974,9.58,T,74,0,780,0,530,182,220,12,Z,53,0,368,0,561,125,195,14,1,-21,0,-412,0,31,-57,-25,2
21975,9.58,T,62,0,437,0,32,96,89,11,T,56,1,569,0,0,190,98,0,0,-6,1,132,0,-32,94,9,-11
21976,9.56,Z,66,3,640,0,37,278,263,10,T,81,2,553,0,248,157,147,2,1,15,-1,-87,0,211,-121,-116,-8
21977,9.58,T,54,5,376,0,8,184,117,1,P,48,0,535,0,16,249,78,2,0,-6,-5,159,0,8,65,-39,1
21978,7.23,T,28,0,149,0,8,75,76,3,T,33,3,470,0,0,98,66,0,1,5,3,321,0,-8,23,-10,-3
21979,9.58,T,62,2,643,0,463,59,65,8,T,66,0,764,0,1,198,144,6,0,4,-2,121,0,-462,139,79,-2
21980,9.59,P,41,1,338,0,7,192,98,0,Z,62,11,610,0,31,62,194,5,1,21,10,272,0,24,-130,96,5
21981,0.47,T,2,0,35,0,0,5,4,0,Z,1,0,65,0,0,8,19,2,1,-1,0,30,0,0,3,15,2
21982,5.29,T,37,0,311,0,710,109,60,7,T,37,0,204,0,13,129,191,6,0,0,0,-107,0,-697,20,131,-1
21983,9.57,P,72,8,570,0,43,249,79,1,T,106,0,493,0,784,398,266,19,1,34,-8,-77,0,741,149,187,18
21984,9.59,T,55,0,310,0,400,229,272,11,T,80,0,685,0,466,175,251,5,1,25,0,375,0,66,-54,-21,-6
21985,8.27,Z,83,6,482,4,472,288,315,8,T,141,5,433,0,433,341,210,24,1,58,-1,-49,-4,-39,53,-105,16
21986,9.59,T,120,0,668,0,363,205,233,20,P,76,12,625,9,301,360,209,4,1,-44,12,-43,9,-62,155,-24,-16
21987,9.05,P,75,1,407,0,210,307,91,7,Z,29,5,510,0,26,132,117,1,0,-46,4,103,0,-184,-175,26,-6
21988,5.5,P,65,0,254,0,375,209,186,27,P,50,2,274,0,432,248,59,13,0,-15,2,20,0,57,39,-127,-14
21989,9.59,Z,57,6,368,0,220,116,427,1,T,101,23,609,0,72,189,116,1,0,44,17,241,0,-148,73,-311,0
21990,5.31,P,33,0,273,1,10,186,37,1,Z,31,3,446,0,28,124,91,0,1,-2,3,173,-1,18,-62,54,-1
21991,3.55,P,23,0,240,0,178,136,31,4,T,32,2,204,0,277,96,58,2,1,9,2,-36,0,99,-40,27,-2
21992,9.02,Z,73,13,422,4,104,71,242,8,Z,51,4,332,0,45,102,146,2,0,-22,-9,-90,-4,-59,31,-96,-6
21993,8.46,P,33,0,950,0,2,151,63,1,Z,55,9,724,0,26,92,195,1,1,22,9,-226,0,24,-59,132,0
21994,5.2,P,32,4,285,0,1,81,51,0,T,46,2,197,0,304,276,165,9,0,14,-2,-88,0,303,195,114,9
21995,6.3,P,26,0,319,0,96,256,70,14,P,32,8,395,0,27,157,49,0,0,6,8,76,0,-69,-99,-21,-14
21996,9.58,P,42,0,516,0,0,91,250,0,Z,45,0,265,0,22,84,155,0,0,3,0,-251,0,22,-7,-95,0
21997,7.44,T,54,11,625,0,458,108,209,0,Z,45,3,183,0,88,126,125,2,0,-9,-8,-442,0,-370,18,-84,2
21998,8.19,P,36,0,266,0,5,69,54,1,T,42,2,500,0,13,140,87,1,1,6,2,234,0,8,71,33,0
21999,9.56,T,78,0,260,0,25,278,194,7,Z,65,8,416,2,79,164,224,1,0,-13,8,156,2,54,-114,30,-6
22000,8.48,Z,46,3,716,0,73,259,161,2,P,64,13,253,0,38,158,72,0,0,18,10,-463,0,-35,-101,-89,-2
22001,7.53,T,58,0,350,0,387,81,58,12,T,75,3,427,0,48,49,90,0,1,17,3,77,0,-339,-32,32,-12
22002,9.03,Z,62,1,412,2,447,258,299,19,Z,74,3,359,0,21,351,211,1,1,12,2,-53,-2,-426,93,-88,-18
22003,1.52,P,10,0,28,0,8,29,5,1,P,7,0,78,0,14,27,43,2,0,-3,0,50,0,6,-2,38,1
22004,4.11,T,24,0,91,0,0,26,50,0,T,24,1,210,0,124,110,27,2,1,0,1,119,0,124,84,-23,2
22005,6.02,Z,23,0,123,0,39,38,101,3,Z,26,2,254,0,21,164,76,1,1,3,2,131,0,-18,126,-25,-2
22006,9.11,T,52,1,700,4,27,113,55,0,T,42,0,344,0,0,43,81,0,1,-10,-1,-356,-4,-27,-70,26,0
22007,5.59,T,46,1,451,0,140,220,40,10,P,30,3,167,0,349,156,139,5,1,-16,2,-284,0,209,-64,99,-5
22008,10.51,Z,88,1,518,0,428,328,379,7,Z,68,0,418,0,37,176,255,4,1,-20,-1,-100,0,-391,-152,-124,-3
22009,7.15,T,89,6,474,0,320,211,170,7,Z,36,0,336,0,35,164,126,7,0,-53,-6,-138,0,-285,-47,-44,0
22010,9.59,T,57,0,1013,0,0,267,79,0,T,36,0,471,0,0,84,72,3,1,-21,0,-542,0,0,-183,-7,3
22011,9.59,P,49,4,895,0,25,294,91,0,Z,59,0,665,0,0,106,193,0,0,10,-4,-230,0,-25,-188,102,0
22012,8.13,T,39,7,391,0,41,213,70,1,T,38,5,622,0,31,90,80,0,0,-1,-2,231,0,-10,-123,10,-1
22013,9.56,T,59,4,426,0,77,162,161,2,Z,49,2,733,0,11,126,158,0,1,-10,-2,307,0,-66,-36,-3,-2
22014,9.46,Z,75,2,412,0,585,363,254,7,P,74,1,330,0,139,405,199,8,1,-1,-1,-82,0,-446,42,-55,1
22015,7.07,P,23,0,404,0,0,127,47,1,P,35,0,352,0,42,99,49,6,1,12,0,-52,0,42,-28,2,5
22016,6.25,T,77,2,294,0,619,98,139,7,Z,40,0,305,0,127,116,116,5,0,-37,-2,11,0,-492,18,-23,-2
22017,9.59,P,57,0,342,0,15,187,140,6,Z,51,5,500,0,428,258,204,5,0,-6,5,158,0,413,71,64,-1
22018,2.09,P,11,0,41,0,28,52,31,4,P,10,0,174,0,90,75,8,2,1,-1,0,133,0,62,23,-23,-2
22019,5.35,P,22,0,329,0,1,89,30,2,P,18,0,230,0,0,51,25,0,1,-4,0,-99,0,-1,-38,-5,-2
22020,9.58,T,98,2,656,0,555,314,72,7,T,49,0,729,0,54,218,98,3,0,-49,-2,73,0,-501,-96,26,-4
22021,7.51,Z,63,0,458,0,151,186,301,6,T,58,0,743,0,17,162,177,6,1,-5,0,285,0,-134,-24,-124,0
22022,9.42,P,56,0,585,0,12,254,72,4,T,84,2,384,0,71,298,123,7,1,28,2,-201,0,59,44,51,3
22023,9.24,P,41,3,582,0,13,81,77,9,T,60,3,460,0,158,94,153,6,1,19,0,-122,0,145,13,76,-3
22024,4.44,T,23,1,284,3,79,54,54,2,Z,16,0,300,0,2,52,86,1,1,-7,-1,16,-3,-77,-2,32,-1
22025,7.4,T,45,0,508,0,24,183,103,5,T,56,4,477,0,139,159,121,4,0,11,4,-31,0,115,-24,18,-1
22026,4.2,P,22,0,217,0,63,126,33,1,Z,22,4,73,0,141,87,221,7,1,0,4,-144,0,78,-39,188,6
22027,6.04,T,45,4,285,0,40,73,36,5,T,40,0,303,0,113,126,94,5,1,-5,-4,18,0,73,53,58,0
22028,6.51,T,46,0,242,0,502,180,168,12,P,49,2,255,0,90,161,130,3,0,3,2,13,0,-412,-19,-38,-9
22029,6.08,T,40,0,368,0,0,54,62,1,T,35,5,200,0,4,69,61,4,0,-5,5,-168,0,4,15,-1,3
22030,9.58,Z,88,0,485,0,427,222,362,8,T,118,0,776,0,195,228,200,9,1,30,0,291,0,-232,6,-162,1
22031,10.09,T,105,4,641,0,94,358,154,10,Z,68,16,469,0,419,368,321,5,1,-37,12,-172,0,325,10,167,-5
22032,9.59,P,79,5,544,0,106,230,112,7,T,59,6,491,0,37,78,83,0,1,-20,1,-53,0,-69,-152,-29,-7
22033,9.58,Z,39,0,542,0,55,70,150,8,T,55,0,988,0,27,58,61,6,1,16,0,446,0,-28,-12,-89,-2
22034,8,Z,53,6,397,2,84,255,183,9,Z,62,3,596,0,110,213,155,4,1,9,-3,199,-2,26,-42,-28,-5
22035,0.32,Z,3,0,17,0,6,6,9,1,Z,3,1,50,0,1,16,7,0,0,0,1,33,0,-5,10,-2,-1
22036,5.17,Z,26,0,269,0,27,28,63,2,P,30,0,283,0,521,189,91,6,1,4,0,14,0,494,161,28,4
22037,1.55,P,10,0,64,0,0,38,17,0,P,6,1,89,0,18,58,9,0,0,-4,1,25,0,18,20,-8,0
22038,9.59,P,72,9,545,0,91,112,81,5,T,62,2,478,0,4,102,108,1,0,-10,-7,-67,0,-87,-10,27,-4
22039,9.59,Z,62,3,405,0,326,125,207,6,T,85,0,679,8,102,281,119,1,0,23,-3,274,8,-224,156,-88,-5
22040,10.54,P,54,3,622,0,24,203,90,14,Z,75,2,456,0,40,93,216,1,1,21,-1,-166,0,16,-110,126,-13
22041,9.4,P,43,7,377,0,40,140,52,1,T,72,2,974,0,56,162,99,3,1,29,-5,597,0,16,22,47,2
22042,9.09,Z,75,0,621,0,186,339,355,7,T,102,5,496,0,313,278,211,3,1,27,5,-125,0,127,-61,-144,-4
22043,8.58,Z,56,13,698,1,45,152,189,1,P,68,4,671,0,104,360,184,2,0,12,-9,-27,-1,59,208,-5,1
22044,10.3,Z,64,8,468,0,109,245,211,4,Z,66,0,744,11,52,177,213,0,0,2,-8,276,11,-57,-68,2,-4
22045,9.55,P,141,0,605,0,390,242,125,18,Z,78,3,526,0,478,251,410,4,0,-63,3,-79,0,88,9,285,-14
22046,9.59,Z,77,3,432,0,1029,300,322,8,T,123,4,457,0,472,409,147,43,0,46,1,25,0,-557,109,-175,35
22047,7.32,P,38,0,428,0,17,162,86,8,T,42,2,435,0,23,196,59,3,1,4,2,7,0,6,34,-27,-5
22048,6.27,P,36,0,401,0,9,161,68,3,Z,23,6,362,0,62,118,139,1,1,-13,6,-39,0,53,-43,71,-2
22049,8.4,P,36,0,653,0,0,308,86,0,T,54,2,696,0,3,196,87,0,1,18,2,43,0,3,-112,1,0
22050,8.53,P,31,0,567,0,0,151,56,0,T,65,0,290,1,197,279,159,12,1,34,0,-277,1,197,128,103,12
22051,9.26,P,38,0,465,0,944,132,50,7,T,59,13,335,0,100,114,100,1,0,21,13,-130,0,-844,-18,50,-6
22052,5.26,Z,35,2,216,0,173,92,218,4,P,44,9,317,0,378,132,69,10,1,9,7,101,0,205,40,-149,6
22053,9.58,T,78,5,327,0,82,222,136,6,Z,67,1,605,0,104,193,283,0,0,-11,-4,278,0,22,-29,147,-6
22054,7.52,T,60,6,483,0,424,273,173,4,Z,68,0,301,0,216,380,200,8,0,8,-6,-182,0,-208,107,27,4
22055,10.08,Z,92,10,481,0,217,200,357,4,T,107,4,742,0,323,240,209,10,1,15,-6,261,0,106,40,-148,6
22056,7.37,T,54,1,317,0,650,270,154,10,T,97,2,414,0,173,255,115,7,1,43,1,97,0,-477,-15,-39,-3
22057,9.56,T,91,6,667,0,56,151,96,7,P,41,0,373,0,6,129,49,5,0,-50,-6,-294,0,-50,-22,-47,-2
22058,9.55,P,42,0,676,0,0,486,43,0,T,27,0,195,0,0,11,41,0,0,-15,0,-481,0,0,-475,-2,0
22059,9.07,Z,79,13,250,0,61,135,181,1,T,117,5,579,1,128,290,120,1,0,38,-8,329,1,67,155,-61,0
22060,2.54,T,15,0,184,0,5,43,26,6,Z,11,0,40,0,11,23,25,0,1,-4,0,-144,0,6,-20,-1,-6
22061,3.52,Z,13,0,265,0,44,67,48,2,Z,15,0,261,0,108,100,117,3,0,2,0,-4,0,64,33,69,1
22062,7.27,Z,34,5,525,0,387,199,240,10,Z,43,0,589,0,462,128,128,8,0,9,-5,64,0,75,-71,-112,-2
22063,8.08,Z,41,0,541,0,32,167,265,2,P,67,0,326,0,120,345,229,8,0,26,0,-215,0,88,178,-36,6
22064,9.57,T,62,4,565,3,345,316,93,0,Z,58,0,773,0,0,104,193,0,0,-4,-4,208,-3,-345,-212,100,0
22065,8.03,T,50,0,507,0,22,107,69,8,P,30,4,689,0,27,29,25,0,1,-20,4,182,0,5,-78,-44,-8
22066,4.38,Z,23,1,112,0,382,42,77,3,Z,25,0,153,0,220,94,190,3,0,2,-1,41,0,-162,52,113,0
22067,9.59,Z,72,0,678,0,33,155,230,6,T,58,0,561,0,36,154,142,4,1,-14,0,-117,0,3,-1,-88,-2
22068,9.5,T,45,0,317,0,31,180,138,16,P,51,0,555,0,26,241,90,2,0,6,0,238,0,-5,61,-48,-14
22069,9.22,T,119,3,291,0,334,239,159,7,P,64,0,605,0,49,473,80,2,0,-55,-3,314,0,-285,234,-79,-5
22070,10,P,20,0,467,0,0,60,24,0,P,53,0,352,0,0,116,97,1,1,33,0,-115,0,0,56,73,1
22071,7.44,T,57,0,486,0,42,253,87,8,T,47,0,645,0,104,217,108,5,1,-10,0,159,0,62,-36,21,-3
22072,5.5,T,20,0,282,0,0,38,55,0,P,18,0,418,0,16,72,23,4,0,-2,0,136,0,16,34,-32,4
22073,7.25,T,35,0,281,0,3,152,71,3,T,53,0,447,0,124,215,83,8,1,18,0,166,0,121,63,12,5
22074,5.18,Z,22,0,268,0,27,16,75,3,T,50,0,229,0,543,64,82,5,1,28,0,-39,0,516,48,7,2
22075,6.3,Z,44,4,379,0,73,175,140,6,Z,33,8,374,0,479,307,295,13,1,-11,4,-5,0,406,132,155,7
22076,9.59,T,100,0,555,0,173,297,152,8,Z,57,13,465,0,77,136,249,0,1,-43,13,-90,0,-96,-161,97,-8
22077,3.05,Z,11,0,144,0,0,21,35,0,Z,8,0,23,0,0,12,44,0,1,-3,0,-121,0,0,-9,9,0
22078,7.18,P,50,4,336,0,480,206,54,5,P,54,5,429,0,601,278,96,11,0,4,1,93,0,121,72,42,6
22079,6.03,P,41,0,253,0,39,97,26,4,P,44,2,132,0,263,89,30,6,1,3,2,-121,0,224,-8,4,2
22080,9.59,Z,58,0,215,0,32,105,274,5,P,62,0,583,0,12,267,111,3,1,4,0,368,0,-20,162,-163,-2
22081,5.32,T,31,0,212,0,105,261,140,7,P,30,0,203,0,53,261,69,3,1,-1,0,-9,0,-52,0,-71,-4
22082,3.19,T,14,4,50,0,29,16,113,0,T,16,1,68,0,346,44,157,3,1,2,-3,18,0,317,28,44,3
22083,8.52,P,24,0,343,0,9,206,45,2,P,29,0,426,0,0,136,54,0,0,5,0,83,0,-9,-70,9,-2
22084,9.59,Z,45,1,380,0,13,191,119,0,Z,65,0,502,0,30,170,206,7,0,20,-1,122,0,17,-21,87,7
22085,10.27,Z,57,5,368,0,103,151,200,1,P,58,1,410,0,89,85,88,5,1,1,-4,42,0,-14,-66,-112,4
22086,9.57,T,43,0,704,0,0,195,107,1,P,49,0,556,0,0,110,68,1,1,6,0,-148,0,0,-85,-39,0
22087,9.59,T,122,10,734,0,512,231,123,6,T,133,0,530,21,684,214,305,2,1,11,-10,-204,21,172,-17,182,-4
22088,6.27,P,30,0,633,0,0,140,40,0,Z,44,3,531,0,297,98,263,10,1,14,3,-102,0,297,-42,223,10
22089,4.01,Z,18,2,219,0,153,67,98,5,Z,12,0,137,0,315,55,191,5,1,-6,-2,-82,0,162,-12,93,0
22090,9.55,T,30,0,371,0,0,15,43,0,P,24,0,214,0,0,37,54,0,1,-6,0,-157,0,0,22,11,0
22091,3.3,T,15,0,116,0,3,24,25,3,P,11,0,105,0,13,41,162,3,0,-4,0,-11,0,10,17,137,0
22092,10.15,P,37,0,575,0,0,205,127,0,Z,52,0,458,0,7,149,214,2,1,15,0,-117,0,7,-56,87,2
22093,9.25,T,91,4,383,0,98,221,117,2,P,52,6,572,0,24,95,61,0,0,-39,2,189,0,-74,-126,-56,-2
22094,3.38,T,17,1,186,0,0,82,118,1,P,18,0,245,0,1,66,29,1,1,1,-1,59,0,1,-16,-89,0
22095,8.48,Z,58,5,277,0,42,82,183,0,P,48,4,665,0,11,365,113,0,0,-10,-1,388,0,-31,283,-70,0
22096,5.52,Z,21,0,239,0,3,55,84,4,P,19,0,309,0,4,57,27,2,1,-2,0,70,0,1,2,-57,-2
22097,2.45,P,12,1,82,0,94,47,84,4,Z,8,0,50,0,60,24,50,7,1,-4,-1,-32,0,-34,-23,-34,3
22098,7.38,T,57,3,559,0,23,95,67,0,P,24,0,683,0,1,35,51,2,0,-33,-3,124,0,-22,-60,-16,2
22099,3.24,P,13,0,17,0,224,112,61,2,P,16,0,175,0,102,58,84,2,0,3,0,158,0,-122,-54,23,0
22100,9.07,T,53,0,827,0,1,154,80,4,P,41,0,487,0,19,220,51,5,1,-12,0,-340,0,18,66,-29,1
22101,4.18,P,16,3,66,0,85,48,15,1,P,18,0,268,0,0,72,29,0,0,2,-3,202,0,-85,24,14,-1
22102,9.59,T,48,0,1274,0,6,127,97,5,P,43,3,433,0,3,136,59,0,0,-5,3,-841,0,-3,9,-38,-5
22103,5.36,T,50,2,236,0,144,189,65,4,T,35,3,362,0,63,92,59,5,1,-15,1,126,0,-81,-97,-6,1
22104,7.01,T,66,2,417,0,89,128,118,9,P,37,0,217,0,22,160,95,19,0,-29,-2,-200,0,-67,32,-23,10
22105,6.45,P,25,0,217,1,2,12,30,0,T,36,6,647,0,2,29,60,0,1,11,6,430,-1,0,17,30,0
22106,9.18,Z,60,6,569,0,46,61,153,1,P,45,2,654,0,80,235,122,2,0,-15,-4,85,0,34,174,-31,1
22107,5.53,Z,20,1,390,0,37,23,83,1,Z,29,0,382,0,40,102,111,2,0,9,-1,-8,0,3,79,28,1
22108,9.59,T,70,0,523,0,28,188,128,11,T,76,6,450,0,38,203,112,0,0,6,6,-73,0,10,15,-16,-11
22109,7.46,Z,71,0,371,0,158,249,217,5,Z,54,1,377,0,282,140,146,8,0,-17,1,6,0,124,-109,-71,3
22110,9.59,Z,71,0,385,0,237,202,411,6,T,105,0,380,0,38,155,218,6,0,34,0,-5,0,-199,-47,-193,0
22111,6.5,T,43,1,537,0,5,159,138,2,P,31,0,385,0,116,105,53,6,0,-12,-1,-152,0,111,-54,-85,4
22112,3.27,T,10,1,81,0,1,18,61,1,T,16,0,156,0,228,85,101,6,1,6,-1,75,0,227,67,40,5
22113,3.14,T,17,6,72,0,142,66,39,3,T,22,4,148,0,41,54,37,0,0,5,-2,76,0,-101,-12,-2,-3
22114,7,T,96,0,438,0,371,227,104,12,P,66,4,419,0,195,259,111,7,1,-30,4,-19,0,-176,32,7,-5
22115,5.49,Z,18,0,293,0,105,66,171,0,P,31,4,479,0,17,72,44,1,1,13,4,186,0,-88,6,-127,1
22116,6.09,P,32,9,180,0,291,126,51,0,Z,35,3,417,0,445,104,123,13,1,3,-6,237,0,154,-22,72,13
22117,9.58,P,62,4,313,0,502,272,92,8,P,75,0,604,0,17,157,91,3,1,13,-4,291,0,-485,-115,-1,-5
22118,5.06,P,23,0,231,0,2,55,29,0,T,22,1,492,0,1,35,49,2,0,-1,1,261,0,-1,-20,20,2
22119,9.26,T,76,2,617,0,13,257,131,3,Z,69,4,489,0,360,198,197,7,1,-7,2,-128,0,347,-59,66,4
22120,9.53,Z,26,0,163,0,0,24,132,2,Z,32,0,683,0,1,104,140,0,1,6,0,520,0,1,80,8,-2
22121,7.11,T,58,4,370,0,335,230,156,3,Z,37,1,218,0,38,100,128,0,1,-21,-3,-152,0,-297,-130,-28,-3
22122,2.31,Z,10,1,75,0,17,39,38,0,Z,9,1,240,0,42,34,37,2,1,-1,0,165,0,25,-5,-1,2
22123,4.1,T,25,0,165,0,1,39,47,2,Z,16,4,56,0,21,35,42,0,1,-9,4,-109,0,20,-4,-5,-2
22124,10.09,Z,99,0,581,0,115,353,321,7,Z,111,3,594,0,723,411,392,22,1,12,3,13,0,608,58,71,15
22125,7.28,Z,47,12,489,0,448,182,181,0,T,62,0,192,0,153,202,129,9,1,15,-12,-297,0,-295,20,-52,9
22126,4.27,P,30,2,47,0,445,111,46,3,T,20,0,340,0,0,58,31,1,0,-10,-2,293,0,-445,-53,-15,-2
22127,8.28,T,58,0,385,0,381,79,223,7,P,49,0,760,0,92,207,169,6,1,-9,0,375,0,-289,128,-54,-1
22128,5.33,P,32,1,202,0,29,64,41,2,T,21,2,385,0,504,36,17,1,0,-11,1,183,0,475,-28,-24,-1
22129,4.3,Z,18,2,178,0,26,77,99,0,Z,25,2,200,0,22,109,73,0,1,7,0,22,0,-4,32,-26,0
22130,7.33,Z,35,0,289,0,33,82,116,4,Z,33,0,450,0,14,56,94,3,1,-2,0,161,0,-19,-26,-22,-1
22131,10.13,P,70,2,702,0,25,144,104,2,Z,76,0,697,0,64,290,244,14,1,6,-2,-5,0,39,146,140,12
22132,9.59,Z,78,7,404,0,171,233,372,12,T,123,11,407,0,177,309,125,6,0,45,4,3,0,6,76,-247,-6
22133,9.54,T,85,0,710,0,232,101,171,10,T,81,7,593,0,65,160,76,13,1,-4,7,-117,0,-167,59,-95,3
22134,5.51,P,42,0,268,0,244,160,241,9,T,43,2,410,0,474,97,89,8,1,1,2,142,0,230,-63,-152,-1
22135,9.58,T,53,1,427,0,19,44,64,4,Z,47,10,439,0,68,153,228,4,1,-6,9,12,0,49,109,164,0
22136,6.44,P,34,0,438,0,4,112,43,5,Z,29,3,170,1,34,62,101,0,1,-5,3,-268,1,30,-50,58,-5
22137,8.27,Z,45,0,562,0,2,67,120,6,T,58,3,732,0,283,278,173,0,1,13,3,170,0,281,211,53,-6
22138,6.57,T,23,0,642,0,0,57,61,0,P,26,0,288,0,0,86,208,0,1,3,0,-354,0,0,29,147,0
22139,10.52,Z,72,2,489,0,131,270,219,7,T,67,0,790,0,43,124,104,8,1,-5,-2,301,0,-88,-146,-115,1
22140,9.58,T,34,0,286,0,0,23,59,0,Z,72,8,363,0,47,67,180,0,1,38,8,77,0,47,44,121,0
22141,5.39,Z,32,0,323,0,13,118,110,4,T,31,0,398,0,252,57,57,14,1,-1,0,75,0,239,-61,-53,10
22142,4.32,P,27,1,348,0,475,114,94,3,Z,26,2,203,0,132,68,88,3,0,-1,1,-145,0,-343,-46,-6,0
22143,9.55,T,68,6,666,0,59,113,66,1,Z,90,6,769,0,88,325,256,2,1,22,0,103,0,29,212,190,1
22144,7.05,Z,35,0,303,0,25,132,238,5,T,48,3,429,0,45,70,39,0,1,13,3,126,0,20,-62,-199,-5
22145,6.07,P,30,5,406,0,36,60,22,0,Z,41,6,136,0,27,76,119,1,1,11,1,-270,0,-9,16,97,1
22146,8.45,Z,39,0,488,0,41,66,145,8,P,28,0,561,0,4,196,64,3,0,-11,0,73,0,-37,130,-81,-5
22147,9.59,T,64,0,764,0,64,250,91,5,T,63,1,748,0,17,73,101,2,0,-1,1,-16,0,-47,-177,10,-3
22148,8.07,P,73,0,499,0,7,288,136,5,T,102,0,381,0,81,223,97,4,1,29,0,-118,0,74,-65,-39,-1
22149,10.55,P,98,8,481,0,83,299,86,12,Z,49,0,438,0,31,126,206,11,0,-49,-8,-43,0,-52,-173,120,-1
22150,4.57,P,22,0,85,0,3,39,45,1,P,26,0,177,0,32,107,25,3,1,4,0,92,0,29,68,-20,2
22151,10.41,T,129,5,317,0,199,318,193,4,P,79,0,427,0,126,222,188,7,0,-50,-5,110,0,-73,-96,-5,3
22152,9.59,P,60,0,372,0,20,158,96,5,T,72,0,528,0,46,179,122,12,0,12,0,156,0,26,21,26,7
22153,9.59,Z,91,15,355,0,383,288,311,8,P,72,0,417,0,47,147,77,8,0,-19,-15,62,0,-336,-141,-234,0
22154,9.59,Z,83,3,514,0,70,284,235,8,P,94,7,392,0,370,220,154,7,1,11,4,-122,0,300,-64,-81,-1
22155,9.58,P,36,0,601,0,1,112,40,3,P,50,0,681,0,8,140,129,4,0,14,0,80,0,7,28,89,1
22156,9.59,Z,86,0,457,0,96,144,256,1,T,91,0,660,0,354,215,275,12,0,5,0,203,0,258,71,19,11
22157,8.21,P,32,0,562,0,0,76,45,0,P,35,4,782,0,23,122,36,0,1,3,4,220,0,23,46,-9,0
22158,7.41,T,56,0,658,0,83,185,143,14,T,52,0,224,0,11,247,104,4,1,-4,0,-434,0,-72,62,-39,-10
22159,6.18,T,32,0,313,0,0,116,41,0,P,18,2,433,0,3,95,41,0,0,-14,2,120,0,3,-21,0,0
22160,9.59,T,48,0,789,0,0,73,102,0,P,49,3,896,0,1,232,101,1,1,1,3,107,0,1,159,-1,1
22161,9.58,P,40,6,481,0,17,45,62,2,T,52,9,831,0,16,163,188,0,0,12,3,350,0,-1,118,126,-2
22162,6.06,P,43,0,373,0,7,179,107,1,P,39,3,277,0,12,128,50,0,1,-4,3,-96,0,5,-51,-57,-1
22163,3.52,Z,12,0,80,0,0,9,106,0,Z,14,0,120,0,13,15,32,1,1,2,0,40,0,13,6,-74,1
22164,9.59,T,50,0,620,0,3,103,96,6,P,49,0,422,0,24,156,69,4,1,-1,0,-198,0,21,53,-27,-2
22165,5.4,T,31,1,196,0,1004,66,34,0,P,8,0,491,0,0,29,26,0,0,-23,-1,295,0,-1004,-37,-8,0
22166,4.07,T,34,0,217,0,64,123,43,12,P,23,2,282,0,490,129,163,7,0,-11,2,65,0,426,6,120,-5
22167,9.59,Z,68,0,910,0,67,141,218,7,T,117,6,494,0,398,274,181,2,1,49,6,-416,0,331,133,-37,-5
22168,3.15,P,21,11,157,0,363,102,67,3,T,22,0,179,0,64,111,71,0,0,1,-11,22,0,-299,9,4,-3
22169,9.13,Z,61,6,719,0,438,220,140,5,Z,62,1,464,0,146,315,236,2,1,1,-5,-255,0,-292,95,96,-3
22170,6.48,T,39,3,601,0,40,58,77,3,P,24,0,182,0,3,63,40,1,0,-15,-3,-419,0,-37,5,-37,-2
22171,10.01,Z,81,10,808,0,107,145,317,11,T,56,0,464,0,0,123,215,2,0,-25,-10,-344,0,-107,-22,-102,-9
22172,9.38,Z,84,7,767,0,107,264,229,7,Z,92,6,574,0,319,275,322,9,1,8,-1,-193,0,212,11,93,2
22173,7.27,P,68,1,309,0,390,321,188,16,P,72,2,479,2,173,288,130,7,0,4,1,170,2,-217,-33,-58,-9
22174,9.23,P,69,4,418,0,53,330,57,10,T,107,0,396,0,81,352,123,17,1,38,-4,-22,0,28,22,66,7
22175,9.59,T,47,6,622,0,31,99,84,2,P,57,0,426,0,37,129,65,5,1,10,-6,-196,0,6,30,-19,3
22176,6.06,T,49,0,550,0,151,145,82,4,P,49,0,244,0,355,282,67,8,0,0,0,-306,0,204,137,-15,4
22177,5.14,P,32,0,258,0,119,170,135,7,T,51,0,376,0,243,232,181,14,1,19,0,118,0,124,62,46,7
22178,10.39,T,116,4,674,0,296,387,126,4,P,67,0,665,0,85,228,190,7,0,-49,-4,-9,0,-211,-159,64,3
22179,5.1,P,26,0,219,0,17,53,30,8,T,29,1,397,0,212,106,105,4,0,3,1,178,0,195,53,75,-4
22180,5.25,T,45,0,176,0,305,199,91,6,Z,44,8,254,0,138,102,168,6,0,-1,8,78,0,-167,-97,77,0
22181,9.59,T,70,3,1177,0,41,189,194,3,T,64,0,819,0,42,230,157,2,0,-6,-3,-358,0,1,41,-37,-1
22182,4.13,P,24,0,135,0,60,121,85,2,T,22,0,287,0,14,42,51,5,1,-2,0,152,0,-46,-79,-34,3
22183,9.34,T,77,0,828,0,320,284,251,10,T,80,0,284,0,86,140,152,14,0,3,0,-544,0,-234,-144,-99,4
22184,9.59,P,57,0,768,0,0,279,112,0,P,74,0,781,7,19,163,116,0,1,17,0,13,7,19,-116,4,0
22185,8.39,T,33,0,215,0,5,82,68,1,T,25,0,258,0,0,49,42,0,1,-8,0,43,0,-5,-33,-26,-1
22186,9.23,T,51,0,367,0,208,160,154,9,Z,62,5,752,0,236,290,266,1,1,11,5,385,0,28,130,112,-8
22187,6.31,P,50,0,557,0,21,145,79,2,Z,41,3,371,5,346,154,109,3,1,-9,3,-186,5,325,9,30,1
22188,9.59,Z,52,13,398,0,109,111,201,8,T,54,0,681,0,1,149,96,2,0,2,-13,283,0,-108,38,-105,-6
22189,7.17,T,70,0,477,0,529,172,109,20,T,51,3,606,0,616,199,74,0,0,-19,3,129,0,87,27,-35,-20
22190,9.59,T,120,5,680,0,136,296,146,7,Z,116,0,428,0,156,358,280,29,1,-4,-5,-252,0,20,62,134,22
22191,8.39,T,102,6,623,0,136,148,98,0,Z,54,2,499,0,101,139,353,7,0,-48,-4,-124,0,-35,-9,255,7
22192,4.41,Z,20,0,381,0,5,92,155,1,P,30,1,312,0,125,145,73,13,1,10,1,-69,0,120,53,-82,12
22193,9.59,P,48,0,585,0,0,399,47,0,Z,20,0,766,0,0,104,132,0,1,-28,0,181,0,0,-295,85,0
22194,0.51,Z,1,0,13,0,15,6,26,1,Z,2,0,21,0,1,3,9,2,0,1,0,8,0,-14,-3,-17,1
22195,2.55,P,14,2,155,0,78,66,59,4,Z,8,6,248,0,29,42,64,0,1,-6,4,93,0,-49,-24,5,-4
22196,6.11,Z,41,0,120,0,17,56,119,2,Z,42,1,286,0,443,118,167,2,0,1,1,166,0,426,62,48,0
22197,10.1,T,118,0,338,0,44,272,187,8,T,64,0,604,0,67,272,194,5,0,-54,0,266,0,23,0,7,-3
22198,4.5,Z,22,0,329,0,385,93,222,9,P,30,0,407,0,130,162,52,5,0,8,0,78,0,-255,69,-170,-4
22199,9.59,Z,90,24,436,14,185,629,436,9,Z,79,10,457,0,117,301,249,11,1,-11,-14,21,-14,-68,-328,-187,2
22200,10.11,P,63,0,586,0,29,141,135,8,Z,42,0,379,0,34,82,152,17,0,-21,0,-207,0,5,-59,17,9
22201,10.56,Z,103,6,647,0,564,373,350,12,P,73,0,780,0,104,506,111,13,0,-30,-6,133,0,-460,133,-239,1
22202,7.5,T,78,0,601,0,134,222,167,4,P,51,0,238,0,205,247,121,3,0,-27,0,-363,0,71,25,-46,-1
22203,8.18,T,53,1,264,0,42,108,55,6,T,45,0,547,0,82,107,52,8,1,-8,-1,283,0,40,-1,-3,2
22204,7.03,T,40,2,548,0,791,72,193,5,Z,32,3,206,0,59,102,161,8,0,-8,1,-342,0,-732,30,-32,3
22205,8.36,T,55,0,785,0,4,111,109,4,Z,51,4,651,0,19,84,158,1,1,-4,4,-134,0,15,-27,49,-3
22206,9.59,T,124,0,766,0,212,443,285,15,Z,72,0,532,0,110,375,357,6,0,-52,0,-234,0,-102,-68,72,-9
22207,8,P,29,0,123,0,0,146,54,0,P,26,0,694,0,9,218,83,5,0,-3,0,571,0,9,72,29,5
22208,9.59,T,73,9,346,0,33,85,75,2,P,57,0,704,0,28,230,88,4,1,-16,-9,358,0,-5,145,13,2
22209,5.04,Z,29,1,193,0,317,93,137,3,T,44,0,227,0,354,215,89,13,1,15,-1,34,0,37,122,-48,10
22210,9.59,T,82,3,723,0,293,293,119,7,Z,80,0,647,0,36,211,219,8,1,-2,-3,-76,0,-257,-82,100,1
22211,8.07,T,40,0,698,0,0,205,102,2,T,52,2,608,1,331,149,115,0,1,12,2,-90,1,331,-56,13,-2
22212,9.47,Z,44,10,472,0,221,211,246,13,Z,64,10,386,0,111,164,190,1,1,20,0,-86,0,-110,-47,-56,-12
22213,6.41,Z,34,0,428,0,17,195,135,11,Z,31,9,238,0,139,178,249,0,0,-3,9,-190,0,122,-17,114,-11
22214,9.59,T,81,0,685,0,775,160,228,21,T,69,0,644,0,26,295,140,14,1,-12,0,-41,0,-749,135,-88,-7
22215,6.13,Z,21,0,90,0,15,96,64,1,T,36,2,342,0,31,190,23,1,0,15,2,252,0,16,94,-41,0
22216,9.59,Z,66,12,539,0,99,137,256,2,P,63,4,590,0,70,105,86,6,1,-3,-8,51,0,-29,-32,-170,4
22217,7.18,P,38,5,475,0,71,32,36,5,Z,33,0,278,0,9,40,128,1,1,-5,-5,-197,0,-62,8,92,-4
22218,10.3,P,45,13,498,0,21,219,131,1,Z,54,5,782,0,6,96,177,3,0,9,-8,284,0,-15,-123,46,2
22219,5.14,Z,25,0,198,0,32,37,134,5,P,29,4,431,0,359,68,41,2,1,4,4,233,0,327,31,-93,-3
22220,6.27,T,32,0,375,0,0,12,47,0,P,32,3,276,0,9,62,60,0,1,0,3,-99,0,9,50,13,0
22221,10.1,P,42,0,870,0,42,240,41,5,T,44,0,35,0,4,36,59,5,0,2,0,-835,0,-38,-204,18,0
22222,9.57,Z,64,2,643,0,7,152,184,5,T,39,0,1014,0,1,166,71,1,0,-25,-2,371,0,-6,14,-113,-4
22223,3.46,P,18,0,161,0,1,54,31,1,P,10,0,142,0,11,100,26,4,1,-8,0,-19,0,10,46,-5,3
22224,8.39,Z,37,0,602,0,5,108,159,0,Z,26,0,279,0,52,110,124,1,0,-11,0,-323,0,47,2,-35,1
22225,6.06,T,42,3,518,0,36,97,103,4,P,31,5,273,0,144,168,130,0,0,-11,2,-245,0,108,71,27,-4
22226,7.49,P,37,1,465,0,15,142,36,2,P,24,0,363,0,0,99,39,0,1,-13,-1,-102,0,-15,-43,3,-2
22227,10.04,Z,40,1,434,0,48,70,128,1,P,78,8,340,0,503,122,58,9,1,38,7,-94,0,455,52,-70,8
22228,4.45,T,19,3,177,0,9,56,27,0,T,38,0,91,0,486,86,58,21,1,19,-3,-86,0,477,30,31,21
22229,8.16,Z,35,4,405,0,39,176,116,0,T,26,0,505,0,0,25,71,0,0,-9,-4,100,0,-39,-151,-45,0
22230,9.59,Z,54,7,550,0,93,244,195,5,Z,71,2,451,0,433,246,256,9,0,17,-5,-99,0,340,2,61,4
22231,4.17,Z,21,0,104,0,0,27,55,0,T,29,0,111,3,24,60,21,0,0,8,0,7,3,24,33,-34,0
22232,5.47,T,21,2,307,0,1,82,56,0,T,39,0,243,0,55,104,96,6,1,18,-2,-64,0,54,22,40,6
22233,9,T,78,0,562,0,3,136,120,4,Z,45,0,315,0,23,195,230,10,0,-33,0,-247,0,20,59,110,6
22234,9.53,Z,59,0,334,0,60,163,169,4,T,74,3,876,0,40,166,111,3,1,15,3,542,0,-20,3,-58,-1
22235,7.01,Z,35,1,255,0,2,86,113,0,Z,44,0,290,0,0,103,100,0,0,9,-1,35,0,-2,17,-13,0
22236,4.28,T,26,2,281,0,10,54,34,0,T,24,2,320,0,3,19,51,1,1,-2,0,39,0,-7,-35,17,1
22237,9.59,P,50,0,906,4,31,197,61,1,P,37,7,777,0,17,88,62,0,0,-13,7,-129,-4,-14,-109,1,-1
22238,8.28,P,39,0,359,0,10,53,63,6,P,14,0,461,0,1,19,14,0,0,-25,0,102,0,-9,-34,-49,-6
22239,10.08,P,56,8,478,0,40,139,59,0,T,68,8,586,0,46,201,105,0,0,12,0,108,0,6,62,46,0
22240,8.44,T,79,12,493,0,1124,185,192,9,P,46,0,548,0,3,155,52,1,0,-33,-12,55,0,-1121,-30,-140,-8
22241,6.08,P,37,2,334,0,438,84,43,13,Z,45,9,120,0,80,84,212,0,0,8,7,-214,0,-358,0,169,-13
22242,3.17,T,10,0,205,0,24,59,51,1,P,10,0,89,0,18,124,8,3,1,0,0,-116,0,-6,65,-43,2
22243,6.05,P,43,0,305,0,432,169,75,9,Z,58,0,603,0,63,146,154,4,1,15,0,298,0,-369,-23,79,-5
22244,9.59,T,125,0,719,0,320,326,277,9,Z,84,0,514,0,77,297,285,11,1,-41,0,-205,0,-243,-29,8,2
22245,5.22,Z,34,0,171,0,19,81,96,1,Z,39,1,164,0,36,158,132,1,0,5,1,-7,0,17,77,36,0
22246,9.1,T,78,6,448,0,41,151,130,0,P,74,0,382,0,419,454,113,13,1,-4,-6,-66,0,378,303,-17,13
22247,1,T,4,2,45,0,7,2,32,1,T,3,0,57,0,53,43,16,5,0,-1,-2,12,0,46,41,-16,4
22248,3.33,T,18,0,77,0,74,34,111,5,Z,16,1,112,0,27,36,65,1,1,-2,1,35,0,-47,2,-46,-4
22249,6.11,P,27,0,483,0,54,139,64,3,P,24,1,370,0,1,101,69,0,1,-3,1,-113,0,-53,-38,5,-3
22250,4.36,Z,22,0,153,0,1,63,120,3,Z,24,5,199,0,28,145,77,0,0,2,5,46,0,27,82,-43,-3
22251,9.58,T,76,0,417,0,54,269,235,2,P,28,0,237,0,4,81,29,1,1,-48,0,-180,0,-50,-188,-206,-1
22252,9.1,Z,49,0,260,0,6,59,173,2,T,64,7,531,1,74,110,95,0,1,15,7,271,1,68,51,-78,-2
22253,1.43,T,7,1,171,0,5,12,14,0,Z,10,0,62,0,23,91,55,4,1,3,-1,-109,0,18,79,41,4
22254,9.28,P,43,3,570,0,3,23,96,0,Z,53,6,438,0,40,27,126,2,1,10,3,-132,0,37,4,30,2
22255,6.35,T,34,0,314,0,167,104,107,1,P,18,0,174,0,0,7,24,0,0,-16,0,-140,0,-167,-97,-83,-1
22256,6.42,Z,37,1,263,0,302,117,148,2,Z,37,1,361,0,27,64,123,4,0,0,0,98,0,-275,-53,-25,2
22257,8.49,Z,65,0,898,0,148,228,270,5,P,73,2,444,0,245,209,99,4,0,8,2,-454,0,97,-19,-171,-1
22258,7.39,P,96,7,350,0,336,228,91,13,Z,84,10,304,0,418,321,231,9,0,-12,3,-46,0,82,93,140,-4
22259,9.12,Z,73,0,392,0,29,145,304,2,T,74,0,610,0,150,232,80,6,0,1,0,218,0,121,87,-224,4
22260,6.13,P,36,0,383,0,0,100,40,2,T,10,0,262,0,0,29,22,0,1,-26,0,-121,0,0,-71,-18,-2
22261,9.58,Z,46,2,255,0,0,78,157,0,P,29,0,552,0,0,38,61,0,1,-17,-2,297,0,0,-40,-96,0
22262,3.3,P,37,2,122,0,117,104,57,8,P,15,0,279,0,6,120,53,2,0,-22,-2,157,0,-111,16,-4,-6
22263,9.59,P,66,4,460,0,244,297,120,14,Z,59,1,384,0,34,121,175,0,0,-7,-3,-76,0,-210,-176,55,-14
22264,3.53,Z,18,1,149,0,10,51,79,2,T,16,0,363,0,3,60,42,3,1,-2,-1,214,0,-7,9,-37,1
22265,9.59,Z,115,7,548,0,663,222,387,3,T,98,0,589,0,115,213,207,9,0,-17,-7,41,0,-548,-9,-180,6
22266,3.47,Z,16,0,133,0,0,43,60,1,T,10,3,351,0,34,75,47,1,0,-6,3,218,0,34,32,-13,0
22267,9.51,P,35,0,378,0,8,48,36,4,T,37,7,719,0,20,56,30,0,0,2,7,341,0,12,8,-6,-4
22268,2.55,T,9,0,133,0,6,17,16,4,T,14,0,85,0,270,42,123,4,0,5,0,-48,0,264,25,107,0
22269,6.2,Z,22,0,592,0,7,48,115,1,Z,26,4,230,0,37,83,161,2,1,4,4,-362,0,30,35,46,1
22270,4.11,T,19,0,372,0,1,30,22,2,P,15,3,247,0,297,106,140,5,1,-4,3,-125,0,296,76,118,3
22271,4.34,Z,22,1,72,0,16,22,56,0,T,15,0,182,0,0,40,24,0,1,-7,-1,110,0,-16,18,-32,0
22272,5.31,P,28,9,132,2,371,62,165,0,P,38,8,263,0,11,138,62,2,1,10,-1,131,-2,-360,76,-103,2
22273,7.13,T,47,1,315,0,318,151,78,6,T,58,1,351,0,505,142,109,35,1,11,0,36,0,187,-9,31,29
22274,6.5,T,27,0,583,0,0,48,37,0,Z,24,0,178,0,4,61,83,0,0,-3,0,-405,0,4,13,46,0
22275,9.59,Z,44,0,317,0,16,54,160,2,T,24,0,464,0,0,74,58,0,1,-20,0,147,0,-16,20,-102,-2
22276,4.3,P,22,0,205,0,6,123,37,4,P,26,4,396,0,6,87,43,0,0,4,4,191,0,0,-36,6,-4
22277,4.09,P,16,1,135,1,50,121,161,2,T,20,3,216,0,173,93,79,1,0,4,2,81,-1,123,-28,-82,-1
22278,5.47,T,40,1,381,0,79,99,53,5,P,55,0,240,0,218,179,144,50,1,15,-1,-141,0,139,80,91,45
22279,7.32,T,32,0,476,0,6,138,66,2,Z,32,2,638,5,75,70,147,0,1,0,2,162,5,69,-68,81,-2
22280,3.53,T,14,0,500,0,0,74,33,3,P,13,0,194,0,12,38,22,0,1,-1,0,-306,0,12,-36,-11,-3
22281,9.59,P,140,4,469,0,151,273,119,14,Z,124,17,380,0,154,285,384,7,0,-16,13,-89,0,3,12,265,-7
22282,1.57,T,8,0,38,0,147,15,100,3,T,5,0,70,0,0,5,93,1,1,-3,0,32,0,-147,-10,-7,-2
22283,10.33,Z,95,13,515,0,633,293,343,7,P,65,0,809,0,32,97,66,6,0,-30,-13,294,0,-601,-196,-277,-1
22284,9.58,Z,39,0,235,0,14,217,150,2,P,22,0,485,0,0,94,57,1,0,-17,0,250,0,-14,-123,-93,-1
22285,4.31,Z,13,0,192,0,15,31,45,1,T,21,0,356,0,0,47,45,0,0,8,0,164,0,-15,16,0,-1
22286,5.38,Z,30,5,323,0,173,114,111,2,Z,34,8,291,5,89,96,131,0,1,4,3,-32,5,-84,-18,20,-2
22287,5.41,T,38,0,507,0,5,76,74,1,P,22,0,347,0,0,81,60,0,0,-16,0,-160,0,-5,5,-14,-1
22288,8.13,P,50,0,390,0,25,138,45,3,T,78,0,355,0,421,369,173,16,0,28,0,-35,0,396,231,128,13
22289,4.02,T,18,1,236,0,0,82,55,0,Z,16,0,146,0,113,72,105,5,1,-2,-1,-90,0,113,-10,50,5
22290,9.59,Z,63,0,581,0,4,222,255,2,T,84,0,437,0,58,388,327,6,1,21,0,-144,0,54,166,72,4
22291,4.01,P,21,2,326,0,0,114,37,0,P,18,0,96,0,10,34,63,2,0,-3,-2,-230,0,10,-80,26,2
22292,4.23,T,17,0,341,0,9,72,47,1,T,26,0,368,0,42,34,31,5,0,9,0,27,0,33,-38,-16,4
22293,10.15,T,103,2,541,0,1078,193,209,10,T,115,0,731,0,8,306,311,9,1,12,-2,190,0,-1070,113,102,-1
22294,10.51,T,170,0,524,0,836,360,268,18,Z,144,6,595,0,839,336,385,9,1,-26,6,71,0,3,-24,117,-9
22295,1.52,T,8,3,106,1,215,14,11,0,P,8,0,23,0,0,58,14,2,0,0,-3,-83,-1,-215,44,3,2
22296,9.59,Z,75,6,463,0,433,225,265,19,Z,77,9,807,0,46,217,384,1,0,2,3,344,0,-387,-8,119,-18
22297,2.57,T,13,0,99,0,178,76,41,3,Z,9,0,45,0,22,28,40,1,1,-4,0,-54,0,-156,-48,-1,-2
22298,9.11,P,42,0,226,6,81,147,43,0,T,66,1,928,0,81,154,71,11,1,24,1,702,-6,0,7,28,11
22299,6,Z,29,6,406,0,123,149,191,0,T,43,6,318,0,399,65,47,5,1,14,0,-88,0,276,-84,-144,5
22300,8.16,P,40,3,281,0,22,105,54,4,P,49,6,444,0,14,131,63,0,1,9,3,163,0,-8,26,9,-4
22301,4.28,Z,32,0,217,0,756,105,223,3,T,11,0,388,0,0,43,49,1,0,-21,0,171,0,-756,-62,-174,-2
22302,2.41,Z,8,0,26,0,3,45,55,1,Z,9,1,68,0,30,14,43,1,0,1,1,42,0,27,-31,-12,0
22303,10.21,Z,86,4,558,0,467,471,410,10,T,113,0,533,0,135,332,215,14,0,27,-4,-25,0,-332,-139,-195,4
22304,6.5,Z,31,0,111,0,21,32,118,2,T,31,3,314,0,13,37,51,2,1,0,3,203,0,-8,5,-67,0
22305,10.47,P,81,0,442,0,215,321,138,19,Z,81,0,1160,0,66,159,237,3,1,0,0,718,0,-149,-162,99,-16
22306,6.15,Z,34,0,267,0,2,34,111,1,T,16,0,246,0,0,26,38,0,0,-18,0,-21,0,-2,-8,-73,-1
22307,9.59,Z,68,0,787,1,17,241,207,0,Z,51,7,554,0,58,93,155,10,1,-17,7,-233,-1,41,-148,-52,10
22308,9.57,Z,48,9,567,0,83,199,240,0,Z,63,10,394,2,112,227,200,4,1,15,1,-173,2,29,28,-40,4
22309,9.59,T,77,0,760,0,46,189,113,15,P,67,0,630,0,29,157,75,7,0,-10,0,-130,0,-17,-32,-38,-8
22310,3.4,P,16,0,272,0,120,74,25,6,P,16,0,186,0,157,95,63,8,1,0,0,-86,0,37,21,38,2
22311,4.42,Z,22,2,234,0,136,37,60,3,P,28,0,177,5,69,99,42,0,0,6,-2,-57,5,-67,62,-18,-3
22312,7.23,Z,52,0,273,0,95,121,276,10,Z,29,7,479,0,38,142,121,0,1,-23,7,206,0,-57,21,-155,-10
22313,6.08,Z,29,3,334,0,28,98,129,2,T,64,0,417,0,134,38,47,6,1,35,-3,83,0,106,-60,-82,4
22314,9.59,Z,61,0,290,0,170,214,308,5,P,66,0,578,0,37,270,85,6,0,5,0,288,0,-133,56,-223,1
22315,8.49,T,67,0,440,0,840,202,163,13,T,54,4,679,0,24,113,163,0,0,-13,4,239,0,-816,-89,0,-13
22316,9.59,Z,74,7,557,0,410,334,310,3,T,81,3,265,0,87,143,147,1,0,7,-4,-292,0,-323,-191,-163,-2
22317,5.41,T,39,4,262,0,138,161,48,3,P,22,1,419,0,0,92,37,0,0,-17,-3,157,0,-138,-69,-11,-3
22318,9.59,T,123,0,402,0,106,413,126,6,Z,55,0,253,0,228,282,263,1,0,-68,0,-149,0,122,-131,137,-5
22319,2.39,Z,10,0,65,0,2,29,48,1,P,7,0,35,0,0,8,13,0,0,-3,0,-30,0,-2,-21,-35,-1
22320,2.31,P,13,0,69,0,0,26,18,3,P,6,0,109,0,45,35,50,2,0,-7,0,40,0,45,9,32,-1
22321,9.54,T,21,1,283,0,0,32,61,0,Z,38,0,122,0,3,77,141,0,1,17,-1,-161,0,3,45,80,0
22322,8.22,P,53,4,407,0,37,145,70,0,Z,41,0,215,0,39,209,143,0,1,-12,-4,-192,0,2,64,73,0
22323,2.48,Z,13,2,211,0,11,22,41,0,Z,7,0,37,0,12,28,30,1,1,-6,-2,-174,0,1,6,-11,1
22324,9.59,P,95,9,495,0,66,254,86,3,Z,66,0,805,0,35,164,279,16,1,-29,-9,310,0,-31,-90,193,13
22325,5.36,T,29,2,166,0,46,120,47,0,P,46,0,300,0,568,142,286,8,1,17,-2,134,0,522,22,239,8
22326,9.18,P,60,0,366,0,16,250,91,4,T,40,0,819,0,4,39,76,2,0,-20,0,453,0,-12,-211,-15,-2
22327,9.59,T,46,0,536,0,10,41,69,7,T,30,0,738,0,0,53,67,2,0,-16,0,202,0,-10,12,-2,-5
22328,5.15,Z,27,0,248,0,104,93,92,2,P,17,1,367,0,22,179,73,6,0,-10,1,119,0,-82,86,-19,4
22329,8.14,T,55,1,453,0,18,141,73,5,P,42,0,481,0,209,154,97,7,0,-13,-1,28,0,191,13,24,2
22330,9.59,P,36,0,535,0,0,79,77,0,T,60,2,731,0,6,187,105,0,0,24,2,196,0,6,108,28,0
22331,9.59,T,71,0,490,0,37,63,80,10,T,58,3,788,0,49,113,135,0,0,-13,3,298,0,12,50,55,-10
22332,9.58,P,35,0,303,0,2,43,41,3,Z,41,0,812,0,12,120,120,2,0,6,0,509,0,10,77,79,-1
22333,6.14,Z,35,0,338,0,43,110,113,6,P,43,0,340,0,79,196,99,5,0,8,0,2,0,36,86,-14,-1
22334,9.59,T,84,9,419,0,114,339,230,3,Z,70,4,370,0,162,216,270,8,1,-14,-5,-49,0,48,-123,40,5
22335,9.57,Z,46,0,962,0,2,80,156,3,Z,53,0,381,0,28,163,174,5,1,7,0,-581,0,26,83,18,2
22336,9.59,T,57,6,302,0,52,66,95,3,P,40,0,269,0,0,40,90,0,0,-17,-6,-33,0,-52,-26,-5,-3
22337,9.08,T,87,0,736,0,280,278,206,11,T,91,0,418,0,873,349,151,13,0,4,0,-318,0,593,71,-55,2
22338,2.48,T,16,4,121,0,18,41,21,4,P,10,0,155,0,207,90,82,15,0,-6,-4,34,0,189,49,61,11
22339,8.06,Z,49,0,381,0,259,231,243,9,P,68,2,465,0,68,294,74,13,1,19,2,84,0,-191,63,-169,4
22340,5.05,P,31,0,299,0,36,89,45,4,T,21,1,454,0,10,22,39,3,1,-10,1,155,0,-26,-67,-6,-1
22341,5.28,P,36,1,473,0,0,188,55,0,Z,33,0,377,0,33,142,174,3,1,-3,-1,-96,0,33,-46,119,3
22342,5.34,Z,28,0,292,0,97,123,90,6,Z,23,0,147,0,74,244,134,3,0,-5,0,-145,0,-23,121,44,-3
22343,9.59,T,55,0,451,0,0,40,89,0,T,40,0,1125,0,17,111,82,7,1,-15,0,674,0,17,71,-7,7
22344,5.23,Z,27,0,110,0,169,94,139,7,P,33,3,217,0,77,127,46,4,1,6,3,107,0,-92,33,-93,-3
22345,9.44,Z,63,3,394,0,51,42,187,1,P,44,0,494,0,39,104,42,4,0,-19,-3,100,0,-12,62,-145,3
22346,0.13,T,0,0,8,0,21,5,6,3,T,1,0,1,0,3,14,11,1,1,1,0,-7,0,-18,9,5,-2
22347,9.59,Z,83,12,410,0,305,190,219,4,P,103,1,438,60,688,451,586,1,1,20,-11,28,60,383,261,367,-3
22348,3.11,Z,14,0,155,0,14,40,36,3,T,11,3,184,0,239,45,52,0,0,-3,3,29,0,225,5,16,-3
22349,9.59,T,130,11,598,0,450,289,259,3,Z,114,0,589,0,800,277,311,12,1,-16,-11,-9,0,350,-12,52,9
22350,9.59,P,57,0,839,0,1,339,113,1,Z,84,0,268,0,41,209,301,7,1,27,0,-571,0,40,-130,188,6
22351,10.33,P,75,0,627,0,3,273,90,0,T,80,0,922,0,47,176,116,3,0,5,0,295,0,44,-97,26,3
22352,7.13,T,40,0,551,0,3,100,66,1,T,25,0,343,0,3,21,33,0,1,-15,0,-208,0,0,-79,-33,-1
22353,4.51,T,41,0,226,0,328,135,81,6,Z,23,0,215,0,0,108,111,0,1,-18,0,-11,0,-328,-27,30,-6
22354,7.25,Z,40,8,176,1,38,144,130,3,Z,44,4,544,0,28,124,174,0,1,4,-4,368,-1,-10,-20,44,-3
22355,6.26,Z,34,3,188,0,252,150,212,5,P,47,2,469,0,38,175,80,4,1,13,-1,281,0,-214,25,-132,-1
22356,10.02,P,74,2,605,0,356,412,160,1,Z,67,0,394,0,37,157,181,10,0,-7,-2,-211,0,-319,-255,21,9
22357,9.42,P,44,0,457,0,11,123,73,3,T,42,0,361,0,418,93,121,3,1,-2,0,-96,0,407,-30,48,0
22358,6.44,T,51,0,234,0,71,237,279,23,Z,42,0,184,0,171,201,249,8,0,-9,0,-50,0,100,-36,-30,-15
22359,9.46,Z,75,13,304,0,130,336,288,2,P,64,3,433,0,24,126,75,2,0,-11,-10,129,0,-106,-210,-213,0
22360,9.21,P,38,0,515,0,17,169,68,2,Z,33,5,233,0,62,121,144,2,1,-5,5,-282,0,45,-48,76,0
22361,9.59,Z,61,0,923,0,188,114,333,6,P,74,10,612,1,153,239,243,0,1,13,10,-311,1,-35,125,-90,-6
22362,9.59,P,50,0,900,2,1,188,67,0,T,52,0,717,0,0,61,98,0,1,2,0,-183,-2,-1,-127,31,0
22363,0.17,Z,0,0,11,0,1,7,3,1,P,2,0,13,0,2,6,3,1,0,2,0,2,0,1,-1,0,0
22364,9.59,P,66,9,232,0,21,208,88,0,T,70,0,522,0,26,79,96,5,0,4,-9,290,0,5,-129,8,5
22365,9.55,P,54,0,298,0,22,126,56,5,T,64,6,358,0,16,138,92,3,0,10,6,60,0,-6,12,36,-2
22366,9.59,P,52,10,575,0,297,207,98,1,P,24,0,471,0,0,167,45,0,1,-28,-10,-104,0,-297,-40,-53,-1
22367,9.59,Z,60,1,256,0,85,127,197,2,T,60,0,610,0,16,93,120,2,1,0,-1,354,0,-69,-34,-77,0
22368,7.2,T,56,0,391,0,548,154,174,8,T,79,0,346,0,413,262,107,18,0,23,0,-45,0,-135,108,-67,10
22369,9.59,T,60,0,291,0,9,83,142,5,P,53,0,608,0,26,64,60,14,0,-7,0,317,0,17,-19,-82,9
22370,0.56,T,6,2,21,0,70,11,23,0,Z,0,0,1,0,0,0,0,0,0,-6,-2,-20,0,-70,-11,-23,0
22371,5.03,Z,26,1,130,0,1,88,92,0,T,43,1,389,1,58,158,68,3,1,17,0,259,1,57,70,-24,3
22372,4.54,T,40,0,217,0,0,217,88,0,P,26,0,79,0,17,80,32,0,0,-14,0,-138,0,17,-137,-56,0
22373,7.02,T,57,0,448,0,75,268,62,4,Z,46,0,356,0,41,175,106,4,1,-11,0,-92,0,-34,-93,44,0
22374,9.59,Z,42,2,1273,4,115,108,201,1,P,57,2,444,0,23,65,63,0,1,15,0,-829,-4,-92,-43,-138,-1
22375,10.3,Z,83,0,447,0,160,324,295,9,P,94,0,686,0,219,384,230,10,1,11,0,239,0,59,60,-65,1
22376,0.38,P,5,1,29,0,4,8,9,0,T,3,1,55,0,10,8,8,2,1,-2,0,26,0,6,0,-1,2
22377,9.58,T,53,0,326,0,0,232,119,1,T,86,7,565,1,59,150,125,0,1,33,7,239,1,59,-82,6,-1
22378,4.01,T,28,0,253,0,32,175,39,4,Z,19,1,136,0,3,71,48,2,1,-9,1,-117,0,-29,-104,9,-2
22379,5.55,P,28,0,301,0,41,143,33,12,Z,23,1,187,0,59,110,163,4,0,-5,1,-114,0,18,-33,130,-8
22380,7.3,Z,30,5,717,0,12,96,112,1,P,37,0,606,0,7,308,68,1,1,7,-5,-111,0,-5,212,-44,0
22381,6.46,T,42,0,1030,10,43,75,129,0,T,37,2,412,0,27,39,38,0,1,-5,2,-618,-10,-16,-36,-91,0
22382,6.44,Z,41,6,314,12,382,184,180,0,Z,53,6,400,0,221,300,185,8,1,12,0,86,-12,-161,116,5,8
22383,3.55,T,25,0,426,0,8,200,66,6,Z,19,4,316,0,447,124,196,1,1,-6,4,-110,0,439,-76,130,-5
22384,2.44,T,13,0,118,0,47,60,21,9,T,10,4,100,0,244,94,70,1,1,-3,4,-18,0,197,34,49,-8
22385,6.44,P,63,3,239,0,227,170,67,7,T,40,0,307,0,174,183,110,5,1,-23,-3,68,0,-53,13,43,-2
22386,8.34,T,77,0,632,0,580,272,194,7,Z,56,0,377,0,237,112,265,1,0,-21,0,-255,0,-343,-160,71,-6
22387,4.39,P,15,1,82,0,0,85,72,2,P,27,2,437,0,257,96,80,2,1,12,1,355,0,257,11,8,0
22388,8.34,Z,48,10,504,0,81,160,157,0,P,36,6,384,0,109,188,61,9,0,-12,-4,-120,0,28,28,-96,9
22389,9.31,Z,77,3,344,0,224,121,287,7,P,75,2,373,0,40,299,131,6,1,-2,-1,29,0,-184,178,-156,-1
22390,10.45,Z,125,1,474,0,395,320,416,6,T,134,0,552,0,260,332,208,19,0,9,-1,78,0,-135,12,-208,13
22391,3.3,T,12,0,214,0,6,33,24,3,T,16,3,282,0,13,76,30,4,1,4,3,68,0,7,43,6,1
22392,3.22,Z,8,2,90,0,16,36,30,0,Z,12,0,44,0,1,15,27,1,0,4,-2,-46,0,-15,-21,-3,1
22393,7,Z,54,6,222,0,476,153,147,15,P,84,0,333,0,212,277,77,10,0,30,-6,111,0,-264,124,-70,-5
22394,3.51,Z,19,0,374,0,26,35,73,1,Z,14,0,244,0,145,42,77,2,1,-5,0,-130,0,119,7,4,1
22395,9.59,P,75,0,610,0,35,389,99,5,T,89,5,593,0,199,260,157,5,0,14,5,-17,0,164,-129,58,0
22396,9.59,Z,57,7,488,0,46,204,206,8,P,85,4,806,0,114,245,106,12,0,28,-3,318,0,68,41,-100,4
22397,9.59,P,66,0,732,0,9,235,141,2,P,55,0,445,0,18,157,101,7,1,-11,0,-287,0,9,-78,-40,5
22398,5.47,P,23,0,456,0,10,66,28,4,T,40,5,247,0,31,67,70,1,0,17,5,-209,0,21,1,42,-3
22399,6.44,P,30,3,714,0,20,39,47,4,Z,50,5,316,0,168,89,225,1,1,20,2,-398,0,148,50,178,-3
22400,6.2,P,48,0,265,0,737,136,168,6,Z,38,0,256,0,432,134,252,5,0,-10,0,-9,0,-305,-2,84,-1
22401,4.41,Z,21,3,149,0,36,41,86,0,T,31,3,155,0,57,110,64,2,0,10,0,6,0,21,69,-22,2
22402,8.22,T,67,0,605,0,12,177,114,4,T,75,4,602,0,530,234,318,8,1,8,4,-3,0,518,57,204,4
22403,9.59,P,93,9,521,0,313,263,123,10,T,135,5,583,0,107,201,128,5,1,42,-4,62,0,-206,-62,5,-5
22404,7.06,Z,41,0,217,0,8,45,124,1,T,50,0,179,0,107,210,57,7,0,9,0,-38,0,99,165,-67,6
22405,9.39,T,118,5,486,0,425,207,108,7,P,62,0,436,0,44,118,58,10,0,-56,-5,-50,0,-381,-89,-50,3
22406,6.14,T,51,0,470,0,191,183,94,5,P,50,3,406,0,12,102,103,0,0,-1,3,-64,0,-179,-81,9,-5
22407,1.41,P,10,1,54,0,60,57,68,1,P,7,0,54,0,7,78,4,2,1,-3,-1,0,0,-53,21,-64,1
22408,9.58,Z,49,6,407,0,28,70,134,1,T,85,11,592,0,62,111,89,0,1,36,5,185,0,34,41,-45,-1
22409,9.59,Z,54,5,308,0,17,89,142,1,T,67,10,612,0,478,154,80,0,0,13,5,304,0,461,65,-62,-1
22410,7.17,T,59,0,403,0,23,67,73,7,P,39,0,351,0,230,234,236,5,0,-20,0,-52,0,207,167,163,-2
22411,7.33,T,75,0,648,0,16,177,126,5,Z,44,5,356,0,24,125,152,0,0,-31,5,-292,0,8,-52,26,-5
22412,9.59,P,42,0,717,0,15,81,69,5,T,54,0,299,0,0,24,72,0,0,12,0,-418,0,-15,-57,3,-5
22413,8.21,Z,33,0,528,0,21,29,125,3,P,50,8,249,0,53,230,70,4,0,17,8,-279,0,32,201,-55,1
22414,4.4,P,23,0,321,0,0,83,36,0,P,25,4,316,0,14,72,19,2,0,2,4,-5,0,14,-11,-17,2
22415,10.31,T,94,2,778,0,431,204,145,4,T,60,3,558,0,210,216,136,0,0,-34,1,-220,0,-221,12,-9,-4
22416,9.59,T,117,7,636,0,151,230,146,7,Z,85,7,368,0,461,245,286,4,0,-32,0,-268,0,310,15,140,-3
22417,8.13,T,56,2,869,0,14,25,62,1,T,20,0,299,0,0,38,35,0,0,-36,-2,-570,0,-14,13,-27,-1
22418,3.29,Z,18,3,90,0,120,116,61,3,P,19,0,187,0,75,160,28,7,0,1,-3,97,0,-45,44,-33,4
22419,9.59,T,61,0,458,0,45,69,273,1,Z,61,0,432,0,60,94,254,8,1,0,0,-26,0,15,25,-19,7
22420,5.29,Z,26,0,144,0,18,44,75,3,T,39,0,157,0,272,122,104,4,1,13,0,13,0,254,78,29,1
22421,4.03,Z,18,1,186,0,36,51,78,0,Z,16,1,90,0,72,42,59,1,0,-2,0,-96,0,36,-9,-19,1
22422,4.07,T,16,0,177,0,478,98,42,4,Z,17,1,293,2,2,66,61,0,0,1,1,116,2,-476,-32,19,-4
22423,9.59,Z,83,14,457,0,481,199,231,2,P,102,5,613,0,646,279,125,10,1,19,-9,156,0,165,80,-106,8
22424,9.58,T,89,0,488,0,159,269,153,1,T,112,11,400,0,622,229,158,7,0,23,11,-88,0,463,-40,5,6
22425,7.02,P,34,0,272,0,141,139,47,3,T,28,0,561,0,0,29,57,0,1,-6,0,289,0,-141,-110,10,-3
22426,9.28,Z,33,1,633,0,2,57,124,0,P,24,0,482,0,4,13,29,2,1,-9,-1,-151,0,2,-44,-95,2
22427,8.51,P,43,5,475,0,22,71,49,2,P,24,0,783,0,1,43,50,4,1,-19,-5,308,0,-21,-28,1,2
22428,9.09,P,59,3,490,0,64,222,156,0,Z,49,1,587,0,358,277,448,1,0,-10,-2,97,0,294,55,292,1
22429,9.59,P,58,2,527,0,10,296,104,2,T,78,0,1045,0,53,168,147,10,0,20,-2,518,0,43,-128,43,8
22430,7.3,T,76,0,279,0,300,334,122,17,T,50,0,269,0,10,212,108,5,0,-26,0,-10,0,-290,-122,-14,-12
22431,7.55,T,92,0,439,0,207,158,72,10,T,73,0,734,0,23,161,124,17,0,-19,0,295,0,-184,3,52,7
22432,9.34,P,70,0,324,0,0,153,78,0,Z,52,8,591,0,27,148,178,2,1,-18,8,267,0,27,-5,100,2
22433,7.4,Z,47,8,227,0,71,90,134,0,Z,43,0,384,0,79,128,119,3,0,-4,-8,157,0,8,38,-15,3
22434,8.58,Z,78,5,465,0,270,216,395,1,T,128,5,304,0,483,235,197,10,0,50,0,-161,0,213,19,-198,9
22435,5.08,Z,28,0,317,27,162,160,218,0,T,38,1,135,0,27,84,114,5,0,10,1,-182,-27,-135,-76,-104,5
22436,6.03,P,39,2,312,0,85,147,117,2,P,28,7,482,0,3,136,108,0,0,-11,5,170,0,-82,-11,-9,-2
22437,10.23,Z,67,10,222,0,102,138,213,0,T,94,0,864,0,24,106,87,4,0,27,-10,642,0,-78,-32,-126,4
22438,7.55,T,66,6,450,0,170,95,107,0,Z,56,0,461,0,140,139,174,5,0,-10,-6,11,0,-30,44,67,5
22439,9.57,P,69,2,765,0,51,354,98,3,Z,63,8,453,0,648,220,198,2,0,-6,6,-312,0,597,-134,100,-1
22440,8.2,T,41,0,278,0,70,132,123,3,T,42,3,500,0,7,213,145,0,1,1,3,222,0,-63,81,22,-3
22441,7.11,T,69,10,555,0,34,342,103,10,T,47,0,420,4,37,104,66,1,0,-22,-10,-135,4,3,-238,-37,-9
22442,10.21,T,52,0,572,0,8,242,208,2,P,67,9,437,0,68,271,153,8,1,15,9,-135,0,60,29,-55,6
22443,10.5,T,71,16,968,0,11,144,139,0,P,53,6,738,0,4,184,66,0,0,-18,-10,-230,0,-7,40,-73,0
22444,8.58,Z,47,2,529,0,86,144,185,0,P,49,0,486,0,63,183,91,3,1,2,-2,-43,0,-23,39,-94,3
22445,9.59,T,94,8,715,0,310,306,137,1,T,92,7,591,0,30,287,237,3,0,-2,-1,-124,0,-280,-19,100,2
22446,10.24,Z,94,9,272,0,79,154,274,3,T,88,4,580,0,101,216,160,6,0,-6,-5,308,0,22,62,-114,3
22447,4.16,Z,28,0,255,0,236,97,100,8,T,19,5,328,0,27,138,48,1,0,-9,5,73,0,-209,41,-52,-7
22448,9.59,T,64,0,1529,4,169,151,84,0,Z,63,0,643,0,44,89,254,7,1,-1,0,-886,-4,-125,-62,170,7
22449,7.5,P,75,1,384,0,188,331,69,27,T,69,1,375,0,242,398,184,9,0,-6,0,-9,0,54,67,115,-18
22450,9.59,T,29,2,147,0,5,32,44,0,T,36,0,639,0,0,63,92,0,0,7,-2,492,0,-5,31,48,0
22451,10.58,T,102,2,713,0,203,276,106,6,P,64,11,390,0,23,256,212,0,1,-38,9,-323,0,-180,-20,106,-6
22452,1.59,Z,6,0,32,0,9,23,24,1,P,8,0,121,0,15,79,17,3,0,2,0,89,0,6,56,-7,2
22453,9.07,P,49,11,535,0,128,220,147,1,T,94,0,388,0,274,328,234,16,1,45,-11,-147,0,146,108,87,15
22454,10.28,Z,64,10,684,0,78,224,395,6,T,100,5,737,0,67,248,232,1,0,36,-5,53,0,-11,24,-163,-5
22455,7.14,Z,37,0,167,0,16,60,101,5,T,62,2,221,0,64,136,82,5,1,25,2,54,0,48,76,-19,0
22456,1.35,T,0,0,78,0,0,0,0,0,Z,19,4,138,0,72,60,74,2,1,19,4,60,0,72,60,74,2
22457,9.59,Z,59,0,371,0,5,145,270,2,P,37,0,839,0,0,294,75,1,0,-22,0,468,0,-5,149,-195,-1
22458,6.5,P,57,0,466,0,420,294,96,18,T,62,4,485,0,433,160,145,4,1,5,4,19,0,13,-134,49,-14
22459,9.58,T,66,0,515,0,86,278,171,4,T,65,3,436,0,37,150,90,1,0,-1,3,-79,0,-49,-128,-81,-3
22460,10.51,T,67,0,674,8,51,93,94,0,P,91,0,531,0,206,294,152,11,1,24,0,-143,-8,155,201,58,11
22461,1.48,P,8,0,35,0,0,12,32,0,Z,5,3,39,0,32,16,62,0,0,-3,3,4,0,32,4,30,0
22462,1.47,Z,6,0,52,0,21,28,35,2,Z,4,0,63,0,65,52,72,6,1,-2,0,11,0,44,24,37,4
22463,9.59,P,29,0,590,0,0,71,45,1,P,35,0,602,0,0,19,43,0,1,6,0,12,0,0,-52,-2,-1
22464,8.44,T,48,2,490,0,2,133,94,1,P,43,0,411,0,17,117,59,3,1,-5,-2,-79,0,15,-16,-35,2
22465,8.06,T,29,0,372,0,0,32,91,0,T,7,0,324,0,0,25,30,0,0,-22,0,-48,0,0,-7,-61,0
22466,7.16,T,50,0,276,0,409,163,183,3,P,44,1,491,0,107,193,181,5,0,-6,1,215,0,-302,30,-2,2
22467,5.21,T,37,2,224,0,274,99,42,4,Z,17,0,376,0,6,93,76,2,0,-20,-2,152,0,-268,-6,34,-2
22468,9.58,P,42,0,753,0,0,96,48,0,Z,39,0,876,0,0,156,181,1,0,-3,0,123,0,0,60,133,1
22469,9.59,T,73,1,303,0,16,118,83,0,P,57,0,519,0,12,157,130,11,0,-16,-1,216,0,-4,39,47,11
22470,2.54,Z,14,0,161,0,185,97,56,2,P,21,0,100,0,30,115,36,3,0,7,0,-61,0,-155,18,-20,1
22471,4.23,P,16,0,122,0,5,15,17,1,Z,25,0,266,0,8,36,88,0,1,9,0,144,0,3,21,71,-1
22472,9.07,P,60,4,341,0,56,112,55,2,P,70,0,490,0,438,197,112,8,1,10,-4,149,0,382,85,57,6
22473,4.08,Z,19,2,105,0,187,70,198,2,T,36,0,123,0,282,129,51,4,1,17,-2,18,0,95,59,-147,2
22474,4.19,T,49,0,394,0,279,180,112,11,P,20,0,288,0,359,186,35,10,0,-29,0,-106,0,80,6,-77,-1
22475,9.59,P,32,0,575,0,5,128,80,2,T,38,5,305,0,0,24,80,0,1,6,5,-270,0,-5,-104,0,-2
22476,4.09,Z,16,0,455,0,18,34,50,3,P,14,0,365,0,8,56,29,2,0,-2,0,-90,0,-10,22,-21,-1
22477,7.2,P,45,3,208,0,29,154,73,8,P,43,0,754,0,21,269,76,1,1,-2,-3,546,0,-8,115,3,-7
22478,7.55,P,20,0,138,0,0,165,50,0,Z,47,4,648,0,45,238,209,0,1,27,4,510,0,45,73,159,0
22479,10.01,Z,92,3,1008,0,252,253,280,6,T,157,12,422,0,656,298,184,11,1,65,9,-586,0,404,45,-96,5
22480,6.38,P,30,0,409,0,15,79,34,8,P,25,0,365,0,21,97,65,3,0,-5,0,-44,0,6,18,31,-5
22481,5.3,T,42,3,148,0,457,122,136,4,T,46,0,245,0,362,171,140,12,1,4,-3,97,0,-95,49,4,8
22482,6.54,Z,36,0,420,0,16,83,131,2,P,36,3,413,0,4,29,43,0,0,0,3,-7,0,-12,-54,-88,-2
22483,6.37,P,37,2,238,0,189,181,53,4,Z,40,2,293,0,195,99,223,5,1,3,0,55,0,6,-82,170,1
22484,9.58,T,42,0,542,0,0,92,89,0,Z,46,0,627,0,0,37,153,1,1,4,0,85,0,0,-55,64,1
22485,4.28,P,22,0,375,0,233,70,123,8,P,12,0,201,0,5,89,77,1,1,-10,0,-174,0,-228,19,-46,-7
22486,6.09,Z,46,7,464,0,226,131,171,1,T,45,0,327,0,362,93,122,6,0,-1,-7,-137,0,136,-38,-49,5
22487,9.49,T,47,2,600,0,8,147,124,0,Z,40,0,648,0,0,241,134,0,0,-7,-2,48,0,-8,94,10,0
22488,10.17,P,54,3,976,0,22,130,92,7,Z,46,4,582,0,27,130,212,0,1,-8,1,-394,0,5,0,120,-7
22489,4.43,T,15,0,466,0,9,25,24,3,P,11,0,141,0,0,38,15,0,1,-4,0,-325,0,-9,13,-9,-3
22490,9.58,P,48,1,403,1,8,58,65,0,T,41,0,528,0,19,62,56,4,0,-7,-1,125,-1,11,4,-9,4
22491,9.58,T,60,0,316,0,93,52,97,8,P,50,0,764,0,17,331,101,12,1,-10,0,448,0,-76,279,4,4
22492,9.59,Z,68,0,633,0,58,152,183,1,T,63,1,535,0,14,120,97,0,1,-5,1,-98,0,-44,-32,-86,-1
22493,7.01,T,32,0,446,0,1,56,65,2,Z,46,0,393,0,3,107,170,2,0,14,0,-53,0,2,51,105,0
22494,2.08,T,15,0,57,0,56,76,16,3,T,10,0,96,0,24,39,35,8,0,-5,0,39,0,-32,-37,19,5
22495,1.22,Z,5,0,51,0,112,14,56,2,Z,3,1,62,0,2,7,12,1,0,-2,1,11,0,-110,-7,-44,-1
22496,9.59,T,89,0,594,0,141,276,115,8,Z,55,0,636,0,28,243,296,1,0,-34,0,42,0,-113,-33,181,-7
22497,9.57,Z,69,7,704,0,19,92,177,0,T,75,4,612,0,50,64,63,4,0,6,-3,-92,0,31,-28,-114,4
22498,10.37,P,52,0,440,0,13,158,132,2,Z,41,0,773,0,0,170,182,0,0,-11,0,333,0,-13,12,50,-2
22499,9.55,T,45,0,347,0,0,38,82,0,Z,30,0,309,0,0,21,84,0,0,-15,0,-38,0,0,-17,2,0
22500,10.49,Z,95,0,478,0,87,241,381,22,T,151,0,532,0,924,341,220,18,1,56,0,54,0,837,100,-161,-4
22501,6.25,P,35,0,499,0,577,123,54,8,T,42,0,303,0,38,135,115,8,0,7,0,-196,0,-539,12,61,0
22502,9.52,T,56,7,540,0,18,102,82,0,Z,45,2,696,0,35,108,146,0,0,-11,-5,156,0,17,6,64,0
22503,3.51,Z,23,1,137,0,13,35,159,2,T,16,0,252,0,93,57,28,3,0,-7,-1,115,0,80,22,-131,1
22504,6.07,T,54,0,255,0,134,262,83,5,Z,47,0,194,0,39,112,126,8,0,-7,0,-61,0,-95,-150,43,3
22505,10.37,Z,73,4,541,0,65,222,219,6,P,86,5,455,0,337,552,98,10,1,13,1,-86,0,272,330,-121,4
22506,9.14,Z,70,2,198,0,44,206,205,2,T,70,0,631,0,50,224,101,11,0,0,-2,433,0,6,18,-104,9
22507,9.59,T,96,0,580,0,620,232,177,11,P,64,0,437,0,217,393,127,14,0,-32,0,-143,0,-403,161,-50,3
22508,9.59,Z,111,8,421,0,501,324,400,10,T,123,0,707,0,731,380,172,15,0,12,-8,286,0,230,56,-228,5
22509,3.22,P,19,0,282,0,176,51,97,3,Z,9,1,114,0,50,18,66,1,1,-10,1,-168,0,-126,-33,-31,-2
22510,6.49,T,78,0,245,0,811,277,82,8,Z,58,7,231,3,347,212,151,4,1,-20,7,-14,3,-464,-65,69,-4
22511,3,P,10,0,337,0,0,18,24,0,T,10,0,42,0,4,6,13,4,1,0,0,-295,0,4,-12,-11,4
22512,5.36,T,35,0,177,9,297,126,104,4,T,34,0,564,0,116,75,167,7,0,-1,0,387,-9,-181,-51,63,3
22513,9.26,P,93,0,396,0,340,467,144,22,T,87,0,301,0,559,212,226,16,1,-6,0,-95,0,219,-255,82,-6
22514,4.42,T,26,0,280,0,5,41,60,7,Z,18,0,176,0,63,123,92,2,0,-8,0,-104,0,58,82,32,-5
22515,3.54,Z,15,0,330,0,0,40,50,1,Z,11,4,66,0,6,10,35,0,0,-4,4,-264,0,6,-30,-15,-1
22516,4.33,T,26,1,125,0,4,75,64,2,T,0,0,1,0,0,0,0,0,0,-26,-1,-124,0,-4,-75,-64,-2
22517,9.57,T,59,7,646,0,42,56,74,0,P,65,0,509,0,336,161,227,20,0,6,-7,-137,0,294,105,153,20
22518,5.47,T,39,0,343,0,38,100,65,7,Z,31,0,458,0,113,107,148,3,1,-8,0,115,0,75,7,83,-4
22519,6.32,Z,46,0,494,0,58,73,139,6,Z,51,0,267,0,28,101,164,5,0,5,0,-227,0,-30,28,25,-1
22520,10.19,T,84,7,711,0,29,183,197,2,Z,53,0,728,0,0,210,184,2,0,-31,-7,17,0,-29,27,-13,0
22521,10.31,T,56,0,793,0,14,99,92,2,Z,39,0,765,0,4,124,139,5,0,-17,0,-28,0,-10,25,47,3
22522,9.58,T,82,0,505,0,41,461,168,7,T,78,0,607,0,55,331,132,7,1,-4,0,102,0,14,-130,-36,0
22523,8.22,Z,47,0,228,20,98,260,224,3,Z,43,9,313,0,406,223,505,0,1,-4,9,85,-20,308,-37,281,-3
22524,3.04,T,19,0,133,0,0,31,36,1,T,10,2,228,0,10,47,32,3,0,-9,2,95,0,10,16,-4,2
22525,9.31,T,77,2,531,0,181,254,235,3,P,77,5,429,0,68,240,80,7,0,0,3,-102,0,-113,-14,-155,4
22526,8.25,T,72,0,575,0,41,89,94,5,P,26,0,311,0,8,85,48,2,0,-46,0,-264,0,-33,-4,-46,-3
22527,2.18,T,16,3,78,0,19,87,24,0,P,10,0,126,0,2,55,36,4,0,-6,-3,48,0,-17,-32,12,4
22528,9.59,T,43,3,436,0,27,66,45,4,T,39,0,502,0,0,68,63,0,0,-4,-3,66,0,-27,2,18,-4
22529,9.29,T,58,8,631,0,62,110,105,2,T,80,0,423,0,35,188,287,5,1,22,-8,-208,0,-27,78,182,3
22530,9.57,Z,44,0,227,0,19,81,150,5,T,73,0,444,0,34,144,100,7,1,29,0,217,0,15,63,-50,2
22531,9.05,P,65,0,524,0,249,225,138,7,Z,50,0,283,0,32,150,202,3,0,-15,0,-241,0,-217,-75,64,-4
22532,9.58,Z,57,0,390,0,4,100,216,2,T,61,0,707,0,20,115,94,7,0,4,0,317,0,16,15,-122,5
22533,8.27,T,54,5,733,0,8,218,160,0,P,46,2,514,0,129,234,280,0,0,-8,-3,-219,0,121,16,120,0
22534,7.33,T,43,0,619,0,125,89,83,4,P,41,2,473,0,24,165,57,2,1,-2,2,-146,0,-101,76,-26,-2
22535,7.1,Z,44,5,291,0,68,203,131,6,Z,46,0,303,0,100,215,212,8,1,2,-5,12,0,32,12,81,2
22536,9.59,Z,61,0,459,0,1,110,179,2,T,101,0,572,0,397,243,160,10,1,40,0,113,0,396,133,-19,8
22537,9.59,T,77,11,495,0,16,192,168,4,Z,79,3,605,0,3,87,333,0,0,2,-8,110,0,-13,-105,165,-4
22538,9.59,T,24,0,580,0,0,26,50,0,T,36,1,689,0,4,44,75,2,1,12,1,109,0,4,18,25,2
22539,9.59,T,82,11,754,0,724,182,234,7,P,79,16,366,4,575,241,145,0,1,-3,5,-388,4,-149,59,-89,-7
22540,9.59,Z,52,0,529,0,64,311,253,11,P,47,0,307,0,0,226,140,0,0,-5,0,-222,0,-64,-85,-113,-11
22541,2.11,T,11,0,75,0,52,32,57,2,P,0,0,1,0,0,0,1,0,0,-11,0,-74,0,-52,-32,-56,-2
22542,9.58,T,60,4,448,0,16,234,213,1,Z,46,0,269,3,7,270,295,0,1,-14,-4,-179,3,-9,36,82,-1
22543,9.53,Z,39,3,1010,6,103,121,212,1,T,83,8,357,0,72,152,85,0,1,44,5,-653,-6,-31,31,-127,-1
22544,9.59,Z,79,0,423,0,63,167,197,4,T,71,0,811,0,24,71,97,5,1,-8,0,388,0,-39,-96,-100,1
22545,5.31,T,44,3,219,0,88,123,64,7,Z,31,1,246,0,113,163,281,8,0,-13,-2,27,0,25,40,217,1
22546,7.53,T,100,12,317,0,882,224,160,8,Z,77,0,519,0,283,420,384,13,0,-23,-12,202,0,-599,196,224,5
22547,9.59,Z,71,0,523,0,89,58,254,4,T,83,9,899,0,185,232,180,1,1,12,9,376,0,96,174,-74,-3
22548,9.59,P,31,0,564,0,0,151,57,1,Z,42,0,437,0,251,56,368,2,0,11,0,-127,0,251,-95,311,1
22549,5.16,Z,17,0,92,0,5,47,67,1,Z,27,1,402,0,25,101,96,0,0,10,1,310,0,20,54,29,-1
22550,6.24,P,35,1,148,0,339,227,130,6,T,59,2,357,0,239,256,60,11,1,24,1,209,0,-100,29,-70,5
22551,9.59,Z,50,0,520,0,156,136,294,4,P,44,2,439,0,7,112,49,0,1,-6,2,-81,0,-149,-24,-245,-4
22552,9.59,T,110,0,804,0,29,307,431,6,P,83,0,516,0,132,448,89,19,1,-27,0,-288,0,103,141,-342,13
22553,5.42,T,37,0,180,0,3,171,92,14,P,32,0,231,0,78,132,171,13,1,-5,0,51,0,75,-39,79,-1
22554,3.34,T,16,0,172,0,0,45,23,0,T,18,0,155,0,11,56,34,3,0,2,0,-17,0,11,11,11,3
22555,4.32,P,24,0,362,0,0,64,35,1,Z,34,0,43,0,171,39,240,4,1,10,0,-319,0,171,-25,205,3
22556,9.47,Z,43,0,484,0,224,104,159,2,P,41,0,1018,0,0,231,72,0,0,-2,0,534,0,-224,127,-87,-2
22557,10.05,T,100,11,407,0,434,321,142,2,Z,82,2,430,0,218,376,428,5,1,-18,-9,23,0,-216,55,286,3
22558,6.35,Z,43,0,456,18,101,177,199,3,Z,66,0,524,0,459,273,252,20,1,23,0,68,-18,358,96,53,17
22559,3.03,P,11,2,140,0,14,76,14,0,T,14,0,207,0,1,43,59,2,0,3,-2,67,0,-13,-33,45,2
22560,9.59,T,67,0,1133,0,33,146,94,3,P,56,4,251,0,48,174,153,1,1,-11,4,-882,0,15,28,59,-2
22561,0.21,T,1,0,9,0,2,4,3,0,T,2,0,30,0,4,4,5,7,1,1,0,21,0,2,0,2,7
22562,4.09,P,16,3,144,0,18,80,15,1,P,11,0,144,0,5,64,38,0,0,-5,-3,0,0,-13,-16,23,-1
22563,3.51,T,24,0,119,0,75,69,49,4,T,18,1,138,0,71,114,29,6,0,-6,1,19,0,-4,45,-20,2
22564,9.58,T,83,2,693,0,13,289,120,0,T,62,0,801,0,35,62,77,2,1,-21,-2,108,0,22,-227,-43,2
22565,3.44,T,17,2,248,0,25,64,12,3,P,24,0,105,0,13,168,50,4,1,7,-2,-143,0,-12,104,38,1
22566,9.59,T,61,4,415,0,58,127,138,6,P,60,0,508,0,47,58,57,14,0,-1,-4,93,0,-11,-69,-81,8
22567,5.53,T,44,5,401,0,6,82,83,0,T,49,3,154,0,180,122,77,9,1,5,-2,-247,0,174,40,-6,9
22568,9.59,T,59,0,1329,0,0,75,74,0,Z,64,3,221,0,37,39,175,0,0,5,3,-1108,0,37,-36,101,0
22569,9.59,Z,51,6,775,0,9,208,180,0,T,83,0,531,0,65,389,361,12,0,32,-6,-244,0,56,181,181,12
22570,8.2,P,44,0,443,0,45,99,84,7,T,54,0,606,0,92,162,118,4,0,10,0,163,0,47,63,34,-3
22571,5.39,P,32,0,401,0,326,144,29,2,Z,46,3,358,0,116,185,89,9,0,14,3,-43,0,-210,41,60,7
22572,8.56,P,64,8,453,0,700,255,158,1,Z,55,1,417,0,241,213,418,2,1,-9,-7,-36,0,-459,-42,260,1
22573,5.22,T,31,3,194,0,16,99,67,0,P,30,0,287,0,97,107,165,4,0,-1,-3,93,0,81,8,98,4
22574,0.21,Z,0,0,1,0,0,0,3,0,P,2,0,51,0,0,7,1,0,1,2,0,50,0,0,7,-2,0
22575,9.01,T,90,0,426,0,220,170,239,14,Z,82,0,439,0,116,193,418,5,1,-8,0,13,0,-104,23,179,-9
22576,7.46,Z,26,0,219,0,4,45,137,3,T,49,0,444,0,14,208,77,4,1,23,0,225,0,10,163,-60,1
22577,4,P,26,0,227,0,19,68,24,3,T,19,1,145,0,15,58,29,2,0,-7,1,-82,0,-4,-10,5,-1
22578,9.56,Z,42,0,274,0,51,70,124,4,T,88,0,701,0,272,194,197,9,1,46,0,427,0,221,124,73,5
22579,9.58,P,22,0,252,0,7,24,17,3,P,48,0,797,0,2,152,84,3,0,26,0,545,0,-5,128,67,0
22580,4.19,Z,22,2,157,0,349,84,84,4,P,30,1,211,0,59,86,38,1,0,8,-1,54,0,-290,2,-46,-3
22581,5.1,T,26,0,298,0,154,85,129,17,P,29,2,219,0,7,80,33,3,0,3,2,-79,0,-147,-5,-96,-14
22582,9.59,P,77,0,620,0,22,213,246,3,T,95,0,517,0,34,172,132,12,0,18,0,-103,0,12,-41,-114,9
22583,5.51,P,28,0,488,0,2,113,69,0,Z,20,3,177,0,27,57,86,1,1,-8,3,-311,0,25,-56,17,1
22584,9.59,T,156,0,442,0,247,526,174,41,Z,69,1,441,0,70,270,209,7,1,-87,1,-1,0,-177,-256,35,-34
22585,9.59,Z,78,0,407,5,206,198,376,0,P,81,0,542,0,203,267,186,9,0,3,0,135,-5,-3,69,-190,9
22586,5.51,Z,75,0,190,18,236,235,260,6,Z,61,4,229,0,131,209,200,4,0,-14,4,39,-18,-105,-26,-60,-2
22587,10.24,P,51,2,471,0,11,160,64,2,Z,64,6,565,0,21,108,194,3,0,13,4,94,0,10,-52,130,1
22588,10.56,T,78,6,518,0,63,111,134,3,T,68,0,443,0,296,321,175,10,0,-10,-6,-75,0,233,210,41,7
22589,10.27,Z,56,8,233,0,129,123,150,0,T,102,7,481,0,268,276,138,6,1,46,-1,248,0,139,153,-12,6
22590,9.59,T,74,7,468,0,9,242,93,3,T,46,0,571,0,40,141,60,10,0,-28,-7,103,0,31,-101,-33,7
22591,9.58,T,49,0,447,0,0,85,71,0,T,61,14,706,0,30,191,118,3,1,12,14,259,0,30,106,47,3
22592,6.29,P,44,0,185,0,104,231,246,7,T,54,6,279,2,493,174,75,7,1,10,6,94,2,389,-57,-171,0
22593,9.59,T,99,0,707,0,551,216,232,15,Z,93,5,418,0,630,483,312,11,1,-6,5,-289,0,79,267,80,-4
22594,10.34,Z,63,6,440,0,106,124,274,0,T,104,0,928,0,284,266,182,5,1,41,-6,488,0,178,142,-92,5
22595,8.41,T,54,0,573,0,52,184,116,5,P,27,8,396,0,30,92,39,0,0,-27,8,-177,0,-22,-92,-77,-5
22596,7.31,Z,36,1,502,0,11,44,179,0,P,53,2,440,0,39,123,59,0,0,17,1,-62,0,28,79,-120,0
22597,8.45,Z,50,3,772,0,46,154,209,2,T,73,3,437,0,204,288,156,5,0,23,0,-335,0,158,134,-53,3
22598,7.46,Z,66,0,482,0,750,319,242,13,Z,62,10,555,0,200,117,234,9,0,-4,10,73,0,-550,-202,-8,-4
22599,8.49,T,69,0,412,0,23,363,85,7,Z,66,11,253,0,20,74,208,0,0,-3,11,-159,0,-3,-289,123,-7
22600,9.01,T,110,0,397,0,411,333,228,15,Z,59,0,263,0,116,218,334,9,0,-51,0,-134,0,-295,-115,106,-6
22601,5.35,T,49,0,246,0,258,200,78,7,T,48,4,296,0,277,179,126,2,0,-1,4,50,0,19,-21,48,-5
22602,9.59,T,52,0,728,0,11,251,132,5,T,56,0,438,4,23,126,109,0,0,4,0,-290,4,12,-125,-23,-5
22603,10.44,Z,46,3,613,0,14,179,205,0,P,39,0,837,0,0,77,50,1,0,-7,-3,224,0,-14,-102,-155,1
22604,7.36,Z,86,8,245,0,806,212,274,21,Z,66,5,466,14,122,232,301,4,0,-20,-3,221,14,-684,20,27,-17
22605,8.52,T,61,0,429,0,0,72,81,4,Z,42,0,235,0,63,65,143,7,0,-19,0,-194,0,63,-7,62,3
22606,4.09,Z,15,0,92,0,23,94,118,3,T,24,1,288,0,6,86,38,1,0,9,1,196,0,-17,-8,-80,-2
22607,7.51,P,52,2,275,0,21,81,63,2,T,99,6,377,1,1005,113,152,10,1,47,4,102,1,984,32,89,8
22608,4.08,T,25,3,185,3,310,83,138,1,Z,17,0,215,0,15,46,54,2,0,-8,-3,30,-3,-295,-37,-84,1
22609,9.59,P,96,19,400,0,541,320,292,17,P,92,0,452,0,44,332,175,14,0,-4,-19,52,0,-497,12,-117,-3
22610,9.03,Z,56,0,226,0,28,194,186,2,T,127,0,518,0,701,210,200,12,1,71,0,292,0,673,16,14,10
22611,5.57,T,60,0,318,0,276,108,123,13,T,50,0,278,0,18,155,101,1,0,-10,0,-40,0,-258,47,-22,-12
22612,9.58,Z,46,0,551,0,51,159,185,6,T,59,0,393,0,30,66,113,5,0,13,0,-158,0,-21,-93,-72,-1
22613,10.04,T,97,3,525,0,113,105,141,9,Z,70,4,548,0,49,162,377,0,1,-27,1,23,0,-64,57,236,-9
22614,9.57,Z,50,0,316,0,12,110,346,1,P,51,5,1152,0,40,175,101,3,1,1,5,836,0,28,65,-245,2
22615,8.28,P,62,2,872,0,50,322,111,4,Z,34,0,518,0,4,88,232,8,0,-28,-2,-354,0,-46,-234,121,4
22616,9.58,Z,73,7,571,0,201,198,326,0,P,52,0,435,0,24,157,75,5,0,-21,-7,-136,0,-177,-41,-251,5
22617,5.43,P,28,0,294,0,7,138,54,4,T,27,5,479,0,8,87,72,2,1,-1,5,185,0,1,-51,18,-2
22618,3.53,Z,18,1,113,0,136,42,69,3,T,15,0,164,0,27,65,24,3,0,-3,-1,51,0,-109,23,-45,0
22619,3.32,T,14,0,188,0,106,50,27,7,Z,13,1,95,0,124,101,78,2,1,-1,1,-93,0,18,51,51,-5
22620,9,T,75,3,350,0,129,130,305,4,P,50,3,453,0,54,173,87,6,0,-25,0,103,0,-75,43,-218,2
22621,0.58,T,3,0,23,0,0,2,4,0,Z,4,0,9,0,0,9,9,0,0,1,0,-14,0,0,7,5,0
22622,7.32,Z,23,5,330,0,10,44,72,1,P,38,0,490,0,288,266,97,5,1,15,-5,160,0,278,222,25,4
22623,9.05,P,61,0,330,0,639,245,309,13,P,42,0,295,0,34,205,236,2,0,-19,0,-35,0,-605,-40,-73,-11
22624,7.53,P,28,0,329,0,11,167,87,2,P,31,0,358,0,0,81,62,2,1,3,0,29,0,-11,-86,-25,0
22625,4.25,T,30,0,400,0,320,46,82,8,T,16,0,454,0,0,46,56,0,0,-14,0,54,0,-320,0,-26,-8
22626,2.19,P,6,0,102,0,3,2,3,2,Z,8,2,37,0,2,22,22,0,1,2,2,-65,0,-1,20,19,-2
22627,9.54,Z,78,8,664,0,103,465,228,7,Z,67,0,449,0,43,155,256,3,0,-11,-8,-215,0,-60,-310,28,-4
22628,10.45,T,53,1,455,0,1600,184,256,5,Z,62,4,351,0,95,149,296,3,0,9,3,-104,0,-1505,-35,40,-2
22629,4.03,P,14,0,235,0,15,46,29,2,P,11,0,221,0,19,22,31,0,1,-3,0,-14,0,4,-24,2,-2
22630,4.43,P,20,0,176,0,2,68,40,3,T,26,0,280,0,0,95,54,0,1,6,0,104,0,-2,27,14,-3
22631,2.52,T,16,0,193,0,304,74,19,10,T,5,4,100,0,57,88,28,0,0,-11,4,-93,0,-247,14,9,-10
22632,5,Z,22,2,120,0,83,82,149,5,Z,24,0,168,0,150,145,243,5,1,2,-2,48,0,67,63,94,0
22633,9.59,Z,54,0,653,10,228,204,261,0,Z,65,0,1069,0,256,496,303,10,0,11,0,416,-10,28,292,42,10
22634,8.56,T,53,0,620,0,34,133,61,5,Z,40,3,427,0,5,49,166,2,0,-13,3,-193,0,-29,-84,105,-3
22635,3.11,Z,9,3,58,0,4,11,102,1,P,14,0,207,0,2,39,33,0,0,5,-3,149,0,-2,28,-69,-1
22636,8.21,P,47,3,401,0,25,141,88,8,Z,66,0,297,0,36,133,185,3,1,19,-3,-104,0,11,-8,97,-5
22637,7.3,T,56,3,338,0,3,104,90,0,Z,36,2,665,0,30,84,126,1,1,-20,-1,327,0,27,-20,36,1
22638,4.57,Z,27,3,346,0,35,132,82,0,T,42,0,327,0,0,223,88,4,0,15,-3,-19,0,-35,91,6,4
22639,9.59,T,124,5,545,0,824,246,330,9,Z,90,0,692,0,298,254,335,12,1,-34,-5,147,0,-526,8,5,3
22640,7.52,T,50,8,673,0,45,49,74,0,T,54,3,404,0,33,130,96,3,0,4,-5,-269,0,-12,81,22,3
22641,7.04,T,55,1,514,0,496,103,49,3,P,30,0,191,0,0,80,43,0,0,-25,-1,-323,0,-496,-23,-6,-3
22642,4.16,P,22,0,119,0,0,112,52,4,T,20,2,424,0,14,48,50,7,1,-2,2,305,0,14,-64,-2,3
22643,6.49,P,56,1,651,0,88,516,129,3,Z,43,4,321,0,402,66,175,9,1,-13,3,-330,0,314,-450,46,6
22644,8.46,P,40,1,410,0,66,227,91,14,T,60,0,301,0,17,101,88,3,0,20,-1,-109,0,-49,-126,-3,-11
22645,6.27,Z,49,3,102,0,31,71,143,1,T,60,4,437,0,147,140,101,6,1,11,1,335,0,116,69,-42,5
22646,6.03,P,23,0,441,0,5,43,31,2,P,22,0,744,0,36,171,23,1,1,-1,0,303,0,31,128,-8,-1
22647,3.38,T,14,3,235,0,85,72,32,1,P,12,0,247,0,0,69,30,0,0,-2,-3,12,0,-85,-3,-2,-1
22648,6.23,T,26,0,364,0,0,13,35,0,Z,27,0,205,0,13,19,93,1,0,1,0,-159,0,13,6,58,1
22649,8.07,P,41,8,287,0,489,168,77,7,Z,69,2,408,0,32,133,177,5,1,28,-6,121,0,-457,-35,100,-2
22650,9.59,P,74,0,592,0,312,217,238,7,T,100,0,608,0,517,272,180,10,0,26,0,16,0,205,55,-58,3
22651,9.59,Z,69,6,406,0,121,138,255,0,P,59,2,315,0,29,197,82,5,1,-10,-4,-91,0,-92,59,-173,5
22652,9.14,Z,51,0,665,0,41,108,126,8,T,72,0,549,0,26,142,103,5,1,21,0,-116,0,-15,34,-23,-3
22653,3.4,T,12,4,249,0,44,34,25,0,Z,14,0,151,0,12,29,44,0,1,2,-4,-98,0,-32,-5,19,0
22654,9.59,T,67,0,630,0,43,45,100,3,Z,78,0,576,0,62,164,222,5,0,11,0,-54,0,19,119,122,2
22655,9.59,Z,42,0,464,0,69,164,160,6,P,34,0,500,0,0,69,53,0,1,-8,0,36,0,-69,-95,-107,-6
22656,8.06,P,97,7,407,0,429,358,152,19,T,79,0,330,0,1001,354,130,11,0,-18,-7,-77,0,572,-4,-22,-8
22657,9.59,T,75,0,453,0,24,200,118,6,P,63,6,588,0,9,175,88,2,0,-12,6,135,0,-15,-25,-30,-4
22658,7.52,Z,22,1,391,0,105,102,248,3,P,46,10,397,0,166,334,90,2,0,24,9,6,0,61,232,-158,-1
22659,9.59,T,123,8,518,0,705,313,259,6,Z,90,15,608,1,348,381,399,13,1,-33,7,90,1,-357,68,140,7
22660,6.09,P,30,0,436,0,5,127,119,7,P,42,3,364,0,31,210,37,2,0,12,3,-72,0,26,83,-82,-5
22661,9.59,P,49,4,523,0,84,274,136,8,P,66,0,556,0,50,207,76,10,0,17,-4,33,0,-34,-67,-60,2
22662,9.58,T,75,1,809,0,24,292,126,4,P,52,0,468,0,15,143,72,4,0,-23,-1,-341,0,-9,-149,-54,0
22663,10.46,P,55,0,766,0,47,326,76,8,Z,54,3,620,0,55,52,178,8,0,-1,3,-146,0,8,-274,102,0
22664,9.48,P,33,0,278,0,4,82,31,2,Z,52,0,266,0,47,126,273,3,1,19,0,-12,0,43,44,242,1
22665,10.17,Z,50,4,536,0,44,264,218,1,Z,47,0,346,0,11,144,162,1,0,-3,-4,-190,0,-33,-120,-56,0
22666,6.05,Z,30,0,307,0,13,77,97,0,P,40,0,156,0,15,214,90,4,0,10,0,-151,0,2,137,-7,4
22667,8.25,T,45,0,280,0,1,26,72,1,T,46,0,405,0,5,53,87,0,1,1,0,125,0,4,27,15,-1
22668,3.49,T,20,0,189,0,1,69,50,5,T,20,0,179,0,3,58,31,0,0,0,0,-10,0,2,-11,-19,-5
22669,3.56,T,26,0,261,0,416,62,76,4,Z,23,0,85,0,40,76,127,8,0,-3,0,-176,0,-376,14,51,4
22670,10.53,T,77,0,669,0,79,230,119,5,Z,97,0,420,0,69,171,281,8,0,20,0,-249,0,-10,-59,162,3
22671,10.38,Z,51,1,701,0,31,64,197,3,P,43,0,1054,0,8,67,52,2,0,-8,-1,353,0,-23,3,-145,-1
22672,8.49,Z,65,0,390,0,44,177,276,6,P,75,4,449,0,207,153,80,7,0,10,4,59,0,163,-24,-196,1
22673,4.52,T,25,2,240,1,49,99,71,1,T,36,0,290,0,7,80,36,3,1,11,-2,50,-1,-42,-19,-35,2
22674,9.59,Z,85,8,481,0,118,269,352,10,T,104,9,619,0,257,181,140,4,0,19,1,138,0,139,-88,-212,-6
22675,5.37,Z,30,0,111,0,10,41,116,1,P,37,0,261,0,93,163,193,6,1,7,0,150,0,83,122,77,5
22676,9.08,T,100,0,581,0,899,233,176,11,Z,82,8,538,0,78,278,228,9,1,-18,8,-43,0,-821,45,52,-2
22677,7.34,P,41,0,776,0,1,178,175,2,T,59,0,605,0,0,220,105,0,0,18,0,-171,0,-1,42,-70,-2
22678,8.12,T,92,0,465,0,720,219,137,10,Z,56,4,179,0,52,166,145,3,0,-36,4,-286,0,-668,-53,8,-7
22679,9.58,P,42,3,525,0,5,112,55,0,T,30,0,892,0,1,44,77,0,0,-12,-3,367,0,-4,-68,22,0
22680,8.19,P,79,0,332,0,104,323,162,6,Z,81,0,956,0,174,319,278,4,0,2,0,624,0,70,-4,116,-2
22681,9.59,Z,71,6,326,0,125,204,253,10,T,91,3,482,0,80,247,207,10,0,20,-3,156,0,-45,43,-46,0
22682,9.59,T,42,0,482,0,0,114,88,0,T,68,0,669,0,12,149,100,1,1,26,0,187,0,12,35,12,1
22683,0.02,P,0,0,1,0,0,1,1,1,T,2,0,50,0,0,1,9,1,1,2,0,49,0,0,0,8,0
22684,9.58,Z,54,1,353,0,11,187,148,2,P,40,0,641,0,0,222,138,0,1,-14,-1,288,0,-11,35,-10,-2
22685,9.58,T,92,0,491,0,99,186,148,8,T,82,0,604,0,733,289,159,12,0,-10,0,113,0,634,103,11,4
22686,6.29,P,40,0,512,0,5,230,71,3,P,27,0,295,0,0,155,92,0,0,-13,0,-217,0,-5,-75,21,-3
22687,9.59,Z,26,1,283,0,0,40,87,0,T,27,0,602,0,0,87,40,0,1,1,-1,319,0,0,47,-47,0
22688,5.06,Z,18,0,357,0,137,108,83,4,Z,34,4,207,0,71,128,108,3,1,16,4,-150,0,-66,20,25,-1
22689,9.59,T,42,1,499,0,0,45,75,0,P,44,0,621,0,6,75,65,2,1,2,-1,122,0,6,30,-10,2
22690,6.5,P,21,0,357,0,0,41,28,0,P,30,2,250,0,11,160,46,2,0,9,2,-107,0,11,119,18,2
22691,9.58,Z,76,0,275,0,504,686,425,22,Z,63,27,368,0,263,345,267,24,1,-13,27,93,0,-241,-341,-158,2
22692,3.45,T,18,1,195,0,0,31,34,0,T,16,1,283,0,76,49,74,1,1,-2,0,88,0,76,18,40,1
22693,5.55,T,41,3,140,2,404,82,85,2,T,47,6,331,0,571,72,149,9,0,6,3,191,-2,167,-10,64,7
22694,10.42,P,63,0,370,0,170,145,96,10,T,110,0,528,0,16,299,171,6,0,47,0,158,0,-154,154,75,-4
22695,9.57,P,58,10,416,0,22,326,105,8,T,84,2,815,0,191,116,71,1,1,26,-8,399,0,169,-210,-34,-7
22696,4.37,T,31,3,192,0,292,153,98,5,P,21,0,183,0,9,89,31,4,1,-10,-3,-9,0,-283,-64,-67,-1
22697,9.59,Z,71,10,361,0,244,267,525,0,T,79,13,740,0,38,195,116,0,1,8,3,379,0,-206,-72,-409,0
22698,1.58,Z,5,0,100,0,22,21,36,0,P,8,0,53,0,1,6,6,0,1,3,0,-47,0,-21,-15,-30,0
22699,9.59,Z,54,0,459,0,96,318,295,9,Z,61,7,486,2,75,196,132,2,1,7,7,27,2,-21,-122,-163,-7
22700,9.59,T,69,4,704,0,6,208,152,3,T,69,4,597,0,51,184,151,2,0,0,0,-107,0,45,-24,-1,-1
22701,8.43,Z,55,0,416,0,494,187,334,5,P,48,5,605,0,17,173,65,0,1,-7,5,189,0,-477,-14,-269,-5
22702,8.26,Z,43,0,990,0,392,144,123,5,T,89,7,383,0,199,158,138,3,1,46,7,-607,0,-193,14,15,-2
22703,9.58,Z,62,0,498,0,74,87,253,6,T,117,3,547,0,174,169,137,6,1,55,3,49,0,100,82,-116,0
22704,7.54,T,32,2,381,0,14,91,66,2,P,23,0,609,0,0,154,61,0,0,-9,-2,228,0,-14,63,-5,-2
22705,3.3,T,23,0,26,0,9,36,18,6,T,21,0,99,0,57,106,115,4,0,-2,0,73,0,48,70,97,-2
22706,9.25,Z,87,0,460,0,211,311,272,18,Z,41,0,570,7,47,178,183,0,0,-46,0,110,7,-164,-133,-89,-18
22707,9.5,Z,39,6,545,0,31,69,110,1,P,73,3,307,0,101,295,177,0,0,34,-3,-238,0,70,226,67,-1
22708,9.59,Z,82,0,640,0,89,213,313,2,T,94,5,607,3,312,213,123,8,1,12,5,-33,3,223,0,-190,6
22709,6.42,Z,58,0,724,0,571,147,167,4,T,83,0,399,0,681,169,148,9,0,25,0,-325,0,110,22,-19,5
22710,6.33,T,35,13,595,0,10,61,68,2,P,39,0,552,0,33,210,86,6,0,4,-13,-43,0,23,149,18,4
22711,5.28,Z,37,1,202,0,519,160,110,10,T,46,0,149,0,39,84,136,5,1,9,-1,-53,0,-480,-76,26,-5
22712,4.38,Z,17,7,156,0,26,55,67,0,T,29,3,264,0,157,41,68,1,1,12,-4,108,0,131,-14,1,1
22713,8.56,P,66,0,681,0,243,125,109,6,Z,51,6,789,0,16,122,152,0,0,-15,6,108,0,-227,-3,43,-6
22714,4.27,Z,25,1,125,0,32,42,76,2,T,38,1,143,0,160,146,97,3,1,13,0,18,0,128,104,21,1
22715,6.46,T,69,1,324,0,33,265,103,6,P,48,0,537,0,0,153,109,2,0,-21,-1,213,0,-33,-112,6,-4
22716,9.31,T,65,0,828,0,447,97,107,2,T,87,0,549,0,547,221,171,9,0,22,0,-279,0,100,124,64,7
22717,3.19,T,19,1,93,0,163,64,83,7,Z,12,0,78,0,68,45,97,1,1,-7,-1,-15,0,-95,-19,14,-6
22718,1.45,P,5,1,30,0,12,40,14,2,P,11,0,49,0,0,16,130,0,0,6,-1,19,0,-12,-24,116,-2
22719,6.56,T,70,0,281,0,250,162,131,7,Z,42,2,491,0,300,98,131,3,0,-28,2,210,0,50,-64,0,-4
22720,4.44,Z,22,2,468,0,25,52,61,0,Z,17,2,178,0,9,63,78,10,1,-5,0,-290,0,-16,11,17,10
22721,8.53,T,44,0,543,0,1,139,133,6,Z,52,1,207,0,0,72,111,0,0,8,1,-336,0,-1,-67,-22,-6
22722,9.59,Z,71,8,282,0,321,129,203,2,T,110,0,554,0,200,249,135,10,0,39,-8,272,0,-121,120,-68,8
22723,3.27,Z,15,0,78,2,1,32,49,0,T,15,0,73,0,2,15,25,3,1,0,0,-5,-2,1,-17,-24,3
22724,8.26,T,67,3,306,0,648,171,109,4,P,62,2,392,0,155,302,82,13,1,-5,-1,86,0,-493,131,-27,9
22725,7.43,T,59,0,458,0,314,199,71,9,T,85,0,357,0,273,191,218,9,0,26,0,-101,0,-41,-8,147,0
22726,10.1,P,41,0,947,0,1,77,78,1,Z,41,0,690,0,0,84,172,0,1,0,0,-257,0,-1,7,94,-1
22727,9.58,T,74,2,672,0,59,378,296,3,P,96,0,296,0,1101,249,158,12,0,22,-2,-376,0,1042,-129,-138,9
22728,3.36,P,19,0,128,0,0,57,51,4,P,22,0,141,0,49,99,86,3,1,3,0,13,0,49,42,35,-1
22729,7.42,Z,37,0,790,0,32,183,112,1,T,47,2,427,0,28,174,102,5,1,10,2,-363,0,-4,-9,-10,4
22730,9.57,Z,38,10,425,0,64,293,176,0,P,29,0,713,0,0,77,59,0,1,-9,-10,288,0,-64,-216,-117,0
22731,6.5,P,30,5,297,0,2,121,77,0,T,49,3,302,0,89,109,57,6,1,19,-2,5,0,87,-12,-20,6
22732,9.57,T,80,12,731,0,61,190,131,0,Z,55,3,507,0,213,142,218,5,1,-25,-9,-224,0,152,-48,87,5
22733,0.1,P,1,0,16,0,0,0,1,1,Z,0,0,10,0,5,8,6,3,0,-1,0,-6,0,5,8,5,2
22734,7.43,P,67,4,474,7,136,253,75,1,T,55,4,335,0,22,153,123,2,0,-12,0,-139,-7,-114,-100,48,1
22735,8.53,P,32,0,529,0,0,44,29,0,T,51,0,404,0,14,86,49,2,1,19,0,-125,0,14,42,20,2
22736,9.59,P,58,9,338,0,60,288,58,4,T,91,0,477,0,469,180,145,17,0,33,-9,139,0,409,-108,87,13
22737,0.36,P,2,0,23,0,0,23,3,0,T,1,0,9,0,0,5,6,1,0,-1,0,-14,0,0,-18,3,1
22738,9.56,P,51,4,717,0,50,134,99,4,T,73,8,302,1,169,159,121,8,1,22,4,-415,1,119,25,22,4
22739,3.55,P,13,0,87,0,161,75,17,2,T,21,1,262,0,4,43,30,3,1,8,1,175,0,-157,-32,13,1
22740,7.21,T,59,0,198,0,61,85,72,4,P,41,3,705,0,42,167,67,3,1,-18,3,507,0,-19,82,-5,-1
22741,7.52,Z,31,0,317,0,0,17,92,0,P,31,0,772,0,0,85,73,0,1,0,0,455,0,0,68,-19,0
22742,8.31,P,56,2,303,0,50,143,43,4,Z,73,0,343,0,131,197,292,4,1,17,-2,40,0,81,54,249,0
22743,3.26,Z,12,0,52,0,139,35,168,3,T,18,0,168,0,14,38,45,13,0,6,0,116,0,-125,3,-123,10
22744,9.59,P,61,13,714,0,91,255,100,1,T,88,4,344,0,6,232,134,0,1,27,-9,-370,0,-85,-23,34,-1
22745,10.14,P,89,0,473,1,38,151,76,9,Z,67,3,729,0,248,157,403,6,1,-22,3,256,-1,210,6,327,-3
22746,10.2,T,77,6,688,0,321,207,290,0,P,50,0,571,0,34,76,67,3,1,-27,-6,-117,0,-287,-131,-223,3
22747,4.57,Z,22,1,169,0,224,93,181,4,T,47,0,217,0,456,162,95,5,1,25,-1,48,0,232,69,-86,1
22748,4.58,Z,21,6,224,0,26,69,84,0,P,32,2,169,0,43,83,29,2,1,11,-4,-55,0,17,14,-55,2
22749,9.57,T,70,0,337,0,25,88,61,4,Z,52,2,249,0,33,69,129,1,0,-18,2,-88,0,8,-19,68,-3
22750,7.27,P,80,2,352,0,397,168,110,16,T,59,0,287,20,319,200,152,7,0,-21,-2,-65,20,-78,32,42,-9
22751,10.3,T,100,0,671,0,639,254,163,12,T,106,10,385,0,528,272,162,4,0,6,10,-286,0,-111,18,-1,-8
22752,4.25,Z,19,0,92,0,224,12,125,4,Z,15,2,128,0,58,34,92,0,0,-4,2,36,0,-166,22,-33,-4
22753,4.18,Z,25,1,247,0,123,120,134,12,Z,24,0,118,0,69,108,89,0,0,-1,-1,-129,0,-54,-12,-45,-12
22754,2.41,Z,8,0,55,0,14,24,33,0,T,3,0,97,0,0,3,7,0,0,-5,0,42,0,-14,-21,-26,0
22755,10.34,Z,86,0,470,0,72,220,303,4,P,53,0,211,0,0,192,99,0,0,-33,0,-259,0,-72,-28,-204,-4
22756,4.22,T,21,0,147,0,0,23,25,0,T,27,1,192,0,617,65,42,2,0,6,1,45,0,617,42,17,2
22757,2.18,T,8,2,81,0,111,75,72,3,T,11,0,164,0,134,63,25,7,1,3,-2,83,0,23,-12,-47,4
22758,9.15,T,67,4,484,0,172,208,160,6,T,86,0,678,0,25,129,141,3,1,19,-4,194,0,-147,-79,-19,-3
22759,10.26,Z,59,0,282,6,86,180,356,0,T,69,5,514,0,49,138,86,1,0,10,5,232,-6,-37,-42,-270,1
22760,3.25,T,13,0,147,0,200,66,44,3,Z,13,0,167,0,133,54,53,3,1,0,0,20,0,-67,-12,9,0
22761,9.58,Z,47,0,272,0,45,146,174,3,T,59,3,925,0,40,104,61,0,1,12,3,653,0,-5,-42,-113,-3
22762,4.36,P,17,0,290,0,0,50,25,0,P,23,0,156,0,7,42,29,4,1,6,0,-134,0,7,-8,4,4
22763,5.43,T,35,0,181,0,44,184,142,2,T,18,0,424,0,1,104,52,1,0,-17,0,243,0,-43,-80,-90,-1
22764,7.28,Z,55,9,307,0,32,144,112,5,P,46,2,550,1,48,224,82,1,1,-9,-7,243,1,16,80,-30,-4
22765,6.17,T,36,0,271,0,225,42,40,9,T,31,0,317,0,16,24,34,3,1,-5,0,46,0,-209,-18,-6,-6
22766,6.13,T,41,8,188,0,127,44,48,1,T,31,0,172,0,0,25,64,0,0,-10,-8,-16,0,-127,-19,16,-1
22767,10.47,Z,60,6,259,0,19,136,210,2,T,57,4,1367,0,13,116,131,0,1,-3,-2,1108,0,-6,-20,-79,-2
22768,8.51,T,63,0,677,0,44,210,146,5,T,54,1,553,0,55,276,109,6,0,-9,1,-124,0,11,66,-37,1
22769,8.31,Z,43,7,448,0,42,192,137,0,P,49,0,246,0,19,41,47,3,1,6,-7,-202,0,-23,-151,-90,3
22770,9.59,Z,62,10,635,0,98,355,228,0,T,85,2,560,0,623,246,158,3,0,23,-8,-75,0,525,-109,-70,3
22771,9.59,T,73,2,336,0,8,207,124,4,Z,81,6,313,0,174,462,235,4,1,8,4,-23,0,166,255,111,0
22772,9.59,Z,43,7,624,0,29,32,149,0,Z,65,14,505,0,131,285,277,1,1,22,7,-119,0,102,253,128,1
22773,6.47,P,35,0,344,0,541,205,84,9,P,31,0,362,0,13,128,43,2,1,-4,0,18,0,-528,-77,-41,-7
22774,2.53,P,10,0,18,0,0,23,10,0,T,14,1,121,0,6,31,24,1,0,4,1,103,0,6,8,14,1
22775,9.59,Z,77,13,436,0,419,361,311,5,T,113,4,343,1,38,274,115,8,1,36,-9,-93,1,-381,-87,-196,3
22776,5.48,Z,35,3,227,0,224,102,108,2,Z,16,0,383,0,3,62,72,0,0,-19,-3,156,0,-221,-40,-36,-2
22777,6.59,Z,47,0,288,0,50,198,138,10,T,37,7,417,0,7,42,144,1,0,-10,7,129,0,-43,-156,6,-9
22778,2.44,P,10,0,71,0,0,86,17,0,T,13,0,113,0,4,41,23,2,1,3,0,42,0,4,-45,6,2
22779,7.14,T,45,1,380,0,142,115,153,13,T,58,6,249,0,684,194,200,4,1,13,5,-131,0,542,79,47,-9
22780,6.17,T,66,0,172,0,68,219,66,9,Z,41,8,324,0,359,146,201,10,1,-25,8,152,0,291,-73,135,1
22781,6.34,P,42,0,388,0,12,155,80,2,P,19,0,417,0,5,203,38,2,0,-23,0,29,0,-7,48,-42,0
22782,9.59,P,27,0,401,0,0,61,55,1,Z,41,0,375,0,0,89,142,0,0,14,0,-26,0,0,28,87,-1
22783,9.59,T,60,7,421,0,29,142,63,1,T,53,7,607,0,32,79,71,1,0,-7,0,186,0,3,-63,8,0
22784,9.54,Z,49,0,100,0,0,38,131,0,T,54,0,401,0,0,63,93,0,1,5,0,301,0,0,25,-38,0
22785,8.26,Z,33,0,498,0,1,158,131,0,P,32,0,303,0,0,182,53,0,1,-1,0,-195,0,-1,24,-78,0
22786,9.57,Z,46,2,325,0,8,188,173,0,P,33,0,494,0,6,58,44,1,1,-13,-2,169,0,-2,-130,-129,1
22787,9.59,P,88,2,688,0,51,223,151,10,T,95,0,829,0,38,223,229,8,0,7,-2,141,0,-13,0,78,-2
22788,9.37,T,67,0,297,0,24,81,81,8,Z,73,2,223,0,30,174,165,1,1,6,2,-74,0,6,93,84,-7
22789,9.59,T,66,0,766,0,24,96,119,6,Z,61,0,666,0,102,183,345,17,1,-5,0,-100,0,78,87,226,11
22790,8.58,T,65,2,574,0,211,132,212,3,P,48,4,470,0,36,291,68,6,0,-17,2,-104,0,-175,159,-144,3
22791,6.02,Z,36,3,220,0,17,84,133,5,T,62,0,295,0,176,135,98,8,1,26,-3,75,0,159,51,-35,3
22792,4.22,P,21,2,106,0,20,101,32,0,P,14,4,190,0,24,74,31,0,1,-7,2,84,0,4,-27,-1,0
22793,3.38,Z,15,4,135,0,108,81,171,1,Z,17,0,191,0,0,58,59,0,0,2,-4,56,0,-108,-23,-112,-1
22794,3.45,Z,20,9,234,1,300,195,89,0,Z,31,8,171,0,231,93,102,5,0,11,-1,-63,-1,-69,-102,13,5
22795,3.42,T,17,0,179,0,1,52,44,1,T,12,4,296,0,1,27,31,0,0,-5,4,117,0,0,-25,-13,-1
22796,9.59,T,59,0,615,0,19,134,78,4,P,39,3,533,0,16,144,73,0,0,-20,3,-82,0,-3,10,-5,-4
22797,9.59,T,61,0,856,0,40,115,60,6,T,51,1,435,1,27,66,80,0,0,-10,1,-421,1,-13,-49,20,-6
22798,8.11,T,33,1,379,0,154,124,92,6,T,49,0,540,0,19,169,87,11,1,16,-1,161,0,-135,45,-5,5
22799,9.59,T,63,6,528,0,20,370,183,3,Z,68,1,236,0,104,154,252,8,1,5,-5,-292,0,84,-216,69,5
22800,7.14,T,36,2,479,0,49,235,173,7,T,40,0,319,0,313,132,116,6,0,4,-2,-160,0,264,-103,-57,-1
22801,8.24,Z,61,0,349,0,107,115,282,6,P,48,3,781,0,21,101,32,1,1,-13,3,432,0,-86,-14,-250,-5
22802,9.59,T,62,9,910,0,14,80,107,1,T,48,3,1093,0,29,204,133,1,0,-14,-6,183,0,15,124,26,0
22803,9.59,T,50,1,582,0,4,79,115,0,Z,40,0,531,0,0,65,146,0,0,-10,-1,-51,0,-4,-14,31,0
22804,4.32,Z,20,0,270,0,209,101,106,6,P,29,0,128,0,0,92,57,0,1,9,0,-142,0,-209,-9,-49,-6
22805,9.58,Z,70,0,633,0,70,156,157,1,P,26,0,365,0,0,222,62,0,0,-44,0,-268,0,-70,66,-95,-1
22806,4.07,P,20,11,179,0,29,68,27,1,P,23,0,166,0,285,83,32,9,1,3,-11,-13,0,256,15,5,8
22807,5.3,Z,26,0,126,0,32,123,103,6,T,28,0,330,0,3,66,146,7,0,2,0,204,0,-29,-57,43,1
22808,8.5,P,74,5,620,0,88,383,157,12,Z,66,6,547,0,412,217,431,0,1,-8,1,-73,0,324,-166,274,-12
22809,5.38,Z,29,2,267,0,11,93,314,0,P,33,3,343,0,12,107,30,4,1,4,1,76,0,1,14,-284,4
22810,9.58,T,47,4,782,0,5,17,75,0,T,66,0,627,0,8,182,280,5,1,19,-4,-155,0,3,165,205,5
22811,9.12,P,41,0,775,0,2,66,74,3,P,30,0,199,0,0,20,27,0,1,-11,0,-576,0,-2,-46,-47,-3
22812,9.59,T,119,3,470,0,80,187,360,4,Z,67,12,1034,0,489,280,387,4,0,-52,9,564,0,409,93,27,0
22813,10.29,Z,113,0,669,0,173,293,407,10,T,127,0,525,0,831,366,166,8,1,14,0,-144,0,658,73,-241,-2
22814,7.06,T,77,0,303,0,90,220,178,10,T,59,3,347,0,143,220,189,2,1,-18,3,44,0,53,0,11,-8
22815,3.16,Z,13,2,286,0,15,24,28,0,Z,12,2,114,0,19,22,70,0,0,-1,0,-172,0,4,-2,42,0
22816,8.55,T,131,3,582,1,402,433,164,14,T,85,8,384,0,548,333,155,6,0,-46,5,-198,-1,146,-100,-9,-8
22817,7.33,Z,39,0,287,0,117,119,187,3,P,49,1,342,0,69,230,57,5,1,10,1,55,0,-48,111,-130,2
22818,9.59,P,65,4,623,0,53,186,54,3,Z,40,0,444,7,37,291,143,0,1,-25,-4,-179,7,-16,105,89,-3
22819,3.29,Z,17,0,215,0,21,52,47,3,T,19,3,175,20,29,113,72,0,0,2,3,-40,20,8,61,25,-3
22820,4.52,T,29,6,112,0,39,104,34,1,Z,22,1,45,0,14,8,51,4,0,-7,-5,-67,0,-25,-96,17,3
22821,1.28,Z,2,1,61,0,117,11,80,2,P,6,0,100,0,0,6,4,0,1,4,-1,39,0,-117,-5,-76,-2
22822,8.21,P,44,0,469,0,51,228,65,3,P,41,0,512,0,15,193,58,4,1,-3,0,43,0,-36,-35,-7,1
22823,3.26,T,12,0,259,0,0,13,20,0,Z,24,1,307,0,311,101,61,4,1,12,1,48,0,311,88,41,4
22824,2.05,T,9,0,162,0,0,43,11,0,T,2,0,103,0,0,59,5,0,0,-7,0,-59,0,0,16,-6,0
22825,9.59,P,40,2,565,0,34,181,46,4,T,102,4,598,0,166,278,126,5,0,62,2,33,0,132,97,80,1
22826,6.21,T,41,0,287,0,0,71,73,1,T,27,0,275,0,0,101,66,7,0,-14,0,-12,0,0,30,-7,6
22827,6.52,T,64,2,441,0,285,271,111,9,T,58,0,319,0,547,146,177,12,1,-6,-2,-122,0,262,-125,66,3
22828,10.17,Z,50,0,773,0,0,188,167,0,T,68,0,696,0,29,107,120,8,1,18,0,-77,0,29,-81,-47,8
22829,10.12,T,98,9,527,1,154,213,86,0,T,85,0,314,0,87,219,135,15,0,-13,-9,-213,-1,-67,6,49,15
22830,10.49,T,108,2,905,0,59,223,118,7,P,114,13,543,6,371,274,219,0,1,6,11,-362,6,312,51,101,-7
22831,9.59,T,68,2,467,0,150,189,122,6,Z,77,0,901,0,44,123,191,4,1,9,-2,434,0,-106,-66,69,-2
22832,7.37,P,54,0,383,0,566,302,79,20,P,45,0,396,0,366,152,335,8,0,-9,0,13,0,-200,-150,256,-12
22833,9.59,P,25,0,686,0,13,37,36,2,T,58,0,666,0,8,143,103,7,0,33,0,-20,0,-5,106,67,5
22834,9.59,T,69,3,186,0,6,79,108,2,T,45,0,322,0,1,25,98,1,1,-24,-3,136,0,-5,-54,-10,-1
22835,9.58,T,108,0,656,0,198,309,119,10,Z,57,8,533,0,45,216,229,5,0,-51,8,-123,0,-153,-93,110,-5
22836,5.36,T,44,1,296,0,164,147,86,5,Z,23,3,150,0,31,52,67,1,0,-21,2,-146,0,-133,-95,-19,-4
22837,3.01,Z,9,0,46,0,1,24,44,1,T,11,0,142,0,4,75,32,2,0,2,0,96,0,3,51,-12,1
22838,9.52,P,62,7,687,0,24,301,82,0,T,67,3,682,0,25,184,94,2,0,5,-4,-5,0,1,-117,12,2
22839,3.13,P,16,1,219,1,62,95,63,0,T,11,0,380,0,1,33,21,2,1,-5,-1,161,-1,-61,-62,-42,2
22840,9.59,T,94,0,538,0,789,286,195,11,T,138,10,604,0,640,318,168,10,0,44,10,66,0,-149,32,-27,-1
22841,10.56,P,30,0,915,0,0,65,55,1,P,40,0,601,0,5,28,29,2,1,10,0,-314,0,5,-37,-26,1
22842,8.45,T,69,9,451,0,249,121,85,0,P,59,4,353,0,144,175,45,7,1,-10,-5,-98,0,-105,54,-40,7
22843,7.48,Z,36,0,300,0,19,112,156,9,Z,35,4,235,0,16,45,107,0,0,-1,4,-65,0,-3,-67,-49,-9
22844,7.58,T,93,2,486,0,98,220,148,4,Z,49,6,797,0,552,225,249,2,0,-44,4,311,0,454,5,101,-2
22845,9.38,T,87,4,365,0,460,267,291,0,T,82,0,622,0,11,241,276,1,1,-5,-4,257,0,-449,-26,-15,1
22846,9.59,T,44,1,741,0,4,81,81,0,T,38,0,739,0,0,36,49,0,1,-6,-1,-2,0,-4,-45,-32,0
22847,9.59,Z,44,3,709,0,18,169,209,0,Z,54,0,792,0,55,73,146,4,1,10,-3,83,0,37,-96,-63,4
22848,9.55,T,48,1,816,0,18,77,95,2,T,37,0,679,0,7,166,68,5,1,-11,-1,-137,0,-11,89,-27,3
22849,6.07,Z,41,3,146,0,21,98,115,2,Z,42,9,312,0,67,198,171,0,1,1,6,166,0,46,100,56,-2
22850,8.48,P,43,2,322,0,19,118,52,1,T,50,2,725,0,9,109,116,2,1,7,0,403,0,-10,-9,64,1
22851,7.22,Z,48,2,444,0,109,412,191,5,T,53,6,375,0,289,75,66,1,1,5,4,-69,0,180,-337,-125,-4
22852,9.59,P,66,0,411,0,593,334,222,13,T,79,12,588,0,443,235,218,1,1,13,12,177,0,-150,-99,-4,-12
22853,2.06,Z,7,0,35,0,40,10,20,2,P,7,0,48,0,60,51,5,1,0,0,0,13,0,20,41,-15,-1
22854,4.49,T,16,0,82,0,0,11,19,0,T,18,0,75,0,27,69,22,3,1,2,0,-7,0,27,58,3,3
22855,4.1,T,17,0,375,0,44,67,84,4,Z,25,0,155,0,473,169,97,12,1,8,0,-220,0,429,102,13,8
22856,1.47,Z,8,0,96,0,8,30,22,1,T,7,0,83,0,126,34,34,3,1,-1,0,-13,0,118,4,12,2
22857,9.1,T,66,0,307,0,125,228,128,9,T,70,3,293,0,49,156,77,1,1,4,3,-14,0,-76,-72,-51,-8
22858,4.1,P,28,3,141,1,17,80,26,1,T,11,0,190,0,1,12,31,1,0,-17,-3,49,-1,-16,-68,5,0
22859,9.59,Z,106,0,289,0,19,212,352,2,T,96,0,367,0,623,235,195,7,1,-10,0,78,0,604,23,-157,5
22860,5.11,T,27,1,276,0,21,35,39,0,P,22,0,263,0,0,35,23,0,1,-5,-1,-13,0,-21,0,-16,0
22861,4.39,T,47,0,163,0,321,94,177,6,Z,20,1,154,0,50,141,106,8,0,-27,1,-9,0,-271,47,-71,2
22862,6.23,T,55,1,513,0,535,86,100,6,Z,19,0,373,0,6,7,54,3,0,-36,-1,-140,0,-529,-79,-46,-3
22863,8,P,88,6,277,0,194,336,95,10,T,105,0,404,0,710,215,205,15,0,17,-6,127,0,516,-121,110,5
22864,4.12,T,28,0,209,8,354,75,57,1,P,24,2,305,0,151,147,50,2,1,-4,2,96,-8,-203,72,-7,1
22865,9.15,Z,75,10,710,1,110,232,226,6,T,165,6,365,0,972,283,177,21,1,90,-4,-345,-1,862,51,-49,15
22866,10.37,P,126,0,477,0,743,420,226,21,Z,96,1,446,0,445,564,364,22,1,-30,1,-31,0,-298,144,138,1
22867,9.59,P,61,1,642,0,9,258,115,0,T,73,0,704,0,226,230,116,5,0,12,-1,62,0,217,-28,1,5
22868,7.37,Z,91,7,315,0,364,320,196,8,T,92,0,255,0,518,180,157,19,0,1,-7,-60,0,154,-140,-39,11
22869,9.58,Z,72,0,460,0,174,160,240,9,T,92,10,511,0,128,237,88,1,0,20,10,51,0,-46,77,-152,-8
22870,9.59,T,41,0,356,0,0,25,74,0,T,21,0,193,0,0,11,38,0,0,-20,0,-163,0,0,-14,-36,0
22871,9.59,T,59,7,517,0,22,142,113,1,Z,41,0,188,0,174,51,157,4,0,-18,-7,-329,0,152,-91,44,3
22872,9.58,P,45,0,474,0,206,186,157,3,Z,68,9,675,0,38,255,181,7,1,23,9,201,0,-168,69,24,4
22873,9.13,P,56,8,503,0,611,310,46,9,P,51,1,895,0,13,322,146,1,1,-5,-7,392,0,-598,12,100,-8
22874,2.4,P,10,0,157,0,61,81,19,7,P,18,0,103,0,29,73,21,4,1,8,0,-54,0,-32,-8,2,-3
22875,4.31,P,27,0,298,0,0,77,45,0,Z,15,0,141,0,0,19,55,0,1,-12,0,-157,0,0,-58,10,0
22876,4.05,P,26,3,186,0,264,101,49,2,P,22,0,238,0,109,91,40,6,1,-4,-3,52,0,-155,-10,-9,4
22877,3.54,P,23,3,201,0,31,78,44,3,T,29,0,166,0,407,76,27,5,0,6,-3,-35,0,376,-2,-17,2
22878,3.47,T,22,0,154,0,12,196,24,4,T,22,0,253,0,63,46,113,3,0,0,0,99,0,51,-150,89,-1
22879,4.23,T,32,0,202,0,60,313,25,6,T,24,1,246,0,37,76,30,3,1,-8,1,44,0,-23,-237,5,-3
22880,6.02,P,45,1,362,0,278,169,68,10,T,39,0,314,0,506,97,46,10,1,-6,-1,-48,0,228,-72,-22,0
22881,8.41,P,55,0,604,0,0,224,121,0,Z,50,0,698,0,140,204,228,14,1,-5,0,94,0,140,-20,107,14
22882,9.16,P,62,0,383,0,250,167,80,8,Z,50,3,311,0,47,223,209,2,1,-12,3,-72,0,-203,56,129,-6
22883,6.09,P,44,0,479,0,24,248,105,8,Z,39,0,184,0,616,116,135,14,1,-5,0,-295,0,592,-132,30,6
22884,7.16,P,69,7,561,0,664,245,82,5,Z,47,13,603,0,252,190,213,9,0,-22,6,42,0,-412,-55,131,4
22885,1.43,P,7,0,79,0,0,43,14,2,T,6,0,131,0,0,8,5,1,1,-1,0,52,0,0,-35,-9,-1
22886,8.28,Z,50,1,244,0,221,220,217,7,Z,36,2,202,0,64,105,149,4,1,-14,1,-42,0,-157,-115,-68,-3
22887,8,Z,67,0,468,0,89,243,266,7,P,66,0,302,0,123,304,176,9,0,-1,0,-166,0,34,61,-90,2
22888,9.59,T,66,2,679,0,14,86,66,7,Z,63,0,329,7,59,54,192,0,0,-3,-2,-350,7,45,-32,126,-7
22889,5.17,Z,20,1,148,0,22,41,102,1,T,30,0,545,0,34,98,48,3,1,10,-1,397,0,12,57,-54,2
22890,9.59,Z,66,2,466,0,438,130,244,8,T,132,13,506,0,616,361,222,16,0,66,11,40,0,178,231,-22,8
22891,7.09,Z,37,5,180,0,40,126,122,1,T,43,0,533,0,64,123,67,5,1,6,-5,353,0,24,-3,-55,4
22892,9.58,P,45,0,827,0,0,97,72,1,T,56,0,797,0,0,51,95,2,1,11,0,-30,0,0,-46,23,1
22893,4.21,P,11,0,357,0,0,50,21,0,Z,18,0,309,0,17,67,44,5,1,7,0,-48,0,17,17,23,5
22894,9.57,Z,62,0,692,10,91,134,222,2,P,60,9,464,0,42,286,96,4,0,-2,9,-228,-10,-49,152,-126,2
22895,5.36,P,41,3,499,0,37,142,35,4,Z,32,2,174,0,16,112,133,2,0,-9,-1,-325,0,-21,-30,98,-2
22896,7.54,T,81,0,479,14,511,240,134,0,T,67,0,391,0,166,335,112,10,1,-14,0,-88,-14,-345,95,-22,10
22897,7.28,P,47,2,486,0,270,144,57,5,Z,40,4,335,0,72,157,159,5,0,-7,2,-151,0,-198,13,102,0
22898,8.12,P,48,0,358,15,51,99,80,1,T,69,0,450,0,232,116,88,10,1,21,0,92,-15,181,17,8,9
22899,9.08,P,34,8,352,0,56,286,55,0,P,43,1,450,0,104,124,69,3,1,9,-7,98,0,48,-162,14,3
22900,9.45,T,66,0,626,0,4,158,107,2,Z,35,0,498,0,3,68,132,2,0,-31,0,-128,0,-1,-90,25,0
22901,8.59,P,65,2,492,0,44,91,63,5,T,88,3,574,0,527,279,224,15,1,23,1,82,0,483,188,161,10
22902,10.14,T,55,7,854,0,15,132,105,4,P,32,0,734,0,1,263,75,2,1,-23,-7,-120,0,-14,131,-30,-2
22903,8.09,Z,60,1,472,0,217,183,264,12,T,62,4,548,0,521,139,81,3,1,2,3,76,0,304,-44,-183,-9
22904,7.06,Z,39,0,704,0,147,95,118,5,T,83,6,434,0,92,135,101,0,1,44,6,-270,0,-55,40,-17,-5
22905,9.12,P,37,0,237,0,6,154,77,2,Z,49,4,286,0,35,110,291,3,1,12,4,49,0,29,-44,214,1
22906,5.5,T,30,0,331,0,5,57,47,4,T,35,4,276,0,2,111,62,0,0,5,4,-55,0,-3,54,15,-4
22907,8.39,T,53,2,482,0,15,289,64,5,P,33,0,372,0,2,112,50,1,1,-20,-2,-110,0,-13,-177,-14,-4
22908,5.11,T,44,0,174,0,16,262,46,5,T,50,0,245,3,145,166,150,0,0,6,0,71,3,129,-96,104,-5
22909,9.59,Z,96,2,753,0,84,182,231,10,P,59,5,1057,0,593,260,67,5,1,-37,3,304,0,509,78,-164,-5
22910,7.02,P,37,1,727,0,17,45,53,1,Z,39,0,229,0,4,130,197,1,1,2,-1,-498,0,-13,85,144,0
22911,8.18,T,85,4,300,0,352,222,135,8,P,51,0,476,0,235,228,79,5,0,-34,-4,176,0,-117,6,-56,-3
22912,6.48,Z,47,1,326,5,114,184,161,0,Z,53,14,206,0,347,175,194,10,1,6,13,-120,-5,233,-9,33,10
22913,8.27,Z,43,0,697,0,19,87,144,2,P,53,10,421,4,102,276,155,0,1,10,10,-276,4,83,189,11,-2
22914,7.55,T,53,3,543,0,74,111,60,5,Z,58,0,406,0,30,180,248,1,0,5,-3,-137,0,-44,69,188,-4
22915,9.55,Z,52,1,348,0,46,145,181,7,Z,50,6,389,0,34,229,177,0,1,-2,5,41,0,-12,84,-4,-7
22916,10.58,T,71,0,778,0,146,150,111,8,T,105,3,473,0,185,356,142,3,1,34,3,-305,0,39,206,31,-5
22917,9.59,T,97,0,546,0,48,175,128,13,Z,82,7,427,0,231,282,266,9,0,-15,7,-119,0,183,107,138,-4
22918,4.45,P,24,2,285,0,5,39,27,0,P,17,2,511,0,16,19,21,0,0,-7,0,226,0,11,-20,-6,0
22919,9.59,T,93,2,488,6,301,217,180,7,T,100,0,539,32,159,136,187,0,0,7,-2,51,26,-142,-81,7,-7
22920,7.02,Z,39,7,511,2,457,137,155,0,T,40,0,451,0,57,111,75,4,0,1,-7,-60,-2,-400,-26,-80,4
22921,3.44,T,23,0,168,0,288,84,106,2,P,18,0,110,0,18,76,51,7,1,-5,0,-58,0,-270,-8,-55,5
22922,10.44,T,143,14,844,0,121,436,170,4,Z,64,0,658,0,48,262,219,3,1,-79,-14,-186,0,-73,-174,49,-1
22923,9.55,Z,61,4,380,0,159,54,334,2,T,71,1,682,0,9,107,146,5,1,10,-3,302,0,-150,53,-188,3
22924,8.3,Z,56,4,148,0,459,369,254,2,Z,46,0,430,0,14,97,138,2,0,-10,-4,282,0,-445,-272,-116,0
22925,9.59,T,88,0,390,0,71,331,188,6,T,94,0,686,0,189,243,82,8,0,6,0,296,0,118,-88,-106,2
22926,8.58,Z,57,0,825,0,21,160,183,4,T,94,9,751,0,206,81,107,0,1,37,9,-74,0,185,-79,-76,-4
22927,9.59,P,40,0,562,0,1,115,58,0,T,77,1,457,0,127,204,105,9,0,37,1,-105,0,126,89,47,9
22928,0.34,Z,3,0,65,0,0,4,7,0,Z,0,0,11,0,0,3,10,0,1,-3,0,-54,0,0,-1,3,0
22929,9.59,P,44,0,644,0,11,93,57,10,T,46,0,710,0,5,72,89,5,0,2,0,66,0,-6,-21,32,-5
22930,5.47,Z,26,4,390,0,29,46,76,0,Z,27,2,398,0,42,68,89,0,0,1,-2,8,0,13,22,13,0
22931,4.54,T,28,0,156,0,12,75,82,1,Z,22,0,157,0,245,171,107,10,1,-6,0,1,0,233,96,25,9
22932,10.13,Z,90,3,725,0,177,356,211,17,Z,89,9,382,4,276,382,444,8,0,-1,6,-343,4,99,26,233,-9
22933,7.27,P,25,0,355,0,0,95,35,0,Z,36,5,132,0,38,98,118,2,1,11,5,-223,0,38,3,83,2
22934,9.59,T,67,0,672,0,262,204,175,4,Z,69,0,435,0,5,124,190,0,0,2,0,-237,0,-257,-80,15,-4
22935,10.42,Z,50,0,468,0,35,226,188,2,P,63,0,812,0,63,488,168,2,1,13,0,344,0,28,262,-20,0
22936,3.34,T,16,0,312,0,217,64,117,5,Z,19,1,115,0,29,30,62,2,1,3,1,-197,0,-188,-34,-55,-3
22937,6.53,P,18,0,261,0,2,25,30,2,P,29,0,406,0,10,37,39,4,1,11,0,145,0,8,12,9,2
22938,9.59,T,75,3,711,0,328,231,114,3,T,66,0,680,0,13,137,110,8,1,-9,-3,-31,0,-315,-94,-4,5
22939,9.59,T,76,8,852,0,78,348,176,2,Z,59,0,588,4,63,268,220,8,0,-17,-8,-264,4,-15,-80,44,6
22940,3.01,P,20,0,119,0,182,36,60,10,P,12,0,112,0,114,39,97,3,1,-8,0,-7,0,-68,3,37,-7
22941,4.02,P,19,0,241,0,6,51,40,0,T,17,0,107,0,35,10,25,4,0,-2,0,-134,0,29,-41,-15,4
22942,10.5,P,66,5,723,0,60,264,62,1,Z,77,4,539,0,325,84,217,8,1,11,-1,-184,0,265,-180,155,7
22943,9.36,T,102,0,542,0,181,199,341,11,Z,69,8,475,0,48,144,138,2,0,-33,8,-67,0,-133,-55,-203,-9
22944,10.14,P,58,0,353,4,84,234,110,0,T,44,0,410,0,0,45,77,2,0,-14,0,57,-4,-84,-189,-33,2
22945,9.59,T,44,0,570,0,9,47,67,6,P,43,1,1017,0,13,195,67,4,0,-1,1,447,0,4,148,0,-2
22946,9.59,Z,41,11,257,0,466,83,128,1,Z,76,7,339,0,455,206,403,4,1,35,-4,82,0,-11,123,275,3
22947,4.29,Z,30,4,138,0,202,142,133,7,Z,23,2,63,0,47,36,89,3,0,-7,-2,-75,0,-155,-106,-44,-4
22948,9.27,Z,30,0,575,0,17,300,128,3,P,58,1,353,0,55,420,59,4,1,28,1,-222,0,38,120,-69,1
22949,6.09,P,66,4,295,0,456,308,160,2,T,45,0,208,0,12,202,99,6,0,-21,-4,-87,0,-444,-106,-61,4
22950,9.59,P,37,3,723,0,12,138,80,7,T,44,0,1286,0,0,81,110,0,1,7,-3,563,0,-12,-57,30,-7
22951,1.59,P,9,0,55,0,4,64,13,1,Z,5,0,43,0,4,8,22,0,1,-4,0,-12,0,0,-56,9,-1
22952,10.47,T,102,0,442,0,432,543,183,10,T,119,10,448,0,360,343,283,20,1,17,10,6,0,-72,-200,100,10
22953,9.59,Z,79,6,455,0,83,204,281,7,P,77,4,759,0,62,239,112,4,0,-2,-2,304,0,-21,35,-169,-3
22954,0.31,T,2,1,14,0,0,12,2,0,T,4,0,19,0,0,6,5,0,0,2,-1,5,0,0,-6,3,0
22955,5.37,Z,34,4,205,0,137,170,154,1,Z,30,5,273,0,100,153,180,1,0,-4,1,68,0,-37,-17,26,0
22956,6.48,Z,26,0,294,0,1,38,84,1,Z,33,4,944,0,36,158,113,3,0,7,4,650,0,35,120,29,2
22957,8.17,T,72,0,572,0,121,407,192,10,P,57,8,460,0,601,163,163,1,0,-15,8,-112,0,480,-244,-29,-9
22958,9.37,Z,41,0,499,1,36,182,160,8,Z,71,8,374,0,178,252,411,2,1,30,8,-125,-1,142,70,251,-6
22959,3.25,T,18,1,121,0,53,37,48,2,Z,5,2,19,0,9,10,19,0,0,-13,1,-102,0,-44,-27,-29,-2
22960,9.59,T,61,0,805,0,31,171,99,5,T,53,0,569,0,4,151,116,8,0,-8,0,-236,0,-27,-20,17,3
22961,9.59,T,69,0,708,0,10,205,141,4,T,73,3,575,0,563,160,279,7,1,4,3,-133,0,553,-45,138,3
22962,5.3,T,19,0,98,0,0,6,22,0,T,33,0,261,0,675,115,50,6,1,14,0,163,0,675,109,28,6
22963,8.31,T,81,2,489,0,313,266,144,14,P,67,2,694,0,421,220,84,7,1,-14,0,205,0,108,-46,-60,-7
22964,3.38,T,17,2,254,0,7,49,35,0,T,16,1,130,0,7,14,240,4,1,-1,-1,-124,0,0,-35,205,4
22965,8.48,Z,79,9,451,0,523,280,287,9,T,90,5,560,0,497,177,206,1,0,11,-4,109,0,-26,-103,-81,-8
22966,9.59,T,94,0,316,0,21,263,124,15,T,66,3,444,0,139,372,261,8,1,-28,3,128,0,118,109,137,-7
22967,10.1,T,64,3,686,0,42,311,143,0,T,51,0,571,0,2,303,146,5,1,-13,-3,-115,0,-40,-8,3,5
22968,9.59,P,76,7,791,0,51,214,106,8,P,60,2,551,3,28,277,91,0,0,-16,-5,-240,3,-23,63,-15,-8
22969,6.26,Z,43,4,216,0,144,159,184,0,Z,34,0,306,0,214,147,349,5,1,-9,-4,90,0,70,-12,165,5
22970,9.54,Z,83,0,322,0,388,449,261,13,T,134,0,635,0,727,370,141,20,1,51,0,313,0,339,-79,-120,7
22971,9.59,P,63,0,354,0,0,188,95,0,T,88,1,627,0,241,190,131,2,1,25,1,273,0,241,2,36,2
22972,5.18,Z,36,3,154,0,88,145,212,1,T,43,1,230,0,52,120,132,4,1,7,-2,76,0,-36,-25,-80,3
22973,9.59,Z,104,0,602,17,509,271,402,4,P,92,0,420,0,68,373,149,7,1,-12,0,-182,-17,-441,102,-253,3
22974,3.31,Z,16,4,143,0,174,106,124,2,Z,13,0,137,0,5,26,119,2,0,-3,-4,-6,0,-169,-80,-5,0
22975,9.59,T,81,4,717,0,45,112,108,1,Z,49,0,406,0,35,87,167,5,0,-32,-4,-311,0,-10,-25,59,4
22976,5.28,P,39,3,147,0,235,111,73,7,Z,35,4,242,0,338,154,115,15,0,-4,1,95,0,103,43,42,8
22977,7.42,T,61,0,368,0,259,188,146,14,T,54,7,295,0,85,158,78,2,1,-7,7,-73,0,-174,-30,-68,-12
22978,8.2,Z,50,0,480,0,29,76,137,6,Z,54,10,395,0,30,185,171,7,1,4,10,-85,0,1,109,34,1
22979,7.57,Z,57,0,388,0,41,287,291,3,Z,49,14,284,0,64,233,237,0,1,-8,14,-104,0,23,-54,-54,-3
22980,5.32,Z,33,0,239,0,89,246,205,12,Z,36,6,116,0,468,207,231,8,1,3,6,-123,0,379,-39,26,-4
22981,5.29,P,28,3,354,0,6,104,56,0,P,35,0,228,0,29,219,79,4,1,7,-3,-126,0,23,115,23,4
22982,5.46,Z,28,1,398,0,20,114,192,0,P,31,1,473,0,273,156,51,3,0,3,0,75,0,253,42,-141,3
22983,9.59,Z,59,0,677,0,44,125,187,3,P,43,0,749,0,0,258,103,0,0,-16,0,72,0,-44,133,-84,-3
22984,4.5,P,44,0,420,0,335,111,31,13,Z,33,3,204,7,293,174,135,3,1,-11,3,-216,7,-42,63,104,-10
22985,9.59,P,72,2,271,0,34,313,101,17,Z,86,1,651,0,780,183,326,11,1,14,-1,380,0,746,-130,225,-6
22986,4.14,T,30,0,205,0,197,61,56,8,T,20,2,86,0,235,105,63,5,1,-10,2,-119,0,38,44,7,-3
22987,8.04,T,101,5,438,0,55,194,79,2,Z,50,4,480,2,361,244,242,0,0,-51,-1,42,2,306,50,163,-2
22988,9.58,T,88,0,732,0,68,163,117,4,Z,74,0,548,0,611,225,274,11,0,-14,0,-184,0,543,62,157,7
22989,9.59,T,61,0,713,0,76,91,107,0,Z,72,11,353,0,75,75,241,0,1,11,11,-360,0,-1,-16,134,0
22990,9.59,T,33,0,581,0,1,58,63,1,T,36,0,344,0,0,72,65,0,1,3,0,-237,0,-1,14,2,-1
22991,9.59,P,29,0,468,0,0,84,48,0,T,57,0,808,0,2,82,80,1,0,28,0,340,0,2,-2,32,1
22992,6.17,P,32,1,404,0,12,89,67,3,P,35,1,258,0,42,52,67,3,1,3,0,-146,0,30,-37,0,0
22993,9.58,T,44,0,203,0,7,36,57,3,Z,49,0,860,0,11,37,159,5,1,5,0,657,0,4,1,102,2
22994,4.33,P,17,0,53,0,0,8,20,0,Z,19,0,87,0,25,34,60,3,0,2,0,34,0,25,26,40,3
22995,4.3,T,29,0,182,0,151,94,45,10,Z,16,5,124,0,21,105,56,0,1,-13,5,-58,0,-130,11,11,-10
22996,5.57,P,34,2,490,0,5,28,24,0,Z,30,0,644,0,61,75,136,5,0,-4,-2,154,0,56,47,112,5
22997,7.17,Z,55,0,224,0,255,325,207,18,Z,43,0,525,0,378,176,153,6,0,-12,0,301,0,123,-149,-54,-12
22998,5.18,T,43,2,295,0,422,154,92,3,Z,29,6,194,0,286,106,149,0,1,-14,4,-101,0,-136,-48,57,-3
22999,10.34,P,45,3,565,0,32,106,52,0,P,66,0,559,0,66,46,49,5,1,21,-3,-6,0,34,-60,-3,5
23000,9.58,P,67,0,533,0,157,223,91,7,T,57,6,819,0,20,151,96,1,0,-10,6,286,0,-137,-72,5,-6
23001,7.51,T,121,0,319,0,1002,298,170,38,Z,83,14,341,1,804,287,264,23,1,-38,14,22,1,-198,-11,94,-15
23002,4.41,T,25,2,256,0,351,119,84,2,P,21,0,523,0,36,58,24,2,0,-4,-2,267,0,-315,-61,-60,0
23003,10.15,T,68,0,370,23,654,127,194,0,T,99,4,640,0,81,211,139,1,1,31,4,270,-23,-573,84,-55,1
23004,4.53,Z,18,0,197,0,0,59,58,0,P,21,0,257,0,39,59,32,5,1,3,0,60,0,39,0,-26,5
23005,9.59,P,108,0,495,0,74,200,151,3,T,81,3,641,0,551,229,119,4,0,-27,3,146,0,477,29,-32,1
23006,9.19,Z,52,3,295,0,575,85,346,7,T,59,0,656,0,3,83,101,2,0,7,-3,361,0,-572,-2,-245,-5
23007,5.08,Z,29,0,241,0,4,77,96,5,T,25,0,226,0,14,85,76,1,0,-4,0,-15,0,10,8,-20,-4
23008,3.19,Z,10,0,72,0,179,60,62,4,Z,11,3,191,0,69,50,50,3,0,1,3,119,0,-110,-10,-12,-1
23009,9.58,T,93,2,427,0,610,268,192,15,Z,67,0,526,98,283,226,494,2,0,-26,-2,99,98,-327,-42,302,-13
23010,5.2,T,69,0,179,0,511,154,121,13,Z,55,2,352,0,340,259,145,9,0,-14,2,173,0,-171,105,24,-4
23011,9.58,T,96,5,321,0,371,405,278,8,T,109,9,625,0,870,193,223,11,0,13,4,304,0,499,-212,-55,3
23012,8.35,T,43,2,747,0,5,119,126,3,Z,41,0,320,0,3,176,140,1,0,-2,-2,-427,0,-2,57,14,-2
23013,4.42,P,26,0,109,0,516,192,43,1,P,26,1,109,0,380,67,30,4,1,0,1,0,0,-136,-125,-13,3
23014,9,P,48,0,344,0,18,140,41,9,T,46,0,730,0,5,174,120,2,0,-2,0,386,0,-13,34,79,-7
23015,4.4,Z,17,0,237,0,9,15,51,0,T,17,0,295,0,0,21,40,0,1,0,0,58,0,-9,6,-11,0
23016,5.44,Z,25,4,370,3,35,69,106,0,Z,27,3,229,0,67,148,132,0,1,2,-1,-141,-3,32,79,26,0
23017,6.11,T,14,0,341,0,3,129,37,0,P,25,0,248,0,0,12,45,0,0,11,0,-93,0,-3,-117,8,0
23018,6.24,T,23,0,331,0,1,35,47,5,P,25,5,216,0,349,64,60,17,1,2,5,-115,0,348,29,13,12
23019,6.56,Z,44,0,185,0,18,216,241,10,Z,49,6,183,0,54,347,124,12,0,5,6,-2,0,36,131,-117,2
23020,3.31,T,21,0,148,0,256,76,68,4,T,22,0,223,0,99,59,51,2,0,1,0,75,0,-157,-17,-17,-2
23021,6.3,P,26,0,169,0,12,33,50,1,T,40,0,244,0,6,47,79,4,1,14,0,75,0,-6,14,29,3
23022,1.37,T,5,3,66,0,51,17,50,0,T,2,1,18,0,2,7,4,0,1,-3,-2,-48,0,-49,-10,-46,0
23023,9.17,Z,46,4,394,0,38,271,185,10,Z,51,3,462,0,31,378,190,0,1,5,-1,68,0,-7,107,5,-10
23024,9.41,Z,48,0,300,6,80,202,183,0,T,92,5,744,0,59,238,161,6,1,44,5,444,-6,-21,36,-22,6
23025,8.47,Z,43,0,216,0,17,70,139,2,T,84,0,530,0,384,195,116,9,1,41,0,314,0,367,125,-23,7
23026,8.19,Z,59,0,381,0,57,276,307,1,T,103,0,367,0,429,287,215,12,1,44,0,-14,0,372,11,-92,11
23027,5.2,T,45,0,307,0,200,124,70,5,T,69,0,344,0,308,234,52,9,0,24,0,37,0,108,110,-18,4
23028,10.04,P,61,1,531,0,17,180,68,2,P,79,2,325,0,650,243,199,16,0,18,1,-206,0,633,63,131,14
23029,9.59,P,50,4,680,0,71,109,56,3,Z,42,0,250,0,0,88,125,3,0,-8,-4,-430,0,-71,-21,69,0
23030,8.3,T,60,0,366,0,36,173,139,8,Z,59,0,282,0,50,200,130,2,1,-1,0,-84,0,14,27,-9,-6
23031,6.56,Z,44,8,466,0,57,257,114,0,Z,29,18,258,2,373,239,260,4,1,-15,10,-208,2,316,-18,146,4
23032,6.13,Z,30,6,176,0,120,177,230,3,Z,26,0,174,9,425,106,149,0,1,-4,-6,-2,9,305,-71,-81,-3
23033,6.18,Z,35,0,156,0,39,151,131,1,Z,39,0,293,0,68,173,118,6,1,4,0,137,0,29,22,-13,5
23034,5.24,Z,36,4,207,0,159,234,216,4,Z,36,6,310,0,347,217,173,3,0,0,2,103,0,188,-17,-43,-1
23035,5.16,P,27,0,117,0,5,103,37,2,P,26,0,90,0,3,87,82,3,1,-1,0,-27,0,-2,-16,45,1
23036,8.31,Z,50,0,207,0,50,204,143,2,P,67,2,263,3,81,247,128,0,1,17,2,56,3,31,43,-15,-2
23037,8.49,Z,63,6,374,0,105,216,242,0,P,73,5,648,0,340,83,77,6,1,10,-1,274,0,235,-133,-165,6
23038,7.05,T,49,1,370,0,40,118,52,4,P,42,2,197,0,550,192,208,1,0,-7,1,-173,0,510,74,156,-3
23039,9.58,Z,117,13,466,0,230,216,240,5,T,143,0,526,0,107,400,157,21,0,26,-13,60,0,-123,184,-83,16
23040,9.57,P,31,0,491,0,19,83,72,2,T,41,0,446,0,0,85,76,2,0,10,0,-45,0,-19,2,4,0
23041,10.27,Z,79,10,761,0,143,245,324,0,T,89,16,570,0,60,193,143,0,0,10,6,-191,0,-83,-52,-181,0
23042,3.26,T,28,0,155,0,238,72,78,3,T,25,0,134,0,140,63,71,6,0,-3,0,-21,0,-98,-9,-7,3
23043,9.32,Z,55,0,578,0,53,128,264,3,P,74,0,508,0,405,277,161,8,1,19,0,-70,0,352,149,-103,5
23044,6.51,P,57,4,300,0,311,219,50,5,T,73,0,301,0,284,135,139,10,1,16,-4,1,0,-27,-84,89,5
23045,6.06,Z,25,0,426,0,0,19,74,1,T,28,0,279,0,4,30,38,2,1,3,0,-147,0,4,11,-36,1
23046,9.59,P,28,0,717,0,0,138,47,0,T,33,0,482,0,4,107,76,3,1,5,0,-235,0,4,-31,29,3
23047,9.59,Z,50,4,420,0,456,198,262,1,P,72,1,813,0,247,290,130,10,1,22,-3,393,0,-209,92,-132,9
23048,10.16,Z,75,0,479,0,1,130,289,3,P,37,0,526,0,1,120,73,1,0,-38,0,47,0,0,-10,-216,-2
23049,10.19,T,69,6,379,0,53,83,128,4,T,81,0,342,0,33,176,190,7,1,12,-6,-37,0,-20,93,62,3
23050,9.59,T,61,2,337,0,18,277,245,7,P,58,0,666,0,4,235,168,2,1,-3,-2,329,0,-14,-42,-77,-5
23051,6.25,Z,30,0,155,0,0,41,88,0,P,20,0,350,0,11,132,34,5,0,-10,0,195,0,11,91,-54,5
23052,3.45,P,28,0,101,0,8,83,66,0,T,20,0,201,0,319,108,39,9,0,-8,0,100,0,311,25,-27,9
23053,3.31,T,20,6,282,0,322,117,77,2,P,22,0,165,0,225,103,81,5,1,2,-6,-117,0,-97,-14,4,3
23054,9.59,P,38,0,398,0,1,207,140,1,Z,49,0,241,0,5,54,195,10,0,11,0,-157,0,4,-153,55,9
23055,4.55,Z,20,2,136,0,154,45,67,3,T,26,0,309,0,53,78,43,4,1,6,-2,173,0,-101,33,-24,1
23056,4.01,T,19,3,115,0,33,66,33,0,T,20,0,252,0,75,68,55,13,0,1,-3,137,0,42,2,22,13
23057,5.24,T,44,6,225,0,495,216,142,8,T,38,1,288,0,646,160,93,3,1,-6,-5,63,0,151,-56,-49,-5
23058,1.5,T,9,0,223,0,3,9,7,1,T,11,1,159,0,252,16,105,2,1,2,1,-64,0,249,7,98,1
23059,8.16,Z,40,0,339,0,36,58,88,5,T,64,0,766,0,44,105,113,6,1,24,0,427,0,8,47,25,1
23060,9.5,Z,77,1,850,0,128,268,345,1,T,92,0,802,0,64,143,100,6,0,15,-1,-48,0,-64,-125,-245,5
23061,9.58,Z,55,0,552,0,21,213,164,2,T,58,0,366,0,0,88,98,0,0,3,0,-186,0,-21,-125,-66,-2
23062,3.08,Z,12,1,14,0,5,16,28,0,Z,5,0,151,0,0,31,30,0,0,-7,-1,137,0,-5,15,2,0
23063,3.41,Z,10,0,80,0,0,7,56,2,Z,13,0,202,0,0,26,42,1,1,3,0,122,0,0,19,-14,-1
23064,3.58,T,30,0,171,0,227,128,65,10,T,25,7,301,0,219,99,64,9,0,-5,7,130,0,-8,-29,-1,-1
23065,9.59,P,31,0,595,0,1,75,50,6,P,18,0,239,0,8,33,32,2,1,-13,0,-356,0,7,-42,-18,-4
23066,4.32,P,15,0,122,0,0,34,19,0,Z,14,1,200,0,1,35,64,0,0,-1,1,78,0,1,1,45,0
23067,6.43,T,20,2,484,0,11,44,38,0,T,32,4,181,0,2,116,60,0,0,12,2,-303,0,-9,72,22,0
23068,8.52,P,53,0,735,0,18,139,95,2,P,47,0,408,0,15,319,60,5,1,-6,0,-327,0,-3,180,-35,3
23069,9.59,Z,58,0,822,0,66,144,172,4,T,92,0,257,0,455,397,110,13,0,34,0,-565,0,389,253,-62,9
23070,3.13,Z,16,0,278,0,0,52,43,0,Z,17,0,61,0,10,39,74,4,1,1,0,-217,0,10,-13,31,4
23071,9.26,Z,74,5,380,0,254,118,225,0,Z,75,2,679,0,105,206,249,2,1,1,-3,299,0,-149,88,24,2
23072,9.49,Z,95,19,556,0,536,388,342,2,P,93,8,621,0,427,552,201,18,1,-2,-11,65,0,-109,164,-141,16
23073,9.35,Z,82,8,578,0,324,154,453,0,P,79,2,503,0,114,208,73,6,0,-3,-6,-75,0,-210,54,-380,6
23074,4.06,P,14,7,276,0,10,86,30,2,P,16,0,89,0,5,121,34,1,1,2,-7,-187,0,-5,35,4,-1
23075,6.02,T,38,0,400,0,177,98,55,3,P,30,1,350,0,3,71,41,1,1,-8,1,-50,0,-174,-27,-14,-2
23076,1.52,P,7,0,61,0,0,34,7,0,T,9,0,57,0,2,4,4,2,0,2,0,-4,0,2,-30,-3,2
23077,8.58,P,74,1,540,0,94,154,185,3,T,75,1,546,0,87,266,89,6,1,1,0,6,0,-7,112,-96,3
23078,3.41,P,21,0,93,0,4,133,52,3,P,13,1,196,0,166,44,126,2,1,-8,1,103,0,162,-89,74,-1
23079,3.24,P,7,0,196,0,8,79,28,1,T,14,0,169,0,192,44,15,4,1,7,0,-27,0,184,-35,-13,3
23080,8.28,Z,30,0,435,0,399,307,128,7,T,32,0,194,0,12,167,66,2,1,2,0,-241,0,-387,-140,-62,-5
23081,10.44,T,80,0,690,0,15,271,161,4,Z,81,5,475,0,228,204,397,5,1,1,5,-215,0,213,-67,236,1
23082,7.13,T,58,3,581,0,249,126,94,2,T,49,2,389,0,270,180,132,9,1,-9,-1,-192,0,21,54,38,7
23083,6.38,Z,36,2,94,0,63,91,162,0,Z,36,0,636,0,56,130,153,4,1,0,-2,542,0,-7,39,-9,4
23084,3.01,T,23,1,196,0,150,63,47,2,Z,16,1,130,0,34,37,48,2,1,-7,0,-66,0,-116,-26,1,0
23085,3.28,T,16,0,151,0,290,45,45,5,Z,10,1,36,0,13,16,34,1,1,-6,1,-115,0,-277,-29,-11,-4
23086,5.47,Z,25,2,130,0,410,128,129,3,P,30,2,327,0,83,72,39,2,1,5,0,197,0,-327,-56,-90,-1
23087,9.59,Z,58,6,594,0,17,156,162,0,Z,49,2,487,0,26,320,321,10,0,-9,-4,-107,0,9,164,159,10
23088,8.14,T,45,0,471,0,35,121,79,4,P,47,0,512,0,1,77,55,4,1,2,0,41,0,-34,-44,-24,0
23089,9.59,P,62,0,787,0,24,208,110,12,P,51,1,361,0,15,217,138,4,0,-11,1,-426,0,-9,9,28,-8
23090,6.14,T,51,1,315,0,224,162,43,10,Z,23,3,289,0,5,75,111,0,0,-28,2,-26,0,-219,-87,68,-10
23091,4.37,T,19,0,237,0,44,30,177,6,T,38,2,113,0,54,83,76,4,1,19,2,-124,0,10,53,-101,-2
23092,7.52,Z,37,0,348,0,0,179,141,2,T,92,5,258,0,620,246,143,9,1,55,5,-90,0,620,67,2,7
23093,10.11,T,49,0,464,0,18,193,62,8,T,48,2,1055,0,8,322,84,3,0,-1,2,591,0,-10,129,22,-5
23094,9.59,T,86,19,739,0,353,197,140,1,Z,80,0,451,0,150,193,404,6,0,-6,-19,-288,0,-203,-4,264,5
23095,9.58,T,114,2,667,0,197,252,137,5,Z,83,0,652,0,36,178,266,19,0,-31,-2,-15,0,-161,-74,129,14
23096,6.58,T,62,0,351,0,352,228,140,6,P,56,1,543,0,20,122,83,3,0,-6,1,192,0,-332,-106,-57,-3
23097,9.59,T,54,0,607,0,13,205,94,6,T,48,0,378,0,0,78,83,0,0,-6,0,-229,0,-13,-127,-11,-6
23098,9.59,T,87,6,920,0,21,177,140,0,P,51,0,304,0,186,136,58,18,0,-36,-6,-616,0,165,-41,-82,18
23099,4.19,T,26,1,109,0,143,61,154,3,T,33,2,575,0,176,59,76,2,1,7,1,466,0,33,-2,-78,-1
23100,10.32,P,68,0,515,0,672,258,65,7,Z,56,0,1058,0,28,138,141,6,1,-12,0,543,0,-644,-120,76,-1
23101,0.5,Z,1,0,4,0,0,0,6,0,T,5,0,45,0,0,5,11,0,1,4,0,41,0,0,5,5,0
23102,9.17,Z,61,9,629,0,79,211,214,3,T,99,0,621,0,531,237,101,14,1,38,-9,-8,0,452,26,-113,11
23103,8.57,Z,48,0,411,12,80,214,162,1,T,113,10,357,0,241,246,94,4,1,65,10,-54,-12,161,32,-68,3
23104,5.37,P,28,0,146,0,6,108,143,0,P,23,0,275,0,105,100,134,3,0,-5,0,129,0,99,-8,-9,3
23105,9.34,T,146,0,528,0,313,245,143,16,Z,78,0,394,0,106,324,242,11,0,-68,0,-134,0,-207,79,99,-5
23106,8.38,T,56,0,391,0,0,170,77,0,P,34,0,215,0,11,58,52,3,1,-22,0,-176,0,11,-112,-25,3
23107,9.59,T,103,11,683,0,21,355,160,11,Z,59,1,414,0,85,247,172,3,1,-44,-10,-269,0,64,-108,12,-8
23108,7.07,T,36,7,232,0,61,51,53,0,P,25,0,179,0,10,49,28,2,1,-11,-7,-53,0,-51,-2,-25,2
23109,0,T,0,0,1,0,0,0,0,0,T,24,0,146,0,5,37,29,1,1,24,0,145,0,5,37,29,1
23110,9.59,T,67,2,446,0,12,303,98,7,T,57,1,621,0,16,248,136,3,0,-10,-1,175,0,4,-55,38,-4
23111,5.45,T,37,0,500,0,1,163,89,2,Z,25,2,308,0,268,71,74,2,1,-12,2,-192,0,267,-92,-15,0
23112,9.47,P,36,0,724,0,0,178,65,0,P,37,0,532,0,0,253,152,0,1,1,0,-192,0,0,75,87,0
23113,10.04,P,109,3,394,0,373,412,156,10,T,98,0,483,0,620,347,328,29,0,-11,-3,89,0,247,-65,172,19
23114,4.09,T,15,3,207,0,17,28,27,0,P,12,0,206,0,0,17,23,0,0,-3,-3,-1,0,-17,-11,-4,0
23115,8.21,Z,57,0,816,0,94,277,230,11,P,48,0,419,0,45,219,90,10,1,-9,0,-397,0,-49,-58,-140,-1
23116,8.33,T,97,0,511,0,204,195,171,13,T,76,3,258,0,353,183,153,5,0,-21,3,-253,0,149,-12,-18,-8
23117,3.11,T,15,0,386,0,29,26,85,7,P,14,0,195,0,108,76,58,4,1,-1,0,-191,0,79,50,-27,-3
23118,9.59,T,37,0,448,0,0,24,57,0,T,41,2,641,0,14,44,55,3,0,4,2,193,0,14,20,-2,3
23119,3.43,T,17,3,99,0,300,62,125,2,P,20,0,73,0,0,101,25,1,1,3,-3,-26,0,-300,39,-100,-1
23120,5.28,P,23,0,72,0,200,45,220,3,T,31,0,97,0,31,64,110,9,0,8,0,25,0,-169,19,-110,6
23121,9.58,Z,65,5,479,10,331,165,263,0,T,106,10,470,0,48,367,131,5,1,41,5,-9,-10,-283,202,-132,5
23122,5.15,Z,25,2,371,0,29,25,106,0,T,24,0,223,0,179,69,41,4,1,-1,-2,-148,0,150,44,-65,4
23123,2.04,T,8,1,82,2,161,40,74,2,Z,7,0,74,0,2,76,51,8,1,-1,-1,-8,-2,-159,36,-23,6
23124,10.27,P,32,0,248,0,0,165,54,0,T,55,1,861,0,4,270,89,2,0,23,1,613,0,4,105,35,2
23125,7.06,P,64,1,634,0,139,189,74,2,Z,43,0,504,0,63,161,172,11,0,-21,-1,-130,0,-76,-28,98,9
23126,10.32,P,45,3,962,0,31,241,85,0,P,67,3,597,0,2,357,191,0,1,22,0,-365,0,-29,116,106,0
23127,4,T,31,4,127,0,515,124,93,5,T,27,0,119,0,252,121,160,8,1,-4,-4,-8,0,-263,-3,67,3
23128,5.03,Z,25,0,88,0,42,52,88,4,T,28,0,354,0,149,134,74,4,0,3,0,266,0,107,82,-14,0
23129,9.47,T,80,6,583,0,90,127,77,6,T,84,3,537,0,90,211,109,5,0,4,-3,-46,0,0,84,32,-1
23130,3.51,Z,12,1,66,0,17,31,44,1,Z,25,1,192,0,241,97,57,3,0,13,0,126,0,224,66,13,2
23131,4.56,T,36,0,334,0,555,64,30,6,Z,21,0,267,0,19,92,75,13,0,-15,0,-67,0,-536,28,45,7
23132,9.34,T,86,7,452,0,45,156,79,5,T,71,0,752,0,78,218,110,5,0,-15,-7,300,0,33,62,31,0
23133,9.18,Z,72,3,469,0,267,311,313,7,Z,59,11,452,0,89,210,263,2,0,-13,8,-17,0,-178,-101,-50,-5
23134,1.41,P,11,1,64,0,127,77,50,2,P,11,0,71,0,31,77,36,0,0,0,-1,7,0,-96,0,-14,-2
23135,9.58,T,88,6,543,0,85,132,117,9,T,114,5,432,0,345,275,192,7,0,26,-1,-111,0,260,143,75,-2
23136,9.59,P,63,2,589,0,32,291,123,6,T,95,0,366,0,54,406,109,5,0,32,-2,-223,0,22,115,-14,-1
23137,7.16,T,56,2,389,0,18,81,96,1,Z,38,7,260,0,143,121,198,3,0,-18,5,-129,0,125,40,102,2
23138,3.36,Z,15,1,78,0,43,65,101,0,Z,9,1,326,0,52,21,85,0,0,-6,0,248,0,9,-44,-16,0
23139,2.41,Z,9,0,112,0,15,78,65,3,T,8,0,151,0,207,54,20,4,0,-1,0,39,0,192,-24,-45,1
23140,9.55,P,48,1,471,0,10,130,80,11,T,52,0,460,0,2,172,66,1,0,4,-1,-11,0,-8,42,-14,-10
23141,5.03,Z,28,1,203,1,37,64,85,0,T,16,0,228,0,0,25,23,0,1,-12,-1,25,-1,-37,-39,-62,0
23142,9.58,T,78,2,677,0,68,272,190,7,P,40,0,423,0,2,91,47,3,0,-38,-2,-254,0,-66,-181,-143,-4
23143,7.05,Z,47,3,187,0,51,148,179,2,T,47,0,407,0,2,40,77,2,1,0,-3,220,0,-49,-108,-102,0
23144,9.59,Z,57,0,430,11,70,198,162,1,P,33,0,360,0,0,115,52,0,0,-24,0,-70,-11,-70,-83,-110,-1
23145,5.14,T,33,4,150,0,70,135,43,0,Z,25,3,434,0,5,86,80,2,1,-8,-1,284,0,-65,-49,37,2
23146,8.45,T,56,0,599,0,11,191,304,5,P,52,0,625,0,180,288,74,10,1,-4,0,26,0,169,97,-230,5
23147,6.33,T,73,0,286,0,271,87,73,8,Z,38,0,382,2,455,133,127,3,0,-35,0,96,2,184,46,54,-5
23148,9.58,P,61,0,451,0,15,244,135,5,T,94,4,717,0,69,186,113,6,0,33,4,266,0,54,-58,-22,1
23149,9.19,T,93,6,814,0,16,196,116,3,P,57,1,398,0,41,202,66,0,1,-36,-5,-416,0,25,6,-50,-3
23150,3.03,Z,9,0,43,0,7,11,35,1,Z,8,0,145,0,4,16,26,2,0,-1,0,102,0,-3,5,-9,1
23151,9.57,T,69,2,423,0,53,212,97,5,T,91,4,502,0,28,206,144,7,0,22,2,79,0,-25,-6,47,2
23152,9.59,Z,49,0,934,0,0,92,134,0,T,48,0,619,0,18,64,64,4,0,-1,0,-315,0,18,-28,-70,4
23153,4.3,Z,19,3,120,0,24,101,75,1,P,16,0,242,0,16,109,25,0,0,-3,-3,122,0,-8,8,-50,-1
23154,3.28,T,10,6,250,0,34,57,49,0,Z,6,0,30,0,0,42,34,1,1,-4,-6,-220,0,-34,-15,-15,1
23155,9.59,T,109,0,611,0,445,198,235,8,Z,66,0,453,0,76,168,222,9,0,-43,0,-158,0,-369,-30,-13,1
23156,2.41,P,10,0,30,0,0,18,24,0,P,11,0,99,0,7,29,7,2,1,1,0,69,0,7,11,-17,2
23157,8.1,T,35,0,298,0,0,55,60,0,T,45,0,240,0,0,70,79,0,1,10,0,-58,0,0,15,19,0
23158,1.31,T,5,1,51,0,1,0,5,0,P,7,0,12,0,0,11,6,1,1,2,-1,-39,0,-1,11,1,1
23159,7.57,Z,62,0,423,0,308,244,400,7,Z,40,14,517,1,35,130,179,3,0,-22,14,94,1,-273,-114,-221,-4
23160,5.06,T,27,3,259,0,51,108,37,0,T,34,0,260,9,18,87,69,0,0,7,-3,1,9,-33,-21,32,0
23161,8.39,Z,50,0,444,0,316,157,367,9,P,45,3,460,0,13,115,59,0,0,-5,3,16,0,-303,-42,-308,-9
23162,4.09,Z,13,0,176,0,7,73,62,6,P,17,0,347,0,218,124,23,7,1,4,0,171,0,211,51,-39,1
23163,9.59,T,134,0,506,36,690,172,255,2,P,74,2,509,0,476,270,99,9,0,-60,2,3,-36,-214,98,-156,7
23164,9.58,P,31,0,219,0,0,30,28,0,T,41,2,683,0,13,23,50,0,1,10,2,464,0,13,-7,22,0
23165,10.09,P,105,0,598,0,238,214,98,25,Z,90,6,749,0,518,388,319,16,1,-15,6,151,0,280,174,221,-9
23166,9.59,P,49,1,493,0,5,443,72,2,Z,63,2,647,0,41,93,160,0,1,14,1,154,0,36,-350,88,-2
23167,3.17,T,15,0,91,0,42,47,22,5,T,16,0,132,0,58,65,28,6,1,1,0,41,0,16,18,6,1
23168,3.31,P,14,0,56,0,0,33,37,0,P,19,5,176,0,12,56,61,0,0,5,5,120,0,12,23,24,0
23169,9.3,T,108,0,785,0,153,441,250,21,P,108,8,717,3,216,370,161,7,1,0,8,-68,3,63,-71,-89,-14
23170,2.53,P,14,0,70,1,0,38,20,0,T,10,0,101,0,0,79,34,0,1,-4,0,31,-1,0,41,14,0
23171,4.28,Z,15,0,149,0,2,16,46,1,T,23,0,76,0,1,71,41,1,1,8,0,-73,0,-1,55,-5,0
23172,9.5,T,91,0,403,0,794,270,165,12,Z,90,0,371,0,140,211,355,11,0,-1,0,-32,0,-654,-59,190,-1
23173,8.39,Z,83,2,176,0,187,170,302,3,P,55,2,280,0,26,194,60,4,0,-28,0,104,0,-161,24,-242,1
23174,10.22,T,199,0,365,0,900,281,185,12,Z,115,17,367,0,377,602,404,13,1,-84,17,2,0,-523,321,219,1
23175,4.38,T,26,0,297,0,289,40,41,12,Z,17,0,193,0,14,45,61,2,0,-9,0,-104,0,-275,5,20,-10
23176,8.33,P,60,0,774,0,32,228,67,6,Z,41,1,427,0,52,239,169,7,1,-19,1,-347,0,20,11,102,1
23177,3.49,P,14,0,164,0,10,49,37,1,T,24,4,69,0,49,46,32,0,0,10,4,-95,0,39,-3,-5,-1
23178,5.34,P,26,0,198,0,12,113,80,1,T,28,3,464,0,26,117,104,5,0,2,3,266,0,14,4,24,4
23179,6.42,T,17,0,166,0,0,19,30,0,T,29,0,554,0,0,29,60,1,0,12,0,388,0,0,10,30,1
23180,9.42,Z,56,13,469,0,332,208,142,3,Z,57,0,619,0,40,244,200,1,0,1,-13,150,0,-292,36,58,-2
23181,2.55,T,6,2,121,0,14,49,29,0,T,16,2,45,0,72,18,105,0,1,10,0,-76,0,58,-31,76,0
23182,5.15,T,36,0,449,0,0,72,64,3,P,23,0,164,0,23,85,30,2,1,-13,0,-285,0,23,13,-34,-1
23183,9.58,Z,73,15,516,0,233,224,310,0,P,62,0,744,0,21,168,117,9,0,-11,-15,228,0,-212,-56,-193,9
23184,9.16,T,75,8,478,0,656,301,189,0,Z,47,0,420,0,31,123,203,3,1,-28,-8,-58,0,-625,-178,14,3
23185,8.26,T,53,0,619,0,24,93,71,3,P,58,0,452,0,34,200,71,5,1,5,0,-167,0,10,107,0,2
23186,9.59,Z,67,2,586,0,184,238,208,2,P,49,0,448,0,21,143,123,7,0,-18,-2,-138,0,-163,-95,-85,5
23187,0.41,T,3,0,7,0,3,5,23,1,T,4,0,28,0,0,8,14,1,1,1,0,21,0,-3,3,-9,0
23188,9.26,T,28,0,600,0,0,56,46,3,P,36,0,473,0,0,29,58,0,1,8,0,-127,0,0,-27,12,-3
23189,0.2,Z,0,0,39,0,0,0,0,0,P,2,0,33,0,0,9,5,2,1,2,0,-6,0,0,9,5,2
23190,9.59,Z,54,1,385,0,34,107,221,3,Z,46,6,272,0,111,56,183,0,0,-8,5,-113,0,77,-51,-38,-3
23191,9.59,T,64,4,788,0,27,23,57,0,P,47,0,447,0,0,64,47,0,0,-17,-4,-341,0,-27,41,-10,0
23192,3.21,P,18,0,167,0,162,66,49,7,T,23,1,90,0,24,51,28,4,1,5,1,-77,0,-138,-15,-21,-3
23193,9.21,P,67,0,814,0,87,240,58,12,P,52,3,847,0,49,309,117,5,0,-15,3,33,0,-38,69,59,-7
23194,9.26,T,100,3,601,0,99,307,177,8,P,71,0,658,0,54,307,85,11,0,-29,-3,57,0,-45,0,-92,3
23195,4.55,T,24,5,395,0,44,105,69,2,P,34,0,217,0,19,58,39,5,1,10,-5,-178,0,-25,-47,-30,3
23196,7.27,T,70,1,358,0,337,162,124,6,Z,45,0,537,0,30,190,141,4,0,-25,-1,179,0,-307,28,17,-2
23197,8.32,T,70,0,703,0,87,162,151,4,T,52,9,492,0,3,47,92,0,1,-18,9,-211,0,-84,-115,-59,-4
23198,5.44,Z,41,5,189,0,175,124,198,6,T,64,0,163,0,607,151,138,6,0,23,-5,-26,0,432,27,-60,0
23199,8,T,53,0,520,7,85,124,116,3,Z,42,3,954,0,50,97,111,0,0,-11,3,434,-7,-35,-27,-5,-3
23200,6.35,T,62,0,235,0,357,139,149,4,P,60,5,289,0,241,182,146,5,1,-2,5,54,0,-116,43,-3,1
23201,9.59,T,83,0,842,0,0,214,145,0,Z,89,0,512,0,93,198,278,9,1,6,0,-330,0,93,-16,133,9
23202,7.53,Z,57,3,444,0,59,179,152,0,T,75,7,487,0,28,188,87,1,1,18,4,43,0,-31,9,-65,1
23203,10.49,Z,62,0,731,0,202,233,269,11,P,79,0,593,0,88,266,169,6,1,17,0,-138,0,-114,33,-100,-5
23204,6.55,P,52,2,258,0,407,217,111,5,T,87,3,387,0,299,251,103,9,1,35,1,129,0,-108,34,-8,4
23205,4.27,P,19,0,230,0,9,90,35,9,P,25,0,76,0,10,95,56,1,0,6,0,-154,0,1,5,21,-8
23206,4.25,T,22,0,194,0,13,95,23,3,T,17,0,222,0,0,51,30,0,0,-5,0,28,0,-13,-44,7,-3
23207,7.01,Z,48,0,247,0,117,215,146,4,Z,40,3,332,0,67,301,111,6,0,-8,3,85,0,-50,86,-35,2
23208,9.59,T,63,0,314,0,59,213,78,4,Z,43,2,535,0,26,39,124,1,1,-20,2,221,0,-33,-174,46,-3
23209,6.59,P,31,1,701,0,0,134,41,0,T,55,0,363,0,40,168,73,10,1,24,-1,-338,0,40,34,32,10
23210,8.05,T,57,5,411,0,108,190,76,2,Z,36,4,139,0,126,77,203,0,0,-21,-1,-272,0,18,-113,127,-2
23211,3.02,Z,13,2,136,0,22,81,95,0,Z,9,2,30,0,344,64,117,0,0,-4,0,-106,0,322,-17,22,0
23212,8.14,T,89,1,425,0,167,264,97,12,Z,60,6,218,0,31,228,146,6,1,-29,5,-207,0,-136,-36,49,-6
23213,7.55,Z,49,8,239,0,58,287,148,0,Z,43,0,586,0,67,93,164,5,1,-6,-8,347,0,9,-194,16,5
23214,9.59,P,64,5,500,0,10,248,84,0,T,60,0,846,0,31,231,105,4,1,-4,-5,346,0,21,-17,21,4
23215,4.21,Z,30,0,150,0,436,111,84,8,Z,27,0,219,3,111,200,121,0,1,-3,0,69,3,-325,89,37,-8
23216,4.05,Z,18,0,251,0,417,103,131,8,T,2,0,161,0,0,28,8,0,0,-16,0,-90,0,-417,-75,-123,-8
23217,9.59,T,167,4,466,0,597,372,199,15,Z,109,4,414,0,383,507,344,13,0,-58,0,-52,0,-214,135,145,-2
23218,5.59,Z,30,5,252,0,37,207,114,1,P,32,2,261,0,32,152,37,5,1,2,-3,9,0,-5,-55,-77,4
23219,7.57,Z,49,1,368,0,24,191,196,0,P,35,0,347,0,0,155,73,1,1,-14,-1,-21,0,-24,-36,-123,1
23220,2.44,Z,14,1,52,0,0,16,91,0,Z,11,2,161,0,20,146,34,0,0,-3,1,109,0,20,130,-57,0
23221,7.04,T,50,6,478,0,41,134,75,2,P,27,0,192,0,4,147,49,2,0,-23,-6,-286,0,-37,13,-26,0
23222,9.57,Z,72,4,389,0,28,248,261,2,T,65,7,776,0,17,186,90,1,0,-7,3,387,0,-11,-62,-171,-1
23223,9.59,Z,54,8,378,0,164,253,177,0,T,70,2,733,0,37,82,91,0,0,16,-6,355,0,-127,-171,-86,0
23224,9.59,T,92,0,728,0,460,391,151,16,T,117,0,583,45,309,297,289,1,1,25,0,-145,45,-151,-94,138,-15
23225,4.21,Z,15,2,157,0,3,57,69,0,Z,11,0,220,0,0,39,62,0,1,-4,-2,63,0,-3,-18,-7,0
23226,9.59,T,48,3,559,0,20,58,73,2,T,62,0,385,0,12,63,78,7,1,14,-3,-174,0,-8,5,5,5
23227,9.59,T,59,1,607,0,5,125,107,6,Z,41,0,498,0,23,64,143,1,1,-18,-1,-109,0,18,-61,36,-5
23228,7.41,T,56,0,469,0,474,178,63,6,T,53,0,531,0,22,171,73,4,0,-3,0,62,0,-452,-7,10,-2
23229,10.14,P,62,3,722,0,37,215,132,2,T,82,10,529,0,259,445,111,10,0,20,7,-193,0,222,230,-21,8
23230,0.38,Z,2,0,29,0,3,8,13,1,P,7,0,82,0,0,4,6,0,1,5,0,53,0,-3,-4,-7,-1
23231,9.59,Z,45,0,594,0,0,38,129,0,T,65,1,576,0,4,96,129,1,1,20,1,-18,0,4,58,0,1
23232,3.44,T,30,0,177,0,16,104,32,5,T,18,1,357,0,2,46,19,1,0,-12,1,180,0,-14,-58,-13,-4
23233,6.43,P,22,5,318,0,10,105,45,2,P,21,1,432,0,15,107,25,2,1,-1,-4,114,0,5,2,-20,0
23234,9.58,P,70,3,520,0,80,197,122,9,T,102,0,750,0,29,142,157,17,0,32,-3,230,0,-51,-55,35,8
23235,6.47,T,58,0,278,0,90,238,98,6,T,55,0,372,0,304,150,46,7,0,-3,0,94,0,214,-88,-52,1
23236,4.57,T,30,1,150,0,41,122,47,2,Z,17,2,196,0,2,25,68,0,1,-13,1,46,0,-39,-97,21,-2
23237,9,P,49,0,548,0,7,217,95,3,T,85,1,274,0,229,125,174,12,1,36,1,-274,0,222,-92,79,9
23238,4.21,T,16,1,144,0,10,26,66,4,T,19,0,289,0,0,43,31,0,1,3,-1,145,0,-10,17,-35,-4
23239,2.54,Z,11,0,98,0,79,34,77,2,P,0,0,1,0,0,0,0,0,0,-11,0,-97,0,-79,-34,-77,-2
23240,7.27,T,59,0,199,0,174,69,116,13,T,44,1,337,0,1121,91,148,2,0,-15,1,138,0,947,22,32,-11
23241,9.59,Z,87,8,510,0,67,229,265,3,P,103,1,398,0,508,266,105,8,1,16,-7,-112,0,441,37,-160,5
23242,10.11,T,75,0,432,0,39,261,133,13,Z,64,0,306,3,410,208,198,10,0,-11,0,-126,3,371,-53,65,-3
23243,9.59,Z,58,0,445,0,276,293,412,5,Z,69,12,492,0,35,300,186,2,0,11,12,47,0,-241,7,-226,-3
23244,7.32,Z,36,0,379,0,49,129,99,3,T,46,5,422,0,225,143,70,7,1,10,5,43,0,176,14,-29,4
23245,9.59,Z,82,11,755,0,77,122,166,8,P,79,3,367,0,34,141,85,0,1,-3,-8,-388,0,-43,19,-81,-8
23246,6.47,T,61,1,225,0,339,195,240,3,T,52,3,600,0,204,138,162,5,0,-9,2,375,0,-135,-57,-78,2
23247,10.54,T,144,8,643,0,348,263,204,15,Z,72,0,605,0,19,159,236,3,0,-72,-8,-38,0,-329,-104,32,-12
23248,2.44,Z,8,0,45,0,6,24,53,2,P,11,1,119,0,15,13,15,0,1,3,1,74,0,9,-11,-38,-2
23249,9.59,Z,54,0,704,0,34,101,181,7,P,57,3,329,0,9,123,73,0,0,3,3,-375,0,-25,22,-108,-7
23250,9.55,T,31,0,581,0,0,46,72,0,P,38,0,556,0,0,60,64,0,1,7,0,-25,0,0,14,-8,0
23251,8.01,P,39,5,293,0,55,57,70,0,T,39,0,599,0,10,46,62,4,0,0,-5,306,0,-45,-11,-8,4
23252,9.58,T,56,0,702,0,78,94,82,2,Z,37,0,1302,0,26,38,146,3,0,-19,0,600,0,-52,-56,64,1
23253,6.04,P,19,1,350,0,14,51,38,2,T,39,0,290,0,7,56,40,1,1,20,-1,-60,0,-7,5,2,-1
23254,4.01,P,23,0,292,0,7,58,25,2,T,23,3,217,0,315,76,85,3,0,0,3,-75,0,308,18,60,1
23255,9.59,P,37,0,654,0,0,247,106,1,Z,42,0,320,0,10,141,167,2,1,5,0,-334,0,10,-106,61,1
23256,9.58,P,58,0,513,17,114,65,111,0,T,65,0,676,0,13,152,161,2,1,7,0,163,-17,-101,87,50,2
23257,8.31,Z,62,4,314,0,142,255,308,8,Z,76,5,571,0,92,194,225,4,1,14,1,257,0,-50,-61,-83,-4
23258,2.54,P,11,0,37,0,6,79,22,9,P,9,1,116,0,0,77,12,0,0,-2,1,79,0,-6,-2,-10,-9
23259,10.07,Z,84,7,784,0,131,307,211,2,Z,80,14,415,0,129,223,296,6,0,-4,7,-369,0,-2,-84,85,4
23260,9.58,T,124,0,559,0,697,253,118,7,Z,63,0,313,0,29,190,222,7,0,-61,0,-246,0,-668,-63,104,0
23261,6.46,P,39,1,214,0,6,203,90,0,P,31,5,329,0,6,80,51,2,0,-8,4,115,0,0,-123,-39,2
23262,4.03,T,22,2,107,0,155,56,56,4,T,22,0,166,0,57,40,37,4,1,0,-2,59,0,-98,-16,-19,0
23263,9.59,P,29,0,615,0,0,204,51,0,Z,60,2,448,0,24,128,385,2,1,31,2,-167,0,24,-76,334,2
23264,7.05,T,76,4,401,1,119,136,112,12,T,51,0,460,0,20,226,166,6,0,-25,-4,59,-1,-99,90,54,-6
23265,9.59,Z,66,3,567,0,31,197,266,1,T,66,2,603,0,32,145,79,1,0,0,-1,36,0,1,-52,-187,0
23266,6.15,Z,26,7,88,0,291,63,72,0,Z,32,0,316,0,0,61,164,0,1,6,-7,228,0,-291,-2,92,0
23267,9.58,Z,34,0,321,0,36,97,142,5,P,65,0,874,0,36,165,69,5,1,31,0,553,0,0,68,-73,0
23268,10.33,Z,87,0,630,0,39,238,328,5,T,143,0,460,0,73,313,220,13,1,56,0,-170,0,34,75,-108,8
23269,9.59,Z,56,0,321,0,127,189,277,6,P,70,6,417,0,60,375,71,7,1,14,6,96,0,-67,186,-206,1
23270,9.59,Z,64,0,472,0,0,184,231,0,P,69,0,641,0,202,374,211,10,1,5,0,169,0,202,190,-20,10
23271,7.01,P,32,1,336,0,36,214,62,5,P,43,2,305,18,136,131,194,3,0,11,1,-31,18,100,-83,132,-2
23272,10.39,P,35,0,505,6,26,135,69,0,Z,50,2,227,0,16,37,190,1,1,15,2,-278,-6,-10,-98,121,1
23273,10.33,T,72,5,755,0,55,182,158,0,T,92,5,840,0,77,240,199,4,0,20,0,85,0,22,58,41,4
23274,7.55,T,41,3,579,0,6,55,46,0,T,47,3,369,0,43,94,76,5,1,6,0,-210,0,37,39,30,5
23275,9.59,P,90,13,1062,0,79,194,93,2,Z,65,3,516,0,85,222,209,4,1,-25,-10,-546,0,6,28,116,2
23276,10.04,P,26,0,507,0,0,221,82,0,T,44,0,906,0,1,85,73,3,1,18,0,399,0,1,-136,-9,3
23277,10.41,T,133,0,381,0,348,261,156,8,P,72,5,547,0,143,383,135,8,1,-61,5,166,0,-205,122,-21,0
23278,9.58,T,45,2,719,0,9,74,62,3,T,28,0,373,0,0,47,59,0,1,-17,-2,-346,0,-9,-27,-3,-3
23279,9.59,T,98,0,383,0,46,170,241,7,Z,70,1,324,0,71,134,165,4,0,-28,1,-59,0,25,-36,-76,-3
23280,9.58,P,30,0,553,0,2,88,62,2,T,34,0,474,0,0,50,59,3,0,4,0,-79,0,-2,-38,-3,1
23281,9.13,P,85,2,619,0,93,169,187,2,T,63,0,564,0,43,359,147,9,0,-22,-2,-55,0,-50,190,-40,7
23282,8.46,T,54,5,634,0,27,156,89,0,Z,43,0,345,0,26,70,107,2,0,-11,-5,-289,0,-1,-86,18,2
23283,4.36,P,17,0,131,0,0,104,94,0,Z,17,2,153,0,10,29,71,0,0,0,2,22,0,10,-75,-23,0
23284,10.35,Z,92,2,624,0,46,138,234,0,T,107,0,435,8,350,166,174,5,0,15,-2,-189,8,304,28,-60,5
23285,10.19,Z,61,0,315,0,38,110,195,1,T,76,0,686,0,248,132,110,4,0,15,0,371,0,210,22,-85,3
23286,8.32,Z,78,2,413,0,185,133,181,9,T,82,0,435,0,142,238,143,6,1,4,-2,22,0,-43,105,-38,-3
23287,10.26,Z,105,2,874,0,63,192,318,1,T,132,10,749,0,126,230,142,8,0,27,8,-125,0,63,38,-176,7
23288,9.58,T,42,0,424,0,2,132,97,2,T,42,0,583,0,6,65,85,6,1,0,0,159,0,4,-67,-12,4
23289,9.59,Z,90,5,488,0,240,240,279,11,Z,98,12,832,0,102,236,223,6,1,8,7,344,0,-138,-4,-56,-5
23290,9.59,T,93,11,342,0,465,201,110,4,Z,67,11,393,0,377,211,365,0,1,-26,0,51,0,-88,10,255,-4
23291,9.59,P,50,4,535,0,23,161,145,4,T,76,9,635,0,121,144,102,6,0,26,5,100,0,98,-17,-43,2
23292,9.35,P,32,0,225,0,0,83,67,0,P,63,3,473,4,100,232,141,0,1,31,3,248,4,100,149,74,0
23293,9.02,Z,51,0,635,0,3,221,253,2,P,56,0,709,0,24,328,218,7,1,5,0,74,0,21,107,-35,5
23294,5.45,T,52,0,260,75,742,90,367,7,P,26,0,336,0,442,140,117,7,0,-26,0,76,-75,-300,50,-250,0
23295,2.1,Z,9,0,18,0,0,47,45,1,Z,9,0,52,0,31,38,124,2,0,0,0,34,0,31,-9,79,1
23296,9.59,P,78,12,741,0,350,184,227,1,Z,66,3,378,0,51,86,164,8,1,-12,-9,-363,0,-299,-98,-63,7
23297,9.59,Z,54,1,429,0,19,94,158,1,T,70,0,430,0,21,193,67,3,1,16,-1,1,0,2,99,-91,2
23298,5.48,Z,21,0,491,0,0,166,83,0,Z,28,0,286,0,34,55,80,2,1,7,0,-205,0,34,-111,-3,2
23299,9.22,P,75,0,540,0,299,411,94,7,T,72,0,665,0,154,213,92,6,1,-3,0,125,0,-145,-198,-2,-1
23300,7.05,T,44,0,673,0,29,93,89,8,Z,47,2,73,0,73,109,114,3,1,3,2,-600,0,44,16,25,-5
23301,8.06,T,56,0,715,0,6,85,120,7,T,46,5,382,2,50,79,61,1,0,-10,5,-333,2,44,-6,-59,-6
23302,9.4,T,55,1,803,0,8,267,94,4,T,63,1,736,0,41,214,87,5,1,8,0,-67,0,33,-53,-7,1
23303,7.14,P,48,0,673,0,413,231,50,8,T,51,4,661,0,59,234,91,0,1,3,4,-12,0,-354,3,41,-8
23304,5.58,P,10,1,249,0,0,32,11,0,Z,17,0,352,0,19,54,82,2,0,7,-1,103,0,19,22,71,2
23305,10.02,Z,71,0,393,6,62,124,228,0,Z,81,7,218,0,58,182,187,1,1,10,7,-175,-6,-4,58,-41,1
23306,9.49,T,53,2,592,0,11,191,84,3,T,72,1,829,0,38,84,123,9,0,19,-1,237,0,27,-107,39,6
23307,7.38,T,35,2,356,0,224,91,157,2,T,43,0,331,0,14,71,68,1,1,8,-2,-25,0,-210,-20,-89,-1
23308,9.59,Z,52,7,815,0,19,76,210,0,T,50,0,591,0,25,89,91,8,0,-2,-7,-224,0,6,13,-119,8
23309,5.22,Z,24,0,314,0,0,115,66,0,P,27,0,244,0,20,86,36,4,1,3,0,-70,0,20,-29,-30,4
23310,6.56,T,54,3,440,0,221,128,86,10,Z,45,6,435,3,156,76,209,2,0,-9,3,-5,3,-65,-52,123,-8
23311,6.3,P,35,0,343,0,83,155,51,6,Z,35,0,230,0,20,60,93,3,0,0,0,-113,0,-63,-95,42,-3
23312,3.16,P,15,0,112,0,48,61,15,1,P,11,0,53,0,0,30,33,1,0,-4,0,-59,0,-48,-31,18,0
23313,0.21,Z,0,0,2,0,1,10,2,2,P,3,0,40,0,64,18,35,3,1,3,0,38,0,63,8,33,1
23314,7.29,T,33,0,225,0,0,90,84,0,P,32,0,311,0,5,124,117,1,1,-1,0,86,0,5,34,33,1
23315,7.14,P,37,0,261,0,4,194,68,3,T,75,1,318,0,225,231,106,9,1,38,1,57,0,221,37,38,6
23316,10.21,T,58,0,387,0,37,141,79,1,T,24,0,394,0,0,72,48,0,0,-34,0,7,0,-37,-69,-31,-1
23317,4.22,Z,23,3,187,0,278,58,73,6,Z,24,2,85,0,151,79,192,1,0,1,-1,-102,0,-127,21,119,-5
23318,5.12,T,19,0,390,0,27,174,47,8,P,34,0,71,0,0,92,106,0,1,15,0,-319,0,-27,-82,59,-8
23319,8.42,P,29,1,433,0,1,158,54,0,T,36,0,268,0,12,117,56,2,1,7,-1,-165,0,11,-41,2,2
23320,9.27,T,74,2,417,0,99,265,109,6,T,73,10,509,0,36,202,85,0,0,-1,8,92,0,-63,-63,-24,-6
23321,7.29,P,34,0,280,0,245,185,30,9,Z,25,0,185,0,5,66,124,2,0,-9,0,-95,0,-240,-119,94,-7
23322,9.59,P,73,0,637,0,426,396,116,6,P,53,3,742,0,17,270,98,0,0,-20,3,105,0,-409,-126,-18,-6
23323,9.25,Z,75,7,438,0,203,368,291,7,T,126,6,366,0,119,312,76,10,0,51,-1,-72,0,-84,-56,-215,3
23324,6.58,P,56,0,355,0,122,165,86,6,T,71,2,363,0,377,270,192,10,0,15,2,8,0,255,105,106,4
23325,8.16,Z,45,0,430,0,27,255,131,2,P,55,0,680,0,0,62,104,0,0,10,0,250,0,-27,-193,-27,-2
23326,9.58,Z,54,6,452,0,28,138,165,0,T,70,1,619,0,18,203,98,4,0,16,-5,167,0,-10,65,-67,4
23327,8.11,T,80,1,411,3,102,256,215,10,T,86,1,435,0,321,306,179,17,0,6,0,24,-3,219,50,-36,7
23328,4.42,P,22,0,212,0,10,87,24,5,T,22,4,179,0,18,15,27,0,1,0,4,-33,0,8,-72,3,-5
23329,9.2,Z,49,0,203,0,0,53,203,0,Z,30,0,322,0,4,176,124,3,0,-19,0,119,0,4,123,-79,3
23330,0.19,Z,1,0,19,0,8,5,14,1,P,1,0,35,0,0,3,2,2,1,0,0,16,0,-8,-2,-12,1
23331,3.59,P,18,2,164,0,308,123,109,0,Z,18,5,199,0,70,83,52,5,0,0,3,35,0,-238,-40,-57,5
23332,9.1,Z,60,0,416,0,101,132,181,4,P,50,0,797,0,6,184,77,3,1,-10,0,381,0,-95,52,-104,-1
23333,5.31,P,23,0,436,0,13,47,32,2,T,59,0,229,0,27,88,100,6,1,36,0,-207,0,14,41,68,4
23334,9.14,T,49,0,709,0,19,112,86,4,P,59,0,574,0,201,501,127,15,1,10,0,-135,0,182,389,41,11
23335,10.57,T,107,4,681,0,119,359,169,3,T,82,5,633,0,128,129,81,0,0,-25,1,-48,0,9,-230,-88,-3
23336,9.59,T,102,0,480,0,78,364,136,11,Z,72,9,337,0,161,359,434,0,1,-30,9,-143,0,83,-5,298,-11
23337,0.08,Z,0,0,0,0,0,3,7,0,Z,2,0,23,0,1,9,8,0,1,2,0,23,0,1,6,1,0
23338,9.52,T,28,0,340,0,0,42,45,0,T,60,0,650,0,40,75,68,7,1,32,0,310,0,40,33,23,7
23339,4.09,Z,22,0,138,0,232,95,102,6,T,44,0,182,0,394,101,129,6,0,22,0,44,0,162,6,27,0
23340,8.13,T,49,3,357,0,20,53,62,1,P,34,3,359,0,10,18,46,0,1,-15,0,2,0,-10,-35,-16,-1
23341,9.59,Z,72,8,392,0,146,126,189,1,T,93,0,425,0,154,201,140,4,1,21,-8,33,0,8,75,-49,3
23342,9.39,Z,37,6,673,0,25,91,135,0,P,47,0,806,0,13,71,70,2,1,10,-6,133,0,-12,-20,-65,2
23343,6.02,Z,36,1,169,0,254,116,223,6,Z,33,0,343,0,25,169,118,3,0,-3,-1,174,0,-229,53,-105,-3
23344,9.58,T,56,1,832,0,70,203,91,3,T,70,0,540,1,4,260,388,0,1,14,-1,-292,1,-66,57,297,-3
23345,6.56,P,44,1,401,0,37,192,55,4,Z,35,3,282,0,104,124,197,3,1,-9,2,-119,0,67,-68,142,-1
23346,10.24,T,70,4,996,0,58,171,129,0,P,66,6,983,0,25,372,143,2,0,-4,2,-13,0,-33,201,14,2
23347,9.59,Z,73,0,628,0,80,181,292,9,T,89,2,590,0,47,352,119,3,0,16,2,-38,0,-33,171,-173,-6
23348,8.01,Z,38,0,178,0,0,239,97,0,P,49,1,815,0,47,229,61,1,1,11,1,637,0,47,-10,-36,1
23349,5.52,Z,10,0,222,0,0,149,55,0,T,18,0,703,0,0,46,32,0,0,8,0,481,0,0,-103,-23,0
23350,9.59,Z,54,3,345,0,41,211,227,12,Z,100,0,256,0,47,134,253,2,1,46,-3,-89,0,6,-77,26,-10
23351,3.53,P,19,2,155,0,5,102,104,0,T,20,0,255,0,274,62,41,6,1,1,-2,100,0,269,-40,-63,6
23352,10.04,Z,66,2,463,0,46,331,278,4,T,144,18,427,0,1211,277,256,13,1,78,16,-36,0,1165,-54,-22,9
23353,10.02,T,97,7,585,0,91,199,205,4,P,80,7,715,0,54,301,126,9,1,-17,0,130,0,-37,102,-79,5
23354,10.51,T,76,1,616,0,87,210,157,5,Z,46,0,331,0,17,87,169,3,0,-30,-1,-285,0,-70,-123,12,-2
23355,4,Z,15,5,104,4,668,53,64,0,T,24,2,340,0,7,54,50,1,1,9,-3,236,-4,-661,1,-14,1
23356,10.29,T,63,4,408,0,92,125,101,1,T,94,0,411,0,76,172,185,9,1,31,-4,3,0,-16,47,84,8
23357,9.59,T,58,1,613,0,16,201,104,5,T,86,8,723,0,11,323,114,1,0,28,7,110,0,-5,122,10,-4
23358,9.59,Z,57,16,452,0,109,265,213,0,T,102,2,681,0,96,141,105,0,1,45,-14,229,0,-13,-124,-108,0
23359,5.38,T,27,2,312,0,4,155,80,2,T,44,0,301,0,1,147,91,2,1,17,-2,-11,0,-3,-8,11,0
23360,6.21,P,31,0,530,0,26,217,27,4,P,30,2,293,0,13,120,40,0,0,-1,2,-237,0,-13,-97,13,-4
23361,7.12,Z,48,6,302,0,37,107,113,0,T,65,0,470,0,499,231,58,9,1,17,-6,168,0,462,124,-55,9
23362,5.53,P,26,0,579,0,17,114,52,4,T,29,1,349,0,2,63,59,0,0,3,1,-230,0,-15,-51,7,-4
23363,9.09,Z,55,2,413,0,562,211,325,11,T,80,2,540,0,312,241,141,10,0,25,0,127,0,-250,30,-184,-1
23364,9.59,T,85,0,513,0,683,183,185,11,Z,65,0,448,0,105,160,251,11,0,-20,0,-65,0,-578,-23,66,0
23365,6.56,T,110,0,283,0,363,337,181,29,T,88,2,351,20,261,257,206,12,0,-22,2,68,20,-102,-80,25,-17
23366,9.59,Z,69,0,610,0,142,167,187,11,T,85,0,596,0,49,144,123,7,0,16,0,-14,0,-93,-23,-64,-4
23367,2.43,T,14,0,135,0,0,25,28,2,Z,13,0,127,0,89,42,84,1,0,-1,0,-8,0,89,17,56,-1
23368,2.21,Z,9,0,47,0,145,28,235,3,Z,6,0,23,0,282,40,125,11,1,-3,0,-24,0,137,12,-110,8
23369,9.59,T,62,4,451,0,84,113,57,1,T,59,0,672,2,113,332,93,4,1,-3,-4,221,2,29,219,36,3
23370,8.12,T,48,0,144,0,2,251,129,2,P,23,0,164,0,3,207,26,3,1,-25,0,20,0,1,-44,-103,1
23371,10.1,Z,88,0,707,0,72,227,281,16,T,90,0,437,0,331,337,142,40,1,2,0,-270,0,259,110,-139,24
23372,9.59,Z,59,0,312,0,11,152,205,4,P,77,0,504,0,104,246,69,22,1,18,0,192,0,93,94,-136,18
23373,9.59,Z,64,0,651,0,170,131,218,15,T,112,0,758,0,8,316,155,10,0,48,0,107,0,-162,185,-63,-5
23374,6.36,P,35,0,274,0,83,153,36,3,T,37,0,631,0,0,68,62,1,1,2,0,357,0,-83,-85,26,-2
23375,3.39,Z,9,0,176,0,75,48,38,2,Z,12,0,157,8,37,132,73,0,1,3,0,-19,8,-38,84,35,-2
23376,10.06,T,78,0,160,0,13,137,113,4,Z,59,0,582,0,55,149,177,11,1,-19,0,422,0,42,12,64,7
23377,9.58,P,38,6,628,0,14,49,57,1,Z,43,8,712,1,35,98,149,1,0,5,2,84,1,21,49,92,0
23378,7.51,Z,35,2,209,0,37,216,146,0,P,51,3,403,0,25,91,57,6,0,16,1,194,0,-12,-125,-89,6
23379,10.44,Z,73,0,672,0,26,166,482,1,Z,53,0,672,0,72,113,233,2,0,-20,0,0,0,46,-53,-249,1
23380,8.36,P,40,0,346,0,7,187,77,4,T,70,8,769,0,448,178,115,3,1,30,8,423,0,441,-9,38,-1
23381,6.31,Z,23,0,164,0,11,28,72,2,Z,27,5,240,0,18,107,60,0,0,4,5,76,0,7,79,-12,-2
23382,7.16,P,43,4,370,0,294,253,329,5,T,51,0,484,0,34,117,88,10,1,8,-4,114,0,-260,-136,-241,5
23383,9.56,Z,64,0,428,0,0,93,202,0,T,72,0,823,0,36,184,86,6,1,8,0,395,0,36,91,-116,6
23384,9.34,P,67,2,820,0,20,157,118,2,Z,71,6,451,0,488,156,202,3,0,4,4,-369,0,468,-1,84,1
23385,1.16,Z,2,0,47,0,7,8,22,1,P,3,0,71,0,4,18,3,2,0,1,0,24,0,-3,10,-19,1
23386,6.05,P,24,0,228,0,19,98,25,3,Z,24,1,212,0,12,70,118,1,0,0,1,-16,0,-7,-28,93,-2
23387,8.07,Z,53,3,415,0,191,383,288,2,P,44,0,418,0,134,169,121,3,0,-9,-3,3,0,-57,-214,-167,1
23388,9.04,T,52,0,373,0,18,179,92,8,Z,32,0,717,0,10,145,159,7,0,-20,0,344,0,-8,-34,67,-1
23389,9.59,T,63,2,412,0,754,188,96,6,Z,47,0,640,0,24,198,171,8,0,-16,-2,228,0,-730,10,75,2
23390,10.29,Z,67,7,1070,0,36,131,196,1,T,83,3,855,0,15,221,144,0,0,16,-4,-215,0,-21,90,-52,-1
23391,4.57,P,18,0,182,0,3,123,33,1,T,20,1,414,0,0,111,48,0,1,2,1,232,0,-3,-12,15,-1
23392,9.59,T,128,0,317,0,225,350,186,9,T,66,2,375,0,28,293,131,3,0,-62,2,58,0,-197,-57,-55,-6
23393,7.19,P,58,7,328,0,416,202,56,4,Z,65,0,455,0,184,201,284,7,1,7,-7,127,0,-232,-1,228,3
23394,9.39,P,54,0,339,0,10,265,99,1,P,70,0,300,0,134,386,180,6,1,16,0,-39,0,124,121,81,5
23395,9.58,T,119,4,641,0,817,232,117,3,P,69,0,590,31,161,225,179,3,0,-50,-4,-51,31,-656,-7,62,0
23396,9.26,T,123,0,568,15,730,246,195,0,Z,80,13,465,3,238,201,346,2,1,-43,13,-103,-12,-492,-45,151,2
23397,3.34,Z,10,0,33,0,4,13,52,2,P,15,0,223,0,1,38,14,4,1,5,0,190,0,-3,25,-38,2
23398,8.47,Z,46,0,657,8,86,224,170,0,T,90,13,511,0,561,332,232,2,1,44,13,-146,-8,475,108,62,2
23399,7.54,T,67,0,593,0,98,73,89,5,P,64,0,495,0,16,63,114,6,0,-3,0,-98,0,-82,-10,25,1
23400,8.46,Z,32,0,327,0,194,103,302,7,P,53,0,459,0,31,132,110,7,1,21,0,132,0,-163,29,-192,0
23401,4.45,T,35,2,254,0,35,77,33,4,T,27,0,147,0,39,72,49,8,0,-8,-2,-107,0,4,-5,16,4
23402,9.59,T,81,6,519,0,32,254,143,2,Z,61,3,604,0,803,255,342,2,0,-20,-3,85,0,771,1,199,0
23403,4.38,P,20,0,104,0,12,180,48,1,T,29,0,122,0,250,130,59,7,0,9,0,18,0,238,-50,11,6
23404,8.48,T,42,1,540,0,11,70,70,4,Z,42,9,440,0,39,162,144,0,1,0,8,-100,0,28,92,74,-4
23405,8.07,T,83,7,718,0,411,179,111,6,Z,56,9,417,2,85,259,195,8,1,-27,2,-301,2,-326,80,84,2
23406,8.33,T,62,6,528,0,47,90,67,0,Z,33,7,593,1,27,76,147,2,0,-29,1,65,1,-20,-14,80,2
23407,9.2,P,68,5,466,0,579,227,92,2,T,108,2,334,0,344,465,244,15,0,40,-3,-132,0,-235,238,152,13
23408,5.1,Z,9,0,310,0,0,45,57,2,T,27,3,512,0,45,87,29,2,1,18,3,202,0,45,42,-28,0
23409,6.05,T,33,0,377,0,410,60,142,5,T,25,0,345,0,0,44,52,0,1,-8,0,-32,0,-410,-16,-90,-5
23410,9.59,T,115,0,732,0,420,497,215,7,Z,77,0,270,0,598,173,743,8,1,-38,0,-462,0,178,-324,528,1
23411,9.58,Z,47,19,373,0,67,144,220,0,Z,59,3,275,0,52,144,213,0,1,12,-16,-98,0,-15,0,-7,0
23412,7.54,Z,56,10,391,0,131,218,310,0,T,92,2,361,0,262,280,47,7,1,36,-8,-30,0,131,62,-263,7
23413,6.15,T,52,0,205,0,495,181,60,12,T,45,1,307,0,27,169,71,4,0,-7,1,102,0,-468,-12,11,-8
23414,9.59,Z,43,0,686,0,2,73,159,1,P,68,9,561,0,162,217,134,22,1,25,9,-125,0,160,144,-25,21
23415,9.59,Z,42,0,339,0,4,48,157,2,T,42,0,315,0,2,123,146,4,1,0,0,-24,0,-2,75,-11,2
23416,9.59,Z,78,6,618,0,49,204,230,1,T,92,0,774,0,17,217,196,8,0,14,-6,156,0,-32,13,-34,7
23417,9.59,Z,73,8,535,0,74,310,189,6,T,98,0,538,0,738,283,253,9,1,25,-8,3,0,664,-27,64,3
23418,3.22,T,16,0,155,0,144,55,58,6,P,13,0,226,0,6,75,13,1,0,-3,0,71,0,-138,20,-45,-5
23419,9.59,T,78,8,716,0,263,187,323,6,Z,63,3,410,0,21,101,186,1,1,-15,-5,-306,0,-242,-86,-137,-5
23420,6.26,P,25,3,297,0,14,120,70,2,Z,40,2,258,0,38,52,170,0,0,15,-1,-39,0,24,-68,100,-2
23421,9.59,P,66,1,227,0,27,160,78,5,T,49,0,620,0,0,90,66,0,0,-17,-1,393,0,-27,-70,-12,-5
23422,9.59,T,46,0,585,0,3,61,97,5,T,60,2,836,0,6,117,120,0,0,14,2,251,0,3,56,23,-5
23423,4.07,Z,6,0,181,0,1,51,41,1,Z,16,0,163,2,7,25,59,0,1,10,0,-18,2,6,-26,18,-1
23424,9.5,Z,75,7,564,0,257,142,419,4,T,40,0,378,0,0,22,60,0,0,-35,-7,-186,0,-257,-120,-359,-4
23425,9.56,Z,56,0,369,0,159,175,240,5,P,68,2,453,0,208,297,82,4,1,12,2,84,0,49,122,-158,-1
23426,9.58,P,51,0,339,0,419,204,148,6,T,69,7,754,0,46,152,108,0,1,18,7,415,0,-373,-52,-40,-6
23427,10.02,T,81,3,659,0,19,389,153,3,Z,65,10,458,0,156,220,150,6,1,-16,7,-201,0,137,-169,-3,3
23428,4.12,P,23,2,428,0,6,32,33,0,Z,20,2,117,0,34,30,72,0,1,-3,0,-311,0,28,-2,39,0
23429,5,Z,25,0,306,0,105,56,95,7,Z,28,10,212,0,587,91,134,3,0,3,10,-94,0,482,35,39,-4
23430,3.57,Z,26,1,92,0,20,50,59,0,T,31,0,148,0,1,52,125,2,0,5,-1,56,0,-19,2,66,2
23431,6.5,T,44,2,557,0,37,127,78,2,P,33,0,494,0,0,66,81,0,0,-11,-2,-63,0,-37,-61,3,-2
23432,9.1,Z,60,2,504,0,61,147,271,2,T,69,0,1052,0,7,190,114,5,0,9,-2,548,0,-54,43,-157,3
23433,4.44,Z,23,0,148,0,9,51,103,8,P,15,0,152,0,173,56,75,6,0,-8,0,4,0,164,5,-28,-2
23434,7.54,Z,32,5,613,0,28,164,137,0,T,56,0,489,0,109,56,78,4,0,24,-5,-124,0,81,-108,-59,4
23435,9.59,T,93,8,520,0,751,270,212,3,T,91,0,787,0,166,265,100,5,1,-2,-8,267,0,-585,-5,-112,2
23436,5.27,T,40,6,251,0,53,86,56,0,T,47,0,269,0,342,128,57,9,0,7,-6,18,0,289,42,1,9
23437,9.59,P,43,4,858,0,7,140,68,0,Z,61,3,474,0,14,62,148,0,0,18,-1,-384,0,7,-78,80,0
23438,6.1,Z,57,1,315,0,19,148,157,1,Z,26,3,304,0,12,116,62,0,1,-31,2,-11,0,-7,-32,-95,-1
23439,7.12,P,45,0,314,0,27,69,42,7,T,47,0,684,0,63,130,176,4,1,2,0,370,0,36,61,134,-3
23440,9.58,Z,49,3,588,0,37,169,165,1,P,54,1,629,0,53,253,53,4,0,5,-2,41,0,16,84,-112,3
23441,7.23,Z,36,4,455,0,156,173,254,0,Z,53,0,438,0,500,169,395,9,1,17,-4,-17,0,344,-4,141,9
23442,9.51,Z,31,0,585,0,10,141,150,2,T,43,0,628,0,8,91,114,2,1,12,0,43,0,-2,-50,-36,0
23443,9.59,T,72,0,500,0,8,151,124,1,P,86,0,313,0,181,244,129,15,1,14,0,-187,0,173,93,5,14
23444,5.32,Z,27,6,283,0,26,107,96,0,P,22,0,134,0,5,117,28,4,1,-5,-6,-149,0,-21,10,-68,4
23445,7.28,Z,39,7,789,1,63,189,171,2,T,65,0,175,0,242,139,206,8,1,26,-7,-614,-1,179,-50,35,6
23446,9.59,T,86,5,590,0,59,204,101,2,Z,59,0,836,0,25,85,166,6,0,-27,-5,246,0,-34,-119,65,4
23447,9.32,Z,65,0,621,0,32,98,179,3,T,63,0,494,0,26,87,95,5,1,-2,0,-127,0,-6,-11,-84,2
23448,10.41,P,58,0,410,0,13,263,97,5,Z,78,2,704,0,6,239,178,0,0,20,2,294,0,-7,-24,81,-5
23449,4.45,P,21,0,239,0,18,122,39,2,Z,19,0,210,0,0,65,93,1,1,-2,0,-29,0,-18,-57,54,-1
23450,10.26,T,112,11,724,0,767,287,129,20,P,84,0,507,0,507,306,122,9,0,-28,-11,-217,0,-260,19,-7,-11
23451,9.59,P,68,0,347,0,56,421,151,10,Z,77,2,935,0,54,244,337,0,1,9,2,588,0,-2,-177,186,-10
23452,4.29,T,30,0,200,0,147,139,63,8,P,23,0,213,0,0,71,105,0,0,-7,0,13,0,-147,-68,42,-8
23453,10.34,P,66,2,302,0,26,99,64,0,P,63,0,500,0,15,229,77,6,0,-3,-2,198,0,-11,130,13,6
23454,5.56,Z,26,3,252,0,499,94,216,2,P,25,1,285,0,91,219,30,2,0,-1,-2,33,0,-408,125,-186,0
23455,2.28,Z,12,2,66,0,12,102,44,0,Z,10,0,65,0,189,33,126,3,1,-2,-2,-1,0,177,-69,82,3
23456,8.16,P,35,6,488,0,29,148,111,0,Z,42,5,450,0,16,120,156,2,0,7,-1,-38,0,-13,-28,45,2
23457,8.25,T,60,0,657,0,21,287,153,17,Z,46,0,280,0,217,106,135,4,1,-14,0,-377,0,196,-181,-18,-13
23458,3.36,T,17,2,248,0,57,11,24,3,T,13,0,136,0,1,66,24,4,0,-4,-2,-112,0,-56,55,0,1
23459,4.53,P,19,0,194,0,0,78,40,0,P,16,0,172,0,0,59,36,0,0,-3,0,-22,0,0,-19,-4,0
23460,9.21,Z,48,1,715,0,452,252,206,9,Z,42,0,256,0,157,178,177,5,1,-6,-1,-459,0,-295,-74,-29,-4
23461,8.26,T,45,0,475,0,37,243,119,10,P,65,4,539,0,11,261,115,0,1,20,4,64,0,-26,18,-4,-10
23462,3.18,Z,12,0,74,0,113,63,107,6,Z,9,0,210,0,27,73,59,3,1,-3,0,136,0,-86,10,-48,-3
23463,0.28,T,1,1,24,0,5,7,17,0,T,2,0,16,0,23,5,6,2,0,1,-1,-8,0,18,-2,-11,2
23464,6.12,Z,59,11,399,5,422,292,231,17,Z,68,6,241,1,223,138,163,10,0,9,-5,-158,-4,-199,-154,-68,-7
23465,6.44,T,58,6,640,0,68,123,118,2,T,37,0,650,0,2,46,58,0,1,-21,-6,10,0,-66,-77,-60,-2
23466,2.42,P,11,0,71,0,226,52,17,2,P,9,0,42,0,0,34,109,0,1,-2,0,-29,0,-226,-18,92,-2
23467,9.59,T,76,0,491,0,32,179,158,7,P,45,0,367,0,255,212,82,3,0,-31,0,-124,0,223,33,-76,-4
23468,3.57,P,18,0,143,0,92,115,112,6,P,17,1,84,0,17,178,66,0,1,-1,1,-59,0,-75,63,-46,-6
23469,5.52,P,28,0,570,0,44,99,75,1,Z,35,3,580,0,37,89,114,0,0,7,3,10,0,-7,-10,39,-1
23470,9.31,T,106,0,387,0,759,364,159,11,Z,82,3,356,0,503,291,226,6,1,-24,3,-31,0,-256,-73,67,-5
23471,2.13,Z,7,0,14,0,0,10,32,1,T,7,0,119,0,0,7,16,0,0,0,0,105,0,0,-3,-16,-1
23472,8.25,Z,69,4,397,0,89,320,280,11,Z,62,0,208,0,19,215,225,1,1,-7,-4,-189,0,-70,-105,-55,-10
23473,9.59,T,90,8,750,0,725,224,125,11,P,83,0,534,0,312,241,47,10,1,-7,-8,-216,0,-413,17,-78,-1
23474,9.59,T,74,0,820,0,12,231,197,8,T,36,0,226,0,0,89,72,0,0,-38,0,-594,0,-12,-142,-125,-8
23475,4.36,Z,18,0,345,0,10,24,76,1,P,24,0,103,0,23,25,27,3,0,6,0,-242,0,13,1,-49,2
23476,9.59,Z,42,1,608,0,203,270,309,5,P,64,2,396,0,91,463,87,7,1,22,1,-212,0,-112,193,-222,2
23477,6.13,T,47,0,198,0,211,191,90,10,T,53,1,187,0,91,223,203,0,1,6,1,-11,0,-120,32,113,-10
23478,5.29,P,19,2,124,0,66,69,17,0,P,19,0,81,0,0,47,25,0,0,0,-2,-43,0,-66,-22,8,0
23479,7.57,T,83,8,386,0,313,292,157,12,T,108,7,329,0,771,200,131,25,1,25,-1,-57,0,458,-92,-26,13
23480,9.59,Z,75,11,529,0,103,169,200,3,P,94,0,514,0,264,338,138,18,1,19,-11,-15,0,161,169,-62,15
23481,10.06,P,55,0,585,0,2,315,88,1,T,89,2,783,0,20,163,88,2,1,34,2,198,0,18,-152,0,1
23482,7.41,T,46,5,413,0,79,150,75,0,P,35,0,256,0,0,97,86,1,1,-11,-5,-157,0,-79,-53,11,1
23483,9.59,Z,68,2,467,0,204,216,215,7,T,94,1,466,0,31,217,128,6,1,26,-1,-1,0,-173,1,-87,-1
23484,3.36,Z,15,0,83,2,17,70,57,0,Z,14,0,135,0,107,51,154,2,1,-1,0,52,-2,90,-19,97,2
23485,8.19,T,81,0,543,0,160,171,106,15,Z,71,3,538,0,95,315,177,12,0,-10,3,-5,0,-65,144,71,-3
23486,8.14,P,25,0,682,0,0,70,52,4,P,28,0,428,0,0,74,65,0,0,3,0,-254,0,0,4,13,-4
23487,3.57,P,16,0,372,0,7,47,11,0,T,8,0,275,0,1,38,22,1,1,-8,0,-97,0,-6,-9,11,1
23488,9.59,T,89,0,623,0,24,205,169,6,Z,44,0,529,0,38,85,135,7,1,-45,0,-94,0,14,-120,-34,1
23489,9.59,T,80,0,464,0,33,170,83,11,Z,43,0,495,0,14,118,183,4,1,-37,0,31,0,-19,-52,100,-7
23490,7.54,T,89,10,317,0,463,274,202,4,T,86,0,406,0,444,317,321,8,0,-3,-10,89,0,-19,43,119,4
23491,10.39,T,111,0,606,0,584,199,251,23,T,145,2,696,0,734,243,197,22,1,34,2,90,0,150,44,-54,-1
23492,9.55,T,59,6,1064,0,123,288,60,1,Z,45,2,822,0,44,134,175,3,1,-14,-4,-242,0,-79,-154,115,2
23493,7.15,P,39,0,216,0,7,167,76,3,Z,24,5,277,0,37,58,85,0,0,-15,5,61,0,30,-109,9,-3
23494,7.59,Z,43,2,303,0,151,135,185,2,P,51,4,276,0,10,221,106,1,1,8,2,-27,0,-141,86,-79,-1
23495,7.22,Z,52,11,376,0,170,184,180,1,Z,50,1,131,0,27,149,145,2,1,-2,-10,-245,0,-143,-35,-35,1
23496,8.03,T,82,0,377,19,462,287,205,0,Z,60,6,311,0,406,340,419,5,0,-22,6,-66,-19,-56,53,214,5
23497,2.53,T,16,3,136,0,56,44,42,1,P,7,0,147,0,45,70,63,3,0,-9,-3,11,0,-11,26,21,2
23498,9.59,Z,49,3,824,0,35,86,175,0,P,67,2,474,0,84,254,101,8,0,18,-1,-350,0,49,168,-74,8
23499,10.01,P,52,4,698,0,75,268,123,5,Z,57,4,310,0,122,262,184,7,0,5,0,-388,0,47,-6,61,2
23500,8.37,P,31,0,661,0,0,149,56,1,P,52,3,511,0,42,158,65,0,0,21,3,-150,0,42,9,9,-1
23501,9.59,T,80,0,458,19,71,290,160,1,Z,63,2,373,0,60,273,196,6,1,-17,2,-85,-19,-11,-17,36,5
23502,2.39,P,14,0,104,0,26,168,40,0,P,17,0,122,0,14,90,18,4,0,3,0,18,0,-12,-78,-22,4
23503,3.14,P,12,2,94,0,8,7,12,0,P,11,0,122,0,6,57,41,3,1,-1,-2,28,0,-2,50,29,3
23504,5.02,T,33,0,306,0,14,143,85,6,P,15,0,223,0,0,69,19,0,0,-18,0,-83,0,-14,-74,-66,-6
23505,9.59,Z,70,11,757,1,216,321,336,7,T,95,8,704,0,519,239,174,9,0,25,-3,-53,-1,303,-82,-162,2
23506,9.3,T,69,4,620,0,19,146,80,2,P,51,9,364,0,132,227,157,6,1,-18,5,-256,0,113,81,77,4
23507,3.47,P,13,0,228,0,12,74,39,4,P,18,0,89,0,149,51,53,4,1,5,0,-139,0,137,-23,14,0
23508,9.58,P,40,0,331,0,18,29,43,4,Z,51,1,909,0,126,263,293,3,0,11,1,578,0,108,234,250,-1
23509,9.59,Z,82,2,563,0,232,265,410,5,P,65,1,816,0,55,363,99,9,1,-17,-1,253,0,-177,98,-311,4
23510,5.47,Z,50,0,103,0,21,47,85,6,Z,24,0,679,0,19,48,70,1,0,-26,0,576,0,-2,1,-15,-5
23511,7.36,P,64,2,309,0,309,132,86,8,Z,48,2,227,0,32,183,164,6,0,-16,0,-82,0,-277,51,78,-2
23512,5.25,T,33,1,215,0,212,185,33,4,P,28,0,366,0,17,135,61,8,0,-5,-1,151,0,-195,-50,28,4
23513,3.25,T,15,0,65,0,0,54,28,1,Z,9,0,47,0,0,11,26,0,1,-6,0,-18,0,0,-43,-2,-1
23514,6.36,Z,18,1,495,0,14,25,79,1,T,28,0,270,0,5,84,79,5,0,10,-1,-225,0,-9,59,0,4
23515,2.41,Z,13,0,102,0,168,87,86,14,Z,10,1,141,0,25,35,35,1,1,-3,1,39,0,-143,-52,-51,-13
23516,4.51,T,26,0,184,9,216,46,51,0,P,21,0,530,0,12,229,11,2,1,-5,0,346,-9,-204,183,-40,2
23517,9.59,P,58,0,355,0,37,195,80,10,Z,64,0,781,0,42,287,299,5,1,6,0,426,0,5,92,219,-5
23518,10.47,P,102,0,486,0,220,385,233,14,P,51,0,397,0,7,262,145,4,0,-51,0,-89,0,-213,-123,-88,-10
23519,10.01,P,57,0,585,0,166,293,115,6,P,42,0,780,0,0,131,92,0,0,-15,0,195,0,-166,-162,-23,-6
23520,0.38,P,3,0,41,0,0,6,5,0,T,2,0,24,0,2,1,3,0,1,-1,0,-17,0,2,-5,-2,0
23521,9.58,T,48,0,338,0,15,142,82,4,P,75,2,379,0,29,70,69,5,1,27,2,41,0,14,-72,-13,1
23522,9.59,P,60,4,755,0,42,253,81,2,P,73,2,702,0,270,421,119,4,1,13,-2,-53,0,228,168,38,2
23523,4.17,P,18,0,161,0,3,47,36,3,P,19,0,158,0,510,70,51,5,1,1,0,-3,0,507,23,15,2
23524,7.08,Z,68,1,370,0,173,210,271,2,T,82,0,244,0,482,144,173,10,0,14,-1,-126,0,309,-66,-98,8
23525,9.58,T,71,0,502,0,5,86,128,3,T,67,1,571,3,28,126,133,1,0,-4,1,69,3,23,40,5,-2
23526,4.51,T,31,2,198,0,0,74,34,0,Z,12,2,221,0,3,66,61,3,0,-19,0,23,0,3,-8,27,3
23527,7.03,Z,41,0,482,0,112,153,145,8,T,27,5,538,0,13,46,52,0,1,-14,5,56,0,-99,-107,-93,-8
23528,9.58,T,49,5,571,0,66,84,74,2,Z,43,2,464,0,4,129,140,0,1,-6,-3,-107,0,-62,45,66,-2
23529,10.57,P,49,0,623,0,0,79,107,0,T,48,0,994,0,0,269,126,0,0,-1,0,371,0,0,190,19,0
23530,4.58,T,24,0,215,0,127,83,77,5,P,19,0,161,0,54,88,90,2,1,-5,0,-54,0,-73,5,13,-3
23531,5.01,T,32,3,242,0,26,46,56,2,T,14,0,155,0,0,26,38,0,1,-18,-3,-87,0,-26,-20,-18,-2
23532,6.28,T,38,5,317,0,235,86,55,2,Z,34,0,333,0,33,164,90,7,0,-4,-5,16,0,-202,78,35,5
23533,9.59,Z,54,6,788,0,30,86,174,1,T,118,4,859,1,338,433,212,5,1,64,-2,71,1,308,347,38,4
23534,6.3,Z,45,0,534,0,56,160,133,11,P,51,3,315,0,91,153,109,6,0,6,3,-219,0,35,-7,-24,-5
23535,9.59,Z,64,8,583,0,50,94,161,0,Z,52,0,472,0,119,129,151,8,0,-12,-8,-111,0,69,35,-10,8
23536,5.4,T,16,0,389,0,0,29,37,0,Z,27,1,254,0,160,155,178,3,1,11,1,-135,0,160,126,141,3
23537,6.19,T,16,4,503,0,3,61,34,0,Z,32,0,418,0,17,188,78,5,1,16,-4,-85,0,14,127,44,5
23538,2.16,T,4,0,79,0,2,16,8,0,Z,12,0,124,0,0,76,34,1,1,8,0,45,0,-2,60,26,1
23539,10.35,P,66,0,411,0,40,162,109,14,Z,62,0,553,0,54,67,206,3,1,-4,0,142,0,14,-95,97,-11
23540,7,Z,42,1,591,0,49,144,164,0,P,42,1,699,0,22,185,58,5,0,0,0,108,0,-27,41,-106,5
23541,9.59,T,98,10,408,0,229,200,182,2,T,106,10,567,0,301,222,164,3,1,8,0,159,0,72,22,-18,1
23542,9.59,T,80,0,672,0,414,177,92,4,T,82,8,715,0,50,279,154,5,0,2,8,43,0,-364,102,62,1
23543,8.51,Z,38,3,230,0,30,93,121,0,T,71,6,531,0,13,209,161,0,1,33,3,301,0,-17,116,40,0
23544,3.41,Z,19,2,90,0,216,99,49,7,P,22,0,114,0,79,116,42,8,0,3,-2,24,0,-137,17,-7,1
23545,1.45,P,5,0,31,3,89,74,11,0,P,6,0,55,0,12,6,3,1,0,1,0,24,-3,-77,-68,-8,1
23546,5.21,T,43,3,448,0,347,101,88,0,T,56,5,355,0,305,133,118,3,1,13,2,-93,0,-42,32,30,3
23547,5.39,P,19,0,540,0,0,101,41,1,T,38,0,317,0,295,88,240,13,1,19,0,-223,0,295,-13,199,12
23548,6.36,P,32,1,190,0,5,90,52,0,T,39,0,410,0,0,65,63,0,0,7,-1,220,0,-5,-25,11,0
23549,9.16,Z,42,4,560,0,101,201,241,7,P,59,4,707,0,323,368,93,11,1,17,0,147,0,222,167,-148,4
23550,5.29,Z,23,2,118,0,15,92,90,0,P,38,2,242,0,83,259,193,2,0,15,0,124,0,68,167,103,2
23551,8.23,T,74,0,429,0,158,245,66,21,Z,37,2,433,0,148,275,189,13,0,-37,2,4,0,-10,30,123,-8
23552,4.24,P,32,6,128,0,482,168,104,1,P,23,1,100,0,92,136,94,4,0,-9,-5,-28,0,-390,-32,-10,3
23553,10.1,Z,43,3,928,0,10,244,179,0,P,30,0,427,0,3,89,50,3,1,-13,-3,-501,0,-7,-155,-129,3
23554,3.14,P,15,0,140,0,56,47,12,6,Z,13,1,344,0,12,35,37,2,1,-2,1,204,0,-44,-12,25,-4
23555,6.43,Z,71,3,590,0,570,300,199,9,P,76,4,298,0,538,271,90,9,0,5,1,-292,0,-32,-29,-109,0
23556,5.25,P,28,0,202,0,92,143,84,5,Z,27,2,315,0,20,67,93,1,1,-1,2,113,0,-72,-76,9,-4
23557,9.59,P,45,10,637,0,543,186,115,3,Z,54,0,385,0,45,169,165,3,0,9,-10,-252,0,-498,-17,50,0
23558,7.54,T,83,2,554,0,207,190,150,7,P,65,1,258,0,22,242,57,4,0,-18,-1,-296,0,-185,52,-93,-3
23559,9.59,Z,48,0,324,0,0,52,185,0,T,62,0,570,0,0,192,158,0,0,14,0,246,0,0,140,-27,0
23560,9.59,T,102,2,827,0,232,261,229,6,P,100,7,533,2,440,375,186,10,1,-2,5,-294,2,208,114,-43,4
23561,6.2,T,59,2,347,0,279,110,95,9,T,50,9,192,0,194,190,142,7,0,-9,7,-155,0,-85,80,47,-2
23562,9.36,T,81,0,457,0,20,245,132,4,T,67,4,421,0,247,192,163,3,1,-14,4,-36,0,227,-53,31,-1
23563,5.25,Z,29,1,413,0,112,125,159,7,Z,23,0,245,0,89,89,125,3,1,-6,-1,-168,0,-23,-36,-34,-4
23564,7.43,Z,37,7,441,0,36,136,138,0,T,50,3,311,0,17,92,88,0,1,13,-4,-130,0,-19,-44,-50,0
23565,9.1,Z,75,0,381,0,61,223,190,7,T,51,0,608,0,0,205,180,1,0,-24,0,227,0,-61,-18,-10,-6
23566,6.55,P,38,6,639,0,18,79,50,2,Z,40,10,628,3,375,118,192,1,1,2,4,-11,3,357,39,142,-1
23567,5.02,Z,26,6,432,0,4,48,67,2,T,26,0,597,0,0,41,57,3,0,0,-6,165,0,-4,-7,-10,1
23568,3.01,P,15,4,209,0,169,108,48,3,Z,7,2,88,0,16,25,44,1,1,-8,-2,-121,0,-153,-83,-4,-2
23569,9.59,P,115,10,521,8,159,252,144,0,T,144,5,395,0,229,397,226,9,1,29,-5,-126,-8,70,145,82,9
23570,5.12,Z,20,2,179,0,10,118,45,1,P,35,0,196,0,86,162,47,4,0,15,-2,17,0,76,44,2,3
23571,10.08,P,87,1,492,0,22,195,93,4,Z,66,1,556,0,43,121,212,2,1,-21,0,64,0,21,-74,119,-2
23572,0,Z,0,0,1,0,0,0,0,0,Z,7,0,86,0,3,26,41,2,1,7,0,85,0,3,26,41,2
23573,3.54,Z,17,1,244,0,74,66,72,7,P,24,5,120,0,60,99,72,0,0,7,4,-124,0,-14,33,0,-7
23574,1.52,Z,4,0,54,0,18,27,110,4,Z,9,0,15,0,59,11,68,1,1,5,0,-39,0,41,-16,-42,-3
23575,7.08,T,45,0,406,0,6,119,78,1,P,44,0,414,0,23,154,78,7,1,-1,0,8,0,17,35,0,6
23576,9.59,P,65,10,482,0,298,327,188,4,Z,76,3,453,0,60,157,304,3,0,11,-7,-29,0,-238,-170,116,-1
23577,5.59,T,31,0,324,0,4,35,49,3,T,34,3,628,0,1,55,65,0,0,3,3,304,0,-3,20,16,-3
23578,5.23,T,44,4,306,0,199,168,107,2,T,32,0,313,0,3,84,60,1,0,-12,-4,7,0,-196,-84,-47,-1
23579,9.59,P,79,0,623,0,74,334,294,10,T,102,0,632,0,257,247,181,10,1,23,0,9,0,183,-87,-113,0
23580,7.09,Z,35,2,190,0,33,80,102,0,P,50,8,319,0,18,167,74,1,1,15,6,129,0,-15,87,-28,1
23581,9.59,P,36,0,550,0,0,118,37,0,T,71,8,703,0,47,112,109,6,0,35,8,153,0,47,-6,72,6
23582,9.58,Z,43,5,480,0,54,82,105,2,P,42,0,255,0,26,149,71,2,1,-1,-5,-225,0,-28,67,-34,0
23583,9.59,Z,69,0,618,0,180,182,322,6,P,65,6,551,0,722,342,140,5,0,-4,6,-67,0,542,160,-182,-1
23584,9.59,Z,72,3,405,0,145,95,305,0,T,79,1,494,0,472,279,278,5,1,7,-2,89,0,327,184,-27,5
23585,3.09,P,8,0,177,0,76,80,11,6,Z,12,0,29,0,31,24,44,8,0,4,0,-148,0,-45,-56,33,2
23586,6.06,P,35,2,183,0,366,217,63,2,Z,38,2,626,0,35,47,119,4,1,3,0,443,0,-331,-170,56,2
23587,8.41,T,77,0,418,0,132,253,129,15,T,70,0,435,0,118,297,199,15,0,-7,0,17,0,-14,44,70,0
23588,9.58,P,40,3,715,0,6,84,67,0,Z,30,4,508,0,17,53,117,1,1,-10,1,-207,0,11,-31,50,1
23589,9.59,T,90,0,676,9,123,377,92,1,T,67,0,450,0,71,242,91,3,0,-23,0,-226,-9,-52,-135,-1,2
23590,9.28,T,88,6,486,0,251,363,181,11,Z,72,2,515,0,43,266,327,3,1,-16,-4,29,0,-208,-97,146,-8
23591,8.43,T,67,0,440,0,76,239,135,13,Z,52,2,453,0,59,176,163,4,0,-15,2,13,0,-17,-63,28,-9
23592,9.45,P,69,0,339,0,371,387,168,5,T,83,0,160,0,0,423,289,4,0,14,0,-179,0,-371,36,121,-1
23593,5.48,P,36,0,394,0,53,94,40,7,Z,50,3,168,0,54,104,107,0,1,14,3,-226,0,1,10,67,-7
23594,6.26,P,40,0,417,0,21,179,112,2,Z,51,0,523,0,536,186,102,5,0,11,0,106,0,515,7,-10,3
23595,8.5,P,31,2,546,0,40,79,48,3,P,47,0,616,0,3,186,78,1,1,16,-2,70,0,-37,107,30,-2
23596,2.32,P,15,4,152,0,22,21,10,1,Z,12,0,111,0,205,57,55,3,1,-3,-4,-41,0,183,36,45,2
23597,5.44,P,31,0,337,0,267,178,48,11,Z,28,3,253,1,47,128,91,0,1,-3,3,-84,1,-220,-50,43,-11
23598,5.5,Z,30,0,345,6,42,71,118,0,T,61,0,225,0,360,237,66,9,0,31,0,-120,-6,318,166,-52,9
23599,3.35,T,22,0,165,0,182,117,80,7,P,19,0,97,0,15,28,11,2,0,-3,0,-68,0,-167,-89,-69,-5
23600,9.59,T,67,0,452,0,10,268,124,1,Z,51,0,318,0,35,374,335,3,1,-16,0,-134,0,25,106,211,2
23601,5.34,Z,36,0,216,13,147,68,178,1,P,39,1,528,0,679,149,109,6,1,3,1,312,-13,532,81,-69,5
23602,5.07,P,27,1,102,0,8,133,53,2,T,28,0,229,0,59,79,178,2,1,1,-1,127,0,51,-54,125,0
23603,9.28,T,45,3,1014,0,6,208,61,0,T,56,3,892,0,20,107,88,2,0,11,0,-122,0,14,-101,27,2
23604,3.54,Z,22,2,237,0,31,37,64,0,Z,12,0,118,0,48,84,178,4,1,-10,-2,-119,0,17,47,114,4
23605,7.02,Z,52,0,255,0,46,76,163,10,P,42,0,369,0,360,208,247,4,0,-10,0,114,0,314,132,84,-6
23606,9.4,Z,142,0,486,0,168,275,266,25,T,146,7,449,0,270,320,167,7,0,4,7,-37,0,102,45,-99,-18
23607,3.29,Z,16,0,59,0,48,121,80,4,T,18,0,146,0,31,102,52,2,0,2,0,87,0,-17,-19,-28,-2
23608,9.48,T,121,6,637,0,53,312,215,0,Z,57,0,552,0,51,109,210,2,0,-64,-6,-85,0,-2,-203,-5,2
23609,6.04,Z,36,0,567,0,75,155,131,9,T,68,0,396,0,468,122,48,5,0,32,0,-171,0,393,-33,-83,-4
23610,8.03,P,36,3,569,0,3,103,61,0,Z,41,0,241,0,1,49,195,0,1,5,-3,-328,0,-2,-54,134,0
23611,9.59,Z,49,0,344,0,62,128,140,3,T,72,8,632,0,114,245,120,0,1,23,8,288,0,52,117,-20,-3
23612,10.53,T,151,0,492,0,976,330,260,27,T,142,0,621,0,595,526,236,23,1,-9,0,129,0,-381,196,-24,-4
23613,8.06,T,74,0,555,0,365,251,163,12,T,74,0,429,0,491,193,170,12,1,0,0,-126,0,126,-58,7,0
23614,6.29,P,33,1,347,0,13,69,29,2,T,38,0,677,0,29,54,37,8,0,5,-1,330,0,16,-15,8,6
23615,10.21,P,79,1,354,0,45,124,90,4,T,96,8,626,0,1340,172,135,2,1,17,7,272,0,1295,48,45,-2
23616,7.25,T,56,0,444,0,532,149,227,14,Z,58,2,415,0,62,105,327,6,0,2,2,-29,0,-470,-44,100,-8
23617,9.31,Z,77,5,657,0,188,286,312,5,P,44,6,486,0,1203,273,82,3,0,-33,1,-171,0,1015,-13,-230,-2
23618,9.36,T,52,2,528,0,14,80,106,1,Z,47,0,626,0,58,44,166,4,1,-5,-2,98,0,44,-36,60,3
23619,3,Z,10,0,30,0,7,40,57,2,T,8,1,253,0,3,47,20,0,0,-2,1,223,0,-4,7,-37,-2
23620,7.34,Z,45,5,255,0,29,67,165,0,Z,37,3,280,0,49,86,142,2,0,-8,-2,25,0,20,19,-23,2
23621,9.59,P,37,0,344,0,1,23,48,2,Z,48,2,583,0,42,138,149,2,0,11,2,239,0,41,115,101,0
23622,5.51,Z,31,0,188,0,22,77,160,4,T,29,0,273,0,299,121,86,8,0,-2,0,85,0,277,44,-74,4
23623,2.39,T,16,0,173,0,7,126,27,2,P,16,0,276,0,15,76,51,2,0,0,0,103,0,8,-50,24,0
23624,8.1,Z,128,0,440,72,506,266,566,3,Z,111,12,415,4,765,274,409,13,1,-17,12,-25,-68,259,8,-157,10
23625,10.3,Z,54,0,911,0,388,155,279,3,T,81,1,934,0,103,390,129,2,0,27,1,23,0,-285,235,-150,-1
23626,9.34,Z,94,0,454,0,229,307,230,8,T,92,0,721,0,122,307,129,10,0,-2,0,267,0,-107,0,-101,2
23627,9.58,T,51,2,705,0,11,38,88,3,T,70,3,168,0,52,46,60,4,1,19,1,-537,0,41,8,-28,1
23628,0.33,Z,2,0,38,0,0,21,12,6,T,3,0,18,5,11,12,16,4,0,1,0,-20,5,11,-9,4,-2
23629,5.12,T,28,0,178,0,53,147,65,8,P,35,0,165,0,335,224,59,8,1,7,0,-13,0,282,77,-6,0
23630,8.09,Z,38,0,187,0,51,79,165,7,P,38,3,416,0,31,80,60,0,1,0,3,229,0,-20,1,-105,-7
23631,9.58,T,34,0,385,0,1,38,58,1,P,28,0,223,0,0,23,31,0,1,-6,0,-162,0,-1,-15,-27,-1
23632,7.32,Z,39,0,292,0,69,118,148,17,Z,43,2,228,0,7,198,220,7,0,4,2,-64,0,-62,80,72,-10
23633,9.59,T,57,0,547,0,6,102,106,5,Z,38,0,837,0,20,50,154,3,0,-19,0,290,0,14,-52,48,-2
23634,6.24,T,38,0,408,0,690,93,47,2,Z,53,0,236,0,209,81,185,18,1,15,0,-172,0,-481,-12,138,16
23635,9.59,T,60,0,558,0,19,158,112,4,Z,51,4,392,0,75,142,200,4,1,-9,4,-166,0,56,-16,88,0
23636,5.43,T,34,0,383,0,7,57,69,1,P,26,3,385,0,92,126,88,3,0,-8,3,2,0,85,69,19,2
23637,3.57,P,23,0,168,0,0,63,24,0,P,10,0,334,0,247,120,32,5,0,-13,0,166,0,247,57,8,5
23638,9.59,T,93,3,775,0,1034,161,201,9,Z,73,10,548,4,549,271,285,6,1,-20,7,-227,4,-485,110,84,-3
23639,9.59,Z,81,5,876,0,57,138,220,0,P,61,0,385,0,41,84,83,6,1,-20,-5,-491,0,-16,-54,-137,6
23640,1.54,T,7,0,34,0,10,43,16,4,T,7,0,103,0,99,117,9,4,0,0,0,69,0,89,74,-7,0
23641,7.45,P,28,7,592,0,27,73,41,0,Z,28,0,300,0,0,21,95,0,0,0,-7,-292,0,-27,-52,54,0
23642,6.36,P,41,5,315,0,12,114,62,2,P,29,3,209,0,5,50,49,0,1,-12,-2,-106,0,-7,-64,-13,-2
23643,8.11,Z,40,1,530,0,31,165,176,1,Z,63,5,219,0,56,136,264,1,1,23,4,-311,0,25,-29,88,0
23644,9.59,Z,95,0,584,0,0,160,500,0,T,76,1,412,0,686,187,189,7,0,-19,1,-172,0,686,27,-311,7
23645,9.51,T,32,0,821,0,0,197,54,0,T,31,0,437,3,1,244,75,0,1,-1,0,-384,3,1,47,21,0
23646,2.33,P,15,0,86,0,0,49,50,0,P,11,0,102,0,8,52,7,2,1,-4,0,16,0,8,3,-43,2
23647,8.19,Z,69,4,489,2,150,249,234,10,T,115,1,462,0,92,192,79,7,1,46,-3,-27,-2,-58,-57,-155,-3
23648,10.16,Z,68,0,480,0,26,208,233,2,P,58,0,310,0,24,155,54,3,0,-10,0,-170,0,-2,-53,-179,1
23649,9.59,T,48,1,501,0,0,55,69,0,T,57,9,691,0,24,43,48,2,0,9,8,190,0,24,-12,-21,2
23650,9.58,T,107,10,424,0,884,223,161,14,P,90,9,551,0,234,230,212,3,0,-17,-1,127,0,-650,7,51,-11
23651,9.23,P,77,7,622,1,424,254,110,3,Z,86,8,819,0,76,202,196,5,1,9,1,197,-1,-348,-52,86,2
23652,4,T,22,0,218,0,175,133,97,9,P,30,5,136,0,244,181,68,1,1,8,5,-82,0,69,48,-29,-8
23653,2.33,T,8,0,96,0,114,34,73,3,P,9,0,84,0,8,130,27,2,1,1,0,-12,0,-106,96,-46,-1
23654,9.59,P,77,0,494,0,264,304,167,18,T,67,0,376,0,25,228,96,7,0,-10,0,-118,0,-239,-76,-71,-11
23655,8.19,T,93,0,452,0,503,228,212,13,Z,43,0,392,0,25,142,112,4,0,-50,0,-60,0,-478,-86,-100,-9
23656,4.22,P,19,0,228,0,1,49,38,3,Z,18,0,265,0,4,44,42,2,0,-1,0,37,0,3,-5,4,-1
23657,10.26,T,63,5,822,0,17,211,174,0,Z,114,9,604,0,106,369,439,3,1,51,4,-218,0,89,158,265,3
23658,5.25,T,23,0,66,0,0,62,49,2,T,50,1,237,0,15,203,94,10,1,27,1,171,0,15,141,45,8
23659,3.31,T,11,2,156,0,44,39,140,1,T,19,0,120,0,6,56,61,3,0,8,-2,-36,0,-38,17,-79,2
23660,6.12,Z,33,0,421,0,27,35,89,2,P,31,0,241,0,9,76,49,2,0,-2,0,-180,0,-18,41,-40,0
23661,9.59,T,65,2,798,0,35,122,116,3,Z,68,0,396,0,33,119,232,9,1,3,-2,-402,0,-2,-3,116,6
23662,9.59,T,89,0,576,0,122,274,144,18,Z,67,5,521,0,23,225,174,1,0,-22,5,-55,0,-99,-49,30,-17
23663,9.56,P,59,0,619,0,20,377,77,8,T,51,0,639,0,23,40,65,4,0,-8,0,20,0,3,-337,-12,-4
23664,9.59,Z,69,0,252,0,140,177,210,4,T,110,8,461,0,38,459,133,3,0,41,8,209,0,-102,282,-77,-1
23665,9.45,T,69,5,702,0,8,225,128,0,Z,70,16,920,1,52,230,222,0,1,1,11,218,1,44,5,94,0
23666,7.49,P,56,0,503,0,253,107,68,5,Z,83,10,270,0,337,199,296,7,1,27,10,-233,0,84,92,228,2
23667,9.08,T,74,10,366,3,788,101,103,6,Z,45,0,384,0,49,67,192,5,0,-29,-10,18,-3,-739,-34,89,-1
23668,9.58,Z,59,0,332,0,11,64,251,3,P,50,0,560,0,14,157,58,4,1,-9,0,228,0,3,93,-193,1
23669,5.27,Z,53,8,245,1,400,154,157,2,T,38,0,269,0,50,60,56,2,1,-15,-8,24,-1,-350,-94,-101,0
23670,10.58,P,38,3,469,0,29,158,59,1,Z,51,1,566,0,117,186,301,1,1,13,-2,97,0,88,28,242,0
23671,9.14,Z,58,7,366,0,232,219,330,7,T,96,2,423,0,148,201,95,6,0,38,-5,57,0,-84,-18,-235,-1
23672,4.37,P,20,2,107,0,12,39,24,0,Z,16,1,157,0,182,62,201,3,1,-4,-1,50,0,170,23,177,3
23673,5.56,T,57,0,325,0,472,186,105,13,T,36,4,349,3,42,125,176,1,0,-21,4,24,3,-430,-61,71,-12
23674,7.06,P,45,6,276,5,121,88,70,0,T,62,7,312,0,358,219,76,6,1,17,1,36,-5,237,131,6,6
23675,9.59,P,36,3,396,0,186,218,74,4,P,45,2,458,0,5,388,96,0,1,9,-1,62,0,-181,170,22,-4
23676,6.51,T,61,4,501,0,41,135,103,4,T,61,8,444,0,448,84,145,6,1,0,4,-57,0,407,-51,42,2
23677,10.58,Z,132,1,589,0,500,265,331,7,P,134,2,862,0,203,430,163,6,1,2,1,273,0,-297,165,-168,-1
23678,9.59,T,131,0,600,0,213,294,208,4,P,82,0,571,0,83,536,86,10,1,-49,0,-29,0,-130,242,-122,6
23679,9.58,P,58,0,645,0,43,147,92,16,T,110,5,396,2,340,197,164,10,1,52,5,-249,2,297,50,72,-6
23680,6.08,Z,40,0,735,0,189,231,168,4,Z,46,1,337,12,254,254,170,1,0,6,1,-398,12,65,23,2,-3
23681,7.11,P,25,0,201,0,0,46,59,0,T,48,4,511,0,6,139,166,2,1,23,4,310,0,6,93,107,2
23682,9.59,P,81,0,252,0,21,367,287,10,Z,101,0,429,0,110,221,259,14,0,20,0,177,0,89,-146,-28,4
23683,5.4,T,62,0,375,0,464,188,280,7,Z,36,3,311,0,33,98,120,2,0,-26,3,-64,0,-431,-90,-160,-5
23684,8.39,T,57,7,512,0,9,193,137,0,Z,51,0,383,0,34,115,188,2,0,-6,-7,-129,0,25,-78,51,2
23685,6.42,Z,58,10,274,1,312,229,185,3,P,58,0,216,0,34,274,67,5,0,0,-10,-58,-1,-278,45,-118,2
23686,9.59,Z,90,0,447,0,828,290,361,18,T,96,11,462,0,305,189,127,0,0,6,11,15,0,-523,-101,-234,-18
23687,9.59,T,79,0,615,0,0,73,91,0,P,18,0,500,0,0,31,31,0,0,-61,0,-115,0,0,-42,-60,0
23688,10.38,T,126,9,426,0,441,197,143,1,Z,78,2,647,0,68,283,286,1,0,-48,-7,221,0,-373,86,143,0
23689,9.56,P,43,3,647,0,12,72,83,2,P,47,6,556,0,58,205,79,2,1,4,3,-91,0,46,133,-4,0
23690,9.59,T,88,0,498,0,456,294,163,15,P,126,6,484,0,288,505,130,16,1,38,6,-14,0,-168,211,-33,1
23691,7.45,Z,48,0,279,0,97,205,196,5,T,73,6,512,0,438,197,86,3,1,25,6,233,0,341,-8,-110,-2
23692,9.03,T,49,4,801,0,26,120,66,0,P,27,1,184,0,4,41,28,0,0,-22,-3,-617,0,-22,-79,-38,0
23693,7.39,T,39,0,645,0,0,117,90,0,Z,24,0,415,0,0,57,109,0,0,-15,0,-230,0,0,-60,19,0
23694,10.45,T,107,0,754,7,451,186,154,0,T,74,1,687,0,77,333,146,3,0,-33,1,-67,-7,-374,147,-8,3
23695,3.46,T,21,0,168,0,20,99,67,4,T,22,1,155,0,95,75,23,5,0,1,1,-13,0,75,-24,-44,1
23696,9.09,T,48,0,1041,0,1,188,311,2,Z,42,0,675,0,745,279,305,8,0,-6,0,-366,0,744,91,-6,6
23697,9,T,65,10,557,0,51,162,138,5,T,69,0,603,0,494,152,91,8,1,4,-10,46,0,443,-10,-47,3
23698,9.59,T,108,2,640,0,762,340,289,18,P,96,0,604,105,691,457,640,2,1,-12,-2,-36,105,-71,117,351,-16
23699,9.59,Z,47,4,116,0,109,47,191,0,P,57,0,555,0,10,154,100,5,1,10,-4,439,0,-99,107,-91,5
23700,9.59,Z,52,9,584,0,23,46,197,0,T,52,3,617,0,7,35,74,0,0,0,-6,33,0,-16,-11,-123,0
23701,10.41,T,72,4,1176,0,14,308,196,0,T,64,2,440,0,48,246,158,6,0,-8,-2,-736,0,34,-62,-38,6
23702,3,T,10,1,167,0,1,19,29,0,P,9,0,62,0,0,39,26,1,1,-1,-1,-105,0,-1,20,-3,1
23703,5.23,Z,28,4,299,0,42,71,97,0,P,37,1,220,15,266,145,54,0,1,9,-3,-79,15,224,74,-43,0
23704,9.48,Z,50,0,369,0,45,133,144,4,P,56,2,712,0,82,302,101,3,0,6,2,343,0,37,169,-43,-1
23705,5.29,T,34,7,328,0,350,83,146,0,T,30,0,307,0,16,53,48,3,1,-4,-7,-21,0,-334,-30,-98,3
23706,6.49,T,41,1,645,0,78,122,64,1,Z,32,3,102,0,19,33,90,0,0,-9,2,-543,0,-59,-89,26,-1
23707,9.59,P,37,0,492,0,0,48,56,0,Z,30,0,704,0,0,109,148,2,0,-7,0,212,0,0,61,92,2
23708,7.36,P,50,0,488,0,52,191,43,10,Z,36,3,739,0,50,95,136,4,1,-14,3,251,0,-2,-96,93,-6
23709,3.05,P,21,0,125,0,12,71,11,3,Z,13,1,149,0,348,40,86,5,1,-8,1,24,0,336,-31,75,2
23710,2.31,P,12,0,156,0,43,62,35,7,P,11,0,59,0,0,59,25,0,0,-1,0,-97,0,-43,-3,-10,-7
23711,10.59,Z,117,7,745,1,603,399,395,21,Z,76,4,319,0,593,551,648,13,0,-41,-3,-426,-1,-10,152,253,-8
23712,9.59,T,126,0,474,0,565,246,134,9,Z,67,0,469,0,148,344,280,17,1,-59,0,-5,0,-417,98,146,8
23713,10.12,T,69,6,429,0,47,238,85,4,Z,52,0,896,0,4,129,160,3,0,-17,-6,467,0,-43,-109,75,-1
23714,7.42,P,30,0,297,0,0,57,55,0,Z,49,2,497,0,60,129,157,0,1,19,2,200,0,60,72,102,0
23715,9.21,Z,57,0,451,0,59,299,358,11,Z,64,0,298,0,1,133,265,2,0,7,0,-153,0,-58,-166,-93,-9
23716,9.59,P,49,1,584,0,1,120,51,0,T,52,0,566,0,0,139,136,0,1,3,-1,-18,0,-1,19,85,0
23717,8.32,T,83,0,319,0,314,231,83,6,Z,32,1,359,0,17,143,127,0,0,-51,1,40,0,-297,-88,44,-6
23718,5.09,Z,27,0,256,0,152,57,91,5,T,30,0,382,0,567,95,100,22,0,3,0,126,0,415,38,9,17
23719,9.58,P,54,0,612,0,2,204,128,1,P,56,2,307,0,10,148,71,1,0,2,2,-305,0,8,-56,-57,0
23720,9.59,Z,48,0,797,0,23,73,160,17,P,38,0,700,0,0,114,57,0,1,-10,0,-97,0,-23,41,-103,-17
23721,3.12,Z,9,0,10,0,0,35,52,1,Z,12,0,157,0,392,31,73,4,0,3,0,147,0,392,-4,21,3
23722,6.51,T,54,10,511,0,107,216,103,2,P,53,1,288,0,273,208,76,6,0,-1,-9,-223,0,166,-8,-27,4
23723,8.17,T,50,0,374,0,11,132,70,4,P,51,0,485,0,285,301,109,11,1,1,0,111,0,274,169,39,7
23724,2.59,T,6,0,295,0,2,39,13,2,Z,11,0,177,0,3,76,26,1,0,5,0,-118,0,1,37,13,-1
23725,9.59,Z,83,3,331,0,166,314,396,1,T,99,0,589,0,120,202,135,7,0,16,-3,258,0,-46,-112,-261,6
23726,5.55,T,28,0,344,0,0,37,52,0,P,33,4,488,0,17,52,64,8,1,5,4,144,0,17,15,12,8
23727,7.05,T,47,0,318,0,19,163,86,7,P,37,2,215,0,2,173,61,2,0,-10,2,-103,0,-17,10,-25,-5
23728,6.29,P,24,0,430,0,5,303,44,0,Z,15,0,539,0,6,55,80,3,0,-9,0,109,0,1,-248,36,3
23729,9.57,T,44,0,771,0,0,80,76,0,T,37,2,927,0,6,235,60,0,1,-7,2,156,0,6,155,-16,0
23730,9.12,T,44,0,859,0,3,84,113,3,P,58,2,826,0,332,249,166,4,1,14,2,-33,0,329,165,53,1
23731,3.59,P,13,0,224,0,0,18,20,0,P,11,0,71,0,0,17,21,0,1,-2,0,-153,0,0,-1,1,0
23732,3.56,Z,15,1,159,0,20,17,49,3,Z,12,4,386,0,10,48,48,1,0,-3,3,227,0,-10,31,-1,-2
23733,7.58,P,38,3,283,0,8,108,47,1,Z,39,8,493,4,245,248,185,12,1,1,5,210,4,237,140,138,11
23734,1.34,Z,5,0,103,0,148,36,91,1,Z,4,0,4,0,0,10,23,1,1,-1,0,-99,0,-148,-26,-68,0
23735,9.58,Z,66,4,398,0,40,111,173,0,P,58,0,587,0,39,130,81,11,0,-8,-4,189,0,-1,19,-92,11
23736,3.07,T,13,2,43,0,51,24,66,0,T,10,0,197,0,6,50,63,2,1,-3,-2,154,0,-45,26,-3,2
23737,7.22,T,62,0,416,0,748,174,48,11,Z,64,9,287,0,760,126,260,4,1,2,9,-129,0,12,-48,212,-7
23738,9.59,T,77,0,513,0,113,134,113,3,Z,58,10,541,0,56,171,206,7,1,-19,10,28,0,-57,37,93,4
23739,9.59,T,103,0,678,0,96,253,157,8,Z,63,4,578,0,171,203,253,7,0,-40,4,-100,0,75,-50,96,-1
23740,9.59,Z,56,0,530,0,37,325,174,2,Z,50,0,432,0,10,139,219,15,1,-6,0,-98,0,-27,-186,45,13
23741,4.41,Z,24,0,129,0,0,41,72,0,Z,21,0,103,0,0,24,57,0,0,-3,0,-26,0,0,-17,-15,0
23742,10,P,70,6,635,0,176,298,86,7,T,73,0,654,0,19,248,99,6,1,3,-6,19,0,-157,-50,13,-1
23743,2.36,P,9,1,231,0,177,53,82,2,Z,7,1,156,6,105,38,78,0,0,-2,0,-75,6,-72,-15,-4,-2
23744,9.16,T,112,0,578,0,143,181,138,7,T,117,0,479,0,209,284,120,17,1,5,0,-99,0,66,103,-18,10
23745,9.59,T,81,3,538,0,71,367,220,5,T,67,0,778,0,99,201,88,6,1,-14,-3,240,0,28,-166,-132,1
23746,9.55,T,39,0,360,0,4,62,92,1,Z,58,3,431,0,93,109,232,3,1,19,3,71,0,89,47,140,2
23747,1.57,Z,8,0,38,0,3,26,28,2,P,5,0,56,0,1,25,12,0,1,-3,0,18,0,-2,-1,-16,-2
23748,5.08,T,52,0,280,0,304,167,189,4,P,38,0,133,0,68,161,77,8,0,-14,0,-147,0,-236,-6,-112,4
23749,6.37,P,45,0,400,0,299,213,67,6,Z,32,6,464,0,125,203,160,0,0,-13,6,64,0,-174,-10,93,-6
23750,10.39,P,75,0,918,0,15,286,104,7,Z,79,0,553,0,175,140,223,5,0,4,0,-365,0,160,-146,119,-2
23751,9.59,P,60,0,445,0,173,238,211,6,T,106,1,377,0,339,200,254,16,0,46,1,-68,0,166,-38,43,10
23752,8.56,T,111,3,592,0,336,288,233,12,Z,67,0,345,0,393,212,293,1,0,-44,-3,-247,0,57,-76,60,-11
23753,10.13,P,84,2,545,0,204,320,193,6,T,82,0,642,0,285,275,157,5,0,-2,-2,97,0,81,-45,-36,-1
23754,4.54,Z,19,0,133,0,363,45,50,6,P,39,0,213,0,143,104,78,2,1,20,0,80,0,-220,59,28,-4
23755,10.32,Z,57,3,1015,0,34,254,171,1,T,64,0,543,0,257,214,209,14,0,7,-3,-472,0,223,-40,38,13
23756,9.59,Z,40,0,391,0,132,138,141,6,P,102,9,592,0,279,490,301,10,1,62,9,201,0,147,352,160,4
23757,3.05,T,16,1,49,0,4,93,169,3,T,10,0,159,0,0,38,23,1,1,-6,-1,110,0,-4,-55,-146,-2
23758,9.38,T,98,3,422,0,296,303,96,6,Z,56,0,342,0,29,145,172,6,0,-42,-3,-80,0,-267,-158,76,0
23759,8.22,T,53,1,366,0,588,125,178,7,T,94,0,461,0,25,267,135,14,1,41,-1,95,0,-563,142,-43,7
23760,9.59,Z,55,0,362,0,50,207,248,2,Z,74,2,279,0,855,204,505,5,1,19,2,-83,0,805,-3,257,3
23761,9.59,T,46,0,417,0,0,98,60,0,P,51,0,629,0,46,88,58,12,1,5,0,212,0,46,-10,-2,12
23762,7.35,P,58,6,530,1,44,382,190,2,Z,63,2,247,0,342,144,240,1,1,5,-4,-283,-1,298,-238,50,-1
23763,8.05,T,57,0,437,0,52,76,124,5,Z,54,0,316,0,108,167,309,0,1,-3,0,-121,0,56,91,185,-5
23764,9.58,P,58,4,584,0,75,318,204,0,Z,66,1,263,0,35,75,172,3,1,8,-3,-321,0,-40,-243,-32,3
23765,10.23,Z,148,10,769,3,648,384,436,29,P,165,9,508,0,609,300,273,20,0,17,-1,-261,-3,-39,-84,-163,-9
23766,4.35,Z,25,2,141,0,21,31,63,0,Z,17,0,198,0,2,26,67,0,0,-8,-2,57,0,-19,-5,4,0
23767,8.42,P,40,0,525,0,9,181,67,1,T,86,0,362,0,43,229,101,2,0,46,0,-163,0,34,48,34,1
23768,8.36,P,42,0,359,0,20,121,74,7,P,28,0,253,0,0,31,31,0,0,-14,0,-106,0,-20,-90,-43,-7
23769,4,T,33,0,183,0,100,131,37,5,P,21,1,266,0,31,147,36,2,0,-12,1,83,0,-69,16,-1,-3
23770,9.58,Z,34,7,261,0,360,193,140,2,T,68,6,420,0,42,217,91,2,1,34,-1,159,0,-318,24,-49,0
23771,9.26,P,55,8,236,0,47,59,40,0,T,34,5,609,0,4,62,63,0,0,-21,-3,373,0,-43,3,23,0
23772,4.37,T,17,0,280,0,0,90,40,0,T,23,0,231,0,124,10,23,4,1,6,0,-49,0,124,-80,-17,4
23773,9.58,P,66,1,633,0,86,217,119,5,T,63,0,682,0,6,70,147,5,1,-3,-1,49,0,-80,-147,28,0
23774,9.59,T,37,0,614,0,0,122,108,0,Z,77,4,364,0,62,197,233,0,1,40,4,-250,0,62,75,125,0
23775,9.59,T,85,2,702,0,69,320,358,16,T,88,4,568,0,152,330,171,6,0,3,2,-134,0,83,10,-187,-10
23776,9.58,P,40,1,899,0,6,116,67,1,Z,45,6,309,0,1,31,148,0,0,5,5,-590,0,-5,-85,81,-1
23777,9.59,P,57,2,777,0,3,173,88,0,P,57,3,355,0,9,215,134,5,1,0,1,-422,0,6,42,46,5
23778,9.59,Z,95,7,805,0,277,268,380,10,Z,79,9,417,2,257,225,464,7,0,-16,2,-388,2,-20,-43,84,-3
23779,7.45,T,67,9,294,0,614,315,202,3,T,62,1,421,0,37,238,111,2,0,-5,-8,127,0,-577,-77,-91,-1
23780,7.53,Z,80,6,560,0,161,140,256,8,T,92,4,285,0,556,233,121,5,0,12,-2,-275,0,395,93,-135,-3
23781,7.24,Z,66,13,294,0,629,219,191,1,T,80,2,351,0,229,302,110,8,1,14,-11,57,0,-400,83,-81,7
23782,8.07,T,77,0,268,0,8,116,185,14,Z,51,9,326,0,30,119,224,3,1,-26,9,58,0,22,3,39,-11
23783,9.59,Z,59,0,433,0,39,68,154,2,Z,48,0,491,0,0,171,191,0,1,-11,0,58,0,-39,103,37,-2
23784,9.59,Z,48,0,275,0,25,37,172,9,P,54,5,355,0,21,78,52,3,1,6,5,80,0,-4,41,-120,-6
23785,3.35,Z,18,3,150,0,53,66,80,5,Z,18,0,296,1,255,167,147,9,1,0,-3,146,1,202,101,67,4
23786,8.53,T,76,11,407,0,1036,380,109,6,T,75,8,514,0,35,217,166,5,0,-1,-3,107,0,-1001,-163,57,-1
23787,9.59,T,55,0,683,0,11,126,114,1,Z,47,0,288,0,0,112,121,0,0,-8,0,-395,0,-11,-14,7,-1
23788,4.16,Z,35,3,219,0,210,96,89,1,T,34,0,141,0,85,233,41,3,1,-1,-3,-78,0,-125,137,-48,2
23789,7.46,P,41,2,580,0,11,157,69,5,Z,30,0,293,0,78,104,217,3,0,-11,-2,-287,0,67,-53,148,-2
23790,7,T,40,0,458,0,5,162,63,4,Z,28,1,194,0,73,134,178,2,1,-12,1,-264,0,68,-28,115,-2
23791,7.17,Z,49,3,359,0,456,231,231,4,T,86,4,532,0,502,173,320,0,1,37,1,173,0,46,-58,89,-4
23792,5.01,Z,18,5,48,0,30,29,60,1,P,35,3,215,0,2,119,37,0,0,17,-2,167,0,-28,90,-23,-1
23793,9.57,Z,77,0,334,34,378,419,431,1,T,99,2,334,0,419,363,142,8,1,22,2,0,-34,41,-56,-289,7
23794,9.59,T,91,0,531,0,114,122,162,9,Z,68,4,469,0,177,206,359,2,1,-23,4,-62,0,63,84,197,-7
23795,9.59,T,83,2,400,0,91,223,186,2,P,63,0,498,0,278,406,122,21,1,-20,-2,98,0,187,183,-64,19
23796,8.44,Z,64,6,349,4,1113,218,266,1,T,95,4,442,0,802,288,145,12,1,31,-2,93,-4,-311,70,-121,11
23797,9.24,T,60,8,959,0,83,60,99,1,P,50,12,636,0,65,146,90,4,0,-10,4,-323,0,-18,86,-9,3
23798,4.37,Z,24,0,324,0,298,98,252,4,Z,26,0,214,0,299,125,88,8,0,2,0,-110,0,1,27,-164,4
23799,9.37,T,76,2,312,0,9,72,118,3,Z,51,0,421,0,4,41,135,2,0,-25,-2,109,0,-5,-31,17,-1
23800,5.48,T,25,1,241,0,1,57,66,0,T,28,0,395,0,6,59,131,4,0,3,-1,154,0,5,2,65,4
23801,7.15,Z,94,1,393,0,130,166,317,6,Z,42,1,821,0,24,95,170,5,0,-52,0,428,0,-106,-71,-147,-1
23802,10.31,Z,42,0,646,0,15,60,126,1,T,53,0,569,0,11,86,105,1,0,11,0,-77,0,-4,26,-21,0
23803,6.47,T,43,0,297,1,0,32,72,3,Z,42,0,425,0,266,92,94,14,0,-1,0,128,-1,266,60,22,11
23804,9.59,T,42,5,1053,0,9,111,85,2,T,50,5,943,0,16,194,112,1,0,8,0,-110,0,7,83,27,-1
23805,7.16,T,34,0,244,0,1,100,87,1,Z,38,2,85,0,22,18,99,0,1,4,2,-159,0,21,-82,12,-1
23806,9.25,Z,45,0,933,0,29,104,148,3,Z,80,7,344,0,374,177,254,3,1,35,7,-589,0,345,73,106,0
23807,8.28,T,55,4,511,0,45,281,96,3,T,88,1,312,0,238,194,285,7,1,33,-3,-199,0,193,-87,189,4
23808,9.03,T,104,5,379,0,161,202,144,8,Z,67,0,256,0,955,237,213,8,0,-37,-5,-123,0,794,35,69,0
23809,9.59,Z,60,3,391,0,13,66,214,0,T,71,0,290,0,427,305,192,11,1,11,-3,-101,0,414,239,-22,11
23810,10.46,Z,115,35,668,0,362,418,486,19,P,118,0,382,0,181,347,181,22,0,3,-35,-286,0,-181,-71,-305,3
23811,6.08,Z,28,4,409,1,285,177,150,2,Z,31,1,162,0,23,106,147,2,0,3,-3,-247,-1,-262,-71,-3,0
23812,9.59,T,66,1,334,0,8,61,74,3,T,63,0,459,0,11,85,115,4,0,-3,-1,125,0,3,24,41,1
23813,9.59,T,80,1,366,0,112,166,116,7,Z,21,0,634,0,0,131,117,2,0,-59,-1,268,0,-112,-35,1,-5
23814,9.58,P,53,0,654,0,5,152,70,3,Z,67,3,308,0,157,142,260,1,0,14,3,-346,0,152,-10,190,-2
23815,9.59,P,65,3,470,0,148,399,71,11,T,77,1,746,0,287,403,111,4,1,12,-2,276,0,139,4,40,-7
23816,6.18,P,35,0,447,0,18,76,36,3,Z,43,1,194,0,197,148,307,2,1,8,1,-253,0,179,72,271,-1
23817,4.24,P,20,0,205,0,21,129,43,1,P,14,0,292,0,0,61,27,0,0,-6,0,87,0,-21,-68,-16,-1
23818,3.18,Z,17,0,125,0,4,52,156,2,Z,17,0,62,0,23,59,50,1,0,0,0,-63,0,19,7,-106,-1
23819,10.58,P,33,0,324,0,6,38,54,1,T,27,0,379,0,0,12,38,0,0,-6,0,55,0,-6,-26,-16,-1
23820,5.01,P,21,2,389,0,8,70,37,0,Z,22,4,77,0,37,28,78,0,0,1,2,-312,0,29,-42,41,0
23821,10.57,P,35,0,392,0,0,205,35,0,Z,58,9,919,1,71,242,244,11,1,23,9,527,1,71,37,209,11
23822,7.24,Z,45,0,176,0,236,205,192,11,Z,40,0,334,0,174,234,235,7,0,-5,0,158,0,-62,29,43,-4
23823,9.55,T,63,0,1073,0,0,199,215,0,P,59,0,858,0,29,329,183,8,1,-4,0,-215,0,29,130,-32,8
23824,5.5,T,28,0,445,0,0,74,79,2,P,17,0,117,0,0,13,42,1,0,-11,0,-328,0,0,-61,-37,-1
23825,9.42,T,71,0,621,0,93,256,228,5,T,76,0,530,0,0,29,103,0,0,5,0,-91,0,-93,-227,-125,-5
23826,6.44,Z,40,0,444,0,21,96,243,4,P,41,5,427,0,38,155,88,2,0,1,5,-17,0,17,59,-155,-2
23827,9.59,T,66,2,468,0,616,377,238,4,Z,59,7,495,0,70,158,215,0,0,-7,5,27,0,-546,-219,-23,-4
23828,1.5,T,7,0,90,0,4,87,13,4,P,6,0,140,0,19,38,17,2,0,-1,0,50,0,15,-49,4,-2
23829,9.59,Z,82,17,468,0,180,188,279,0,T,120,0,485,0,155,322,144,12,0,38,-17,17,0,-25,134,-135,12
23830,3.43,Z,10,0,52,0,3,37,80,2,Z,15,0,229,0,8,45,58,2,1,5,0,177,0,5,8,-22,0
23831,10.54,Z,73,3,349,0,22,127,212,6,T,87,0,595,0,203,252,211,15,0,14,-3,246,0,181,125,-1,9
23832,9.59,P,45,0,732,0,0,143,82,0,P,74,3,628,0,52,223,91,2,0,29,3,-104,0,52,80,9,2
23833,2.06,P,10,1,89,0,2,83,15,0,P,13,0,21,0,6,50,17,1,0,3,-1,-68,0,4,-33,2,1
23834,8.27,Z,58,4,657,0,94,178,213,6,P,67,2,314,0,114,166,78,5,0,9,-2,-343,0,20,-12,-135,-1
23835,9.59,P,70,0,732,0,19,269,100,8,Z,47,1,281,0,204,233,219,11,1,-23,1,-451,0,185,-36,119,3
23836,3.03,P,10,0,62,0,7,15,15,2,T,11,0,17,0,0,4,19,0,1,1,0,-45,0,-7,-11,4,-2
23837,3.53,T,19,3,102,0,244,121,147,0,P,18,2,161,0,355,102,90,9,0,-1,-1,59,0,111,-19,-57,9
23838,4.21,T,17,0,251,0,0,20,41,2,T,26,2,212,0,15,12,27,3,0,9,2,-39,0,15,-8,-14,1
23839,9.59,T,85,4,623,0,231,187,240,10,P,63,0,697,0,694,248,90,12,0,-22,-4,74,0,463,61,-150,2
23840,3.06,T,12,0,240,0,5,39,59,4,T,12,2,213,0,24,50,17,1,0,0,2,-27,0,19,11,-42,-3
23841,6.37,P,27,1,270,0,33,73,32,3,P,16,0,630,0,0,96,44,0,0,-11,-1,360,0,-33,23,12,-3
23842,8.52,Z,40,11,822,0,53,238,157,0,Z,64,2,746,0,18,180,215,1,1,24,-9,-76,0,-35,-58,58,1
23843,3,P,13,1,46,0,5,70,27,0,T,18,0,125,0,43,65,34,3,1,5,-1,79,0,38,-5,7,3
23844,4.5,P,20,1,288,0,8,88,43,1,T,27,0,280,0,2,57,49,3,1,7,-1,-8,0,-6,-31,6,2
23845,9.57,T,82,0,495,0,589,240,150,13,T,78,8,601,2,61,290,191,4,0,-4,8,106,2,-528,50,41,-9
23846,9.03,Z,81,7,560,0,46,176,199,8,T,103,5,428,0,98,266,139,4,1,22,-2,-132,0,52,90,-60,-4
23847,5.26,Z,28,0,373,0,184,91,235,2,T,47,4,371,0,473,84,114,2,1,19,4,-2,0,289,-7,-121,0
23848,7.12,T,46,0,369,0,0,89,79,2,P,42,0,255,0,8,110,110,2,0,-4,0,-114,0,8,21,31,0
23849,9.59,T,66,5,635,0,11,279,144,1,T,90,0,343,0,316,254,200,11,0,24,-5,-292,0,305,-25,56,10
23850,8.47,P,48,2,395,0,4,91,85,0,P,43,13,270,0,27,143,65,0,1,-5,11,-125,0,23,52,-20,0
23851,2.11,P,8,0,184,0,1,24,6,2,Z,8,0,22,0,7,10,21,1,0,0,0,-162,0,6,-14,15,-1
23852,10.32,T,54,11,693,0,159,149,221,4,Z,58,0,258,0,53,183,202,6,1,4,-11,-435,0,-106,34,-19,2
23853,9.52,Z,71,8,464,0,80,140,236,1,P,71,0,893,0,70,360,83,13,1,0,-8,429,0,-10,220,-153,12
23854,7.45,P,52,12,273,1,133,231,230,1,P,51,0,318,0,369,229,223,6,1,-1,-12,45,-1,236,-2,-7,5
23855,8.54,P,47,0,641,0,7,70,56,0,Z,56,0,758,0,0,75,198,0,0,9,0,117,0,-7,5,142,0
23856,6.39,T,53,0,284,0,282,169,174,7,T,52,0,343,0,52,177,62,4,0,-1,0,59,0,-230,8,-112,-3
23857,9.59,Z,68,1,359,0,350,199,204,6,P,79,0,728,0,41,217,105,5,1,11,-1,369,0,-309,18,-99,-1
23858,9.37,P,63,0,455,0,225,263,153,11,T,69,7,316,0,128,208,363,0,0,6,7,-139,0,-97,-55,210,-11
23859,6.18,Z,33,4,245,23,271,111,230,1,Z,33,0,294,0,15,128,85,3,1,0,-4,49,-23,-256,17,-145,2
23860,9.27,Z,61,1,366,0,189,220,177,14,Z,50,5,432,0,370,176,265,4,0,-11,4,66,0,181,-44,88,-10
23861,3.57,T,26,0,259,0,62,126,44,4,T,23,0,184,0,165,145,41,4,0,-3,0,-75,0,103,19,-3,0
23862,4.35,T,22,1,318,0,1,14,42,0,P,16,0,220,0,1,28,24,4,0,-6,-1,-98,0,0,14,-18,4
23863,9.31,Z,57,0,516,0,25,237,167,3,T,50,0,600,0,0,143,176,1,1,-7,0,84,0,-25,-94,9,-2
23864,5.54,Z,29,0,192,0,61,76,170,4,P,31,0,215,0,280,115,138,3,1,2,0,23,0,219,39,-32,-1
23865,9.59,T,57,6,822,5,408,189,114,0,T,67,0,716,0,8,139,126,4,0,10,-6,-106,-5,-400,-50,12,4
23866,4.45,Z,17,4,109,0,11,46,73,0,T,18,0,131,0,22,22,21,3,1,1,-4,22,0,11,-24,-52,3
23867,10.07,Z,90,11,296,0,197,281,317,8,T,115,0,370,0,150,254,218,22,1,25,-11,74,0,-47,-27,-99,14
23868,9.59,T,116,0,618,0,173,420,157,9,Z,74,1,504,0,514,246,260,8,1,-42,1,-114,0,341,-174,103,-1
23869,5.45,P,29,1,376,0,2,152,45,0,T,42,0,251,0,14,188,39,2,0,13,-1,-125,0,12,36,-6,2
23870,4.38,T,37,2,365,0,60,102,82,4,Z,20,1,260,0,6,130,85,0,1,-17,-1,-105,0,-54,28,3,-4
23871,7.11,P,70,2,283,0,294,111,240,5,Z,66,4,328,0,234,137,275,3,0,-4,2,45,0,-60,26,35,-2
23872,4.47,P,22,0,142,0,151,104,46,6,P,34,0,112,0,9,135,63,0,0,12,0,-30,0,-142,31,17,-6
23873,5.38,T,16,3,245,0,8,51,28,0,T,40,0,251,0,11,50,57,1,1,24,-3,6,0,3,-1,29,1
23874,2.38,P,8,0,185,0,5,62,11,2,P,14,0,166,0,0,36,36,0,0,6,0,-19,0,-5,-26,25,-2
23875,9.53,Z,69,11,219,0,141,224,334,1,T,91,3,982,0,74,136,140,15,1,22,-8,763,0,-67,-88,-194,14
23876,1.17,T,4,3,43,0,3,30,9,1,T,8,0,65,0,9,46,8,3,1,4,-3,22,0,6,16,-1,2
23877,7.32,T,15,0,420,0,0,40,46,0,T,28,0,217,0,2,43,47,3,0,13,0,-203,0,2,3,1,3
23878,9.47,P,88,0,427,0,59,250,162,3,T,79,0,676,0,37,152,122,4,0,-9,0,249,0,-22,-98,-40,1
23879,9.58,P,57,2,767,0,83,236,103,2,Z,65,14,262,0,58,121,154,3,1,8,12,-505,0,-25,-115,51,1
23880,5.44,P,20,0,312,0,164,84,28,4,Z,12,0,173,0,3,44,64,1,1,-8,0,-139,0,-161,-40,36,-3
23881,7.02,P,30,0,829,0,12,153,67,2,T,38,0,388,0,390,148,203,3,1,8,0,-441,0,378,-5,136,1
23882,4.2,Z,11,0,236,0,3,31,80,1,Z,17,1,200,0,18,51,113,1,0,6,1,-36,0,15,20,33,0
23883,6.26,P,31,0,505,0,7,118,76,2,P,26,0,398,0,17,121,96,2,1,-5,0,-107,0,10,3,20,0
23884,7.4,T,44,0,393,0,10,91,64,2,T,38,0,734,0,0,172,70,1,1,-6,0,341,0,-10,81,6,-1
23885,9.58,Z,87,15,335,4,394,285,441,12,T,79,0,1073,0,580,162,103,8,0,-8,-15,738,-4,186,-123,-338,-4
23886,9.59,T,57,4,1229,0,37,103,68,0,Z,56,4,544,0,25,183,265,2,1,-1,0,-685,0,-12,80,197,2
23887,5.11,T,22,0,264,0,18,28,48,4,P,26,4,297,0,214,83,29,1,0,4,4,33,0,196,55,-19,-3
23888,7.34,T,66,0,461,0,29,78,117,6,T,74,0,539,0,802,208,372,9,1,8,0,78,0,773,130,255,3
23889,7.31,T,48,2,655,0,21,91,58,3,P,37,0,533,0,17,112,45,4,0,-11,-2,-122,0,-4,21,-13,1
23890,1.41,T,7,0,113,0,131,26,18,6,T,8,0,136,0,89,16,16,5,0,1,0,23,0,-42,-10,-2,-1
23891,8.58,P,38,3,333,0,15,57,48,3,T,44,0,626,0,4,77,71,4,1,6,-3,293,0,-11,20,23,1
23892,9.28,P,69,6,834,0,129,359,120,6,Z,69,0,272,0,159,182,407,4,0,0,-6,-562,0,30,-177,287,-2
23893,6.51,P,40,0,293,0,26,255,110,6,T,53,0,375,0,38,149,76,7,1,13,0,82,0,12,-106,-34,1
23894,9.54,T,60,3,717,0,42,60,93,2,P,60,0,246,0,67,118,65,6,1,0,-3,-471,0,25,58,-28,4
23895,9.59,P,80,2,790,0,31,75,97,4,T,67,5,796,0,10,279,132,2,1,-13,3,6,0,-21,204,35,-2
23896,3.52,T,17,0,166,0,0,17,52,0,Z,16,0,190,0,115,35,68,2,0,-1,0,24,0,115,18,16,2
23897,6.3,T,20,0,500,0,0,59,43,0,Z,29,2,133,0,9,10,56,0,0,9,2,-367,0,9,-49,13,0
23898,8.49,T,37,0,690,0,0,166,81,0,T,57,10,399,0,6,154,83,4,1,20,10,-291,0,6,-12,2,4
23899,5.52,P,34,2,499,0,16,38,33,0,P,25,2,337,0,4,78,43,0,0,-9,0,-162,0,-12,40,10,0
23900,10.2,T,71,0,816,0,6,194,118,1,T,78,7,289,0,30,231,326,4,1,7,7,-527,0,24,37,208,3
23901,7.41,T,68,0,352,0,285,208,127,6,P,65,1,393,0,911,173,103,11,1,-3,1,41,0,626,-35,-24,5
23902,2.27,T,13,0,114,0,211,77,49,4,Z,7,0,60,0,0,6,41,1,0,-6,0,-54,0,-211,-71,-8,-3
23903,9.34,P,48,0,562,0,38,129,67,10,Z,53,0,660,0,202,312,268,17,1,5,0,98,0,164,183,201,7
23904,8.45,P,73,0,234,0,71,210,76,9,Z,59,0,432,0,41,162,216,2,1,-14,0,198,0,-30,-48,140,-7
23905,7.53,Z,16,0,108,0,0,40,117,0,Z,42,0,237,0,18,77,126,3,0,26,0,129,0,18,37,9,3
23906,9.59,P,40,0,698,0,6,64,28,4,Z,41,0,355,0,15,56,157,0,0,1,0,-343,0,9,-8,129,-4
23907,10.08,Z,95,0,789,0,502,296,483,8,T,103,0,397,0,26,158,196,9,1,8,0,-392,0,-476,-138,-287,1
23908,9.52,T,33,0,610,0,30,38,50,6,Z,42,0,352,0,1,38,152,1,1,9,0,-258,0,-29,0,102,-5
23909,5.06,Z,25,2,142,0,12,70,52,3,T,29,0,327,0,1,101,50,3,0,4,-2,185,0,-11,31,-2,0
23910,2.21,P,12,0,63,0,0,23,12,0,P,10,0,157,0,0,33,19,0,1,-2,0,94,0,0,10,7,0
23911,9.59,P,50,4,334,0,43,327,67,2,Z,65,6,343,0,33,124,171,2,0,15,2,9,0,-10,-203,104,0
23912,9.59,T,129,0,838,0,25,174,158,4,Z,82,8,467,0,930,271,256,1,1,-47,8,-371,0,905,97,98,-3
23913,9.59,T,58,0,496,0,48,146,73,0,T,83,7,658,0,249,142,101,1,0,25,7,162,0,201,-4,28,1
23914,10.2,P,78,0,647,0,702,224,180,10,T,99,0,549,0,832,157,272,12,1,21,0,-98,0,130,-67,92,2
23915,9.59,T,80,3,610,0,24,188,126,8,Z,60,0,590,0,22,155,161,7,1,-20,-3,-20,0,-2,-33,35,-1
23916,9.3,Z,51,13,566,0,66,266,278,8,Z,51,0,298,0,18,116,168,6,1,0,-13,-268,0,-48,-150,-110,-2
23917,5.11,T,26,0,223,0,189,74,34,3,Z,23,0,264,0,10,89,80,2,0,-3,0,41,0,-179,15,46,-1
23918,9.59,T,109,7,661,0,406,185,154,11,T,117,6,576,0,279,290,154,9,0,8,-1,-85,0,-127,105,0,-2
23919,3.25,T,13,0,261,0,16,36,22,2,P,13,0,113,0,0,102,17,1,0,0,0,-148,0,-16,66,-5,-1
23920,0.54,T,4,0,27,0,9,11,16,1,Z,1,1,16,0,4,9,42,0,1,-3,1,-11,0,-5,-2,26,-1
23921,9.57,Z,78,12,394,0,94,255,310,1,T,85,3,636,0,43,223,112,11,0,7,-9,242,0,-51,-32,-198,10
23922,9.59,P,44,0,252,0,0,54,83,0,T,56,0,360,0,116,51,68,7,0,12,0,108,0,116,-3,-15,7
23923,9.59,Z,54,0,432,0,0,72,164,0,P,50,0,387,0,65,275,101,24,1,-4,0,-45,0,65,203,-63,24
23924,2.47,Z,10,3,83,0,7,9,22,0,Z,8,2,118,0,6,19,43,0,1,-2,-1,35,0,-1,10,21,0
23925,4.3,Z,19,0,115,0,30,98,162,5,Z,22,0,147,0,72,43,134,10,1,3,0,32,0,42,-55,-28,5
23926,0.38,Z,4,0,28,0,7,15,8,2,Z,2,0,88,0,16,11,19,1,1,-2,0,60,0,9,-4,11,-1
23927,9.59,P,50,0,563,0,26,175,61,4,P,87,0,643,0,609,254,110,12,0,37,0,80,0,583,79,49,8
23928,6.4,P,39,0,345,0,125,185,61,4,Z,47,0,254,0,32,189,164,6,0,8,0,-91,0,-93,4,103,2
23929,6.26,T,55,1,209,0,210,179,52,2,P,38,1,587,0,76,122,51,8,1,-17,0,378,0,-134,-57,-1,6
23930,4.44,Z,31,12,101,0,199,131,213,2,Z,36,11,79,0,28,63,74,1,0,5,-1,-22,0,-171,-68,-139,-1
23931,5.46,Z,27,2,237,0,581,81,86,1,P,34,0,340,0,383,163,46,8,1,7,-2,103,0,-198,82,-40,7
23932,10.05,T,91,2,707,0,193,405,271,18,T,87,0,1108,0,25,119,194,6,0,-4,-2,401,0,-168,-286,-77,-12
23933,9.59,Z,62,10,568,2,51,190,210,2,P,95,8,622,0,570,250,186,13,1,33,-2,54,-2,519,60,-24,11
23934,9.59,Z,79,1,548,0,605,385,251,7,T,88,0,408,0,465,303,126,6,0,9,-1,-140,0,-140,-82,-125,-1
23935,3.22,T,17,1,199,0,2,20,16,0,T,10,0,233,0,0,12,29,0,1,-7,-1,34,0,-2,-8,13,0
23936,8.37,Z,76,7,429,1,184,299,321,7,T,109,0,438,13,448,224,179,1,0,33,-7,9,12,264,-75,-142,-6
23937,5.32,T,36,0,261,0,275,57,37,4,T,34,0,170,0,69,29,51,4,0,-2,0,-91,0,-206,-28,14,0
23938,9.58,P,30,0,426,0,0,40,59,0,P,43,0,501,0,1,69,68,3,1,13,0,75,0,1,29,9,3
23939,7.51,P,63,13,443,0,125,240,82,3,T,59,4,547,0,36,69,60,0,0,-4,-9,104,0,-89,-171,-22,-3
23940,4.25,P,23,0,81,0,1,65,31,2,T,17,0,117,0,229,89,89,3,0,-6,0,36,0,228,24,58,1
23941,9.59,T,87,0,479,0,17,321,200,21,T,85,4,606,0,65,156,251,0,0,-2,4,127,0,48,-165,51,-21
23942,3.34,Z,10,1,81,0,11,7,101,2,Z,13,0,137,0,11,27,111,1,0,3,-1,56,0,0,20,10,-1
23943,7.15,P,39,2,346,0,155,176,59,16,P,26,0,257,0,18,64,140,2,0,-13,-2,-89,0,-137,-112,81,-14
23944,9.59,T,82,9,772,0,78,150,99,0,Z,55,3,707,0,64,165,143,4,0,-27,-6,-65,0,-14,15,44,4
23945,9.19,P,101,0,730,0,455,319,144,19,Z,53,0,721,0,38,173,165,5,1,-48,0,-9,0,-417,-146,21,-14
23946,6.59,T,39,0,472,0,0,161,58,0,P,48,0,332,0,599,207,297,21,0,9,0,-140,0,599,46,239,21
23947,9.58,T,46,0,627,0,58,59,63,5,P,42,0,224,0,0,119,53,0,1,-4,0,-403,0,-58,60,-10,-5
23948,5.39,P,27,1,395,0,53,96,35,1,T,37,3,157,0,573,85,78,5,1,10,2,-238,0,520,-11,43,4
23949,9.44,Z,63,0,548,0,64,158,233,4,P,66,1,522,0,22,233,74,5,1,3,1,-26,0,-42,75,-159,1
23950,3.44,Z,19,1,183,0,409,47,107,5,T,27,2,187,0,633,73,183,10,1,8,1,4,0,224,26,76,5
23951,5.35,Z,27,0,423,0,31,151,94,4,T,35,0,140,0,444,118,46,5,1,8,0,-283,0,413,-33,-48,1
23952,6.19,P,40,1,215,0,368,242,52,7,T,41,0,207,0,297,190,130,12,1,1,-1,-8,0,-71,-52,78,5
23953,9.59,Z,80,0,480,0,208,361,316,12,P,100,3,661,6,86,193,136,0,1,20,3,181,6,-122,-168,-180,-12
23954,7.04,Z,60,0,275,0,483,168,209,4,T,62,0,470,0,151,181,109,6,0,2,0,195,0,-332,13,-100,2
23955,4.04,T,20,0,124,0,219,85,114,6,P,17,0,184,0,13,109,51,9,1,-3,0,60,0,-206,24,-63,3
23956,2.59,T,16,0,52,0,212,66,65,5,T,14,1,90,0,4,38,176,2,0,-2,1,38,0,-208,-28,111,-3
23957,1.26,Z,5,0,49,0,16,18,87,2,Z,5,0,77,0,4,16,11,0,0,0,0,28,0,-12,-2,-76,-2
23958,4.03,P,27,0,179,0,110,119,68,6,P,23,5,92,0,266,165,79,3,0,-4,5,-87,0,156,46,11,-3
23959,9.59,Z,50,5,372,0,144,207,308,4,T,55,1,469,0,12,200,108,3,0,5,-4,97,0,-132,-7,-200,-1
23960,0.2,T,2,0,7,0,22,6,37,0,Z,1,0,6,0,2,12,19,2,0,-1,0,-1,0,-20,6,-18,2
23961,9.55,Z,90,14,516,0,263,441,422,3,Z,66,8,563,4,260,230,289,11,0,-24,-6,47,4,-3,-211,-133,8
23962,9.59,T,155,0,498,0,1365,281,189,58,P,90,0,528,0,774,318,246,13,0,-65,0,30,0,-591,37,57,-45
23963,4.1,T,23,2,148,0,263,128,45,3,Z,19,3,169,0,116,164,210,5,0,-4,1,21,0,-147,36,165,2
23964,7,P,61,1,354,0,178,166,124,15,Z,38,6,221,0,106,164,198,3,0,-23,5,-133,0,-72,-2,74,-12
23965,9.59,T,78,0,529,0,7,221,208,6,Z,84,10,572,0,174,342,352,6,1,6,10,43,0,167,121,144,0
23966,2.27,P,10,0,29,0,188,21,14,3,T,7,0,160,0,65,67,18,4,1,-3,0,131,0,-123,46,4,1
23967,9.59,Z,66,5,310,0,248,148,229,0,P,45,0,602,26,183,280,254,0,0,-21,-5,292,26,-65,132,25,0
23968,3.42,T,12,0,246,0,0,13,13,0,P,14,0,107,0,11,80,16,1,1,2,0,-139,0,11,67,3,1
23969,8.03,P,41,5,583,0,22,128,53,2,P,40,2,340,0,23,142,53,1,1,-1,-3,-243,0,1,14,0,-1
23970,5.18,T,30,3,267,0,28,60,33,2,P,30,0,347,0,306,98,68,6,1,0,-3,80,0,278,38,35,4
23971,9.16,P,63,0,605,0,278,280,139,11,T,55,8,549,0,113,188,171,5,0,-8,8,-56,0,-165,-92,32,-6
23972,8.4,T,65,0,572,0,9,128,137,6,P,72,3,754,0,157,219,122,6,1,7,3,182,0,148,91,-15,0
23973,9.59,Z,70,4,335,0,243,246,255,6,T,95,9,403,0,100,179,114,14,1,25,5,68,0,-143,-67,-141,8
23974,9.58,Z,32,0,506,0,0,196,143,0,P,22,4,498,0,4,83,38,0,1,-10,4,-8,0,4,-113,-105,0
23975,8.28,T,51,0,393,0,10,40,89,6,Z,53,3,424,0,76,185,138,2,1,2,3,31,0,66,145,49,-4
23976,9.59,T,100,5,302,0,236,262,157,4,Z,71,0,407,0,56,139,186,4,1,-29,-5,105,0,-180,-123,29,0
23977,5.45,T,40,2,334,0,249,218,119,6,P,29,0,243,0,17,75,40,6,0,-11,-2,-91,0,-232,-143,-79,0
23978,4.11,T,35,0,279,0,127,117,107,6,Z,24,0,235,0,23,112,43,4,0,-11,0,-44,0,-104,-5,-64,-2
23979,9.57,T,60,10,788,0,118,246,188,0,P,48,3,586,0,13,215,91,1,1,-12,-7,-202,0,-105,-31,-97,1
23980,9.59,Z,39,0,431,0,8,127,178,3,P,40,0,616,0,9,205,97,4,1,1,0,185,0,1,78,-81,1
23981,3.56,T,31,6,137,0,215,106,32,6,P,27,1,138,0,126,128,28,6,1,-4,-5,1,0,-89,22,-4,0
23982,5.45,P,23,0,203,0,0,78,49,2,T,30,0,289,0,218,97,57,4,1,7,0,86,0,218,19,8,2
23983,9.58,P,35,0,618,0,33,281,74,5,P,36,0,679,0,27,191,68,4,1,1,0,61,0,-6,-90,-6,-1
23984,3.31,T,16,4,101,0,12,19,15,0,P,8,0,306,0,0,8,7,0,0,-8,-4,205,0,-12,-11,-8,0
23985,0.26,P,2,0,21,0,3,7,5,4,Z,0,0,4,0,5,7,5,2,0,-2,0,-17,0,2,0,0,-2
23986,9.59,Z,52,0,500,0,29,267,157,2,Z,55,1,526,9,31,215,202,2,1,3,1,26,9,2,-52,45,0
23987,7.58,Z,55,10,315,0,113,169,251,5,Z,45,0,356,0,2,155,140,1,1,-10,-10,41,0,-111,-14,-111,-4
23988,9.57,T,106,0,357,0,231,373,223,18,P,48,0,835,0,37,249,87,13,0,-58,0,478,0,-194,-124,-136,-5
23989,9.57,T,140,5,669,6,535,320,172,18,T,112,3,443,0,391,389,280,11,0,-28,-2,-226,-6,-144,69,108,-7
23990,9.59,P,93,0,632,0,519,309,140,36,T,63,7,549,0,452,180,126,9,0,-30,7,-83,0,-67,-129,-14,-27
23991,4.17,T,35,0,239,45,165,96,131,0,Z,29,0,358,0,41,113,81,4,0,-6,0,119,-45,-124,17,-50,4
23992,7.47,T,36,0,657,0,5,46,59,2,T,35,0,359,0,15,63,77,5,0,-1,0,-298,0,10,17,18,3
23993,8.59,Z,48,1,551,0,26,177,267,2,T,76,0,581,0,117,175,144,7,0,28,-1,30,0,91,-2,-123,5
23994,7.08,Z,64,11,476,0,147,173,253,10,P,60,0,238,0,434,175,85,26,0,-4,-11,-238,0,287,2,-168,16
23995,9.58,T,100,5,676,0,325,271,103,8,Z,42,0,364,0,24,101,157,3,0,-58,-5,-312,0,-301,-170,54,-5
23996,6.47,Z,30,4,293,4,74,186,165,0,T,37,4,554,0,13,178,78,2,1,7,0,261,-4,-61,-8,-87,2
23997,7.58,P,51,1,534,0,66,95,57,2,Z,49,0,372,0,143,247,158,4,1,-2,-1,-162,0,77,152,101,2
23998,10.44,T,106,0,785,0,106,127,83,5,Z,63,0,697,21,111,208,319,7,1,-43,0,-88,21,5,81,236,2
23999,3.13,Z,12,5,82,0,255,39,106,0,T,15,0,108,0,366,39,126,6,0,3,-5,26,0,111,0,20,6
24000,7.56,P,42,0,354,0,617,154,100,5,Z,48,0,189,0,63,85,158,3,0,6,0,-165,0,-554,-69,58,-2
24001,9.27,P,30,3,662,0,6,74,77,0,T,53,5,766,0,20,69,110,0,1,23,2,104,0,14,-5,33,0
24002,4.36,P,19,0,179,0,1,84,38,3,P,26,1,158,0,1,91,55,0,0,7,1,-21,0,0,7,17,-3
24003,4.37,P,23,0,223,0,73,171,34,5,P,21,0,173,0,0,53,36,2,1,-2,0,-50,0,-73,-118,2,-3
24004,9.59,P,28,2,546,0,7,187,89,0,P,39,0,548,0,5,233,96,3,0,11,-2,2,0,-2,46,7,3
24005,9.34,P,77,0,415,0,416,380,146,11,Z,60,0,525,0,75,236,428,10,0,-17,0,110,0,-341,-144,282,-1
24006,6.47,P,26,0,346,0,351,89,287,7,T,122,0,268,0,296,242,80,6,1,96,0,-78,0,-55,153,-207,-1
24007,9.46,Z,71,12,714,0,97,491,279,5,P,71,1,419,0,221,344,177,6,0,0,-11,-295,0,124,-147,-102,1
24008,10.47,T,97,3,625,0,3,291,153,0,P,108,0,456,0,630,450,111,12,1,11,-3,-169,0,627,159,-42,12
24009,9.59,T,101,0,293,0,415,235,143,17,T,93,2,963,0,666,255,131,11,0,-8,2,670,0,251,20,-12,-6
24010,9.03,Z,99,19,526,0,558,326,310,11,Z,136,13,314,11,546,312,378,23,1,37,-6,-212,11,-12,-14,68,12
24011,0.55,T,3,1,27,0,0,0,3,0,T,4,0,22,0,10,25,3,3,1,1,-1,-5,0,10,25,0,3
24012,6.45,T,39,9,467,0,6,66,80,0,P,32,0,567,0,109,140,100,3,0,-7,-9,100,0,103,74,20,3
24013,9.59,Z,54,4,470,0,66,247,189,1,T,89,4,355,1,187,210,100,3,0,35,0,-115,1,121,-37,-89,2
24014,7.08,T,52,5,286,0,246,120,55,4,Z,32,3,358,0,56,97,108,1,0,-20,-2,72,0,-190,-23,53,-3
24015,8.27,Z,59,10,287,0,16,78,197,0,T,68,0,462,0,291,229,141,6,1,9,-10,175,0,275,151,-56,6
24016,9,Z,62,12,534,0,71,252,233,1,T,58,0,659,0,21,125,87,5,1,-4,-12,125,0,-50,-127,-146,4
24017,9.59,P,57,11,778,0,443,304,173,0,Z,73,0,653,0,228,167,359,2,1,16,-11,-125,0,-215,-137,186,2
24018,10.25,Z,126,0,370,29,406,398,559,6,T,170,0,763,0,181,292,136,10,0,44,0,393,-29,-225,-106,-423,4
24019,8.03,T,80,1,423,0,409,269,168,8,Z,57,5,357,0,426,263,296,4,1,-23,4,-66,0,17,-6,128,-4
24020,8.47,Z,52,0,525,0,143,227,308,10,T,67,0,676,0,30,112,98,4,1,15,0,151,0,-113,-115,-210,-6
24021,3.47,T,18,0,321,0,14,11,15,3,T,14,1,282,0,82,88,64,1,0,-4,1,-39,0,68,77,49,-2
24022,9.59,P,86,0,482,0,476,260,129,24,T,140,16,562,0,849,263,183,13,0,54,16,80,0,373,3,54,-11
24023,3.04,Z,18,1,83,0,193,86,157,2,Z,9,0,189,5,16,50,47,1,1,-9,-1,106,5,-177,-36,-110,-1
24024,9.59,P,44,0,706,0,5,224,138,2,T,54,0,549,0,12,102,135,7,1,10,0,-157,0,7,-122,-3,5
24025,9.59,Z,73,0,802,0,33,108,185,4,P,42,4,715,0,6,95,71,0,1,-31,4,-87,0,-27,-13,-114,-4
24026,9.58,P,56,0,567,0,0,198,136,9,T,52,0,638,0,0,142,123,1,1,-4,0,71,0,0,-56,-13,-8
24027,9.51,P,56,0,524,0,9,263,125,1,T,74,7,590,0,105,212,112,12,0,18,7,66,0,96,-51,-13,11
24028,4.2,P,17,2,180,0,8,42,18,0,T,15,0,346,0,7,29,28,3,0,-2,-2,166,0,-1,-13,10,3
24029,8.41,P,77,0,377,0,84,347,61,13,P,65,0,352,0,235,349,163,13,0,-12,0,-25,0,151,2,102,0
24030,6.12,T,31,0,145,0,7,54,42,1,P,27,1,277,0,13,139,35,3,0,-4,1,132,0,6,85,-7,2
24031,8.14,T,44,0,745,0,15,38,71,6,P,50,12,376,0,343,90,273,5,0,6,12,-369,0,328,52,202,-1
24032,9.59,T,81,0,769,0,89,271,266,5,T,82,6,481,0,78,217,83,13,1,1,6,-288,0,-11,-54,-183,8
24033,9.12,T,67,3,741,0,483,136,254,1,P,67,1,366,0,757,161,117,13,0,0,-2,-375,0,274,25,-137,12
24034,8.58,T,41,0,582,0,6,45,80,6,P,56,1,327,0,76,138,125,10,1,15,1,-255,0,70,93,45,4
24035,3.32,P,17,0,120,0,14,40,26,1,Z,15,0,151,2,16,182,70,3,0,-2,0,31,2,2,142,44,2
24036,9.58,T,104,0,616,0,32,154,106,8,Z,61,9,435,0,27,249,187,2,0,-43,9,-181,0,-5,95,81,-6
24037,9.58,T,54,0,554,0,1,79,90,4,T,47,1,286,1,11,61,78,5,1,-7,1,-268,1,10,-18,-12,1
24038,5.11,Z,23,1,359,0,46,81,90,1,T,24,0,308,0,71,22,128,3,1,1,-1,-51,0,25,-59,38,2
24039,9.11,Z,70,11,429,0,106,295,271,0,T,95,5,634,0,450,166,140,17,1,25,-6,205,0,344,-129,-131,17
24040,3.19,P,16,0,160,0,33,166,22,11,T,15,0,132,0,347,62,78,3,1,-1,0,-28,0,314,-104,56,-8
24041,9.46,Z,49,5,529,0,417,112,175,1,P,76,0,458,0,94,224,152,12,1,27,-5,-71,0,-323,112,-23,11
24042,9.59,T,142,0,379,0,1043,461,139,18,Z,143,0,575,119,851,337,946,11,1,1,0,196,119,-192,-124,807,-7
24043,9.01,Z,61,0,377,0,51,66,153,4,Z,67,0,411,0,176,163,294,12,1,6,0,34,0,125,97,141,8
24044,5.58,Z,28,0,273,0,1,69,210,1,P,41,0,301,0,388,193,110,4,1,13,0,28,0,387,124,-100,3
24045,5.36,Z,26,4,225,0,27,69,74,0,T,25,0,207,7,115,119,146,1,0,-1,-4,-18,7,88,50,72,1
24046,4,P,34,0,141,0,25,99,57,6,P,20,0,418,0,321,96,65,3,0,-14,0,277,0,296,-3,8,-3
24047,8.59,T,95,4,505,2,621,260,183,7,T,30,0,594,0,0,235,67,0,0,-65,-4,89,-2,-621,-25,-116,-7
24048,3.06,P,13,0,255,0,8,29,12,1,P,8,0,65,0,0,34,18,1,1,-5,0,-190,0,-8,5,6,0
24049,4.19,Z,21,0,86,5,248,108,283,0,T,29,0,217,0,179,58,71,4,1,8,0,131,-5,-69,-50,-212,4
24050,9.59,Z,74,0,436,0,169,177,252,8,P,73,3,424,22,93,163,137,2,1,-1,3,-12,22,-76,-14,-115,-6
24051,7.13,T,33,0,328,0,0,75,72,0,T,53,0,429,0,7,92,108,3,1,20,0,101,0,7,17,36,3
24052,9.59,T,26,0,471,0,0,149,98,1,T,41,0,429,0,6,65,75,2,1,15,0,-42,0,6,-84,-23,1
24053,8.59,Z,48,1,488,0,320,313,209,10,Z,79,0,449,0,60,307,223,3,1,31,-1,-39,0,-260,-6,14,-7
24054,5.27,T,35,0,284,0,8,56,115,9,T,44,0,292,0,374,108,81,3,1,9,0,8,0,366,52,-34,-6
24055,9.59,Z,90,5,440,0,94,299,224,22,T,101,0,526,0,111,195,159,3,1,11,-5,86,0,17,-104,-65,-19
24056,8.51,T,90,0,422,0,90,239,109,7,P,56,3,217,0,50,137,51,5,0,-34,3,-205,0,-40,-102,-58,-2
24057,6.07,P,32,0,181,0,6,73,55,5,T,33,0,269,0,9,86,55,4,1,1,0,88,0,3,13,0,-1
24058,9.03,P,26,0,548,0,0,47,54,0,P,33,2,568,0,2,47,45,0,0,7,2,20,0,2,0,-9,0
24059,4.12,T,38,0,176,0,404,109,127,9,Z,34,0,304,0,332,132,145,11,0,-4,0,128,0,-72,23,18,2
24060,9.59,T,120,6,1039,0,369,367,197,10,Z,92,6,589,0,105,309,366,12,1,-28,0,-450,0,-264,-58,169,2
24061,7.23,T,38,5,608,0,11,137,61,2,P,21,0,269,0,1,60,32,0,0,-17,-5,-339,0,-10,-77,-29,-2
24062,8.51,P,43,2,610,0,14,181,64,3,T,33,0,395,0,7,123,71,5,0,-10,-2,-215,0,-7,-58,7,2
24063,6.21,Z,35,3,319,0,3,98,149,1,Z,26,4,291,0,6,143,83,0,1,-9,1,-28,0,3,45,-66,-1
24064,9.59,P,67,0,457,0,11,342,187,8,T,93,0,536,0,74,265,171,5,1,26,0,79,0,63,-77,-16,-3
24065,9.59,T,87,8,744,0,43,276,159,2,T,82,6,461,0,672,130,110,7,0,-5,-2,-283,0,629,-146,-49,5
24066,6.06,Z,45,6,388,0,164,114,250,0,Z,27,3,176,2,38,136,122,3,1,-18,-3,-212,2,-126,22,-128,3
24067,9.59,Z,62,0,496,0,19,82,188,3,T,74,0,709,0,11,174,108,6,0,12,0,213,0,-8,92,-80,3
24068,6.23,T,57,1,349,0,212,220,70,7,P,55,0,215,0,186,158,148,7,0,-2,-1,-134,0,-26,-62,78,0
24069,9.59,Z,66,2,691,0,226,283,371,2,T,73,0,947,0,89,291,150,5,0,7,-2,256,0,-137,8,-221,3
24070,6.4,T,38,1,507,0,67,92,54,6,T,36,2,257,0,48,117,56,2,0,-2,1,-250,0,-19,25,2,-4
24071,9.59,Z,59,5,626,0,47,149,206,0,T,60,0,467,0,86,223,211,11,0,1,-5,-159,0,39,74,5,11
24072,9.59,Z,82,0,328,0,41,259,298,1,T,73,6,1042,4,267,219,103,1,0,-9,6,714,4,226,-40,-195,0
24073,8.25,Z,28,0,573,0,7,136,93,0,Z,32,9,214,0,106,252,240,0,0,4,9,-359,0,99,116,147,0
24074,4.32,P,10,0,60,0,0,21,22,0,P,23,0,91,0,0,29,30,0,1,13,0,31,0,0,8,8,0
24075,10.01,T,91,5,632,0,353,324,177,8,P,85,0,574,0,552,449,154,30,1,-6,-5,-58,0,199,125,-23,22
24076,3.35,Z,20,0,144,0,5,26,81,0,Z,12,3,69,0,9,45,62,0,0,-8,3,-75,0,4,19,-19,0
24077,9.57,P,87,8,623,0,206,263,101,5,P,60,0,552,0,251,352,93,9,1,-27,-8,-71,0,45,89,-8,4
24078,9.59,Z,31,0,497,0,12,134,105,8,P,33,0,679,0,0,70,51,0,1,2,0,182,0,-12,-64,-54,-8
24079,3.54,T,23,0,208,0,34,71,61,7,Z,25,0,93,0,0,29,130,0,1,2,0,-115,0,-34,-42,69,-7
24080,5.17,T,16,0,316,0,0,38,28,0,P,19,0,249,0,0,10,27,0,1,3,0,-67,0,0,-28,-1,0
24081,0,Z,0,0,1,0,0,0,0,0,T,9,0,69,0,111,41,96,3,1,9,0,68,0,111,41,96,3
24082,5.27,T,40,2,433,0,190,169,107,4,T,44,0,83,0,162,86,245,4,1,4,-2,-350,0,-28,-83,138,0
24083,3.34,P,19,0,266,0,39,132,18,3,P,14,1,186,0,0,44,25,0,0,-5,1,-80,0,-39,-88,7,-3
24084,1.06,Z,2,0,94,0,11,6,14,0,P,2,4,53,0,4,19,26,1,0,0,4,-41,0,-7,13,12,1
24085,7.09,Z,37,10,337,0,59,117,145,0,P,59,1,141,0,64,296,70,8,1,22,-9,-196,0,5,179,-75,8
24086,8.16,P,91,6,527,0,269,246,139,7,T,75,0,383,0,317,199,127,2,0,-16,-6,-144,0,48,-47,-12,-5
24087,6.58,T,50,4,575,0,36,96,79,2,Z,54,0,325,0,74,109,144,12,0,4,-4,-250,0,38,13,65,10
24088,5.45,Z,42,6,395,1,405,218,136,1,T,58,8,240,0,150,166,97,0,1,16,2,-155,-1,-255,-52,-39,-1
24089,9.59,T,72,0,627,0,15,190,112,2,T,58,1,649,0,97,201,159,2,1,-14,1,22,0,82,11,47,0
24090,3.36,P,18,1,178,0,65,62,35,3,Z,23,1,176,1,386,84,78,2,1,5,0,-2,1,321,22,43,-1
24091,9.59,Z,83,4,384,0,565,205,320,5,T,77,5,793,0,71,197,213,0,0,-6,1,409,0,-494,-8,-107,-5
24092,9.54,T,48,0,712,5,21,137,108,0,P,43,1,423,0,5,90,75,0,0,-5,1,-289,-5,-16,-47,-33,0
24093,9.58,T,46,0,828,0,38,195,111,5,P,42,1,462,0,11,134,46,0,1,-4,1,-366,0,-27,-61,-65,-5
24094,1.37,Z,6,0,45,0,3,22,27,2,T,6,0,99,0,4,35,7,0,1,0,0,54,0,1,13,-20,-2
24095,10.51,T,91,0,580,0,50,255,510,9,Z,86,0,387,0,140,218,311,3,1,-5,0,-193,0,90,-37,-199,-6
24096,10.39,T,77,5,784,0,93,168,97,11,Z,72,13,260,0,53,143,168,3,0,-5,8,-524,0,-40,-25,71,-8
24097,6.33,Z,53,1,454,4,128,137,186,0,P,76,0,275,0,49,270,82,13,0,23,-1,-179,-4,-79,133,-104,13
24098,6.43,T,50,0,464,0,451,141,45,15,P,41,6,246,0,405,160,139,4,0,-9,6,-218,0,-46,19,94,-11
24099,1.5,Z,6,0,14,0,1,8,29,1,Z,7,1,17,0,476,19,66,4,1,1,1,3,0,475,11,37,3
24100,10.19,P,75,0,384,0,139,229,53,19,P,59,6,365,0,55,254,114,4,1,-16,6,-19,0,-84,25,61,-15
24101,9.58,Z,66,9,1080,0,77,265,240,1,Z,75,6,418,0,113,169,243,9,0,9,-3,-662,0,36,-96,3,8
24102,8.14,T,75,0,739,0,35,242,117,3,T,68,0,548,0,219,180,198,24,1,-7,0,-191,0,184,-62,81,21
24103,8.46,T,37,0,470,0,0,165,63,0,T,45,0,578,0,7,172,105,3,1,8,0,108,0,7,7,42,3
24104,5.14,T,31,0,238,0,53,42,35,4,T,20,5,180,0,0,11,42,0,0,-11,5,-58,0,-53,-31,7,-4
24105,2.05,T,17,0,82,0,84,27,26,5,T,8,0,66,0,218,33,45,4,1,-9,0,-16,0,134,6,19,-1
24106,5.27,P,6,0,375,0,0,15,19,0,T,35,0,256,0,9,51,92,3,1,29,0,-119,0,9,36,73,3
24107,10.51,T,74,8,737,0,19,156,98,2,T,67,10,925,0,14,294,94,0,1,-7,2,188,0,-5,138,-4,-2
24108,6.04,T,43,0,598,0,34,123,43,6,P,38,2,289,0,5,150,62,0,1,-5,2,-309,0,-29,27,19,-6
24109,9.25,T,54,4,626,0,24,76,90,3,T,47,0,373,0,19,84,59,5,1,-7,-4,-253,0,-5,8,-31,2
24110,10.35,P,48,3,933,0,30,47,45,0,Z,37,0,384,0,0,220,154,0,0,-11,-3,-549,0,-30,173,109,0
24111,5.32,T,23,0,422,0,0,29,41,0,Z,22,1,189,0,47,56,166,3,1,-1,1,-233,0,47,27,125,3
24112,9.59,T,55,0,818,0,0,149,143,0,T,70,4,385,0,30,118,61,0,1,15,4,-433,0,30,-31,-82,0
24113,7.4,P,70,0,322,0,250,276,158,6,T,71,0,491,0,164,277,100,9,1,1,0,169,0,-86,1,-58,3
24114,7.4,P,44,0,392,0,3,161,99,2,T,58,0,512,0,7,162,179,2,0,14,0,120,0,4,1,80,0
24115,4.07,T,20,0,212,0,9,25,28,1,Z,12,0,85,0,13,18,45,1,1,-8,0,-127,0,4,-7,17,0
24116,6.12,Z,20,0,66,0,16,21,69,0,T,17,0,433,0,0,10,31,0,0,-3,0,367,0,-16,-11,-38,0
24117,7.09,P,38,1,489,0,28,171,84,0,T,44,3,451,0,34,177,42,5,0,6,2,-38,0,6,6,-42,5
24118,5.47,Z,27,1,161,0,182,155,295,4,T,57,0,223,0,389,141,180,11,1,30,-1,62,0,207,-14,-115,7
24119,9.59,P,34,0,803,0,4,150,59,5,Z,73,0,801,0,50,159,235,5,1,39,0,-2,0,46,9,176,0
24120,1.41,T,11,3,45,0,75,53,17,1,Z,7,0,143,0,19,19,38,1,0,-4,-3,98,0,-56,-34,21,0
24121,4.52,P,41,0,294,0,131,218,103,2,T,36,0,271,0,590,97,53,5,1,-5,0,-23,0,459,-121,-50,3
24122,7.59,T,73,0,580,0,84,302,90,8,T,57,4,476,0,78,227,99,5,1,-16,4,-104,0,-6,-75,9,-3
24123,9.59,Z,64,4,467,0,396,350,338,6,Z,69,5,343,0,48,142,180,2,0,5,1,-124,0,-348,-208,-158,-4
24124,4.41,Z,19,0,294,0,20,17,81,0,Z,15,0,34,0,2,21,46,2,0,-4,0,-260,0,-18,4,-35,2
24125,9.59,T,46,0,379,0,0,52,69,0,T,41,0,773,0,2,23,52,1,1,-5,0,394,0,2,-29,-17,1
24126,9.41,Z,48,0,427,12,123,566,263,14,Z,68,0,307,0,160,458,332,7,1,20,0,-120,-12,37,-108,69,-7
24127,9.59,P,139,0,476,0,472,363,137,18,P,73,6,597,0,162,319,196,8,0,-66,6,121,0,-310,-44,59,-10
24128,9.59,Z,43,1,244,0,10,96,165,1,Z,53,4,448,0,119,171,152,11,0,10,3,204,0,109,75,-13,10
24129,2.46,Z,6,0,54,0,0,32,39,0,T,13,1,159,0,2,7,24,1,1,7,1,105,0,2,-25,-15,1
24130,8.02,Z,57,0,326,0,365,187,199,9,P,54,1,416,0,248,247,184,2,0,-3,1,90,0,-117,60,-15,-7
24131,10.25,P,72,5,562,0,25,191,101,0,Z,62,0,949,0,392,316,233,8,0,-10,-5,387,0,367,125,132,8
24132,7.46,T,51,0,853,0,0,44,102,0,Z,25,0,354,0,0,27,78,0,0,-26,0,-499,0,0,-17,-24,0
24133,5.09,Z,40,0,245,50,290,135,302,1,Z,42,0,329,9,166,103,198,2,0,2,0,84,-41,-124,-32,-104,1
24134,9.55,T,48,0,460,0,3,195,181,2,T,55,0,451,0,60,42,37,5,0,7,0,-9,0,57,-153,-144,3
24135,4.4,P,22,2,282,0,60,103,99,3,T,19,0,315,0,93,119,36,6,1,-3,-2,33,0,33,16,-63,3
24136,9.59,Z,89,13,271,0,234,370,311,0,Z,92,20,668,0,483,251,256,3,0,3,7,397,0,249,-119,-55,3
24137,4.31,T,35,0,255,0,71,125,133,9,Z,22,0,270,5,402,108,80,0,1,-13,0,15,5,331,-17,-53,-9
24138,6.13,Z,29,1,420,0,15,160,126,2,P,43,0,524,0,31,258,77,3,1,14,-1,104,0,16,98,-49,1
24139,8.27,P,45,1,495,0,410,248,299,4,Z,49,3,506,0,78,231,276,0,0,4,2,11,0,-332,-17,-23,-4
24140,9.41,P,90,9,648,2,415,225,128,4,P,77,0,792,0,89,526,58,23,1,-13,-9,144,-2,-326,301,-70,19
24141,2.56,P,8,3,30,0,149,21,87,0,P,10,0,121,0,5,12,15,2,0,2,-3,91,0,-144,-9,-72,2
24142,9.59,T,59,0,852,0,109,151,69,6,Z,45,0,620,0,0,243,196,0,0,-14,0,-232,0,-109,92,127,-6
24143,9.59,T,131,5,654,0,324,357,124,6,T,73,0,448,0,89,120,126,6,0,-58,-5,-206,0,-235,-237,2,0
24144,5.2,T,41,3,414,0,303,92,148,3,Z,24,0,169,0,16,29,90,1,1,-17,-3,-245,0,-287,-63,-58,-2
24145,5.53,T,47,0,373,0,143,91,101,6,P,41,0,262,0,4,109,83,5,1,-6,0,-111,0,-139,18,-18,-1
24146,9.05,T,82,0,623,0,117,218,91,13,Z,61,0,512,7,380,156,379,0,0,-21,0,-111,7,263,-62,288,-13
24147,9.58,P,40,3,351,0,40,140,90,1,T,64,0,711,0,4,56,86,1,0,24,-3,360,0,-36,-84,-4,0
24148,8.25,Z,38,0,303,0,0,158,123,0,Z,57,0,458,0,130,337,174,11,1,19,0,155,0,130,179,51,11
24149,9,Z,61,0,408,0,0,106,413,0,T,85,1,396,0,130,186,142,10,1,24,1,-12,0,130,80,-271,10
24150,6.33,T,26,0,590,0,1,80,80,2,P,22,0,84,0,3,28,35,1,0,-4,0,-506,0,2,-52,-45,-1
24151,9.52,P,52,4,500,0,34,140,74,5,P,51,0,739,0,41,69,71,5,0,-1,-4,239,0,7,-71,-3,0
24152,9.11,Z,60,3,306,0,499,204,214,3,Z,58,8,423,0,90,121,222,0,0,-2,5,117,0,-409,-83,8,-3
24153,9.59,T,123,5,381,0,347,280,242,3,Z,86,0,735,0,181,255,353,9,0,-37,-5,354,0,-166,-25,111,6
24154,9.59,Z,63,9,490,0,93,248,243,10,P,62,0,416,0,47,165,74,9,0,-1,-9,-74,0,-46,-83,-169,-1
24155,5.3,Z,27,3,431,0,178,119,245,0,Z,40,7,138,4,55,151,144,8,0,13,4,-293,4,-123,32,-101,8
24156,8.24,T,75,10,294,0,519,172,205,10,T,60,0,798,0,58,103,61,7,0,-15,-10,504,0,-461,-69,-144,-3
24157,9.4,Z,68,3,295,0,138,180,264,9,T,108,5,664,0,723,313,165,18,1,40,2,369,0,585,133,-99,9
24158,7.53,T,66,0,243,0,565,214,194,13,T,44,3,563,0,34,194,98,1,0,-22,3,320,0,-531,-20,-96,-12
24159,7.04,T,61,12,370,0,76,119,100,4,T,40,0,322,0,0,50,60,1,1,-21,-12,-48,0,-76,-69,-40,-3
24160,9.59,P,49,10,858,0,25,92,64,0,Z,58,2,425,0,36,260,269,2,0,9,-8,-433,0,11,168,205,2
24161,10.46,T,51,0,493,0,22,96,95,8,Z,47,0,795,0,8,212,189,2,0,-4,0,302,0,-14,116,94,-6
24162,3.01,T,10,0,65,0,0,12,18,1,T,14,0,74,0,0,8,16,0,0,4,0,9,0,0,-4,-2,-1
24163,6,T,42,6,220,0,44,98,55,1,P,26,0,327,0,4,38,41,1,0,-16,-6,107,0,-40,-60,-14,0
24164,4.28,T,13,0,372,0,0,43,26,2,Z,14,0,402,0,0,45,47,0,1,1,0,30,0,0,2,21,-2
24165,9.47,P,25,0,484,0,0,54,53,0,T,51,4,732,0,4,49,83,1,1,26,4,248,0,4,-5,30,1
24166,9.59,P,83,4,510,0,136,168,66,11,P,84,6,884,0,33,204,95,2,0,1,2,374,0,-103,36,29,-9
24167,2.55,T,9,0,121,0,60,78,40,3,Z,12,0,129,0,8,64,26,2,0,3,0,8,0,-52,-14,-14,-1
24168,9.59,P,54,17,736,0,552,175,72,3,Z,43,0,500,0,25,89,150,7,0,-11,-17,-236,0,-527,-86,78,4
24169,7.39,Z,40,5,642,0,59,132,119,9,Z,51,0,201,0,91,307,213,6,1,11,-5,-441,0,32,175,94,-3
24170,3.58,P,15,1,159,0,6,83,119,1,T,25,0,263,0,65,69,52,6,1,10,-1,104,0,59,-14,-67,5
24171,6.16,T,44,0,240,0,58,128,48,3,T,31,2,346,0,6,227,51,3,0,-13,2,106,0,-52,99,3,0
24172,9.58,P,67,1,649,0,36,289,75,4,T,65,4,579,0,82,237,93,1,0,-2,3,-70,0,46,-52,18,-3
24173,9.59,Z,92,2,408,0,265,279,310,13,P,97,2,333,0,431,452,64,14,1,5,0,-75,0,166,173,-246,1
24174,9.53,P,57,0,664,0,77,258,144,9,P,66,0,474,0,19,282,202,10,1,9,0,-190,0,-58,24,58,1
24175,5.04,Z,19,3,242,0,19,14,53,0,T,27,0,237,0,3,40,54,6,1,8,-3,-5,0,-16,26,1,6
24176,9.58,P,39,0,849,0,4,156,59,7,T,71,0,213,0,42,238,168,5,0,32,0,-636,0,38,82,109,-2
24177,10.55,T,125,9,669,0,52,218,138,0,Z,90,6,455,0,97,273,270,7,0,-35,-3,-214,0,45,55,132,7
24178,9.59,T,168,0,505,0,318,343,212,15,Z,124,4,520,0,457,262,414,10,1,-44,4,15,0,139,-81,202,-5
24179,7.48,T,64,5,388,0,65,305,134,4,T,68,5,342,0,376,250,121,17,0,4,0,-46,0,311,-55,-13,13
24180,6.29,Z,33,0,347,0,0,98,92,0,T,62,0,447,0,24,105,68,3,1,29,0,100,0,24,7,-24,3
24181,5.02,P,38,0,347,0,23,114,68,15,T,35,4,250,0,215,140,104,2,0,-3,4,-97,0,192,26,36,-13
24182,4.53,P,35,0,292,0,185,169,36,5,Z,23,4,254,0,30,72,74,0,0,-12,4,-38,0,-155,-97,38,-5
24183,9.59,T,123,0,601,0,393,279,221,24,P,95,0,460,0,64,281,226,14,0,-28,0,-141,0,-329,2,5,-10
24184,9.59,Z,45,0,461,0,29,102,157,15,Z,26,0,678,0,31,159,122,8,0,-19,0,217,0,2,57,-35,-7
24185,8.47,Z,36,3,270,0,90,215,211,1,P,41,2,484,0,84,141,71,4,1,5,-1,214,0,-6,-74,-140,3
24186,3.55,Z,14,1,136,0,12,16,34,1,T,19,1,132,0,10,81,32,1,1,5,0,-4,0,-2,65,-2,0
24187,9.58,T,64,0,328,0,0,201,218,1,T,64,13,809,0,31,196,101,0,1,0,13,481,0,31,-5,-117,-1
24188,5.25,T,20,1,564,0,3,110,51,3,T,28,2,253,0,2,63,51,0,1,8,1,-311,0,-1,-47,0,-3
24189,4.21,P,14,0,302,0,50,112,55,1,Z,14,0,230,0,18,34,76,1,1,0,0,-72,0,-32,-78,21,0
24190,10,Z,69,0,253,0,0,62,169,0,T,73,0,1165,0,54,132,99,4,1,4,0,912,0,54,70,-70,4
24191,1.52,T,8,0,58,0,0,5,9,0,Z,5,0,54,0,1,5,21,1,0,-3,0,-4,0,1,0,12,1
24192,8.14,Z,59,0,429,0,23,107,146,1,P,45,0,712,0,18,208,141,3,0,-14,0,283,0,-5,101,-5,2
24193,2.02,P,7,0,82,0,0,11,6,0,P,5,1,64,0,40,62,5,3,1,-2,1,-18,0,40,51,-1,3
24194,5.18,P,34,2,248,0,61,168,64,5,P,20,0,267,0,13,136,115,1,0,-14,-2,19,0,-48,-32,51,-4
24195,10.15,Z,63,8,634,0,348,212,433,7,Z,79,5,388,0,306,198,310,11,0,16,-3,-246,0,-42,-14,-123,4
24196,6.03,P,34,0,428,0,271,79,42,13,Z,41,2,260,0,198,244,241,3,0,7,2,-168,0,-73,165,199,-10
24197,9.59,Z,68,0,595,0,281,197,180,17,T,90,7,521,0,288,222,145,9,0,22,7,-74,0,7,25,-35,-8
24198,9.38,T,50,0,405,0,26,103,79,6,T,55,0,329,0,24,239,62,4,1,5,0,-76,0,-2,136,-17,-2
24199,9.58,T,67,2,572,0,17,278,155,5,P,31,0,476,0,12,84,70,2,1,-36,-2,-96,0,-5,-194,-85,-3
24200,9.59,T,115,10,602,0,428,211,214,12,Z,75,0,280,0,96,216,262,5,1,-40,-10,-322,0,-332,5,48,-7
24201,9.59,Z,71,1,499,0,47,175,219,1,Z,79,10,298,0,424,202,206,5,0,8,9,-201,0,377,27,-13,4
24202,7.29,T,19,0,520,0,0,20,42,2,P,35,4,590,0,19,26,52,0,1,16,4,70,0,19,6,10,-2
24203,10.39,T,89,0,801,0,138,181,248,10,P,111,12,424,12,426,339,233,0,1,22,12,-377,12,288,158,-15,-10
24204,4.26,T,28,0,126,0,36,65,20,6,P,28,2,69,0,109,161,90,0,0,0,2,-57,0,73,96,70,-6
24205,8.08,T,53,5,636,0,3,189,83,0,T,48,0,577,0,26,58,69,4,1,-5,-5,-59,0,23,-131,-14,4
24206,9.59,P,85,6,365,0,136,246,195,1,P,38,0,598,0,12,148,109,1,0,-47,-6,233,0,-124,-98,-86,0
24207,9.59,T,82,1,466,0,697,262,180,9,Z,86,4,639,0,182,218,229,12,1,4,3,173,0,-515,-44,49,3
24208,5.14,Z,30,5,160,0,51,80,95,1,Z,38,6,186,0,338,155,113,5,0,8,1,26,0,287,75,18,4
24209,10.57,P,104,0,1189,0,85,374,132,15,T,124,3,501,0,96,299,182,8,0,20,3,-688,0,11,-75,50,-7
24210,10.21,P,62,2,379,0,22,125,76,1,Z,55,1,741,0,1132,159,131,5,0,-7,-1,362,0,1110,34,55,4
24211,6.21,Z,40,6,302,0,110,132,158,2,Z,38,3,273,0,54,62,99,0,1,-2,-3,-29,0,-56,-70,-59,-2
24212,9.59,T,112,3,513,0,155,372,238,2,Z,61,0,358,0,277,289,228,16,1,-51,-3,-155,0,122,-83,-10,14
24213,9.56,T,56,0,486,0,45,75,78,7,P,34,0,106,0,0,24,52,0,0,-22,0,-380,0,-45,-51,-26,-7
24214,7.37,T,23,0,329,0,0,113,47,0,P,35,4,305,0,19,52,34,0,0,12,4,-24,0,19,-61,-13,0
24215,6.07,P,27,0,333,0,3,54,33,6,Z,32,2,277,0,607,69,123,5,1,5,2,-56,0,604,15,90,-1
24216,3.53,T,29,5,341,0,231,91,118,8,P,30,5,159,0,217,78,60,0,1,1,0,-182,0,-14,-13,-58,-8
24217,8,Z,79,0,381,0,63,297,181,6,Z,72,3,374,0,58,190,200,32,0,-7,3,-7,0,-5,-107,19,26
24218,5.23,P,22,1,391,0,28,68,25,4,Z,25,0,530,0,62,46,105,3,0,3,-1,139,0,34,-22,80,-1
24219,9.51,Z,97,0,648,0,189,423,615,5,T,114,5,359,0,514,322,270,12,1,17,5,-289,0,325,-101,-345,7
24220,2.31,Z,5,0,137,0,52,40,61,1,P,15,0,120,0,8,92,10,1,0,10,0,-17,0,-44,52,-51,0
24221,5.35,T,40,3,293,0,211,136,65,2,Z,24,6,194,0,179,138,201,3,0,-16,3,-99,0,-32,2,136,1
24222,9.47,Z,93,0,486,0,336,206,269,11,T,87,0,695,0,62,248,89,26,0,-6,0,209,0,-274,42,-180,15
24223,3.59,P,18,0,232,0,0,46,32,0,P,12,0,399,0,0,19,29,0,1,-6,0,167,0,0,-27,-3,0
24224,4.13,T,9,0,23,0,0,0,12,0,Z,19,0,240,0,16,5,54,4,1,10,0,217,0,16,5,42,4
24225,6.36,T,82,0,346,0,559,129,257,17,Z,66,1,341,0,285,332,270,11,0,-16,1,-5,0,-274,203,13,-6
24226,7.57,T,17,0,446,0,0,119,57,0,P,28,2,331,0,287,168,137,2,1,11,2,-115,0,287,49,80,2
24227,9.59,P,77,2,377,0,460,320,137,11,Z,85,0,447,0,88,149,261,11,1,8,-2,70,0,-372,-171,124,0
24228,7.05,P,35,6,351,0,27,89,27,0,P,16,0,303,0,0,37,30,1,1,-19,-6,-48,0,-27,-52,3,1
24229,9.59,Z,66,6,645,0,69,182,221,6,T,83,5,674,0,180,295,130,1,0,17,-1,29,0,111,113,-91,-5
24230,5.03,P,21,0,141,0,1,58,38,0,Z,21,0,306,0,30,158,171,2,1,0,0,165,0,29,100,133,2
24231,9.59,T,100,0,638,0,683,242,204,13,P,57,0,438,0,544,256,123,13,1,-43,0,-200,0,-139,14,-81,0
24232,9.59,T,38,0,756,0,17,146,68,7,Z,80,3,519,0,112,284,238,7,1,42,3,-237,0,95,138,170,0
24233,9.47,Z,134,12,461,1,300,372,438,16,T,179,0,584,0,676,307,312,24,0,45,-12,123,-1,376,-65,-126,8
24234,9.59,Z,71,0,491,0,129,199,361,9,P,100,0,838,0,383,215,119,19,0,29,0,347,0,254,16,-242,10
24235,9.59,T,47,0,629,0,66,40,52,5,Z,48,2,501,0,16,25,122,0,0,1,2,-128,0,-50,-15,70,-5
24236,9.38,T,55,5,324,0,53,134,90,4,T,58,0,554,0,8,185,92,13,0,3,-5,230,0,-45,51,2,9
24237,9.58,T,46,2,173,0,1,67,67,0,Z,50,8,241,0,60,139,131,4,1,4,6,68,0,59,72,64,4
24238,9.59,Z,74,0,699,0,109,198,264,17,T,63,0,302,0,29,183,90,5,1,-11,0,-397,0,-80,-15,-174,-12
24239,2.39,T,16,2,248,0,176,83,53,3,P,9,0,96,0,4,83,73,5,1,-7,-2,-152,0,-172,0,20,2
24240,9.58,Z,44,0,186,0,4,36,145,3,P,68,2,457,0,263,483,89,6,1,24,2,271,0,259,447,-56,3
24241,7.41,T,57,3,230,0,298,175,273,7,T,54,4,623,0,109,147,163,3,1,-3,1,393,0,-189,-28,-110,-4
24242,4.06,P,19,0,277,0,1,50,26,3,T,25,2,392,0,0,94,64,1,0,6,2,115,0,-1,44,38,-2
24243,9.58,P,63,3,267,0,727,176,84,7,T,66,0,486,2,15,98,85,7,0,3,-3,219,2,-712,-78,1,0
24244,6.59,Z,43,0,261,0,63,79,202,2,P,51,0,452,0,60,169,154,8,0,8,0,191,0,-3,90,-48,6
24245,5.14,P,21,0,287,0,2,54,41,1,Z,17,1,310,0,25,54,58,1,0,-4,1,23,0,23,0,17,0
24246,6.08,T,43,0,296,0,180,168,142,6,T,50,0,242,0,415,163,63,14,1,7,0,-54,0,235,-5,-79,8
24247,0.25,P,1,0,43,0,4,7,6,2,Z,2,0,15,0,83,9,19,2,1,1,0,-28,0,79,2,13,0
24248,4.46,T,42,0,146,0,380,87,159,8,Z,23,0,174,0,237,115,154,9,0,-19,0,28,0,-143,28,-5,1
24249,9.59,T,71,7,540,0,91,183,99,12,T,79,0,335,0,60,255,233,17,1,8,-7,-205,0,-31,72,134,5
24250,10.52,Z,51,2,420,0,22,28,112,1,T,71,0,882,0,53,57,78,4,1,20,-2,462,0,31,29,-34,3
24251,9.59,Z,60,8,524,0,198,193,268,0,P,71,13,473,0,42,247,58,0,0,11,5,-51,0,-156,54,-210,0
24252,8.02,Z,45,1,318,0,27,101,138,3,P,35,0,510,0,9,77,65,2,0,-10,-1,192,0,-18,-24,-73,-1
24253,9.59,Z,57,0,443,2,51,266,241,8,P,67,1,457,0,45,191,171,8,0,10,1,14,-2,-6,-75,-70,0
24254,3.15,Z,11,0,55,2,17,20,53,0,Z,12,0,166,0,2,24,50,1,1,1,0,111,-2,-15,4,-3,1
24255,2.47,P,17,0,169,0,183,140,62,1,P,11,0,159,0,33,77,100,2,1,-6,0,-10,0,-150,-63,38,1
24256,8.54,P,34,0,457,0,2,171,105,5,P,49,1,536,0,35,153,87,8,1,15,1,79,0,33,-18,-18,3
24257,9.59,P,46,0,343,0,24,214,58,9,P,31,0,767,0,0,38,56,0,0,-15,0,424,0,-24,-176,-2,-9
24258,7.37,T,54,0,394,0,104,130,72,6,Z,44,4,628,0,57,135,132,7,1,-10,4,234,0,-47,5,60,1
24259,4.49,T,30,7,328,0,19,81,28,0,Z,21,2,440,0,25,47,56,0,0,-9,-5,112,0,6,-34,28,0
24260,7.21,T,53,6,325,0,475,94,166,5,T,44,0,377,0,113,168,92,3,0,-9,-6,52,0,-362,74,-74,-2
24261,9.59,T,74,0,1075,0,0,95,131,0,P,51,0,815,0,6,350,222,3,1,-23,0,-260,0,6,255,91,3
24262,9.59,T,153,7,385,0,878,355,238,13,Z,109,10,470,0,396,250,333,1,1,-44,3,85,0,-482,-105,95,-12
24263,9.49,P,54,12,365,1,37,153,110,2,P,48,0,650,0,415,147,48,17,0,-6,-12,285,-1,378,-6,-62,15
24264,10.32,Z,69,0,686,0,237,208,344,3,Z,66,0,556,0,489,162,269,8,0,-3,0,-130,0,252,-46,-75,5
24265,9.59,T,84,5,831,0,167,121,148,4,Z,54,6,237,0,108,65,207,7,1,-30,1,-594,0,-59,-56,59,3
24266,9.59,Z,59,19,324,1,68,193,182,10,Z,49,0,238,0,84,63,148,11,1,-10,-19,-86,-1,16,-130,-34,1
24267,9.58,P,34,0,258,0,9,29,61,4,P,39,4,370,0,5,195,35,0,0,5,4,112,0,-4,166,-26,-4
24268,5.15,Z,29,5,498,0,37,70,130,0,Z,21,0,153,0,58,83,181,3,0,-8,-5,-345,0,21,13,51,3
24269,9.59,T,78,0,432,0,32,155,172,8,Z,78,6,381,0,313,164,296,4,0,0,6,-51,0,281,9,124,-4
24270,9.58,T,50,0,627,0,3,167,89,1,T,46,0,787,0,23,188,68,6,0,-4,0,160,0,20,21,-21,5
24271,10.57,Z,51,4,953,0,30,179,134,2,P,75,4,428,0,234,153,73,2,1,24,0,-525,0,204,-26,-61,0
24272,3.57,Z,15,1,64,0,15,64,76,3,Z,24,3,216,0,16,92,142,0,0,9,2,152,0,1,28,66,-3
24273,3.2,P,21,0,100,0,175,89,44,12,T,15,0,187,0,362,65,83,16,0,-6,0,87,0,187,-24,39,4
24274,9.1,P,114,3,719,0,444,291,192,12,T,110,0,453,0,614,194,226,14,0,-4,-3,-266,0,170,-97,34,2
24275,3.41,P,12,0,209,0,0,9,17,0,Z,11,1,139,0,94,35,58,3,1,-1,1,-70,0,94,26,41,3
24276,5.21,T,85,0,237,0,515,252,158,15,Z,22,2,180,0,12,65,226,2,0,-63,2,-57,0,-503,-187,68,-13
24277,9.58,P,61,0,457,0,64,275,108,4,T,62,4,569,0,9,188,107,0,1,1,4,112,0,-55,-87,-1,-4
24278,9,P,54,0,510,0,12,159,66,1,Z,42,5,453,0,58,62,147,2,0,-12,5,-57,0,46,-97,81,1
24279,9.59,T,62,0,895,0,28,55,82,3,T,96,0,462,0,319,155,158,17,0,34,0,-433,0,291,100,76,14
24280,9.3,T,103,0,469,0,471,382,146,11,Z,73,5,544,2,621,294,236,0,0,-30,5,75,2,150,-88,90,-11
24281,5.3,T,29,5,254,0,256,103,59,0,Z,25,4,250,0,33,98,108,1,1,-4,-1,-4,0,-223,-5,49,1
24282,9.2,Z,51,8,608,0,75,165,175,8,T,73,2,657,0,55,343,76,2,0,22,-6,49,0,-20,178,-99,-6
24283,9.59,Z,90,12,471,6,286,438,347,0,T,127,6,340,0,489,241,151,7,1,37,-6,-131,-6,203,-197,-196,7
24284,6.54,P,31,3,556,0,8,133,71,0,Z,49,0,231,0,25,210,213,4,0,18,-3,-325,0,17,77,142,4
24285,7.21,Z,44,7,498,1,76,192,131,0,P,45,0,338,0,8,169,78,3,0,1,-7,-160,-1,-68,-23,-53,3
24286,7.14,Z,32,2,738,0,153,51,238,0,T,40,7,512,0,16,102,48,1,1,8,5,-226,0,-137,51,-190,1
24287,0.46,T,1,0,15,0,0,1,5,0,T,4,3,63,0,0,12,7,0,1,3,3,48,0,0,11,2,0
24288,8.36,T,41,1,467,0,3,112,110,1,Z,41,0,583,0,7,159,241,1,1,0,-1,116,0,4,47,131,0
24289,9.59,T,84,13,731,0,75,157,89,1,T,70,1,676,0,38,132,122,3,0,-14,-12,-55,0,-37,-25,33,2
24290,2.42,P,12,0,71,0,145,60,39,4,P,10,0,190,0,3,134,42,3,1,-2,0,119,0,-142,74,3,-1
24291,9.15,Z,62,6,535,0,92,165,186,2,T,80,0,351,0,32,121,134,2,0,18,-6,-184,0,-60,-44,-52,0
24292,7.08,Z,72,4,453,0,73,150,198,9,Z,39,0,475,8,45,161,133,1,1,-33,-4,22,8,-28,11,-65,-8
24293,5.3,P,24,0,429,0,5,98,52,3,Z,23,0,191,0,2,79,94,5,0,-1,0,-238,0,-3,-19,42,2
24294,2.47,T,15,7,72,0,53,69,60,0,P,4,0,102,0,0,55,13,0,0,-11,-7,30,0,-53,-14,-47,0
24295,4.13,T,34,0,310,0,384,105,90,12,T,34,0,153,0,529,128,124,4,0,0,0,-157,0,145,23,34,-8
24296,2.05,Z,10,0,24,0,229,17,38,3,Z,8,1,43,0,9,29,39,1,0,-2,1,19,0,-220,12,1,-2
24297,9.58,P,47,0,375,0,49,208,60,11,T,36,0,463,0,10,113,111,2,1,-11,0,88,0,-39,-95,51,-9
24298,3.43,Z,12,0,93,0,21,10,49,1,T,15,1,62,0,2,34,30,0,0,3,1,-31,0,-19,24,-19,-1
24299,9.59,T,100,2,688,0,290,318,122,6,T,129,3,398,0,206,269,296,6,1,29,1,-290,0,-84,-49,174,0
24300,9.59,Z,72,0,231,0,147,341,309,13,Z,81,0,584,0,44,323,547,4,0,9,0,353,0,-103,-18,238,-9
24301,9.08,T,82,3,742,0,341,269,124,4,P,73,7,821,0,179,232,79,9,1,-9,4,79,0,-162,-37,-45,5
24302,6,T,38,3,171,0,8,43,54,0,P,35,5,285,0,267,119,20,1,0,-3,2,114,0,259,76,-34,1
24303,6.58,T,53,4,245,3,312,153,114,3,P,40,1,368,0,159,131,312,6,1,-13,-3,123,-3,-153,-22,198,3
24304,6.31,P,31,0,364,13,68,190,137,0,P,20,0,472,0,4,91,44,3,0,-11,0,108,-13,-64,-99,-93,3
24305,9.59,T,72,0,465,0,110,238,294,7,T,119,6,856,0,606,400,183,8,0,47,6,391,0,496,162,-111,1
24306,10.28,P,71,0,345,0,604,344,119,11,T,98,0,546,0,54,123,164,9,1,27,0,201,0,-550,-221,45,-2
24307,8.27,Z,30,0,597,0,0,89,115,0,P,34,0,418,0,2,181,109,2,1,4,0,-179,0,2,92,-6,2
24308,9.59,T,95,1,376,0,124,194,159,10,T,72,3,588,0,28,345,194,4,0,-23,2,212,0,-96,151,35,-6
24309,9.59,Z,49,3,692,0,29,132,189,2,T,54,0,505,0,13,60,78,5,0,5,-3,-187,0,-16,-72,-111,3
24310,10.48,P,48,0,322,0,5,118,81,3,P,40,2,613,0,11,69,80,2,1,-8,2,291,0,6,-49,-1,-1
24311,2.52,Z,10,0,58,0,0,18,57,1,Z,11,0,18,0,13,6,37,0,1,1,0,-40,0,13,-12,-20,-1
24312,6.2,T,31,3,445,0,218,93,38,1,Z,30,0,481,0,532,226,247,6,0,-1,-3,36,0,314,133,209,5
24313,3.29,Z,9,0,228,0,1,43,38,1,P,8,0,100,0,0,19,13,0,1,-1,0,-128,0,-1,-24,-25,-1
24314,6.1,Z,30,0,276,5,39,108,87,0,Z,38,6,382,0,35,32,95,2,0,8,6,106,-5,-4,-76,8,2
24315,4.29,Z,19,6,105,0,41,117,58,1,Z,13,3,157,0,1,70,69,0,0,-6,-3,52,0,-40,-47,11,-1
24316,7.15,T,21,1,257,0,2,80,87,3,Z,31,1,378,0,22,60,98,4,0,10,0,121,0,20,-20,11,1
24317,9.58,T,77,0,373,0,9,188,162,12,T,72,0,350,0,29,126,103,3,0,-5,0,-23,0,20,-62,-59,-9
24318,9.59,T,49,0,417,0,0,78,89,0,T,76,0,419,0,9,174,140,5,1,27,0,2,0,9,96,51,5
24319,9.58,P,42,8,679,0,237,182,68,3,T,52,0,409,0,0,93,83,1,0,10,-8,-270,0,-237,-89,15,-2
24320,6.5,T,36,0,466,0,37,92,97,2,P,50,0,334,0,334,202,174,9,1,14,0,-132,0,297,110,77,7
24321,9.59,Z,61,0,619,0,45,143,192,6,T,72,4,477,0,9,99,113,2,1,11,4,-142,0,-36,-44,-79,-4
24322,4.06,Z,19,2,238,0,404,39,72,4,Z,31,0,133,0,163,72,90,3,1,12,-2,-105,0,-241,33,18,-1
24323,9.54,T,106,8,326,0,308,240,95,4,Z,54,9,277,0,36,61,185,2,0,-52,1,-49,0,-272,-179,90,-2
24324,8.37,Z,69,1,628,0,21,287,379,3,T,90,4,598,0,295,276,127,7,0,21,3,-30,0,274,-11,-252,4
24325,4.05,Z,21,0,183,0,7,26,54,1,T,22,0,267,0,0,37,35,0,0,1,0,84,0,-7,11,-19,-1
24326,10.25,P,81,6,592,0,32,264,88,5,Z,86,7,555,0,278,426,499,3,1,5,1,-37,0,246,162,411,-2
24327,6.3,T,54,0,417,0,35,103,52,7,Z,20,0,579,0,4,216,140,3,0,-34,0,162,0,-31,113,88,-4
24328,0.19,T,0,0,11,0,0,1,1,6,Z,2,0,8,0,0,14,6,1,1,2,0,-3,0,0,13,5,-5
24329,5.31,Z,22,1,320,0,16,54,72,5,P,28,1,258,0,18,196,46,3,0,6,0,-62,0,2,142,-26,-2
24330,6.28,T,30,0,281,0,9,202,91,7,P,35,3,233,0,25,208,158,6,1,5,3,-48,0,16,6,67,-1
24331,9.58,Z,48,1,703,0,6,121,207,0,T,42,8,797,0,18,116,85,1,0,-6,7,94,0,12,-5,-122,1
24332,8.14,T,50,4,417,0,37,123,91,3,T,38,0,507,0,118,35,33,6,1,-12,-4,90,0,81,-88,-58,3
24333,6.54,Z,34,4,108,0,55,51,100,0,T,45,0,624,0,4,123,51,2,1,11,-4,516,0,-51,72,-49,2
24334,8.57,T,91,7,521,0,385,183,207,6,Z,71,12,613,0,420,218,212,1,1,-20,5,92,0,35,35,5,-5
24335,5.28,P,17,0,210,0,2,59,18,1,P,20,3,256,3,57,81,63,0,1,3,3,46,3,55,22,45,-1
24336,10.02,T,33,0,318,0,0,34,67,0,T,34,0,477,0,0,78,102,0,1,1,0,159,0,0,44,35,0
24337,3.22,P,13,0,166,0,0,31,15,0,T,10,0,139,0,5,48,22,2,1,-3,0,-27,0,5,17,7,2
24338,3.56,Z,21,0,208,0,320,65,88,3,Z,22,6,193,0,18,97,93,0,1,1,6,-15,0,-302,32,5,-3
24339,6.12,P,23,0,115,0,0,73,36,0,T,36,3,208,0,107,402,82,7,0,13,3,93,0,107,329,46,7
24340,9.59,Z,88,3,442,0,265,292,348,13,T,120,4,576,0,656,294,264,13,1,32,1,134,0,391,2,-84,0
24341,9.59,Z,54,1,611,0,17,136,159,0,Z,55,0,526,0,25,167,172,1,0,1,-1,-85,0,8,31,13,1
24342,9.59,T,80,2,475,0,137,301,128,2,Z,71,2,255,0,27,246,304,3,1,-9,0,-220,0,-110,-55,176,1
24343,5.22,P,29,1,428,0,16,150,41,2,P,31,0,273,0,2,133,36,3,0,2,-1,-155,0,-14,-17,-5,1
24344,4.44,Z,30,0,216,0,0,137,75,0,Z,14,4,132,0,8,109,50,0,1,-16,4,-84,0,8,-28,-25,0
24345,6.45,P,45,4,465,0,293,117,162,9,P,52,0,494,0,262,167,57,7,1,7,-4,29,0,-31,50,-105,-2
24346,10.26,P,84,0,564,0,79,143,86,15,Z,69,0,582,0,48,202,320,15,0,-15,0,18,0,-31,59,234,0
24347,10.55,P,38,0,715,0,5,113,95,3,Z,73,0,395,0,60,165,199,11,1,35,0,-320,0,55,52,104,8
24348,9.57,P,47,0,520,0,5,137,118,3,T,69,0,415,0,458,239,141,8,1,22,0,-105,0,453,102,23,5
24349,3.11,T,12,1,299,0,14,35,13,3,P,11,0,93,0,12,57,28,4,1,-1,-1,-206,0,-2,22,15,1
24350,10.2,T,68,2,646,15,536,138,143,0,Z,80,0,552,0,106,154,255,4,1,12,-2,-94,-15,-430,16,112,4
24351,10.21,T,53,0,820,0,20,75,79,6,T,73,0,682,0,26,151,177,7,1,20,0,-138,0,6,76,98,1
24352,9.59,Z,76,1,443,0,207,270,401,4,P,58,1,894,0,38,352,104,6,1,-18,0,451,0,-169,82,-297,2
24353,5.44,P,25,0,409,0,91,68,138,5,P,22,1,452,0,6,55,37,0,0,-3,1,43,0,-85,-13,-101,-5
24354,7.36,T,45,0,537,0,45,154,117,5,Z,44,2,234,0,17,80,153,2,1,-1,2,-303,0,-28,-74,36,-3
24355,8.16,P,45,0,635,0,121,161,101,4,Z,46,3,479,0,17,125,147,0,1,1,3,-156,0,-104,-36,46,-4
24356,6.32,Z,26,0,481,0,5,105,130,0,Z,27,0,240,0,0,47,112,0,1,1,0,-241,0,-5,-58,-18,0
24357,9.59,Z,63,0,413,0,117,248,244,12,Z,64,2,502,0,280,171,172,7,0,1,2,89,0,163,-77,-72,-5
24358,4.48,Z,24,2,222,0,80,178,177,4,T,54,2,179,0,316,186,61,4,1,30,0,-43,0,236,8,-116,0
24359,6.29,Z,48,0,260,0,184,131,207,7,P,41,5,575,0,111,155,52,1,0,-7,5,315,0,-73,24,-155,-6
24360,9.22,Z,51,4,308,0,75,133,176,0,P,49,4,577,0,141,106,52,4,1,-2,0,269,0,66,-27,-124,4
24361,5.43,T,56,0,220,0,140,144,84,8,T,16,2,585,0,0,29,53,0,0,-40,2,365,0,-140,-115,-31,-8
24362,9.59,Z,106,0,839,0,108,391,253,8,Z,70,7,1043,0,235,489,329,13,1,-36,7,204,0,127,98,76,5
24363,9.19,P,63,0,713,0,60,226,104,7,Z,42,7,401,0,213,242,332,0,0,-21,7,-312,0,153,16,228,-7
24364,3.39,T,24,2,63,0,176,48,126,3,Z,17,0,236,0,98,92,133,4,1,-7,-2,173,0,-78,44,7,1
24365,8.15,T,60,0,555,0,18,53,89,2,T,50,3,557,0,36,107,69,5,1,-10,3,2,0,18,54,-20,3
24366,9.59,T,53,0,1067,0,12,389,121,2,Z,73,15,331,0,128,373,262,2,0,20,15,-736,0,116,-16,141,0
24367,9.59,Z,100,8,404,0,703,247,310,11,P,103,0,468,0,776,319,173,29,1,3,-8,64,0,73,72,-137,18
24368,3.54,P,23,0,149,0,324,202,91,5,T,23,1,67,0,313,45,157,6,1,0,1,-82,0,-11,-157,66,1
24369,8.13,Z,36,0,348,0,0,110,157,0,Z,49,0,481,0,471,275,323,4,0,13,0,133,0,471,165,166,4
24370,4.11,Z,17,1,103,0,20,50,69,1,Z,19,0,50,0,54,26,59,5,0,2,-1,-53,0,34,-24,-10,4
24371,3.27,P,16,0,180,0,5,17,15,2,P,16,0,177,0,3,55,18,2,0,0,0,-3,0,-2,38,3,0
24372,9.59,T,86,2,476,0,940,340,283,21,T,92,4,396,0,1158,202,210,6,0,6,2,-80,0,218,-138,-73,-15
24373,9.59,Z,79,0,468,0,262,161,312,8,T,87,6,974,0,37,220,173,4,1,8,6,506,0,-225,59,-139,-4
24374,3.08,Z,10,1,43,0,121,19,32,3,Z,10,0,117,0,10,46,38,2,0,0,-1,74,0,-111,27,6,-1
24375,10.55,T,91,0,712,0,23,248,109,5,Z,62,17,753,10,142,161,293,4,0,-29,17,41,10,119,-87,184,-1
24376,5.53,P,35,0,294,0,418,166,47,15,P,46,1,235,0,532,124,38,8,1,11,1,-59,0,114,-42,-9,-7
24377,9.58,Z,52,6,410,0,79,317,148,2,Z,50,2,520,0,20,121,153,0,0,-2,-4,110,0,-59,-196,5,-2
24378,9.54,T,111,0,546,0,395,262,207,8,Z,43,10,428,0,54,176,250,3,0,-68,10,-118,0,-341,-86,43,-5
24379,10.36,T,107,15,509,0,706,360,287,9,T,113,0,650,0,498,365,234,24,1,6,-15,141,0,-208,5,-53,15
24380,10.4,T,33,0,795,0,5,40,43,0,T,45,1,565,0,4,35,56,0,1,12,1,-230,0,-1,-5,13,0
24381,8.57,T,96,0,1089,0,526,289,164,3,P,68,0,487,0,1304,173,102,10,0,-28,0,-602,0,778,-116,-62,7
24382,9.06,P,35,0,627,0,0,37,56,0,P,57,2,371,0,41,230,85,7,0,22,2,-256,0,41,193,29,7
24383,9.59,P,33,0,311,0,0,65,53,0,T,50,0,863,0,0,236,115,0,0,17,0,552,0,0,171,62,0
24384,7.25,P,51,3,360,0,108,118,100,4,Z,65,2,249,0,333,164,219,11,1,14,-1,-111,0,225,46,119,7
24385,9.55,Z,61,14,304,1,43,105,208,1,P,73,7,338,0,42,201,121,1,1,12,-7,34,-1,-1,96,-87,0
24386,10.44,T,102,1,536,0,62,239,193,3,T,74,3,559,0,128,278,84,7,1,-28,2,23,0,66,39,-109,4
24387,4.04,P,20,0,163,1,52,44,13,0,Z,21,2,177,0,51,96,128,1,1,1,2,14,-1,-1,52,115,1
24388,4.01,P,17,0,291,0,0,78,51,1,T,26,0,209,0,135,68,81,4,0,9,0,-82,0,135,-10,30,3
24389,9.58,P,37,0,375,0,23,44,34,4,P,40,0,589,0,8,30,52,3,0,3,0,214,0,-15,-14,18,-1
24390,9.28,T,51,0,534,0,0,28,89,0,Z,40,0,482,0,0,142,171,0,0,-11,0,-52,0,0,114,82,0
24391,8.39,T,51,0,514,0,10,190,101,3,P,52,1,619,0,25,197,113,3,1,1,1,105,0,15,7,12,0
24392,9.59,Z,77,0,543,0,192,211,345,7,P,74,0,511,0,80,205,78,4,0,-3,0,-32,0,-112,-6,-267,-3
24393,9.59,T,79,1,686,0,21,278,163,7,Z,57,6,279,2,52,119,201,1,0,-22,5,-407,2,31,-159,38,-6
24394,9.59,T,68,0,599,0,376,237,367,8,T,81,0,354,0,228,226,227,16,0,13,0,-245,0,-148,-11,-140,8
24395,9.59,Z,52,4,404,0,42,173,195,5,Z,54,3,652,0,29,232,186,4,0,2,-1,248,0,-13,59,-9,-1
24396,10.23,P,19,0,552,0,0,32,54,0,T,47,0,493,0,37,38,45,4,0,28,0,-59,0,37,6,-9,4
24397,8.13,T,42,0,705,0,6,115,60,3,Z,39,5,257,0,129,132,178,2,0,-3,5,-448,0,123,17,118,-1
24398,5.59,P,14,0,91,0,4,44,27,2,Z,27,0,172,0,3,166,76,2,0,13,0,81,0,-1,122,49,0
24399,10.41,P,75,2,481,0,44,170,85,0,T,112,0,391,0,134,209,221,4,1,37,-2,-90,0,90,39,136,4
24400,1.49,Z,5,0,53,0,0,54,21,0,Z,3,0,26,0,0,15,19,0,0,-2,0,-27,0,0,-39,-2,0
24401,9.5,T,67,0,601,11,76,203,110,0,T,64,5,727,0,2,251,158,6,0,-3,5,126,-11,-74,48,48,6
24402,3.35,Z,26,0,109,0,6,113,62,1,T,12,0,208,0,7,70,101,4,0,-14,0,99,0,1,-43,39,3
24403,3.25,Z,22,0,54,0,74,137,138,2,P,14,1,370,0,203,96,69,2,0,-8,1,316,0,129,-41,-69,0
24404,9.57,Z,50,0,387,0,43,155,170,12,P,26,0,208,0,0,89,53,1,0,-24,0,-179,0,-43,-66,-117,-11
24405,9.59,T,81,0,538,0,93,183,107,9,T,66,0,442,0,24,141,98,7,1,-15,0,-96,0,-69,-42,-9,-2
24406,8.25,Z,53,9,960,0,92,216,150,2,P,37,1,521,0,7,111,48,1,1,-16,-8,-439,0,-85,-105,-102,-1
24407,9.59,P,98,3,898,0,748,390,157,9,Z,113,7,591,0,289,341,356,16,0,15,4,-307,0,-459,-49,199,7
24408,9.36,P,84,0,694,0,304,344,148,12,Z,58,0,409,0,94,131,209,10,0,-26,0,-285,0,-210,-213,61,-2
24409,5.46,T,30,0,382,0,16,134,55,2,T,23,0,108,0,275,77,66,1,0,-7,0,-274,0,259,-57,11,-1
24410,3.15,T,16,2,190,0,10,37,43,1,Z,13,2,48,0,45,29,43,2,1,-3,0,-142,0,35,-8,0,1
24411,9.59,Z,46,1,564,0,6,83,190,0,Z,40,9,276,0,37,42,120,0,0,-6,8,-288,0,31,-41,-70,0
24412,10,P,81,3,605,9,137,301,127,1,Z,82,0,516,0,99,148,320,4,1,1,-3,-89,-9,-38,-153,193,3
24413,7.07,Z,35,5,133,0,49,59,125,4,T,41,1,232,0,3,20,77,0,1,6,-4,99,0,-46,-39,-48,-4
24414,2.16,Z,8,0,132,0,0,45,21,0,T,7,1,186,0,0,25,13,0,1,-1,1,54,0,0,-20,-8,0
24415,6.49,P,57,2,227,0,21,204,92,2,T,56,0,398,0,122,76,155,5,1,-1,-2,171,0,101,-128,63,3
24416,9.59,P,123,0,551,0,495,520,225,23,Z,153,13,427,0,1222,474,374,22,1,30,13,-124,0,727,-46,149,-1
24417,9.59,T,78,0,465,0,65,162,85,15,Z,49,0,388,0,54,157,241,4,0,-29,0,-77,0,-11,-5,156,-11
24418,4.24,P,15,0,93,0,17,20,17,1,P,14,4,348,0,1,103,100,0,1,-1,4,255,0,-16,83,83,-1
24419,5.25,T,37,1,411,0,701,190,150,13,T,27,0,510,0,35,168,60,6,0,-10,-1,99,0,-666,-22,-90,-7
24420,8.58,Z,55,4,358,0,53,92,143,0,Z,73,23,333,0,48,173,267,2,1,18,19,-25,0,-5,81,124,2
24421,9.59,P,69,10,349,0,27,152,78,1,Z,50,1,502,0,35,115,192,1,1,-19,-9,153,0,8,-37,114,0
24422,10.39,T,92,0,719,0,329,203,118,11,P,82,0,419,0,137,286,65,15,1,-10,0,-300,0,-192,83,-53,4
24423,0.16,T,1,0,34,0,8,2,3,9,Z,1,1,0,0,0,1,4,0,1,0,1,-34,0,-8,-1,1,-9
24424,10.3,T,116,0,635,0,70,315,142,14,Z,87,14,805,0,49,212,244,0,0,-29,14,170,0,-21,-103,102,-14
24425,9.58,T,97,1,818,0,124,274,103,6,Z,85,3,728,0,422,266,292,10,0,-12,2,-90,0,298,-8,189,4
24426,9.54,T,76,1,797,0,66,235,167,4,T,89,0,609,0,349,234,113,21,1,13,-1,-188,0,283,-1,-54,17
24427,8.32,Z,83,8,343,0,502,281,270,19,T,88,0,454,0,320,350,175,15,1,5,-8,111,0,-182,69,-95,-4
24428,9.59,Z,70,0,449,0,167,136,342,3,Z,55,0,441,0,31,151,167,5,1,-15,0,-8,0,-136,15,-175,2
24429,8.45,T,49,0,801,0,0,75,103,0,P,36,0,511,0,0,157,62,0,0,-13,0,-290,0,0,82,-41,0
24430,5.24,T,53,3,286,0,367,181,83,6,T,42,0,317,0,70,114,58,6,0,-11,-3,31,0,-297,-67,-25,0
24431,5.11,T,22,0,252,0,0,57,48,0,P,20,3,227,0,10,84,52,2,1,-2,3,-25,0,10,27,4,2
24432,7.16,T,79,2,292,3,294,138,121,2,P,94,5,334,0,449,298,205,7,1,15,3,42,-3,155,160,84,5
24433,9.55,Z,76,2,512,0,894,162,267,29,P,65,0,559,0,268,180,78,14,1,-11,-2,47,0,-626,18,-189,-15
24434,1.39,P,9,0,45,0,215,33,26,5,T,6,0,122,0,0,19,12,0,1,-3,0,77,0,-215,-14,-14,-5
24435,6.06,T,43,6,422,0,236,152,125,2,P,35,1,414,0,39,145,74,0,0,-8,-5,-8,0,-197,-7,-51,-2
24436,10.52,P,65,0,922,0,25,127,67,4,Z,85,10,643,1,49,158,251,0,1,20,10,-279,1,24,31,184,-4
24437,3.12,Z,16,1,91,0,88,35,62,6,P,14,4,159,0,23,30,12,0,1,-2,3,68,0,-65,-5,-50,-6
24438,9.59,Z,84,2,841,0,92,220,224,0,T,126,0,590,4,147,183,116,8,0,42,-2,-251,4,55,-37,-108,8
24439,4.56,T,21,2,426,0,231,75,137,2,P,34,0,299,0,17,124,27,0,0,13,-2,-127,0,-214,49,-110,-2
24440,8,Z,49,0,482,0,77,214,179,12,T,119,2,358,0,193,388,65,12,1,70,2,-124,0,116,174,-114,0
24441,9.59,T,116,0,494,0,728,403,335,14,Z,75,10,409,2,504,207,432,1,1,-41,10,-85,2,-224,-196,97,-13
24442,5.46,Z,33,2,234,0,116,96,202,0,T,32,2,276,0,9,134,57,2,1,-1,0,42,0,-107,38,-145,2
24443,9.59,Z,62,0,735,0,0,353,232,0,T,57,0,368,0,40,123,139,4,1,-5,0,-367,0,40,-230,-93,4
24444,8.55,T,64,0,471,0,0,103,112,1,T,66,4,920,0,53,58,62,0,0,2,4,449,0,53,-45,-50,-1
24445,9.59,T,138,0,554,0,145,473,240,13,Z,78,0,325,0,68,261,378,3,0,-60,0,-229,0,-77,-212,138,-10
24446,4.44,T,24,0,73,0,15,54,25,4,Z,18,0,314,0,6,49,64,1,1,-6,0,241,0,-9,-5,39,-3
24447,8.54,Z,59,4,302,0,1162,265,274,1,Z,92,0,347,40,371,223,410,5,0,33,-4,45,40,-791,-42,136,4
24448,9.12,P,63,0,489,0,525,322,76,8,T,85,4,542,0,307,212,127,8,1,22,4,53,0,-218,-110,51,0
24449,9.1,P,64,0,403,0,101,217,252,3,T,96,5,624,4,106,190,159,8,0,32,5,221,4,5,-27,-93,5
24450,10.09,Z,48,3,757,0,35,229,156,0,Z,57,12,617,0,209,227,229,0,1,9,9,-140,0,174,-2,73,0
24451,7.41,T,58,0,459,0,26,170,64,7,T,38,0,376,0,300,137,82,7,0,-20,0,-83,0,274,-33,18,0
24452,3.45,P,15,0,274,0,52,33,80,3,Z,15,0,58,0,3,29,62,2,1,0,0,-216,0,-49,-4,-18,-1
24453,5.37,Z,30,0,540,0,512,123,114,9,Z,29,0,222,0,26,154,93,5,0,-1,0,-318,0,-486,31,-21,-4
24454,9.48,T,25,0,524,0,3,78,49,1,T,41,2,587,0,11,188,93,0,1,16,2,63,0,8,110,44,-1
24455,9.22,T,88,0,447,0,118,191,105,7,T,84,0,709,0,53,471,151,8,1,-4,0,262,0,-65,280,46,1
24456,9.59,P,65,0,616,0,151,170,108,8,Z,80,0,263,0,955,221,602,5,0,15,0,-353,0,804,51,494,-3
24457,3.27,Z,10,0,180,0,229,22,168,3,T,13,3,157,0,6,38,17,0,0,3,3,-23,0,-223,16,-151,-3
24458,9.59,Z,48,8,986,0,36,118,120,5,P,50,0,665,0,28,318,63,6,1,2,-8,-321,0,-8,200,-57,1
24459,9.59,T,71,0,595,0,0,112,123,0,Z,53,0,706,0,0,84,180,0,1,-18,0,111,0,0,-28,57,0
24460,9.59,Z,97,0,277,0,56,285,217,14,Z,75,0,681,0,85,282,352,9,1,-22,0,404,0,29,-3,135,-5
24461,3.29,T,16,2,138,0,134,78,29,1,P,15,0,51,0,174,54,189,2,0,-1,-2,-87,0,40,-24,160,1
24462,5.44,Z,40,4,336,0,385,137,119,4,T,53,0,527,0,525,143,85,7,0,13,-4,191,0,140,6,-34,3
24463,3.32,P,10,0,93,0,0,76,20,0,Z,15,1,126,1,10,20,49,0,1,5,1,33,1,10,-56,29,0
24464,8.06,Z,51,0,360,0,2,97,167,2,P,44,0,520,0,14,206,91,1,1,-7,0,160,0,12,109,-76,-1
24465,8.56,T,97,0,327,0,386,363,197,7,T,113,0,648,0,106,258,96,9,0,16,0,321,0,-280,-105,-101,2
24466,5.18,Z,31,0,108,9,58,115,113,0,P,22,0,243,0,5,63,24,0,0,-9,0,135,-9,-53,-52,-89,0
24467,10.27,P,67,3,511,0,73,142,144,2,Z,50,0,645,0,0,107,209,0,0,-17,-3,134,0,-73,-35,65,-2
24468,9.59,Z,48,0,632,0,0,76,145,0,T,37,0,624,0,0,38,62,0,1,-11,0,-8,0,0,-38,-83,0
24469,1.12,P,4,0,48,0,0,18,39,1,P,7,1,15,0,0,23,12,0,1,3,1,-33,0,0,5,-27,-1
24470,7.4,Z,40,10,395,0,49,287,116,5,Z,49,0,184,0,31,239,143,2,0,9,-10,-211,0,-18,-48,27,-3
24471,5.12,T,66,0,172,0,271,215,174,4,Z,28,0,363,0,30,129,163,4,0,-38,0,191,0,-241,-86,-11,0
24472,9.3,P,57,0,657,0,18,180,75,2,T,54,0,719,0,1,177,122,0,0,-3,0,62,0,-17,-3,47,-2
24473,6.43,Z,50,0,300,0,200,213,381,4,Z,54,2,336,0,82,216,172,0,1,4,2,36,0,-118,3,-209,-4
24474,6.5,T,53,0,174,0,30,271,113,6,P,41,0,529,0,135,213,82,6,0,-12,0,355,0,105,-58,-31,0
24475,5.05,T,15,0,164,0,0,2,22,0,P,12,0,224,0,2,15,25,2,0,-3,0,60,0,2,13,3,2
24476,9.59,T,76,3,478,0,28,338,95,2,T,95,1,568,0,88,379,144,11,0,19,-2,90,0,60,41,49,9
24477,4.23,T,28,3,174,0,186,124,140,0,P,17,2,295,0,7,106,21,0,0,-11,-1,121,0,-179,-18,-119,0
24478,7.17,T,60,5,355,0,440,67,158,2,P,23,3,388,0,0,22,40,0,0,-37,-2,33,0,-440,-45,-118,-2
24479,10.14,Z,39,0,391,0,0,78,187,0,T,50,0,904,0,8,81,105,4,0,11,0,513,0,8,3,-82,4
24480,7.52,T,56,3,662,0,219,160,126,8,Z,64,0,326,0,46,160,208,6,1,8,-3,-336,0,-173,0,82,-2
24481,10.42,P,64,3,554,0,19,237,271,0,P,74,2,616,0,497,279,167,8,1,10,-1,62,0,478,42,-104,8
24482,6.54,Z,38,0,387,0,223,155,290,4,Z,36,3,306,0,148,191,127,1,1,-2,3,-81,0,-75,36,-163,-3
24483,5.29,P,32,0,252,3,20,99,57,0,T,52,2,246,0,270,159,80,9,1,20,2,-6,-3,250,60,23,9
24484,9.59,T,93,0,516,0,0,249,184,1,P,59,0,465,0,161,178,166,3,1,-34,0,-51,0,161,-71,-18,2
24485,6.48,Z,30,3,514,1,9,55,165,1,T,55,5,255,0,123,171,230,3,1,25,2,-259,-1,114,116,65,2
24486,9.38,T,74,0,627,0,55,193,142,5,P,96,3,381,0,97,261,105,14,1,22,3,-246,0,42,68,-37,9
24487,5.3,P,44,2,224,1,96,160,112,5,P,41,0,343,4,250,137,98,0,1,-3,-2,119,3,154,-23,-14,-5
24488,2.33,P,14,0,144,0,34,95,40,1,Z,6,0,190,0,5,46,29,1,1,-8,0,46,0,-29,-49,-11,0
24489,9.59,T,88,4,670,0,124,215,75,12,Z,75,10,515,0,155,317,493,12,1,-13,6,-155,0,31,102,418,0
24490,1.39,P,5,0,53,0,91,24,7,4,P,3,1,94,0,16,16,36,0,0,-2,1,41,0,-75,-8,29,-4
24491,9.57,T,54,0,780,0,0,83,100,2,P,42,0,544,0,3,145,90,1,0,-12,0,-236,0,3,62,-10,-1
24492,7.11,P,69,2,433,0,123,418,106,11,T,67,4,827,0,316,270,155,4,0,-2,2,394,0,193,-148,49,-7
24493,9.59,T,33,0,658,0,2,146,90,7,Z,38,1,801,0,1,126,165,3,1,5,1,143,0,-1,-20,75,-4
24494,4.53,T,40,0,288,0,116,90,31,2,Z,16,1,238,0,3,49,54,0,0,-24,1,-50,0,-113,-41,23,-2
24495,8.29,T,38,0,707,0,2,71,63,2,Z,42,5,282,0,25,91,131,2,1,4,5,-425,0,23,20,68,0
24496,9.58,P,48,6,646,0,426,194,59,3,T,56,0,610,0,0,226,113,1,0,8,-6,-36,0,-426,32,54,-2
24497,4.14,Z,16,1,104,0,21,39,76,0,T,23,0,224,0,20,98,31,1,0,7,-1,120,0,-1,59,-45,1
24498,9.59,P,64,0,693,0,60,126,71,14,Z,55,0,799,0,80,121,183,1,0,-9,0,106,0,20,-5,112,-13
24499,9.25,T,76,5,724,0,21,268,207,0,T,66,0,598,0,270,274,177,6,1,-10,-5,-126,0,249,6,-30,6
24500,7.14,Z,41,4,479,0,465,209,193,1,T,69,0,303,0,352,162,93,8,1,28,-4,-176,0,-113,-47,-100,7
24501,7.24,P,42,1,656,0,14,135,48,2,T,46,2,411,0,11,129,94,3,0,4,1,-245,0,-3,-6,46,1
24502,9.59,P,59,7,339,0,226,313,207,5,Z,68,7,688,2,135,123,173,0,0,9,0,349,2,-91,-190,-34,-5
24503,9.59,T,138,2,464,0,181,300,177,11,Z,67,1,452,0,52,295,170,1,0,-71,-1,-12,0,-129,-5,-7,-10
24504,9.59,P,125,0,619,0,521,275,118,23,Z,102,9,500,0,473,291,456,3,0,-23,9,-119,0,-48,16,338,-20
24505,4.29,T,17,0,241,0,2,32,45,4,P,26,4,270,0,148,174,239,0,1,9,4,29,0,146,142,194,-4
24506,7.23,T,47,0,440,0,29,26,66,4,P,39,0,256,0,41,85,53,7,0,-8,0,-184,0,12,59,-13,3
24507,9.59,T,20,0,191,0,0,21,37,1,P,25,2,316,0,4,75,47,1,0,5,2,125,0,4,54,10,0
24508,7.2,P,65,5,290,0,180,147,49,5,Z,58,4,325,0,366,182,276,7,0,-7,-1,35,0,186,35,227,2
24509,9.05,T,38,0,310,0,1,50,70,2,P,35,0,473,0,4,112,78,3,1,-3,0,163,0,3,62,8,1
24510,9.59,T,21,0,352,0,0,65,45,0,T,25,0,199,0,0,31,66,0,1,4,0,-153,0,0,-34,21,0
24511,4.55,P,30,3,460,0,248,48,27,2,P,27,0,117,0,66,84,120,3,0,-3,-3,-343,0,-182,36,93,1
24512,9.59,T,123,2,495,0,484,259,140,8,Z,68,3,407,0,151,358,368,8,0,-55,1,-88,0,-333,99,228,0
24513,5.29,T,30,4,312,0,19,122,83,8,T,31,0,276,0,983,61,31,3,1,1,-4,-36,0,964,-61,-52,-5
24514,3.11,Z,22,0,146,0,266,73,116,10,T,14,2,183,0,53,41,51,1,0,-8,2,37,0,-213,-32,-65,-9
24515,9.59,Z,79,12,458,1,147,184,276,1,Z,61,6,347,2,523,231,174,3,0,-18,-6,-111,1,376,47,-102,2
24516,10.29,Z,92,10,508,0,331,348,362,4,P,110,2,865,0,849,415,130,12,1,18,-8,357,0,518,67,-232,8
24517,10.28,P,52,1,349,0,27,146,84,8,P,57,0,590,0,1,123,102,1,1,5,-1,241,0,-26,-23,18,-7
24518,9.1,T,73,1,574,0,39,219,79,4,Z,44,10,635,0,20,60,151,1,1,-29,9,61,0,-19,-159,72,-3
24519,8.21,Z,58,0,307,0,89,215,197,7,Z,46,3,445,0,74,370,184,2,0,-12,3,138,0,-15,155,-13,-5
24520,9.19,T,68,3,605,0,23,130,94,1,Z,33,0,418,0,25,114,130,4,1,-35,-3,-187,0,2,-16,36,3
24521,2.13,Z,6,0,94,0,29,25,46,1,T,10,0,120,0,0,15,15,0,0,4,0,26,0,-29,-10,-31,-1
24522,9.59,T,54,0,444,0,1,25,75,4,Z,34,0,414,0,36,65,142,2,1,-20,0,-30,0,35,40,67,-2
24523,0,Z,0,0,1,0,0,0,0,0,Z,18,1,66,0,82,56,106,0,1,18,1,65,0,82,56,106,0
24524,9.59,T,112,5,710,0,926,248,144,2,Z,97,12,586,0,160,264,179,7,0,-15,7,-124,0,-766,16,35,5
24525,9,Z,46,0,280,0,12,69,138,7,Z,58,3,412,0,270,68,143,3,1,12,3,132,0,258,-1,5,-4
24526,8.25,T,56,3,547,0,19,363,81,0,P,53,2,352,0,41,188,42,5,0,-3,-1,-195,0,22,-175,-39,5
24527,9.23,P,51,0,390,0,16,193,76,3,Z,47,0,385,0,45,364,205,3,1,-4,0,-5,0,29,171,129,0
24528,9.59,T,68,0,1065,0,30,81,96,6,T,77,0,522,0,3,177,156,4,1,9,0,-543,0,-27,96,60,-2
24529,6.5,P,34,0,620,0,17,36,41,3,Z,52,5,140,0,29,89,131,1,1,18,5,-480,0,12,53,90,-2
24530,5.5,T,30,0,436,0,0,49,70,0,T,35,0,161,0,424,152,172,11,1,5,0,-275,0,424,103,102,11
24531,5,T,36,1,155,0,274,153,159,7,Z,23,3,302,3,467,153,92,1,1,-13,2,147,3,193,0,-67,-6
24532,9.58,T,50,0,483,0,38,180,87,11,T,76,0,815,0,21,300,151,5,0,26,0,332,0,-17,120,64,-6
24533,9.3,Z,64,0,675,0,57,186,220,8,T,62,2,559,0,39,250,87,4,0,-2,2,-116,0,-18,64,-133,-4
24534,5.4,T,40,4,147,0,114,88,80,7,T,15,0,184,0,0,34,48,0,1,-25,-4,37,0,-114,-54,-32,-7
24535,10.48,P,69,0,406,0,57,217,228,11,T,104,0,785,0,41,220,141,7,1,35,0,379,0,-16,3,-87,-4
24536,3.32,P,22,0,70,0,0,56,105,3,T,18,0,164,0,143,112,17,6,0,-4,0,94,0,143,56,-88,3
24537,4.24,T,30,1,214,0,87,108,48,3,Z,18,0,202,0,121,74,75,11,0,-12,-1,-12,0,34,-34,27,8
24538,5.1,P,19,0,175,0,2,202,43,2,P,23,0,196,0,192,114,166,4,1,4,0,21,0,190,-88,123,2
24539,5.31,P,14,0,290,0,3,204,28,3,P,23,0,135,0,0,95,36,2,1,9,0,-155,0,-3,-109,8,-1
24540,9.59,P,85,6,727,0,54,164,84,4,Z,59,14,222,0,43,124,174,0,0,-26,8,-505,0,-11,-40,90,-4
24541,9.59,Z,74,6,531,0,34,225,258,0,T,69,4,419,0,7,201,327,1,1,-5,-2,-112,0,-27,-24,69,1
24542,7.35,T,77,0,388,0,63,89,123,4,P,22,0,762,0,1,191,72,2,1,-55,0,374,0,-62,102,-51,-2
24543,5.22,P,16,0,175,0,0,43,23,0,P,19,0,225,0,2,16,28,2,1,3,0,50,0,2,-27,5,2
24544,7.25,Z,48,6,361,0,76,293,194,14,Z,38,3,419,0,128,192,224,8,1,-10,-3,58,0,52,-101,30,-6
24545,5.41,P,19,1,407,0,13,44,35,3,Z,22,0,323,0,7,46,108,9,1,3,-1,-84,0,-6,2,73,6
24546,9.58,P,67,1,437,0,63,105,74,3,T,66,0,637,0,34,44,64,5,0,-1,-1,200,0,-29,-61,-10,2
24547,7.27,P,48,0,498,0,13,140,61,4,P,25,1,239,0,8,92,63,0,0,-23,1,-259,0,-5,-48,2,-4
24548,9.16,Z,53,0,595,0,15,147,190,2,Z,49,0,534,0,441,169,483,9,0,-4,0,-61,0,426,22,293,7
24549,6.35,Z,30,0,410,0,15,135,113,2,Z,32,0,574,0,26,53,117,2,1,2,0,164,0,11,-82,4,0
24550,9.59,Z,60,11,412,0,80,160,220,2,T,113,0,421,0,645,222,260,16,1,53,-11,9,0,565,62,40,14
24551,9.59,T,61,0,330,0,166,192,117,4,P,46,1,420,0,40,341,114,2,1,-15,1,90,0,-126,149,-3,-2
24552,9.59,T,103,13,720,0,584,245,163,14,Z,83,0,514,25,379,205,346,2,1,-20,-13,-206,25,-205,-40,183,-12
24553,4.57,T,30,0,162,0,105,101,87,11,T,23,2,230,0,287,85,78,8,0,-7,2,68,0,182,-16,-9,-3
24554,6.43,P,19,0,475,0,0,33,20,0,P,23,0,161,0,9,25,34,3,1,4,0,-314,0,9,-8,14,3
24555,8.39,T,71,0,585,0,541,103,159,14,T,91,0,414,1,738,353,292,25,0,20,0,-171,1,197,250,133,11
24556,2.06,Z,5,0,35,0,0,27,43,0,T,9,0,66,0,109,25,12,2,1,4,0,31,0,109,-2,-31,2
24557,7.02,Z,36,0,398,4,58,116,152,2,P,49,0,352,0,21,147,64,8,0,13,0,-46,-4,-37,31,-88,6
24558,2.29,Z,9,0,15,0,0,7,36,0,P,6,4,86,0,432,52,34,1,1,-3,4,71,0,432,45,-2,1
24559,2.15,P,15,1,111,0,63,80,37,1,T,10,0,144,0,145,35,98,4,1,-5,-1,33,0,82,-45,61,3
24560,9.58,T,69,1,328,0,3,341,94,4,P,65,5,689,4,84,309,108,2,1,-4,4,361,4,81,-32,14,-2
24561,9.55,P,67,0,476,0,204,309,96,8,Z,49,0,442,0,26,144,169,3,1,-18,0,-34,0,-178,-165,73,-5
24562,7.18,T,70,5,415,0,183,222,100,2,T,83,8,428,0,565,184,129,6,1,13,3,13,0,382,-38,29,4
24563,1.36,Z,5,0,31,0,141,12,11,0,Z,3,0,67,0,155,12,16,0,0,-2,0,36,0,14,0,5,0
24564,10.55,Z,40,5,859,0,1,326,214,0,Z,38,0,414,0,11,201,158,4,1,-2,-5,-445,0,10,-125,-56,4
24565,4.03,Z,17,3,143,0,72,54,88,0,T,24,0,271,0,0,14,38,2,0,7,-3,128,0,-72,-40,-50,2
24566,3.49,Z,13,0,25,0,6,42,130,0,Z,15,1,108,4,156,58,93,0,1,2,1,83,4,150,16,-37,0
24567,7.57,P,44,0,477,0,563,190,52,13,P,53,2,524,0,272,273,71,1,1,9,2,47,0,-291,83,19,-12
24568,7.13,P,27,2,560,0,14,178,55,3,Z,45,0,406,0,121,131,128,7,1,18,-2,-154,0,107,-47,73,4
24569,8.1,T,49,4,489,0,24,66,79,0,P,37,0,597,0,2,156,76,1,0,-12,-4,108,0,-22,90,-3,1
24570,9.59,P,44,2,857,0,31,95,45,4,Z,52,2,391,0,15,123,183,0,0,8,0,-466,0,-16,28,138,-4
24571,9.26,Z,85,8,407,0,326,254,210,6,P,70,0,298,0,38,141,57,6,0,-15,-8,-109,0,-288,-113,-153,0
24572,3.37,Z,19,0,57,0,21,6,49,0,Z,12,0,173,0,0,60,41,0,0,-7,0,116,0,-21,54,-8,0
24573,9.59,T,66,0,537,0,0,174,150,0,Z,55,1,577,0,22,163,205,1,1,-11,1,40,0,22,-11,55,1
24574,9.08,Z,49,0,154,0,67,63,154,4,P,56,4,528,0,31,141,47,1,0,7,4,374,0,-36,78,-107,-3
24575,10.14,Z,78,2,469,0,7,245,235,0,P,60,0,385,0,9,380,102,6,0,-18,-2,-84,0,2,135,-133,6
24576,9.44,T,38,2,991,0,3,114,73,3,P,42,0,484,0,27,81,63,4,1,4,-2,-507,0,24,-33,-10,1
24577,9.58,T,69,3,629,0,36,248,70,3,P,40,0,767,0,1,155,62,1,1,-29,-3,138,0,-35,-93,-8,-2
24578,4.51,P,17,0,136,0,2,37,40,3,P,24,2,133,0,2,103,30,0,1,7,2,-3,0,0,66,-10,-3
24579,5.14,T,20,0,201,0,2,33,37,2,T,27,0,401,0,6,98,37,2,1,7,0,200,0,4,65,0,0
24580,6.33,Z,45,0,247,0,86,138,182,5,T,75,0,325,0,273,153,133,6,0,30,0,78,0,187,15,-49,1
24581,7.48,P,29,0,380,0,7,102,47,1,P,32,6,591,0,25,111,41,3,0,3,6,211,0,18,9,-6,2
24582,8.11,Z,54,0,279,0,326,128,443,8,T,46,2,561,0,30,73,58,0,1,-8,2,282,0,-296,-55,-385,-8
24583,7.37,T,62,0,582,0,370,107,111,8,T,85,0,355,0,98,176,131,18,0,23,0,-227,0,-272,69,20,10
24584,9.59,T,42,0,684,0,12,156,65,2,T,42,0,523,0,0,47,72,0,0,0,0,-161,0,-12,-109,7,-2
24585,8.35,Z,59,0,518,0,40,108,153,4,T,88,5,688,0,465,207,181,2,1,29,5,170,0,425,99,28,-2
24586,5.1,P,25,1,235,0,172,67,189,3,P,35,2,302,0,292,165,114,1,1,10,1,67,0,120,98,-75,-2
24587,6.52,T,30,0,306,0,2,36,50,9,Z,29,0,166,0,0,57,83,0,0,-1,0,-140,0,-2,21,33,-9
24588,10.09,T,66,0,254,0,292,275,254,8,P,58,5,662,0,46,178,107,3,0,-8,5,408,0,-246,-97,-147,-5
24589,9.59,T,115,0,439,19,577,264,266,3,Z,87,10,576,0,496,372,258,8,1,-28,10,137,-19,-81,108,-8,5
24590,10.56,T,154,0,434,0,144,396,260,19,Z,102,17,960,0,61,426,236,3,0,-52,17,526,0,-83,30,-24,-16
24591,2.21,P,8,1,148,0,87,34,36,6,T,13,1,83,0,129,69,29,2,0,5,0,-65,0,42,35,-7,-4
24592,3.41,Z,11,3,52,0,19,57,55,5,T,24,0,385,0,22,54,28,4,0,13,-3,333,0,3,-3,-27,-1
24593,9.56,T,46,1,659,0,0,59,108,0,T,74,0,949,0,74,186,95,11,0,28,-1,290,0,74,127,-13,11
24594,8.3,Z,40,0,813,0,39,74,163,6,T,46,2,618,0,47,59,79,3,1,6,2,-195,0,8,-15,-84,-3
24595,9.16,T,53,0,668,0,0,127,131,0,P,42,3,781,0,39,300,119,5,1,-11,3,113,0,39,173,-12,5
24596,4.47,P,17,0,258,0,3,88,39,1,Z,16,0,266,0,14,41,56,4,1,-1,0,8,0,11,-47,17,3
24597,5.25,T,24,5,517,0,49,62,18,1,T,35,0,222,0,168,160,79,6,0,11,-5,-295,0,119,98,61,5
24598,9.57,T,64,7,585,0,61,208,115,3,P,58,0,781,0,0,117,71,0,1,-6,-7,196,0,-61,-91,-44,-3
24599,10.34,P,83,2,439,0,63,278,176,1,T,115,0,679,1,359,385,220,26,0,32,-2,240,1,296,107,44,25
24600,4.07,P,13,0,60,0,0,24,28,0,Z,22,0,98,0,0,44,161,0,1,9,0,38,0,0,20,133,0
24601,9.59,Z,59,0,673,9,17,262,243,0,T,113,0,777,0,88,347,205,5,1,54,0,104,-9,71,85,-38,5
24602,9.59,T,77,5,567,0,72,145,118,0,P,87,12,549,0,142,90,67,1,0,10,7,-18,0,70,-55,-51,1
24603,1.16,Z,4,2,97,1,108,14,89,0,Z,5,1,2,0,2,8,21,0,1,1,-1,-95,-1,-106,-6,-68,0
24604,10.06,P,83,0,325,0,20,252,103,9,T,124,1,449,0,46,309,109,7,0,41,1,124,0,26,57,6,-2
24605,6.15,P,40,4,273,0,30,113,74,3,P,34,1,205,0,214,320,216,5,1,-6,-3,-68,0,184,207,142,2
24606,8.39,Z,38,2,458,0,4,69,132,2,P,37,0,430,0,1,217,55,2,1,-1,-2,-28,0,-3,148,-77,0
24607,4.58,P,29,1,369,0,27,80,36,1,Z,23,0,156,0,112,60,97,5,1,-6,-1,-213,0,85,-20,61,4
24608,9.58,T,74,0,374,0,29,189,73,6,T,62,1,856,0,46,198,176,6,1,-12,1,482,0,17,9,103,0
24609,3.18,Z,10,2,66,0,12,13,30,0,Z,11,2,323,0,20,19,42,0,1,1,0,257,0,8,6,12,0
24610,6.36,P,21,0,281,0,0,43,63,0,Z,24,2,674,0,18,81,106,0,1,3,2,393,0,18,38,43,0
24611,7.36,T,42,1,285,0,0,25,62,0,T,68,0,253,0,140,250,116,7,1,26,-1,-32,0,140,225,54,7
24612,9.59,T,113,5,259,0,395,285,154,2,T,91,0,589,1,404,252,151,8,0,-22,-5,330,1,9,-33,-3,6
24613,9.58,Z,52,9,474,0,24,137,183,3,T,70,0,500,0,16,141,104,4,0,18,-9,26,0,-8,4,-79,1
24614,9.59,P,61,3,494,0,35,327,69,4,Z,35,4,785,0,28,51,109,0,1,-26,1,291,0,-7,-276,40,-4
24615,4.38,T,58,0,183,0,319,88,64,13,Z,39,2,182,3,69,135,108,4,0,-19,2,-1,3,-250,47,44,-9
24616,9.59,T,37,0,549,0,36,78,63,8,P,41,0,309,0,0,67,66,0,1,4,0,-240,0,-36,-11,3,-8
24617,7.5,T,82,0,430,0,66,419,187,9,T,91,0,373,0,210,282,261,13,1,9,0,-57,0,144,-137,74,4
24618,9.59,Z,54,0,492,0,22,55,144,0,T,48,0,789,0,0,73,114,3,0,-6,0,297,0,-22,18,-30,3
24619,7.12,Z,67,0,426,0,103,190,176,4,P,55,1,440,0,71,245,111,6,0,-12,1,14,0,-32,55,-65,2
24620,9.25,Z,40,0,483,0,29,190,236,11,Z,59,12,321,0,58,195,174,4,1,19,12,-162,0,29,5,-62,-7
24621,6.37,T,39,2,556,0,217,62,80,5,P,36,0,241,0,7,118,52,0,0,-3,-2,-315,0,-210,56,-28,-5
24622,8.11,Z,49,0,509,0,51,133,198,5,T,57,5,534,0,40,84,62,1,1,8,5,25,0,-11,-49,-136,-4
24623,8.11,T,104,0,355,0,389,349,155,21,T,83,17,319,0,531,233,248,18,0,-21,17,-36,0,142,-116,93,-3
24624,8.52,T,51,0,641,0,0,39,77,0,T,56,8,609,0,26,212,80,1,0,5,8,-32,0,26,173,3,1
24625,7.08,T,45,2,383,0,41,143,182,4,T,48,5,419,1,636,131,176,9,1,3,3,36,1,595,-12,-6,5
24626,9.59,T,90,0,523,0,39,197,116,10,Z,84,4,623,0,1049,111,333,8,1,-6,4,100,0,1010,-86,217,-2
24627,7.12,Z,33,2,200,0,24,107,103,0,T,49,9,447,0,29,164,95,0,1,16,7,247,0,5,57,-8,0
24628,9.57,T,76,0,840,0,545,299,155,14,P,77,0,614,0,74,319,226,8,1,1,0,-226,0,-471,20,71,-6
24629,8.25,Z,55,6,257,0,305,226,278,15,Z,49,0,692,0,189,163,191,4,0,-6,-6,435,0,-116,-63,-87,-11
24630,9.58,P,34,0,608,0,2,51,61,3,T,40,0,468,0,7,40,63,2,1,6,0,-140,0,5,-11,2,-1
24631,5.37,Z,28,0,184,0,7,86,77,2,Z,24,1,107,0,15,150,78,0,0,-4,1,-77,0,8,64,1,-2
24632,3.09,Z,19,4,60,0,36,191,42,0,Z,9,4,90,0,147,25,81,2,1,-10,0,30,0,111,-166,39,2
24633,3.51,Z,25,0,242,0,200,80,116,4,T,23,0,163,0,7,147,33,3,0,-2,0,-79,0,-193,67,-83,-1
24634,5.03,Z,23,4,181,0,167,108,113,7,T,25,0,121,0,168,79,44,5,1,2,-4,-60,0,1,-29,-69,-2
24635,9.02,T,75,6,521,0,170,138,134,17,P,64,0,326,0,16,296,353,8,1,-11,-6,-195,0,-154,158,219,-9
24636,4.44,T,13,0,191,0,2,13,31,2,T,16,0,302,0,0,7,25,0,1,3,0,111,0,-2,-6,-6,-2
24637,10.51,Z,69,2,601,0,26,172,250,8,P,73,4,781,0,19,205,116,2,1,4,2,180,0,-7,33,-134,-6
24638,3.37,Z,19,0,202,0,85,122,96,4,Z,19,0,120,0,41,81,114,2,1,0,0,-82,0,-44,-41,18,-2
24639,9.59,Z,98,4,1148,0,460,218,255,1,T,79,2,686,0,16,166,120,6,0,-19,-2,-462,0,-444,-52,-135,5
24640,0.29,Z,2,0,5,0,17,1,22,1,Z,2,0,35,0,5,7,14,1,0,0,0,30,0,-12,6,-8,0
24641,7.4,P,33,8,213,0,4,129,34,0,P,30,0,90,0,1,56,56,1,0,-3,-8,-123,0,-3,-73,22,1
24642,9.59,T,73,0,458,0,217,298,192,2,Z,54,4,441,1,131,135,323,4,0,-19,4,-17,1,-86,-163,131,2
24643,9.59,T,108,3,420,0,291,266,161,16,P,57,5,467,0,41,238,83,6,1,-51,2,47,0,-250,-28,-78,-10
24644,2.51,T,13,0,177,0,224,49,22,3,P,10,0,261,0,0,63,8,0,0,-3,0,84,0,-224,14,-14,-3
24645,3.51,P,19,0,100,0,203,89,115,3,P,18,0,122,0,0,17,17,1,1,-1,0,22,0,-203,-72,-98,-2
24646,7.09,T,54,5,234,2,57,248,76,0,T,58,0,765,0,40,129,134,5,1,4,-5,531,-2,-17,-119,58,5
24647,4.4,P,24,0,191,0,41,145,124,3,P,19,0,539,0,2,53,41,1,0,-5,0,348,0,-39,-92,-83,-2
24648,9.59,P,60,0,615,0,155,230,119,5,Z,69,15,303,0,55,101,241,0,0,9,15,-312,0,-100,-129,122,-5
24649,9.59,T,67,1,563,0,366,281,247,16,P,61,0,414,0,0,322,157,1,0,-6,-1,-149,0,-366,41,-90,-15
24650,4.31,T,19,0,91,0,0,30,27,1,P,14,1,87,0,7,77,29,5,0,-5,1,-4,0,7,47,2,4
24651,6.16,T,22,1,299,0,7,22,23,0,T,33,1,252,0,1,146,52,0,0,11,0,-47,0,-6,124,29,0
24652,9.12,P,90,0,655,3,47,210,112,14,Z,75,14,300,0,334,252,282,0,1,-15,14,-355,-3,287,42,170,-14
24653,8.23,P,64,2,396,0,64,296,72,4,Z,44,0,538,0,46,100,136,5,0,-20,-2,142,0,-18,-196,64,1
24654,8.47,T,62,0,491,0,214,191,147,3,T,52,0,534,0,10,96,99,4,0,-10,0,43,0,-204,-95,-48,1
24655,9.59,T,72,11,812,4,108,246,146,1,Z,62,0,225,0,36,101,161,1,1,-10,-11,-587,-4,-72,-145,15,0
24656,9.58,Z,68,0,668,0,585,223,225,10,P,64,3,701,0,33,239,78,9,0,-4,3,33,0,-552,16,-147,-1
24657,10.03,T,69,2,593,0,91,250,85,6,Z,55,0,506,0,13,116,199,2,1,-14,-2,-87,0,-78,-134,114,-4
24658,1.42,Z,7,0,48,0,7,19,22,1,T,5,0,53,0,1,1,4,1,1,-2,0,5,0,-6,-18,-18,0
24659,3.19,T,13,3,124,0,13,25,21,0,T,11,0,334,0,2,21,25,2,0,-2,-3,210,0,-11,-4,4,2
24660,8.01,Z,34,1,312,0,10,80,130,1,T,44,4,709,0,11,187,98,0,1,10,3,397,0,1,107,-32,-1
24661,7.59,T,64,0,227,0,412,182,153,14,P,52,0,522,0,29,215,73,7,1,-12,0,295,0,-383,33,-80,-7
24662,10.59,P,80,0,610,0,66,198,90,9,Z,82,3,714,0,14,142,165,1,0,2,3,104,0,-52,-56,75,-8
24663,8.14,Z,42,1,712,0,46,50,147,3,T,53,0,474,0,0,54,130,1,1,11,-1,-238,0,-46,4,-17,-2
24664,9.35,Z,52,6,592,0,11,53,138,0,P,48,1,1154,0,45,70,54,6,0,-4,-5,562,0,34,17,-84,6
24665,8.1,T,65,0,504,0,447,212,148,5,P,54,0,291,0,721,197,58,8,1,-11,0,-213,0,274,-15,-90,3
24666,9.59,T,56,0,937,0,38,228,119,7,T,49,4,631,0,22,266,76,1,1,-7,4,-306,0,-16,38,-43,-6
24667,0.23,T,1,0,11,0,0,25,4,2,Z,1,0,25,0,2,6,12,2,1,0,0,14,0,2,-19,8,0
24668,7.31,T,63,0,363,0,156,204,111,9,Z,57,1,437,0,127,278,220,7,1,-6,1,74,0,-29,74,109,-2
24669,8.27,Z,75,4,410,0,140,184,196,3,T,131,0,489,0,667,214,114,18,1,56,-4,79,0,527,30,-82,15
24670,2.1,T,8,0,33,0,211,45,48,9,T,6,0,98,0,40,54,18,3,1,-2,0,65,0,-171,9,-30,-6
24671,9.59,P,81,25,595,0,479,280,142,4,T,77,5,652,0,213,190,149,11,1,-4,-20,57,0,-266,-90,7,7
24672,6.19,T,19,0,160,0,2,66,45,2,T,36,0,192,0,50,96,297,6,1,17,0,32,0,48,30,252,4
24673,9.59,T,145,5,353,0,325,312,124,12,Z,88,16,254,0,123,179,374,4,0,-57,11,-99,0,-202,-133,250,-8
24674,3.06,T,17,0,113,0,214,102,41,10,T,17,0,166,0,108,76,29,8,0,0,0,53,0,-106,-26,-12,-2
24675,9.58,P,45,0,1015,0,0,75,95,3,Z,63,0,293,0,0,140,214,0,0,18,0,-722,0,0,65,119,-3
24676,8.09,Z,63,0,180,0,649,145,531,5,T,77,0,557,0,166,341,272,9,1,14,0,377,0,-483,196,-259,4
24677,8.51,Z,54,0,196,0,57,258,234,19,Z,66,3,177,0,123,371,305,5,0,12,3,-19,0,66,113,71,-14
24678,9.59,T,52,1,261,0,15,114,82,3,Z,57,0,310,0,16,88,266,6,0,5,-1,49,0,1,-26,184,3
24679,3.41,T,25,1,148,0,30,57,22,5,T,33,1,133,0,216,114,168,4,1,8,0,-15,0,186,57,146,-1
24680,3.56,Z,21,3,237,0,80,92,129,0,Z,14,1,76,0,12,33,65,0,0,-7,-2,-161,0,-68,-59,-64,0
24681,6.49,P,27,1,176,0,0,55,50,0,Z,25,2,189,1,5,202,116,0,1,-2,1,13,1,5,147,66,0
24682,9.59,Z,89,0,547,0,222,256,319,5,T,121,0,497,0,630,324,238,14,0,32,0,-50,0,408,68,-81,9
24683,9.59,P,43,0,665,0,0,217,54,0,Z,59,6,416,0,38,98,226,1,1,16,6,-249,0,38,-119,172,1
24684,9,P,19,0,462,0,0,45,41,0,P,34,0,391,0,26,40,41,5,1,15,0,-71,0,26,-5,0,5
24685,9.59,Z,82,2,784,0,276,259,461,4,Z,74,9,554,0,372,338,248,7,0,-8,7,-230,0,96,79,-213,3
24686,7.45,P,47,0,206,0,254,101,62,12,T,57,3,517,0,82,111,67,4,1,10,3,311,0,-172,10,5,-8
24687,9.17,T,103,0,479,0,574,442,320,16,T,102,0,309,0,299,289,402,10,1,-1,0,-170,0,-275,-153,82,-6
24688,8.09,Z,46,0,685,0,17,314,219,2,P,27,0,252,0,0,346,23,0,0,-19,0,-433,0,-17,32,-196,-2
24689,10.03,T,79,8,519,0,36,296,86,0,T,115,0,502,0,82,335,158,7,1,36,-8,-17,0,46,39,72,7
24690,1.32,T,11,0,43,0,48,86,36,3,T,8,0,25,0,72,33,33,6,1,-3,0,-18,0,24,-53,-3,3
24691,4.32,T,25,0,364,0,31,51,44,4,P,27,0,170,0,367,88,18,6,1,2,0,-194,0,336,37,-26,2
24692,9.59,P,61,0,596,0,17,168,107,2,P,42,0,656,0,0,66,63,0,1,-19,0,60,0,-17,-102,-44,-2
24693,9.16,T,66,0,989,0,153,159,68,10,T,68,6,622,0,30,72,79,1,0,2,6,-367,0,-123,-87,11,-9
24694,5.59,T,37,3,313,0,18,73,130,2,T,23,4,440,0,12,137,54,0,1,-14,1,127,0,-6,64,-76,-2
24695,8.47,P,62,0,341,0,116,190,181,13,P,47,0,647,0,275,189,99,14,0,-15,0,306,0,159,-1,-82,1
24696,5.04,P,18,0,227,0,0,8,23,0,P,23,0,250,0,0,14,29,0,0,5,0,23,0,0,6,6,0
24697,2.39,P,12,0,203,0,208,78,55,3,T,19,0,124,0,138,68,58,5,1,7,0,-79,0,-70,-10,3,2
24698,6.41,Z,29,2,165,0,19,94,123,5,T,63,0,524,0,287,164,231,11,1,34,-2,359,0,268,70,108,6
24699,9.25,Z,58,10,872,0,83,72,189,0,T,134,5,401,0,348,233,160,11,1,76,-5,-471,0,265,161,-29,11
24700,8.3,P,51,0,515,0,32,204,202,3,T,35,0,300,0,27,97,52,1,0,-16,0,-215,0,-5,-107,-150,-2
24701,9.59,Z,106,5,651,0,728,323,235,16,T,150,10,439,0,568,406,229,13,0,44,5,-212,0,-160,83,-6,-3
24702,6.36,T,58,0,322,0,88,253,138,6,P,53,0,298,0,29,211,89,8,1,-5,0,-24,0,-59,-42,-49,2
24703,7.44,P,52,0,475,0,412,172,87,6,Z,41,1,331,0,32,77,133,1,1,-11,1,-144,0,-380,-95,46,-5
24704,5.35,Z,22,2,331,0,38,116,79,0,Z,23,0,221,0,25,82,60,5,0,1,-2,-110,0,-13,-34,-19,5
24705,8.46,Z,55,2,408,0,57,139,167,0,Z,55,7,192,2,61,174,147,4,0,0,5,-216,2,4,35,-20,4
24706,4.38,T,27,0,228,0,26,78,38,5,Z,28,0,196,0,12,49,114,2,1,1,0,-32,0,-14,-29,76,-3
24707,7.42,Z,55,3,348,0,122,174,173,13,Z,45,1,311,0,27,120,135,1,1,-10,-2,-37,0,-95,-54,-38,-12
24708,8.24,T,91,0,590,0,270,269,272,8,Z,67,0,671,0,43,143,175,6,0,-24,0,81,0,-227,-126,-97,-2
24709,9.58,Z,41,2,412,0,63,134,197,3,P,99,10,687,0,135,258,99,3,1,58,8,275,0,72,124,-98,0
24710,4.06,Z,21,0,194,0,130,120,83,1,P,21,1,147,0,45,39,17,5,1,0,1,-47,0,-85,-81,-66,4
24711,9.19,P,53,5,316,0,39,68,39,0,Z,57,2,640,0,68,133,142,3,1,4,-3,324,0,29,65,103,3
24712,9.59,T,55,0,665,0,0,203,128,1,T,30,0,138,0,0,27,65,0,0,-25,0,-527,0,0,-176,-63,-1
24713,2.53,T,17,0,141,0,0,21,27,0,Z,6,0,33,0,14,26,109,4,1,-11,0,-108,0,14,5,82,4
24714,8.59,Z,79,3,214,0,252,135,387,3,Z,50,0,420,0,161,266,330,6,0,-29,-3,206,0,-91,131,-57,3
24715,10.01,P,71,0,521,0,57,350,188,7,P,73,1,439,0,1027,251,75,13,1,2,1,-82,0,970,-99,-113,6
24716,5.05,T,29,2,388,0,6,70,78,0,T,37,0,522,0,9,82,64,4,1,8,-2,134,0,3,12,-14,4
24717,5.12,T,30,2,249,0,4,70,62,1,P,21,0,315,0,0,108,22,0,1,-9,-2,66,0,-4,38,-40,-1
24718,5.59,P,53,1,286,0,295,145,247,9,Z,42,2,318,0,381,174,134,7,0,-11,1,32,0,86,29,-113,-2
24719,8.14,P,52,3,262,0,19,175,71,2,T,69,0,542,0,23,227,75,11,1,17,-3,280,0,4,52,4,9
24720,3.54,T,19,3,222,0,351,50,60,1,P,18,0,183,0,4,73,46,5,1,-1,-3,-39,0,-347,23,-14,4
24721,7.29,Z,53,10,495,0,414,241,300,6,Z,48,8,271,0,85,239,236,3,1,-5,-2,-224,0,-329,-2,-64,-3
24722,5.25,Z,40,3,359,0,403,205,167,7,P,42,0,255,0,458,203,127,9,1,2,-3,-104,0,55,-2,-40,2
24723,6.22,P,24,0,181,0,0,73,239,0,Z,34,5,383,0,643,74,274,6,1,10,5,202,0,643,1,35,6
24724,6.22,T,54,0,296,8,385,173,187,3,T,69,1,248,0,362,190,164,8,1,15,1,-48,-8,-23,17,-23,5
24725,3.48,T,15,1,351,0,0,2,20,1,T,13,3,174,0,16,114,21,0,1,-2,2,-177,0,16,112,1,-1
24726,9.59,T,68,6,351,0,134,165,178,1,T,36,6,516,0,11,151,118,0,1,-32,0,165,0,-123,-14,-60,-1
24727,7.34,P,53,7,488,0,152,134,139,9,T,57,0,338,0,157,144,146,4,1,4,-7,-150,0,5,10,7,-5
24728,5.46,T,50,9,254,3,571,86,112,6,T,39,3,272,0,379,148,231,6,1,-11,-6,18,-3,-192,62,119,0
24729,9.44,T,82,12,569,0,77,247,139,3,P,67,0,326,0,156,379,139,10,1,-15,-12,-243,0,79,132,0,7
24730,6.11,Z,29,1,55,0,14,29,66,3,P,34,0,287,0,20,146,32,1,1,5,-1,232,0,6,117,-34,-2
24731,9.54,P,71,0,583,0,66,320,117,11,T,149,4,889,0,275,394,170,13,1,78,4,306,0,209,74,53,2
24732,4.48,Z,18,2,298,0,42,267,87,2,T,53,0,372,0,11,124,60,8,1,35,-2,74,0,-31,-143,-27,6
24733,9.59,Z,69,2,886,0,1027,198,320,6,P,89,8,450,0,298,254,175,4,1,20,6,-436,0,-729,56,-145,-2
24734,6.59,T,40,0,510,0,8,58,82,3,P,28,0,349,0,7,106,50,6,0,-12,0,-161,0,-1,48,-32,3
24735,7.39,Z,65,7,618,0,78,361,232,2,T,78,2,284,0,451,230,188,5,1,13,-5,-334,0,373,-131,-44,3
24736,10.55,Z,69,11,504,0,68,380,301,0,T,154,3,551,0,250,505,204,16,1,85,-8,47,0,182,125,-97,16
24737,9.12,Z,50,5,745,0,705,209,249,9,T,106,0,431,0,355,178,144,17,1,56,-5,-314,0,-350,-31,-105,8
24738,3.37,Z,17,0,156,3,13,139,88,3,P,18,0,169,0,60,61,81,2,0,1,0,13,-3,47,-78,-7,-1
24739,9.55,Z,56,0,532,0,45,179,165,4,Z,65,0,369,19,115,335,312,4,1,9,0,-163,19,70,156,147,0
24740,9.59,T,68,0,875,0,42,162,107,10,Z,71,0,308,0,19,229,253,2,1,3,0,-567,0,-23,67,146,-8
24741,9.59,P,68,9,450,0,285,261,124,5,Z,63,10,262,0,79,129,191,2,1,-5,1,-188,0,-206,-132,67,-3
24742,4.09,T,17,1,154,0,0,20,123,1,T,22,0,358,0,17,30,38,2,1,5,-1,204,0,17,10,-85,1
24743,2.56,T,14,1,135,0,2,89,70,2,P,17,0,120,0,59,91,67,5,0,3,-1,-15,0,57,2,-3,3
24744,10.41,T,83,1,747,0,18,230,132,5,P,45,0,563,0,0,150,69,0,0,-38,-1,-184,0,-18,-80,-63,-5
24745,6.51,P,43,0,596,0,286,146,59,5,Z,26,0,334,0,5,57,102,0,1,-17,0,-262,0,-281,-89,43,-5
24746,10.38,T,61,6,668,0,59,214,115,2,P,70,9,615,0,30,339,80,1,0,9,3,-53,0,-29,125,-35,-1
24747,9.24,T,49,0,571,0,88,135,291,1,P,53,0,364,0,1,135,58,2,1,4,0,-207,0,-87,0,-233,1
24748,10.25,T,56,6,711,6,38,88,128,0,P,60,0,701,5,94,213,223,10,1,4,-6,-10,-1,56,125,95,10
24749,3.57,P,18,2,348,0,17,81,53,1,Z,14,1,113,0,3,61,71,7,1,-4,-1,-235,0,-14,-20,18,6
24750,7.52,P,24,0,227,0,0,164,55,0,T,57,0,334,0,219,156,123,8,1,33,0,107,0,219,-8,68,8
24751,9.59,Z,51,0,523,0,14,180,168,2,Z,59,0,794,0,260,165,381,3,0,8,0,271,0,246,-15,213,1
24752,9.59,T,55,6,621,0,22,121,125,0,T,55,0,523,0,0,93,140,0,1,0,-6,-98,0,-22,-28,15,0
24753,2.21,T,11,0,180,0,236,41,21,8,T,27,0,179,0,190,56,66,4,1,16,0,-1,0,-46,15,45,-4
24754,9.59,Z,54,8,349,0,48,99,109,2,P,36,0,572,0,0,97,71,0,0,-18,-8,223,0,-48,-2,-38,-2
24755,9.59,T,80,2,654,0,2,151,133,1,P,70,1,526,0,31,358,155,2,0,-10,-1,-128,0,29,207,22,1
24756,5.13,T,28,0,449,0,52,97,49,6,Z,41,0,338,0,185,127,233,6,1,13,0,-111,0,133,30,184,0
24757,3.54,T,20,0,179,0,6,86,74,7,T,15,0,253,0,12,105,84,2,0,-5,0,74,0,6,19,10,-5
24758,8.42,T,45,0,284,0,4,113,90,5,P,39,1,817,0,84,96,156,2,1,-6,1,533,0,80,-17,66,-3
24759,9.59,T,80,8,477,0,253,348,185,9,T,79,0,626,0,24,269,130,14,1,-1,-8,149,0,-229,-79,-55,5
24760,7.46,T,53,1,560,0,6,193,206,8,Z,36,0,426,0,18,80,136,9,0,-17,-1,-134,0,12,-113,-70,1
24761,5.57,P,25,2,320,0,39,157,20,0,P,31,3,296,0,17,86,27,0,1,6,1,-24,0,-22,-71,7,0
24762,5.36,T,57,0,270,0,386,137,171,6,Z,31,0,275,0,190,168,219,3,0,-26,0,5,0,-196,31,48,-3
24763,9.47,Z,61,1,449,0,243,329,482,7,T,132,15,599,0,142,252,91,0,1,71,14,150,0,-101,-77,-391,-7
24764,9.59,T,58,1,445,0,50,199,151,7,Z,44,2,891,0,17,131,207,1,1,-14,1,446,0,-33,-68,56,-6
24765,9.03,Z,51,3,382,0,320,136,133,4,Z,54,3,554,0,31,99,134,0,1,3,0,172,0,-289,-37,1,-4
24766,10.37,T,124,0,544,0,418,192,248,10,Z,76,5,528,0,105,191,246,5,0,-48,5,-16,0,-313,-1,-2,-5
24767,7.43,Z,63,1,206,0,192,102,314,3,Z,77,8,276,0,492,361,293,5,1,14,7,70,0,300,259,-21,2
24768,9.59,T,76,0,1056,0,40,111,74,8,Z,71,4,283,0,131,162,258,9,1,-5,4,-773,0,91,51,184,1
24769,9.49,Z,78,0,471,0,181,316,385,12,Z,85,7,553,0,336,347,417,10,1,7,7,82,0,155,31,32,-2
24770,9.51,P,34,0,552,0,8,188,68,4,P,39,0,709,0,0,193,63,0,0,5,0,157,0,-8,5,-5,-4
24771,7.47,P,47,0,578,0,18,237,77,2,T,57,1,316,0,425,173,157,9,1,10,1,-262,0,407,-64,80,7
24772,10.37,T,73,3,321,0,531,97,218,3,Z,70,5,552,0,172,312,299,12,1,-3,2,231,0,-359,215,81,9
24773,7.46,P,60,3,324,0,244,247,200,1,Z,37,0,420,14,80,221,185,0,0,-23,-3,96,14,-164,-26,-15,-1
24774,4.01,T,32,2,224,0,68,51,90,2,P,23,0,118,0,125,122,52,6,1,-9,-2,-106,0,57,71,-38,4
24775,9.59,P,84,0,477,0,23,297,290,8,T,95,1,658,0,189,291,142,12,0,11,1,181,0,166,-6,-148,4
24776,8.04,P,40,0,361,0,11,118,126,2,T,58,4,514,0,115,141,58,6,1,18,4,153,0,104,23,-68,4
24777,4.43,P,16,0,172,0,52,43,22,7,P,21,2,114,0,27,53,22,1,0,5,2,-58,0,-25,10,0,-6
24778,9.59,T,89,0,658,0,428,145,123,17,Z,95,8,740,0,212,174,304,1,1,6,8,82,0,-216,29,181,-16
24779,9.58,P,38,0,300,0,0,63,47,0,T,54,0,605,0,18,80,93,2,1,16,0,305,0,18,17,46,2
24780,8.14,P,49,1,499,0,655,194,126,7,P,51,0,462,0,62,245,231,5,1,2,-1,-37,0,-593,51,105,-2
24781,6.55,Z,50,4,230,0,324,178,175,1,Z,42,8,249,0,94,93,153,8,0,-8,4,19,0,-230,-85,-22,7
24782,10.47,Z,77,0,738,0,149,294,388,7,P,67,5,688,0,178,249,74,8,0,-10,5,-50,0,29,-45,-314,1
24783,9.59,T,76,1,679,0,68,339,126,2,T,63,4,751,0,52,142,81,0,0,-13,3,72,0,-16,-197,-45,-2
24784,9.49,Z,66,3,418,0,168,214,254,6,P,70,2,562,0,103,276,106,14,1,4,-1,144,0,-65,62,-148,8
24785,9.09,P,74,0,536,0,71,169,85,9,T,89,0,480,0,86,168,171,7,0,15,0,-56,0,15,-1,86,-2
24786,9.29,T,117,0,466,1,470,339,218,25,T,91,0,434,0,648,410,174,15,0,-26,0,-32,-1,178,71,-44,-10
24787,8.31,Z,55,0,384,0,42,185,172,5,P,66,0,565,0,158,294,138,11,1,11,0,181,0,116,109,-34,6
24788,9.59,P,61,0,250,0,59,238,273,7,P,44,1,696,0,13,199,118,4,1,-17,1,446,0,-46,-39,-155,-3
24789,8.17,P,39,3,241,0,17,157,73,3,Z,48,9,290,0,67,151,163,1,0,9,6,49,0,50,-6,90,-2
24790,1.17,P,3,0,65,0,238,25,8,3,P,7,0,76,0,1,8,5,1,1,4,0,11,0,-237,-17,-3,-2
24791,3.07,P,11,0,142,0,318,31,21,3,P,10,0,134,0,0,75,24,0,0,-1,0,-8,0,-318,44,3,-3
24792,5.38,T,24,0,233,0,5,31,20,3,P,25,0,116,0,1,45,34,0,1,1,0,-117,0,-4,14,14,-3
24793,8.05,P,36,3,307,0,556,168,180,5,T,54,1,494,0,11,138,115,2,1,18,-2,187,0,-545,-30,-65,-3
24794,9.59,T,65,1,647,0,22,247,134,7,Z,41,1,599,0,62,182,182,7,0,-24,0,-48,0,40,-65,48,0
24795,9.59,T,110,1,1199,0,36,388,155,15,Z,52,9,466,3,154,136,164,2,1,-58,8,-733,3,118,-252,9,-13
24796,9.34,T,118,0,374,0,641,300,138,15,Z,42,5,456,0,42,153,197,6,0,-76,5,82,0,-599,-147,59,-9
24797,8.16,Z,39,2,502,0,6,76,123,0,T,62,5,778,0,103,240,123,2,1,23,3,276,0,97,164,0,2
24798,10.2,T,53,4,791,0,35,107,56,0,T,52,5,318,0,14,87,85,2,0,-1,1,-473,0,-21,-20,29,2
24799,9.59,T,81,2,447,0,667,192,246,11,T,67,0,500,0,472,237,304,14,1,-14,-2,53,0,-195,45,58,3
24800,4.19,T,15,0,124,0,0,23,28,0,P,17,0,214,0,0,60,39,0,1,2,0,90,0,0,37,11,0
24801,9.59,T,76,0,709,0,175,289,112,10,T,58,0,554,0,44,228,191,6,0,-18,0,-155,0,-131,-61,79,-4
24802,9.58,T,121,1,343,0,683,216,229,16,Z,84,7,399,0,269,241,493,11,0,-37,6,56,0,-414,25,264,-5
24803,4.12,P,15,0,323,0,0,15,16,0,T,17,0,92,0,1,9,23,2,1,2,0,-231,0,1,-6,7,2
24804,5.54,Z,38,1,327,0,265,100,112,2,T,58,0,217,0,38,136,44,12,0,20,-1,-110,0,-227,36,-68,10
24805,9.46,P,48,0,326,0,296,221,90,5,T,59,0,503,0,18,130,105,2,1,11,0,177,0,-278,-91,15,-3
24806,10.58,P,94,8,532,0,193,231,101,5,T,111,0,711,0,709,180,259,14,0,17,-8,179,0,516,-51,158,9
24807,5.17,P,22,0,199,0,257,120,323,9,T,32,0,238,0,698,104,74,3,0,10,0,39,0,441,-16,-249,-6
24808,2.45,Z,8,2,48,0,15,18,31,1,Z,8,0,35,0,85,61,122,3,0,0,-2,-13,0,70,43,91,2
24809,9.59,Z,50,1,576,0,51,120,156,6,P,63,0,541,0,18,367,98,10,1,13,-1,-35,0,-33,247,-58,4
24810,9.58,Z,52,0,383,0,25,94,191,6,T,83,5,698,47,302,300,311,2,0,31,5,315,47,277,206,120,-4
24811,7.35,P,57,0,445,0,232,232,105,19,T,83,0,518,0,22,382,129,7,1,26,0,73,0,-210,150,24,-12
24812,9.59,T,119,4,802,0,589,175,183,7,Z,61,16,332,2,513,200,273,1,1,-58,12,-470,2,-76,25,90,-6
24813,9.58,P,45,8,645,0,28,336,68,0,P,78,0,519,0,309,254,176,6,1,33,-8,-126,0,281,-82,108,6
24814,6.34,P,57,3,252,0,170,140,92,5,T,62,7,403,0,34,165,96,2,1,5,4,151,0,-136,25,4,-3
24815,9.06,P,88,2,537,0,109,452,114,15,Z,62,6,486,0,111,284,276,7,0,-26,4,-51,0,2,-168,162,-8
24816,10.3,T,46,4,584,0,45,29,47,0,T,44,0,411,0,4,22,84,3,1,-2,-4,-173,0,-41,-7,37,3
24817,2.09,P,8,0,70,2,9,23,10,1,Z,8,1,79,0,3,7,26,0,1,0,1,9,-2,-6,-16,16,-1
24818,1.53,T,8,0,109,0,197,13,56,2,T,6,0,49,0,104,55,25,3,1,-2,0,-60,0,-93,42,-31,1
24819,10.24,T,87,0,410,0,17,147,167,6,P,62,0,831,0,25,182,74,3,1,-25,0,421,0,8,35,-93,-3
24820,4.3,P,20,0,190,0,8,36,24,1,P,19,0,163,0,0,22,20,1,0,-1,0,-27,0,-8,-14,-4,0
24821,8.12,Z,43,0,287,0,28,59,143,1,T,65,0,455,0,120,229,111,5,1,22,0,168,0,92,170,-32,4
24822,8.3,T,112,0,336,0,221,292,165,24,Z,123,1,319,0,490,266,335,7,1,11,1,-17,0,269,-26,170,-17
24823,9.57,T,45,0,145,0,0,26,67,0,P,26,0,917,0,0,105,44,2,0,-19,0,772,0,0,79,-23,2
24824,9.59,T,70,0,852,0,17,158,219,9,P,55,0,592,0,35,278,64,11,0,-15,0,-260,0,18,120,-155,2
24825,9.59,T,88,0,347,0,34,280,164,15,P,82,2,347,5,88,335,193,1,0,-6,2,0,5,54,55,29,-14
24826,9.59,T,146,0,564,0,597,255,167,23,P,102,0,515,0,441,358,109,25,0,-44,0,-49,0,-156,103,-58,2
24827,9.59,T,94,0,472,0,631,352,117,15,T,89,3,427,0,20,216,108,0,0,-5,3,-45,0,-611,-136,-9,-15
24828,4.55,Z,26,4,192,0,261,104,224,1,Z,21,0,290,0,69,70,134,5,1,-5,-4,98,0,-192,-34,-90,4
24829,2.17,Z,10,0,64,0,226,55,136,1,Z,9,2,78,0,47,46,81,1,1,-1,2,14,0,-179,-9,-55,0
24830,1.21,Z,5,0,21,0,0,14,14,0,P,2,0,52,0,0,6,6,0,0,-3,0,31,0,0,-8,-8,0
24831,9.59,T,151,0,737,0,44,437,165,7,P,79,0,259,0,514,145,138,11,1,-72,0,-478,0,470,-292,-27,4
24832,5.06,T,30,1,199,0,92,55,33,2,P,30,0,191,0,375,169,127,7,1,0,-1,-8,0,283,114,94,5
24833,2.37,Z,7,0,108,0,116,35,85,2,T,12,2,526,0,4,23,20,0,1,5,2,418,0,-112,-12,-65,-2
24834,4.18,P,18,1,203,0,13,77,16,1,T,23,0,303,0,173,101,109,7,1,5,-1,100,0,160,24,93,6
24835,6.32,P,48,0,485,0,107,83,47,3,Z,38,3,339,0,176,256,276,7,0,-10,3,-146,0,69,173,229,4
24836,7.27,Z,41,0,274,0,16,44,124,2,P,56,0,341,0,335,147,113,6,1,15,0,67,0,319,103,-11,4
24837,9.59,P,31,0,457,0,0,110,56,0,Z,41,4,669,0,1,108,230,0,0,10,4,212,0,1,-2,174,0
24838,9.59,Z,82,12,499,1,325,338,348,4,T,91,0,900,0,834,257,131,6,0,9,-12,401,-1,509,-81,-217,2
24839,5.31,Z,40,0,256,16,201,96,223,3,P,41,0,336,0,218,135,40,6,1,1,0,80,-16,17,39,-183,3
24840,9.25,T,49,0,585,0,98,174,106,14,Z,50,9,308,0,44,86,115,3,0,1,9,-277,0,-54,-88,9,-11
24841,8.56,T,45,0,592,0,99,247,215,8,T,81,0,506,0,37,233,152,2,1,36,0,-86,0,-62,-14,-63,-6
24842,9.59,T,43,0,540,0,0,16,84,2,P,20,0,512,0,0,22,59,0,0,-23,0,-28,0,0,6,-25,-2
24843,3.42,Z,18,0,42,0,480,90,65,6,T,21,0,198,0,219,116,25,3,1,3,0,156,0,-261,26,-40,-3
24844,10.3,Z,49,3,844,0,56,120,188,0,P,30,0,826,0,0,104,48,1,0,-19,-3,-18,0,-56,-16,-140,1
24845,7.09,T,62,0,287,0,160,332,222,6,T,46,0,502,0,652,141,95,5,0,-16,0,215,0,492,-191,-127,-1
24846,3.44,T,17,0,180,0,38,54,16,5,T,16,0,146,0,69,41,55,12,0,-1,0,-34,0,31,-13,39,7
24847,9.59,P,95,2,756,0,239,305,147,8,T,130,0,592,0,730,269,190,11,0,35,-2,-164,0,491,-36,43,3
24848,7.23,T,55,0,410,0,55,146,57,4,P,44,0,331,0,211,180,153,6,1,-11,0,-79,0,156,34,96,2
24849,10.03,Z,70,2,929,1,84,403,209,0,T,54,0,396,0,0,204,92,0,0,-16,-2,-533,-1,-84,-199,-117,0
24850,4.15,T,19,0,196,0,2,22,38,1,T,20,5,284,0,9,87,54,0,0,1,5,88,0,7,65,16,-1
24851,4.14,T,25,0,194,0,9,103,37,4,T,19,0,305,0,8,59,32,3,1,-6,0,111,0,-1,-44,-5,-1
24852,7.01,P,45,5,217,0,212,194,89,4,P,45,1,179,0,1,64,72,0,1,0,-4,-38,0,-211,-130,-17,-4
24853,8.13,P,52,0,396,0,245,220,113,9,Z,36,2,296,0,30,134,151,3,0,-16,2,-100,0,-215,-86,38,-6
24854,3.04,P,9,0,107,0,11,48,9,3,P,17,0,84,0,49,119,39,3,0,8,0,-23,0,38,71,30,0
24855,0.12,T,1,0,12,0,15,6,2,1,P,3,0,0,0,13,7,5,5,0,2,0,-12,0,-2,1,3,4
24856,9.56,T,103,0,1181,7,191,193,103,0,P,48,3,384,1,13,305,76,0,0,-55,3,-797,-6,-178,112,-27,0
24857,3.26,T,19,0,189,0,172,66,125,3,T,15,0,80,0,36,45,122,4,0,-4,0,-109,0,-136,-21,-3,1
24858,0.16,T,1,0,14,0,10,9,15,1,P,1,0,0,0,0,0,11,1,1,0,0,-14,0,-10,-9,-4,0
24859,9.55,T,66,9,649,0,76,183,102,3,P,34,0,589,0,1,214,67,3,1,-32,-9,-60,0,-75,31,-35,0
24860,9.59,Z,27,0,577,0,0,142,86,0,P,24,0,349,0,0,68,48,0,1,-3,0,-228,0,0,-74,-38,0
24861,5.4,Z,44,9,250,0,245,204,190,1,Z,40,0,106,0,15,138,127,6,0,-4,-9,-144,0,-230,-66,-63,5
24862,7.39,T,53,2,317,0,37,178,67,0,P,27,0,265,0,0,24,35,0,0,-26,-2,-52,0,-37,-154,-32,0
24863,3.24,P,8,0,284,0,3,54,8,1,Z,12,0,49,0,0,34,45,0,0,4,0,-235,0,-3,-20,37,-1
24864,5.51,P,41,4,287,16,136,150,195,0,T,35,0,358,9,365,127,100,1,1,-6,-4,71,-7,229,-23,-95,1
24865,7.58,Z,40,0,84,0,0,66,117,1,Z,40,0,406,0,0,81,133,0,1,0,0,322,0,0,15,16,-1
24866,4.41,Z,19,0,140,0,38,44,51,0,T,36,7,221,0,65,149,41,0,1,17,7,81,0,27,105,-10,0
24867,3.58,T,16,0,173,0,18,32,24,2,T,15,2,250,0,12,83,174,2,1,-1,2,77,0,-6,51,150,0
24868,10.1,Z,47,1,689,0,170,123,281,0,Z,64,9,810,0,566,270,173,2,1,17,8,121,0,396,147,-108,2
24869,5.59,P,51,0,339,0,408,209,199,9,T,49,0,258,0,505,229,49,7,1,-2,0,-81,0,97,20,-150,-2
24870,4.53,P,26,0,303,0,34,120,40,3,P,34,1,272,0,318,159,51,9,0,8,1,-31,0,284,39,11,6
24871,10.18,T,99,2,699,0,172,332,226,7,Z,59,2,627,0,28,296,261,4,0,-40,0,-72,0,-144,-36,35,-3
24872,9.59,P,55,0,591,0,58,262,105,12,T,64,1,601,0,11,264,127,2,0,9,1,10,0,-47,2,22,-10
24873,9.59,T,87,0,996,0,76,207,87,14,T,122,11,496,0,206,454,143,5,1,35,11,-500,0,130,247,56,-9
24874,9.59,Z,74,0,337,28,401,379,400,3,Z,81,5,613,0,68,407,318,4,0,7,5,276,-28,-333,28,-82,1
24875,7.4,P,33,0,275,0,79,302,71,2,P,35,2,146,0,7,141,64,0,1,2,2,-129,0,-72,-161,-7,-2
24876,7.56,Z,77,4,521,0,155,236,289,9,P,60,0,336,0,46,108,42,7,0,-17,-4,-185,0,-109,-128,-247,-2
24877,9,Z,56,3,320,0,9,97,168,0,Z,33,8,306,2,34,184,148,1,1,-23,5,-14,2,25,87,-20,1
24878,9.58,P,68,1,771,0,102,220,95,7,T,89,4,521,0,56,302,127,1,1,21,3,-250,0,-46,82,32,-6
24879,3.17,Z,10,0,247,2,2,18,42,0,T,18,1,197,0,0,14,26,0,0,8,1,-50,-2,-2,-4,-16,0
24880,4.55,Z,19,0,126,0,53,145,103,3,Z,24,4,229,0,173,72,66,5,1,5,4,103,0,120,-73,-37,2
24881,9.59,T,53,0,376,0,21,134,83,6,T,42,2,965,0,2,76,78,0,0,-11,2,589,0,-19,-58,-5,-6
24882,9.58,P,50,2,779,0,77,128,68,6,Z,76,7,231,0,190,231,377,3,0,26,5,-548,0,113,103,309,-3
24883,2.49,Z,9,3,182,2,273,98,49,0,P,14,0,208,0,21,116,10,3,0,5,-3,26,-2,-252,18,-39,3
24884,9.58,T,56,0,547,0,291,102,79,10,Z,44,5,477,0,31,99,210,1,1,-12,5,-70,0,-260,-3,131,-9
24885,9.59,Z,54,3,601,0,89,110,136,3,T,71,0,614,0,69,137,102,17,0,17,-3,13,0,-20,27,-34,14
24886,7.29,Z,50,0,526,0,357,207,306,16,Z,52,0,282,0,231,131,248,12,0,2,0,-244,0,-126,-76,-58,-4
24887,9.58,P,54,0,240,0,22,128,57,5,T,35,3,731,0,5,44,79,0,0,-19,3,491,0,-17,-84,22,-5
24888,3.22,Z,16,0,26,32,111,61,139,4,T,14,2,113,0,3,28,29,0,1,-2,2,87,-32,-108,-33,-110,-4
24889,9,Z,54,11,588,0,103,97,173,12,T,65,0,488,0,139,108,86,3,1,11,-11,-100,0,36,11,-87,-9
24890,5.22,Z,31,0,268,0,38,74,80,2,Z,23,0,143,2,7,117,70,0,1,-8,0,-125,2,-31,43,-10,-2
24891,3.24,P,15,0,93,0,25,151,64,3,P,18,0,205,0,311,59,81,3,1,3,0,112,0,286,-92,17,0
24892,9.59,T,60,0,799,0,10,338,109,2,T,51,5,877,0,2,325,114,0,1,-9,5,78,0,-8,-13,5,-2
24893,7.59,T,66,0,418,0,163,178,108,17,P,32,0,272,0,0,64,72,0,0,-34,0,-146,0,-163,-114,-36,-17
24894,3.38,P,15,0,130,0,28,52,69,2,T,14,0,84,0,1,16,37,2,1,-1,0,-46,0,-27,-36,-32,0
24895,9.59,P,30,0,483,0,0,67,48,0,T,27,0,413,0,0,81,58,0,1,-3,0,-70,0,0,14,10,0
24896,9.59,Z,60,6,524,0,67,256,297,4,T,94,0,635,0,161,173,240,9,1,34,-6,111,0,94,-83,-57,5
24897,8.33,P,62,0,440,0,143,253,146,4,T,75,0,306,0,637,232,104,8,1,13,0,-134,0,494,-21,-42,4
24898,8.46,T,57,6,273,0,43,37,72,0,Z,46,6,334,0,198,172,505,1,1,-11,0,61,0,155,135,433,1
24899,7.56,T,83,3,475,0,255,306,163,6,Z,42,0,538,0,66,123,211,7,1,-41,-3,63,0,-189,-183,48,1
24900,9.58,T,46,3,589,0,49,84,75,3,P,22,0,278,0,0,18,29,1,0,-24,-3,-311,0,-49,-66,-46,-2
24901,9.59,T,80,0,914,0,68,211,102,17,P,61,3,697,0,24,94,57,2,0,-19,3,-217,0,-44,-117,-45,-15
24902,8.31,T,94,0,529,0,583,265,166,16,Z,56,0,288,0,162,182,248,5,0,-38,0,-241,0,-421,-83,82,-11
24903,4.25,Z,19,1,191,0,52,57,126,6,P,27,0,226,0,199,128,51,8,0,8,-1,35,0,147,71,-75,2
24904,6.05,T,50,2,326,0,93,193,100,2,Z,26,2,131,0,12,43,95,0,1,-24,0,-195,0,-81,-150,-5,-2
24905,8.03,Z,54,0,615,0,28,129,221,2,T,72,0,397,0,739,170,124,21,1,18,0,-218,0,711,41,-97,19
24906,3.46,P,13,0,143,0,0,73,30,1,P,16,0,146,0,188,153,155,2,0,3,0,3,0,188,80,125,1
24907,7.19,P,26,1,318,0,24,94,39,9,P,26,1,452,0,24,112,68,0,1,0,0,134,0,0,18,29,-9
24908,10.05,T,65,0,426,0,54,216,84,8,P,58,0,549,0,350,240,98,9,0,-7,0,123,0,296,24,14,1
24909,0.42,T,3,1,23,0,11,5,19,1,Z,1,0,18,0,25,11,35,1,1,-2,-1,-5,0,14,6,16,0
24910,9.49,P,73,0,446,0,523,241,228,14,Z,64,2,338,0,318,217,480,11,1,-9,2,-108,0,-205,-24,252,-3
24911,9.3,T,63,5,480,0,11,140,99,3,P,46,6,495,0,82,263,132,3,1,-17,1,15,0,71,123,33,0
24912,10.03,T,66,5,426,0,14,198,145,2,Z,53,3,604,0,23,136,177,0,0,-13,-2,178,0,9,-62,32,-2
24913,9.59,T,87,5,759,0,129,123,99,0,T,74,0,835,0,113,127,77,8,0,-13,-5,76,0,-16,4,-22,8
24914,10.14,Z,65,7,467,0,436,268,232,0,T,83,0,481,0,61,138,82,5,0,18,-7,14,0,-375,-130,-150,5
24915,9.59,Z,44,1,198,0,3,43,155,2,P,43,0,164,0,7,55,39,2,1,-1,-1,-34,0,4,12,-116,0
24916,9.57,T,77,0,1195,0,58,82,91,6,T,79,7,591,0,84,154,137,0,1,2,7,-604,0,26,72,46,-6
24917,9.59,T,75,0,544,0,3,307,153,4,Z,83,0,616,0,350,265,498,10,1,8,0,72,0,347,-42,345,6
24918,1.37,T,5,0,75,0,45,46,39,2,T,8,0,94,0,1,41,75,3,0,3,0,19,0,-44,-5,36,1
24919,8.08,T,103,5,327,0,427,160,119,16,Z,82,10,448,0,313,258,262,0,1,-21,5,121,0,-114,98,143,-16
24920,9.59,T,90,0,253,0,39,216,110,5,T,62,0,585,0,5,150,148,10,1,-28,0,332,0,-34,-66,38,5
24921,6.04,Z,41,0,278,0,96,128,128,10,P,39,4,342,0,341,219,81,4,1,-2,4,64,0,245,91,-47,-6
24922,10.07,Z,63,0,330,0,288,233,346,14,P,80,0,684,0,51,391,173,10,0,17,0,354,0,-237,158,-173,-4
24923,9.58,T,25,0,861,0,0,39,55,0,P,21,0,667,0,0,55,27,0,0,-4,0,-194,0,0,16,-28,0
24924,2,T,8,0,106,0,157,20,46,10,T,5,2,36,0,214,76,50,5,1,-3,2,-70,0,57,56,4,-5
24925,9.57,T,72,0,379,0,29,134,85,7,Z,48,1,508,0,207,270,224,6,0,-24,1,129,0,178,136,139,-1
24926,9.59,Z,62,0,578,0,52,131,166,9,T,70,2,588,0,1121,154,234,2,0,8,2,10,0,1069,23,68,-7
24927,9.35,Z,73,4,481,0,181,349,308,7,Z,69,0,447,12,153,360,316,18,1,-4,-4,-34,12,-28,11,8,11
24928,9.59,T,85,0,436,0,18,178,72,3,Z,52,0,400,0,38,138,165,4,0,-33,0,-36,0,20,-40,93,1
24929,4.29,Z,29,0,346,0,122,71,176,9,Z,27,0,321,0,345,61,83,6,1,-2,0,-25,0,223,-10,-93,-3
24930,6.56,Z,41,0,202,5,198,235,289,0,P,62,4,386,0,645,254,138,5,1,21,4,184,-5,447,19,-151,5
24931,9.57,T,35,0,530,0,4,89,75,4,Z,57,3,473,0,23,371,204,0,1,22,3,-57,0,19,282,129,-4
24932,4.14,Z,13,2,141,0,0,54,58,1,Z,15,0,159,0,7,38,65,5,1,2,-2,18,0,7,-16,7,4
24933,1.57,P,6,0,71,0,77,34,50,1,T,16,2,108,0,13,26,10,0,1,10,2,37,0,-64,-8,-40,-1
24934,9.02,T,53,5,642,0,174,189,98,3,T,82,3,619,0,114,121,81,8,1,29,-2,-23,0,-60,-68,-17,5
24935,9.45,T,82,7,471,0,312,115,115,2,T,88,5,306,0,57,185,87,8,1,6,-2,-165,0,-255,70,-28,6
24936,9.4,P,96,8,485,0,125,169,205,1,Z,75,4,834,0,274,190,202,3,0,-21,-4,349,0,149,21,-3,2
24937,9.59,Z,88,4,717,0,593,201,384,11,P,73,0,740,0,97,154,120,10,0,-15,-4,23,0,-496,-47,-264,-1
24938,6.08,Z,27,0,27,0,0,11,78,0,P,21,0,546,0,0,34,39,1,1,-6,0,519,0,0,23,-39,1
24939,10.42,T,78,0,583,0,80,118,94,12,T,62,0,823,0,83,277,157,10,1,-16,0,240,0,3,159,63,-2
24940,9.34,Z,92,11,651,0,453,185,650,0,T,106,3,650,0,303,339,114,19,1,14,-8,-1,0,-150,154,-536,19
24941,9.59,Z,60,4,334,0,47,108,136,0,T,41,0,468,0,0,31,68,0,0,-19,-4,134,0,-47,-77,-68,0
24942,6.37,Z,33,0,275,0,14,97,108,2,Z,34,0,202,0,40,134,109,7,1,1,0,-73,0,26,37,1,5
24943,9.02,P,28,0,130,0,23,83,41,7,T,54,0,595,0,1,124,114,4,1,26,0,465,0,-22,41,73,-3
24944,3.4,T,19,0,131,0,232,121,78,8,P,20,0,196,0,110,79,92,5,0,1,0,65,0,-122,-42,14,-3
24945,6.08,P,47,1,306,0,313,289,94,19,Z,41,5,308,0,214,177,179,0,1,-6,4,2,0,-99,-112,85,-19
24946,9.26,P,58,0,493,0,92,172,200,2,T,79,4,874,0,69,69,79,6,0,21,4,381,0,-23,-103,-121,4
24947,5.1,Z,27,0,60,0,0,11,74,0,P,26,3,427,0,3,115,34,1,1,-1,3,367,0,3,104,-40,1
24948,2.57,T,4,1,221,0,1,25,7,0,T,33,0,248,0,0,19,57,2,1,29,-1,27,0,-1,-6,50,2
24949,7.14,P,35,0,957,0,10,108,51,6,Z,52,0,387,0,36,101,137,6,1,17,0,-570,0,26,-7,86,0
24950,7.36,Z,33,0,348,0,22,157,194,1,T,64,1,222,0,332,162,60,13,1,31,1,-126,0,310,5,-134,12
24951,9.59,Z,47,2,413,0,12,91,152,4,T,84,0,867,0,500,160,173,8,0,37,-2,454,0,488,69,21,4
24952,9.59,Z,73,1,406,0,105,283,285,1,Z,57,0,443,0,35,326,229,4,0,-16,-1,37,0,-70,43,-56,3
24953,9.59,Z,74,11,442,0,215,225,203,5,T,100,0,314,0,477,192,170,16,0,26,-11,-128,0,262,-33,-33,11
24954,2.08,P,8,3,56,0,125,64,24,4,Z,8,0,99,0,7,33,90,2,0,0,-3,43,0,-118,-31,66,-2
24955,10.57,T,44,5,349,0,4,202,75,0,T,62,3,524,0,112,344,84,1,0,18,-2,175,0,108,142,9,1
24956,6.12,Z,35,8,213,0,123,91,244,0,Z,25,2,104,0,22,59,76,0,1,-10,-6,-109,0,-101,-32,-168,0
24957,6.35,P,30,0,291,0,0,18,53,0,P,27,0,477,0,0,41,55,0,1,-3,0,186,0,0,23,2,0
24958,0.55,P,2,0,41,0,0,9,4,0,Z,2,0,40,0,0,9,6,0,0,0,0,-1,0,0,0,2,0
24959,5.56,P,32,0,228,0,42,145,41,6,Z,37,3,240,0,39,52,90,3,1,5,3,12,0,-3,-93,49,-3
24960,8.04,T,34,0,139,0,0,44,65,0,P,36,3,417,0,215,136,41,4,1,2,3,278,0,215,92,-24,4
24961,9.59,T,55,0,612,0,0,205,103,3,T,65,0,816,0,135,246,110,7,0,10,0,204,0,135,41,7,4
24962,2.51,Z,6,0,40,0,0,12,27,0,Z,10,1,7,0,1,10,28,0,1,4,1,-33,0,1,-2,1,0
24963,9.59,T,101,7,355,0,14,188,156,0,Z,97,0,498,0,195,92,290,13,1,-4,-7,143,0,181,-96,134,13
24964,8.44,P,49,0,765,0,14,115,58,1,Z,36,0,467,0,52,132,177,3,0,-13,0,-298,0,38,17,119,2
24965,9.58,Z,66,2,804,0,6,89,210,0,Z,39,0,312,0,0,87,157,0,1,-27,-2,-492,0,-6,-2,-53,0
24966,4.44,Z,20,6,47,0,14,28,88,2,Z,18,2,97,0,26,61,99,1,1,-2,-4,50,0,12,33,11,-1
24967,9.59,Z,71,4,492,0,357,192,407,2,T,108,0,494,0,67,268,139,11,1,37,-4,2,0,-290,76,-268,9
24968,9.59,P,93,1,630,0,407,418,215,10,T,88,4,864,0,76,266,124,2,0,-5,3,234,0,-331,-152,-91,-8
24969,8.45,P,50,0,255,0,325,104,55,9,Z,56,0,488,0,140,182,281,3,1,6,0,233,0,-185,78,226,-6
24970,9.59,P,49,0,494,0,2,149,109,0,T,57,0,549,0,26,81,87,1,0,8,0,55,0,24,-68,-22,1
24971,3.41,Z,14,3,166,0,143,76,58,2,T,10,0,154,0,4,57,39,2,0,-4,-3,-12,0,-139,-19,-19,0
24972,3.24,T,22,0,175,0,8,35,27,2,P,20,0,136,0,42,106,38,3,1,-2,0,-39,0,34,71,11,1
24973,9.59,T,40,3,729,0,4,15,55,0,T,21,0,293,0,6,25,23,2,0,-19,-3,-436,0,2,10,-32,2
24974,9.58,T,82,9,490,0,108,130,80,0,Z,63,0,732,0,41,181,237,23,0,-19,-9,242,0,-67,51,157,23
24975,9.06,T,74,4,588,0,97,147,97,3,Z,63,3,361,0,41,198,177,3,1,-11,-1,-227,0,-56,51,80,0
24976,7.44,T,64,5,352,18,521,270,339,1,Z,47,11,524,0,519,287,250,2,1,-17,6,172,-18,-2,17,-89,1
24977,7.43,T,52,3,666,0,68,129,80,1,T,78,4,407,0,157,243,92,7,1,26,1,-259,0,89,114,12,6
24978,9.55,T,79,0,364,0,40,338,88,7,Z,64,2,418,0,40,157,210,5,1,-15,2,54,0,0,-181,122,-2
24979,9.59,Z,116,2,510,0,222,207,302,17,T,117,0,494,0,781,365,113,11,0,1,-2,-16,0,559,158,-189,-6
24980,8.37,T,70,3,516,0,58,175,108,1,Z,79,0,445,0,55,139,178,29,1,9,-3,-71,0,-3,-36,70,28
24981,5.17,Z,22,0,300,0,24,155,99,0,P,16,0,196,0,47,58,26,6,0,-6,0,-104,0,23,-97,-73,6
24982,4.31,T,18,1,327,0,1,53,68,4,Z,13,2,159,0,42,17,59,0,0,-5,1,-168,0,41,-36,-9,-4
24983,9.59,Z,78,0,877,0,78,185,421,4,P,66,0,549,0,88,225,115,14,0,-12,0,-328,0,10,40,-306,10
24984,1.59,Z,6,1,25,0,2,17,34,1,P,8,2,73,0,272,28,41,1,0,2,1,48,0,270,11,7,0
24985,9.59,P,40,0,775,0,6,83,80,4,Z,50,0,796,0,30,130,153,5,0,10,0,21,0,24,47,73,1
24986,4.59,P,54,0,237,0,318,189,159,14,Z,36,3,126,0,641,162,162,6,0,-18,3,-111,0,323,-27,3,-8
24987,9.58,T,55,0,814,0,23,103,104,4,P,41,4,814,0,35,122,64,5,0,-14,4,0,0,12,19,-40,1
24988,5.26,T,34,1,181,0,195,83,132,8,T,34,0,187,0,33,52,90,12,1,0,-1,6,0,-162,-31,-42,4
24989,8.57,T,41,0,441,0,3,94,117,8,T,48,0,457,0,1,114,105,3,1,7,0,16,0,-2,20,-12,-5
24990,7.05,T,55,3,362,0,161,157,185,3,P,46,0,164,0,13,66,63,8,0,-9,-3,-198,0,-148,-91,-122,5
24991,7.35,P,53,0,353,4,33,124,73,3,T,59,7,408,0,434,189,142,9,0,6,7,55,-4,401,65,69,6
24992,8.58,Z,38,6,599,0,8,71,114,1,T,41,0,270,0,1,226,84,2,1,3,-6,-329,0,-7,155,-30,1
24993,3.32,Z,16,0,242,0,51,107,61,3,Z,18,2,111,2,170,91,45,0,0,2,2,-131,2,119,-16,-16,-3
24994,5.49,P,46,0,270,0,49,146,44,8,Z,17,1,132,0,18,51,89,1,0,-29,1,-138,0,-31,-95,45,-7
24995,7.46,T,61,0,418,0,27,233,112,5,Z,58,4,430,0,21,167,158,0,0,-3,4,12,0,-6,-66,46,-5
24996,9.59,T,65,0,588,0,18,383,138,6,P,69,2,449,0,32,332,255,4,0,4,2,-139,0,14,-51,117,-2
24997,4.05,T,27,3,156,0,352,102,125,2,P,17,0,120,0,100,81,101,4,1,-10,-3,-36,0,-252,-21,-24,2
24998,8.15,T,110,4,441,0,96,272,166,3,P,79,6,332,0,133,272,136,5,0,-31,2,-109,0,37,0,-30,2
24999,1.34,T,4,0,171,0,2,4,10,1,Z,7,0,4,0,0,7,34,0,1,3,0,-167,0,-2,3,24,-1
25000,7.43,Z,51,0,499,0,116,143,250,3,Z,59,0,283,0,45,205,240,2,1,8,0,-216,0,-71,62,-10,-1
25001,9.58,T,72,0,210,0,14,159,117,9,T,54,0,997,0,6,95,92,1,1,-18,0,787,0,-8,-64,-25,-8
25002,3.43,T,14,0,153,0,1,9,23,1,T,25,0,398,0,0,135,29,1,0,11,0,245,0,-1,126,6,0
25003,3.01,T,13,0,113,0,3,168,26,3,P,11,0,210,0,172,54,89,1,0,-2,0,97,0,169,-114,63,-2
25004,9.59,T,101,1,445,0,355,199,172,28,P,66,0,682,0,112,145,91,22,0,-35,-1,237,0,-243,-54,-81,-6
25005,4.09,T,23,0,208,0,24,58,20,1,Z,14,1,35,0,12,4,43,5,1,-9,1,-173,0,-12,-54,23,4
25006,9.57,P,65,5,537,0,64,210,80,0,P,37,0,628,0,0,147,85,0,0,-28,-5,91,0,-64,-63,5,0
25007,2.18,T,10,0,118,0,130,64,56,2,Z,8,1,90,0,90,57,46,4,1,-2,1,-28,0,-40,-7,-10,2
25008,8.23,P,38,2,603,0,7,170,72,2,P,29,1,390,0,3,102,70,0,0,-9,-1,-213,0,-4,-68,-2,-2
25009,9.58,T,86,8,587,0,265,283,178,3,T,93,4,611,0,61,136,120,2,0,7,-4,24,0,-204,-147,-58,-1
25010,10.2,T,117,7,452,0,135,212,138,7,P,97,0,573,0,700,403,190,20,1,-20,-7,121,0,565,191,52,13
25011,10.5,T,73,0,752,0,17,168,153,2,T,123,2,686,0,806,251,377,22,1,50,2,-66,0,789,83,224,20
25012,3.45,T,11,0,98,0,0,53,24,1,P,17,1,344,0,3,104,24,0,1,6,1,246,0,3,51,0,-1
25013,9.54,P,80,2,332,6,52,376,121,1,Z,97,13,400,0,144,275,275,6,1,17,11,68,-6,92,-101,154,5
25014,9.17,P,89,1,483,0,958,360,260,11,P,82,0,712,0,529,395,211,15,0,-7,-1,229,0,-429,35,-49,4
25015,9.3,Z,77,0,411,0,78,144,203,5,Z,61,5,387,0,144,244,221,1,0,-16,5,-24,0,66,100,18,-4
25016,4.36,T,19,0,373,0,1,57,49,2,T,20,2,199,0,23,66,34,2,1,1,2,-174,0,22,9,-15,0
25017,9.59,T,52,0,756,0,10,79,103,3,T,64,0,410,0,79,241,73,16,0,12,0,-346,0,69,162,-30,13
25018,5.35,P,30,0,204,0,93,127,86,5,P,30,2,443,0,3,158,62,0,0,0,2,239,0,-90,31,-24,-5
25019,9.59,P,54,9,323,0,99,175,98,5,Z,57,1,954,0,9,49,188,1,0,3,-8,631,0,-90,-126,90,-4
25020,9.58,Z,42,0,617,0,0,34,175,0,T,59,6,586,0,4,85,91,0,1,17,6,-31,0,4,51,-84,0
25021,7.49,T,45,0,383,0,8,100,91,7,Z,42,0,274,0,41,68,117,11,1,-3,0,-109,0,33,-32,26,4
25022,3.23,Z,15,4,140,1,24,25,52,0,T,13,0,207,0,306,20,34,8,0,-2,-4,67,-1,282,-5,-18,8
25023,6.13,T,58,0,215,0,462,125,109,11,T,59,0,290,0,207,155,208,8,0,1,0,75,0,-255,30,99,-3
25024,4.3,Z,27,2,159,0,14,63,101,1,T,38,0,197,0,334,55,131,10,1,11,-2,38,0,320,-8,30,9
25025,7.07,Z,47,2,265,0,75,169,144,6,P,57,2,413,0,20,292,158,2,1,10,0,148,0,-55,123,14,-4
25026,10.06,Z,78,2,320,18,409,270,269,8,T,131,6,307,0,343,373,182,11,1,53,4,-13,-18,-66,103,-87,3
25027,3.38,Z,15,7,75,0,114,80,172,0,P,17,0,153,37,207,222,195,0,0,2,-7,78,37,93,142,23,0
25028,4.2,T,26,4,194,0,13,58,22,0,T,20,0,314,0,0,32,34,3,1,-6,-4,120,0,-13,-26,12,3
25029,8.16,T,80,0,585,0,443,155,109,8,P,45,0,601,0,9,147,61,2,0,-35,0,16,0,-434,-8,-48,-6
25030,8.11,T,50,0,270,5,263,112,117,0,Z,44,0,707,0,26,129,129,2,0,-6,0,437,-5,-237,17,12,2
25031,9.32,Z,51,0,390,0,8,117,162,8,T,39,0,713,0,5,32,65,7,0,-12,0,323,0,-3,-85,-97,-1
25032,9.56,T,43,0,793,0,0,74,115,0,T,67,0,530,0,4,281,82,3,1,24,0,-263,0,4,207,-33,3
25033,3.23,Z,19,0,114,0,383,153,155,3,T,19,2,200,0,329,60,95,2,1,0,2,86,0,-54,-93,-60,-1
25034,9.58,Z,64,8,397,0,423,318,326,12,T,103,0,472,0,87,342,100,10,0,39,-8,75,0,-336,24,-226,-2
25035,9.59,T,72,1,458,0,3,169,118,1,T,43,2,571,0,6,133,61,0,1,-29,1,113,0,3,-36,-57,-1
25036,8.48,T,91,2,386,0,1051,228,113,14,Z,51,0,409,0,50,216,179,24,0,-40,-2,23,0,-1001,-12,66,10
25037,5.5,Z,38,1,121,0,34,60,93,1,Z,35,3,218,0,62,57,206,2,0,-3,2,97,0,28,-3,113,1
25038,9.38,Z,66,1,342,0,239,172,277,8,Z,67,8,589,5,221,167,390,0,0,1,7,247,5,-18,-5,113,-8
25039,4.57,Z,19,0,136,0,0,40,64,0,T,24,0,252,0,0,49,73,0,0,5,0,116,0,0,9,9,0
25040,3.05,Z,17,0,67,0,362,30,93,8,T,11,3,98,0,249,73,22,0,1,-6,3,31,0,-113,43,-71,-8
25041,9.58,T,61,0,431,0,0,123,134,6,P,62,0,373,0,3,137,86,0,1,1,0,-58,0,3,14,-48,-6
25042,8.23,P,58,6,413,0,139,267,237,1,P,50,0,463,0,12,241,89,7,0,-8,-6,50,0,-127,-26,-148,6
25043,3.27,Z,15,0,234,0,139,30,170,2,T,14,4,131,0,118,53,162,1,0,-1,4,-103,0,-21,23,-8,-1
25044,9.59,Z,43,2,936,0,20,103,152,2,T,56,7,914,0,41,103,70,0,0,13,5,-22,0,21,0,-82,-2
25045,10.2,Z,79,0,444,0,230,150,285,6,T,92,0,519,0,54,376,139,10,0,13,0,75,0,-176,226,-146,4
25046,4.11,T,25,3,317,0,0,83,41,1,T,20,1,268,0,289,94,12,4,0,-5,-2,-49,0,289,11,-29,3
25047,9.51,T,94,15,828,0,81,111,124,4,Z,93,9,282,0,133,146,573,3,0,-1,-6,-546,0,52,35,449,-1
25048,6.08,T,59,2,347,0,171,258,48,16,Z,42,0,216,0,28,152,116,3,0,-17,-2,-131,0,-143,-106,68,-13
25049,9.59,P,58,6,496,20,80,245,189,0,T,100,0,604,0,19,255,135,13,0,42,-6,108,-20,-61,10,-54,13
25050,7.19,T,69,0,439,0,700,377,56,8,T,63,13,228,0,38,402,67,1,1,-6,13,-211,0,-662,25,11,-7
25051,5.23,Z,27,0,42,0,40,8,127,4,Z,19,0,155,0,6,73,112,2,0,-8,0,113,0,-34,65,-15,-2
25052,9.59,P,31,0,449,0,0,221,79,1,T,57,3,432,0,24,93,81,1,0,26,3,-17,0,24,-128,2,0
25053,4.39,Z,17,0,188,0,9,24,56,3,T,6,0,38,0,0,10,25,0,1,-11,0,-150,0,-9,-14,-31,-3
25054,6.53,Z,40,0,371,0,5,86,123,4,Z,35,0,771,0,0,50,125,2,0,-5,0,400,0,-5,-36,2,-2
25055,4.06,Z,16,0,108,0,6,26,80,3,P,21,0,162,0,6,88,27,2,0,5,0,54,0,0,62,-53,-1
25056,8.34,Z,56,0,585,0,55,78,206,1,Z,89,9,363,3,317,212,272,6,1,33,9,-222,3,262,134,66,5
25057,3.23,P,20,0,260,0,9,88,59,5,Z,15,1,162,0,10,31,173,0,0,-5,1,-98,0,1,-57,114,-5
25058,9.28,T,77,0,251,0,55,170,298,2,T,85,0,797,0,178,191,152,7,0,8,0,546,0,123,21,-146,5
25059,3.59,T,19,0,231,0,203,91,28,7,P,21,0,236,0,117,95,55,6,0,2,0,5,0,-86,4,27,-1
25060,8.1,Z,68,0,440,0,59,332,193,40,T,87,5,215,0,707,215,104,8,0,19,5,-225,0,648,-117,-89,-32
25061,9.59,Z,37,1,621,0,16,44,128,0,T,29,0,450,0,0,28,42,1,1,-8,-1,-171,0,-16,-16,-86,1
25062,9.59,T,86,0,592,0,59,327,270,8,Z,59,0,544,17,94,233,294,3,1,-27,0,-48,17,35,-94,24,-5
25063,9.56,Z,69,0,454,0,73,142,240,7,T,107,0,714,0,193,214,117,10,1,38,0,260,0,120,72,-123,3
25064,9.59,P,75,2,671,0,60,344,70,11,P,79,0,581,0,81,358,89,16,1,4,-2,-90,0,21,14,19,5
25065,9.58,P,41,0,302,0,36,129,69,8,T,51,6,748,0,3,39,84,1,1,10,6,446,0,-33,-90,15,-7
25066,9.59,T,87,3,934,0,1,202,152,0,Z,53,8,461,0,310,353,250,12,0,-34,5,-473,0,309,151,98,12
25067,9.46,P,83,3,434,0,788,240,195,9,P,74,8,367,0,967,231,144,5,0,-9,5,-67,0,179,-9,-51,-4
25068,10.45,T,114,4,649,0,236,251,207,13,Z,64,1,535,0,16,96,165,0,0,-50,-3,-114,0,-220,-155,-42,-13
25069,9.52,T,67,2,560,0,15,182,99,0,Z,76,0,760,0,42,332,222,10,1,9,-2,200,0,27,150,123,10
25070,9.59,T,57,0,366,0,115,131,129,6,Z,51,0,856,0,25,116,226,3,1,-6,0,490,0,-90,-15,97,-3
25071,9.59,P,46,3,435,0,34,148,72,0,P,34,0,391,0,0,35,52,1,1,-12,-3,-44,0,-34,-113,-20,1
25072,7.31,P,38,0,512,0,12,155,59,3,T,58,4,383,0,63,184,86,0,1,20,4,-129,0,51,29,27,-3
25073,9.21,P,30,0,597,0,2,84,69,1,T,25,0,289,0,0,36,50,0,0,-5,0,-308,0,-2,-48,-19,-1
25074,9.48,T,44,0,414,0,6,145,107,4,P,30,0,427,0,16,111,90,6,0,-14,0,13,0,10,-34,-17,2
25075,3.25,Z,10,1,156,0,212,32,109,4,T,13,1,107,0,280,17,12,2,0,3,0,-49,0,68,-15,-97,-2
25076,9.59,T,51,0,537,0,253,225,116,3,T,58,0,353,0,48,291,109,12,0,7,0,-184,0,-205,66,-7,9
25077,10.38,T,74,4,325,0,14,224,146,3,Z,67,7,418,0,37,164,254,1,1,-7,3,93,0,23,-60,108,-2
25078,9.57,P,40,2,527,0,6,85,91,0,Z,36,2,918,0,1,62,139,0,0,-4,0,391,0,-5,-23,48,0
25079,9.04,Z,37,0,98,0,40,77,110,7,Z,59,2,226,0,30,108,198,0,1,22,2,128,0,-10,31,88,-7
25080,9.58,P,38,0,251,0,13,109,65,10,T,64,0,505,0,21,156,88,5,1,26,0,254,0,8,47,23,-5
25081,2.37,P,9,2,28,0,328,60,64,3,P,11,0,169,0,299,89,15,8,1,2,-2,141,0,-29,29,-49,5
25082,7.3,T,83,0,388,0,45,168,94,7,T,54,0,334,0,12,187,338,1,0,-29,0,-54,0,-33,19,244,-6
25083,8.52,T,51,0,795,0,148,105,168,15,P,57,3,411,0,168,248,202,8,1,6,3,-384,0,20,143,34,-7
25084,9.31,Z,58,0,401,0,0,51,179,0,Z,45,0,432,0,0,235,161,0,1,-13,0,31,0,0,184,-18,0
25085,9.47,T,68,10,399,0,246,180,155,2,Z,71,6,631,0,65,163,250,0,0,3,-4,232,0,-181,-17,95,-2
25086,9.59,T,59,0,711,0,3,123,177,4,P,42,0,349,0,152,198,252,3,1,-17,0,-362,0,149,75,75,-1
25087,4.18,P,24,2,189,0,15,167,45,0,T,26,0,225,0,15,84,47,3,0,2,-2,36,0,0,-83,2,3
25088,1.18,P,5,1,71,0,0,23,10,0,T,1,0,5,0,0,0,1,0,0,-4,-1,-66,0,0,-23,-9,0
25089,1.22,P,4,1,74,0,22,20,26,0,Z,0,0,1,0,0,0,0,0,0,-4,-1,-73,0,-22,-20,-26,0
25090,4.05,Z,27,0,247,0,325,64,168,6,T,23,0,130,0,137,87,45,8,0,-4,0,-117,0,-188,23,-123,2
25091,8.44,Z,40,1,684,0,241,258,129,4,Z,40,2,371,0,188,223,174,6,1,0,1,-313,0,-53,-35,45,2
25092,8.56,T,106,4,462,0,663,238,202,10,Z,65,0,682,0,105,206,229,11,0,-41,-4,220,0,-558,-32,27,1
25093,8.19,Z,40,0,278,0,23,48,88,7,T,64,6,491,0,225,170,139,2,1,24,6,213,0,202,122,51,-5
25094,7.55,P,48,0,471,0,86,170,74,5,T,82,0,599,0,156,208,139,9,1,34,0,128,0,70,38,65,4
25095,5.11,P,22,0,128,0,0,39,35,2,T,22,0,250,0,11,54,80,5,0,0,0,122,0,11,15,45,3
25096,4.17,T,18,0,215,0,247,64,39,4,P,12,0,350,0,2,76,25,0,0,-6,0,135,0,-245,12,-14,-4
25097,9.56,Z,93,8,476,0,359,360,311,7,T,127,0,489,0,418,360,199,14,0,34,-8,13,0,59,0,-112,7
25098,5.55,Z,40,8,139,0,108,129,168,1,Z,36,0,163,0,147,85,204,4,0,-4,-8,24,0,39,-44,36,3
25099,9.59,T,58,6,723,0,110,331,100,10,T,56,2,408,0,26,232,86,4,1,-2,-4,-315,0,-84,-99,-14,-6
25100,7.58,Z,55,0,383,0,89,101,233,4,P,41,0,521,0,155,124,96,3,0,-14,0,138,0,66,23,-137,-1
25101,5.5,P,30,0,232,0,1,227,50,2,P,16,0,340,0,2,102,55,2,0,-14,0,108,0,1,-125,5,0
25102,6.58,P,28,0,553,0,6,70,42,1,Z,40,2,280,0,25,75,133,0,0,12,2,-273,0,19,5,91,-1
25103,9.59,T,87,4,745,0,404,297,105,4,Z,60,7,655,0,36,145,205,0,1,-27,3,-90,0,-368,-152,100,-4
25104,9.58,Z,53,4,426,0,90,477,174,5,P,54,0,434,0,19,223,134,8,0,1,-4,8,0,-71,-254,-40,3
25105,5.59,Z,26,1,141,0,830,105,110,4,T,40,0,391,0,62,85,70,12,1,14,-1,250,0,-768,-20,-40,8
25106,8.31,Z,78,17,426,0,631,203,379,13,T,66,0,548,0,31,239,252,10,0,-12,-17,122,0,-600,36,-127,-3
25107,6.04,T,55,3,342,0,429,73,118,7,Z,29,7,385,2,89,128,157,0,0,-26,4,43,2,-340,55,39,-7
25108,7.29,T,55,3,620,0,444,119,87,6,T,64,10,589,0,230,162,157,2,1,9,7,-31,0,-214,43,70,-4
25109,9.59,T,96,3,873,0,58,227,120,6,Z,82,0,286,0,914,352,215,9,1,-14,-3,-587,0,856,125,95,3
25110,6.22,T,26,0,506,0,17,74,60,5,P,31,1,375,0,29,159,76,11,0,5,1,-131,0,12,85,16,6
25111,9.59,P,76,1,667,0,44,182,80,16,Z,73,14,613,0,63,213,231,4,0,-3,13,-54,0,19,31,151,-12
25112,3.26,P,15,0,44,0,2,27,15,0,Z,12,2,53,0,473,74,166,2,1,-3,2,9,0,471,47,151,2
25113,9.59,T,91,0,562,0,46,212,245,12,Z,54,0,569,0,76,284,301,1,0,-37,0,7,0,30,72,56,-11
25114,5.52,Z,40,2,169,0,423,162,197,10,Z,38,6,267,0,202,167,122,1,0,-2,4,98,0,-221,5,-75,-9
25115,9.59,Z,82,0,577,0,369,242,393,8,T,107,11,462,0,973,413,123,4,0,25,11,-115,0,604,171,-270,-4
25116,9.2,P,45,6,1076,0,27,247,77,4,Z,45,0,615,0,26,271,194,6,1,0,-6,-461,0,-1,24,117,2
25117,9.59,T,34,1,465,0,3,52,77,4,T,51,0,526,0,0,13,65,0,1,17,-1,61,0,-3,-39,-12,-4
25118,2.29,Z,8,1,109,0,1,21,69,0,Z,8,2,53,0,0,21,42,0,0,0,1,-56,0,-1,0,-27,0
25119,5.56,T,23,0,424,0,6,45,25,4,T,14,0,87,0,0,55,31,0,0,-9,0,-337,0,-6,10,6,-4
25120,7.13,Z,45,7,318,0,34,61,125,1,P,34,4,462,0,4,95,51,0,1,-11,-3,144,0,-30,34,-74,-1
25121,7.07,P,57,2,369,0,460,185,60,6,P,52,1,393,0,35,176,67,3,1,-5,-1,24,0,-425,-9,7,-3
25122,8.34,T,47,0,703,0,0,73,69,1,Z,30,0,671,0,23,76,118,2,0,-17,0,-32,0,23,3,49,1
25123,10.48,T,139,0,434,0,741,276,186,11,T,68,0,782,0,336,313,162,9,0,-71,0,348,0,-405,37,-24,-2
25124,10.4,Z,75,6,628,0,198,474,388,3,T,70,8,608,0,28,80,93,2,0,-5,2,-20,0,-170,-394,-295,-1
25125,9.59,T,55,0,544,0,4,82,139,4,T,55,0,583,0,12,77,94,3,1,0,0,39,0,8,-5,-45,-1
25126,9.59,Z,43,4,759,0,37,54,124,0,T,59,0,357,0,17,65,109,5,1,16,-4,-402,0,-20,11,-15,5
25127,9.59,T,55,6,720,0,36,98,100,0,T,67,0,552,0,242,118,243,8,1,12,-6,-168,0,206,20,143,8
25128,4.43,T,42,0,140,0,33,96,35,3,Z,37,2,232,0,254,67,98,1,0,-5,2,92,0,221,-29,63,-2
25129,1.29,T,3,0,118,0,16,12,27,3,T,1,0,177,0,0,13,7,2,1,-2,0,59,0,-16,1,-20,-1
25130,9.58,P,47,5,264,0,32,132,62,0,Z,45,1,753,0,20,124,156,0,0,-2,-4,489,0,-12,-8,94,0
25131,4.27,T,23,0,203,0,0,23,37,0,T,24,4,179,0,126,163,47,3,1,1,4,-24,0,126,140,10,3
25132,8.26,Z,47,6,540,0,81,231,211,6,P,51,0,869,0,6,174,92,1,1,4,-6,329,0,-75,-57,-119,-5
25133,6.36,T,41,1,223,0,50,187,206,3,T,40,0,364,0,387,190,75,9,0,-1,-1,141,0,337,3,-131,6
25134,9.57,T,118,0,554,0,116,238,149,10,Z,68,2,562,0,44,128,273,5,1,-50,2,8,0,-72,-110,124,-5
25135,9.59,P,39,0,527,0,0,86,74,0,T,50,7,616,0,11,149,108,2,1,11,7,89,0,11,63,34,2
25136,6.26,P,12,0,161,0,0,3,16,0,T,32,0,275,0,33,52,47,6,1,20,0,114,0,33,49,31,6
25137,9.58,P,53,0,772,0,0,136,103,0,Z,59,5,215,0,49,107,189,0,0,6,5,-557,0,49,-29,86,0
25138,10.2,T,61,0,680,0,32,137,79,3,Z,45,2,1364,0,11,92,185,1,0,-16,2,684,0,-21,-45,106,-2
25139,9.4,T,52,0,585,0,3,158,93,2,Z,41,0,402,0,0,41,121,0,0,-11,0,-183,0,-3,-117,28,-2
25140,7.45,T,61,0,805,0,30,85,113,5,Z,48,7,460,0,75,231,260,3,1,-13,7,-345,0,45,146,147,-2
25141,9.24,T,97,0,489,0,565,197,129,8,P,84,0,446,0,99,456,95,14,1,-13,0,-43,0,-466,259,-34,6
25142,3.22,T,15,0,158,0,0,11,45,0,T,10,0,130,0,35,85,22,3,1,-5,0,-28,0,35,74,-23,3
25143,7.25,T,85,2,369,0,395,219,162,8,Z,49,0,474,0,535,140,176,14,0,-36,-2,105,0,140,-79,14,6
25144,6.15,P,69,1,231,0,321,212,174,11,T,56,0,291,0,252,174,126,9,0,-13,-1,60,0,-69,-38,-48,-2
25145,1.23,T,8,0,89,0,0,19,14,1,Z,6,0,103,0,12,20,20,3,0,-2,0,14,0,12,1,6,2
25146,2.16,Z,6,0,30,0,2,20,102,2,Z,10,2,212,0,12,27,27,2,1,4,2,182,0,10,7,-75,0
25147,10.24,Z,64,0,588,0,29,181,184,3,T,57,3,444,0,11,156,97,4,0,-7,3,-144,0,-18,-25,-87,1
25148,3.12,T,20,0,233,0,0,49,39,3,P,15,1,210,0,7,87,29,2,1,-5,1,-23,0,7,38,-10,-1
25149,5.47,T,23,8,417,0,548,117,120,0,Z,35,0,279,0,69,137,204,4,0,12,-8,-138,0,-479,20,84,4
25150,4.28,P,29,0,369,0,11,50,37,3,T,19,0,250,0,39,51,36,3,0,-10,0,-119,0,28,1,-1,0
25151,3.12,P,11,3,242,0,199,107,42,4,Z,16,1,257,0,277,50,108,4,1,5,-2,15,0,78,-57,66,0
25152,3.36,Z,17,0,207,0,192,60,92,1,Z,17,0,149,0,155,48,106,18,1,0,0,-58,0,-37,-12,14,17
25153,4.21,T,28,0,268,0,57,140,155,9,Z,23,1,175,0,29,50,89,3,0,-5,1,-93,0,-28,-90,-66,-6
25154,9.53,T,44,0,587,0,0,142,89,0,T,53,0,952,0,0,120,88,3,1,9,0,365,0,0,-22,-1,3
25155,9.17,T,42,0,336,0,0,28,64,0,Z,35,0,392,0,1,61,94,0,0,-7,0,56,0,1,33,30,0
25156,5.26,Z,35,3,457,0,106,136,166,4,T,51,0,278,0,184,226,30,5,1,16,-3,-179,0,78,90,-136,1
25157,5.48,Z,36,0,365,0,16,108,185,3,T,33,0,197,0,80,145,47,6,0,-3,0,-168,0,64,37,-138,3
25158,9.57,P,39,1,727,0,5,102,77,1,T,56,0,520,0,1,31,80,4,0,17,-1,-207,0,-4,-71,3,3
25159,9.58,T,79,0,434,0,0,128,175,0,Z,65,0,473,0,49,171,223,14,0,-14,0,39,0,49,43,48,14
25160,9.35,P,80,0,564,0,264,316,121,16,P,91,4,451,0,252,454,147,11,0,11,4,-113,0,-12,138,26,-5
25161,9.49,T,90,0,610,0,180,251,186,10,P,64,4,870,0,25,266,84,4,0,-26,4,260,0,-155,15,-102,-6
25162,9.59,P,53,0,339,0,22,56,43,5,T,79,0,495,0,4,307,188,5,0,26,0,156,0,-18,251,145,0
25163,9.57,P,26,0,689,0,0,29,32,0,P,25,0,489,0,0,66,67,0,0,-1,0,-200,0,0,37,35,0
25164,9.5,P,38,1,483,0,17,552,121,6,T,94,0,505,0,52,390,116,9,1,56,-1,22,0,35,-162,-5,3
25165,4.09,Z,20,1,79,0,64,29,59,2,T,17,0,92,0,72,36,23,3,1,-3,-1,13,0,8,7,-36,1
25166,3.15,T,14,2,230,0,222,43,61,1,Z,15,2,117,0,7,23,73,2,1,1,0,-113,0,-215,-20,12,1
25167,3.36,T,18,0,326,0,342,68,24,2,Z,11,0,131,0,22,30,38,1,1,-7,0,-195,0,-320,-38,14,-1
25168,9.58,T,74,5,394,0,63,150,81,15,Z,51,18,482,0,211,244,150,0,0,-23,13,88,0,148,94,69,-15
25169,9.59,P,78,0,583,0,63,312,102,16,Z,81,0,467,0,32,131,182,5,1,3,0,-116,0,-31,-181,80,-11
25170,10.48,Z,44,8,224,0,128,248,172,7,Z,32,0,388,0,0,17,121,0,0,-12,-8,164,0,-128,-231,-51,-7
25171,7.13,T,56,2,281,0,40,114,84,3,T,46,0,325,0,474,106,177,7,1,-10,-2,44,0,434,-8,93,4
25172,8.43,T,83,2,623,0,36,231,132,2,Z,61,0,411,0,122,223,355,4,0,-22,-2,-212,0,86,-8,223,2
25173,8.42,P,52,5,704,0,21,173,39,0,P,51,5,651,0,27,96,68,0,0,-1,0,-53,0,6,-77,29,0
25174,6.32,Z,30,0,364,0,3,38,120,2,P,39,4,146,0,15,128,90,4,1,9,4,-218,0,12,90,-30,2
25175,9.58,P,29,0,1009,0,0,143,66,1,Z,55,0,746,0,45,137,185,1,1,26,0,-263,0,45,-6,119,0
25176,10.41,P,43,0,754,0,13,154,81,5,T,49,0,485,0,15,101,66,4,0,6,0,-269,0,2,-53,-15,-1
25177,2.05,T,10,2,166,0,5,60,15,1,P,6,0,73,0,1,74,35,1,0,-4,-2,-93,0,-4,14,20,0
25178,9.59,T,123,0,494,0,273,316,161,16,Z,63,14,472,0,181,439,336,4,0,-60,14,-22,0,-92,123,175,-12
25179,3.17,Z,7,0,150,0,0,18,29,0,T,12,0,221,0,0,60,24,2,0,5,0,71,0,0,42,-5,2
25180,0.15,Z,1,0,15,0,2,5,7,2,T,1,0,10,0,6,5,12,2,0,0,0,-5,0,4,0,5,0
25181,9.53,Z,70,9,461,0,432,340,488,6,Z,48,4,433,0,69,185,253,11,1,-22,-5,-28,0,-363,-155,-235,5
25182,4.24,T,24,1,297,0,347,48,187,6,T,23,2,118,0,14,352,41,0,0,-1,1,-179,0,-333,304,-146,-6
25183,9.58,Z,91,0,704,0,86,291,244,5,T,138,0,669,0,231,320,231,9,1,47,0,-35,0,145,29,-13,4
25184,5.34,T,35,0,420,0,75,108,39,5,T,38,0,350,0,248,51,100,3,0,3,0,-70,0,173,-57,61,-2
25185,9.54,Z,56,9,411,0,127,179,263,2,P,56,1,762,0,54,156,82,2,1,0,-8,351,0,-73,-23,-181,0
25186,7.44,Z,57,2,493,0,156,226,296,0,P,77,9,344,0,241,208,133,8,0,20,7,-149,0,85,-18,-163,8
25187,9.58,Z,71,0,495,0,156,254,385,4,P,40,0,502,0,0,167,211,0,0,-31,0,7,0,-156,-87,-174,-4
25188,4.18,T,31,3,210,0,213,53,66,2,T,30,2,190,0,24,128,29,2,0,-1,-1,-20,0,-189,75,-37,0
25189,2.54,Z,16,0,51,0,0,24,65,2,T,11,2,177,0,89,37,17,2,0,-5,2,126,0,89,13,-48,0
25190,4.57,P,43,3,327,0,380,246,165,7,T,45,0,191,0,170,92,66,6,0,2,-3,-136,0,-210,-154,-99,-1
25191,8.34,Z,42,0,821,0,0,149,133,0,Z,51,0,471,0,42,236,181,10,1,9,0,-350,0,42,87,48,10
25192,9.59,P,56,0,346,0,106,240,179,10,T,92,6,710,0,70,305,121,6,0,36,6,364,0,-36,65,-58,-4
25193,3.51,T,12,0,161,0,0,4,26,0,Z,16,0,128,0,16,10,39,1,1,4,0,-33,0,16,6,13,1
25194,10,P,73,1,682,0,330,298,107,10,Z,88,0,396,0,75,171,250,7,1,15,-1,-286,0,-255,-127,143,-3
25195,9.59,Z,54,0,1060,0,1,167,202,1,T,94,7,457,0,125,255,126,2,1,40,7,-603,0,124,88,-76,1
25196,8.34,Z,44,0,390,0,250,159,171,8,Z,37,8,254,0,59,90,141,0,0,-7,8,-136,0,-191,-69,-30,-8
25197,6.36,Z,38,0,672,0,35,85,118,1,P,42,0,288,0,96,168,48,12,1,4,0,-384,0,61,83,-70,11
25198,10.42,P,88,18,698,0,26,272,83,0,T,114,0,818,0,285,356,169,16,0,26,-18,120,0,259,84,86,16
25199,9.58,P,61,1,501,0,80,180,58,6,Z,57,3,572,0,39,115,140,3,1,-4,2,71,0,-41,-65,82,-3
25200,9.59,T,45,0,670,0,1,57,93,2,P,49,1,544,0,4,138,73,2,0,4,1,-126,0,3,81,-20,0
25201,9.59,P,82,1,461,16,91,201,121,5,Z,58,12,331,0,45,156,197,4,1,-24,11,-130,-16,-46,-45,76,-1
25202,9.58,T,90,0,603,0,32,105,108,3,Z,68,5,407,0,235,221,511,1,0,-22,5,-196,0,203,116,403,-2
25203,9.59,Z,71,5,451,0,251,292,278,2,T,88,0,422,15,263,156,164,4,1,17,-5,-29,15,12,-136,-114,2
25204,3.37,P,16,0,205,0,21,243,28,6,Z,20,0,232,0,85,48,64,2,1,4,0,27,0,64,-195,36,-4
25205,9.59,Z,63,3,561,0,340,203,172,10,T,93,1,407,0,122,191,106,9,1,30,-2,-154,0,-218,-12,-66,-1
25206,9.58,Z,57,3,514,0,34,141,269,0,Z,54,1,163,0,41,161,233,0,0,-3,-2,-351,0,7,20,-36,0
25207,9.59,T,47,0,394,0,0,62,106,2,T,52,0,411,0,0,106,73,0,1,5,0,17,0,0,44,-33,-2
25208,6.17,P,30,2,180,0,71,113,46,7,T,52,0,470,0,278,211,60,8,0,22,-2,290,0,207,98,14,1
25209,10.13,T,92,4,520,0,106,312,232,10,P,90,0,595,0,158,241,209,13,0,-2,-4,75,0,52,-71,-23,3
25210,9.59,P,69,5,774,0,24,234,106,0,T,55,0,1048,0,8,90,129,1,1,-14,-5,274,0,-16,-144,23,1
25211,9.57,Z,54,2,202,0,43,70,170,4,Z,50,1,1058,0,59,163,143,6,0,-4,-1,856,0,16,93,-27,2
25212,10.01,T,84,1,888,0,45,209,121,1,T,76,8,518,0,43,173,66,2,0,-8,7,-370,0,-2,-36,-55,1
25213,10.03,T,77,6,643,0,421,372,127,5,Z,75,7,577,0,413,237,167,1,1,-2,1,-66,0,-8,-135,40,-4
25214,6.33,T,35,0,680,0,18,56,43,3,Z,26,0,281,2,30,19,89,0,0,-9,0,-399,2,12,-37,46,-3
25215,9.59,Z,77,0,449,0,38,155,202,4,T,117,8,445,0,69,229,239,4,0,40,8,-4,0,31,74,37,0
25216,8.26,T,88,0,339,0,185,227,148,8,T,87,0,500,0,226,199,126,19,1,-1,0,161,0,41,-28,-22,11
25217,8.46,Z,53,3,329,0,695,211,200,4,Z,75,13,566,0,152,358,267,12,0,22,10,237,0,-543,147,67,8
25218,9.59,T,56,0,598,0,4,254,107,2,Z,42,7,344,0,370,98,139,1,1,-14,7,-254,0,366,-156,32,-1
25219,6.17,P,46,0,571,0,24,199,74,4,Z,38,2,281,0,365,132,76,4,0,-8,2,-290,0,341,-67,2,0
25220,6.11,P,43,0,478,0,55,173,82,8,T,59,1,333,0,100,173,58,8,1,16,1,-145,0,45,0,-24,0
25221,1.35,Z,4,2,20,0,198,52,78,0,P,9,0,125,0,222,45,51,5,1,5,-2,105,0,24,-7,-27,5
25222,9.59,Z,28,0,183,0,7,33,97,1,T,75,0,340,0,79,367,167,5,0,47,0,157,0,72,334,70,4
25223,9.56,P,25,0,472,0,0,103,40,2,P,29,0,633,0,0,154,47,0,0,4,0,161,0,0,51,7,-2
25224,4.49,P,17,0,187,0,310,76,33,4,Z,13,1,78,0,89,11,48,1,0,-4,1,-109,0,-221,-65,15,-3
25225,9.59,Z,70,0,855,0,28,196,316,3,P,85,0,1125,0,66,351,118,8,1,15,0,270,0,38,155,-198,5
25226,9.59,T,52,0,726,0,15,193,98,1,T,28,0,648,0,9,204,83,4,0,-24,0,-78,0,-6,11,-15,3
25227,9.59,P,107,0,418,0,360,298,59,12,P,80,0,524,0,81,288,256,17,1,-27,0,106,0,-279,-10,197,5
25228,9.58,T,92,0,635,0,500,231,157,8,T,96,2,542,0,421,327,195,13,0,4,2,-93,0,-79,96,38,5
25229,7.1,T,67,3,510,0,407,254,175,5,P,45,3,386,0,15,189,96,1,0,-22,0,-124,0,-392,-65,-79,-4
25230,9.59,T,74,0,788,0,476,250,162,7,P,91,0,446,0,446,293,153,15,1,17,0,-342,0,-30,43,-9,8
25231,5.42,P,35,0,315,0,20,66,54,7,P,33,3,212,0,505,161,177,4,1,-2,3,-103,0,485,95,123,-3
25232,4.26,Z,14,0,246,0,248,144,123,6,T,23,0,156,1,13,91,36,0,0,9,0,-90,1,-235,-53,-87,-6
25233,7.04,T,89,0,411,0,546,176,192,11,T,62,0,281,0,384,128,208,5,1,-27,0,-130,0,-162,-48,16,-6
25234,7.19,Z,31,0,292,0,187,53,262,2,Z,36,0,193,0,9,52,114,5,0,5,0,-99,0,-178,-1,-148,3
25235,2.21,P,9,0,58,0,0,115,33,0,T,11,0,100,0,165,56,37,3,1,2,0,42,0,165,-59,4,3
25236,3.29,T,25,1,221,0,258,97,55,8,Z,15,0,100,0,21,50,52,2,1,-10,-1,-121,0,-237,-47,-3,-6
25237,9.59,P,42,0,684,0,9,272,156,4,T,86,7,769,0,473,201,121,6,1,44,7,85,0,464,-71,-35,2
25238,8.03,T,63,0,375,0,457,188,231,9,Z,64,1,384,0,29,199,238,2,1,1,1,9,0,-428,11,7,-7
25239,9.59,T,107,0,804,0,154,310,148,7,Z,55,0,781,0,28,89,174,7,0,-52,0,-23,0,-126,-221,26,0
25240,9.51,P,150,5,448,0,259,333,152,19,Z,112,1,703,0,776,473,410,24,1,-38,-4,255,0,517,140,258,5
25241,10.31,P,100,7,389,0,230,322,127,6,T,60,0,567,0,29,195,84,5,0,-40,-7,178,0,-201,-127,-43,-1
25242,6.27,Z,40,0,299,0,25,75,98,5,Z,39,2,152,0,24,89,143,4,0,-1,2,-147,0,-1,14,45,-1
25243,4.49,T,21,0,393,0,10,19,20,3,Z,19,0,108,0,34,16,63,3,1,-2,0,-285,0,24,-3,43,0
25244,9.59,T,69,0,742,0,22,64,92,3,T,62,3,389,0,58,133,86,6,0,-7,3,-353,0,36,69,-6,3
25245,9.59,T,42,0,697,0,10,143,142,1,T,58,3,232,0,15,57,61,0,0,16,3,-465,0,5,-86,-81,-1
25246,6.13,T,28,0,588,0,0,41,44,0,P,39,0,454,0,250,223,120,8,1,11,0,-134,0,250,182,76,8
25247,9.15,Z,72,4,364,0,328,254,282,9,T,84,0,430,0,370,205,170,5,0,12,-4,66,0,42,-49,-112,-4
25248,9.59,P,72,9,444,0,495,397,90,6,T,102,0,415,0,515,385,128,6,0,30,-9,-29,0,20,-12,38,0
25249,9.32,P,65,0,704,0,171,232,156,8,T,110,0,323,0,16,154,118,4,0,45,0,-381,0,-155,-78,-38,-4
25250,8.33,T,79,0,453,0,185,358,156,18,P,85,4,448,0,338,243,214,21,1,6,4,-5,0,153,-115,58,3
25251,5.54,Z,23,0,434,0,0,68,81,0,P,33,2,289,0,85,123,31,9,1,10,2,-145,0,85,55,-50,9
25252,2.43,Z,10,1,336,0,96,34,48,2,Z,17,0,182,0,90,82,41,4,1,7,-1,-154,0,-6,48,-7,2
25253,6.56,T,55,1,178,0,429,138,62,13,T,76,0,214,0,239,188,209,17,0,21,-1,36,0,-190,50,147,4
25254,9.57,Z,77,1,578,1,342,278,266,12,Z,78,3,594,0,254,337,234,7,0,1,2,16,-1,-88,59,-32,-5
25255,9.34,Z,38,1,482,0,0,105,150,1,T,63,0,550,0,50,97,84,8,1,25,-1,68,0,50,-8,-66,7
25256,4.07,P,20,0,360,0,0,96,46,0,Z,12,0,459,0,35,50,86,3,0,-8,0,99,0,35,-46,40,3
25257,4,P,18,0,167,0,206,98,267,3,T,25,0,262,0,312,47,79,14,0,7,0,95,0,106,-51,-188,11
25258,9.59,Z,49,0,937,0,0,62,205,0,Z,53,5,379,0,24,65,156,1,1,4,5,-558,0,24,3,-49,1
25259,9.59,P,48,0,898,0,18,223,162,4,Z,50,5,334,0,67,237,155,2,0,2,5,-564,0,49,14,-7,-2
25260,9.59,P,62,0,662,0,36,203,110,3,Z,70,0,473,0,104,200,499,7,1,8,0,-189,0,68,-3,389,4
25261,8.1,Z,75,5,279,0,551,276,223,9,P,98,3,537,0,658,390,85,7,1,23,-2,258,0,107,114,-138,-2
25262,7.01,T,37,0,206,0,245,129,58,6,Z,54,0,207,0,552,162,136,10,0,17,0,1,0,307,33,78,4
25263,10.44,Z,66,5,742,0,297,195,273,1,T,101,0,677,0,53,148,111,5,0,35,-5,-65,0,-244,-47,-162,4
25264,4.08,T,21,2,156,0,140,40,23,1,P,17,0,268,0,0,23,24,0,1,-4,-2,112,0,-140,-17,1,-1
25265,9.59,T,112,0,393,0,295,256,213,13,Z,97,12,479,0,337,325,640,0,1,-15,12,86,0,42,69,427,-13
25266,9.58,P,58,3,484,0,157,306,112,4,T,95,0,433,0,33,133,129,3,1,37,-3,-51,0,-124,-173,17,-1
25267,5.27,Z,38,3,153,0,4,60,109,0,Z,25,0,206,0,4,146,81,2,1,-13,-3,53,0,0,86,-28,2
25268,6.06,P,26,1,251,0,31,113,35,1,P,24,2,224,0,10,47,44,1,1,-2,1,-27,0,-21,-66,9,0
25269,6.33,T,48,0,329,0,28,62,55,8,Z,42,5,259,0,228,74,94,6,0,-6,5,-70,0,200,12,39,-2
25270,9.59,T,111,0,497,0,723,266,176,10,P,63,4,445,0,271,394,182,7,1,-48,4,-52,0,-452,128,6,-3
25271,6.45,T,29,0,469,0,0,58,75,0,Z,37,5,265,0,88,76,121,0,0,8,5,-204,0,88,18,46,0
25272,8.34,P,47,6,416,0,29,113,85,1,Z,40,8,180,0,17,233,166,2,0,-7,2,-236,0,-12,120,81,1
25273,2.36,Z,13,1,72,0,37,32,127,3,Z,8,0,332,0,354,62,61,4,1,-5,-1,260,0,317,30,-66,1
25274,3.22,T,20,1,138,0,8,34,27,0,T,24,0,113,0,346,53,36,5,1,4,-1,-25,0,338,19,9,5
25275,5.5,T,56,2,363,0,514,131,159,6,Z,33,2,221,1,353,89,159,5,0,-23,0,-142,1,-161,-42,0,-1
25276,9.59,Z,88,0,296,0,356,267,314,12,Z,83,1,516,1,234,376,347,0,1,-5,1,220,1,-122,109,33,-12
25277,9.59,T,93,3,456,0,65,205,85,1,Z,74,1,425,0,223,193,385,6,0,-19,-2,-31,0,158,-12,300,5
25278,3.27,P,14,0,124,0,131,69,22,3,T,16,0,168,0,26,66,26,4,1,2,0,44,0,-105,-3,4,1
25279,9.06,Z,84,14,509,1,842,257,261,9,Z,52,2,284,1,129,240,224,7,0,-32,-12,-225,0,-713,-17,-37,-2
25280,9.59,Z,86,12,314,0,142,331,266,6,T,117,6,496,7,719,179,229,4,0,31,-6,182,7,577,-152,-37,-2
25281,9.59,T,72,0,911,0,9,168,73,2,Z,52,0,794,0,28,150,149,3,1,-20,0,-117,0,19,-18,76,1
25282,9.54,P,64,4,434,0,88,322,156,0,P,95,0,541,0,343,329,202,15,1,31,-4,107,0,255,7,46,15
25283,9.59,T,46,0,451,0,31,44,73,4,P,36,0,259,0,0,122,65,0,1,-10,0,-192,0,-31,78,-8,-4
25284,5.41,P,29,0,185,0,1,119,59,4,T,39,0,314,0,18,42,96,3,1,10,0,129,0,17,-77,37,-1
25285,9.59,P,79,1,448,0,205,285,84,9,T,126,0,495,0,179,276,98,18,0,47,-1,47,0,-26,-9,14,9
25286,8.43,Z,46,3,806,0,14,138,147,0,P,70,0,330,0,65,249,193,11,1,24,-3,-476,0,51,111,46,11
25287,7.4,T,65,0,453,0,934,158,112,8,P,49,0,518,0,21,88,53,4,0,-16,0,65,0,-913,-70,-59,-4
25288,9.59,Z,116,0,599,0,130,280,279,38,Z,73,11,292,0,61,239,203,4,0,-43,11,-307,0,-69,-41,-76,-34
25289,9.58,T,60,6,706,0,51,270,94,5,Z,83,1,532,0,146,176,429,2,0,23,-5,-174,0,95,-94,335,-3
25290,1.56,P,8,0,115,0,166,58,53,4,Z,6,0,121,3,19,48,29,0,0,-2,0,6,3,-147,-10,-24,-4
25291,9.59,Z,79,6,573,0,94,152,272,9,T,124,3,451,0,730,495,177,21,1,45,-3,-122,0,636,343,-95,12
25292,6.52,Z,46,6,407,0,177,157,230,3,T,56,0,318,0,85,160,110,6,1,10,-6,-89,0,-92,3,-120,3
25293,10.57,T,97,9,397,0,98,197,150,2,P,68,0,649,0,10,158,95,5,1,-29,-9,252,0,-88,-39,-55,3
25294,6.13,P,21,3,513,0,7,164,123,1,T,38,0,515,0,100,109,100,6,1,17,-3,2,0,93,-55,-23,5
25295,0.36,T,3,0,22,0,0,5,3,2,P,4,0,22,0,14,12,13,1,0,1,0,0,0,14,7,10,-1
25296,3.47,T,18,1,428,0,174,68,71,3,P,20,0,48,0,15,67,113,3,1,2,-1,-380,0,-159,-1,42,0
25297,3.2,Z,15,0,163,0,49,72,94,2,T,20,1,186,0,8,38,24,2,1,5,1,23,0,-41,-34,-70,0
25298,5.43,T,48,1,388,0,17,95,63,2,P,26,0,249,0,2,63,44,4,0,-22,-1,-139,0,-15,-32,-19,2
25299,4.26,P,20,0,191,0,0,37,26,0,T,16,3,217,0,0,61,47,1,1,-4,3,26,0,0,24,21,1
25300,3.48,Z,20,0,299,0,27,58,50,1,P,22,0,158,0,66,119,59,3,1,2,0,-141,0,39,61,9,2
25301,6.17,Z,47,4,318,0,138,127,202,3,T,59,4,414,0,621,129,92,5,1,12,0,96,0,483,2,-110,2
25302,3.47,Z,15,0,264,0,0,16,71,0,T,18,3,394,0,21,47,23,1,0,3,3,130,0,21,31,-48,1
25303,4.15,Z,23,6,128,0,207,123,86,0,T,23,1,187,0,275,199,41,1,1,0,-5,59,0,68,76,-45,1
25304,7.28,Z,35,0,209,0,0,69,139,2,P,39,0,244,0,17,186,40,4,1,4,0,35,0,17,117,-99,2
25305,6.05,T,32,2,547,0,3,70,67,0,P,51,1,238,0,14,241,184,5,1,19,-1,-309,0,11,171,117,5
25306,3.1,P,10,0,100,0,0,61,85,1,T,11,2,110,0,2,49,38,0,1,1,2,10,0,2,-12,-47,-1
25307,4.18,T,24,0,109,0,348,67,177,9,Z,14,0,240,0,9,64,44,3,0,-10,0,131,0,-339,-3,-133,-6
25308,9.58,P,46,4,519,1,33,235,85,2,P,66,0,484,0,72,201,61,12,1,20,-4,-35,-1,39,-34,-24,10
25309,5.14,T,16,0,296,0,6,54,39,1,T,26,0,460,0,152,83,55,5,1,10,0,164,0,146,29,16,4
25310,9.29,Z,42,0,262,0,57,83,221,2,T,52,0,538,0,1,85,77,1,1,10,0,276,0,-56,2,-144,-1
25311,9.17,T,74,0,541,0,24,193,95,13,Z,102,6,425,0,261,343,291,8,1,28,6,-116,0,237,150,196,-5
25312,9.05,P,34,2,816,0,9,79,58,2,T,65,0,409,0,67,98,72,2,1,31,-2,-407,0,58,19,14,0
25313,9.14,T,38,1,530,0,0,67,93,0,P,49,0,566,0,179,299,275,6,1,11,-1,36,0,179,232,182,6
25314,6.23,T,33,0,212,0,3,10,59,1,T,20,0,373,0,0,31,44,0,0,-13,0,161,0,-3,21,-15,-1
25315,4.51,T,29,0,150,0,23,43,30,3,T,30,0,194,0,527,59,94,5,1,1,0,44,0,504,16,64,2
25316,5.52,T,27,0,447,0,14,98,55,3,P,24,0,517,0,0,249,83,1,0,-3,0,70,0,-14,151,28,-2
25317,8.13,T,47,2,662,0,26,146,96,4,P,43,0,279,0,38,124,74,7,1,-4,-2,-383,0,12,-22,-22,3
25318,4.13,Z,12,0,120,0,147,73,173,3,Z,18,0,166,0,31,27,78,2,1,6,0,46,0,-116,-46,-95,-1
25319,9.59,P,76,2,739,0,39,259,93,10,Z,79,2,535,0,67,306,287,4,0,3,0,-204,0,28,47,194,-6
25320,9.59,Z,52,7,609,0,81,130,237,2,Z,58,12,490,4,205,236,377,8,1,6,5,-119,4,124,106,140,6
25321,9.58,P,47,4,718,0,68,164,53,4,P,44,0,517,0,18,165,85,4,0,-3,-4,-201,0,-50,1,32,0
25322,9.59,P,80,1,846,0,38,134,86,3,Z,53,0,517,0,16,122,204,6,1,-27,-1,-329,0,-22,-12,118,3
25323,7.22,Z,43,5,281,0,28,152,184,0,Z,38,1,161,0,99,115,155,7,0,-5,-4,-120,0,71,-37,-29,7
25324,9.3,Z,72,7,578,0,394,99,176,3,T,99,4,279,0,32,202,121,8,1,27,-3,-299,0,-362,103,-55,5
25325,5.26,Z,31,0,114,0,9,153,102,6,Z,31,0,364,0,47,150,169,6,0,0,0,250,0,38,-3,67,0
25326,6.39,Z,32,5,549,1,202,113,151,1,T,57,3,268,0,716,205,74,6,1,25,-2,-281,-1,514,92,-77,5
25327,6.01,Z,35,0,362,0,49,83,84,3,T,55,0,454,0,8,146,175,3,1,20,0,92,0,-41,63,91,0
25328,4.09,Z,23,1,87,0,10,50,58,0,T,9,0,143,0,23,135,59,6,0,-14,-1,56,0,13,85,1,6
25329,4.16,T,18,0,120,0,18,50,74,4,Z,24,5,259,1,318,44,75,1,1,6,5,139,1,300,-6,1,-3
25330,8.41,P,36,0,463,0,28,170,116,7,Z,65,13,324,0,447,140,273,4,1,29,13,-139,0,419,-30,157,-3
25331,3.27,Z,12,9,72,0,18,35,37,2,Z,16,2,215,2,103,26,43,0,0,4,-7,143,2,85,-9,6,-2
25332,8.49,T,45,0,371,0,317,152,71,7,T,64,4,658,0,83,191,100,0,1,19,4,287,0,-234,39,29,-7
25333,7.32,P,34,0,507,0,19,56,45,3,P,21,0,583,0,0,266,41,0,1,-13,0,76,0,-19,210,-4,-3
25334,8.11,P,46,2,664,0,6,140,204,0,Z,31,0,591,0,239,186,247,6,0,-15,-2,-73,0,233,46,43,6
25335,9.59,T,68,4,608,0,9,164,141,0,T,65,0,393,0,160,266,306,4,0,-3,-4,-215,0,151,102,165,4
25336,9.58,T,79,0,305,0,27,131,71,11,P,46,2,415,0,2,169,82,0,0,-33,2,110,0,-25,38,11,-11
25337,7.27,Z,35,13,206,1,121,75,128,3,Z,47,0,328,0,55,99,140,7,1,12,-13,122,-1,-66,24,12,4
25338,6.45,Z,42,6,217,0,82,103,104,2,T,67,3,281,0,253,190,200,12,0,25,-3,64,0,171,87,96,10
25339,5.05,P,12,1,294,0,8,30,29,0,P,9,0,139,0,0,29,25,0,0,-3,-1,-155,0,-8,-1,-4,0
25340,9.2,T,82,0,542,0,29,169,234,13,T,69,2,463,12,267,256,161,3,1,-13,2,-79,12,238,87,-73,-10
25341,4.59,T,25,0,203,0,13,46,36,3,P,20,3,293,0,11,76,34,0,1,-5,3,90,0,-2,30,-2,-3
25342,9.21,P,37,0,727,0,68,120,48,2,Z,40,4,257,0,138,56,168,3,0,3,4,-470,0,70,-64,120,1
25343,2.21,T,9,2,48,0,3,56,61,0,T,6,0,39,0,7,7,7,2,0,-3,-2,-9,0,4,-49,-54,2
25344,8.3,T,62,0,282,0,23,171,246,11,Z,45,0,374,0,23,404,173,10,0,-17,0,92,0,0,233,-73,-1
25345,8.27,P,51,7,707,0,11,74,88,7,P,35,0,952,0,6,152,53,3,1,-16,-7,245,0,-5,78,-35,-4
25346,5.31,Z,20,2,252,0,11,41,60,0,P,33,0,353,0,12,65,35,1,1,13,-2,101,0,1,24,-25,1
25347,9.59,T,101,5,470,0,393,315,132,25,T,112,0,658,0,192,362,164,3,1,11,-5,188,0,-201,47,32,-22
25348,9.58,T,50,0,770,0,24,62,111,3,Z,53,0,560,0,50,130,254,3,0,3,0,-210,0,26,68,143,0
25349,8.03,Z,44,2,483,0,59,172,142,5,Z,44,8,608,0,42,146,116,4,0,0,6,125,0,-17,-26,-26,-1
25350,9.26,Z,55,3,266,0,145,222,272,0,Z,52,0,477,0,0,279,176,0,0,-3,-3,211,0,-145,57,-96,0
25351,4.33,T,19,0,310,0,6,27,33,2,T,17,0,287,0,0,44,30,0,1,-2,0,-23,0,-6,17,-3,-2
25352,6.26,P,22,2,195,0,112,32,27,0,P,22,2,176,0,0,58,35,0,1,0,0,-19,0,-112,26,8,0
25353,7.2,P,56,9,190,0,247,194,165,6,P,67,3,282,36,445,245,177,0,0,11,-6,92,36,198,51,12,-6
25354,4.44,Z,31,0,183,0,106,60,128,3,T,53,0,171,0,366,100,116,6,0,22,0,-12,0,260,40,-12,3
25355,9.59,T,82,6,612,0,114,198,185,2,T,78,7,547,0,64,194,136,4,0,-4,1,-65,0,-50,-4,-49,2
25356,3.39,P,13,0,96,0,0,158,28,0,Z,17,0,77,0,35,51,83,2,1,4,0,-19,0,35,-107,55,2
25357,9.58,T,69,4,732,0,69,231,124,0,P,44,8,264,2,58,136,92,0,1,-25,4,-468,2,-11,-95,-32,0
25358,10.13,P,80,0,834,0,10,346,100,2,T,74,0,437,0,153,256,121,5,1,-6,0,-397,0,143,-90,21,3
25359,6.54,Z,43,5,284,0,24,22,143,1,Z,30,5,132,1,1218,144,179,5,0,-13,0,-152,1,1194,122,36,4
25360,9.59,Z,64,7,526,2,54,160,172,2,T,73,1,823,0,152,226,199,4,0,9,-6,297,-2,98,66,27,2
25361,5.02,P,19,0,193,0,13,70,59,0,T,30,0,266,0,9,99,75,5,0,11,0,73,0,-4,29,16,5
25362,9.59,Z,54,0,283,0,45,187,158,4,T,101,1,491,0,44,240,129,8,1,47,1,208,0,-1,53,-29,4
25363,5.42,T,40,0,475,0,25,127,42,3,T,34,0,332,0,53,168,99,7,0,-6,0,-143,0,28,41,57,4
25364,5.01,Z,25,0,189,0,9,35,106,5,T,19,0,329,0,0,22,40,0,0,-6,0,140,0,-9,-13,-66,-5
25365,9.58,P,116,0,528,0,133,431,111,24,Z,89,8,599,0,123,190,263,2,0,-27,8,71,0,-10,-241,152,-22
25366,6.08,Z,24,0,362,0,0,33,97,1,T,39,0,143,0,17,117,68,5,0,15,0,-219,0,17,84,-29,4
25367,9.59,Z,42,0,545,0,0,104,199,1,P,21,0,440,0,0,124,74,0,0,-21,0,-105,0,0,20,-125,-1
25368,5.02,P,18,0,211,0,0,38,25,0,P,20,0,112,0,16,114,26,3,1,2,0,-99,0,16,76,1,3
25369,9.43,Z,53,2,633,0,9,54,146,0,T,48,0,548,0,31,72,62,5,1,-5,-2,-85,0,22,18,-84,5
25370,9.58,T,113,5,688,0,610,275,94,7,Z,90,4,613,0,187,171,262,11,1,-23,-1,-75,0,-423,-104,168,4
25371,4.41,P,24,3,142,0,9,28,26,0,P,10,0,111,0,0,34,33,0,0,-14,-3,-31,0,-9,6,7,0
25372,6.02,P,14,0,205,0,0,76,15,0,P,24,7,277,0,50,96,53,2,1,10,7,72,0,50,20,38,2
25373,9.59,Z,93,8,545,0,728,260,285,38,Z,99,0,466,0,70,420,247,5,0,6,-8,-79,0,-658,160,-38,-33
25374,7.09,T,88,2,456,0,287,143,93,12,Z,60,0,515,0,275,110,189,9,0,-28,-2,59,0,-12,-33,96,-3
25375,9.57,P,25,0,354,0,2,87,41,0,P,29,0,356,0,0,202,38,1,0,4,0,2,0,-2,115,-3,1
25376,9.59,T,130,4,637,0,348,200,164,8,Z,78,3,429,0,81,219,271,0,1,-52,-1,-208,0,-267,19,107,-8
25377,3.01,Z,11,2,87,0,24,19,59,0,T,13,2,183,0,1,27,22,0,0,2,0,96,0,-23,8,-37,0
25378,5.26,Z,30,0,357,0,12,43,95,2,P,22,0,553,0,3,94,30,3,1,-8,0,196,0,-9,51,-65,1
25379,9.58,P,63,10,329,0,515,205,334,6,T,55,0,340,0,32,141,185,8,0,-8,-10,11,0,-483,-64,-149,2
25380,7.05,Z,51,0,454,0,127,277,269,4,T,55,0,232,0,125,173,188,8,0,4,0,-222,0,-2,-104,-81,4
25381,7.59,Z,46,0,504,0,66,195,229,4,P,47,0,544,0,437,191,68,3,0,1,0,40,0,371,-4,-161,-1
25382,8.48,T,83,3,522,0,140,247,371,2,Z,64,7,305,0,256,158,421,9,1,-19,4,-217,0,116,-89,50,7
25383,9.59,T,89,4,750,6,32,257,153,0,Z,59,0,361,0,25,229,170,4,0,-30,-4,-389,-6,-7,-28,17,4
25384,3.01,T,15,2,96,0,19,42,25,1,T,9,0,150,0,239,97,53,3,1,-6,-2,54,0,220,55,28,2
25385,3.33,Z,26,3,106,0,199,94,102,4,Z,16,1,73,0,8,13,39,0,0,-10,-2,-33,0,-191,-81,-63,-4
25386,3,Z,11,0,149,0,16,55,38,4,Z,13,1,89,0,18,44,130,1,1,2,1,-60,0,2,-11,92,-3
25387,9.59,P,53,2,452,0,4,93,77,0,T,68,0,794,0,20,72,109,5,1,15,-2,342,0,16,-21,32,5
25388,8.14,T,30,4,154,0,74,56,58,1,T,50,0,792,7,14,46,116,0,0,20,-4,638,7,-60,-10,58,-1
25389,3.03,P,12,2,125,0,27,80,43,0,Z,10,1,149,0,154,53,201,2,1,-2,-1,24,0,127,-27,158,2
25390,7.35,Z,46,2,301,0,256,203,401,4,P,42,0,720,0,15,175,47,2,1,-4,-2,419,0,-241,-28,-354,-2
25391,7.55,T,68,3,278,0,66,188,70,8,Z,61,0,551,0,51,111,186,8,1,-7,-3,273,0,-15,-77,116,0
25392,7.06,P,41,7,212,0,33,121,52,0,Z,28,4,504,0,119,131,146,5,0,-13,-3,292,0,86,10,94,5
25393,9.59,P,69,0,409,0,1015,218,105,3,P,37,4,597,0,12,66,40,0,0,-32,4,188,0,-1003,-152,-65,-3
25394,8.1,T,37,0,674,0,0,75,72,0,T,41,0,404,0,444,62,39,8,1,4,0,-270,0,444,-13,-33,8
25395,4.14,P,19,0,278,0,1,29,28,2,T,28,5,357,0,43,60,49,1,0,9,5,79,0,42,31,21,-1
25396,7.53,T,65,3,665,0,386,140,78,6,Z,38,5,578,0,229,197,236,2,0,-27,2,-87,0,-157,57,158,-4
25397,3.18,Z,9,0,46,0,37,13,28,2,T,20,2,72,0,198,45,34,2,0,11,2,26,0,161,32,6,0
25398,9.58,T,74,1,864,0,170,496,140,2,P,35,0,536,0,0,347,66,0,1,-39,-1,-328,0,-170,-149,-74,-2
25399,7.25,P,49,0,506,0,41,198,63,7,P,72,0,588,0,107,289,123,11,1,23,0,82,0,66,91,60,4
25400,1.59,P,10,1,36,1,92,31,43,0,T,7,0,116,0,139,30,52,9,1,-3,-1,80,-1,47,-1,9,9
25401,2.27,Z,10,1,72,0,172,63,56,3,Z,7,0,242,0,209,30,69,4,1,-3,-1,170,0,37,-33,13,1
25402,7.45,T,56,2,390,0,376,147,164,5,T,62,2,442,0,290,196,83,4,1,6,0,52,0,-86,49,-81,-1
25403,3.43,T,9,5,272,0,7,66,18,1,P,13,0,76,0,10,64,14,1,1,4,-5,-196,0,3,-2,-4,0
25404,6.23,T,44,0,677,0,5,88,74,5,Z,38,6,381,0,346,192,214,5,0,-6,6,-296,0,341,104,140,0
25405,10.27,P,122,11,560,0,156,290,157,4,Z,103,6,497,0,401,336,435,1,1,-19,-5,-63,0,245,46,278,-3
25406,9.52,Z,100,0,736,0,248,449,295,5,T,134,10,421,0,603,358,241,14,0,34,10,-315,0,355,-91,-54,9
25407,10.16,P,52,0,781,0,20,189,92,4,Z,60,0,285,0,38,127,200,7,1,8,0,-496,0,18,-62,108,3
25408,3.53,T,22,2,202,0,1,58,95,3,P,16,0,115,0,0,83,130,2,1,-6,-2,-87,0,-1,25,35,-1
25409,9.58,T,105,0,332,0,313,119,97,17,P,60,0,956,0,64,184,111,1,1,-45,0,624,0,-249,65,14,-16
25410,9.59,Z,61,8,408,0,81,202,235,8,P,66,0,781,0,51,148,74,12,1,5,-8,373,0,-30,-54,-161,4
25411,9.59,Z,57,0,489,0,17,274,162,11,Z,83,17,557,1,166,272,293,1,1,26,17,68,1,149,-2,131,-10
25412,9.56,P,34,0,261,0,7,106,58,2,P,46,1,275,0,24,88,59,7,0,12,1,14,0,17,-18,1,5
25413,3.25,P,8,0,194,0,2,59,12,2,Z,12,0,82,0,0,21,44,2,1,4,0,-112,0,-2,-38,32,0
25414,8.33,Z,67,8,341,0,432,168,257,1,P,70,0,493,0,181,203,64,7,1,3,-8,152,0,-251,35,-193,6
25415,9.15,T,41,2,535,0,1,32,66,0,T,43,0,431,0,0,113,94,0,0,2,-2,-104,0,-1,81,28,0
25416,9.59,P,77,0,457,0,45,268,110,15,T,80,0,453,0,15,365,148,9,0,3,0,-4,0,-30,97,38,-6
25417,5.15,Z,27,0,203,0,127,145,66,3,T,61,0,385,0,21,112,41,3,0,34,0,182,0,-106,-33,-25,0
25418,9.57,Z,73,3,468,0,65,201,176,3,T,101,5,649,0,459,219,136,3,0,28,2,181,0,394,18,-40,0
25419,4.44,T,49,2,180,0,366,95,68,7,T,36,2,203,0,119,161,42,8,0,-13,0,23,0,-247,66,-26,1
25420,10.17,T,102,5,1023,0,255,229,125,5,Z,60,3,440,0,214,191,381,1,0,-42,-2,-583,0,-41,-38,256,-4
25421,8.22,Z,60,4,426,0,192,177,278,4,P,43,6,921,0,10,126,53,0,0,-17,2,495,0,-182,-51,-225,-4
25422,8.07,T,82,0,463,0,388,303,149,13,T,79,4,499,0,609,230,198,20,1,-3,4,36,0,221,-73,49,7
25423,8.37,Z,35,0,136,0,48,59,145,5,T,63,3,441,0,455,129,280,4,1,28,3,305,0,407,70,135,-1
25424,1.33,T,6,0,35,0,3,3,5,0,P,5,0,65,0,0,19,9,1,1,-1,0,30,0,-3,16,4,1
25425,9.03,T,72,2,353,0,2,230,85,0,Z,48,2,303,0,12,248,145,0,1,-24,0,-50,0,10,18,60,0
25426,3.38,Z,11,0,278,0,4,22,52,2,Z,11,1,196,0,103,76,105,2,1,0,1,-82,0,99,54,53,0
25427,2.18,P,5,0,52,0,0,15,2,9,Z,7,0,62,0,304,31,25,6,0,2,0,10,0,304,16,23,-3
25428,9.58,T,77,7,908,0,42,94,85,2,P,51,5,378,0,48,87,62,1,0,-26,-2,-530,0,6,-7,-23,-1
25429,9.36,P,31,11,485,0,13,291,48,2,P,28,4,465,0,11,91,52,0,1,-3,-7,-20,0,-2,-200,4,-2
25430,9.59,T,58,0,748,0,2,45,93,5,P,53,12,808,0,58,337,75,5,1,-5,12,60,0,56,292,-18,0
25431,7,P,38,2,269,0,166,86,30,2,Z,36,0,551,0,21,140,142,3,0,-2,-2,282,0,-145,54,112,1
25432,9.3,T,81,0,675,0,816,331,149,15,T,80,6,616,0,209,186,93,0,0,-1,6,-59,0,-607,-145,-56,-15
25433,3.18,P,16,0,95,0,1,65,23,1,T,17,0,275,0,42,94,22,6,1,1,0,180,0,41,29,-1,5
25434,7.44,P,38,0,664,0,13,152,59,2,Z,56,5,520,0,620,130,296,6,1,18,5,-144,0,607,-22,237,4
25435,3.19,Z,11,0,265,0,0,10,67,0,P,16,0,269,0,280,74,33,4,0,5,0,4,0,280,64,-34,4
25436,10.02,T,71,0,736,0,40,210,102,6,T,66,5,921,0,14,253,175,0,0,-5,5,185,0,-26,43,73,-6
25437,9.44,P,41,0,445,0,2,60,56,2,Z,49,5,753,0,249,98,335,1,0,8,5,308,0,247,38,279,-1
25438,10.51,T,87,0,660,0,1065,173,124,4,P,53,2,440,0,18,170,82,5,1,-34,2,-220,0,-1047,-3,-42,1
25439,3.5,Z,20,0,70,0,366,51,75,7,P,22,0,248,0,19,129,68,8,0,2,0,178,0,-347,78,-7,1
25440,8.09,Z,65,4,353,0,179,250,228,9,T,99,5,408,3,393,200,83,4,1,34,1,55,3,214,-50,-145,-5
25441,6.18,T,69,0,381,0,467,367,131,13,Z,27,0,337,0,48,66,123,3,0,-42,0,-44,0,-419,-301,-8,-10
25442,9.35,Z,106,5,658,0,524,286,321,12,T,97,3,797,0,486,198,203,15,1,-9,-2,139,0,-38,-88,-118,3
25443,4.35,Z,16,2,59,0,17,55,90,4,T,19,0,167,0,15,22,19,2,0,3,-2,108,0,-2,-33,-71,-2
25444,9.56,T,37,0,465,0,0,89,55,0,T,48,0,580,0,2,108,115,4,0,11,0,115,0,2,19,60,4
25445,6.18,P,36,4,182,0,23,106,45,3,T,41,0,471,0,46,117,61,7,1,5,-4,289,0,23,11,16,4
25446,7.22,P,46,0,357,0,54,200,108,8,T,49,0,487,0,34,120,52,9,1,3,0,130,0,-20,-80,-56,1
25447,9.59,P,54,11,653,0,335,167,103,1,T,81,4,796,0,64,150,87,5,1,27,-7,143,0,-271,-17,-16,4
25448,9.25,P,42,0,755,0,1014,162,38,4,T,46,0,666,0,4,51,81,4,1,4,0,-89,0,-1010,-111,43,0
25449,9.59,Z,68,0,499,0,77,182,224,10,T,78,1,466,0,45,141,75,6,0,10,1,-33,0,-32,-41,-149,-4
25450,8.4,T,53,0,554,0,12,71,112,3,Z,40,1,642,0,102,240,216,3,0,-13,1,88,0,90,169,104,0
25451,5.32,P,22,0,315,0,0,205,42,0,P,31,0,418,0,20,113,48,3,1,9,0,103,0,20,-92,6,3
25452,2.46,Z,9,0,134,0,5,10,31,0,Z,2,0,83,0,0,44,27,0,0,-7,0,-51,0,-5,34,-4,0
25453,9.59,P,56,0,505,0,18,132,71,8,Z,91,11,351,0,434,227,531,6,1,35,11,-154,0,416,95,460,-2
25454,9.59,T,144,9,514,0,833,206,177,11,Z,91,8,417,0,329,279,421,6,1,-53,-1,-97,0,-504,73,244,-5
25455,2.36,T,11,1,75,0,280,29,54,2,T,6,0,160,0,13,44,40,3,0,-5,-1,85,0,-267,15,-14,1
25456,9.59,Z,58,0,558,0,68,180,190,18,T,89,0,687,0,168,316,118,15,0,31,0,129,0,100,136,-72,-3
25457,9.59,T,85,11,508,6,97,252,92,0,T,107,5,578,1,92,161,114,7,1,22,-6,70,-5,-5,-91,22,7
25458,6.05,P,34,2,375,0,125,137,88,0,T,39,1,286,0,411,188,58,4,1,5,-1,-89,0,286,51,-30,4
25459,6.36,T,39,3,355,0,599,78,259,5,T,36,0,134,0,9,133,193,8,1,-3,-3,-221,0,-590,55,-66,3
25460,6.14,T,29,0,290,0,6,71,54,4,Z,28,0,159,0,33,78,73,4,1,-1,0,-131,0,27,7,19,0
25461,2.51,T,4,0,295,0,2,4,6,0,Z,10,0,47,0,0,29,41,0,1,6,0,-248,0,-2,25,35,0
25462,4.03,P,17,0,199,0,29,126,129,1,Z,14,0,229,0,14,37,53,11,1,-3,0,30,0,-15,-89,-76,10
25463,8.1,T,62,0,209,0,16,100,119,8,P,32,2,508,0,3,53,73,1,1,-30,2,299,0,-13,-47,-46,-7
25464,3.08,T,15,0,227,0,72,94,22,3,T,13,0,168,0,376,78,24,2,1,-2,0,-59,0,304,-16,2,-1
25465,9.59,P,30,0,554,0,13,114,31,2,T,53,4,719,0,15,154,106,3,0,23,4,165,0,2,40,75,1
25466,9.59,Z,45,3,569,1,15,166,172,2,P,37,3,379,5,26,270,64,0,1,-8,0,-190,4,11,104,-108,-2
25467,10.24,Z,66,2,599,0,32,116,262,2,P,70,0,726,0,47,175,61,6,1,4,-2,127,0,15,59,-201,4
25468,9.19,P,49,1,304,0,71,226,88,2,T,52,0,791,0,2,163,100,0,0,3,-1,487,0,-69,-63,12,-2
25469,8.44,T,33,0,669,0,1,118,43,2,Z,27,0,226,0,38,31,93,4,0,-6,0,-443,0,37,-87,50,2
25470,0.18,Z,0,0,19,0,0,0,3,0,T,1,2,16,0,40,1,1,0,1,1,2,-3,0,40,1,-2,0
25471,3.45,P,19,0,253,0,11,102,54,3,Z,19,0,149,0,66,58,133,3,1,0,0,-104,0,55,-44,79,0
25472,9.59,T,69,5,493,0,33,173,145,5,T,75,7,735,0,135,247,115,4,1,6,2,242,0,102,74,-30,-1
25473,6.44,Z,50,3,215,0,459,167,194,3,Z,53,0,224,0,142,108,267,3,0,3,-3,9,0,-317,-59,73,0
25474,9.59,P,46,0,312,0,26,218,90,12,P,56,0,464,0,0,237,74,2,1,10,0,152,0,-26,19,-16,-10
25475,2.52,Z,14,3,61,0,18,75,42,0,P,8,0,159,0,204,133,18,6,0,-6,-3,98,0,186,58,-24,6
25476,2.52,P,11,0,196,0,51,54,24,0,T,10,0,200,0,97,50,25,3,0,-1,0,4,0,46,-4,1,3
25477,4.4,Z,21,0,203,0,24,16,59,2,P,24,0,42,0,18,20,23,1,0,3,0,-161,0,-6,4,-36,-1
25478,5.55,T,50,1,370,0,692,133,79,6,Z,34,2,332,0,240,150,220,7,1,-16,1,-38,0,-452,17,141,1
25479,9.58,T,51,1,285,0,22,29,60,6,T,51,0,360,0,0,128,109,1,1,0,-1,75,0,-22,99,49,-5
25480,5.31,Z,23,2,397,0,344,83,125,5,P,32,7,418,0,10,131,42,1,1,9,5,21,0,-334,48,-83,-4
25481,2.43,T,6,0,74,0,0,14,13,1,P,13,0,95,0,175,44,79,2,0,7,0,21,0,175,30,66,1
25482,5.23,T,31,5,135,0,39,74,29,0,P,17,0,316,0,0,28,31,0,0,-14,-5,181,0,-39,-46,2,0
25483,9.57,T,47,0,872,0,3,183,110,8,T,73,0,785,0,22,225,70,5,1,26,0,-87,0,19,42,-40,-3
25484,9.59,Z,61,10,396,0,226,98,375,0,T,32,1,351,0,0,96,70,0,0,-29,-9,-45,0,-226,-2,-305,0
25485,9.57,P,33,0,501,0,4,86,53,5,T,59,4,726,0,13,127,99,0,1,26,4,225,0,9,41,46,-5
25486,3.56,Z,12,0,191,0,96,43,137,2,T,16,0,151,0,23,42,49,3,1,4,0,-40,0,-73,-1,-88,1
25487,9.59,T,62,0,580,0,6,271,90,9,P,42,1,628,0,14,160,86,1,0,-20,1,48,0,8,-111,-4,-8
25488,4.36,P,36,0,116,0,134,91,25,4,P,23,2,179,0,195,82,136,6,1,-13,2,63,0,61,-9,111,2
25489,0.49,T,4,0,82,0,10,32,3,1,P,4,0,26,0,0,5,8,1,1,0,0,-56,0,-10,-27,5,0
25490,9.59,P,63,0,505,0,134,88,64,7,Z,44,2,471,0,2,150,193,4,0,-19,2,-34,0,-132,62,129,-3
25491,9.59,T,54,7,470,0,8,98,79,3,T,50,0,907,0,0,177,91,1,1,-4,-7,437,0,-8,79,12,-2
25492,8.34,P,70,2,347,0,812,159,52,11,Z,56,6,262,1,50,141,197,0,1,-14,4,-85,1,-762,-18,145,-11
25493,6.5,T,35,0,274,0,16,96,45,6,Z,35,2,98,0,18,62,126,0,1,0,2,-176,0,2,-34,81,-6
25494,10.31,Z,49,2,414,0,39,265,192,5,Z,47,2,357,0,6,64,171,1,1,-2,0,-57,0,-33,-201,-21,-4
25495,8.33,P,33,7,784,0,32,157,52,3,Z,60,0,287,0,55,113,164,20,1,27,-7,-497,0,23,-44,112,17
25496,9.59,T,69,0,319,0,24,101,89,21,T,61,1,391,0,22,156,122,6,1,-8,1,72,0,-2,55,33,-15
25497,9.59,P,51,0,335,0,22,157,187,3,T,71,5,465,0,86,82,216,3,1,20,5,130,0,64,-75,29,0
25498,8.4,T,67,0,592,0,623,259,115,6,T,68,0,868,0,915,211,177,4,1,1,0,276,0,292,-48,62,-2
25499,3.18,P,16,1,155,0,250,103,53,5,T,15,3,134,0,1,29,34,0,1,-1,2,-21,0,-249,-74,-19,-5
25500,4.21,T,20,0,230,0,2,32,29,1,T,33,4,107,0,232,106,28,13,1,13,4,-123,0,230,74,-1,12
25501,9.59,Z,42,2,561,0,31,288,154,7,T,81,0,655,0,173,270,129,11,0,39,-2,94,0,142,-18,-25,4
25502,9.59,P,61,0,689,0,3,190,116,4,T,55,0,545,0,0,90,86,0,0,-6,0,-144,0,-3,-100,-30,-4
25503,9.59,T,94,6,278,0,228,176,127,6,T,72,1,453,0,76,232,143,4,0,-22,-5,175,0,-152,56,16,-2
25504,6.52,Z,44,4,311,8,210,68,120,0,Z,41,2,39,0,20,35,102,0,1,-3,-2,-272,-8,-190,-33,-18,0
25505,9.59,T,101,0,823,0,85,244,106,7,Z,103,8,331,3,151,285,346,7,1,2,8,-492,3,66,41,240,0
25506,6.44,Z,53,2,421,0,355,152,160,9,P,50,3,191,0,103,139,104,2,1,-3,1,-230,0,-252,-13,-56,-7
25507,9.34,P,55,9,487,0,13,75,82,2,T,49,0,358,0,899,123,50,6,0,-6,-9,-129,0,886,48,-32,4
25508,9.58,T,73,6,499,0,10,104,120,0,T,65,4,840,0,73,363,116,3,0,-8,-2,341,0,63,259,-4,3
25509,8.54,Z,31,0,505,0,298,106,152,3,Z,33,5,738,0,43,41,122,1,1,2,5,233,0,-255,-65,-30,-2
25510,8.57,P,122,0,541,0,605,340,146,15,Z,110,8,609,0,670,380,347,12,1,-12,8,68,0,65,40,201,-3
25511,9.59,P,56,0,794,0,66,265,173,5,T,76,5,850,0,45,204,100,1,1,20,5,56,0,-21,-61,-73,-4
25512,5.2,T,49,4,233,0,91,58,56,7,T,29,5,239,0,106,82,76,0,1,-20,1,6,0,15,24,20,-7
25513,7.1,P,49,1,488,0,10,186,65,1,P,33,5,477,0,22,166,31,0,0,-16,4,-11,0,12,-20,-34,-1
25514,8.17,P,30,4,294,0,13,44,53,1,T,44,0,314,0,8,15,76,9,1,14,-4,20,0,-5,-29,23,8
25515,4.4,Z,18,2,292,0,10,32,58,0,P,15,0,195,0,4,72,36,2,1,-3,-2,-97,0,-6,40,-22,2
25516,7.21,T,32,0,290,0,2,33,50,2,Z,40,0,315,0,98,147,137,5,1,8,0,25,0,96,114,87,3
25517,4.14,T,24,3,239,0,101,75,103,2,P,22,0,85,0,0,48,15,0,0,-2,-3,-154,0,-101,-27,-88,-2
25518,2.42,P,17,0,98,0,118,69,31,11,P,11,0,117,0,180,85,16,7,0,-6,0,19,0,62,16,-15,-4
25519,4.13,T,20,0,172,0,11,33,51,3,T,20,0,102,0,4,35,27,3,1,0,0,-70,0,-7,2,-24,0
25520,6.13,P,14,0,81,0,0,53,36,0,P,19,0,168,0,5,41,12,2,1,5,0,87,0,5,-12,-24,2
25521,8.57,P,38,0,456,0,0,58,41,0,Z,24,0,211,0,0,88,109,1,0,-14,0,-245,0,0,30,68,1
25522,10.23,P,75,0,909,0,85,307,101,28,T,113,5,486,0,543,283,140,11,0,38,5,-423,0,458,-24,39,-17
25523,6.44,Z,21,0,196,0,0,16,78,0,Z,25,0,201,0,30,27,64,3,1,4,0,5,0,30,11,-14,3
25524,4.21,T,28,2,329,0,1,59,40,0,Z,25,0,115,0,23,45,60,3,1,-3,-2,-214,0,22,-14,20,3
25525,9.59,T,41,0,940,0,26,122,90,7,P,81,0,462,0,16,218,232,4,1,40,0,-478,0,-10,96,142,-3
25526,4.34,T,24,9,269,0,416,77,133,4,T,34,2,290,0,31,166,44,0,1,10,-7,21,0,-385,89,-89,-4
25527,5.04,T,40,1,191,0,11,135,44,2,T,25,0,323,0,7,29,44,3,1,-15,-1,132,0,-4,-106,0,1
25528,8.26,T,82,0,744,0,20,223,133,5,Z,82,0,489,0,132,263,220,33,0,0,0,-255,0,112,40,87,28
25529,4.48,P,12,0,293,0,0,27,17,0,T,23,0,223,0,1,29,36,0,1,11,0,-70,0,1,2,19,0
25530,9.59,T,88,0,1275,0,0,207,218,3,P,60,11,582,0,144,211,83,3,0,-28,11,-693,0,144,4,-135,0
25531,5.19,Z,32,0,136,0,232,114,104,4,Z,24,0,337,0,97,114,136,11,1,-8,0,201,0,-135,0,32,7
25532,9.59,P,125,1,630,0,260,295,238,27,Z,82,8,401,0,233,248,302,7,1,-43,7,-229,0,-27,-47,64,-20
25533,10.49,Z,85,11,528,0,124,139,215,0,P,68,13,483,0,40,298,86,0,1,-17,2,-45,0,-84,159,-129,0
25534,9.22,Z,34,6,304,0,29,51,133,1,T,60,0,410,0,1,93,80,14,0,26,-6,106,0,-28,42,-53,13
25535,7.45,Z,52,12,321,3,346,289,182,2,Z,61,3,330,0,98,262,203,8,1,9,-9,9,-3,-248,-27,21,6
25536,9.58,T,51,0,687,0,22,57,80,0,P,48,0,499,7,50,165,70,1,1,-3,0,-188,7,28,108,-10,1
25537,8.46,T,58,4,187,0,135,157,129,1,T,73,3,429,0,51,278,157,9,1,15,-1,242,0,-84,121,28,8
25538,8.49,P,75,0,431,0,830,234,149,28,T,111,0,432,0,765,207,221,23,1,36,0,1,0,-65,-27,72,-5
25539,4.55,T,35,0,355,0,51,125,69,4,T,27,1,183,0,157,136,131,1,0,-8,1,-172,0,106,11,62,-3
25540,10.43,Z,71,0,697,0,87,268,201,9,T,73,3,732,0,44,247,141,6,0,2,3,35,0,-43,-21,-60,-3
25541,9.59,Z,68,0,413,23,383,281,330,2,T,72,0,784,0,16,237,269,3,0,4,0,371,-23,-367,-44,-61,1
25542,9.59,P,76,0,545,0,503,272,302,11,T,62,2,964,0,141,124,75,4,1,-14,2,419,0,-362,-148,-227,-7
25543,9.59,T,48,2,521,0,2,70,92,0,Z,52,0,136,0,80,157,216,1,0,4,-2,-385,0,78,87,124,1
25544,2.06,T,6,0,108,0,0,32,17,0,P,5,0,71,0,0,114,10,0,1,-1,0,-37,0,0,82,-7,0
25545,9.58,P,38,0,847,0,0,48,52,0,P,35,0,502,0,0,43,48,0,1,-3,0,-345,0,0,-5,-4,0
25546,9.59,Z,59,3,206,0,29,200,395,6,T,65,0,485,1,8,212,111,7,0,6,-3,279,1,-21,12,-284,1
25547,9.59,T,47,0,1066,0,1,150,98,4,P,35,0,857,0,1,157,65,1,1,-12,0,-209,0,0,7,-33,-3
25548,9.59,P,26,1,502,0,3,205,21,0,Z,33,0,478,0,0,56,157,0,1,7,-1,-24,0,-3,-149,136,0
25549,5.07,P,34,1,327,0,199,199,121,4,Z,26,0,289,0,41,130,151,6,0,-8,-1,-38,0,-158,-69,30,2
25550,8.33,P,38,0,701,0,8,110,75,3,T,69,5,280,0,60,152,123,7,1,31,5,-421,0,52,42,48,4
25551,4.17,Z,16,0,204,5,13,57,47,0,Z,16,0,181,0,278,118,55,6,0,0,0,-23,-5,265,61,8,6
25552,4.1,T,20,0,167,0,1,93,26,0,P,16,0,327,0,98,53,35,0,1,-4,0,160,0,97,-40,9,0
25553,6.33,P,23,0,330,0,3,17,25,2,P,22,0,251,0,19,80,37,3,1,-1,0,-79,0,16,63,12,1
25554,8.02,Z,47,0,549,0,247,256,404,2,P,26,0,216,0,11,128,29,3,1,-21,0,-333,0,-236,-128,-375,1
25555,10.19,T,87,2,810,0,248,187,112,7,P,71,0,723,0,102,307,85,13,0,-16,-2,-87,0,-146,120,-27,6
25556,5.25,P,30,0,296,0,0,80,52,15,P,21,1,209,0,4,108,54,1,1,-9,1,-87,0,4,28,2,-14
25557,6.57,T,31,0,616,0,0,100,60,1,P,45,1,388,0,138,180,114,1,1,14,1,-228,0,138,80,54,0
25558,0.42,P,2,2,23,0,21,13,24,4,Z,6,0,4,0,22,18,27,4,0,4,-2,-19,0,1,5,3,0
25559,6.07,P,31,0,384,0,6,113,49,5,T,34,4,509,0,7,82,91,0,1,3,4,125,0,1,-31,42,-5
25560,2.46,T,11,3,232,0,7,8,15,0,T,13,0,123,0,48,46,15,3,1,2,-3,-109,0,41,38,0,3
25561,3.59,P,23,2,257,0,19,150,25,1,Z,17,0,214,0,14,50,60,7,0,-6,-2,-43,0,-5,-100,35,6
25562,8.59,Z,53,6,428,0,54,86,113,2,T,109,0,377,0,339,290,157,4,1,56,-6,-51,0,285,204,44,2
25563,9.59,Z,72,0,471,0,86,226,213,12,T,93,6,448,0,108,265,116,7,0,21,6,-23,0,22,39,-97,-5
25564,4.05,Z,17,3,187,0,19,25,40,0,T,18,2,155,0,44,100,149,2,0,1,-1,-32,0,25,75,109,2
25565,3.04,Z,12,2,17,0,9,18,59,2,Z,11,2,82,0,60,49,86,0,0,-1,0,65,0,51,31,27,-2
25566,9.58,Z,39,3,320,0,21,232,182,0,T,54,1,729,0,21,113,76,4,1,15,-2,409,0,0,-119,-106,4
25567,9.57,T,90,7,668,0,252,173,165,3,Z,96,6,719,0,277,279,328,7,1,6,-1,51,0,25,106,163,4
25568,4.32,T,32,0,255,0,6,44,36,5,T,34,2,149,2,58,67,51,1,1,2,2,-106,2,52,23,15,-4
25569,9.59,Z,44,0,564,0,61,165,157,5,Z,59,3,550,0,33,81,171,0,0,15,3,-14,0,-28,-84,14,-5
25570,7.16,Z,43,10,261,0,310,165,233,8,T,71,2,324,0,90,161,154,5,0,28,-8,63,0,-220,-4,-79,-3
25571,8.51,P,52,9,289,0,41,111,60,0,P,55,2,365,0,27,102,86,0,1,3,-7,76,0,-14,-9,26,0
25572,9.59,P,62,3,549,0,6,252,99,0,P,46,2,522,0,11,338,119,1,1,-16,-1,-27,0,5,86,20,1
25573,8.24,P,61,0,611,0,45,283,43,2,T,76,0,333,0,913,473,102,22,1,15,0,-278,0,868,190,59,20
25574,7.33,P,60,0,315,0,404,210,84,9,Z,55,0,732,9,146,96,210,0,0,-5,0,417,9,-258,-114,126,-9
25575,7.45,Z,38,0,205,0,28,79,154,4,T,42,5,189,0,338,89,54,0,0,4,5,-16,0,310,10,-100,-4
25576,2.38,P,15,2,67,0,0,61,147,0,P,8,1,113,0,1,69,15,0,1,-7,-1,46,0,1,8,-132,0
25577,5.39,P,30,1,387,0,249,106,39,2,Z,22,0,216,0,14,154,102,5,0,-8,-1,-171,0,-235,48,63,3
25578,6.21,Z,30,0,309,0,204,93,107,13,P,30,0,306,0,37,155,85,2,1,0,0,-3,0,-167,62,-22,-11
25579,6.38,P,18,0,462,0,5,36,41,2,P,36,0,343,0,16,150,39,5,1,18,0,-119,0,11,114,-2,3
25580,9.59,Z,87,8,494,0,572,313,258,8,T,103,10,644,0,471,229,259,0,0,16,2,150,0,-101,-84,1,-8
25581,5.4,P,31,0,126,0,55,318,36,2,P,37,0,133,0,157,205,74,7,1,6,0,7,0,102,-113,38,5
25582,6.09,Z,33,0,222,0,9,140,129,2,Z,29,2,286,0,179,199,268,0,1,-4,2,64,0,170,59,139,-2
25583,8.56,T,52,4,388,0,27,95,81,1,Z,42,0,535,0,31,63,112,4,1,-10,-4,147,0,4,-32,31,3
25584,4.41,Z,21,0,176,0,2,51,71,2,T,25,0,185,0,0,30,50,1,1,4,0,9,0,-2,-21,-21,-1
25585,9.12,T,72,7,414,0,818,187,106,19,T,73,0,304,0,444,312,122,4,0,1,-7,-110,0,-374,125,16,-15
25586,10.25,P,101,15,766,0,112,270,133,4,T,94,0,856,0,40,221,194,13,0,-7,-15,90,0,-72,-49,61,9
25587,10.46,T,107,17,608,0,77,273,164,2,Z,84,2,770,0,420,247,270,4,1,-23,-15,162,0,343,-26,106,2
25588,2.03,Z,6,0,68,0,2,38,15,0,P,10,0,122,0,97,42,19,4,0,4,0,54,0,95,4,4,4
25589,8.04,P,24,1,407,0,1,337,36,0,Z,44,3,359,1,46,99,147,0,1,20,2,-48,1,45,-238,111,0
25590,4.52,P,21,0,163,0,1,129,60,2,T,34,1,171,0,231,127,112,7,1,13,1,8,0,230,-2,52,5
25591,9.59,P,70,1,840,0,21,228,91,5,T,84,0,283,0,17,210,170,10,1,14,-1,-557,0,-4,-18,79,5
25592,9.59,T,42,0,376,0,5,142,104,1,Z,64,2,459,0,58,168,288,5,1,22,2,83,0,53,26,184,4
25593,7.34,Z,68,0,454,0,8,164,159,3,P,54,1,354,0,47,242,69,8,1,-14,1,-100,0,39,78,-90,5
25594,7.28,Z,36,0,191,0,18,175,143,4,Z,27,0,139,0,9,32,111,4,0,-9,0,-52,0,-9,-143,-32,0
25595,8.56,T,52,0,620,0,63,60,57,12,Z,39,3,371,0,17,35,90,0,0,-13,3,-249,0,-46,-25,33,-12
25596,10.03,P,50,0,688,0,0,106,74,0,P,45,6,591,0,99,159,116,7,0,-5,6,-97,0,99,53,42,7
25597,6.58,P,30,0,301,0,0,80,47,2,T,39,0,469,0,52,31,42,3,1,9,0,168,0,52,-49,-5,1
25598,9.59,P,30,1,376,0,1,40,59,2,T,34,0,584,0,1,11,43,1,1,4,-1,208,0,0,-29,-16,-1
25599,3.56,P,25,0,86,0,0,91,67,2,P,21,0,212,0,240,89,41,8,0,-4,0,126,0,240,-2,-26,6
25600,3.43,P,9,0,227,0,0,19,13,1,T,23,0,267,0,67,50,26,4,1,14,0,40,0,67,31,13,3
25601,5.31,Z,28,0,172,0,19,78,73,1,Z,23,5,270,0,10,96,77,0,0,-5,5,98,0,-9,18,4,-1
25602,4.34,Z,17,2,331,0,8,19,76,1,T,23,0,187,0,0,20,45,2,1,6,-2,-144,0,-8,1,-31,1
25603,5,P,14,0,425,0,6,79,24,3,T,27,0,508,0,0,99,69,1,1,13,0,83,0,-6,20,45,-2
25604,7.18,Z,36,0,295,0,287,197,130,9,P,49,0,245,0,0,126,158,0,0,13,0,-50,0,-287,-71,28,-9
25605,8.27,T,87,0,443,0,359,295,91,4,T,68,4,488,0,129,271,198,2,1,-19,4,45,0,-230,-24,107,-2
25606,6.39,Z,47,1,216,0,59,204,172,5,T,22,0,215,0,0,27,65,1,0,-25,-1,-1,0,-59,-177,-107,-4
25607,7.01,P,13,0,427,0,0,39,16,0,T,25,1,174,0,0,7,39,0,0,12,1,-253,0,0,-32,23,0
25608,5.12,P,36,0,196,0,75,137,44,7,Z,30,2,201,0,69,112,117,5,0,-6,2,5,0,-6,-25,73,-2
25609,9.57,T,69,0,926,0,92,124,77,4,P,45,0,783,0,14,130,82,2,0,-24,0,-143,0,-78,6,5,-2
25610,9.59,T,55,4,396,0,98,375,161,5,Z,64,0,291,0,29,282,157,6,1,9,-4,-105,0,-69,-93,-4,1
25611,5.39,Z,26,3,175,0,21,69,69,0,P,25,0,241,0,425,171,77,8,1,-1,-3,66,0,404,102,8,8
25612,9.45,Z,51,0,929,0,23,151,163,1,Z,35,0,441,0,76,165,202,4,0,-16,0,-488,0,53,14,39,3
25613,5.46,T,29,0,295,0,0,115,40,1,P,21,4,260,0,4,139,37,0,0,-8,4,-35,0,4,24,-3,-1
25614,8.18,P,33,0,270,0,6,210,41,6,T,28,0,411,0,0,81,67,0,0,-5,0,141,0,-6,-129,26,-6
25615,4.09,T,19,1,452,0,6,67,34,0,T,23,1,119,0,60,31,22,0,1,4,0,-333,0,54,-36,-12,0
25616,9.59,P,56,0,591,0,8,330,134,3,T,55,0,428,0,14,107,79,3,0,-1,0,-163,0,6,-223,-55,0
25617,6.02,Z,27,0,148,0,12,83,92,3,Z,19,0,511,0,13,162,69,2,0,-8,0,363,0,1,79,-23,-1
25618,5.08,P,23,0,551,0,4,136,38,1,Z,25,0,173,0,20,95,63,2,0,2,0,-378,0,16,-41,25,1
25619,5.22,T,26,0,496,0,382,95,116,7,T,27,0,535,0,49,76,116,1,1,1,0,39,0,-333,-19,0,-6
25620,9.58,T,51,9,645,0,19,43,116,1,Z,53,0,133,0,63,55,188,1,1,2,-9,-512,0,44,12,72,0
25621,6.51,Z,40,0,437,0,10,113,131,2,P,29,0,312,22,60,253,100,0,0,-11,0,-125,22,50,140,-31,-2
25622,6.33,P,33,1,597,0,15,66,122,3,Z,34,3,346,0,428,150,91,3,1,1,2,-251,0,413,84,-31,0
25623,7.59,Z,37,8,264,0,41,210,126,1,T,54,9,774,0,606,188,171,0,0,17,1,510,0,565,-22,45,-1
25624,9.58,P,34,0,725,0,14,47,43,6,T,58,0,745,0,100,197,109,8,1,24,0,20,0,86,150,66,2
25625,9.59,T,67,0,560,0,67,153,130,15,T,72,0,308,0,52,195,93,3,0,5,0,-252,0,-15,42,-37,-12
25626,8.26,Z,52,8,270,0,50,143,164,0,P,43,0,574,0,11,128,63,3,0,-9,-8,304,0,-39,-15,-101,3
25627,8.13,T,45,0,574,0,0,54,89,0,P,30,0,274,0,0,91,47,0,1,-15,0,-300,0,0,37,-42,0
25628,9.58,T,103,7,500,0,44,174,176,2,P,70,0,578,0,111,275,74,12,1,-33,-7,78,0,67,101,-102,10
25629,9.59,Z,101,5,489,0,508,334,249,9,T,124,3,420,0,621,302,148,10,0,23,-2,-69,0,113,-32,-101,1
25630,10.04,T,48,3,584,0,4,97,73,0,P,57,0,856,0,279,107,45,5,1,9,-3,272,0,275,10,-28,5
25631,4.38,T,28,0,186,0,85,167,119,4,T,36,0,212,0,424,59,27,6,0,8,0,26,0,339,-108,-92,2
25632,3.55,Z,29,1,303,0,276,115,109,12,P,27,0,128,0,142,173,54,12,1,-2,-1,-175,0,-134,58,-55,0
25633,7.15,Z,48,2,375,0,101,181,127,4,T,57,1,524,0,253,128,98,3,0,9,-1,149,0,152,-53,-29,-1
25634,9.59,P,57,6,613,0,15,228,84,0,Z,69,10,755,0,68,93,159,3,1,12,4,142,0,53,-135,75,3
25635,8.56,Z,66,0,470,0,72,211,252,7,T,55,0,500,0,4,183,94,10,0,-11,0,30,0,-68,-28,-158,3
25636,6.53,Z,39,0,446,0,61,163,107,4,T,55,0,301,0,11,166,59,2,0,16,0,-145,0,-50,3,-48,-2
25637,9.59,P,74,0,474,0,79,179,54,9,T,31,0,675,0,14,151,79,4,1,-43,0,201,0,-65,-28,25,-5
25638,9.54,Z,76,7,513,0,112,259,350,10,P,91,0,659,0,745,381,92,11,1,15,-7,146,0,633,122,-258,1
25639,9.58,P,65,0,374,14,437,241,133,8,P,72,6,680,0,88,201,77,19,0,7,6,306,-14,-349,-40,-56,11
25640,7.24,T,46,1,395,0,349,173,154,4,P,53,4,371,0,130,177,40,7,1,7,3,-24,0,-219,4,-114,3
25641,7.07,Z,20,0,372,0,26,47,86,2,P,33,2,71,0,20,53,40,3,1,13,2,-301,0,-6,6,-46,1
25642,6.4,T,41,0,291,6,53,41,48,1,T,25,0,480,0,0,184,32,0,0,-16,0,189,-6,-53,143,-16,-1
25643,9.27,T,53,0,706,0,13,152,93,1,P,49,2,542,0,8,35,49,0,0,-4,2,-164,0,-5,-117,-44,-1
25644,5.17,Z,31,0,370,0,55,56,96,3,P,33,0,637,0,2,154,40,0,0,2,0,267,0,-53,98,-56,-3
25645,4.5,T,41,2,275,0,60,88,45,1,P,23,6,280,0,437,85,33,0,1,-18,4,5,0,377,-3,-12,-1
25646,9.59,P,30,1,901,0,8,100,62,1,T,64,0,394,0,11,229,150,2,1,34,-1,-507,0,3,129,88,1
25647,4.33,Z,23,2,204,0,26,116,75,3,P,42,0,503,0,135,151,75,4,1,19,-2,299,0,109,35,0,1
25648,5.22,T,44,0,334,0,166,129,100,9,T,46,0,295,0,80,86,71,7,0,2,0,-39,0,-86,-43,-29,-2
25649,8.24,T,67,4,662,0,74,198,136,4,T,72,0,350,0,16,226,224,9,0,5,-4,-312,0,-58,28,88,5
25650,7.38,T,57,4,461,0,45,114,71,0,T,15,0,343,0,0,46,46,1,0,-42,-4,-118,0,-45,-68,-25,1
25651,8.31,Z,77,0,496,0,738,188,227,10,T,101,5,317,0,186,182,217,11,0,24,5,-179,0,-552,-6,-10,1
25652,7.3,P,69,0,394,0,517,296,89,22,P,38,0,375,0,93,221,79,10,0,-31,0,-19,0,-424,-75,-10,-12
25653,9.59,T,132,9,409,0,687,245,276,15,Z,83,0,458,2,89,332,292,13,1,-49,-9,49,2,-598,87,16,-2
25654,4.14,P,21,0,159,0,409,73,101,4,T,28,0,324,0,342,67,44,13,0,7,0,165,0,-67,-6,-57,9
25655,2.22,T,4,0,90,0,0,30,14,0,Z,12,0,76,0,161,28,111,4,1,8,0,-14,0,161,-2,97,4
25656,6.25,T,47,0,410,0,221,186,186,4,T,43,0,362,0,218,229,128,2,0,-4,0,-48,0,-3,43,-58,-2
25657,4.07,P,19,0,206,0,91,119,54,0,P,12,3,209,0,15,46,17,0,1,-7,3,3,0,-76,-73,-37,0
25658,9.59,T,57,3,644,0,146,132,115,5,T,92,0,510,0,61,159,177,11,1,35,-3,-134,0,-85,27,62,6
25659,3.54,T,35,5,263,0,235,55,22,3,Z,29,2,134,0,6,126,86,0,0,-6,-3,-129,0,-229,71,64,-3
25660,3.49,P,21,0,130,0,122,85,33,0,P,14,0,77,0,1,83,175,4,1,-7,0,-53,0,-121,-2,142,4
25661,9.59,Z,56,4,725,0,109,268,222,4,T,91,2,582,0,201,213,143,4,1,35,-2,-143,0,92,-55,-79,0
25662,7.01,P,35,1,644,0,4,135,36,3,Z,35,2,852,0,10,90,93,1,0,0,1,208,0,6,-45,57,-2
25663,8.18,Z,42,0,342,0,87,256,226,7,P,48,3,681,7,20,110,60,1,1,6,3,339,7,-67,-146,-166,-6
25664,9.59,P,106,12,504,0,241,333,180,12,T,145,4,597,0,372,363,230,26,1,39,-8,93,0,131,30,50,14
25665,9.56,Z,40,0,497,0,30,144,141,3,Z,50,0,501,0,42,54,128,1,1,10,0,4,0,12,-90,-13,-2
25666,5.04,P,19,0,327,0,0,37,26,0,Z,24,0,340,0,11,37,88,6,1,5,0,13,0,11,0,62,6
25667,9.59,T,83,0,703,0,33,215,205,7,P,58,3,266,0,32,60,57,2,1,-25,3,-437,0,-1,-155,-148,-5
25668,4.28,P,18,0,234,0,0,86,15,1,T,19,0,267,0,0,50,61,1,1,1,0,33,0,0,-36,46,0
25669,9.15,P,79,0,382,0,291,220,250,15,T,79,0,510,0,343,107,136,6,0,0,0,128,0,52,-113,-114,-9
25670,4.2,Z,21,2,502,0,11,38,48,0,P,21,1,98,0,0,93,20,0,1,0,-1,-404,0,-11,55,-28,0
25671,2.42,T,11,0,104,0,161,50,54,8,T,14,2,61,0,89,36,47,1,1,3,2,-43,0,-72,-14,-7,-7
25672,7.49,T,41,0,359,0,21,242,116,5,T,53,0,470,0,1,138,78,0,1,12,0,111,0,-20,-104,-38,-5
25673,9.29,P,69,3,379,14,154,297,234,3,Z,63,7,638,0,259,267,221,11,0,-6,4,259,-14,105,-30,-13,8
25674,5.31,P,36,0,138,0,311,311,113,5,T,28,0,157,0,167,78,31,2,1,-8,0,19,0,-144,-233,-82,-3
25675,10.55,P,50,3,634,3,20,238,119,1,Z,61,0,498,0,15,205,181,3,0,11,-3,-136,-3,-5,-33,62,2
25676,9.59,Z,62,10,686,0,554,358,241,8,P,65,0,522,0,48,281,134,9,1,3,-10,-164,0,-506,-77,-107,1
25677,9.58,Z,63,7,463,0,44,187,191,4,P,52,2,647,0,30,149,112,0,0,-11,-5,184,0,-14,-38,-79,-4
25678,7.34,Z,32,2,413,0,50,88,116,0,T,43,5,479,0,21,65,63,0,1,11,3,66,0,-29,-23,-53,0
25679,8.57,P,51,2,797,0,19,94,65,3,Z,28,9,296,0,47,74,123,1,1,-23,7,-501,0,28,-20,58,-2
25680,9.59,P,31,0,761,0,0,79,56,0,P,33,9,336,0,17,414,56,3,1,2,9,-425,0,17,335,0,3
25681,3.54,T,17,0,175,0,167,158,69,5,P,13,0,184,0,212,81,72,2,0,-4,0,9,0,45,-77,3,-3
25682,7.15,T,48,4,476,0,18,98,81,0,P,34,2,372,0,2,127,58,3,1,-14,-2,-104,0,-16,29,-23,3
25683,5.27,Z,35,0,279,0,4,72,175,2,P,43,0,194,0,8,69,28,5,1,8,0,-85,0,4,-3,-147,3
25684,4.52,T,28,5,279,0,169,133,157,4,T,41,0,173,9,417,118,74,0,1,13,-5,-106,9,248,-15,-83,-4
25685,4.08,P,20,0,108,0,0,62,35,0,Z,14,2,117,2,20,75,66,0,1,-6,2,9,2,20,13,31,0
25686,4.37,Z,25,0,166,0,8,26,103,2,Z,17,0,110,0,20,138,63,1,0,-8,0,-56,0,12,112,-40,-1
25687,5.13,T,29,3,389,0,52,94,23,1,Z,22,2,386,0,359,83,241,1,1,-7,-1,-3,0,307,-11,218,0
25688,9.59,T,66,0,939,0,26,115,96,8,P,52,0,489,0,9,86,61,2,0,-14,0,-450,0,-17,-29,-35,-6
25689,9.58,P,59,0,656,0,113,156,50,20,T,75,7,538,0,45,130,130,0,0,16,7,-118,0,-68,-26,80,-20
25690,1.06,P,2,0,26,0,26,32,60,5,P,4,0,26,0,2,31,15,3,0,2,0,0,0,-24,-1,-45,-2
25691,8.08,T,73,1,387,0,79,231,202,3,T,72,0,459,0,270,328,232,8,1,-1,-1,72,0,191,97,30,5
25692,9.59,Z,63,11,504,0,42,242,201,1,Z,68,3,235,0,165,159,300,0,0,5,-8,-269,0,123,-83,99,-1
25693,9.59,P,38,0,376,0,0,131,83,0,P,34,1,488,0,3,37,64,0,0,-4,1,112,0,3,-94,-19,0
25694,9.33,T,90,0,586,0,73,312,159,11,Z,69,6,316,0,184,175,323,5,0,-21,6,-270,0,111,-137,164,-6
25695,1.45,P,3,0,68,0,4,38,7,0,T,4,0,43,0,4,7,10,2,0,1,0,-25,0,0,-31,3,2
25696,0.46,T,5,0,37,0,21,49,18,1,T,0,0,6,0,0,0,0,0,0,-5,0,-31,0,-21,-49,-18,-1
25697,10.05,T,72,0,1095,6,69,50,76,0,Z,48,2,419,0,32,302,166,2,0,-24,2,-676,-6,-37,252,90,2
25698,9.59,T,87,7,648,0,360,284,148,24,Z,66,2,317,0,33,211,270,4,0,-21,-5,-331,0,-327,-73,122,-20
25699,3.12,T,11,0,233,0,0,20,20,1,Z,13,0,57,0,11,41,43,4,1,2,0,-176,0,11,21,23,3
25700,5.51,T,38,3,331,0,296,120,77,7,P,51,1,216,0,255,257,45,4,1,13,-2,-115,0,-41,137,-32,-3
25701,9.59,T,46,0,513,0,79,208,62,4,P,41,0,685,0,0,149,67,0,1,-5,0,172,0,-79,-59,5,-4
25702,3.01,P,11,2,114,0,6,49,21,0,P,14,0,102,0,51,172,45,2,1,3,-2,-12,0,45,123,24,2
25703,1.57,Z,6,0,21,0,150,24,162,1,Z,8,2,116,0,113,36,68,1,0,2,2,95,0,-37,12,-94,0
25704,9.59,P,48,7,783,0,39,81,46,0,T,47,0,676,0,4,144,108,2,1,-1,-7,-107,0,-35,63,62,2
25705,6.03,T,49,2,205,0,298,188,211,9,Z,33,0,202,0,202,120,158,10,1,-16,-2,-3,0,-96,-68,-53,1
25706,6.24,P,36,3,235,0,20,148,52,3,P,53,6,314,0,112,198,96,2,1,17,3,79,0,92,50,44,-1
25707,9.59,T,47,0,471,0,4,58,86,2,Z,36,0,563,0,11,86,142,2,0,-11,0,92,0,7,28,56,0
25708,8.08,Z,37,2,329,0,36,94,121,0,Z,38,6,177,0,46,87,155,0,0,1,4,-152,0,10,-7,34,0
25709,7.15,T,62,6,242,0,163,192,135,4,P,56,4,342,0,127,137,167,0,1,-6,-2,100,0,-36,-55,32,-4
25710,9.59,Z,59,3,306,0,17,109,187,0,T,75,2,584,0,89,321,129,1,0,16,-1,278,0,72,212,-58,1
25711,9.59,P,79,0,438,0,399,356,98,12,Z,68,0,352,0,344,174,435,13,0,-11,0,-86,0,-55,-182,337,1
25712,6.12,T,48,0,704,0,15,129,74,4,T,70,3,488,0,60,172,63,6,0,22,3,-216,0,45,43,-11,2
25713,5.01,T,35,1,195,2,146,193,132,4,P,25,0,114,0,487,66,45,4,0,-10,-1,-81,-2,341,-127,-87,0
25714,9.09,Z,62,3,542,0,30,240,244,6,T,112,0,483,0,314,154,196,46,1,50,-3,-59,0,284,-86,-48,40
25715,10.37,T,52,0,310,0,37,88,114,4,T,34,0,650,0,0,66,48,0,0,-18,0,340,0,-37,-22,-66,-4
25716,2.52,Z,9,2,73,0,13,40,44,0,Z,13,4,109,0,238,25,178,0,0,4,2,36,0,225,-15,134,0
25717,10.33,T,64,5,580,0,44,203,130,2,P,46,0,295,0,7,172,60,5,0,-18,-5,-285,0,-37,-31,-70,3
25718,3.18,T,17,1,185,0,109,52,127,2,Z,16,2,274,0,30,50,89,1,1,-1,1,89,0,-79,-2,-38,-1
25719,9.59,T,69,0,491,0,24,98,85,8,Z,55,0,382,0,97,69,216,4,1,-14,0,-109,0,73,-29,131,-4
25720,9.59,T,46,0,691,0,2,89,82,1,T,82,4,435,0,54,132,150,0,1,36,4,-256,0,52,43,68,-1
25721,4.16,P,16,0,216,0,43,106,91,6,P,28,0,74,0,310,92,121,4,1,12,0,-142,0,267,-14,30,-2
25722,4.38,T,21,0,194,0,39,76,105,5,T,16,0,341,0,1,69,34,0,0,-5,0,147,0,-38,-7,-71,-5
25723,6.52,T,59,7,551,4,138,124,131,5,P,45,0,252,0,67,151,131,4,0,-14,-7,-299,-4,-71,27,0,-1
25724,10.26,Z,51,2,720,0,31,169,210,1,P,95,10,908,0,207,335,151,6,1,44,8,188,0,176,166,-59,5
25725,1.29,P,7,0,67,0,71,30,14,1,P,6,0,47,0,19,26,20,2,0,-1,0,-20,0,-52,-4,6,1
25726,9.13,Z,47,2,553,0,2,35,132,2,P,35,0,651,0,0,31,58,0,0,-12,-2,98,0,-2,-4,-74,-2
25727,9.59,P,56,7,737,1,118,180,56,3,P,30,0,515,0,0,101,42,0,1,-26,-7,-222,-1,-118,-79,-14,-3
25728,9.59,T,116,5,756,0,34,219,148,1,Z,66,2,237,0,97,82,238,0,0,-50,-3,-519,0,63,-137,90,-1
25729,8.38,Z,54,3,261,0,43,161,195,0,Z,47,0,747,0,88,162,142,1,0,-7,-3,486,0,45,1,-53,1
25730,5.04,P,22,0,347,0,339,61,50,3,P,18,1,285,0,95,68,39,7,1,-4,1,-62,0,-244,7,-11,4
25731,9.24,Z,49,0,646,0,14,114,153,6,P,48,0,710,0,29,158,92,9,1,-1,0,64,0,15,44,-61,3
25732,5.36,Z,52,0,269,0,93,140,187,10,Z,48,2,197,0,77,305,163,1,0,-4,2,-72,0,-16,165,-24,-9
25733,9.55,T,49,0,582,7,28,67,73,1,T,39,0,386,0,7,53,62,2,0,-10,0,-196,-7,-21,-14,-11,1
25734,8.28,Z,57,2,441,0,44,156,256,3,T,72,7,288,9,64,120,95,1,0,15,5,-153,9,20,-36,-161,-2
25735,7.29,T,43,4,585,0,92,64,102,2,T,56,4,399,0,516,131,98,0,1,13,0,-186,0,424,67,-4,-2
25736,1.55,Z,7,0,192,0,0,49,27,0,P,3,0,77,0,0,62,8,0,0,-4,0,-115,0,0,13,-19,0
25737,10.53,T,91,0,460,0,72,239,137,13,Z,94,0,391,0,296,299,580,8,0,3,0,-69,0,224,60,443,-5
25738,10.19,Z,98,6,458,0,185,305,283,2,T,133,0,625,0,401,406,248,13,1,35,-6,167,0,216,101,-35,11
25739,9.59,Z,48,14,757,1,384,178,353,2,Z,57,3,394,0,141,183,204,2,1,9,-11,-363,-1,-243,5,-149,0
25740,8.16,P,73,5,369,0,181,412,204,5,Z,83,10,501,0,202,198,257,1,0,10,5,132,0,21,-214,53,-4
25741,7.56,Z,48,6,572,1,196,166,317,0,Z,39,1,204,0,29,114,180,4,0,-9,-5,-368,-1,-167,-52,-137,4
25742,10.04,T,71,0,601,0,5,158,100,5,T,56,3,761,0,29,291,102,2,0,-15,3,160,0,24,133,2,-3
25743,4.25,P,13,3,121,0,363,38,15,6,Z,12,0,196,0,3,42,44,2,0,-1,-3,75,0,-360,4,29,-4
25744,1.55,Z,5,3,128,0,6,9,21,0,T,9,4,80,0,123,23,27,1,1,4,1,-48,0,117,14,6,1
25745,5.39,P,22,0,143,0,0,95,40,0,P,18,0,315,0,5,48,25,3,0,-4,0,172,0,5,-47,-15,3
25746,4.3,P,26,1,185,0,2,43,30,1,P,21,0,161,0,0,76,50,1,1,-5,-1,-24,0,-2,33,20,0
25747,4.25,Z,21,0,150,8,80,76,136,0,Z,19,7,163,0,371,32,106,0,1,-2,7,13,-8,291,-44,-30,0
25748,4.3,T,23,0,153,0,12,55,32,3,P,24,1,228,0,36,90,53,7,0,1,1,75,0,24,35,21,4
25749,9.57,P,40,6,301,0,31,156,68,0,T,102,12,482,0,63,323,120,1,0,62,6,181,0,32,167,52,1
25750,8.44,Z,30,2,691,0,9,80,128,0,Z,35,4,289,0,31,50,101,1,1,5,2,-402,0,22,-30,-27,1
25751,3.2,P,20,0,195,0,2,47,29,1,P,13,0,77,0,97,63,31,2,0,-7,0,-118,0,95,16,2,1
25752,0.3,Z,1,0,50,0,4,20,21,0,P,1,0,30,1,9,9,11,0,0,0,0,-20,1,5,-11,-10,0
25753,9.59,P,80,0,395,0,71,133,89,13,T,83,1,530,0,29,259,136,6,0,3,1,135,0,-42,126,47,-7
25754,9.27,P,49,0,437,0,14,111,60,3,T,69,3,570,0,136,229,217,4,0,20,3,133,0,122,118,157,1
25755,9.55,P,43,0,289,0,36,167,48,12,T,67,0,472,0,0,91,94,0,0,24,0,183,0,-36,-76,46,-12
25756,6.13,T,47,1,355,0,90,103,34,0,P,14,0,321,0,0,67,26,0,0,-33,-1,-34,0,-90,-36,-8,0
25757,7.05,P,42,0,415,0,23,107,51,1,P,40,0,743,0,25,137,56,4,0,-2,0,328,0,2,30,5,3
25758,3.41,Z,14,0,288,0,11,34,32,2,T,15,0,114,0,2,32,29,4,0,1,0,-174,0,-9,-2,-3,2
25759,9.57,P,17,0,103,0,0,26,24,0,T,31,1,345,0,8,81,54,3,1,14,1,242,0,8,55,30,3
25760,5.35,Z,29,7,235,0,22,119,74,5,P,36,0,188,0,176,218,66,10,0,7,-7,-47,0,154,99,-8,5
25761,3.49,T,21,0,189,0,6,55,55,2,T,17,0,169,0,0,44,68,0,1,-4,0,-20,0,-6,-11,13,-2
25762,7.35,Z,34,5,633,0,19,33,92,2,T,55,0,503,0,15,174,167,7,1,21,-5,-130,0,-4,141,75,5
25763,9.06,P,57,3,372,0,426,252,66,3,T,78,2,209,0,756,197,121,16,0,21,-1,-163,0,330,-55,55,13
25764,9.59,T,133,0,493,0,262,351,160,11,Z,63,7,532,1,47,274,249,0,0,-70,7,39,1,-215,-77,89,-11
25765,10.01,Z,57,0,557,0,43,137,180,9,T,56,0,315,0,79,166,122,9,0,-1,0,-242,0,36,29,-58,0
25766,4.43,T,26,0,172,0,150,154,45,10,Z,30,6,137,0,318,172,134,4,0,4,6,-35,0,168,18,89,-6
25767,9.59,Z,61,15,612,0,63,223,190,2,Z,90,0,355,0,135,404,261,8,1,29,-15,-257,0,72,181,71,6
25768,3.54,Z,16,2,79,0,269,35,50,2,Z,18,0,127,0,19,52,40,3,0,2,-2,48,0,-250,17,-10,1
25769,9.59,P,69,2,536,0,36,281,101,10,Z,67,8,278,0,104,139,188,7,1,-2,6,-258,0,68,-142,87,-3
25770,6.46,P,51,0,335,0,138,173,80,9,T,82,6,453,0,538,220,194,11,1,31,6,118,0,400,47,114,2
25771,3.43,Z,20,4,62,0,52,63,218,5,P,19,0,91,0,1,36,35,2,1,-1,-4,29,0,-51,-27,-183,-3
25772,0.29,P,1,0,19,0,0,4,37,0,P,1,0,61,0,0,4,4,0,1,0,0,42,0,0,0,-33,0
25773,9.59,T,64,0,566,0,0,165,158,0,P,72,3,558,0,6,144,106,2,0,8,3,-8,0,6,-21,-52,2
25774,7.18,Z,45,2,566,0,39,57,131,0,P,42,0,521,0,33,165,93,5,0,-3,-2,-45,0,-6,108,-38,5
25775,10.31,Z,73,8,453,3,577,449,259,1,Z,71,0,457,0,457,589,284,2,1,-2,-8,4,-3,-120,140,25,1
25776,2.43,T,12,0,220,0,89,54,37,5,T,10,1,134,0,1,49,34,3,0,-2,1,-86,0,-88,-5,-3,-2
25777,8.33,Z,49,6,465,0,153,271,227,0,Z,53,4,337,0,133,280,261,2,0,4,-2,-128,0,-20,9,34,2
25778,9.59,T,96,0,430,0,506,342,142,9,P,65,1,591,0,126,348,206,3,0,-31,1,161,0,-380,6,64,-6
25779,3.52,P,13,0,275,0,1,54,14,3,P,21,3,255,0,5,59,33,0,1,8,3,-20,0,4,5,19,-3
25780,5.41,Z,22,0,232,0,18,75,37,5,P,9,0,124,0,0,23,18,0,0,-13,0,-108,0,-18,-52,-19,-5
25781,9.58,Z,58,3,523,0,144,214,457,0,P,33,0,609,0,28,151,54,3,1,-25,-3,86,0,-116,-63,-403,3
25782,7.28,T,30,0,367,0,0,41,61,0,P,38,0,503,0,25,32,46,1,1,8,0,136,0,25,-9,-15,1
25783,7.24,T,54,2,428,0,114,220,134,3,P,36,0,448,0,29,198,99,2,0,-18,-2,20,0,-85,-22,-35,-1
25784,3.06,Z,12,0,132,0,6,51,147,2,Z,9,0,85,0,31,26,112,5,0,-3,0,-47,0,25,-25,-35,3
25785,5.52,P,50,1,194,0,18,185,47,7,T,42,0,238,0,109,79,114,4,1,-8,-1,44,0,91,-106,67,-3
25786,9.39,Z,40,3,478,0,22,221,199,9,T,87,0,387,0,8,334,160,4,0,47,-3,-91,0,-14,113,-39,-5
25787,4.07,T,19,3,218,0,0,73,35,0,T,23,0,297,0,1,35,41,2,1,4,-3,79,0,1,-38,6,2
25788,4.31,T,20,0,24,0,4,7,19,2,Z,20,4,171,0,44,79,53,3,0,0,4,147,0,40,72,34,1
25789,9.47,Z,106,4,474,0,803,291,359,12,T,96,5,511,0,461,202,233,11,1,-10,1,37,0,-342,-89,-126,-1
25790,8.21,P,96,6,262,0,327,255,154,1,T,105,0,593,0,65,193,104,13,1,9,-6,331,0,-262,-62,-50,12
25791,9.59,T,54,1,294,0,5,48,56,2,T,64,9,900,0,32,41,59,1,1,10,8,606,0,27,-7,3,-1
25792,9.59,T,99,5,431,0,123,239,217,1,T,58,0,845,0,0,51,97,0,0,-41,-5,414,0,-123,-188,-120,-1
25793,9.59,T,88,3,621,0,260,269,129,10,Z,77,2,406,0,194,314,341,8,1,-11,-1,-215,0,-66,45,212,-2
25794,9.59,Z,59,0,397,0,375,299,445,9,T,74,0,441,11,92,269,215,3,0,15,0,44,11,-283,-30,-230,-6
25795,8.3,T,41,0,180,0,0,54,76,0,T,32,0,254,0,0,19,49,0,1,-9,0,74,0,0,-35,-27,0
25796,5.54,Z,23,0,406,0,4,116,78,2,Z,20,1,235,0,21,61,95,9,1,-3,1,-171,0,17,-55,17,7
25797,8.45,Z,33,5,300,0,42,200,142,0,Z,44,0,591,0,283,206,137,3,1,11,-5,291,0,241,6,-5,3
25798,6.53,T,69,1,281,0,860,110,272,17,T,42,0,261,0,272,97,63,4,0,-27,-1,-20,0,-588,-13,-209,-13
25799,9.58,Z,69,0,323,0,21,161,221,11,T,86,2,826,0,107,527,104,7,0,17,2,503,0,86,366,-117,-4
25800,2.1,Z,6,1,23,0,107,56,59,2,Z,6,0,129,0,78,51,52,7,0,0,-1,106,0,-29,-5,-7,5
25801,9.59,P,36,1,744,0,4,94,47,0,T,42,0,596,0,4,250,129,2,1,6,-1,-148,0,0,156,82,2
25802,9.07,T,41,0,347,0,0,40,114,0,Z,71,3,390,0,408,170,320,28,1,30,3,43,0,408,130,206,28
25803,9.58,T,33,0,370,0,0,48,53,0,Z,58,0,154,0,47,83,152,2,1,25,0,-216,0,47,35,99,2
25804,7.49,T,87,7,381,0,126,205,95,0,P,88,4,292,0,166,260,168,5,0,1,-3,-89,0,40,55,73,5
25805,9.59,P,32,6,707,0,530,191,381,1,P,54,3,629,1,91,240,82,0,1,22,-3,-78,1,-439,49,-299,-1
25806,3.51,Z,16,4,171,0,6,96,48,0,P,12,0,282,0,10,61,21,3,0,-4,-4,111,0,4,-35,-27,3
25807,9.59,Z,65,1,613,0,50,348,269,5,T,101,1,411,0,359,351,125,8,0,36,0,-202,0,309,3,-144,3
25808,6.07,T,40,3,256,0,51,92,45,4,T,46,3,300,0,66,55,90,1,1,6,0,44,0,15,-37,45,-3
25809,9.59,T,55,0,835,0,4,189,85,1,P,26,1,337,0,2,37,35,1,1,-29,1,-498,0,-2,-152,-50,0
25810,2.01,P,6,0,48,0,0,70,12,0,P,7,4,29,0,142,44,8,0,0,1,4,-19,0,142,-26,-4,0
25811,3.34,T,15,0,208,0,214,46,71,8,Z,16,0,82,2,183,110,204,0,0,1,0,-126,2,-31,64,133,-8
25812,9.58,T,36,0,251,0,14,147,94,4,P,37,1,692,0,1,160,79,0,0,1,1,441,0,-13,13,-15,-4
25813,10.19,T,159,0,475,0,623,354,136,13,Z,96,0,478,0,162,320,390,19,0,-63,0,3,0,-461,-34,254,6
25814,7.28,T,80,0,251,0,621,197,202,16,T,79,5,406,0,702,235,207,9,1,-1,5,155,0,81,38,5,-7
25815,9.28,T,56,3,529,0,16,124,88,2,T,76,1,623,0,378,127,110,13,0,20,-2,94,0,362,3,22,11
25816,9.59,T,39,0,901,0,11,154,63,3,P,32,8,626,0,26,95,71,2,0,-7,8,-275,0,15,-59,8,-1
25817,6.39,P,61,0,604,0,546,199,113,5,P,66,8,245,2,339,195,69,11,1,5,8,-359,2,-207,-4,-44,6
25818,4.26,Z,28,1,343,0,201,124,154,5,P,29,0,186,0,445,163,43,5,0,1,-1,-157,0,244,39,-111,0
25819,4.55,T,21,3,299,0,154,157,171,3,Z,21,0,130,0,190,103,222,1,0,0,-3,-169,0,36,-54,51,-2
25820,5.21,T,47,0,300,0,345,146,132,6,Z,28,2,368,0,125,132,78,1,0,-19,2,68,0,-220,-14,-54,-5
25821,5.55,T,36,0,112,0,595,138,39,8,P,36,1,372,0,51,166,95,2,1,0,1,260,0,-544,28,56,-6
25822,8.58,Z,72,6,358,0,146,247,195,9,Z,68,0,448,0,1006,374,336,12,0,-4,-6,90,0,860,127,141,3
25823,9.59,Z,77,12,392,0,145,370,314,6,Z,61,0,381,0,77,314,208,5,1,-16,-12,-11,0,-68,-56,-106,-1
25824,7.26,T,52,4,299,0,35,115,88,1,P,47,4,344,3,44,152,70,0,1,-5,0,45,3,9,37,-18,-1
25825,9.59,T,90,0,554,0,122,268,188,16,T,42,0,514,0,5,218,69,3,0,-48,0,-40,0,-117,-50,-119,-13
25826,9.59,T,134,20,361,0,258,376,265,14,Z,97,1,554,0,503,290,377,22,1,-37,-19,193,0,245,-86,112,8
25827,8.33,P,34,0,224,0,38,178,49,4,T,32,9,361,0,11,126,72,0,1,-2,9,137,0,-27,-52,23,-4
25828,4.07,Z,23,0,103,0,23,57,134,3,P,15,1,68,0,59,131,104,1,0,-8,1,-35,0,36,74,-30,-2
25829,6.32,P,32,2,279,0,11,107,44,4,P,31,0,410,0,1,106,58,2,0,-1,-2,131,0,-10,-1,14,-2
25830,4.12,Z,9,0,171,0,5,32,50,7,Z,19,0,132,0,19,68,53,1,1,10,0,-39,0,14,36,3,-6
25831,8.13,T,46,8,627,0,26,135,76,0,Z,49,1,219,0,111,116,228,0,0,3,-7,-408,0,85,-19,152,0
25832,5.33,Z,23,0,386,0,34,33,95,2,Z,31,3,283,0,58,67,90,11,1,8,3,-103,0,24,34,-5,9
25833,9.15,T,72,5,518,0,19,179,86,6,Z,52,1,503,0,33,268,169,0,0,-20,-4,-15,0,14,89,83,-6
25834,9.58,Z,64,0,464,0,0,181,346,0,Z,63,1,427,0,187,84,159,3,1,-1,1,-37,0,187,-97,-187,3
25835,9.09,T,74,0,535,0,13,113,153,4,T,50,1,905,0,94,168,83,6,0,-24,1,370,0,81,55,-70,2
25836,2.14,Z,9,0,54,0,1,22,37,0,T,9,0,66,0,48,29,50,3,0,0,0,12,0,47,7,13,3
25837,6.1,P,24,0,391,0,0,78,52,0,T,47,2,518,0,63,39,58,0,1,23,2,127,0,63,-39,6,0
25838,7.47,T,49,2,351,0,53,209,184,3,T,43,0,551,0,293,212,82,6,0,-6,-2,200,0,240,3,-102,3
25839,8.14,Z,49,0,495,0,25,202,319,1,T,58,0,446,0,8,117,90,4,1,9,0,-49,0,-17,-85,-229,3
25840,5.22,T,28,0,442,0,0,50,55,0,Z,25,0,183,0,474,103,151,6,1,-3,0,-259,0,474,53,96,6
25841,10.13,Z,42,9,470,0,66,156,161,4,T,59,6,327,0,51,70,86,0,0,17,-3,-143,0,-15,-86,-75,-4
25842,4.58,T,47,0,135,0,61,160,66,7,Z,23,2,131,0,50,84,119,0,0,-24,2,-4,0,-11,-76,53,-7
25843,9.59,T,61,4,363,0,3,84,102,0,P,44,3,320,0,24,219,125,1,1,-17,-1,-43,0,21,135,23,1
25844,4.44,T,15,0,369,0,0,41,29,2,T,20,3,294,0,0,44,30,0,0,5,3,-75,0,0,3,1,-2
25845,9.59,T,92,5,736,0,203,174,146,3,Z,115,7,525,1,282,202,247,7,0,23,2,-211,1,79,28,101,4
25846,9.59,Z,72,0,353,0,77,78,275,6,T,69,0,496,0,0,116,128,0,0,-3,0,143,0,-77,38,-147,-6
25847,6.37,P,54,0,297,0,143,117,159,2,Z,49,4,816,0,501,111,200,1,1,-5,4,519,0,358,-6,41,-1
25848,8.21,T,81,4,649,0,52,202,77,4,Z,62,3,521,0,27,163,156,0,0,-19,-1,-128,0,-25,-39,79,-4
25849,9.03,T,91,0,570,0,9,309,114,3,P,40,1,470,0,7,172,72,4,1,-51,1,-100,0,-2,-137,-42,1
25850,9.51,P,92,0,764,0,855,222,196,16,T,144,0,959,0,70,285,171,16,0,52,0,195,0,-785,63,-25,0
25851,9.59,P,59,2,507,0,0,159,95,0,P,42,0,653,2,14,227,105,0,0,-17,-2,146,2,14,68,10,0
25852,9.59,P,63,14,548,0,285,250,168,8,P,77,0,402,0,383,268,164,26,0,14,-14,-146,0,98,18,-4,18
25853,7.08,P,46,1,197,18,159,176,215,9,Z,43,4,202,0,273,168,208,8,1,-3,3,5,-18,114,-8,-7,-1
25854,9.57,Z,51,2,496,0,14,79,127,0,T,68,6,647,0,40,213,104,2,1,17,4,151,0,26,134,-23,2
25855,9.56,Z,65,0,513,0,38,97,188,9,T,108,2,745,0,146,249,249,5,1,43,2,232,0,108,152,61,-4
25856,6.26,P,34,0,175,0,2,68,34,3,Z,33,0,370,0,9,71,102,5,0,-1,0,195,0,7,3,68,2
25857,9.55,Z,51,6,425,0,37,102,332,3,P,47,0,686,0,16,167,55,2,1,-4,-6,261,0,-21,65,-277,-1
25858,7.37,T,70,0,458,0,360,193,259,10,Z,85,0,398,28,266,198,379,1,0,15,0,-60,28,-94,5,120,-9
25859,10.47,P,85,0,887,0,837,441,184,18,T,100,0,803,0,113,128,226,10,0,15,0,-84,0,-724,-313,42,-8
25860,2.38,T,9,0,238,0,12,48,16,1,T,6,2,129,0,2,7,12,0,0,-3,2,-109,0,-10,-41,-4,-1
25861,5.37,T,64,0,369,0,142,144,59,10,P,26,0,342,0,13,167,54,1,0,-38,0,-27,0,-129,23,-5,-9
25862,4.35,Z,16,3,199,0,92,80,197,1,P,29,0,129,0,50,83,26,3,1,13,-3,-70,0,-42,3,-171,2
25863,5.43,P,22,0,341,0,16,88,53,4,P,30,1,484,0,11,127,30,3,0,8,1,143,0,-5,39,-23,-1
25864,9.59,T,102,3,679,0,177,376,189,4,P,55,9,616,0,19,290,107,4,1,-47,6,-63,0,-158,-86,-82,0
25865,9.59,Z,59,0,726,0,251,234,259,4,Z,63,0,614,0,14,332,158,4,0,4,0,-112,0,-237,98,-101,0
25866,5.32,Z,30,6,331,0,18,138,127,0,T,37,1,358,0,300,146,67,8,0,7,-5,27,0,282,8,-60,8
25867,5.51,P,32,1,183,0,0,90,72,0,Z,25,3,295,0,308,138,176,0,1,-7,2,112,0,308,48,104,0
25868,5.59,T,53,3,349,0,11,70,84,1,P,29,0,341,0,92,121,64,8,0,-24,-3,-8,0,81,51,-20,7
25869,4.36,T,22,0,318,0,183,60,34,5,Z,13,0,190,0,19,26,60,10,0,-9,0,-128,0,-164,-34,26,5
25870,4.54,P,31,1,353,0,45,92,62,5,P,20,0,203,0,1,82,49,3,1,-11,-1,-150,0,-44,-10,-13,-2
25871,9.59,Z,96,0,675,0,476,355,326,10,T,97,1,624,0,340,301,279,15,0,1,1,-51,0,-136,-54,-47,5
25872,9.52,Z,38,6,279,2,63,90,212,2,T,110,0,532,0,525,373,262,11,0,72,-6,253,-2,462,283,50,9
25873,9.59,P,48,0,370,0,1,196,124,2,Z,45,0,611,0,43,231,192,7,1,-3,0,241,0,42,35,68,5
25874,6.25,Z,41,0,170,0,22,169,255,1,Z,35,7,224,0,110,181,196,1,0,-6,7,54,0,88,12,-59,0
25875,9.59,T,41,0,539,0,12,98,99,1,T,79,6,307,0,266,228,108,4,1,38,6,-232,0,254,130,9,3
25876,5.27,P,25,3,229,0,23,205,74,0,P,17,3,250,0,20,108,68,2,0,-8,0,21,0,-3,-97,-6,2
25877,7.23,Z,30,0,795,0,22,40,99,1,T,39,3,336,0,24,72,59,2,1,9,3,-459,0,2,32,-40,1
25878,6.56,P,38,0,458,0,22,124,205,2,Z,42,0,540,0,16,164,191,9,1,4,0,82,0,-6,40,-14,7
25879,5.34,T,29,0,419,0,154,138,46,5,P,23,4,305,0,3,102,36,0,0,-6,4,-114,0,-151,-36,-10,-5
25880,8.11,Z,36,0,312,0,10,31,137,2,T,43,7,472,0,46,135,74,2,0,7,7,160,0,36,104,-63,0
25881,9.59,P,47,0,633,0,351,208,168,3,Z,86,6,508,0,165,139,309,3,1,39,6,-125,0,-186,-69,141,0
25882,4.38,P,21,0,132,0,0,15,26,0,T,18,0,302,0,1,24,28,4,0,-3,0,170,0,1,9,2,4
25883,9.32,P,51,0,777,0,1,274,132,1,Z,58,0,336,0,37,89,153,4,0,7,0,-441,0,36,-185,21,3
25884,9.34,T,67,6,746,0,48,153,93,4,Z,58,1,955,0,34,207,167,1,1,-9,-5,209,0,-14,54,74,-3
25885,5.57,P,22,2,453,0,10,160,33,4,Z,22,0,290,0,0,105,99,1,0,0,-2,-163,0,-10,-55,66,-3
25886,10.12,T,66,7,684,0,139,266,262,2,T,70,0,901,0,13,143,99,4,1,4,-7,217,0,-126,-123,-163,2
25887,9.59,P,68,0,683,0,73,330,99,7,T,90,0,801,0,550,296,224,24,0,22,0,118,0,477,-34,125,17
25888,9.59,T,78,0,740,0,246,222,108,8,T,67,8,527,0,86,257,163,0,0,-11,8,-213,0,-160,35,55,-8
25889,9.58,P,67,0,494,0,113,163,194,5,Z,50,7,425,0,43,139,197,1,1,-17,7,-69,0,-70,-24,3,-4
25890,8.02,Z,42,2,416,0,439,64,185,4,Z,36,2,421,0,265,97,116,3,1,-6,0,5,0,-174,33,-69,-1
25891,0.16,P,1,0,0,0,0,0,0,0,Z,1,0,2,0,17,14,19,2,1,0,0,2,0,17,14,19,2
25892,9.58,Z,62,1,487,0,31,367,216,12,Z,66,1,619,0,64,287,211,7,0,4,0,132,0,33,-80,-5,-5
25893,5.55,T,47,0,511,0,418,153,115,7,P,39,0,131,0,33,177,152,12,1,-8,0,-380,0,-385,24,37,5
25894,9.59,T,63,5,497,0,6,179,80,1,T,47,2,780,0,58,150,105,4,1,-16,-3,283,0,52,-29,25,3
25895,3.36,T,13,2,130,0,41,37,22,0,T,18,0,117,0,147,78,57,4,1,5,-2,-13,0,106,41,35,4
25896,9.58,P,61,5,864,1,32,171,82,0,T,82,1,819,0,51,72,72,4,1,21,-4,-45,-1,19,-99,-10,4
25897,9.55,P,24,0,384,2,1,75,57,0,Z,57,5,571,0,59,89,181,6,1,33,5,187,-2,58,14,124,6
25898,5.35,Z,18,0,411,0,11,26,72,4,T,30,0,447,0,19,100,173,6,1,12,0,36,0,8,74,101,2
25899,3.3,Z,15,0,94,3,11,113,48,0,T,16,1,101,0,0,17,20,0,0,1,1,7,-3,-11,-96,-28,0
25900,0.09,T,1,0,31,0,0,1,1,1,Z,1,0,25,0,0,2,2,0,0,0,0,-6,0,0,1,1,-1
25901,9.59,T,52,0,446,0,219,175,439,8,T,77,1,664,0,20,222,199,6,0,25,1,218,0,-199,47,-240,-2
25902,9.59,T,29,0,447,0,0,42,70,0,P,36,0,437,0,8,29,26,3,1,7,0,-10,0,8,-13,-44,3
25903,4.28,T,40,10,137,0,540,77,76,5,P,20,1,73,0,12,113,110,4,0,-20,-9,-64,0,-528,36,34,-1
25904,9.57,P,91,0,343,0,86,173,112,11,T,171,0,600,0,453,265,171,27,1,80,0,257,0,367,92,59,16
25905,4.46,T,20,0,510,0,1,15,36,2,T,26,2,176,0,148,69,40,0,0,6,2,-334,0,147,54,4,-2
25906,9.59,T,103,0,445,0,56,403,186,8,P,92,7,697,0,215,259,90,9,1,-11,7,252,0,159,-144,-96,1
25907,3.34,T,25,0,168,0,225,117,93,11,Z,14,1,202,0,237,137,178,6,0,-11,1,34,0,12,20,85,-5
25908,9.59,P,51,10,667,0,477,241,65,2,T,122,4,351,0,920,233,182,25,0,71,-6,-316,0,443,-8,117,23
25909,3.45,P,25,2,86,0,156,91,58,8,T,17,0,126,0,168,77,40,7,0,-8,-2,40,0,12,-14,-18,-1
25910,7.01,P,47,0,412,0,54,312,54,9,Z,47,4,283,0,38,178,181,0,1,0,4,-129,0,-16,-134,127,-9
25911,4.27,T,12,3,135,0,1,41,27,1,T,24,0,354,0,27,18,27,1,0,12,-3,219,0,26,-23,0,0
25912,5.16,P,27,1,304,0,52,146,60,3,Z,28,2,342,0,95,190,123,4,1,1,1,38,0,43,44,63,1
25913,7.31,Z,38,5,287,0,65,172,143,1,Z,27,1,254,0,60,165,146,0,0,-11,-4,-33,0,-5,-7,3,-1
25914,9.45,Z,77,0,1133,0,38,154,219,7,P,61,0,519,0,40,182,74,16,1,-16,0,-614,0,2,28,-145,9
25915,9.39,T,87,4,256,0,229,409,286,15,T,105,0,475,0,601,307,187,15,1,18,-4,219,0,372,-102,-99,0
25916,0.13,Z,0,0,4,0,0,1,9,0,T,3,0,41,0,0,12,2,1,1,3,0,37,0,0,11,-7,1
25917,10.59,Z,59,9,552,0,150,177,255,0,Z,79,0,314,0,181,210,327,10,1,20,-9,-238,0,31,33,72,10
25918,9.59,P,66,0,608,0,28,121,57,6,Z,84,2,422,0,60,270,265,0,1,18,2,-186,0,32,149,208,-6
25919,9.58,P,39,0,476,0,8,98,53,0,T,29,0,429,0,1,64,41,1,0,-10,0,-47,0,-7,-34,-12,1
25920,9.02,P,91,12,400,1,260,367,373,7,T,110,0,480,0,599,375,236,15,0,19,-12,80,-1,339,8,-137,8
25921,9.59,T,57,2,598,0,4,59,85,2,P,31,2,529,0,13,43,28,1,1,-26,0,-69,0,9,-16,-57,-1
25922,4.53,Z,22,0,144,0,129,115,196,3,T,12,0,168,0,2,22,31,2,0,-10,0,24,0,-127,-93,-165,-1
25923,8.36,Z,46,0,344,0,75,93,216,3,Z,31,1,456,0,28,74,205,2,0,-15,1,112,0,-47,-19,-11,-1
25924,8.24,P,45,0,343,0,29,203,185,3,P,34,0,485,0,9,108,85,4,0,-11,0,142,0,-20,-95,-100,1
25925,8.51,T,95,0,585,0,660,240,179,13,Z,74,0,392,0,271,346,283,9,0,-21,0,-193,0,-389,106,104,-4
25926,10.38,Z,49,1,640,0,24,140,193,0,Z,70,0,766,0,24,389,241,4,1,21,-1,126,0,0,249,48,4
25927,8.5,Z,70,3,379,0,321,232,299,14,T,101,0,459,8,810,166,231,0,0,31,-3,80,8,489,-66,-68,-14
25928,9.59,T,50,3,289,0,61,161,64,4,T,41,0,305,0,0,39,59,0,0,-9,-3,16,0,-61,-122,-5,-4
25929,8.26,Z,53,4,569,0,541,202,165,4,P,61,0,673,0,156,143,56,8,1,8,-4,104,0,-385,-59,-109,4
25930,4.45,Z,18,0,214,0,0,38,64,0,P,20,1,311,0,9,87,28,1,0,2,1,97,0,9,49,-36,1
25931,9.59,Z,49,1,532,0,34,135,337,0,P,33,2,658,0,7,54,63,0,0,-16,1,126,0,-27,-81,-274,0
25932,4.2,T,24,1,262,1,213,98,47,5,P,20,0,110,0,535,106,14,4,1,-4,-1,-152,-1,322,8,-33,-1
25933,5.45,P,30,2,450,0,6,69,40,0,T,47,0,331,0,247,210,69,6,0,17,-2,-119,0,241,141,29,6
25934,4.17,Z,21,1,101,0,23,75,57,3,Z,18,0,220,0,37,46,82,7,1,-3,-1,119,0,14,-29,25,4
25935,9.58,T,87,0,463,0,29,157,134,6,Z,47,0,544,0,75,83,157,4,0,-40,0,81,0,46,-74,23,-2
25936,9.59,T,124,3,400,0,652,482,253,10,T,96,0,500,0,234,278,191,14,0,-28,-3,100,0,-418,-204,-62,4
25937,9.5,T,52,0,492,0,35,145,69,0,T,83,2,840,0,160,172,170,1,0,31,2,348,0,125,27,101,1
25938,6.57,T,35,0,380,0,7,17,37,8,T,39,0,631,0,0,28,70,0,1,4,0,251,0,-7,11,33,-8
25939,4.04,T,34,0,139,0,160,92,35,3,T,22,0,203,0,10,77,29,3,1,-12,0,64,0,-150,-15,-6,0
25940,8.53,Z,36,3,569,0,20,93,156,0,P,55,4,910,0,10,119,64,0,1,19,1,341,0,-10,26,-92,0
25941,9.59,T,76,0,478,0,79,169,108,11,P,86,0,434,0,40,144,316,5,1,10,0,-44,0,-39,-25,208,-6
25942,6.24,Z,38,0,510,0,39,113,159,3,P,68,4,250,0,272,274,167,5,1,30,4,-260,0,233,161,8,2
25943,3.32,P,19,0,91,0,241,89,91,8,T,12,0,61,0,16,98,63,2,1,-7,0,-30,0,-225,9,-28,-6
25944,8.37,Z,38,1,336,0,4,176,138,1,T,65,0,501,0,65,229,141,6,1,27,-1,165,0,61,53,3,5
25945,6.27,P,28,0,431,0,3,163,156,3,P,28,0,384,0,13,63,33,4,0,0,0,-47,0,10,-100,-123,1
25946,3.21,Z,9,1,111,0,6,10,25,0,T,11,0,118,0,0,19,23,0,0,2,-1,7,0,-6,9,-2,0
25947,1.32,P,3,0,68,0,0,10,5,0,P,4,0,41,0,0,11,6,0,1,1,0,-27,0,0,1,1,0
25948,4.24,Z,17,1,196,0,7,32,60,0,Z,18,0,260,0,468,58,54,4,0,1,-1,64,0,461,26,-6,4
25949,3.43,T,25,0,220,0,102,50,32,2,Z,14,0,245,0,217,30,43,2,1,-11,0,25,0,115,-20,11,0
25950,9.59,T,99,3,445,0,141,266,116,10,P,85,13,382,0,199,222,89,8,0,-14,10,-63,0,58,-44,-27,-2
25951,7.38,T,65,0,277,0,451,166,86,5,T,43,1,289,0,25,128,41,3,1,-22,1,12,0,-426,-38,-45,-2
25952,9.59,T,100,3,636,0,94,247,210,8,Z,53,0,245,0,36,130,197,4,1,-47,-3,-391,0,-58,-117,-13,-4
25953,9.13,Z,37,5,385,0,31,60,161,0,Z,39,5,296,0,57,115,181,3,0,2,0,-89,0,26,55,20,3
25954,9.59,Z,36,6,456,0,299,69,132,1,T,73,6,712,0,59,99,109,3,0,37,0,256,0,-240,30,-23,2
25955,9.59,T,29,0,557,0,0,24,73,3,Z,50,0,428,0,80,36,304,12,1,21,0,-129,0,80,12,231,9
25956,8.57,P,57,0,745,0,19,127,62,4,Z,46,0,613,0,18,183,209,2,0,-11,0,-132,0,-1,56,147,-2
25957,9.59,T,92,7,705,0,37,234,139,2,P,74,0,395,0,287,241,104,8,1,-18,-7,-310,0,250,7,-35,6
25958,8.01,T,70,0,402,0,635,241,153,15,T,64,0,507,0,260,297,151,25,1,-6,0,105,0,-375,56,-2,10
25959,3.58,P,17,2,81,0,160,18,15,2,P,15,0,91,0,284,115,27,2,1,-2,-2,10,0,124,97,12,0
25960,3.13,Z,37,3,142,0,172,100,47,7,T,17,0,183,0,34,53,32,3,1,-20,-3,41,0,-138,-47,-15,-4
25961,5.12,T,27,0,170,0,6,89,70,5,T,36,0,348,0,1,54,59,1,1,9,0,178,0,-5,-35,-11,-4
25962,6.2,P,27,0,466,0,10,48,35,1,Z,32,2,706,0,22,107,102,0,0,5,2,240,0,12,59,67,-1
25963,7.34,Z,41,2,239,2,14,165,145,0,Z,37,3,651,1,115,165,262,0,1,-4,1,412,-1,101,0,117,0
25964,10.27,T,53,0,850,0,27,102,78,6,P,52,0,343,0,43,137,108,8,1,-1,0,-507,0,16,35,30,2
25965,9.59,T,52,0,414,0,38,124,108,2,P,58,5,376,0,36,201,115,1,1,6,5,-38,0,-2,77,7,-1
25966,9.59,T,70,0,533,0,0,215,126,2,Z,45,5,363,0,28,83,164,1,0,-25,5,-170,0,28,-132,38,-1
25967,7.22,P,37,0,647,0,2,198,43,1,Z,39,4,812,0,85,66,87,3,1,2,4,165,0,83,-132,44,2
25968,5.4,Z,30,3,381,3,407,81,82,0,T,40,0,211,0,325,115,66,11,1,10,-3,-170,-3,-82,34,-16,11
25969,9.59,Z,70,3,348,0,455,174,245,6,T,91,2,545,0,40,148,115,7,1,21,-1,197,0,-415,-26,-130,1
25970,6.27,T,52,3,58,0,24,46,62,2,Z,33,4,346,0,324,113,246,2,0,-19,1,288,0,300,67,184,0
25971,9.59,T,72,2,578,0,7,277,82,2,Z,57,3,906,0,20,141,210,3,1,-15,1,328,0,13,-136,128,1
25972,7.07,Z,65,0,426,0,79,330,182,6,P,97,3,384,0,144,425,94,6,1,32,3,-42,0,65,95,-88,0
25973,4.18,Z,17,0,167,0,6,30,42,4,T,18,0,337,0,12,112,41,2,0,1,0,170,0,6,82,-1,-2
25974,9.56,T,60,0,792,0,368,116,120,4,P,53,0,414,0,4,382,72,0,1,-7,0,-378,0,-364,266,-48,-4
25975,9.59,P,55,18,412,0,336,277,99,0,T,65,0,608,0,5,157,235,4,0,10,-18,196,0,-331,-120,136,4
25976,9.59,T,88,2,731,0,27,136,140,0,T,71,4,817,0,7,120,110,1,1,-17,2,86,0,-20,-16,-30,1
25977,10.35,T,84,8,778,0,241,139,183,1,P,85,6,663,0,207,352,261,10,1,1,-2,-115,0,-34,213,78,9
25978,6.4,T,55,1,237,0,520,138,180,12,P,51,3,248,0,144,201,167,3,0,-4,2,11,0,-376,63,-13,-9
25979,4.44,T,21,3,287,0,23,50,20,1,P,20,4,161,1,63,122,25,0,0,-1,1,-126,1,40,72,5,-1
25980,6.05,Z,36,4,217,0,8,111,175,0,Z,23,0,202,0,85,67,168,4,1,-13,-4,-15,0,77,-44,-7,4
25981,9.59,P,73,3,583,0,59,537,130,8,Z,87,4,471,0,308,204,232,8,0,14,1,-112,0,249,-333,102,0
25982,5.54,T,42,0,302,0,122,124,53,7,P,50,0,232,0,167,149,94,8,1,8,0,-70,0,45,25,41,1
25983,10.21,Z,68,2,674,0,53,290,215,0,P,88,10,758,0,58,205,121,9,0,20,8,84,0,5,-85,-94,9
25984,4.53,T,27,3,382,0,2,29,44,1,Z,19,2,69,0,445,36,76,3,1,-8,-1,-313,0,443,7,32,2
25985,1.04,P,6,1,39,0,51,8,58,0,P,3,0,15,0,60,4,19,1,1,-3,-1,-24,0,9,-4,-39,1
25986,7.28,P,38,0,611,0,12,94,51,4,Z,46,2,193,0,61,121,136,10,1,8,2,-418,0,49,27,85,6
25987,5.17,P,34,1,608,0,0,116,53,0,P,61,3,365,0,136,200,68,2,1,27,2,-243,0,136,84,15,2
25988,7.2,T,78,0,453,0,908,254,135,8,Z,53,0,416,0,51,177,150,4,0,-25,0,-37,0,-857,-77,15,-4
25989,6.15,P,31,0,162,0,11,99,41,5,T,51,0,283,0,34,152,35,4,1,20,0,121,0,23,53,-6,-1
25990,10.5,Z,88,10,956,0,333,214,289,0,T,153,3,654,0,502,208,208,6,1,65,-7,-302,0,169,-6,-81,6
25991,9.59,T,62,0,561,0,11,172,135,5,P,35,2,337,0,2,39,54,0,0,-27,2,-224,0,-9,-133,-81,-5
25992,8.2,P,30,0,691,0,0,59,55,1,Z,48,0,379,0,59,118,172,6,0,18,0,-312,0,59,59,117,5
25993,9.21,T,93,1,464,0,1027,177,123,11,Z,78,2,329,0,551,279,300,3,1,-15,1,-135,0,-476,102,177,-8
25994,9.01,Z,57,4,450,1,177,246,291,6,T,105,6,467,0,439,208,156,1,1,48,2,17,-1,262,-38,-135,-5
25995,9.59,T,27,0,444,0,0,25,48,0,T,26,0,343,0,0,21,41,0,0,-1,0,-101,0,0,-4,-7,0
25996,9.36,P,88,1,556,0,204,329,126,12,T,87,0,507,0,476,349,264,2,0,-1,-1,-49,0,272,20,138,-10
25997,9.59,T,62,2,866,0,176,91,72,5,T,71,2,668,0,1,126,153,0,1,9,0,-198,0,-175,35,81,-5
25998,4.07,Z,14,2,95,0,6,31,52,0,P,11,0,72,0,0,36,8,0,0,-3,-2,-23,0,-6,5,-44,0
25999,10.18,Z,105,0,426,0,281,266,555,16,T,97,5,467,0,649,226,373,6,0,-8,5,41,0,368,-40,-182,-10
26000,4.25,T,49,0,139,0,434,78,94,3,Z,34,0,311,0,63,111,103,15,1,-15,0,172,0,-371,33,9,12
26001,4.24,Z,9,3,150,0,17,100,52,2,Z,19,0,111,5,63,120,110,0,0,10,-3,-39,5,46,20,58,-2
26002,8.35,T,124,0,568,0,71,333,101,9,T,71,0,464,0,522,289,127,12,0,-53,0,-104,0,451,-44,26,3
26003,4.54,T,25,0,121,0,6,68,86,2,T,27,0,156,0,185,135,119,6,1,2,0,35,0,179,67,33,4
26004,10.44,P,64,6,534,3,64,212,281,11,T,75,14,601,0,25,150,129,1,1,11,8,67,-3,-39,-62,-152,-10
26005,9.46,Z,87,2,848,0,170,288,375,2,P,90,0,729,13,63,273,113,0,0,3,-2,-119,13,-107,-15,-262,-2
26006,9.01,T,104,3,427,8,453,136,155,16,T,88,0,448,0,952,301,214,17,0,-16,-3,21,-8,499,165,59,1
26007,9.47,Z,58,16,639,0,174,175,297,1,P,53,0,602,0,160,216,116,9,0,-5,-16,-37,0,-14,41,-181,8
26008,6.48,Z,37,5,174,0,299,107,99,2,T,63,0,328,0,126,192,64,8,1,26,-5,154,0,-173,85,-35,6
26009,3.38,Z,10,0,294,0,17,43,56,2,T,18,3,385,0,0,14,30,0,0,8,3,91,0,-17,-29,-26,-2
26010,8.38,P,42,0,604,0,12,74,57,5,Z,49,0,279,0,87,80,175,6,1,7,0,-325,0,75,6,118,1
26011,5.17,P,21,0,236,0,6,56,17,1,Z,24,0,202,8,189,84,237,2,1,3,0,-34,8,183,28,220,1
26012,9.42,P,44,0,474,0,12,79,34,6,Z,47,0,282,0,62,202,130,4,0,3,0,-192,0,50,123,96,-2
26013,8.51,P,43,4,901,0,10,56,76,2,P,30,6,496,0,48,68,71,0,1,-13,2,-405,0,38,12,-5,-2
26014,9.56,T,63,2,630,0,445,380,133,6,Z,75,8,156,0,27,160,249,0,1,12,6,-474,0,-418,-220,116,-6
26015,7.54,Z,48,3,325,0,234,182,300,2,P,71,1,368,0,83,148,161,0,1,23,-2,43,0,-151,-34,-139,-2
26016,3.05,T,17,0,110,0,52,207,18,3,P,11,0,75,0,0,112,28,0,0,-6,0,-35,0,-52,-95,10,-3
26017,7.4,T,62,7,261,0,23,115,75,1,P,63,0,498,0,62,236,79,10,0,1,-7,237,0,39,121,4,9
26018,5.57,Z,29,0,157,0,7,155,108,3,P,50,1,296,0,18,297,97,2,1,21,1,139,0,11,142,-11,-1
26019,5.16,Z,23,0,146,0,0,88,107,2,P,15,0,155,0,2,230,28,1,0,-8,0,9,0,2,142,-79,-1
26020,6.07,T,27,0,234,0,49,61,49,7,T,52,0,425,0,275,145,41,4,0,25,0,191,0,226,84,-8,-3
26021,8.31,T,75,7,1082,0,80,139,97,1,T,68,0,608,0,320,147,107,16,1,-7,-7,-474,0,240,8,10,15
26022,7.05,T,52,0,302,0,315,239,210,12,Z,34,6,351,0,21,162,184,1,0,-18,6,49,0,-294,-77,-26,-11
26023,6.37,P,39,4,348,2,98,196,93,1,T,67,1,330,0,239,165,103,5,1,28,-3,-18,-2,141,-31,10,4
26024,5.05,T,24,0,175,0,14,37,42,6,P,30,3,232,0,11,41,29,1,0,6,3,57,0,-3,4,-13,-5
26025,10.34,Z,89,10,749,0,158,317,261,5,P,92,5,616,0,226,267,96,3,0,3,-5,-133,0,68,-50,-165,-2
26026,9.59,P,65,2,943,0,147,128,64,7,Z,76,0,480,0,295,149,321,9,1,11,-2,-463,0,148,21,257,2
26027,7.45,T,49,10,388,0,337,103,86,7,T,42,4,433,0,126,113,146,3,0,-7,-6,45,0,-211,10,60,-4
26028,6.45,Z,46,0,300,0,6,137,240,5,P,39,3,393,2,25,151,48,4,0,-7,3,93,2,19,14,-192,-1
26029,6.13,T,64,0,261,0,625,146,71,6,Z,36,0,384,0,235,77,109,2,0,-28,0,123,0,-390,-69,38,-4
26030,4.26,T,27,1,357,0,10,92,43,4,P,27,2,263,0,12,90,30,3,0,0,1,-94,0,2,-2,-13,-1
26031,8.08,Z,61,1,196,0,13,105,246,8,P,58,0,350,0,185,250,167,12,0,-3,-1,154,0,172,145,-79,4
26032,5.19,T,41,0,165,0,157,154,135,8,T,35,1,171,0,55,155,47,17,1,-6,1,6,0,-102,1,-88,9
26033,4.23,Z,19,6,265,0,14,15,49,0,Z,23,0,191,0,25,77,69,13,0,4,-6,-74,0,11,62,20,13
26034,10.14,Z,66,15,624,0,98,218,206,2,T,105,8,693,0,181,156,159,11,1,39,-7,69,0,83,-62,-47,9
26035,6.27,P,26,0,315,0,31,85,33,5,P,27,0,475,0,5,68,57,4,0,1,0,160,0,-26,-17,24,-1
26036,10.48,T,77,0,899,0,19,262,153,9,Z,70,4,325,0,131,80,259,1,1,-7,4,-574,0,112,-182,106,-8
26037,4.07,T,18,3,116,0,8,45,40,2,T,14,0,115,0,9,36,25,3,0,-4,-3,-1,0,1,-9,-15,1
26038,4.17,P,20,2,145,0,26,64,14,4,Z,17,0,67,6,44,54,99,0,0,-3,-2,-78,6,18,-10,85,-4
26039,6.01,T,48,0,326,0,85,166,69,5,Z,35,0,423,0,224,150,132,6,1,-13,0,97,0,139,-16,63,1
26040,5.43,Z,25,8,115,0,55,53,104,0,T,48,1,258,0,19,102,41,1,1,23,-7,143,0,-36,49,-63,1
26041,2.57,Z,12,1,143,0,16,73,55,1,T,13,4,223,1,221,66,39,0,0,1,3,80,1,205,-7,-16,-1
26042,5.13,Z,24,0,151,0,5,17,93,0,Z,19,5,143,0,21,33,66,0,0,-5,5,-8,0,16,16,-27,0
26043,9.59,T,84,7,379,0,241,218,92,5,Z,66,3,732,0,38,161,206,0,1,-18,-4,353,0,-203,-57,114,-5
26044,9.59,P,90,0,737,0,217,272,120,15,Z,75,9,435,0,47,160,200,7,0,-15,9,-302,0,-170,-112,80,-8
26045,9.59,P,60,3,404,0,5,274,87,2,P,74,0,713,0,521,404,154,8,1,14,-3,309,0,516,130,67,6
26046,4.05,P,31,0,197,42,140,160,163,1,P,26,0,146,0,173,130,27,5,1,-5,0,-51,-42,33,-30,-136,4
26047,8.34,Z,55,1,382,0,260,184,133,13,Z,42,1,367,0,40,106,131,0,1,-13,0,-15,0,-220,-78,-2,-13
26048,9.59,T,65,7,785,0,17,91,95,0,P,57,2,235,0,30,162,74,6,1,-8,-5,-550,0,13,71,-21,6
26049,8.15,Z,44,5,515,0,568,243,244,9,T,90,2,291,0,198,269,84,10,1,46,-3,-224,0,-370,26,-160,1
26050,9.59,T,57,0,848,0,1,173,111,6,Z,37,11,210,0,34,100,119,0,1,-20,11,-638,0,33,-73,8,-6
26051,10.23,T,104,0,759,0,85,294,122,18,P,88,0,521,0,321,264,144,18,1,-16,0,-238,0,236,-30,22,0
26052,5.27,Z,24,7,293,0,44,100,111,3,Z,34,2,310,5,263,134,131,1,0,10,-5,17,5,219,34,20,-2
26053,5.43,P,12,0,129,0,1,25,16,2,T,29,1,246,0,112,54,79,3,0,17,1,117,0,111,29,63,1
26054,9.59,P,73,0,455,0,11,157,113,13,P,51,0,781,0,125,391,182,10,0,-22,0,326,0,114,234,69,-3
26055,6.54,P,38,0,365,0,31,68,53,6,Z,41,2,465,0,26,110,96,0,1,3,2,100,0,-5,42,43,-6
26056,5.08,P,20,0,217,0,0,57,31,0,Z,18,0,378,0,18,58,63,1,1,-2,0,161,0,18,1,32,1
26057,9.57,P,34,0,649,0,4,70,54,5,T,33,0,422,0,0,33,89,4,0,-1,0,-227,0,-4,-37,35,-1
26058,4.12,P,14,0,115,0,0,18,27,1,P,15,0,121,0,3,152,56,3,1,1,0,6,0,3,134,29,2
26059,9.28,Z,81,3,611,0,47,186,238,4,P,59,0,807,0,217,176,70,6,1,-22,-3,196,0,170,-10,-168,2
26060,9.59,Z,91,1,327,0,96,284,251,6,T,63,5,657,0,286,223,113,6,0,-28,4,330,0,190,-61,-138,0
26061,3.35,Z,15,0,65,0,176,46,155,6,P,17,0,128,0,159,50,25,5,1,2,0,63,0,-17,4,-130,-1
26062,9.59,T,53,4,688,0,4,419,55,0,P,61,0,671,0,0,236,65,0,0,8,-4,-17,0,-4,-183,10,0
26063,10.25,T,102,3,533,0,69,273,99,3,Z,81,14,295,0,98,161,394,0,1,-21,11,-238,0,29,-112,295,-3
26064,5.24,T,46,3,208,0,101,82,75,1,P,40,1,371,0,188,218,84,6,0,-6,-2,163,0,87,136,9,5
26065,8.34,Z,56,0,401,0,30,122,210,21,Z,83,0,281,0,577,208,242,6,0,27,0,-120,0,547,86,32,-15
26066,10.54,Z,63,0,854,0,65,310,278,5,P,69,7,727,0,140,267,108,10,1,6,7,-127,0,75,-43,-170,5
26067,9.59,Z,56,2,665,0,46,153,177,2,T,78,5,449,0,708,217,196,1,0,22,3,-216,0,662,64,19,-1
26068,3.53,Z,13,4,91,0,19,25,87,0,Z,10,0,182,0,258,46,53,5,0,-3,-4,91,0,239,21,-34,5
26069,0.46,Z,3,0,10,0,0,5,4,0,T,2,0,74,0,0,0,3,0,1,-1,0,64,0,0,-5,-1,0
26070,9.59,T,74,4,485,0,46,161,93,9,Z,86,0,339,0,69,179,231,11,1,12,-4,-146,0,23,18,138,2
26071,9.59,T,68,3,474,0,10,175,252,4,Z,64,0,677,0,5,186,293,1,1,-4,-3,203,0,-5,11,41,-3
26072,0.51,P,3,0,5,0,0,5,3,1,P,4,0,64,0,0,6,7,0,1,1,0,59,0,0,1,4,-1
26073,9.59,Z,51,0,560,0,2,128,157,3,T,50,0,267,0,0,22,75,0,1,-1,0,-293,0,-2,-106,-82,-3
26074,4,P,10,0,126,0,0,27,19,0,T,13,0,143,0,1,12,20,0,0,3,0,17,0,1,-15,1,0
26075,9.55,T,59,0,372,0,31,57,88,2,T,48,0,389,0,1,26,82,1,1,-11,0,17,0,-30,-31,-6,-1
26076,4.35,Z,23,0,166,0,0,37,83,1,P,20,0,239,0,18,133,27,2,1,-3,0,73,0,18,96,-56,1
26077,9.57,T,120,0,955,0,486,358,109,13,T,144,5,519,0,731,321,273,11,1,24,5,-436,0,245,-37,164,-2
26078,9.58,P,27,0,367,0,0,97,30,1,T,44,1,408,0,5,70,100,0,1,17,1,41,0,5,-27,70,-1
26079,4.24,T,22,0,308,0,3,48,34,0,T,13,0,152,0,0,69,29,0,0,-9,0,-156,0,-3,21,-5,0
26080,9.59,Z,121,9,350,0,351,275,294,6,T,171,4,357,0,548,370,206,10,1,50,-5,7,0,197,95,-88,4
26081,10.4,P,77,0,575,0,37,401,232,7,Z,66,0,538,0,47,176,194,5,1,-11,0,-37,0,10,-225,-38,-2
26082,9.59,T,70,3,295,0,51,99,112,12,T,80,5,398,0,299,473,216,0,1,10,2,103,0,248,374,104,-12
26083,1.23,P,6,0,3,0,33,9,114,3,T,6,0,41,1,0,21,5,0,1,0,0,38,1,-33,12,-109,-3
26084,8.04,T,69,1,483,0,485,163,113,6,P,50,0,583,0,91,314,140,15,1,-19,-1,100,0,-394,151,27,9
26085,7.13,Z,74,0,352,0,133,267,236,6,T,84,6,264,0,631,259,164,12,0,10,6,-88,0,498,-8,-72,6
26086,7.59,T,72,0,369,0,173,172,102,14,P,81,0,738,0,229,191,196,9,0,9,0,369,0,56,19,94,-5
26087,6.27,T,53,1,444,0,77,162,63,13,Z,32,0,223,0,29,38,83,9,1,-21,-1,-221,0,-48,-124,20,-4
26088,3.13,P,7,4,55,0,244,98,141,2,Z,10,2,169,0,26,38,60,8,1,3,-2,114,0,-218,-60,-81,6
26089,2.22,P,11,0,90,0,27,33,49,7,Z,14,0,64,0,37,119,49,2,0,3,0,-26,0,10,86,0,-5
26090,7.1,P,51,0,338,0,379,229,128,13,Z,69,4,304,0,117,189,269,12,0,18,4,-34,0,-262,-40,141,-1
26091,9.45,T,37,0,476,0,0,42,57,1,T,60,0,360,0,386,189,103,9,1,23,0,-116,0,386,147,46,8
26092,8.42,T,43,0,817,0,35,69,78,4,P,28,2,258,0,4,153,49,3,1,-15,2,-559,0,-31,84,-29,-1
26093,9.59,Z,87,6,668,0,657,234,344,8,T,125,13,606,0,261,398,127,1,0,38,7,-62,0,-396,164,-217,-7
26094,7.32,P,49,0,436,0,9,169,65,6,T,56,0,834,0,60,168,96,4,1,7,0,398,0,51,-1,31,-2
26095,7.4,T,49,0,409,0,329,233,121,4,P,54,0,477,0,391,314,65,10,1,5,0,68,0,62,81,-56,6
26096,6.33,P,26,0,95,0,0,31,42,0,P,22,0,117,0,0,97,38,1,0,-4,0,22,0,0,66,-4,1
26097,7.16,T,37,0,421,0,0,53,76,3,Z,38,8,85,0,39,67,128,2,0,1,8,-336,0,39,14,52,-1
26098,4.08,Z,18,2,116,0,4,23,93,2,Z,19,0,176,0,0,10,65,0,1,1,-2,60,0,-4,-13,-28,-2
26099,3.23,Z,18,0,84,7,395,49,42,0,Z,12,5,51,0,162,33,66,2,0,-6,5,-33,-7,-233,-16,24,2
26100,8.17,Z,47,3,353,0,62,165,191,1,P,51,0,442,0,34,229,99,6,0,4,-3,89,0,-28,64,-92,5
26101,4.15,P,25,0,266,0,8,107,43,3,P,10,0,114,0,1,43,10,0,0,-15,0,-152,0,-7,-64,-33,-3
26102,9.54,T,26,0,265,0,0,12,44,0,P,26,0,767,0,0,41,51,0,1,0,0,502,0,0,29,7,0
26103,0.32,P,3,0,10,0,0,5,48,1,T,2,0,26,0,8,15,17,3,0,-1,0,16,0,8,10,-31,2
26104,3.36,P,18,0,137,0,24,64,15,2,Z,12,3,215,0,36,89,94,0,1,-6,3,78,0,12,25,79,-2
26105,3.45,Z,11,1,97,0,15,24,35,0,Z,12,0,36,0,0,63,33,3,0,1,-1,-61,0,-15,39,-2,3
26106,9.47,P,79,0,757,0,117,175,83,13,Z,56,9,580,0,793,228,277,4,0,-23,9,-177,0,676,53,194,-9
26107,9.01,T,90,0,542,0,194,225,90,11,Z,72,0,416,0,26,244,231,5,0,-18,0,-126,0,-168,19,141,-6
26108,9.59,T,83,2,440,0,55,246,150,13,Z,71,6,456,0,272,291,427,5,0,-12,4,16,0,217,45,277,-8
26109,4,P,15,1,97,0,2,21,25,0,P,18,0,179,0,13,138,40,0,1,3,-1,82,0,11,117,15,0
26110,7.25,Z,48,0,479,0,302,173,317,17,T,73,3,354,0,761,249,89,10,0,25,3,-125,0,459,76,-228,-7
26111,9.59,T,88,2,713,0,258,198,100,19,Z,69,2,571,2,32,220,187,0,1,-19,0,-142,2,-226,22,87,-19
26112,9.58,Z,79,0,209,0,49,87,227,7,Z,47,0,312,0,77,144,188,2,0,-32,0,103,0,28,57,-39,-5
26113,4.41,T,25,0,381,4,1,46,61,0,T,14,0,318,0,0,10,27,0,1,-11,0,-63,-4,-1,-36,-34,0
26114,5.03,P,23,5,89,0,81,46,45,2,T,16,0,308,0,1,144,58,1,0,-7,-5,219,0,-80,98,13,-1
26115,9.47,T,89,4,414,0,133,194,118,0,Z,57,2,593,0,371,135,318,2,1,-32,-2,179,0,238,-59,200,2
26116,4.12,Z,18,2,213,0,12,21,50,0,Z,15,1,194,0,20,72,50,4,1,-3,-1,-19,0,8,51,0,4
26117,9.28,Z,46,0,520,0,88,84,165,0,T,57,0,850,0,1205,154,105,19,0,11,0,330,0,1117,70,-60,19
26118,9.51,P,59,0,375,0,20,199,60,10,T,33,0,585,0,29,135,77,5,1,-26,0,210,0,9,-64,17,-5
26119,9.59,P,64,0,438,0,40,236,264,2,P,87,4,672,0,200,249,99,3,0,23,4,234,0,160,13,-165,1
26120,9.24,T,105,3,489,2,217,362,131,10,P,121,2,307,0,381,301,79,14,1,16,-1,-182,-2,164,-61,-52,4
26121,9.59,Z,86,0,514,0,161,393,270,8,T,102,7,356,0,743,360,246,7,0,16,7,-158,0,582,-33,-24,-1
26122,8.53,T,95,0,391,0,496,241,217,10,P,101,3,403,0,163,342,117,12,1,6,3,12,0,-333,101,-100,2
26123,6.45,T,38,0,144,0,3,22,44,4,P,23,0,333,0,0,31,40,0,1,-15,0,189,0,-3,9,-4,-4
26124,4.35,Z,21,0,177,0,204,140,77,11,P,20,1,121,0,320,51,128,8,1,-1,1,-56,0,116,-89,51,-3
26125,1.22,T,2,1,58,0,0,26,8,1,P,2,0,78,0,0,3,4,0,0,0,-1,20,0,0,-23,-4,-1
26126,9.35,P,76,6,202,0,568,183,186,8,P,60,2,557,0,39,208,86,4,0,-16,-4,355,0,-529,25,-100,-4
26127,9.59,Z,69,1,462,0,266,268,509,4,Z,66,0,339,0,84,129,157,2,1,-3,-1,-123,0,-182,-139,-352,-2
26128,9.42,Z,85,6,466,0,144,325,293,8,P,87,0,493,0,412,295,163,15,0,2,-6,27,0,268,-30,-130,7
26129,8.29,Z,45,2,619,0,33,136,165,0,T,104,0,399,0,141,239,175,10,1,59,-2,-220,0,108,103,10,10
26130,5.44,Z,25,0,357,0,11,65,86,2,T,49,0,706,0,25,65,85,7,0,24,0,349,0,14,0,-1,5
26131,6.27,Z,54,6,202,0,529,184,144,5,T,57,7,239,0,230,220,113,6,1,3,1,37,0,-299,36,-31,1
26132,8.26,P,91,0,292,0,618,230,178,11,T,61,0,806,0,8,127,172,2,0,-30,0,514,0,-610,-103,-6,-9
26133,8.04,T,93,12,308,0,398,223,112,7,T,67,0,1087,0,670,114,110,6,0,-26,-12,779,0,272,-109,-2,-1
26134,9.59,P,94,1,520,0,247,285,274,13,Z,113,5,303,0,325,299,274,24,0,19,4,-217,0,78,14,0,11
26135,7.19,P,48,2,230,0,636,123,70,3,T,56,0,426,0,37,144,120,2,1,8,-2,196,0,-599,21,50,-1
26136,9.56,P,28,1,368,0,1,36,41,2,P,39,0,145,0,0,119,52,0,1,11,-1,-223,0,-1,83,11,-2
26137,9.59,Z,43,0,778,0,81,57,194,2,P,67,0,556,0,24,288,114,11,0,24,0,-222,0,-57,231,-80,9
26138,9.59,P,42,0,630,0,1,58,53,1,P,27,0,387,0,0,68,75,0,0,-15,0,-243,0,-1,10,22,-1
26139,5.13,T,26,0,221,0,0,40,45,2,P,17,0,134,0,0,41,50,1,1,-9,0,-87,0,0,1,5,-1
26140,9.59,T,62,0,855,0,9,149,96,5,T,53,0,728,0,8,52,96,2,0,-9,0,-127,0,-1,-97,0,-3
26141,8.09,P,24,0,484,0,0,74,51,1,T,54,3,366,0,404,151,134,4,1,30,3,-118,0,404,77,83,3
26142,9.59,T,74,6,786,0,9,137,123,0,P,53,0,785,0,42,143,73,5,0,-21,-6,-1,0,33,6,-50,5
26143,9.59,T,28,0,445,0,7,49,49,2,P,38,1,624,0,232,125,149,4,1,10,1,179,0,225,76,100,2
26144,9.59,P,70,0,710,0,40,233,128,11,T,103,0,761,4,66,272,131,0,0,33,0,51,4,26,39,3,-11
26145,4.44,P,29,0,164,0,310,237,47,3,P,18,1,170,0,5,67,32,1,0,-11,1,6,0,-305,-170,-15,-2
26146,9.59,Z,76,5,436,0,67,200,249,7,Z,89,0,542,0,115,228,214,18,1,13,-5,106,0,48,28,-35,11
26147,9.59,P,95,19,491,0,41,179,145,2,T,102,6,623,0,181,260,203,6,0,7,-13,132,0,140,81,58,4
26148,10.3,Z,89,8,393,0,179,285,275,21,P,96,5,496,0,503,486,224,12,1,7,-3,103,0,324,201,-51,-9
26149,9.58,T,45,0,680,0,1,171,59,6,Z,39,0,363,0,0,212,163,0,1,-6,0,-317,0,-1,41,104,-6
26150,9.23,Z,53,4,548,0,57,125,203,0,Z,49,7,702,0,244,145,186,0,0,-4,3,154,0,187,20,-17,0
26151,3.37,T,14,0,157,0,0,29,24,3,T,14,0,146,0,10,26,21,4,1,0,0,-11,0,10,-3,-3,1
26152,9.59,Z,52,0,598,0,49,122,140,3,Z,42,0,618,0,0,221,211,0,1,-10,0,20,0,-49,99,71,-3
26153,8.12,T,35,0,491,0,4,85,109,4,P,43,0,199,0,2,136,139,3,1,8,0,-292,0,-2,51,30,-1
26154,9.59,Z,82,0,428,0,587,370,365,12,P,62,0,489,0,50,364,123,9,0,-20,0,61,0,-537,-6,-242,-3
26155,8.01,P,41,0,869,0,14,148,62,7,P,48,3,618,0,28,185,92,2,1,7,3,-251,0,14,37,30,-5
26156,4.1,Z,14,2,86,0,107,41,68,4,T,23,0,337,0,1,60,26,2,0,9,-2,251,0,-106,19,-42,-2
26157,7.03,Z,44,0,248,0,0,174,137,1,P,54,0,194,0,262,399,112,5,1,10,0,-54,0,262,225,-25,4
26158,9.57,T,51,5,821,0,8,35,95,0,P,44,0,647,0,0,129,205,0,1,-7,-5,-174,0,-8,94,110,0
26159,6.36,P,13,0,277,0,0,26,21,0,P,31,4,353,0,0,79,47,1,1,18,4,76,0,0,53,26,1
26160,9.59,P,52,5,634,0,53,270,78,6,T,72,4,338,0,174,203,116,0,0,20,-1,-296,0,121,-67,38,-6
26161,5.23,Z,19,0,417,0,0,24,75,2,P,27,0,668,0,10,77,78,1,1,8,0,251,0,10,53,3,-1
26162,8.1,P,57,0,336,0,34,181,69,5,Z,52,8,330,0,48,215,135,0,1,-5,8,-6,0,14,34,66,-5
26163,4.43,P,10,0,279,0,0,17,12,0,P,15,0,127,0,0,56,23,0,1,5,0,-152,0,0,39,11,0
26164,5.44,P,21,1,250,0,2,109,29,1,T,32,0,195,0,9,119,53,2,1,11,-1,-55,0,7,10,24,1
26165,9.59,Z,48,1,423,0,101,176,211,5,T,62,1,745,0,34,123,87,1,0,14,0,322,0,-67,-53,-124,-4
26166,5.44,T,35,5,170,0,21,75,50,0,Z,31,0,367,0,29,137,93,2,1,-4,-5,197,0,8,62,43,2
26167,9.59,Z,55,0,1017,0,27,66,125,8,T,58,1,402,0,8,73,114,3,0,3,1,-615,0,-19,7,-11,-5
26168,5.23,P,18,0,486,0,19,50,34,5,P,27,0,367,0,0,77,47,4,1,9,0,-119,0,-19,27,13,-1
26169,7,T,41,0,362,0,26,51,41,4,T,41,7,435,3,72,157,66,0,1,0,7,73,3,46,106,25,-4
26170,9.56,P,41,1,675,0,10,214,58,0,T,37,0,898,0,3,103,77,3,0,-4,-1,223,0,-7,-111,19,3
26171,7.21,T,69,5,298,0,97,123,90,2,Z,35,0,353,0,36,217,137,2,0,-34,-5,55,0,-61,94,47,0
26172,7.32,T,27,0,316,0,53,24,47,3,P,25,0,140,0,0,23,26,0,1,-2,0,-176,0,-53,-1,-21,-3
26173,9.57,Z,38,1,349,0,16,71,166,4,Z,53,0,585,0,1,107,163,1,1,15,-1,236,0,-15,36,-3,-3
26174,9.19,P,72,2,518,0,69,206,88,4,Z,63,2,435,0,136,131,315,2,0,-9,0,-83,0,67,-75,227,-2
26175,2.31,T,10,4,102,0,372,39,13,1,T,7,0,77,0,204,13,23,3,1,-3,-4,-25,0,-168,-26,10,2
26176,9.58,Z,87,0,425,0,492,234,250,4,Z,58,8,441,0,125,458,337,1,0,-29,8,16,0,-367,224,87,-3
26177,9.59,T,122,3,478,0,288,240,172,8,T,106,0,466,0,710,329,199,25,1,-16,-3,-12,0,422,89,27,17
26178,2.2,P,7,0,120,0,1,35,13,1,P,5,3,91,0,5,86,31,0,0,-2,3,-29,0,4,51,18,-1
26179,10.23,Z,77,9,504,0,102,176,393,4,T,68,4,646,0,10,46,95,0,0,-9,-5,142,0,-92,-130,-298,-4
26180,7.2,P,40,0,476,0,470,169,98,10,T,34,0,594,0,9,128,184,4,1,-6,0,118,0,-461,-41,86,-6
26181,8.42,P,91,8,483,0,429,443,141,21,P,102,0,471,0,690,360,157,20,0,11,-8,-12,0,261,-83,16,-1
26182,7.47,T,83,7,339,0,34,127,105,5,Z,44,3,447,0,674,137,483,0,0,-39,-4,108,0,640,10,378,-5
26183,8.26,Z,37,9,198,0,66,150,131,3,Z,47,13,464,0,91,344,162,5,1,10,4,266,0,25,194,31,2
26184,9.58,T,91,9,514,4,594,224,162,1,T,76,5,311,0,294,213,211,3,0,-15,-4,-203,-4,-300,-11,49,2
26185,9.59,P,59,0,379,40,149,203,192,2,P,68,4,485,0,86,99,69,10,1,9,4,106,-40,-63,-104,-123,8
26186,9.59,T,50,0,497,0,148,86,180,20,Z,55,3,411,0,37,96,202,3,0,5,3,-86,0,-111,10,22,-17
26187,6.27,T,66,6,347,0,470,207,77,0,Z,41,0,461,0,0,123,102,5,0,-25,-6,114,0,-470,-84,25,5
26188,5.45,P,20,1,190,2,14,226,27,0,T,28,1,214,0,2,40,50,0,1,8,0,24,-2,-12,-186,23,0
26189,2.25,P,11,1,119,0,3,25,15,0,P,14,2,120,0,4,44,20,1,1,3,1,1,0,1,19,5,1
26190,9.59,T,91,0,570,0,20,238,129,7,T,101,1,925,0,26,310,100,4,0,10,1,355,0,6,72,-29,-3
26191,9.59,P,57,0,319,0,64,182,144,3,T,80,0,265,0,260,232,224,13,1,23,0,-54,0,196,50,80,10
26192,9.57,T,78,0,808,0,7,235,120,3,Z,45,3,651,0,47,267,118,1,0,-33,3,-157,0,40,32,-2,-2
26193,6.26,T,46,0,304,0,561,121,127,10,P,52,3,547,0,76,139,74,2,0,6,3,243,0,-485,18,-53,-8
26194,10.25,Z,32,0,636,0,28,46,156,3,T,52,0,764,0,39,45,59,5,1,20,0,128,0,11,-1,-97,2
26195,9.59,T,77,0,690,0,141,354,358,6,Z,58,0,477,0,55,134,181,4,0,-19,0,-213,0,-86,-220,-177,-2
26196,9.35,Z,58,0,671,0,39,175,146,3,P,29,0,609,0,0,90,74,2,0,-29,0,-62,0,-39,-85,-72,-1
26197,9.59,T,151,4,707,0,729,232,139,11,Z,116,0,537,46,359,210,547,0,1,-35,-4,-170,46,-370,-22,408,-11
26198,9.59,P,52,0,584,0,16,149,49,0,Z,60,6,318,0,104,176,206,1,0,8,6,-266,0,88,27,157,1
26199,9.59,T,103,0,570,0,186,240,137,16,P,91,8,699,0,228,325,136,5,0,-12,8,129,0,42,85,-1,-11
26200,9.59,Z,86,2,502,0,334,247,523,9,T,114,2,640,0,334,258,160,10,0,28,0,138,0,0,11,-363,1
26201,9.59,P,70,0,529,0,13,192,107,2,P,57,1,648,4,60,405,56,0,0,-13,1,119,4,47,213,-51,-2
26202,10.59,T,73,0,878,0,74,130,92,7,P,40,0,1077,0,0,80,87,0,0,-33,0,199,0,-74,-50,-5,-7
26203,10.34,T,63,1,890,0,18,247,138,2,T,70,0,663,0,16,138,69,3,1,7,-1,-227,0,-2,-109,-69,1
26204,9.58,Z,45,1,275,0,27,28,112,1,Z,40,0,109,0,2,42,117,2,0,-5,-1,-166,0,-25,14,5,1
26205,2.59,Z,16,2,134,0,22,49,41,0,Z,12,0,62,0,0,22,59,0,1,-4,-2,-72,0,-22,-27,18,0
26206,9.59,P,19,0,425,0,0,63,25,0,T,61,0,525,0,7,158,102,1,0,42,0,100,0,7,95,77,1
26207,9.25,Z,72,1,639,0,474,251,160,10,T,86,7,579,2,101,304,96,4,0,14,6,-60,2,-373,53,-64,-6
26208,9.59,P,62,10,456,0,43,295,98,0,P,84,5,754,0,252,347,118,8,0,22,-5,298,0,209,52,20,8
26209,8.28,Z,42,4,603,0,68,189,197,5,T,80,6,324,0,695,162,178,13,0,38,2,-279,0,627,-27,-19,8
26210,7.01,P,39,2,382,0,20,261,56,4,T,64,0,337,0,424,155,134,5,1,25,-2,-45,0,404,-106,78,1
26211,8.08,T,49,2,923,0,56,87,89,6,Z,54,2,282,0,3,59,153,5,0,5,0,-641,0,-53,-28,64,-1
26212,6.19,Z,38,0,490,0,58,206,119,2,Z,40,6,183,0,133,186,140,7,0,2,6,-307,0,75,-20,21,5
26213,5.48,T,34,0,155,0,125,130,91,3,Z,41,1,274,0,84,167,136,8,1,7,1,119,0,-41,37,45,5
26214,5.01,Z,30,4,310,0,49,50,164,0,Z,21,0,333,0,27,68,158,8,0,-9,-4,23,0,-22,18,-6,8
26215,10.53,Z,58,19,857,0,168,159,304,0,P,42,0,552,0,14,28,60,8,0,-16,-19,-305,0,-154,-131,-244,8
26216,1.17,T,5,0,22,0,74,46,26,1,T,7,0,40,0,0,8,10,0,1,2,0,18,0,-74,-38,-16,-1
26217,9.59,Z,43,0,1132,0,0,34,128,0,T,42,3,269,0,7,42,47,3,0,-1,3,-863,0,7,8,-81,3
26218,9.41,T,84,2,555,0,11,183,204,4,Z,44,2,331,0,8,175,131,1,0,-40,0,-224,0,-3,-8,-73,-3
26219,4.49,T,26,3,209,0,128,59,174,8,P,28,0,257,0,52,106,41,5,0,2,-3,48,0,-76,47,-133,-3
26220,5.18,T,48,0,154,0,240,138,46,8,Z,25,2,334,0,36,57,109,0,0,-23,2,180,0,-204,-81,63,-8
26221,9.59,T,48,0,978,0,15,32,67,2,Z,53,9,548,0,69,70,197,3,1,5,9,-430,0,54,38,130,1
26222,8.04,P,47,3,266,0,392,101,133,2,Z,45,0,696,0,23,141,152,4,0,-2,-3,430,0,-369,40,19,2
26223,10.02,P,50,0,785,0,0,171,140,1,P,57,6,485,0,23,215,86,10,1,7,6,-300,0,23,44,-54,9
26224,9.58,Z,53,1,573,0,17,175,213,6,T,61,0,410,0,12,99,116,3,0,8,-1,-163,0,-5,-76,-97,-3
26225,9.04,P,57,10,434,0,68,176,73,3,T,78,4,525,0,481,233,160,0,0,21,-6,91,0,413,57,87,-3
26226,9.34,Z,41,1,541,0,32,74,127,0,P,45,0,462,0,21,247,87,9,1,4,-1,-79,0,-11,173,-40,9
26227,6.3,P,37,0,278,0,265,128,37,9,P,32,0,433,0,22,167,61,2,0,-5,0,155,0,-243,39,24,-7
26228,8.26,P,60,5,464,2,79,235,163,2,Z,52,10,431,4,35,206,215,2,1,-8,5,-33,2,-44,-29,52,0
26229,9.58,P,116,11,424,1,168,196,101,9,Z,68,8,445,1,341,141,329,7,0,-48,-3,21,0,173,-55,228,-2
26230,9.59,P,68,7,443,0,92,227,69,6,Z,82,5,407,0,58,194,232,4,0,14,-2,-36,0,-34,-33,163,-2
26231,9.53,T,104,9,460,0,148,216,154,5,Z,69,5,447,0,455,272,436,6,0,-35,-4,-13,0,307,56,282,1
26232,4.28,Z,18,4,332,0,21,56,57,0,Z,26,4,183,0,4,36,83,0,0,8,0,-149,0,-17,-20,26,0
26233,10.38,T,99,12,334,0,55,208,145,5,Z,73,1,979,0,10,209,280,0,1,-26,-11,645,0,-45,1,135,-5
26234,9.59,P,41,3,359,0,4,188,49,0,P,35,0,731,0,1,191,75,1,1,-6,-3,372,0,-3,3,26,1
26235,5.47,T,43,1,369,0,239,164,130,5,P,27,4,439,0,25,164,53,1,1,-16,3,70,0,-214,0,-77,-4
26236,3.29,P,12,0,138,0,0,38,30,0,P,13,0,232,0,0,91,50,1,1,1,0,94,0,0,53,20,1
26237,10.2,P,76,7,384,1,66,265,77,9,T,74,3,1356,0,23,168,143,1,0,-2,-4,972,-1,-43,-97,66,-8
26238,9.58,P,32,0,347,0,0,66,66,0,T,68,0,638,0,86,132,118,7,0,36,0,291,0,86,66,52,7
26239,9.51,T,114,2,457,3,178,270,304,9,P,85,4,546,0,187,348,314,6,1,-29,2,89,-3,9,78,10,-3
26240,9.34,Z,56,0,817,0,24,147,197,1,T,75,8,410,0,275,149,171,7,0,19,8,-407,0,251,2,-26,6
26241,6.33,P,22,0,364,0,2,24,27,1,Z,33,0,293,0,22,95,73,4,0,11,0,-71,0,20,71,46,3
26242,9.59,P,65,0,453,0,21,184,101,6,Z,64,0,602,0,248,235,332,5,0,-1,0,149,0,227,51,231,-1
26243,1.22,T,7,0,54,0,1,3,3,1,T,3,0,0,0,0,0,6,0,1,-4,0,-54,0,-1,-3,3,-1
26244,8.36,Z,48,0,318,0,21,168,154,4,P,44,0,260,0,67,240,87,1,1,-4,0,-58,0,46,72,-67,-3
26245,5.08,P,32,0,276,0,27,120,123,2,T,36,0,106,0,22,143,87,6,0,4,0,-170,0,-5,23,-36,4
26246,9.59,Z,65,1,641,0,20,200,219,3,P,49,2,952,0,16,296,60,0,1,-16,1,311,0,-4,96,-159,-3
26247,7.38,T,53,0,576,0,36,173,98,6,P,33,3,387,0,104,92,58,4,0,-20,3,-189,0,68,-81,-40,-2
26248,10.03,Z,66,0,576,0,101,256,261,1,T,119,12,515,0,442,371,190,6,1,53,12,-61,0,341,115,-71,5
26249,4.23,Z,15,6,169,0,202,88,87,8,T,19,0,465,0,0,68,33,0,0,4,-6,296,0,-202,-20,-54,-8
26250,5,T,49,0,206,0,598,93,114,3,Z,39,2,148,0,135,119,82,13,0,-10,2,-58,0,-463,26,-32,10
26251,9.31,T,57,0,344,0,500,70,126,5,P,19,0,688,0,1,103,51,1,0,-38,0,344,0,-499,33,-75,-4
26252,9.59,P,70,0,278,0,62,259,81,9,Z,69,0,450,0,26,71,209,7,0,-1,0,172,0,-36,-188,128,-2
26253,7.11,T,100,0,343,54,188,184,174,1,Z,82,6,338,0,367,276,158,7,0,-18,6,-5,-54,179,92,-16,6
26254,2.44,Z,15,4,108,0,105,115,100,0,Z,13,2,43,0,252,44,84,3,1,-2,-2,-65,0,147,-71,-16,3
26255,4.37,P,30,1,110,0,43,182,26,4,P,15,4,109,0,3,37,24,0,0,-15,3,-1,0,-40,-145,-2,-4
26256,10.15,P,63,0,1044,0,20,121,89,4,Z,59,14,843,0,122,376,232,1,1,-4,14,-201,0,102,255,143,-3
26257,9.58,T,41,0,633,0,0,36,69,0,Z,36,0,68,0,5,37,118,1,1,-5,0,-565,0,5,1,49,1
26258,9.18,Z,43,2,345,0,25,130,177,2,Z,43,0,400,0,11,160,225,0,1,0,-2,55,0,-14,30,48,-2
26259,6.56,Z,48,5,327,3,72,170,142,3,P,44,1,371,0,189,171,58,4,1,-4,-4,44,-3,117,1,-84,1
26260,7.55,T,63,7,724,0,39,101,87,1,P,40,2,552,0,19,129,54,0,1,-23,-5,-172,0,-20,28,-33,-1
26261,8.39,T,31,0,396,0,0,155,42,0,T,52,2,367,0,42,181,67,2,1,21,2,-29,0,42,26,25,2
26262,9.57,T,63,0,428,0,14,109,85,9,T,66,0,1121,0,0,105,106,0,0,3,0,693,0,-14,-4,21,-9
26263,0.38,T,3,0,13,0,8,10,3,1,T,4,0,19,0,1,33,1,7,1,1,0,6,0,-7,23,-2,6
26264,7.31,P,52,5,377,0,159,152,309,2,T,52,2,822,0,40,156,98,6,0,0,-3,445,0,-119,4,-211,4
26265,9.57,T,81,0,607,0,323,121,136,17,T,86,0,382,0,255,185,221,12,1,5,0,-225,0,-68,64,85,-5
26266,9.58,Z,68,0,443,15,251,103,246,3,P,68,8,891,0,305,251,77,5,1,0,8,448,-15,54,148,-169,2
26267,8.4,Z,56,0,224,0,35,92,146,1,P,61,5,440,2,536,225,122,7,1,5,5,216,2,501,133,-24,6
26268,4.24,Z,17,0,32,0,0,14,52,0,T,18,2,381,0,1,23,45,1,0,1,2,349,0,1,9,-7,1
26269,4.47,T,25,0,120,0,19,9,33,3,P,18,0,376,0,1,99,36,2,0,-7,0,256,0,-18,90,3,-1
26270,5.15,P,20,0,234,0,1,40,47,2,P,21,0,491,0,0,72,32,0,0,1,0,257,0,-1,32,-15,-2
26271,9.59,Z,86,7,672,0,88,252,193,6,T,124,7,757,0,708,328,139,12,0,38,0,85,0,620,76,-54,6
26272,9.53,T,44,0,405,0,7,31,96,7,T,44,0,300,0,1,47,81,3,0,0,0,-105,0,-6,16,-15,-4
26273,9.59,Z,38,0,354,0,7,65,146,2,P,41,0,687,0,0,136,74,0,0,3,0,333,0,-7,71,-72,-2
26274,9.59,T,74,7,561,0,586,286,224,0,T,89,2,292,0,56,253,159,10,0,15,-5,-269,0,-530,-33,-65,10
26275,3.55,Z,17,1,280,0,95,19,46,2,Z,10,2,45,0,24,47,51,0,0,-7,1,-235,0,-71,28,5,-2
26276,8.56,P,71,4,618,0,76,278,184,9,P,68,0,429,0,541,243,144,18,0,-3,-4,-189,0,465,-35,-40,9
26277,9.59,T,82,5,533,0,54,283,94,4,Z,84,3,727,0,166,192,335,3,1,2,-2,194,0,112,-91,241,-1
26278,10.39,P,21,0,331,0,2,79,48,1,T,35,0,223,0,0,50,58,0,1,14,0,-108,0,-2,-29,10,-1
26279,9.58,T,30,0,385,0,1,31,59,1,T,45,0,809,0,0,26,93,0,1,15,0,424,0,-1,-5,34,-1
26280,9.59,Z,48,0,388,0,53,66,190,2,T,65,0,1034,0,5,57,107,3,0,17,0,646,0,-48,-9,-83,1
26281,9.59,Z,116,23,405,0,360,220,301,5,T,139,6,645,0,394,206,116,17,1,23,-17,240,0,34,-14,-185,12
26282,3.27,Z,16,0,139,0,243,92,123,14,Z,15,0,101,36,177,63,153,0,1,-1,0,-38,36,-66,-29,30,-14
26283,8.48,Z,61,0,552,0,253,183,274,6,P,59,0,683,0,75,138,100,4,1,-2,0,131,0,-178,-45,-174,-2
26284,9.58,T,47,0,707,0,14,19,67,5,T,30,0,762,0,0,34,52,0,1,-17,0,55,0,-14,15,-15,-5
26285,9.59,T,69,0,475,0,66,114,140,5,P,54,6,444,1,45,219,61,2,1,-15,6,-31,1,-21,105,-79,-3
26286,6.14,Z,33,0,171,0,19,62,68,2,T,60,0,582,0,89,99,99,9,1,27,0,411,0,70,37,31,7
26287,4.25,Z,21,1,209,15,165,114,129,0,Z,18,0,109,7,38,83,86,0,1,-3,-1,-100,-8,-127,-31,-43,0
26288,9.59,P,38,0,899,0,4,168,59,2,Z,67,0,360,0,4,100,234,3,1,29,0,-539,0,0,-68,175,1
26289,8.55,P,27,0,1155,0,0,70,88,0,P,34,0,449,0,28,51,52,3,1,7,0,-706,0,28,-19,-36,3
26290,9.59,T,51,0,554,0,0,117,84,1,Z,60,0,383,0,74,99,292,7,0,9,0,-171,0,74,-18,208,6
26291,3.32,P,22,0,150,0,76,106,34,5,T,33,6,84,0,445,98,73,5,0,11,6,-66,0,369,-8,39,0
26292,9.59,Z,60,0,648,0,0,264,313,0,P,74,5,674,0,117,183,127,3,0,14,5,26,0,117,-81,-186,3
26293,9.59,T,38,0,871,0,7,65,79,6,P,42,0,603,0,43,234,91,2,1,4,0,-268,0,36,169,12,-4
26294,2.58,T,12,0,186,0,0,16,42,1,T,11,0,208,0,21,42,60,1,0,-1,0,22,0,21,26,18,0
26295,6.32,T,39,2,328,0,134,180,97,14,P,45,0,386,0,102,149,132,5,0,6,-2,58,0,-32,-31,35,-9
26296,9.58,T,66,3,717,0,26,217,174,3,P,36,0,733,0,0,254,96,0,0,-30,-3,16,0,-26,37,-78,-3
26297,4.03,Z,21,1,170,0,2,45,73,0,Z,16,0,354,0,17,29,43,1,1,-5,-1,184,0,15,-16,-30,1
26298,9.59,T,74,6,448,2,53,189,94,0,Z,60,2,200,0,31,92,160,0,1,-14,-4,-248,-2,-22,-97,66,0
26299,9.59,T,84,3,484,0,75,180,147,9,P,48,0,680,0,14,180,71,5,1,-36,-3,196,0,-61,0,-76,-4
26300,9.42,T,55,0,400,0,17,66,63,3,T,68,2,869,0,22,107,109,4,1,13,2,469,0,5,41,46,1
26301,4.42,T,38,0,286,0,9,60,128,9,P,33,0,374,0,84,143,117,3,1,-5,0,88,0,75,83,-11,-6
26302,3.52,Z,9,0,48,0,0,51,76,4,T,19,1,113,0,3,23,32,2,0,10,1,65,0,3,-28,-44,-2
26303,9.59,T,81,10,1159,0,49,184,114,0,Z,65,7,885,0,43,70,175,0,0,-16,-3,-274,0,-6,-114,61,0
26304,9.58,P,18,0,592,0,0,29,23,0,Z,53,1,661,0,22,107,177,3,0,35,1,69,0,22,78,154,3
26305,7.09,T,63,4,256,0,283,208,217,11,T,69,5,484,0,445,219,218,3,0,6,1,228,0,162,11,1,-8
26306,4.03,P,8,0,157,0,0,3,12,0,P,20,4,134,0,15,52,15,0,1,12,4,-23,0,15,49,3,0
26307,9.49,T,122,0,485,0,214,161,196,10,Z,59,9,900,1,59,242,202,0,0,-63,9,415,1,-155,81,6,-10
26308,8.17,T,92,0,412,0,583,309,167,10,T,106,4,443,0,615,312,124,11,1,14,4,31,0,32,3,-43,1
26309,6.24,Z,39,2,199,0,324,206,210,13,P,43,0,348,0,127,208,54,8,1,4,-2,149,0,-197,2,-156,-5
26310,7.24,Z,24,2,375,0,44,74,110,2,T,47,0,502,0,4,137,72,4,1,23,-2,127,0,-40,63,-38,2
26311,7.1,P,29,0,550,0,2,62,57,2,Z,39,0,144,0,2,43,125,2,0,10,0,-406,0,0,-19,68,0
26312,8.52,P,79,4,399,0,128,275,96,9,T,68,9,480,6,600,173,150,6,0,-11,5,81,6,472,-102,54,-3
26313,9.59,T,33,0,632,0,0,19,79,0,P,28,0,656,0,0,76,58,0,0,-5,0,24,0,0,57,-21,0
26314,7.55,Z,41,0,396,0,255,143,238,4,Z,36,10,347,0,134,279,313,1,0,-5,10,-49,0,-121,136,75,-3
26315,9.59,T,118,6,818,0,508,302,161,12,Z,75,4,1054,0,106,214,245,0,0,-43,-2,236,0,-402,-88,84,-12
26316,8.01,T,34,0,693,0,1,16,48,0,T,27,0,542,0,0,30,40,0,0,-7,0,-151,0,-1,14,-8,0
26317,8.59,Z,44,0,189,0,5,69,133,1,Z,49,7,354,0,51,228,269,8,1,5,7,165,0,46,159,136,7
26318,8.29,Z,50,0,365,0,47,167,127,3,P,48,0,884,0,51,106,102,2,0,-2,0,519,0,4,-61,-25,-1
26319,4.54,Z,26,0,133,0,246,85,93,4,Z,17,5,116,0,151,108,224,3,0,-9,5,-17,0,-95,23,131,-1
26320,4.57,Z,24,0,112,0,182,97,117,7,T,32,0,282,0,308,284,82,5,0,8,0,170,0,126,187,-35,-2
26321,9.59,T,73,0,889,0,558,226,155,8,P,65,2,403,0,152,297,223,4,0,-8,2,-486,0,-406,71,68,-4
26322,9.59,T,132,8,335,0,473,257,222,10,Z,65,8,253,0,104,246,213,2,0,-67,0,-82,0,-369,-11,-9,-8
26323,4.4,T,27,6,265,0,262,68,106,0,Z,25,3,377,0,53,189,192,0,0,-2,-3,112,0,-209,121,86,0
26324,2.42,Z,9,5,102,0,311,32,85,0,T,19,0,103,0,419,54,105,8,1,10,-5,1,0,108,22,20,8
26325,5.42,T,45,0,396,0,592,128,265,4,Z,34,1,319,0,24,104,102,6,0,-11,1,-77,0,-568,-24,-163,2
26326,4.11,P,25,0,160,0,354,103,83,7,T,35,0,183,0,364,92,50,14,0,10,0,23,0,10,-11,-33,7
26327,4.46,P,21,0,236,0,448,155,61,6,P,22,0,370,0,0,92,38,0,0,1,0,134,0,-448,-63,-23,-6
26328,6.07,P,28,0,339,0,0,126,32,1,Z,28,0,285,0,163,65,179,4,1,0,0,-54,0,163,-61,147,3
26329,8.4,T,38,5,679,0,8,27,61,0,P,32,8,226,5,89,68,59,0,0,-6,3,-453,5,81,41,-2,0
26330,10.02,Z,68,12,536,0,57,57,187,1,Z,53,5,648,0,79,154,165,0,0,-15,-7,112,0,22,97,-22,-1
26331,6.19,T,44,3,428,0,595,139,232,4,T,37,5,580,0,14,86,57,0,0,-7,2,152,0,-581,-53,-175,-4
26332,6.1,Z,32,0,89,0,29,30,91,2,Z,35,8,251,0,82,46,144,0,1,3,8,162,0,53,16,53,-2
26333,8.02,Z,63,0,377,19,292,252,257,3,P,80,0,583,0,152,221,69,5,1,17,0,206,-19,-140,-31,-188,2
26334,9.03,T,126,4,428,21,145,313,245,16,T,75,4,383,25,149,233,212,5,1,-51,0,-45,4,4,-80,-33,-11
26335,9.59,T,41,0,488,0,2,203,105,1,P,26,5,459,0,22,181,65,1,0,-15,5,-29,0,20,-22,-40,0
26336,8.24,T,41,4,449,0,28,200,172,6,Z,30,2,80,0,27,44,110,0,1,-11,-2,-369,0,-1,-156,-62,-6
26337,9.59,P,73,0,540,0,98,315,112,15,T,117,10,792,0,871,233,229,10,0,44,10,252,0,773,-82,117,-5
26338,5.35,Z,35,1,244,0,132,139,335,3,P,19,1,226,0,18,69,42,6,0,-16,0,-18,0,-114,-70,-293,3
26339,0.53,P,4,1,12,0,1,11,7,0,P,3,0,0,0,0,1,9,0,0,-1,-1,-12,0,-1,-10,2,0
26340,10.09,Z,86,2,515,0,75,270,228,7,Z,79,8,473,1,101,241,192,3,0,-7,6,-42,1,26,-29,-36,-4
26341,8.1,P,38,0,261,0,0,174,66,0,P,35,0,473,0,0,67,75,1,1,-3,0,212,0,0,-107,9,1
26342,7.22,P,27,4,180,0,9,96,49,0,Z,23,0,246,0,0,56,85,0,0,-4,-4,66,0,-9,-40,36,0
26343,9.37,T,121,2,692,0,45,332,192,8,P,85,0,650,0,255,278,217,15,1,-36,-2,-42,0,210,-54,25,7
26344,1.41,T,4,0,115,0,0,11,6,1,Z,5,0,26,0,0,15,27,1,1,1,0,-89,0,0,4,21,0
26345,9.59,T,78,1,580,0,216,174,214,8,T,122,0,829,0,44,193,123,5,1,44,-1,249,0,-172,19,-91,-3
26346,3.47,Z,11,1,46,0,9,41,38,0,Z,16,0,166,0,63,13,47,4,1,5,-1,120,0,54,-28,9,4
26347,7.1,P,49,2,220,0,253,152,180,8,P,42,1,634,0,106,130,44,7,1,-7,-1,414,0,-147,-22,-136,-1
26348,6.57,T,61,0,399,0,235,173,131,11,Z,28,2,372,0,160,129,136,5,0,-33,2,-27,0,-75,-44,5,-6
26349,6.48,Z,32,0,606,0,4,61,128,2,P,37,0,326,9,34,169,56,0,1,5,0,-280,9,30,108,-72,-2
26350,9.59,Z,60,0,634,0,107,208,307,10,T,87,10,471,0,409,168,131,3,0,27,10,-163,0,302,-40,-176,-7
26351,9.59,Z,80,3,571,0,42,213,247,0,T,55,0,686,0,1,61,91,0,0,-25,-3,115,0,-41,-152,-156,0
26352,8.41,Z,40,9,531,1,48,135,118,1,T,75,0,792,13,80,170,102,1,1,35,-9,261,12,32,35,-16,0
26353,7.46,P,16,0,152,0,2,47,39,1,P,23,0,391,0,0,45,29,0,1,7,0,239,0,-2,-2,-10,-1
26354,9.22,T,100,2,532,0,624,216,276,7,T,73,0,743,0,49,142,108,7,1,-27,-2,211,0,-575,-74,-168,0
26355,9.59,Z,50,4,509,0,35,264,199,1,Z,52,0,460,0,48,106,161,2,0,2,-4,-49,0,13,-158,-38,1
26356,9.59,P,58,0,629,0,35,276,97,13,T,96,0,486,0,521,335,140,9,1,38,0,-143,0,486,59,43,-4
26357,8.29,P,41,5,424,0,18,124,31,0,Z,39,0,556,0,30,46,124,4,1,-2,-5,132,0,12,-78,93,4
26358,9.59,P,73,10,680,0,143,345,127,4,P,70,0,545,0,337,289,100,4,0,-3,-10,-135,0,194,-56,-27,0
26359,9.59,Z,56,8,466,0,130,72,317,0,T,76,4,1004,0,16,209,114,0,0,20,-4,538,0,-114,137,-203,0
26360,8.49,T,61,0,660,0,2,179,87,2,Z,62,2,729,0,5,180,223,0,1,1,2,69,0,3,1,136,-2
26361,3.53,T,22,0,147,0,13,17,38,3,Z,9,0,130,3,17,27,44,0,0,-13,0,-17,3,4,10,6,-3
26362,10.28,T,49,0,953,0,14,164,105,4,P,70,0,696,0,54,280,97,14,1,21,0,-257,0,40,116,-8,10
26363,9.59,P,50,4,646,0,8,153,79,0,Z,41,0,710,0,0,117,156,2,1,-9,-4,64,0,-8,-36,77,2
26364,4.42,Z,19,0,209,45,51,63,128,0,P,22,0,200,0,81,93,128,2,1,3,0,-9,-45,30,30,0,2
26365,7.56,Z,61,3,524,2,531,248,277,14,P,59,2,411,0,141,138,55,9,0,-2,-1,-113,-2,-390,-110,-222,-5
26366,7.28,P,66,2,228,0,172,191,91,8,T,30,0,594,0,0,45,64,0,0,-36,-2,366,0,-172,-146,-27,-8
26367,8.29,T,29,2,696,0,1,119,56,0,P,27,0,233,0,1,95,53,3,0,-2,-2,-463,0,0,-24,-3,3
26368,5.03,P,27,1,182,0,328,202,103,5,T,55,0,234,0,168,277,124,9,1,28,-1,52,0,-160,75,21,4
26369,9.59,P,69,0,289,0,471,322,74,14,Z,73,0,586,0,97,106,276,4,1,4,0,297,0,-374,-216,202,-10
26370,4.03,Z,24,0,106,0,506,24,50,4,T,20,0,107,0,2,39,43,1,1,-4,0,1,0,-504,15,-7,-3
26371,9.58,Z,31,8,361,1,24,43,114,0,P,38,1,415,0,2,131,55,0,1,7,-7,54,-1,-22,88,-59,0
26372,9.27,P,39,0,352,0,1,133,67,3,T,62,5,428,0,50,189,228,2,0,23,5,76,0,49,56,161,-1
26373,4.48,T,13,0,173,0,4,57,24,2,T,22,0,442,0,3,42,44,3,0,9,0,269,0,-1,-15,20,1
26374,7.53,Z,54,4,406,0,113,83,134,5,T,68,5,593,0,483,165,156,4,1,14,1,187,0,370,82,22,-1
26375,4.58,Z,22,3,157,0,15,82,66,6,Z,19,0,350,0,4,169,89,3,0,-3,-3,193,0,-11,87,23,-3
26376,9.59,T,57,3,571,0,13,35,77,0,T,39,0,806,0,0,38,88,0,0,-18,-3,235,0,-13,3,11,0
26377,9.59,P,119,2,603,0,233,299,220,40,T,103,0,512,0,324,101,111,11,1,-16,-2,-91,0,91,-198,-109,-29
26378,4.08,P,18,2,249,0,298,74,61,5,Z,21,2,129,0,5,97,75,3,0,3,0,-120,0,-293,23,14,-2
26379,0.5,Z,2,0,39,0,14,14,15,1,Z,6,0,11,0,25,17,34,1,1,4,0,-28,0,11,3,19,0
26380,10.37,Z,69,2,667,0,192,308,250,9,P,81,4,572,0,165,184,182,1,1,12,2,-95,0,-27,-124,-68,-8
26381,5.49,T,28,7,411,0,14,94,52,5,T,33,0,556,0,2,114,45,0,0,5,-7,145,0,-12,20,-7,-5
26382,10.13,T,95,0,463,0,693,364,203,25,T,96,10,723,0,135,336,168,4,0,1,10,260,0,-558,-28,-35,-21
26383,7.07,T,34,0,363,0,1,84,49,0,P,25,0,84,0,0,147,75,1,1,-9,0,-279,0,-1,63,26,1
26384,4.38,Z,22,2,119,0,0,29,76,0,T,15,3,260,0,2,24,29,0,0,-7,1,141,0,2,-5,-47,0
26385,9.57,Z,61,0,414,0,38,110,192,5,P,46,0,348,0,14,194,130,8,0,-15,0,-66,0,-24,84,-62,3
26386,9.59,T,137,6,510,0,148,269,204,1,Z,61,0,590,0,551,194,295,2,0,-76,-6,80,0,403,-75,91,1
26387,9.59,T,45,2,663,0,18,61,70,3,P,31,0,468,0,0,90,73,0,1,-14,-2,-195,0,-18,29,3,-3
26388,4.38,Z,18,1,186,0,106,31,38,4,Z,19,2,300,0,31,75,60,5,0,1,1,114,0,-75,44,22,1
26389,9.03,Z,80,7,353,0,253,200,195,11,T,33,0,633,0,3,168,77,2,0,-47,-7,280,0,-250,-32,-118,-9
26390,0.25,T,2,1,39,0,4,4,12,0,T,2,0,25,0,17,3,16,0,0,0,-1,-14,0,13,-1,4,0
26391,9.58,P,47,0,683,0,0,228,72,0,P,38,0,365,0,0,65,53,0,0,-9,0,-318,0,0,-163,-19,0
26392,8.41,P,54,0,353,10,369,226,161,1,P,54,6,288,0,128,245,138,9,0,0,6,-65,-10,-241,19,-23,8
26393,9.56,Z,49,0,264,0,34,95,109,9,P,45,2,279,0,10,249,129,5,0,-4,2,15,0,-24,154,20,-4
26394,2.02,Z,8,0,53,0,6,35,32,1,Z,5,0,43,0,72,8,94,0,0,-3,0,-10,0,66,-27,62,-1
26395,4.36,P,32,4,341,0,555,65,65,1,Z,28,0,257,0,425,147,143,8,1,-4,-4,-84,0,-130,82,78,7
26396,9.43,Z,64,2,557,0,87,270,162,7,T,110,3,629,0,332,299,336,12,1,46,1,72,0,245,29,174,5
26397,4.13,Z,20,0,212,0,33,53,56,5,T,29,0,179,0,83,91,49,6,0,9,0,-33,0,50,38,-7,1
26398,5.34,Z,31,5,171,0,385,134,79,1,Z,42,4,285,0,126,203,176,13,1,11,-1,114,0,-259,69,97,12
26399,6.49,T,35,0,299,0,4,59,77,4,Z,28,2,406,0,7,48,118,0,0,-7,2,107,0,3,-11,41,-4
26400,2.18,P,16,6,117,0,235,50,47,1,P,4,0,187,3,9,18,5,0,0,-12,-6,70,3,-226,-32,-42,-1
26401,9.59,T,89,5,894,0,17,87,140,1,T,100,0,547,0,94,203,121,13,1,11,-5,-347,0,77,116,-19,12
26402,9.59,T,52,2,563,0,2,63,87,0,Z,34,0,607,0,2,167,146,2,1,-18,-2,44,0,0,104,59,2
26403,9.01,T,70,3,542,0,1005,196,145,5,Z,70,10,485,0,303,184,260,1,1,0,7,-57,0,-702,-12,115,-4
26404,9.11,T,89,7,906,0,52,179,95,2,Z,71,4,368,0,136,163,157,1,1,-18,-3,-538,0,84,-16,62,-1
26405,5.22,T,22,1,239,0,712,60,53,4,Z,27,2,417,0,3,95,144,0,1,5,1,178,0,-709,35,91,-4
26406,4.12,Z,19,0,195,0,0,75,75,0,P,15,0,335,0,0,63,30,3,0,-4,0,140,0,0,-12,-45,3
26407,7.13,T,42,3,403,0,688,57,56,1,P,61,0,302,0,470,193,129,25,0,19,-3,-101,0,-218,136,73,24
26408,5.12,Z,32,2,187,0,193,97,178,6,Z,27,0,110,0,147,89,129,5,1,-5,-2,-77,0,-46,-8,-49,-1
26409,10.05,Z,59,0,796,0,84,209,262,6,T,104,0,413,0,91,249,135,10,1,45,0,-383,0,7,40,-127,4
26410,9.37,P,58,5,714,0,95,131,120,2,Z,63,6,481,0,23,118,203,1,0,5,1,-233,0,-72,-13,83,-1
26411,7.06,P,42,0,321,0,12,138,67,2,Z,44,9,341,0,133,128,172,4,0,2,9,20,0,121,-10,105,2
26412,3.12,T,17,0,151,0,137,128,47,4,P,11,2,218,0,211,60,27,7,1,-6,2,67,0,74,-68,-20,3
26413,3.25,P,20,0,230,0,18,80,59,3,P,31,3,278,0,200,48,57,1,0,11,3,48,0,182,-32,-2,-2
26414,9.58,T,75,3,427,1,122,113,120,9,Z,51,4,733,0,30,167,187,4,0,-24,1,306,-1,-92,54,67,-5
26415,8.29,P,40,0,579,0,0,184,81,0,T,85,0,417,0,32,161,118,4,0,45,0,-162,0,32,-23,37,4
26416,7.32,Z,41,1,394,0,49,99,146,3,P,58,2,662,0,37,238,72,3,0,17,1,268,0,-12,139,-74,0
26417,8.1,T,54,4,304,0,35,88,97,1,P,38,5,442,0,32,145,40,1,1,-16,1,138,0,-3,57,-57,0
26418,9.59,Z,44,1,457,0,59,150,168,2,T,41,0,589,0,147,146,78,2,0,-3,-1,132,0,88,-4,-90,0
26419,9.57,Z,65,0,277,0,81,122,185,5,T,79,0,421,0,23,185,162,5,1,14,0,144,0,-58,63,-23,0
26420,9.59,T,111,9,365,0,317,284,231,6,T,71,2,895,0,226,134,273,9,0,-40,-7,530,0,-91,-150,42,3
26421,3.27,P,19,0,178,0,34,130,33,5,T,12,2,272,0,136,47,58,0,0,-7,2,94,0,102,-83,25,-5
26422,9.59,T,139,8,526,0,855,254,181,5,Z,61,9,352,0,173,156,376,2,1,-78,1,-174,0,-682,-98,195,-3
26423,8.43,Z,73,9,350,1,576,277,279,5,T,86,0,664,0,160,241,98,17,0,13,-9,314,-1,-416,-36,-181,12
26424,4.14,Z,18,1,161,0,173,91,137,4,T,29,5,155,0,14,122,60,4,1,11,4,-6,0,-159,31,-77,0
26425,9.59,P,59,0,761,0,30,151,220,8,P,39,2,848,0,975,151,188,3,1,-20,2,87,0,945,0,-32,-5
26426,9.51,Z,48,0,736,0,34,118,139,6,Z,79,0,335,0,65,210,293,3,0,31,0,-401,0,31,92,154,-3
26427,9.59,T,94,6,529,0,309,283,138,8,P,65,0,587,0,570,270,141,5,1,-29,-6,58,0,261,-13,3,-3
26428,8.38,Z,45,0,435,0,4,57,166,1,T,53,0,462,0,2,56,90,1,1,8,0,27,0,-2,-1,-76,0
26429,2.32,P,5,0,115,0,4,94,6,2,T,13,1,67,0,25,84,37,5,1,8,1,-48,0,21,-10,31,3
26430,8.34,P,42,0,371,0,51,207,50,5,Z,40,10,464,0,94,213,179,8,0,-2,10,93,0,43,6,129,3
26431,5.25,Z,12,0,159,0,0,44,56,0,P,15,0,204,0,0,61,30,0,0,3,0,45,0,0,17,-26,0
26432,2.51,P,15,0,104,0,314,57,77,12,Z,12,0,283,0,214,75,71,10,0,-3,0,179,0,-100,18,-6,-2
26433,5.44,T,27,0,332,0,1,49,50,4,P,19,0,129,0,19,22,22,3,1,-8,0,-203,0,18,-27,-28,-1
26434,9.59,T,93,5,737,0,458,260,99,0,T,124,2,553,0,724,214,204,7,0,31,-3,-184,0,266,-46,105,7
26435,3.58,Z,22,0,112,0,232,62,165,3,Z,13,4,143,0,278,59,180,6,1,-9,4,31,0,46,-3,15,3
26436,9.13,Z,67,7,622,0,380,309,296,7,P,75,1,550,5,83,170,134,0,0,8,-6,-72,5,-297,-139,-162,-7
26437,10.16,Z,94,30,850,0,119,341,359,10,P,104,0,363,0,173,331,153,18,1,10,-30,-487,0,54,-10,-206,8
26438,5.43,Z,31,8,236,1,336,161,191,1,Z,27,6,267,0,37,164,90,3,0,-4,-2,31,-1,-299,3,-101,2
26439,9.59,T,80,0,714,0,112,185,146,14,P,83,0,583,0,37,190,69,12,0,3,0,-131,0,-75,5,-77,-2
26440,4.39,Z,15,2,135,0,83,119,122,0,P,23,0,311,0,0,63,54,4,1,8,-2,176,0,-83,-56,-68,4
26441,9.59,P,42,0,726,0,7,174,80,1,T,65,1,665,0,25,182,86,5,0,23,1,-61,0,18,8,6,4
26442,8.32,P,70,0,497,0,506,307,76,14,T,100,1,346,0,257,307,141,7,1,30,1,-151,0,-249,0,65,-7
26443,3.38,T,16,0,461,0,18,55,19,2,P,15,0,100,0,3,59,22,1,0,-1,0,-361,0,-15,4,3,-1
26444,4.32,T,19,0,159,0,28,25,24,2,P,30,0,70,0,1,21,62,2,1,11,0,-89,0,-27,-4,38,0
26445,9.59,Z,31,0,849,10,150,100,234,1,T,52,0,496,0,35,61,60,8,0,21,0,-353,-10,-115,-39,-174,7
26446,5.57,P,33,0,478,0,41,235,51,3,T,36,0,297,0,144,105,159,5,1,3,0,-181,0,103,-130,108,2
26447,9.59,Z,61,2,303,0,46,90,172,1,T,82,0,748,0,46,191,109,7,0,21,-2,445,0,0,101,-63,6
26448,6.25,P,42,0,377,0,311,135,47,10,T,52,3,400,0,357,149,178,3,0,10,3,23,0,46,14,131,-7
26449,9.58,P,63,0,471,0,6,117,125,4,T,64,4,530,0,52,100,77,0,0,1,4,59,0,46,-17,-48,-4
26450,9.59,Z,62,7,455,0,267,299,205,9,P,96,0,538,0,443,273,68,9,1,34,-7,83,0,176,-26,-137,0
26451,9.59,Z,43,2,806,0,25,139,175,0,T,50,0,876,0,14,195,94,4,1,7,-2,70,0,-11,56,-81,4
26452,9.58,Z,77,7,425,0,307,207,301,4,T,102,0,489,0,235,241,104,10,0,25,-7,64,0,-72,34,-197,6
26453,7.26,Z,53,0,226,0,878,249,174,10,P,75,5,282,0,198,246,85,9,1,22,5,56,0,-680,-3,-89,-1
26454,9.59,Z,76,0,467,0,109,160,288,6,T,91,4,447,0,109,196,258,6,0,15,4,-20,0,0,36,-30,0
26455,7.26,Z,57,3,355,0,17,148,375,2,Z,25,0,397,0,16,71,114,0,0,-32,-3,42,0,-1,-77,-261,-2
26456,9.51,P,67,0,568,0,489,249,202,16,P,35,11,179,0,208,195,179,0,0,-32,11,-389,0,-281,-54,-23,-16
26457,9.59,P,41,0,493,0,23,77,115,5,T,73,0,535,0,13,86,110,11,1,32,0,42,0,-10,9,-5,6
26458,10.38,T,89,7,704,0,216,114,180,0,Z,64,0,586,0,15,214,202,4,0,-25,-7,-118,0,-201,100,22,4
26459,8.55,P,64,4,801,0,494,217,175,8,P,59,1,384,0,134,464,76,7,0,-5,-3,-417,0,-360,247,-99,-1
26460,9.58,Z,71,9,546,1,72,229,233,3,T,97,0,665,0,706,249,158,9,1,26,-9,119,-1,634,20,-75,6
26461,2.56,Z,13,0,165,0,123,23,92,2,Z,10,0,50,0,0,21,56,0,1,-3,0,-115,0,-123,-2,-36,-2
26462,9.59,P,83,0,415,0,227,177,79,7,Z,53,9,827,0,126,153,212,10,1,-30,9,412,0,-101,-24,133,3
26463,3.36,T,18,0,135,0,0,40,21,0,T,23,0,92,3,51,34,96,0,1,5,0,-43,3,51,-6,75,0
26464,9.59,Z,77,3,377,0,334,204,279,20,Z,101,0,624,0,118,339,282,25,1,24,-3,247,0,-216,135,3,5
26465,9.59,Z,66,0,583,0,149,177,340,5,P,60,0,477,0,1,215,115,1,0,-6,0,-106,0,-148,38,-225,-4
26466,6.38,Z,36,0,394,0,20,127,257,2,Z,31,0,196,0,26,35,188,7,1,-5,0,-198,0,6,-92,-69,5
26467,6.16,T,52,0,269,0,307,110,78,10,Z,34,5,250,8,53,167,146,5,0,-18,5,-19,8,-254,57,68,-5
26468,4.06,T,27,1,183,0,72,91,59,5,Z,15,4,156,0,186,101,56,2,1,-12,3,-27,0,114,10,-3,-3
26469,4.39,P,19,0,224,0,0,92,46,3,Z,16,0,264,0,13,24,75,2,0,-3,0,40,0,13,-68,29,-1
26470,9.59,Z,58,1,542,0,51,136,191,1,T,59,5,539,0,6,123,82,0,0,1,4,-3,0,-45,-13,-109,-1
26471,9.22,T,62,5,428,0,13,125,121,1,T,86,3,723,0,669,292,351,18,0,24,-2,295,0,656,167,230,17
26472,2.07,Z,10,0,55,0,12,10,24,1,T,5,0,140,0,0,10,13,2,0,-5,0,85,0,-12,0,-11,1
26473,6.16,T,41,1,386,0,366,132,143,10,T,35,0,237,0,171,223,139,7,1,-6,-1,-149,0,-195,91,-4,-3
26474,8.42,P,39,0,461,0,26,242,50,8,P,49,2,443,0,67,179,83,2,1,10,2,-18,0,41,-63,33,-6
26475,9.59,T,98,0,812,0,78,298,157,16,P,68,0,723,0,107,205,92,17,1,-30,0,-89,0,29,-93,-65,1
26476,9.58,P,72,2,621,0,69,243,115,0,T,69,5,853,0,130,332,122,8,1,-3,3,232,0,61,89,7,8
26477,7.13,T,41,2,502,0,19,66,45,1,P,37,0,181,0,51,74,29,7,1,-4,-2,-321,0,32,8,-16,6
26478,9.59,T,40,0,329,0,1,58,65,3,T,58,0,477,0,4,217,111,0,1,18,0,148,0,3,159,46,-3
26479,7.02,Z,44,2,444,0,68,102,117,2,P,46,4,363,0,17,58,35,1,1,2,2,-81,0,-51,-44,-82,-1
26480,2.41,T,9,0,171,0,41,49,16,5,Z,11,1,39,0,446,20,23,2,0,2,1,-132,0,405,-29,7,-3
26481,9.58,T,65,4,826,0,51,102,73,2,Z,49,5,278,0,33,111,212,1,0,-16,1,-548,0,-18,9,139,-1
26482,6.11,Z,33,0,497,0,286,145,100,12,P,37,3,562,0,590,147,55,5,1,4,3,65,0,304,2,-45,-7
26483,4.05,P,20,1,347,0,8,91,61,6,P,17,0,247,0,0,70,51,0,0,-3,-1,-100,0,-8,-21,-10,-6
26484,8.1,T,22,2,521,0,0,107,45,0,P,46,3,456,0,54,387,75,0,1,24,1,-65,0,54,280,30,0
26485,9.59,Z,69,5,493,0,196,167,164,2,T,73,0,514,0,135,202,170,6,1,4,-5,21,0,-61,35,6,4
26486,9.59,Z,45,0,528,0,22,179,137,6,P,58,3,927,0,10,344,96,1,1,13,3,399,0,-12,165,-41,-5
26487,10.24,Z,65,7,647,0,92,204,247,4,T,91,9,596,4,702,214,210,1,0,26,2,-51,4,610,10,-37,-3
26488,6.37,T,37,0,274,0,3,49,64,3,Z,39,2,210,0,175,229,259,4,0,2,2,-64,0,172,180,195,1
26489,9.09,P,52,2,585,0,23,93,60,5,Z,50,2,624,0,25,60,201,2,1,-2,0,39,0,2,-33,141,-3
26490,9.41,T,73,5,625,0,3,158,136,0,P,55,1,563,0,33,180,278,7,1,-18,-4,-62,0,30,22,142,7
26491,1.2,Z,2,1,69,0,5,27,20,1,T,3,0,34,0,11,2,3,3,0,1,-1,-35,0,6,-25,-17,2
26492,3.19,P,16,1,76,0,8,31,17,0,Z,9,0,69,2,92,32,201,0,1,-7,-1,-7,2,84,1,184,0
26493,4.54,T,17,0,510,0,12,54,24,2,P,19,0,339,0,0,45,42,0,1,2,0,-171,0,-12,-9,18,-2
26494,4.46,P,26,1,254,0,48,131,33,0,Z,32,0,262,0,8,78,105,11,1,6,-1,8,0,-40,-53,72,11
26495,3.02,P,18,0,140,0,148,66,72,6,P,16,3,188,0,258,82,74,0,1,-2,3,48,0,110,16,2,-6
26496,8.3,T,53,0,552,0,10,88,98,4,T,46,0,320,0,193,99,86,10,1,-7,0,-232,0,183,11,-12,6
26497,9.36,P,56,0,455,0,27,158,55,8,P,73,0,395,271,641,220,670,0,0,17,0,-60,271,614,62,615,-8
26498,5.11,Z,18,0,408,0,0,43,79,2,T,15,0,296,0,0,151,66,0,0,-3,0,-112,0,0,108,-13,-2
26499,9.02,T,76,0,440,0,76,64,101,4,Z,45,0,515,0,91,111,189,3,0,-31,0,75,0,15,47,88,-1
26500,9.59,T,86,0,784,0,300,210,96,19,Z,69,0,475,0,34,89,211,4,0,-17,0,-309,0,-266,-121,115,-15
26501,6.37,T,86,0,309,0,50,160,101,8,T,48,1,500,0,442,158,116,9,0,-38,1,191,0,392,-2,15,1
26502,8.38,Z,54,0,360,0,54,187,198,1,T,71,0,339,0,128,170,74,11,0,17,0,-21,0,74,-17,-124,10
26503,9.59,P,108,0,494,0,432,314,78,19,Z,132,3,436,13,219,265,418,7,0,24,3,-58,13,-213,-49,340,-12
26504,9.59,T,51,5,694,0,50,191,83,5,P,33,0,414,0,0,117,77,0,0,-18,-5,-280,0,-50,-74,-6,-5
26505,8.29,T,58,4,405,0,25,177,92,0,T,71,0,485,0,988,155,245,12,1,13,-4,80,0,963,-22,153,12
26506,4.28,T,20,0,117,0,302,55,55,4,P,14,0,331,0,67,67,161,0,1,-6,0,214,0,-235,12,106,-4
26507,3.02,P,14,0,110,0,8,100,111,3,P,7,0,171,7,1,14,12,4,0,-7,0,61,7,-7,-86,-99,1
26508,4.21,T,24,0,163,0,69,52,56,12,Z,21,1,171,0,113,27,303,0,0,-3,1,8,0,44,-25,247,-12
26509,1.29,T,5,0,23,0,43,7,34,1,T,6,1,34,0,55,12,23,2,0,1,1,11,0,12,5,-11,1
26510,8.53,Z,58,6,679,0,91,76,152,3,P,74,0,645,0,226,273,126,17,0,16,-6,-34,0,135,197,-26,14
26511,9.59,T,78,0,755,0,50,129,95,3,T,90,0,806,0,295,280,152,4,0,12,0,51,0,245,151,57,1
26512,9.59,Z,101,4,592,0,214,405,422,1,P,96,3,431,0,285,283,119,15,0,-5,-1,-161,0,71,-122,-303,14
26513,9.57,Z,43,0,177,17,89,94,201,2,T,54,3,283,0,32,107,61,8,1,11,3,106,-17,-57,13,-140,6
26514,3.58,T,25,0,154,0,160,102,89,5,T,22,3,162,0,8,87,50,0,0,-3,3,8,0,-152,-15,-39,-5
26515,1.27,P,7,0,93,0,0,14,11,0,P,4,0,91,0,8,34,6,1,1,-3,0,-2,0,8,20,-5,1
26516,8.05,Z,39,8,370,0,46,90,129,0,Z,52,0,419,0,918,115,178,6,1,13,-8,49,0,872,25,49,6
26517,5.48,Z,46,2,212,0,171,127,208,4,P,45,0,391,0,444,197,70,7,1,-1,-2,179,0,273,70,-138,3
26518,8.59,Z,64,0,522,0,35,168,225,6,Z,87,0,382,0,39,431,291,10,0,23,0,-140,0,4,263,66,4
26519,8.59,P,44,0,494,0,20,97,76,8,T,77,4,675,0,99,170,127,5,1,33,4,181,0,79,73,51,-3
26520,4.38,P,24,0,127,0,88,87,99,4,T,13,0,45,0,0,15,33,0,0,-11,0,-82,0,-88,-72,-66,-4
26521,10.19,T,108,0,535,0,86,314,317,15,Z,61,8,325,0,66,127,193,4,1,-47,8,-210,0,-20,-187,-124,-11
26522,6.39,Z,44,3,327,0,57,54,109,2,T,39,0,318,0,24,21,51,3,0,-5,-3,-9,0,-33,-33,-58,1
26523,9.56,P,19,5,777,0,3,33,43,0,P,38,0,629,0,0,87,49,0,1,19,-5,-148,0,-3,54,6,0
26524,5.05,P,19,0,237,0,4,25,20,4,T,23,0,175,0,1,23,46,0,1,4,0,-62,0,-3,-2,26,-4
26525,10.59,T,112,6,602,0,550,188,161,2,Z,90,8,568,0,415,112,320,20,1,-22,2,-34,0,-135,-76,159,18
26526,9.59,T,67,5,648,0,37,112,108,7,P,51,1,423,0,12,200,247,1,1,-16,-4,-225,0,-25,88,139,-6
26527,3.57,T,18,7,168,0,54,43,46,0,T,16,3,288,0,149,51,38,4,1,-2,-4,120,0,95,8,-8,4
26528,10.38,Z,108,10,408,1,651,343,287,7,P,157,0,674,0,228,345,226,17,0,49,-10,266,-1,-423,2,-61,10
26529,6.37,P,53,4,432,0,380,179,70,19,Z,54,3,312,1,134,187,213,7,1,1,-1,-120,1,-246,8,143,-12
26530,6.05,P,20,0,206,0,0,55,71,0,T,25,0,360,0,26,73,74,2,1,5,0,154,0,26,18,3,2
26531,10.05,T,84,8,485,0,269,169,128,1,Z,77,0,669,0,346,191,238,11,1,-7,-8,184,0,77,22,110,10
26532,6.57,T,61,4,420,0,678,205,124,5,T,42,0,228,0,734,130,176,12,0,-19,-4,-192,0,56,-75,52,7
26533,9.09,Z,52,0,427,0,20,137,202,5,Z,64,2,239,0,119,89,202,2,1,12,2,-188,0,99,-48,0,-3
26534,9.57,P,44,0,265,0,1,74,91,1,Z,31,0,332,0,2,98,192,1,0,-13,0,67,0,1,24,101,0
26535,8.01,T,72,0,387,0,615,246,176,11,Z,54,0,380,0,432,247,418,8,0,-18,0,-7,0,-183,1,242,-3
26536,3.09,Z,13,0,93,0,1,42,164,3,T,9,0,145,0,0,5,15,0,1,-4,0,52,0,-1,-37,-149,-3
26537,2.17,P,12,0,143,0,74,78,7,2,P,13,0,102,0,3,28,18,1,0,1,0,-41,0,-71,-50,11,-1
26538,4.03,P,23,0,112,0,27,62,54,2,T,16,0,296,0,0,37,54,0,0,-7,0,184,0,-27,-25,0,-2
26539,8.43,T,52,0,421,0,0,97,91,0,T,56,0,610,0,4,153,110,4,1,4,0,189,0,4,56,19,4
26540,6.22,T,55,3,252,0,293,149,109,2,T,39,2,469,0,247,184,57,4,1,-16,-1,217,0,-46,35,-52,2
26541,3.21,P,13,0,167,0,0,42,20,2,P,17,2,158,0,51,38,12,1,1,4,2,-9,0,51,-4,-8,-1
26542,9.51,T,65,2,710,0,33,156,92,3,P,48,0,643,2,25,135,53,0,1,-17,-2,-67,2,-8,-21,-39,-3
26543,6.16,T,39,0,203,0,378,110,60,9,T,56,7,391,0,334,117,182,1,1,17,7,188,0,-44,7,122,-8
26544,9.59,T,73,11,532,0,47,212,207,0,Z,81,6,575,0,259,190,275,4,1,8,-5,43,0,212,-22,68,4
26545,4.23,Z,22,2,133,0,134,93,88,5,T,43,3,216,0,290,84,90,8,1,21,1,83,0,156,-9,2,3
26546,9.59,Z,56,12,501,0,52,159,224,0,P,91,0,159,0,68,286,131,16,1,35,-12,-342,0,16,127,-93,16
26547,8.02,P,40,0,386,0,12,82,73,8,T,54,0,402,0,342,172,214,5,1,14,0,16,0,330,90,141,-3
26548,6.17,P,28,2,682,0,9,75,48,0,Z,47,0,329,0,95,154,169,2,0,19,-2,-353,0,86,79,121,2
26549,4.07,T,23,4,273,0,23,110,54,1,T,27,4,244,0,164,36,30,0,1,4,0,-29,0,141,-74,-24,-1
26550,6.33,Z,29,3,85,0,24,29,86,0,P,34,2,515,0,2,136,54,2,1,5,-1,430,0,-22,107,-32,2
26551,9.59,T,89,6,718,0,29,194,145,2,P,69,0,467,0,416,275,170,9,1,-20,-6,-251,0,387,81,25,7
26552,5.24,P,28,0,231,0,21,134,23,1,Z,23,0,329,0,20,45,59,5,1,-5,0,98,0,-1,-89,36,4
26553,8,Z,60,9,325,0,483,142,267,9,T,79,0,458,0,106,207,77,11,0,19,-9,133,0,-377,65,-190,2
26554,4.37,Z,36,0,239,0,203,207,132,5,Z,30,6,155,0,161,140,232,7,1,-6,6,-84,0,-42,-67,100,2
26555,2.33,T,14,1,58,0,194,90,92,2,T,5,0,95,0,179,71,58,2,1,-9,-1,37,0,-15,-19,-34,0
26556,9.39,T,58,0,416,0,31,60,71,3,T,59,0,785,7,54,156,85,0,1,1,0,369,7,23,96,14,-3
26557,4.04,T,18,0,213,0,1,55,87,2,T,19,0,288,0,237,73,102,10,0,1,0,75,0,236,18,15,8
26558,3.55,Z,13,0,211,0,28,16,57,3,Z,15,2,77,2,34,60,37,0,0,2,2,-134,2,6,44,-20,-3
26559,9.14,T,93,0,410,24,62,360,176,11,T,69,3,676,0,117,257,191,2,0,-24,3,266,-24,55,-103,15,-9
26560,4.19,Z,31,5,139,0,69,151,112,1,P,26,5,284,0,18,143,32,0,1,-5,0,145,0,-51,-8,-80,-1
26561,9.58,T,37,0,290,0,0,200,57,1,T,31,0,292,0,35,56,44,3,0,-6,0,2,0,35,-144,-13,2
26562,7.2,T,55,4,552,0,31,80,74,0,P,48,2,629,0,36,148,77,3,0,-7,-2,77,0,5,68,3,3
26563,8.2,Z,32,2,320,0,37,66,122,0,P,41,5,250,0,13,143,55,0,1,9,3,-70,0,-24,77,-67,0
26564,3.02,P,9,2,161,0,248,36,30,0,T,10,0,89,0,0,22,12,0,1,1,-2,-72,0,-248,-14,-18,0
26565,2.41,T,10,0,133,0,211,23,45,6,Z,18,4,239,0,250,12,118,0,1,8,4,106,0,39,-11,73,-6
26566,7.57,P,51,0,660,0,3,134,111,6,Z,43,6,319,0,244,215,400,3,1,-8,6,-341,0,241,81,289,-3
26567,9.43,Z,83,4,415,0,101,277,302,8,T,164,8,486,0,656,272,189,14,1,81,4,71,0,555,-5,-113,6
26568,8.45,T,91,10,581,0,206,211,117,8,Z,86,0,469,0,181,208,322,17,1,-5,-10,-112,0,-25,-3,205,9
26569,9.58,Z,49,2,598,0,19,89,135,5,T,72,0,764,0,0,154,74,0,1,23,-2,166,0,-19,65,-61,-5
26570,10.43,T,84,0,829,0,337,332,174,9,P,90,0,533,0,355,299,114,7,0,6,0,-296,0,18,-33,-60,-2
26571,8.15,Z,43,0,443,0,0,89,135,0,T,43,0,244,0,2,35,66,1,1,0,0,-199,0,2,-54,-69,1
26572,7.34,T,52,0,468,0,1,63,73,0,T,34,1,570,0,4,179,59,3,0,-18,1,102,0,3,116,-14,3
26573,9.58,P,85,0,508,0,70,264,161,4,Z,57,0,471,0,212,145,174,4,1,-28,0,-37,0,142,-119,13,0
26574,10.33,P,56,4,450,0,19,213,79,3,Z,70,4,671,0,565,146,235,6,1,14,0,221,0,546,-67,156,3
26575,5.12,P,19,0,429,0,4,65,28,1,Z,20,3,386,0,83,93,129,5,0,1,3,-43,0,79,28,101,4
26576,9.59,Z,62,4,511,0,325,214,316,2,P,80,2,540,0,16,218,222,0,0,18,-2,29,0,-309,4,-94,-2
26577,9.59,P,57,3,500,0,9,135,94,3,P,52,4,638,0,394,347,69,9,0,-5,1,138,0,385,212,-25,6
26578,3.03,Z,11,1,58,0,5,21,83,1,Z,14,3,249,0,126,13,30,0,0,3,2,191,0,121,-8,-53,-1
26579,5.49,P,34,0,347,0,19,111,26,5,P,14,1,218,0,0,43,31,0,0,-20,1,-129,0,-19,-68,5,-5
26580,9.16,Z,61,0,571,0,379,162,465,7,P,67,6,395,0,196,221,102,4,1,6,6,-176,0,-183,59,-363,-3
26581,6.48,T,67,0,381,0,196,200,181,8,T,33,0,658,3,15,118,65,0,0,-34,0,277,3,-181,-82,-116,-8
26582,9.59,T,90,7,826,0,303,186,125,16,P,59,9,801,0,52,225,121,4,0,-31,2,-25,0,-251,39,-4,-12
26583,6.08,Z,18,1,555,0,0,57,67,0,Z,33,0,166,0,21,73,84,1,1,15,-1,-389,0,21,16,17,1
26584,4.34,P,12,1,211,0,25,67,34,3,P,19,3,212,0,2,46,27,0,1,7,2,1,0,-23,-21,-7,-3
26585,3.43,P,21,0,259,0,40,130,54,4,P,19,0,261,0,153,113,22,5,1,-2,0,2,0,113,-17,-32,1
26586,5.5,P,39,0,305,0,23,110,54,1,T,40,4,450,0,83,132,51,3,1,1,4,145,0,60,22,-3,2
26587,9.59,T,110,17,655,2,156,228,182,9,T,91,1,519,0,444,303,324,13,1,-19,-16,-136,-2,288,75,142,4
26588,4.38,P,21,0,142,0,1,132,29,3,T,44,0,134,0,232,151,115,9,1,23,0,-8,0,231,19,86,6
26589,2.5,Z,11,0,98,0,296,21,69,4,T,12,2,140,0,35,57,52,1,0,1,2,42,0,-261,36,-17,-3
26590,4.49,Z,32,0,108,0,27,19,62,1,P,27,1,186,0,8,78,23,1,0,-5,1,78,0,-19,59,-39,0
26591,4.18,Z,18,9,166,0,203,76,67,13,T,41,0,70,0,164,77,247,4,1,23,-9,-96,0,-39,1,180,-9
26592,6.19,P,32,0,534,0,230,209,203,3,P,18,0,401,0,0,36,19,0,1,-14,0,-133,0,-230,-173,-184,-3
26593,6.03,Z,37,9,238,0,89,50,102,0,Z,21,0,333,0,309,131,93,8,0,-16,-9,95,0,220,81,-9,8
26594,10.1,P,101,9,383,0,125,298,122,7,P,63,7,746,0,81,233,93,4,0,-38,-2,363,0,-44,-65,-29,-3
26595,6.41,Z,27,4,327,0,40,56,100,0,Z,32,0,225,0,280,89,251,4,1,5,-4,-102,0,240,33,151,4
26596,9.59,T,54,0,455,0,0,56,157,0,P,36,0,377,0,1,102,45,2,1,-18,0,-78,0,1,46,-112,2
26597,4.15,P,17,0,214,0,56,233,39,5,P,30,0,94,0,196,180,86,17,1,13,0,-120,0,140,-53,47,12
26598,9.58,P,99,8,655,0,95,347,147,7,T,102,7,503,0,318,204,181,2,0,3,-1,-152,0,223,-143,34,-5
26599,10.12,Z,75,0,735,0,44,277,210,11,P,46,0,382,0,0,48,97,0,0,-29,0,-353,0,-44,-229,-113,-11
26600,6.31,T,68,0,192,0,478,124,161,10,Z,44,2,275,0,585,177,314,5,0,-24,2,83,0,107,53,153,-5
26601,9.59,Z,84,19,366,0,122,170,257,4,T,143,0,654,0,196,263,152,16,0,59,-19,288,0,74,93,-105,12
26602,9.59,T,72,2,554,0,20,413,87,24,Z,46,2,498,0,17,279,192,0,0,-26,0,-56,0,-3,-134,105,-24
26603,9.11,T,114,0,491,0,771,278,200,16,T,95,5,265,0,152,218,283,2,0,-19,5,-226,0,-619,-60,83,-14
26604,6.28,Z,39,3,344,0,4,84,281,3,P,24,0,614,0,0,184,37,0,0,-15,-3,270,0,-4,100,-244,-3
26605,9.59,Z,61,0,287,0,0,209,186,0,Z,57,0,401,0,61,65,144,11,0,-4,0,114,0,61,-144,-42,11
26606,4.59,T,65,6,275,0,442,157,126,3,P,47,0,151,0,43,156,46,1,0,-18,-6,-124,0,-399,-1,-80,-2
26607,8.51,P,35,0,688,0,2,49,48,6,Z,53,0,617,0,58,126,177,2,1,18,0,-71,0,56,77,129,-4
26608,6.27,T,42,0,357,0,14,141,75,5,T,35,0,193,0,0,63,89,5,0,-7,0,-164,0,-14,-78,14,0
26609,8.48,T,48,0,887,0,0,49,92,5,P,27,0,539,0,0,107,52,0,1,-21,0,-348,0,0,58,-40,-5
26610,3.45,P,13,0,132,0,0,29,31,0,T,26,0,65,0,11,9,21,1,1,13,0,-67,0,11,-20,-10,1
26611,9.58,Z,51,6,561,0,16,92,128,2,P,53,7,452,0,45,166,91,1,0,2,1,-109,0,29,74,-37,-1
26612,9.59,T,51,0,558,0,26,93,66,3,T,52,0,665,0,0,72,97,0,1,1,0,107,0,-26,-21,31,-3
26613,10.55,Z,41,5,693,0,21,223,140,0,P,51,0,703,0,57,71,60,11,0,10,-5,10,0,36,-152,-80,11
26614,9.59,Z,82,0,765,0,53,233,291,4,Z,68,0,371,0,50,124,255,4,0,-14,0,-394,0,-3,-109,-36,0
26615,9.59,P,71,0,498,0,19,109,83,4,T,78,1,794,0,59,158,263,6,0,7,1,296,0,40,49,180,2
26616,5.28,P,26,0,116,0,3,159,56,1,P,17,0,252,0,10,158,69,3,0,-9,0,136,0,7,-1,13,2
26617,10.35,T,138,6,691,0,574,378,283,5,Z,118,0,646,0,411,162,375,50,0,-20,-6,-45,0,-163,-216,92,45
26618,9.59,Z,48,0,662,0,30,169,172,3,T,36,0,651,0,0,129,115,0,0,-12,0,-11,0,-30,-40,-57,-3
26619,10.16,Z,82,9,655,0,57,302,250,2,T,150,0,563,0,480,440,219,25,1,68,-9,-92,0,423,138,-31,23
26620,10.06,T,106,0,536,0,88,423,170,10,Z,90,0,594,0,434,281,305,19,1,-16,0,58,0,346,-142,135,9
26621,9.59,P,61,9,734,0,32,210,102,0,T,79,0,734,0,23,108,96,3,0,18,-9,0,0,-9,-102,-6,3
26622,4.45,P,24,0,328,0,18,128,49,3,P,22,2,252,0,6,65,207,0,1,-2,2,-76,0,-12,-63,158,-3
26623,9.59,Z,63,0,401,14,111,207,211,3,T,91,2,779,0,57,161,119,1,0,28,2,378,-14,-54,-46,-92,-2
26624,4.51,P,12,0,420,0,6,65,15,1,P,11,0,321,0,4,85,26,3,0,-1,0,-99,0,-2,20,11,2
26625,3.58,T,30,0,109,0,47,148,43,4,T,19,0,113,0,15,73,85,5,0,-11,0,4,0,-32,-75,42,1
26626,4.12,T,24,1,232,0,16,29,27,2,Z,16,0,223,0,30,52,44,6,1,-8,-1,-9,0,14,23,17,4
26627,6.17,P,45,3,497,0,47,132,132,6,T,46,0,230,0,1,206,116,1,1,1,-3,-267,0,-46,74,-16,-5
26628,8.56,P,52,7,336,0,50,269,59,1,T,73,0,546,0,577,249,122,8,0,21,-7,210,0,527,-20,63,7
26629,9.37,T,72,0,334,0,353,165,159,12,T,73,2,367,0,632,229,150,4,1,1,2,33,0,279,64,-9,-8
26630,8.02,Z,44,0,642,0,68,70,146,2,Z,41,0,331,0,50,103,237,6,0,-3,0,-311,0,-18,33,91,4
26631,10.01,Z,45,0,329,0,192,221,225,10,P,41,5,589,0,5,168,60,0,0,-4,5,260,0,-187,-53,-165,-10
26632,9.59,Z,77,4,779,0,57,236,274,0,T,127,5,611,0,157,151,226,5,1,50,1,-168,0,100,-85,-48,5
26633,4.4,P,23,6,227,0,37,67,24,0,P,25,0,278,0,26,130,82,2,0,2,-6,51,0,-11,63,58,2
26634,8.04,T,43,4,430,0,33,97,76,0,T,58,5,537,0,3,156,81,1,1,15,1,107,0,-30,59,5,1
26635,8.31,T,27,0,214,0,1,38,55,3,T,27,0,389,0,0,83,71,1,1,0,0,175,0,-1,45,16,-2
26636,1.47,P,9,1,16,3,61,45,11,0,P,10,0,20,0,4,22,7,1,0,1,-1,4,-3,-57,-23,-4,1
26637,9.58,Z,67,0,541,0,304,323,217,9,T,87,8,380,0,13,220,151,0,0,20,8,-161,0,-291,-103,-66,-9
26638,8.42,Z,65,5,654,0,32,228,244,12,Z,58,7,372,0,130,241,215,6,0,-7,2,-282,0,98,13,-29,-6
26639,7.57,P,67,1,435,13,211,192,103,6,T,81,7,482,0,238,265,117,5,0,14,6,47,-13,27,73,14,-1
26640,9.59,T,63,0,499,0,0,63,117,0,Z,48,0,733,0,0,89,141,0,1,-15,0,234,0,0,26,24,0
26641,4.38,P,22,3,194,0,8,31,27,1,T,10,0,122,0,0,14,16,0,0,-12,-3,-72,0,-8,-17,-11,-1
26642,6.2,T,34,0,376,0,0,160,64,1,P,20,0,415,0,0,157,31,0,0,-14,0,39,0,0,-3,-33,-1
26643,9.59,P,78,0,974,0,129,236,161,13,Z,102,12,442,0,550,287,349,5,0,24,12,-532,0,421,51,188,-8
26644,8.15,T,41,0,633,0,6,95,95,2,T,45,0,349,0,24,74,52,7,0,4,0,-284,0,18,-21,-43,5
26645,10.09,P,106,8,554,0,119,281,102,7,T,99,4,589,0,175,304,190,3,0,-7,-4,35,0,56,23,88,-4
26646,9.58,T,40,0,728,0,0,131,85,2,Z,54,0,202,0,1,82,127,1,1,14,0,-526,0,1,-49,42,-1
26647,8.44,T,58,0,360,0,34,151,133,4,Z,66,4,391,0,219,249,304,9,1,8,4,31,0,185,98,171,5
26648,4.07,Z,31,2,162,0,10,87,83,0,T,31,1,260,0,167,124,67,6,0,0,-1,98,0,157,37,-16,6
26649,8.32,Z,41,0,354,0,52,237,224,4,P,55,5,632,0,46,168,151,0,1,14,5,278,0,-6,-69,-73,-4
26650,6.36,T,35,3,286,0,218,93,43,0,T,40,0,376,0,25,37,39,4,0,5,-3,90,0,-193,-56,-4,4
26651,7.26,Z,50,0,360,0,32,151,439,1,Z,46,0,352,0,383,179,177,8,1,-4,0,-8,0,351,28,-262,7
26652,3.08,T,14,1,103,0,170,22,114,7,Z,6,0,167,0,40,57,47,3,1,-8,-1,64,0,-130,35,-67,-4
26653,9.21,Z,80,12,352,0,129,309,208,7,Z,103,3,182,0,260,199,453,3,1,23,-9,-170,0,131,-110,245,-4
26654,9.59,T,116,0,627,0,138,414,128,20,T,61,3,626,13,47,360,289,2,0,-55,3,-1,13,-91,-54,161,-18
26655,7.02,P,18,1,255,0,4,62,29,3,P,8,0,244,0,0,6,11,0,0,-10,-1,-11,0,-4,-56,-18,-3
26656,7.07,Z,31,1,253,0,188,63,362,4,T,40,0,559,0,41,84,51,3,1,9,-1,306,0,-147,21,-311,-1
26657,6.54,T,49,0,268,0,38,88,130,4,T,51,0,272,0,25,148,64,8,0,2,0,4,0,-13,60,-66,4
26658,7.16,T,56,0,469,0,242,151,166,12,P,38,0,517,0,552,229,76,13,0,-18,0,48,0,310,78,-90,1
26659,6.49,P,35,3,276,0,69,162,71,7,Z,31,3,303,0,30,56,91,0,0,-4,0,27,0,-39,-106,20,-7
26660,3.49,Z,13,3,108,0,224,129,107,4,Z,15,4,169,0,22,80,65,0,1,2,1,61,0,-202,-49,-42,-4
26661,8.36,P,24,0,228,0,1,113,63,1,Z,37,0,357,0,3,73,125,4,1,13,0,129,0,2,-40,62,3
26662,7.47,P,27,0,517,0,5,125,54,5,Z,48,2,241,0,12,27,126,0,1,21,2,-276,0,7,-98,72,-5
26663,2.34,P,9,0,51,0,2,72,24,2,P,11,0,35,0,0,47,9,1,1,2,0,-16,0,-2,-25,-15,-1
26664,9.59,P,55,0,477,0,133,309,208,7,Z,51,2,506,0,55,85,220,2,1,-4,2,29,0,-78,-224,12,-5
26665,6.08,Z,32,3,224,0,23,125,105,1,P,43,1,565,0,30,182,38,4,1,11,-2,341,0,7,57,-67,3
26666,9.55,P,37,0,556,0,1,174,81,1,T,51,0,571,0,24,176,100,4,0,14,0,15,0,23,2,19,3
26667,2.57,T,15,0,147,0,333,105,80,15,Z,13,0,52,7,111,91,71,1,1,-2,0,-95,7,-222,-14,-9,-14
26668,9.59,T,45,0,827,0,0,68,84,0,Z,41,0,594,0,0,152,162,2,0,-4,0,-233,0,0,84,78,2
26669,9.59,T,74,3,486,0,72,190,159,4,P,57,3,903,0,26,195,62,9,1,-17,0,417,0,-46,5,-97,5
26670,8.12,T,58,5,495,0,17,172,100,1,P,42,0,354,0,3,227,76,1,0,-16,-5,-141,0,-14,55,-24,0
26671,4.36,Z,15,0,160,0,169,51,194,6,T,22,0,212,8,190,48,99,0,0,7,0,52,8,21,-3,-95,-6
26672,10.21,T,91,0,595,0,202,374,307,7,T,102,0,799,0,85,368,172,10,0,11,0,204,0,-117,-6,-135,3
26673,4.51,P,31,0,112,0,34,100,51,3,T,39,0,213,0,21,104,33,2,0,8,0,101,0,-13,4,-18,-1
26674,0.2,T,2,0,8,0,30,11,15,2,Z,1,0,21,0,0,8,2,1,0,-1,0,13,0,-30,-3,-13,-1
26675,8,Z,60,15,455,1,234,311,261,1,P,64,0,516,0,9,229,98,1,1,4,-15,61,-1,-225,-82,-163,0
26676,9.59,Z,50,1,962,0,18,63,126,0,Z,61,4,953,0,46,206,174,2,0,11,3,-9,0,28,143,48,2
26677,9.59,T,85,0,526,0,37,212,91,11,Z,48,0,433,0,21,232,166,3,1,-37,0,-93,0,-16,20,75,-8
26678,2.43,T,16,1,78,0,375,43,17,5,T,15,0,95,0,15,60,19,6,1,-1,-1,17,0,-360,17,2,1
26679,7.44,P,44,0,531,0,14,133,77,6,T,69,3,430,6,51,319,136,0,1,25,3,-101,6,37,186,59,-6
26680,5.18,Z,35,0,167,0,17,90,170,6,P,31,0,188,0,21,166,86,3,0,-4,0,21,0,4,76,-84,-3
26681,8.28,T,77,0,500,0,538,263,160,7,T,60,0,818,0,232,263,84,14,0,-17,0,318,0,-306,0,-76,7
26682,9.52,P,66,0,852,0,59,195,110,8,T,87,3,605,0,68,133,115,8,1,21,3,-247,0,9,-62,5,0
26683,3.08,T,24,4,148,0,261,47,118,1,T,14,0,121,0,274,33,187,9,1,-10,-4,-27,0,13,-14,69,8
26684,5.07,P,22,3,89,0,4,54,43,0,P,14,0,227,0,0,78,33,0,0,-8,-3,138,0,-4,24,-10,0
26685,6.27,Z,40,0,404,0,39,120,100,2,T,56,0,385,0,486,115,107,14,1,16,0,-19,0,447,-5,7,12
26686,9.59,P,93,1,234,0,3,318,135,3,Z,57,4,301,0,42,220,163,11,0,-36,3,67,0,39,-98,28,8
26687,9.59,Z,71,0,759,0,164,277,378,7,Z,57,0,580,0,265,206,204,9,1,-14,0,-179,0,101,-71,-174,2
26688,8.2,Z,68,2,233,0,879,281,185,9,Z,60,2,318,0,64,139,171,7,1,-8,0,85,0,-815,-142,-14,-2
26689,6.07,T,33,2,179,0,10,216,46,0,T,29,0,204,0,15,95,55,4,0,-4,-2,25,0,5,-121,9,4
26690,9.59,T,23,3,556,0,0,22,38,1,T,36,0,548,0,1,18,68,3,1,13,-3,-8,0,1,-4,30,2
26691,7.12,Z,40,0,453,0,79,128,116,6,T,27,0,513,0,0,34,44,0,0,-13,0,60,0,-79,-94,-72,-6
26692,4.58,P,22,0,322,0,661,61,29,5,Z,34,1,86,0,35,58,110,0,0,12,1,-236,0,-626,-3,81,-5
26693,9.59,P,55,0,625,0,11,268,118,2,T,63,0,586,0,18,169,93,6,1,8,0,-39,0,7,-99,-25,4
26694,2.27,T,10,0,40,0,12,52,34,4,T,10,0,79,0,140,98,82,4,0,0,0,39,0,128,46,48,0
26695,1.53,P,6,0,46,0,74,25,68,2,Z,6,0,19,0,0,19,74,1,1,0,0,-27,0,-74,-6,6,-1
26696,6.12,T,50,3,258,0,43,112,64,0,Z,34,1,214,0,247,184,168,8,0,-16,-2,-44,0,204,72,104,8
26697,6.47,P,47,1,349,0,28,181,69,6,P,48,0,472,0,451,141,153,8,1,1,-1,123,0,423,-40,84,2
26698,9.21,T,66,6,628,0,23,225,122,4,T,64,1,232,0,44,120,60,4,0,-2,-5,-396,0,21,-105,-62,0
26699,4.38,T,23,7,442,0,14,70,90,0,P,12,0,122,0,0,128,41,0,0,-11,-7,-320,0,-14,58,-49,0
26700,5.17,P,24,0,233,0,4,133,45,2,P,23,0,355,0,0,81,45,0,0,-1,0,122,0,-4,-52,0,-2
26701,10.48,P,88,19,285,0,138,319,95,1,T,105,0,395,0,133,194,198,15,0,17,-19,110,0,-5,-125,103,14
26702,6.38,Z,32,0,180,0,3,24,97,0,Z,25,0,263,0,45,77,112,1,1,-7,0,83,0,42,53,15,1
26703,7.48,P,62,2,520,0,540,285,177,4,T,62,0,506,0,342,207,101,1,0,0,-2,-14,0,-198,-78,-76,-3
26704,10.26,P,42,2,602,0,13,174,59,3,P,45,5,241,0,202,190,73,4,0,3,3,-361,0,189,16,14,1
26705,4.18,P,23,0,214,0,1,99,38,1,P,16,8,163,0,3,45,160,0,1,-7,8,-51,0,2,-54,122,-1
26706,5.56,T,35,4,105,0,31,82,23,2,P,24,3,454,0,14,113,42,2,0,-11,-1,349,0,-17,31,19,0
26707,2.21,P,7,1,35,0,3,7,6,0,Z,4,0,54,0,2,17,16,1,0,-3,-1,19,0,-1,10,10,1
26708,7.34,P,35,0,412,0,3,105,70,2,P,29,0,692,0,0,128,74,0,0,-6,0,280,0,-3,23,4,-2
26709,10.1,T,63,3,629,0,4,138,121,0,T,52,1,365,0,3,168,92,2,0,-11,-2,-264,0,-1,30,-29,2
26710,10.21,T,34,0,573,3,7,107,63,0,P,48,11,617,0,91,281,124,1,1,14,11,44,-3,84,174,61,1
26711,9.4,T,53,1,588,0,17,94,92,3,T,47,8,959,0,79,78,49,0,1,-6,7,371,0,62,-16,-43,-3
26712,9.58,T,92,0,423,0,40,225,173,7,Z,82,0,431,0,211,284,225,17,1,-10,0,8,0,171,59,52,10
26713,8.08,T,60,1,551,0,72,202,82,11,P,70,0,532,0,398,283,75,13,0,10,-1,-19,0,326,81,-7,2
26714,9.59,T,67,1,581,0,4,147,180,1,P,50,4,651,0,17,229,63,0,0,-17,3,70,0,13,82,-117,-1
26715,10.47,T,101,0,528,0,233,300,217,10,Z,104,10,758,0,52,277,385,6,1,3,10,230,0,-181,-23,168,-4
26716,4.42,P,27,0,200,0,299,185,61,6,P,23,2,264,0,23,116,44,0,0,-4,2,64,0,-276,-69,-17,-6
26717,9.59,Z,63,7,364,0,86,116,270,1,T,77,2,723,0,150,174,104,4,1,14,-5,359,0,64,58,-166,3
26718,10.39,P,89,1,671,0,290,182,152,7,Z,47,6,570,0,60,229,160,3,1,-42,5,-101,0,-230,47,8,-4
26719,9.59,Z,76,0,716,0,27,290,263,6,T,79,9,565,0,125,183,130,1,1,3,9,-151,0,98,-107,-133,-5
26720,8.52,P,91,0,609,0,66,349,123,9,T,84,1,498,0,124,318,139,6,1,-7,1,-111,0,58,-31,16,-3
26721,2.43,Z,13,0,78,0,0,51,49,1,P,10,0,121,0,1,74,16,1,0,-3,0,43,0,1,23,-33,0
26722,7.37,Z,43,0,273,13,95,231,227,7,Z,79,0,343,0,118,295,209,9,1,36,0,70,-13,23,64,-18,2
26723,9.59,T,43,0,941,0,1,95,75,1,Z,46,0,1385,0,0,174,195,0,1,3,0,444,0,-1,79,120,-1
26724,9.58,T,47,3,517,0,15,178,102,0,Z,59,0,402,0,7,201,168,5,1,12,-3,-115,0,-8,23,66,5
26725,4.19,Z,26,0,97,0,14,45,83,2,T,15,3,289,0,6,32,33,4,0,-11,3,192,0,-8,-13,-50,2
26726,7.08,Z,53,4,143,0,232,173,155,11,P,71,5,248,1,135,247,164,3,0,18,1,105,1,-97,74,9,-8
26727,9.59,T,44,2,537,0,11,218,141,0,T,57,0,1731,0,0,156,137,1,1,13,-2,1194,0,-11,-62,-4,1
26728,9.58,Z,73,1,925,0,204,203,344,6,T,84,3,384,0,617,115,140,8,0,11,2,-541,0,413,-88,-204,2
26729,10.41,P,68,0,569,0,22,199,81,4,P,60,3,465,0,22,229,91,10,0,-8,3,-104,0,0,30,10,6
26730,6.36,P,22,0,185,0,0,32,55,2,P,23,0,166,0,4,21,32,2,1,1,0,-19,0,4,-11,-23,0
26731,9.55,P,45,0,538,0,13,183,63,3,Z,68,2,723,0,65,127,218,1,1,23,2,185,0,52,-56,155,-2
26732,9.35,T,53,0,446,0,2,30,93,1,Z,46,2,742,0,30,82,178,0,1,-7,2,296,0,28,52,85,-1
26733,9.41,Z,71,2,1128,0,44,123,156,13,Z,73,2,570,0,56,98,178,6,1,2,0,-558,0,12,-25,22,-7
26734,9.58,Z,53,2,305,0,20,50,163,0,T,48,4,418,0,22,95,61,0,1,-5,2,113,0,2,45,-102,0
26735,9.59,Z,64,5,525,0,401,268,194,9,T,89,0,442,0,109,333,296,11,0,25,-5,-83,0,-292,65,102,2
26736,9.59,P,40,0,590,0,0,283,89,0,P,24,0,582,0,4,236,47,1,0,-16,0,-8,0,4,-47,-42,1
26737,5.15,P,24,0,196,0,43,81,43,6,P,26,0,475,0,29,121,31,8,0,2,0,279,0,-14,40,-12,2
26738,7.06,T,66,0,595,0,527,112,154,6,Z,44,1,438,0,319,161,138,9,0,-22,1,-157,0,-208,49,-16,3
26739,10.25,T,108,0,646,0,124,276,141,13,Z,50,3,846,0,48,166,184,0,0,-58,3,200,0,-76,-110,43,-13
26740,4.4,P,39,1,127,0,244,128,44,5,T,51,1,171,0,83,109,47,12,0,12,0,44,0,-161,-19,3,7
26741,9.59,Z,63,0,207,0,26,188,273,8,T,87,3,1028,0,161,208,245,12,0,24,3,821,0,135,20,-28,4
26742,2.08,Z,12,1,58,0,8,23,29,0,Z,9,0,25,0,24,20,45,4,0,-3,-1,-33,0,16,-3,16,4
26743,8.36,T,52,6,651,0,6,15,60,1,P,29,0,773,0,0,83,49,0,1,-23,-6,122,0,-6,68,-11,-1
26744,4.12,T,36,1,183,0,108,59,76,4,T,22,2,322,0,95,37,40,0,0,-14,1,139,0,-13,-22,-36,-4
26745,5.35,T,29,0,329,0,7,68,63,6,Z,27,6,110,0,213,62,111,10,0,-2,6,-219,0,206,-6,48,4
26746,9.58,T,103,0,574,0,37,307,197,4,T,77,0,397,0,556,284,179,19,1,-26,0,-177,0,519,-23,-18,15
26747,5.03,Z,34,0,319,0,17,70,117,2,T,40,1,427,0,50,238,71,1,0,6,1,108,0,33,168,-46,-1
26748,9.59,Z,97,0,395,0,85,182,233,4,P,63,0,422,0,938,177,178,18,0,-34,0,27,0,853,-5,-55,14
26749,10.35,T,48,3,1198,0,38,32,72,0,T,64,0,826,0,22,184,186,5,1,16,-3,-372,0,-16,152,114,5
26750,9.59,T,118,0,388,0,250,388,235,15,Z,55,9,969,0,118,197,199,14,1,-63,9,581,0,-132,-191,-36,-1
26751,9.59,Z,94,10,660,0,116,177,258,3,T,115,0,485,0,569,193,159,8,1,21,-10,-175,0,453,16,-99,5
26752,9.59,T,115,13,527,0,216,272,114,14,Z,79,23,574,0,538,157,260,8,1,-36,10,47,0,322,-115,146,-6
26753,5.27,P,17,1,172,0,0,26,26,0,T,4,0,78,0,0,8,6,0,0,-13,-1,-94,0,0,-18,-20,0
26754,4.24,Z,17,0,140,0,15,42,44,3,Z,19,2,126,0,16,80,37,1,1,2,2,-14,0,1,38,-7,-2
26755,3.56,Z,17,0,264,3,68,132,90,1,P,18,3,257,0,163,50,113,2,1,1,3,-7,-3,95,-82,23,1
26756,10.46,Z,45,0,412,0,0,128,195,0,P,35,0,494,0,16,202,61,3,0,-10,0,82,0,16,74,-134,3
26757,7.39,Z,60,0,673,0,275,128,166,4,P,61,3,298,0,246,220,56,8,0,1,3,-375,0,-29,92,-110,4
26758,6.23,Z,40,0,298,6,34,128,171,3,P,42,0,140,0,19,172,142,4,1,2,0,-158,-6,-15,44,-29,1
26759,9.59,Z,53,0,353,0,174,159,368,7,T,89,4,437,0,449,322,95,3,0,36,4,84,0,275,163,-273,-4
26760,10.59,Z,168,6,646,0,249,317,499,9,T,88,5,644,0,29,167,127,0,0,-80,-1,-2,0,-220,-150,-372,-9
26761,8.36,T,64,5,404,0,101,258,188,0,T,104,4,387,0,762,225,201,15,1,40,-1,-17,0,661,-33,13,15
26762,4.35,Z,28,1,155,0,18,64,98,5,T,43,0,116,0,583,136,126,4,0,15,-1,-39,0,565,72,28,-1
26763,3.47,Z,14,0,57,0,3,9,44,1,P,12,0,244,0,11,57,28,2,0,-2,0,187,0,8,48,-16,1
26764,6.4,T,21,0,299,0,0,21,36,1,P,10,0,91,0,0,15,12,0,0,-11,0,-208,0,0,-6,-24,-1
26765,6.16,P,40,0,558,0,36,230,34,2,Z,31,2,407,0,315,191,265,3,0,-9,2,-151,0,279,-39,231,1
26766,9.59,Z,69,0,624,0,488,226,178,13,T,90,1,215,0,93,210,151,3,1,21,1,-409,0,-395,-16,-27,-10
26767,7.3,P,39,8,568,11,400,183,101,1,P,56,4,527,0,254,219,99,9,1,17,-4,-41,-11,-146,36,-2,8
26768,2.3,T,6,0,150,0,19,54,16,7,P,10,0,75,0,0,24,16,0,0,4,0,-75,0,-19,-30,0,-7
26769,7.22,P,29,0,274,0,7,102,336,3,P,29,0,246,0,10,116,56,5,1,0,0,-28,0,3,14,-280,2
26770,9.17,P,59,1,566,0,92,228,147,7,T,77,0,904,0,753,217,127,10,0,18,-1,338,0,661,-11,-20,3
26771,7.44,T,45,0,396,0,17,168,88,8,T,60,0,430,0,697,129,117,9,1,15,0,34,0,680,-39,29,1
26772,10.12,P,67,0,586,0,163,208,138,17,P,48,1,934,0,22,202,66,10,1,-19,1,348,0,-141,-6,-72,-7
26773,6.38,Z,39,0,300,0,35,104,96,2,T,40,0,827,0,31,143,77,4,1,1,0,527,0,-4,39,-19,2
26774,7.24,T,52,0,224,0,367,118,135,12,T,56,2,338,2,572,156,169,1,0,4,2,114,2,205,38,34,-11
26775,8.18,P,30,13,704,0,20,133,130,0,Z,50,2,407,0,68,96,169,1,1,20,-11,-297,0,48,-37,39,1
26776,9.58,T,70,3,565,0,37,147,112,14,Z,57,3,266,0,33,103,196,9,0,-13,0,-299,0,-4,-44,84,-5
26777,6.04,P,23,0,138,0,0,19,28,2,T,39,2,288,0,45,39,36,2,1,16,2,150,0,45,20,8,0
26778,10.34,Z,81,3,731,0,245,374,293,12,P,120,3,849,3,300,349,167,6,1,39,0,118,3,55,-25,-126,-6
26779,10.37,Z,58,0,801,0,0,134,154,1,P,64,1,612,0,114,266,81,15,1,6,1,-189,0,114,132,-73,14
26780,5.12,Z,28,0,159,0,6,27,83,1,Z,26,0,158,0,0,43,117,1,0,-2,0,-1,0,-6,16,34,0
26781,4.07,P,17,1,196,0,14,56,17,3,Z,24,0,100,0,138,135,177,15,1,7,-1,-96,0,124,79,160,12
26782,2.16,P,12,0,57,0,113,79,33,3,Z,6,0,91,0,0,17,56,2,1,-6,0,34,0,-113,-62,23,-1
26783,3.1,Z,9,0,67,0,0,24,42,1,Z,12,2,95,0,101,19,114,3,1,3,2,28,0,101,-5,72,2
26784,2.25,T,11,0,166,0,173,53,54,2,T,11,0,152,0,113,16,50,1,1,0,0,-14,0,-60,-37,-4,-1
26785,8.1,P,31,0,571,4,30,93,52,0,Z,44,0,594,0,39,151,127,1,1,13,0,23,-4,9,58,75,1
26786,5.55,P,38,0,603,0,13,150,60,1,Z,22,4,282,0,25,121,88,0,0,-16,4,-321,0,12,-29,28,-1
26787,9.59,T,55,0,540,0,4,61,93,2,Z,43,6,88,0,60,78,157,0,1,-12,6,-452,0,56,17,64,-2
26788,9.25,Z,71,1,534,0,196,216,304,7,T,126,1,349,0,163,367,131,13,1,55,0,-185,0,-33,151,-173,6
26789,2.46,Z,8,2,39,0,350,53,90,0,Z,13,0,181,0,114,43,53,7,1,5,-2,142,0,-236,-10,-37,7
26790,8.13,Z,77,1,558,0,720,247,362,8,Z,75,6,544,0,74,196,187,3,1,-2,5,-14,0,-646,-51,-175,-5
26791,4.37,Z,17,3,215,0,18,60,42,1,P,35,0,168,0,140,151,86,8,1,18,-3,-47,0,122,91,44,7
26792,10.1,Z,55,1,431,0,23,165,242,1,Z,61,1,262,0,60,242,208,12,1,6,0,-169,0,37,77,-34,11
26793,9.59,Z,52,2,588,0,331,192,319,8,P,47,0,396,0,168,198,310,3,0,-5,-2,-192,0,-163,6,-9,-5
26794,9.57,T,82,0,845,0,11,167,87,8,T,108,0,553,0,655,299,124,7,0,26,0,-292,0,644,132,37,-1
26795,9.58,Z,52,1,436,0,89,249,295,7,T,61,1,843,0,41,227,77,4,0,9,0,407,0,-48,-22,-218,-3
26796,9.59,T,72,2,1317,0,37,157,97,6,Z,46,1,341,0,46,140,221,0,1,-26,-1,-976,0,9,-17,124,-6
26797,4.33,P,18,3,216,0,16,71,30,0,P,24,0,97,0,0,44,49,1,1,6,-3,-119,0,-16,-27,19,1
26798,6.5,T,63,3,382,0,135,126,141,9,Z,31,1,276,0,425,183,200,8,0,-32,-2,-106,0,290,57,59,-1
26799,3.45,P,20,0,256,0,208,200,91,5,T,26,0,301,24,106,34,61,0,1,6,0,45,24,-102,-166,-30,-5
26800,9.59,T,114,0,344,0,595,292,170,12,Z,80,7,501,0,64,365,294,16,0,-34,7,157,0,-531,73,124,4
26801,9.04,P,24,0,156,0,0,34,45,0,T,49,3,631,0,2,125,103,4,1,25,3,475,0,2,91,58,4
26802,9.58,T,71,7,735,0,1,192,167,0,P,39,1,498,0,9,169,61,2,0,-32,-6,-237,0,8,-23,-106,2
26803,6.46,Z,33,3,334,0,252,51,94,4,P,46,3,196,0,32,94,97,2,0,13,0,-138,0,-220,43,3,-2
26804,10.05,P,41,0,377,0,9,123,88,3,T,65,6,519,0,41,122,73,0,1,24,6,142,0,32,-1,-15,-3
26805,6.41,T,24,0,355,0,3,40,41,2,P,28,0,572,0,0,24,35,0,1,4,0,217,0,-3,-16,-6,-2
26806,10.19,Z,57,2,523,0,50,253,364,3,T,87,0,676,0,45,149,153,14,1,30,-2,153,0,-5,-104,-211,11
26807,9.59,T,154,3,547,0,385,358,178,9,Z,108,0,563,24,271,379,362,3,1,-46,-3,16,24,-114,21,184,-6
26808,10.08,P,79,17,513,0,18,201,96,0,Z,64,0,276,0,171,213,242,7,0,-15,-17,-237,0,153,12,146,7
26809,5.27,P,36,0,336,0,16,129,84,4,P,22,1,269,1,3,74,51,0,0,-14,1,-67,1,-13,-55,-33,-4
26810,9.59,T,41,0,323,0,4,130,60,3,Z,58,0,1041,0,2,116,181,14,1,17,0,718,0,-2,-14,121,11
26811,9.58,T,92,2,638,0,308,158,103,4,Z,40,2,711,0,30,66,166,1,0,-52,0,73,0,-278,-92,63,-3
26812,6.5,P,23,0,528,0,7,28,39,1,T,39,0,533,0,3,22,43,0,1,16,0,5,0,-4,-6,4,-1
26813,9.53,P,51,4,655,0,26,62,52,0,T,54,0,968,0,0,139,142,0,1,3,-4,313,0,-26,77,90,0
26814,5.46,T,49,0,391,0,26,93,157,2,P,30,2,307,0,46,118,75,1,0,-19,2,-84,0,20,25,-82,-1
26815,4.01,T,16,2,85,0,30,101,28,2,Z,12,0,206,0,15,120,53,2,1,-4,-2,121,0,-15,19,25,0
26816,10.53,Z,65,3,373,0,43,239,236,0,P,48,0,800,0,1,163,99,3,0,-17,-3,427,0,-42,-76,-137,3
26817,9.53,Z,54,2,572,0,33,162,154,0,P,60,0,707,0,24,231,176,17,0,6,-2,135,0,-9,69,22,17
26818,7.22,P,48,7,508,0,214,223,138,5,P,48,0,431,0,204,238,114,7,1,0,-7,-77,0,-10,15,-24,2
26819,9.59,P,38,0,613,0,1,169,64,0,P,51,1,815,0,24,152,48,0,1,13,1,202,0,23,-17,-16,0
26820,9.53,T,43,4,810,0,2,51,73,0,Z,53,0,403,0,25,55,172,2,0,10,-4,-407,0,23,4,99,2
26821,8.35,Z,40,6,374,1,40,105,139,0,P,45,0,404,0,204,147,67,5,0,5,-6,30,-1,164,42,-72,5
26822,3.34,P,21,0,127,0,25,106,21,2,Z,15,0,82,0,19,67,116,1,1,-6,0,-45,0,-6,-39,95,-1
26823,9.59,T,145,4,515,0,617,215,195,6,Z,104,5,429,0,328,328,437,6,1,-41,1,-86,0,-289,113,242,0
26824,9.59,P,64,6,327,0,54,334,300,7,T,89,0,455,0,120,243,182,6,0,25,-6,128,0,66,-91,-118,-1
26825,6.36,T,41,6,468,0,115,136,114,7,P,71,0,382,0,74,226,59,10,1,30,-6,-86,0,-41,90,-55,3
26826,9.59,T,66,0,560,0,12,59,113,6,T,51,0,589,0,21,169,106,7,0,-15,0,29,0,9,110,-7,1
26827,9.59,T,82,4,726,0,33,111,142,11,T,52,3,359,0,8,201,75,3,0,-30,-1,-367,0,-25,90,-67,-8
26828,0.17,Z,1,0,37,0,0,4,14,0,T,2,0,1,0,5,15,16,8,1,1,0,-36,0,5,11,2,8
26829,9.59,Z,53,0,556,0,39,176,204,17,T,89,0,1055,0,79,349,194,8,0,36,0,499,0,40,173,-10,-9
26830,8.27,P,67,0,392,0,45,238,111,6,Z,55,7,410,0,240,220,163,8,0,-12,7,18,0,195,-18,52,2
26831,6.04,Z,21,2,396,1,34,59,70,6,P,24,0,124,0,6,34,37,3,1,3,-2,-272,-1,-28,-25,-33,-3
26832,9.58,T,39,0,305,0,1,32,53,2,T,36,0,1073,0,0,70,71,0,0,-3,0,768,0,-1,38,18,-2
26833,8.4,Z,67,2,353,0,523,114,180,7,T,84,4,484,0,194,157,128,14,1,17,2,131,0,-329,43,-52,7
26834,4.46,T,28,0,179,0,17,78,28,4,T,26,0,129,0,4,72,56,2,1,-2,0,-50,0,-13,-6,28,-2
26835,7.51,Z,52,0,460,0,34,79,159,3,T,66,0,532,0,51,95,95,6,1,14,0,72,0,17,16,-64,3
26836,8.12,Z,53,0,244,0,25,158,157,8,T,70,4,331,0,257,199,193,9,1,17,4,87,0,232,41,36,1
26837,7.34,Z,31,6,451,0,37,189,102,4,P,37,0,401,0,16,47,38,4,0,6,-6,-50,0,-21,-142,-64,0
26838,9.35,Z,41,0,595,0,31,51,169,4,P,48,0,1011,0,19,62,41,4,0,7,0,416,0,-12,11,-128,0
26839,7.42,P,48,0,695,0,18,120,77,6,Z,48,0,309,0,160,137,224,5,0,0,0,-386,0,142,17,147,-1
26840,5.37,T,35,0,220,0,2,159,86,2,T,45,0,190,0,8,158,40,2,1,10,0,-30,0,6,-1,-46,0
26841,10.02,T,58,0,614,0,0,129,118,0,P,50,3,574,0,11,200,68,6,0,-8,3,-40,0,11,71,-50,6
26842,9.08,T,98,5,392,0,32,290,120,5,P,56,0,681,0,124,233,96,4,1,-42,-5,289,0,92,-57,-24,-1
26843,9.58,T,58,5,766,0,36,91,84,0,T,69,0,335,0,24,204,106,10,0,11,-5,-431,0,-12,113,22,10
26844,3.42,T,10,3,414,0,7,38,31,0,T,15,4,152,0,0,55,46,0,0,5,1,-262,0,-7,17,15,0
26845,7.07,Z,22,0,155,0,0,46,62,0,T,56,4,216,0,32,138,103,2,1,34,4,61,0,32,92,41,2
26846,10.21,Z,138,2,534,24,254,324,480,15,P,125,7,472,0,701,439,174,15,1,-13,5,-62,-24,447,115,-306,0
26847,6.51,P,47,5,440,0,12,267,115,0,T,58,0,596,0,450,176,182,11,1,11,-5,156,0,438,-91,67,11
26848,4.48,Z,28,0,199,0,158,74,246,0,T,24,0,460,0,4,146,87,2,1,-4,0,261,0,-154,72,-159,2
26849,9.59,T,67,12,387,0,551,204,175,4,P,85,0,465,0,20,239,287,1,1,18,-12,78,0,-531,35,112,-3
26850,9.59,T,60,0,649,0,0,307,176,2,T,54,0,250,0,2,147,90,4,1,-6,0,-399,0,2,-160,-86,2
26851,5.24,P,28,1,418,0,25,113,27,2,Z,33,2,249,0,92,276,140,0,0,5,1,-169,0,67,163,113,-2
26852,5.14,T,20,0,334,0,4,55,29,3,T,21,0,212,0,0,39,51,0,1,1,0,-122,0,-4,-16,22,-3
26853,9.59,T,64,0,677,0,7,135,220,4,T,81,1,714,0,18,30,89,3,0,17,1,37,0,11,-105,-131,-1
26854,10.45,Z,112,4,658,0,203,271,245,22,T,138,0,809,0,217,470,127,28,0,26,-4,151,0,14,199,-118,6
26855,2.52,Z,13,1,131,0,119,60,155,2,Z,13,0,237,0,162,54,135,5,1,0,-1,106,0,43,-6,-20,3
26856,5.08,T,35,4,204,0,366,88,126,2,P,43,0,185,0,456,298,43,12,0,8,-4,-19,0,90,210,-83,10
26857,4.06,Z,20,2,139,0,104,86,137,1,P,21,0,307,0,284,140,118,5,1,1,-2,168,0,180,54,-19,4
26858,1.44,Z,10,0,104,0,40,70,57,1,P,5,0,61,0,0,34,4,0,0,-5,0,-43,0,-40,-36,-53,-1
26859,9.21,T,67,0,236,0,772,189,84,13,T,68,4,616,0,66,247,204,6,1,1,4,380,0,-706,58,120,-7
26860,9.59,P,52,2,417,0,32,183,70,1,Z,64,12,361,0,207,248,463,1,1,12,10,-56,0,175,65,393,0
26861,4.27,Z,22,0,114,0,7,26,94,4,T,22,0,314,0,0,45,55,1,1,0,0,200,0,-7,19,-39,-3
26862,6.41,Z,30,0,189,0,11,110,125,2,Z,34,6,615,0,234,87,179,1,1,4,6,426,0,223,-23,54,-1
26863,9.57,T,66,3,565,0,34,317,78,1,Z,47,1,310,0,50,82,149,0,0,-19,-2,-255,0,16,-235,71,-1
26864,7.26,Z,40,0,313,0,54,93,138,2,P,30,0,519,0,0,85,61,0,0,-10,0,206,0,-54,-8,-77,-2
26865,5.33,P,52,0,446,0,337,186,67,11,Z,47,0,410,0,82,140,136,17,1,-5,0,-36,0,-255,-46,69,6
26866,4.1,P,18,2,149,0,222,164,57,3,Z,24,0,128,0,18,64,97,2,0,6,-2,-21,0,-204,-100,40,-1
26867,3.47,P,17,0,263,0,2,177,30,1,Z,9,0,177,0,4,118,55,1,1,-8,0,-86,0,2,-59,25,0
26868,9.59,Z,80,0,466,18,767,306,400,6,T,99,11,866,0,359,264,132,5,1,19,11,400,-18,-408,-42,-268,-1
26869,8.02,T,98,6,392,0,489,154,156,4,Z,50,4,372,0,445,114,157,10,0,-48,-2,-20,0,-44,-40,1,6
26870,4.36,P,20,0,220,0,8,37,30,3,P,31,0,259,0,152,157,102,5,0,11,0,39,0,144,120,72,2
26871,3.52,P,18,2,61,0,84,88,24,0,P,8,0,256,0,0,23,9,1,1,-10,-2,195,0,-84,-65,-15,1
26872,7.25,Z,35,0,405,0,7,99,132,2,P,13,0,176,0,0,25,15,0,0,-22,0,-229,0,-7,-74,-117,-2
26873,9.59,T,78,0,712,0,65,119,115,5,Z,63,1,433,0,80,222,316,3,0,-15,1,-279,0,15,103,201,-2
26874,5.08,P,28,1,163,0,128,75,30,2,T,31,0,606,0,18,45,53,6,1,3,-1,443,0,-110,-30,23,4
26875,4.11,T,18,0,174,0,19,169,46,7,T,17,0,267,0,68,159,45,7,1,-1,0,93,0,49,-10,-1,0
26876,9.58,Z,48,2,188,0,226,140,338,0,P,51,0,370,0,0,131,90,0,1,3,-2,182,0,-226,-9,-248,0
26877,8.43,Z,57,6,245,0,215,172,152,7,T,81,6,590,0,295,263,116,0,0,24,0,345,0,80,91,-36,-7
26878,9.59,Z,59,0,477,0,19,209,206,5,Z,64,5,430,0,294,184,252,0,0,5,5,-47,0,275,-25,46,-5
26879,10.21,P,83,0,914,0,51,397,224,8,T,89,0,494,0,45,267,190,11,0,6,0,-420,0,-6,-130,-34,3
26880,5.45,P,23,0,289,0,0,130,47,0,T,30,3,395,0,200,149,137,2,1,7,3,106,0,200,19,90,2
26881,9.58,T,52,1,541,0,9,66,65,5,T,57,0,588,0,3,223,81,1,1,5,-1,47,0,-6,157,16,-4
26882,6.4,P,46,3,287,0,61,156,57,2,T,56,10,476,0,205,101,85,0,0,10,7,189,0,144,-55,28,-2
26883,9.58,T,74,3,693,0,40,134,115,0,P,49,8,239,0,235,113,58,3,1,-25,5,-454,0,195,-21,-57,3
26884,7.41,T,42,3,569,0,15,101,44,1,P,25,0,265,0,0,64,50,0,0,-17,-3,-304,0,-15,-37,6,-1
26885,9.59,T,77,0,465,0,647,159,136,10,T,82,2,423,1,243,328,147,5,1,5,2,-42,1,-404,169,11,-5
26886,9.59,Z,76,4,854,0,68,160,212,4,T,77,0,420,0,255,162,197,7,0,1,-4,-434,0,187,2,-15,3
26887,9.58,Z,41,1,738,0,66,215,257,3,T,68,8,848,0,85,199,140,1,0,27,7,110,0,19,-16,-117,-2
26888,9.47,T,63,0,774,0,23,270,116,6,Z,55,2,523,0,38,120,167,4,1,-8,2,-251,0,15,-150,51,-2
26889,2.53,T,9,7,117,0,7,26,17,1,Z,14,0,74,0,13,27,42,6,1,5,-7,-43,0,6,1,25,5
26890,3.29,T,17,1,112,0,237,94,136,2,P,22,0,193,8,317,80,78,0,0,5,-1,81,8,80,-14,-58,-2
26891,9.35,T,67,0,943,0,4,178,112,3,T,52,0,267,0,4,114,92,2,1,-15,0,-676,0,0,-64,-20,-1
26892,8.04,Z,50,10,375,0,480,184,252,4,P,64,2,392,0,74,319,142,8,1,14,-8,17,0,-406,135,-110,4
26893,5.13,Z,35,0,253,0,94,219,179,4,T,23,0,358,0,0,28,37,1,0,-12,0,105,0,-94,-191,-142,-3
26894,7.03,P,58,0,390,0,146,236,65,9,Z,62,0,448,0,324,193,175,17,1,4,0,58,0,178,-43,110,8
26895,4.54,T,21,3,133,0,12,37,36,3,P,17,0,161,0,0,34,16,1,0,-4,-3,28,0,-12,-3,-20,-2
26896,6.09,Z,39,0,178,0,80,162,177,2,Z,36,1,303,0,21,84,140,4,0,-3,1,125,0,-59,-78,-37,2
26897,8.42,Z,26,7,528,0,39,210,126,7,T,29,0,313,0,0,125,55,0,1,3,-7,-215,0,-39,-85,-71,-7
26898,6.26,T,47,5,405,0,406,71,86,6,P,60,1,335,0,22,169,85,7,0,13,-4,-70,0,-384,98,-1,1
26899,10.4,P,52,0,559,0,81,308,146,1,Z,107,0,370,0,94,407,175,9,1,55,0,-189,0,13,99,29,8
26900,10.52,T,91,8,433,0,305,167,177,1,Z,95,0,373,0,99,89,227,3,1,4,-8,-60,0,-206,-78,50,2
26901,9.59,T,118,10,454,0,165,385,178,14,Z,82,8,580,0,151,320,296,8,0,-36,-2,126,0,-14,-65,118,-6
26902,6.48,T,39,0,167,0,11,40,62,3,P,34,3,186,0,52,142,84,10,1,-5,3,19,0,41,102,22,7
26903,9.59,T,54,3,970,0,9,371,134,0,T,38,0,279,0,0,185,85,1,1,-16,-3,-691,0,-9,-186,-49,1
26904,6.11,P,26,0,141,0,0,60,47,0,T,30,2,308,0,20,48,53,1,1,4,2,167,0,20,-12,6,1
26905,9.59,P,45,0,491,0,13,48,49,4,P,43,0,555,0,164,254,138,3,0,-2,0,64,0,151,206,89,-1
26906,4.49,P,47,0,244,0,177,174,132,3,T,44,0,469,0,507,69,180,12,0,-3,0,225,0,330,-105,48,9
26907,9.59,Z,77,3,266,0,28,180,265,2,Z,81,0,451,0,45,256,284,1,1,4,-3,185,0,17,76,19,-1
26908,9.58,P,56,4,905,0,64,212,107,2,P,55,10,253,0,214,129,58,7,1,-1,6,-652,0,150,-83,-49,5
26909,3.09,Z,12,2,212,0,23,56,46,0,P,13,3,127,0,31,68,17,1,0,1,1,-85,0,8,12,-29,1
26910,9.59,T,76,0,582,0,248,253,122,13,T,84,0,795,0,394,138,110,11,0,8,0,213,0,146,-115,-12,-2
26911,4.58,T,25,0,104,0,2,43,49,3,T,32,0,283,0,88,92,31,5,0,7,0,179,0,86,49,-18,2
26912,9.59,P,48,0,814,0,24,214,91,4,Z,52,4,753,0,46,271,218,2,1,4,4,-61,0,22,57,127,-2
26913,6.1,Z,31,0,182,0,37,206,100,7,T,32,0,357,0,0,132,49,1,1,1,0,175,0,-37,-74,-51,-6
26914,9.59,T,87,0,678,0,23,105,236,4,Z,64,1,481,0,207,299,414,4,0,-23,1,-197,0,184,194,178,0
26915,9.57,Z,58,0,373,0,0,43,161,0,T,62,3,383,0,6,114,90,0,1,4,3,10,0,6,71,-71,0
26916,4.15,T,29,1,152,0,199,79,47,3,P,22,4,139,0,92,97,114,0,0,-7,3,-13,0,-107,18,67,-3
26917,5.11,P,23,3,473,0,6,178,62,0,P,25,0,149,0,3,89,41,1,1,2,-3,-324,0,-3,-89,-21,1
26918,4.15,P,21,0,258,0,8,67,26,1,Z,11,5,129,0,8,26,45,0,1,-10,5,-129,0,0,-41,19,-1
26919,8.43,Z,64,3,332,0,72,183,220,0,Z,56,0,386,0,52,166,209,8,0,-8,-3,54,0,-20,-17,-11,8
26920,2.26,Z,13,1,49,0,70,56,62,3,Z,4,2,24,0,27,16,28,3,0,-9,1,-25,0,-43,-40,-34,0
26921,9.59,T,124,12,510,0,945,233,146,10,T,93,1,340,0,349,228,302,7,1,-31,-11,-170,0,-596,-5,156,-3
26922,3.39,T,23,3,138,0,0,43,194,0,T,20,2,155,0,252,32,83,2,0,-3,-1,17,0,252,-11,-111,2
26923,3.02,Z,9,0,148,0,302,51,63,3,P,13,0,176,0,7,66,11,1,1,4,0,28,0,-295,15,-52,-2
26924,9.14,Z,59,0,284,0,4,143,267,1,T,101,0,438,18,636,281,153,1,1,42,0,154,18,632,138,-114,0
26925,4.24,T,35,4,210,0,471,170,57,4,T,24,4,83,0,174,54,23,1,0,-11,0,-127,0,-297,-116,-34,-3
26926,8.16,Z,52,0,610,0,45,91,154,5,T,80,4,522,0,124,265,149,4,1,28,4,-88,0,79,174,-5,-1
26927,9.59,Z,61,0,190,0,47,381,232,10,T,85,6,426,0,721,164,246,6,1,24,6,236,0,674,-217,14,-4
26928,5.23,P,41,3,261,0,89,133,60,1,Z,29,1,529,0,37,336,116,2,0,-12,-2,268,0,-52,203,56,1
26929,5.57,Z,36,2,202,0,145,155,150,7,P,36,0,267,0,269,63,72,10,1,0,-2,65,0,124,-92,-78,3
26930,9.59,P,41,0,509,0,0,66,119,0,T,50,0,404,0,11,257,79,5,1,9,0,-105,0,11,191,-40,5
26931,3.42,T,15,0,178,0,266,58,44,5,T,18,0,92,0,398,32,62,4,0,3,0,-86,0,132,-26,18,-1
26932,9.55,P,28,8,633,0,23,101,55,4,P,38,0,662,0,0,63,77,0,0,10,-8,29,0,-23,-38,22,-4
26933,9.59,T,79,0,402,0,33,155,150,15,T,84,6,566,3,73,206,108,1,0,5,6,164,3,40,51,-42,-14
26934,9.59,Z,41,0,310,0,33,59,149,2,Z,73,6,624,0,19,252,199,0,1,32,6,314,0,-14,193,50,-2
26935,10.33,P,60,3,559,0,16,126,134,1,Z,54,0,495,0,19,152,177,3,0,-6,-3,-64,0,3,26,43,2
26936,6.42,T,67,3,476,0,213,189,73,9,Z,47,0,483,0,85,174,156,4,0,-20,-3,7,0,-128,-15,83,-5
26937,9.59,P,64,0,703,0,142,203,194,6,T,90,3,490,0,378,230,206,6,1,26,3,-213,0,236,27,12,0
26938,2.4,T,8,0,97,0,8,34,15,1,Z,9,0,85,0,234,25,82,9,1,1,0,-12,0,226,-9,67,8
26939,0.23,Z,0,0,35,0,0,3,6,0,P,1,0,10,0,0,0,1,0,0,1,0,-25,0,0,-3,-5,0
26940,8.05,P,68,1,453,0,142,159,102,8,Z,49,5,682,0,21,239,169,0,0,-19,4,229,0,-121,80,67,-8
26941,5.01,Z,32,3,233,0,159,93,93,5,Z,31,3,107,0,31,86,97,2,0,-1,0,-126,0,-128,-7,4,-3
26942,9.56,T,84,6,439,0,167,156,130,12,T,85,6,676,0,539,246,118,11,1,1,0,237,0,372,90,-12,-1
26943,2.51,T,5,0,247,0,0,4,6,0,T,9,0,131,0,0,50,15,0,1,4,0,-116,0,0,46,9,0
26944,9.59,T,97,3,369,0,27,156,247,9,T,83,5,728,0,224,178,119,5,0,-14,2,359,0,197,22,-128,-4
26945,9.58,T,53,3,522,0,3,58,94,0,Z,40,7,268,0,86,155,235,0,0,-13,4,-254,0,83,97,141,0
26946,4.16,Z,25,1,220,0,4,30,69,0,T,23,0,263,0,0,73,120,4,1,-2,-1,43,0,-4,43,51,4
26947,9.58,T,64,6,981,0,11,203,196,2,P,52,5,518,0,22,223,75,0,0,-12,-1,-463,0,11,20,-121,-2
26948,9.57,T,30,0,577,0,0,25,56,0,T,41,0,403,0,1,30,63,1,0,11,0,-174,0,1,5,7,1
26949,6.55,P,37,0,260,0,28,123,56,7,Z,43,1,228,0,18,150,130,2,0,6,1,-32,0,-10,27,74,-5
26950,9.59,P,63,0,990,0,246,194,221,5,Z,65,0,665,0,50,78,237,11,1,2,0,-325,0,-196,-116,16,6
26951,4.17,P,21,2,489,0,13,74,33,1,P,26,0,191,0,323,204,118,7,1,5,-2,-298,0,310,130,85,6
26952,9.59,T,54,3,612,0,56,273,130,0,P,47,4,619,0,74,352,124,0,1,-7,1,7,0,18,79,-6,0
26953,1.3,P,8,0,13,0,2,8,5,1,T,10,0,63,0,47,12,31,0,0,2,0,50,0,45,4,26,-1
26954,3.11,Z,15,0,55,0,296,47,234,2,T,17,0,307,0,5,72,78,4,0,2,0,252,0,-291,25,-156,2
26955,7.55,Z,43,0,672,0,11,142,154,3,T,54,0,527,0,0,241,64,0,0,11,0,-145,0,-11,99,-90,-3
26956,10.55,P,63,0,259,0,31,168,137,2,P,41,2,641,0,34,172,50,1,1,-22,2,382,0,3,4,-87,-1
26957,8.01,Z,49,1,573,0,121,309,247,6,Z,32,9,477,0,409,522,200,0,0,-17,8,-96,0,288,213,-47,-6
26958,4.59,P,26,5,94,0,12,76,46,1,T,36,4,148,0,38,147,116,2,0,10,-1,54,0,26,71,70,1
26959,9.59,Z,61,1,457,0,25,43,155,1,T,51,0,569,0,98,118,99,5,0,-10,-1,112,0,73,75,-56,4
26960,3.09,T,14,0,147,0,0,35,35,2,T,7,0,227,0,0,81,18,0,1,-7,0,80,0,0,46,-17,-2
26961,9.59,P,59,0,596,0,9,151,73,2,Z,40,0,598,0,7,127,146,1,0,-19,0,2,0,-2,-24,73,-1
26962,7.26,T,55,4,241,0,164,88,279,5,P,40,2,428,0,12,92,53,0,1,-15,-2,187,0,-152,4,-226,-5
26963,3.5,P,20,2,169,0,5,86,28,0,T,20,0,360,0,0,43,73,2,0,0,-2,191,0,-5,-43,45,2
26964,6.19,Z,24,0,162,0,14,35,81,2,Z,20,0,109,0,1,35,67,1,1,-4,0,-53,0,-13,0,-14,-1
26965,8.49,T,79,0,389,0,32,280,205,5,P,86,0,638,0,302,238,103,10,1,7,0,249,0,270,-42,-102,5
26966,9.59,T,69,0,1046,0,3,307,179,10,T,83,4,472,0,73,159,85,1,1,14,4,-574,0,70,-148,-94,-9
26967,5.4,Z,39,2,168,1,122,178,161,7,P,37,0,231,0,24,70,38,4,0,-2,-2,63,-1,-98,-108,-123,-3
26968,9.59,T,42,0,367,0,0,102,81,4,T,59,8,679,0,19,136,79,0,1,17,8,312,0,19,34,-2,-4
26969,9.58,P,32,4,368,0,14,180,40,1,T,37,5,492,0,16,58,44,0,1,5,1,124,0,2,-122,4,-1
26970,2.5,Z,9,0,153,0,63,43,76,5,P,10,0,182,0,26,69,27,6,1,1,0,29,0,-37,26,-49,1
26971,9.59,T,84,4,750,0,84,290,134,10,P,61,0,422,0,6,150,68,2,1,-23,-4,-328,0,-78,-140,-66,-8
26972,10.19,Z,62,4,764,0,528,297,430,8,Z,79,1,527,0,60,219,255,3,0,17,-3,-237,0,-468,-78,-175,-5
26973,8.31,Z,55,4,489,0,281,103,362,1,Z,57,2,135,0,95,144,256,1,0,2,-2,-354,0,-186,41,-106,0
26974,1.16,T,4,0,55,0,0,26,12,3,T,4,0,52,0,5,24,7,1,0,0,0,-3,0,5,-2,-5,-2
26975,9.59,T,105,0,485,0,62,206,144,7,Z,83,0,518,43,312,367,429,5,0,-22,0,33,43,250,161,285,-2
26976,5.44,T,35,0,262,0,18,18,26,4,P,21,0,474,0,0,31,37,0,1,-14,0,212,0,-18,13,11,-4
26977,5.51,T,27,0,390,0,18,41,34,3,P,32,6,146,0,143,115,37,0,1,5,6,-244,0,125,74,3,-3
26978,9.24,T,52,0,412,0,2,41,67,1,Z,55,0,657,0,41,167,167,9,1,3,0,245,0,39,126,100,8
26979,3.31,P,11,0,129,0,2,31,21,1,P,12,2,148,0,1,25,30,0,0,1,2,19,0,-1,-6,9,-1
26980,4.13,T,19,0,247,0,4,63,33,4,Z,24,0,310,0,7,109,68,4,0,5,0,63,0,3,46,35,0
26981,1.4,P,7,0,111,0,12,30,8,3,T,4,1,60,0,104,8,30,2,1,-3,1,-51,0,92,-22,22,-1
26982,5.2,T,25,2,215,0,0,50,140,0,P,23,0,200,0,0,88,45,0,0,-2,-2,-15,0,0,38,-95,0
26983,9.59,Z,63,0,910,0,67,141,200,2,T,84,0,766,0,47,157,138,7,0,21,0,-144,0,-20,16,-62,5
26984,9.59,T,54,0,367,0,449,156,94,2,Z,54,4,358,0,633,76,417,2,1,0,4,-9,0,184,-80,323,0
26985,9.59,T,52,3,1022,0,22,97,96,0,T,54,2,711,0,22,34,73,3,0,2,-1,-311,0,0,-63,-23,3
26986,9.59,T,79,0,940,0,20,247,161,4,Z,73,0,340,0,81,251,236,14,0,-6,0,-600,0,61,4,75,10
26987,10.12,Z,22,0,508,0,0,38,96,0,P,63,0,414,0,15,210,71,9,1,41,0,-94,0,15,172,-25,9
26988,9.17,Z,46,0,488,0,127,169,187,4,P,53,0,585,0,10,132,75,3,0,7,0,97,0,-117,-37,-112,-1
26989,9.17,P,26,0,315,0,0,180,74,0,P,24,0,246,0,1,67,41,1,0,-2,0,-69,0,1,-113,-33,1
26990,7.19,T,36,5,322,0,3,41,59,0,Z,30,0,371,0,9,86,182,7,0,-6,-5,49,0,6,45,123,7
26991,9.58,Z,50,12,505,0,68,159,185,1,T,65,0,847,0,25,96,75,4,0,15,-12,342,0,-43,-63,-110,3
26992,8.51,Z,52,0,600,0,513,218,233,21,Z,68,15,351,0,199,315,351,5,1,16,15,-249,0,-314,97,118,-16
26993,6.22,Z,27,5,242,3,43,145,110,3,Z,44,5,311,0,416,210,137,12,1,17,0,69,-3,373,65,27,9
26994,7.09,P,58,5,548,0,410,108,140,5,T,59,5,526,0,772,136,91,3,0,1,0,-22,0,362,28,-49,-2
26995,8.4,T,64,8,447,2,55,114,139,0,Z,47,0,263,0,103,54,236,14,1,-17,-8,-184,-2,48,-60,97,14
26996,4.29,Z,28,0,213,0,156,106,174,4,T,41,0,185,0,359,137,124,5,0,13,0,-28,0,203,31,-50,1
26997,5.42,T,22,0,381,0,1,26,31,1,Z,25,5,154,0,312,42,179,3,0,3,5,-227,0,311,16,148,2
26998,9.59,T,87,3,600,0,75,357,111,5,Z,45,10,393,0,50,331,155,5,0,-42,7,-207,0,-25,-26,44,0
26999,7.08,P,28,0,163,0,2,142,39,3,Z,20,0,337,0,14,150,91,3,1,-8,0,174,0,12,8,52,0
27000,9.59,T,78,4,1102,0,45,288,122,3,P,69,0,840,0,119,257,175,9,1,-9,-4,-262,0,74,-31,53,6
27001,10.55,P,70,11,934,1,100,281,92,0,Z,106,11,629,0,633,160,262,5,1,36,0,-305,-1,533,-121,170,5
27002,9.59,P,66,0,474,0,60,316,163,8,T,86,0,601,0,194,199,161,10,1,20,0,127,0,134,-117,-2,2
27003,2.18,Z,9,2,36,0,232,51,100,4,T,7,0,46,0,165,47,19,12,1,-2,-2,10,0,-67,-4,-81,8
27004,9.28,T,72,0,392,0,139,136,175,11,P,70,0,403,15,116,95,139,1,1,-2,0,11,15,-23,-41,-36,-10
27005,5.41,T,45,0,255,0,388,168,96,4,Z,20,2,220,0,5,54,118,0,0,-25,2,-35,0,-383,-114,22,-4
27006,3.58,T,16,0,321,0,0,29,34,0,T,25,0,105,0,300,113,50,6,0,9,0,-216,0,300,84,16,6
27007,6.04,T,35,0,312,0,494,100,54,10,P,30,0,292,0,246,95,73,10,0,-5,0,-20,0,-248,-5,19,0
27008,8.38,T,78,0,405,0,196,201,111,2,T,66,5,514,4,356,210,148,2,0,-12,5,109,4,160,9,37,0
27009,9.03,T,48,0,511,0,9,35,55,3,Z,33,0,151,6,57,48,141,2,1,-15,0,-360,6,48,13,86,-1
27010,4.2,T,31,0,201,0,101,147,70,4,Z,19,2,300,0,297,46,61,0,0,-12,2,99,0,196,-101,-9,-4
27011,1.52,P,6,0,120,0,0,3,5,0,P,8,0,80,0,1,38,5,2,1,2,0,-40,0,1,35,0,2
27012,7.2,P,32,0,342,0,16,98,47,3,P,63,0,294,0,121,198,127,8,0,31,0,-48,0,105,100,80,5
27013,6.13,P,34,0,305,0,27,83,53,4,T,30,4,371,0,12,60,47,3,0,-4,4,66,0,-15,-23,-6,-1
27014,3.05,T,14,1,146,0,221,65,36,2,T,13,0,80,0,2,53,31,1,0,-1,-1,-66,0,-219,-12,-5,-1
27015,4.58,Z,40,5,211,0,225,126,131,5,Z,23,1,279,0,22,95,82,1,0,-17,-4,68,0,-203,-31,-49,-4
27016,9.59,T,138,2,426,0,764,266,186,23,T,82,0,347,0,596,227,227,25,0,-56,-2,-79,0,-168,-39,41,2
27017,3.37,P,16,0,131,0,0,79,46,0,P,15,0,54,0,5,55,73,0,1,-1,0,-77,0,5,-24,27,0
27018,9.58,P,54,0,212,0,14,159,75,11,T,92,4,896,0,341,268,131,2,0,38,4,684,0,327,109,56,-9
27019,4.52,P,28,0,186,0,7,77,81,4,P,28,0,479,0,85,150,34,7,1,0,0,293,0,78,73,-47,3
27020,7.52,Z,28,0,583,0,23,41,91,4,T,45,2,402,0,22,75,50,0,0,17,2,-181,0,-1,34,-41,-4
27021,9.59,P,46,1,380,0,19,120,70,4,T,61,0,785,0,39,153,140,6,0,15,-1,405,0,20,33,70,2
27022,5.13,T,33,4,262,2,372,163,276,1,P,30,0,280,0,17,91,47,6,1,-3,-4,18,-2,-355,-72,-229,5
27023,9.59,P,23,0,1157,0,0,356,39,0,T,50,0,525,0,0,106,76,0,1,27,0,-632,0,0,-250,37,0
27024,3.38,P,11,0,161,0,50,151,103,3,P,17,0,174,0,241,78,26,2,1,6,0,13,0,191,-73,-77,-1
27025,9.58,T,51,0,263,0,6,56,71,5,Z,33,0,879,0,46,169,139,1,1,-18,0,616,0,40,113,68,-4
27026,10.33,P,53,6,556,0,14,165,75,0,T,69,0,506,0,46,148,92,1,0,16,-6,-50,0,32,-17,17,1
27027,8.31,Z,42,4,347,0,16,198,120,0,Z,30,0,648,0,20,137,101,1,0,-12,-4,301,0,4,-61,-19,1
27028,9.59,P,65,0,473,0,216,231,156,12,T,53,1,393,0,7,209,123,3,0,-12,1,-80,0,-209,-22,-33,-9
27029,4.32,Z,20,0,313,0,25,33,61,3,Z,16,5,173,0,289,73,88,0,1,-4,5,-140,0,264,40,27,-3
27030,10.33,T,48,0,618,0,14,90,86,3,Z,62,0,964,0,0,332,219,0,1,14,0,346,0,-14,242,133,-3
27031,3.33,T,13,0,202,0,0,29,31,3,T,22,2,186,0,27,38,42,1,1,9,2,-16,0,27,9,11,-2
27032,6.57,P,36,0,155,0,15,30,39,4,T,54,1,301,0,76,131,102,3,1,18,1,146,0,61,101,63,-1
27033,9.58,Z,39,0,466,0,15,71,186,1,T,61,0,372,0,33,135,76,4,1,22,0,-94,0,18,64,-110,3
27034,6.08,P,41,0,206,0,507,184,61,15,Z,65,0,324,0,131,167,261,6,0,24,0,118,0,-376,-17,200,-9
27035,8.52,Z,45,3,1013,0,198,105,252,5,T,75,0,422,0,65,161,135,7,0,30,-3,-591,0,-133,56,-117,2
27036,10.04,Z,55,7,247,1,163,248,394,5,Z,74,0,711,0,72,128,204,2,1,19,-7,464,-1,-91,-120,-190,-3
27037,4.1,P,19,0,301,0,31,61,36,0,P,22,0,174,0,62,108,113,6,1,3,0,-127,0,31,47,77,6
27038,7.08,T,50,0,261,0,505,192,62,8,Z,28,4,284,0,18,113,164,1,0,-22,4,23,0,-487,-79,102,-7
27039,3.03,T,17,1,184,0,18,84,18,3,Z,11,0,223,0,23,71,40,3,1,-6,-1,39,0,5,-13,22,0
27040,8.3,Z,76,3,438,0,149,271,237,7,Z,37,0,456,7,238,176,191,2,0,-39,-3,18,7,89,-95,-46,-5
27041,9.58,T,51,0,592,0,0,94,92,0,T,73,15,723,0,53,132,105,2,0,22,15,131,0,53,38,13,2
27042,9.59,T,50,0,614,0,5,99,98,2,Z,66,12,656,1,384,182,307,4,1,16,12,42,1,379,83,209,2
27043,7.21,Z,30,1,352,0,13,156,141,0,T,71,3,383,0,431,155,111,10,1,41,2,31,0,418,-1,-30,10
27044,9.59,P,48,0,482,0,0,109,70,0,Z,67,2,488,0,41,270,184,6,1,19,2,6,0,41,161,114,6
27045,5.5,P,27,0,302,0,36,113,50,2,Z,25,0,564,0,34,121,85,4,1,-2,0,262,0,-2,8,35,2
27046,9.59,T,39,1,333,0,76,20,42,1,T,43,0,832,0,2,74,78,3,0,4,-1,499,0,-74,54,36,2
27047,3.12,T,12,0,183,0,0,44,24,0,Z,13,0,46,0,55,26,124,2,0,1,0,-137,0,55,-18,100,2
27048,8.5,Z,60,1,383,0,712,169,336,0,T,54,0,905,0,0,74,102,0,0,-6,-1,522,0,-712,-95,-234,0
27049,5.36,Z,39,4,214,0,107,130,86,4,Z,27,7,238,0,360,179,188,0,0,-12,3,24,0,253,49,102,-4
27050,5.42,P,22,0,147,0,0,55,39,0,P,29,2,304,0,17,175,60,4,0,7,2,157,0,17,120,21,4
27051,3.51,P,11,0,66,0,0,92,135,1,P,18,0,102,0,49,65,29,5,1,7,0,36,0,49,-27,-106,4
27052,9.49,P,41,0,780,0,10,354,88,1,Z,45,2,587,0,26,85,133,0,1,4,2,-193,0,16,-269,45,-1
27053,10.47,P,47,0,811,0,5,238,75,1,T,72,5,620,0,456,134,203,10,0,25,5,-191,0,451,-104,128,9
27054,8.22,Z,50,0,333,0,232,192,177,5,Z,38,0,374,0,44,117,271,2,0,-12,0,41,0,-188,-75,94,-3
27055,10.37,T,77,0,1040,0,80,250,155,7,T,85,0,657,0,20,306,136,7,0,8,0,-383,0,-60,56,-19,0
27056,9.52,Z,55,5,548,0,6,162,213,1,Z,48,3,745,0,13,101,157,0,1,-7,-2,197,0,7,-61,-56,-1
27057,4.07,P,22,0,176,0,286,48,111,5,T,11,0,292,0,0,108,12,0,0,-11,0,116,0,-286,60,-99,-5
27058,8.03,T,78,4,342,0,85,167,90,9,P,78,11,673,0,124,229,97,2,0,0,7,331,0,39,62,7,-7
27059,3,T,25,0,152,0,288,70,66,6,P,15,0,116,0,5,92,16,2,0,-10,0,-36,0,-283,22,-50,-4
27060,1.25,P,3,1,56,0,0,44,8,0,P,5,0,77,1,1,10,9,0,0,2,-1,21,1,1,-34,1,0
27061,7.2,T,71,0,321,0,510,264,84,10,P,66,5,312,1,83,203,85,7,0,-5,5,-9,1,-427,-61,1,-3
27062,5.54,Z,30,1,311,0,306,123,89,4,T,66,5,302,0,574,162,155,10,1,36,4,-9,0,268,39,66,6
27063,9.59,Z,61,4,289,0,64,100,210,2,T,89,0,721,0,36,211,180,3,1,28,-4,432,0,-28,111,-30,1
27064,7.24,P,35,0,674,0,1,94,58,0,T,66,0,366,0,114,176,105,35,1,31,0,-308,0,113,82,47,35
27065,6.01,Z,22,0,156,0,10,70,71,1,P,23,0,247,0,1,119,34,1,0,1,0,91,0,-9,49,-37,0
27066,7,Z,72,4,360,0,288,307,198,16,T,72,0,476,0,201,322,108,22,0,0,-4,116,0,-87,15,-90,6
27067,3.56,P,17,0,138,0,19,52,92,3,Z,13,2,157,0,10,26,36,0,0,-4,2,19,0,-9,-26,-56,-3
27068,4.33,T,23,1,205,0,468,54,125,8,Z,18,0,203,0,360,23,83,3,0,-5,-1,-2,0,-108,-31,-42,-5
27069,6.54,Z,33,0,276,0,111,117,205,5,T,62,3,519,0,56,106,73,1,1,29,3,243,0,-55,-11,-132,-4
27070,2.14,Z,9,0,24,0,230,13,24,3,Z,10,0,50,0,6,5,16,2,1,1,0,26,0,-224,-8,-8,-1
27071,9.4,P,54,2,507,0,21,282,206,4,P,28,0,482,0,0,246,86,2,0,-26,-2,-25,0,-21,-36,-120,-2
27072,9.59,T,83,2,620,0,314,265,148,7,Z,78,4,512,0,159,285,276,5,0,-5,2,-108,0,-155,20,128,-2
27073,10.25,P,46,0,407,0,0,78,70,1,Z,57,2,629,0,77,322,200,7,0,11,2,222,0,77,244,130,6
27074,7.36,P,36,1,392,0,1,191,80,0,T,33,0,438,0,4,53,52,3,1,-3,-1,46,0,3,-138,-28,3
27075,7.33,P,72,2,773,0,45,237,63,4,Z,54,0,418,8,347,108,236,0,1,-18,-2,-355,8,302,-129,173,-4
27076,9.59,Z,65,0,370,0,129,321,227,7,T,108,0,488,0,80,276,172,5,1,43,0,118,0,-49,-45,-55,-2
27077,3.27,Z,10,1,99,0,10,27,27,1,Z,17,0,136,0,227,84,149,7,1,7,-1,37,0,217,57,122,6
27078,8.25,T,33,0,348,0,2,117,69,4,T,66,1,504,0,8,240,102,3,1,33,1,156,0,6,123,33,-1
27079,9.59,Z,62,7,402,0,33,122,218,4,T,80,0,702,0,298,247,118,11,0,18,-7,300,0,265,125,-100,7
27080,5.27,Z,40,0,398,0,78,155,115,6,Z,27,0,311,0,35,95,78,1,0,-13,0,-87,0,-43,-60,-37,-5
27081,9.59,T,120,8,467,0,1034,307,421,10,P,89,10,380,4,462,237,116,12,0,-31,2,-87,4,-572,-70,-305,2
27082,8.2,T,63,0,461,0,22,124,90,1,T,59,0,446,0,12,390,129,3,1,-4,0,-15,0,-10,266,39,2
27083,3.4,Z,15,1,64,0,3,28,54,0,P,23,0,150,0,6,69,26,0,0,8,-1,86,0,3,41,-28,0
27084,5.41,T,36,1,182,0,314,213,82,3,P,34,1,198,0,24,114,52,1,0,-2,0,16,0,-290,-99,-30,-2
27085,3.2,P,19,0,294,0,0,62,19,0,Z,15,0,141,0,27,112,57,3,1,-4,0,-153,0,27,50,38,3
27086,6.08,P,43,0,343,0,28,136,118,4,T,40,0,183,0,33,206,187,8,0,-3,0,-160,0,5,70,69,4
27087,7,T,51,4,493,0,190,177,75,0,T,54,0,253,0,248,142,78,33,1,3,-4,-240,0,58,-35,3,33
27088,3.12,P,14,1,121,0,39,170,18,8,Z,18,1,186,0,184,76,219,4,1,4,0,65,0,145,-94,201,-4
27089,9.54,P,30,0,539,0,9,24,32,1,Z,46,0,1154,0,0,121,167,0,0,16,0,615,0,-9,97,135,-1
27090,10.11,T,60,0,713,0,93,138,88,6,Z,62,3,471,2,494,153,164,2,0,2,3,-242,2,401,15,76,-4
27091,9.59,Z,71,2,407,0,612,263,322,7,T,102,0,651,0,593,299,190,15,1,31,-2,244,0,-19,36,-132,8
27092,8.27,Z,108,2,450,0,397,431,345,32,Z,98,9,395,0,450,325,299,27,0,-10,7,-55,0,53,-106,-46,-5
27093,6.55,T,33,2,424,0,16,87,60,0,T,37,0,463,0,0,174,69,2,1,4,-2,39,0,-16,87,9,2
27094,4.52,T,42,0,228,0,347,86,48,8,P,31,0,154,0,644,144,141,13,0,-11,0,-74,0,297,58,93,5
27095,9.59,Z,59,0,701,0,402,158,325,5,T,157,0,532,0,293,390,291,13,1,98,0,-169,0,-109,232,-34,8
27096,5.12,T,29,1,339,0,0,36,42,0,T,25,4,184,0,0,88,60,0,1,-4,3,-155,0,0,52,18,0
27097,7.35,P,29,0,479,0,0,111,56,0,T,51,3,303,0,564,233,44,6,1,22,3,-176,0,564,122,-12,6
27098,9.09,T,62,0,490,0,385,260,223,5,P,47,0,534,0,23,182,156,9,0,-15,0,44,0,-362,-78,-67,4
27099,9.59,P,88,0,427,0,110,240,125,11,Z,50,8,859,0,59,267,274,1,0,-38,8,432,0,-51,27,149,-10
27100,1.35,P,7,0,33,0,33,121,17,4,P,7,0,73,0,80,73,22,7,0,0,0,40,0,47,-48,5,3
27101,6.26,T,56,4,553,0,93,146,79,4,Z,54,3,315,0,75,93,191,0,0,-2,-1,-238,0,-18,-53,112,-4
27102,5.59,P,17,0,401,0,0,77,33,0,P,24,4,443,0,55,48,53,2,1,7,4,42,0,55,-29,20,2
27103,5.04,Z,20,0,282,0,22,63,77,1,T,25,3,208,3,67,103,30,1,0,5,3,-74,3,45,40,-47,0
27104,8.26,T,83,0,458,0,416,278,337,7,P,48,0,326,0,70,285,116,11,1,-35,0,-132,0,-346,7,-221,4
27105,9.59,T,68,0,796,0,277,155,169,12,P,51,3,385,0,29,87,62,2,0,-17,3,-411,0,-248,-68,-107,-10
27106,3.31,T,15,1,159,0,16,33,69,3,T,22,1,51,0,300,37,116,3,0,7,0,-108,0,284,4,47,0
27107,10.49,P,59,0,418,0,22,369,324,9,T,93,4,810,0,81,168,136,6,0,34,4,392,0,59,-201,-188,-3
27108,9.58,Z,50,0,300,0,20,161,176,3,T,49,3,552,0,6,122,130,2,0,-1,3,252,0,-14,-39,-46,-1
27109,2.32,T,10,1,75,0,148,41,36,2,P,6,0,48,0,126,45,39,1,0,-4,-1,-27,0,-22,4,3,-1
27110,6.06,T,59,2,520,0,40,159,71,3,P,34,0,209,0,424,130,44,3,0,-25,-2,-311,0,384,-29,-27,0
27111,9.17,Z,41,2,490,0,6,152,154,2,T,62,1,942,0,8,179,140,4,1,21,-1,452,0,2,27,-14,2
27112,4.08,P,22,0,275,0,108,161,63,3,Z,19,0,152,0,67,142,77,5,1,-3,0,-123,0,-41,-19,14,2
27113,9.59,Z,108,7,469,0,373,370,349,8,P,62,0,531,0,0,122,84,0,1,-46,-7,62,0,-373,-248,-265,-8
27114,5.07,T,48,0,162,0,545,186,86,7,P,50,1,224,0,518,129,78,7,0,2,1,62,0,-27,-57,-8,0
27115,8.46,P,56,0,313,0,21,121,154,3,P,53,1,745,0,16,229,69,4,1,-3,1,432,0,-5,108,-85,1
27116,5.18,T,25,0,264,0,0,82,35,2,Z,19,0,206,0,6,89,115,3,1,-6,0,-58,0,6,7,80,1
27117,9.59,Z,43,5,314,0,11,188,172,2,P,53,4,369,0,13,81,87,0,1,10,-1,55,0,2,-107,-85,-2
27118,9.59,T,88,4,594,0,405,266,227,6,Z,71,2,507,0,201,205,331,0,0,-17,-2,-87,0,-204,-61,104,-6
27119,7.27,T,35,0,368,0,0,23,66,3,T,37,0,331,0,1,35,48,0,1,2,0,-37,0,1,12,-18,-3
27120,9.59,Z,67,2,630,0,39,175,189,0,T,92,0,404,0,355,220,268,5,0,25,-2,-226,0,316,45,79,5
27121,8.1,P,22,0,423,0,0,140,112,0,P,40,1,324,0,3,85,54,0,1,18,1,-99,0,3,-55,-58,0
27122,9.59,P,57,5,574,0,30,403,107,0,Z,68,4,268,0,50,66,193,1,1,11,-1,-306,0,20,-337,86,1
27123,5.46,Z,21,0,339,0,9,68,76,1,Z,19,0,163,0,13,29,70,2,1,-2,0,-176,0,4,-39,-6,1
27124,5.3,T,38,0,172,0,75,152,114,7,P,27,0,279,0,9,190,16,11,1,-11,0,107,0,-66,38,-98,4
27125,8.39,P,55,1,524,0,335,341,167,5,T,58,0,649,0,47,118,78,4,0,3,-1,125,0,-288,-223,-89,-1
27126,3.4,Z,17,2,95,0,37,46,64,6,Z,15,6,131,1,181,88,103,3,1,-2,4,36,1,144,42,39,-3
27127,9.59,T,98,3,555,0,173,426,289,4,T,124,1,416,0,441,231,128,10,0,26,-2,-139,0,268,-195,-161,6
27128,5.48,Z,48,4,361,0,257,253,157,10,T,49,1,515,0,156,209,77,9,1,1,-3,154,0,-101,-44,-80,-1
27129,9.59,T,151,2,502,0,668,352,155,23,T,117,0,786,0,297,374,197,22,1,-34,-2,284,0,-371,22,42,-1
27130,0.41,T,3,0,26,0,0,1,4,0,Z,3,0,51,0,1,4,11,1,1,0,0,25,0,1,3,7,1
27131,10.18,Z,66,0,361,0,27,150,525,1,T,70,5,751,0,68,181,91,3,1,4,5,390,0,41,31,-434,2
27132,5.11,T,26,0,178,0,6,32,60,5,Z,20,0,120,0,14,48,133,2,0,-6,0,-58,0,8,16,73,-3
27133,6.43,T,58,3,289,0,516,71,123,6,T,60,0,420,0,19,170,102,5,0,2,-3,131,0,-497,99,-21,-1
27134,4.22,Z,17,0,217,0,0,9,56,0,P,19,0,155,0,0,34,28,0,1,2,0,-62,0,0,25,-28,0
27135,8.47,T,79,0,494,0,452,170,363,8,P,55,7,331,0,426,219,123,4,0,-24,7,-163,0,-26,49,-240,-4
27136,9.49,T,88,7,738,6,411,208,131,8,Z,66,4,585,0,152,159,136,4,1,-22,-3,-153,-6,-259,-49,5,-4
27137,9.49,P,74,4,379,0,128,319,211,12,P,35,0,347,0,139,152,352,1,0,-39,-4,-32,0,11,-167,141,-11
27138,9.55,P,29,0,566,0,0,76,40,0,T,33,0,671,0,18,123,65,6,0,4,0,105,0,18,47,25,6
27139,3.59,P,19,0,194,0,7,67,16,3,P,15,0,167,0,6,65,32,0,0,-4,0,-27,0,-1,-2,16,-3
27140,6.07,Z,30,2,520,0,43,55,104,1,T,54,0,266,0,533,108,71,15,0,24,-2,-254,0,490,53,-33,14
27141,9.58,Z,52,14,444,1,61,40,134,3,Z,43,0,836,0,25,227,183,3,0,-9,-14,392,-1,-36,187,49,0
27142,1.22,T,12,0,82,0,104,42,39,6,P,8,0,57,0,114,39,56,2,1,-4,0,-25,0,10,-3,17,-4
27143,7.03,T,67,3,298,0,135,217,213,10,P,66,0,451,0,568,350,54,12,0,-1,-3,153,0,433,133,-159,2
27144,9.59,P,77,4,448,0,17,324,124,0,T,66,0,446,13,74,251,210,3,0,-11,-4,-2,13,57,-73,86,3
27145,1.05,T,7,0,35,0,39,2,49,2,P,0,0,1,0,0,0,0,0,0,-7,0,-34,0,-39,-2,-49,-2
27146,9.59,T,128,3,731,2,308,406,261,4,Z,79,8,492,0,459,187,248,3,1,-49,5,-239,-2,151,-219,-13,-1
27147,4.58,T,29,0,357,0,17,53,163,4,T,21,1,450,0,13,22,22,1,0,-8,1,93,0,-4,-31,-141,-3
27148,6.27,Z,34,0,170,0,320,88,208,11,Z,31,0,182,0,13,62,133,3,0,-3,0,12,0,-307,-26,-75,-8
27149,4.49,P,16,1,210,0,0,112,25,0,P,13,0,323,0,6,160,54,1,1,-3,-1,113,0,6,48,29,1
27150,6.03,Z,39,0,235,0,32,97,99,3,Z,34,0,244,0,125,295,187,8,1,-5,0,9,0,93,198,88,5
27151,3.19,Z,16,6,22,0,7,22,64,0,T,11,0,227,0,214,25,29,4,0,-5,-6,205,0,207,3,-35,4
27152,9.59,Z,45,7,304,0,276,82,427,0,P,43,4,855,0,30,94,150,2,1,-2,-3,551,0,-246,12,-277,2
27153,9.59,T,136,8,356,0,1112,259,187,26,Z,92,4,697,0,500,329,369,5,1,-44,-4,341,0,-612,70,182,-21
27154,9.59,Z,39,4,146,0,17,31,135,0,P,43,2,1010,0,23,99,47,5,0,4,-2,864,0,6,68,-88,5
27155,9.59,P,70,6,320,0,609,210,121,7,Z,65,2,418,0,78,156,184,4,0,-5,-4,98,0,-531,-54,63,-3
27156,7.17,Z,32,0,323,0,37,109,137,3,T,59,2,456,0,395,143,153,6,1,27,2,133,0,358,34,16,3
27157,6.33,P,21,0,371,0,10,124,32,4,P,45,0,238,0,13,135,153,10,0,24,0,-133,0,3,11,121,6
27158,9.59,T,57,0,486,0,0,14,89,0,P,31,0,534,0,0,54,57,0,1,-26,0,48,0,0,40,-32,0
27159,3.4,Z,12,2,63,0,73,59,84,2,Z,23,6,128,0,309,112,70,3,0,11,4,65,0,236,53,-14,1
27160,6.2,Z,23,4,178,0,4,56,106,0,P,37,0,386,0,0,97,89,0,0,14,-4,208,0,-4,41,-17,0
27161,9.59,T,106,0,854,0,713,198,128,11,Z,58,2,444,0,118,212,242,7,0,-48,2,-410,0,-595,14,114,-4
27162,9.48,P,51,0,717,0,35,202,74,14,T,84,1,389,0,558,158,105,6,0,33,1,-328,0,523,-44,31,-8
27163,9.58,T,58,6,794,0,11,202,93,0,Z,52,4,319,0,86,196,205,7,0,-6,-2,-475,0,75,-6,112,7
27164,8.09,P,32,0,757,2,2,365,50,0,T,62,3,732,0,63,88,43,0,0,30,3,-25,-2,61,-277,-7,0
27165,9.55,P,47,13,690,0,40,288,83,0,T,79,5,568,0,36,283,88,1,1,32,-8,-122,0,-4,-5,5,1
27166,10.38,P,84,0,449,0,59,377,108,13,T,113,14,826,0,213,187,113,14,1,29,14,377,0,154,-190,5,1
27167,8.01,T,58,2,573,0,32,155,180,4,P,52,0,571,0,402,198,82,16,0,-6,-2,-2,0,370,43,-98,12
27168,4.17,T,29,1,94,0,108,72,106,4,T,24,0,215,0,0,56,24,0,0,-5,-1,121,0,-108,-16,-82,-4
27169,8.07,T,68,1,539,0,46,119,85,10,Z,51,3,596,0,479,106,260,2,1,-17,2,57,0,433,-13,175,-8
27170,10.06,P,55,2,651,0,12,203,95,1,Z,46,0,579,0,9,134,166,1,0,-9,-2,-72,0,-3,-69,71,0
27171,4.13,T,18,0,172,0,728,19,28,5,Z,19,0,112,0,32,107,94,3,1,1,0,-60,0,-696,88,66,-2
27172,9.59,T,71,1,866,0,85,120,99,3,T,84,6,552,0,812,309,102,18,1,13,5,-314,0,727,189,3,15
27173,7.23,P,50,1,374,0,563,188,62,6,T,80,4,425,0,276,132,75,6,0,30,3,51,0,-287,-56,13,0
27174,7.37,P,72,0,383,0,50,212,175,4,Z,67,4,261,2,444,241,176,10,1,-5,4,-122,2,394,29,1,6
27175,9.59,P,67,0,810,0,108,477,177,10,Z,60,7,389,0,160,166,188,9,0,-7,7,-421,0,52,-311,11,-1
27176,9.32,P,65,1,573,0,47,206,62,3,Z,54,0,567,0,96,150,220,3,0,-11,-1,-6,0,49,-56,158,0
27177,7.48,T,97,0,469,0,424,182,172,9,Z,49,0,553,0,77,170,209,9,0,-48,0,84,0,-347,-12,37,0
27178,9.59,T,68,0,710,0,284,316,151,7,P,72,0,450,0,111,258,89,17,1,4,0,-260,0,-173,-58,-62,10
27179,9.58,T,55,0,632,0,56,47,64,6,P,36,0,506,0,11,114,53,7,1,-19,0,-126,0,-45,67,-11,1
27180,5.29,Z,30,0,74,0,13,11,56,3,T,35,0,258,0,82,65,41,9,1,5,0,184,0,69,54,-15,6
27181,3.39,P,9,0,133,0,40,171,18,2,P,14,0,277,0,17,43,34,1,1,5,0,144,0,-23,-128,16,-1
27182,6.1,Z,30,6,370,0,72,59,134,1,P,27,0,312,0,242,64,23,6,1,-3,-6,-58,0,170,5,-111,5
27183,4.1,Z,21,0,307,0,372,89,196,6,T,17,0,124,0,1,20,38,3,0,-4,0,-183,0,-371,-69,-158,-3
27184,5.05,P,16,1,312,0,9,199,40,0,P,25,0,441,0,0,41,27,0,1,9,-1,129,0,-9,-158,-13,0
27185,4.43,T,25,1,325,0,18,91,16,3,T,22,4,421,0,2,41,60,0,1,-3,3,96,0,-16,-50,44,-3
27186,6.12,T,40,5,253,0,18,94,84,2,T,36,0,368,0,73,72,45,3,1,-4,-5,115,0,55,-22,-39,1
27187,9.18,P,35,0,368,0,0,18,53,1,P,27,0,431,0,4,17,30,1,0,-8,0,63,0,4,-1,-23,0
27188,9.59,Z,60,0,394,0,443,220,522,11,Z,77,6,630,0,192,207,271,3,0,17,6,236,0,-251,-13,-251,-8
27189,7.29,T,55,7,354,0,674,166,102,8,P,38,1,477,0,21,147,44,4,0,-17,-6,123,0,-653,-19,-58,-4
27190,6.59,Z,42,0,432,0,109,232,246,10,Z,42,0,230,0,119,98,187,6,1,0,0,-202,0,10,-134,-59,-4
27191,4.09,T,22,0,443,0,4,101,47,2,T,26,4,257,0,17,50,36,2,1,4,4,-186,0,13,-51,-11,0
27192,4.09,T,16,3,191,0,55,105,24,0,Z,20,2,128,2,19,70,62,0,1,4,-1,-63,2,-36,-35,38,0
27193,7.01,Z,30,3,596,0,52,62,117,2,P,47,2,598,0,268,156,136,1,1,17,-1,2,0,216,94,19,-1
27194,9.59,Z,74,0,348,0,33,110,217,5,Z,57,3,484,0,48,198,205,1,0,-17,3,136,0,15,88,-12,-4
27195,9.59,Z,81,10,422,0,121,174,211,3,T,63,3,409,0,210,191,158,6,1,-18,-7,-13,0,89,17,-53,3
27196,4.42,Z,17,5,223,0,18,74,82,1,Z,27,4,166,0,103,106,190,1,1,10,-1,-57,0,85,32,108,0
27197,2.18,T,15,0,115,0,36,101,58,1,T,9,2,96,0,86,30,32,0,1,-6,2,-19,0,50,-71,-26,-1
27198,3.57,Z,25,1,442,0,173,176,91,7,T,33,0,156,0,359,129,112,6,1,8,-1,-286,0,186,-47,21,-1
27199,7.15,Z,36,0,657,0,59,195,132,6,P,34,3,344,0,32,96,76,0,1,-2,3,-313,0,-27,-99,-56,-6
27200,10.01,T,64,0,786,0,430,262,259,6,Z,70,2,339,0,18,263,242,1,1,6,2,-447,0,-412,1,-17,-5
27201,6.03,Z,32,2,346,0,44,152,103,2,P,33,0,323,0,38,90,42,6,0,1,-2,-23,0,-6,-62,-61,4
27202,7.48,P,39,7,322,0,18,60,45,0,Z,48,4,187,0,37,62,123,4,1,9,-3,-135,0,19,2,78,4
27203,3.48,Z,9,0,254,0,9,9,45,1,T,9,0,125,0,0,37,26,0,0,0,0,-129,0,-9,28,-19,-1
27204,5.21,Z,25,0,371,0,249,169,96,11,T,50,1,253,0,19,167,42,3,0,25,1,-118,0,-230,-2,-54,-8
27205,10.54,Z,45,5,462,0,3,140,180,0,T,35,0,706,0,0,21,69,0,0,-10,-5,244,0,-3,-119,-111,0
27206,8.2,Z,36,10,372,0,106,308,252,7,T,54,5,547,0,88,71,67,3,1,18,-5,175,0,-18,-237,-185,-4
27207,5.17,P,43,3,361,0,377,172,108,9,T,51,1,257,0,75,126,68,8,1,8,-2,-104,0,-302,-46,-40,-1
27208,6.27,T,47,4,258,0,69,106,103,6,T,84,8,179,0,665,218,125,7,1,37,4,-79,0,596,112,22,1
27209,5.21,T,44,0,193,0,114,166,158,3,Z,31,2,230,0,34,66,89,0,0,-13,2,37,0,-80,-100,-69,-3
27210,8.57,P,61,0,357,0,21,77,59,4,Z,40,8,586,0,59,188,170,2,1,-21,8,229,0,38,111,111,-2
27211,9.19,Z,77,8,534,0,50,169,202,9,P,43,2,935,0,27,63,74,3,0,-34,-6,401,0,-23,-106,-128,-6
27212,9.23,P,47,1,769,0,24,62,56,6,Z,55,0,385,0,32,107,152,5,1,8,-1,-384,0,8,45,96,-1
27213,9.35,Z,79,16,506,6,332,486,324,3,Z,68,8,515,4,103,288,294,10,0,-11,-8,9,-2,-229,-198,-30,7
27214,6.11,P,40,0,281,0,172,53,59,14,P,45,4,251,0,337,165,151,8,0,5,4,-30,0,165,112,92,-6
27215,2.27,Z,6,0,122,1,14,18,30,0,P,6,0,157,0,0,25,15,0,0,0,0,35,-1,-14,7,-15,0
27216,7.59,T,77,3,557,0,103,241,214,5,P,88,0,409,0,272,418,123,23,1,11,-3,-148,0,169,177,-91,18
27217,9.59,P,61,1,505,0,18,250,238,4,P,37,0,817,0,0,103,103,0,1,-24,-1,312,0,-18,-147,-135,-4
27218,10.49,T,94,0,655,0,167,236,148,10,T,73,0,900,0,60,152,99,7,0,-21,0,245,0,-107,-84,-49,-3
27219,5.12,Z,36,2,243,0,47,63,115,5,Z,28,1,171,0,105,112,158,6,1,-8,-1,-72,0,58,49,43,1
27220,9.59,P,33,5,397,0,83,309,50,0,P,29,2,642,0,4,152,44,0,1,-4,-3,245,0,-79,-157,-6,0
27221,9.59,P,43,0,461,0,0,246,163,1,Z,65,0,418,0,104,89,261,5,1,22,0,-43,0,104,-157,98,4
27222,9.16,T,118,2,680,0,484,292,238,13,T,66,8,563,0,399,284,116,4,0,-52,6,-117,0,-85,-8,-122,-9
27223,7.4,T,69,0,272,0,94,138,79,9,T,66,0,464,0,53,206,116,5,1,-3,0,192,0,-41,68,37,-4
27224,8.17,T,71,0,176,0,179,339,100,12,T,83,0,387,0,237,300,92,12,1,12,0,211,0,58,-39,-8,0
27225,4.44,P,18,1,153,0,12,63,21,3,Z,16,0,256,0,13,27,71,2,1,-2,-1,103,0,1,-36,50,-1
27226,3.31,Z,17,0,88,0,19,48,59,1,T,17,0,196,0,48,76,32,10,1,0,0,108,0,29,28,-27,9
27227,9.59,Z,32,1,294,0,54,64,140,7,P,42,0,350,0,53,268,58,3,0,10,-1,56,0,-1,204,-82,-4
27228,9.43,Z,61,0,324,8,76,143,297,0,Z,38,3,458,0,36,119,167,0,0,-23,3,134,-8,-40,-24,-130,0
27229,9.59,P,67,3,453,0,128,246,159,2,T,93,0,520,0,36,148,120,5,1,26,-3,67,0,-92,-98,-39,3
27230,5.25,P,25,0,181,0,23,52,88,5,T,31,2,328,0,176,45,28,0,0,6,2,147,0,153,-7,-60,-5
27231,8.57,Z,52,0,377,0,24,55,124,2,P,58,1,448,0,542,364,119,5,1,6,1,71,0,518,309,-5,3
27232,9.59,Z,24,0,193,0,0,135,131,0,Z,23,4,742,0,0,56,109,0,0,-1,4,549,0,0,-79,-22,0
27233,8.33,Z,66,0,194,0,34,87,211,1,P,50,0,429,0,284,157,62,3,0,-16,0,235,0,250,70,-149,2
27234,9.59,Z,59,0,798,0,47,41,136,4,T,64,0,1208,0,117,241,160,10,1,5,0,410,0,70,200,24,6
27235,3.12,T,13,3,152,0,472,48,86,6,T,10,0,68,0,16,90,16,2,1,-3,-3,-84,0,-456,42,-70,-4
27236,3.15,Z,20,1,303,0,295,87,92,15,Z,12,0,102,0,277,82,61,7,0,-8,-1,-201,0,-18,-5,-31,-8
27237,9.26,P,81,9,454,0,1140,304,195,6,Z,51,5,527,6,66,117,245,1,0,-30,-4,73,6,-1074,-187,50,-5
27238,8.34,P,64,0,639,0,366,142,74,4,T,84,0,647,0,312,136,187,16,0,20,0,8,0,-54,-6,113,12
27239,9.59,Z,34,0,401,0,0,60,122,0,T,53,0,530,0,9,317,173,4,1,19,0,129,0,9,257,51,4
27240,10.39,T,112,0,970,0,291,219,136,7,Z,72,1,899,0,38,209,234,10,0,-40,1,-71,0,-253,-10,98,3
27241,9.59,T,74,5,944,0,53,114,84,1,P,83,1,397,0,654,381,150,10,1,9,-4,-547,0,601,267,66,9
27242,9.58,T,54,4,778,0,23,88,81,3,T,48,0,456,0,84,63,64,13,1,-6,-4,-322,0,61,-25,-17,10
27243,5.29,T,43,1,308,0,318,210,147,5,T,43,0,251,0,246,100,52,7,1,0,-1,-57,0,-72,-110,-95,2
27244,9.59,T,80,9,524,0,23,262,81,0,T,61,0,539,0,1,108,180,4,0,-19,-9,15,0,-22,-154,99,4
27245,6.35,Z,30,0,415,0,15,86,93,2,Z,37,0,192,0,38,74,134,2,1,7,0,-223,0,23,-12,41,0
27246,7.04,P,37,0,504,0,7,286,83,4,T,68,0,391,0,62,182,70,7,1,31,0,-113,0,55,-104,-13,3
27247,10.37,Z,79,6,737,0,57,163,227,4,Z,84,0,562,0,304,345,180,14,0,5,-6,-175,0,247,182,-47,10
27248,9.13,Z,60,1,574,0,351,263,213,7,T,82,6,370,0,405,284,141,14,0,22,5,-204,0,54,21,-72,7
27249,0.26,T,1,0,67,0,0,3,7,1,T,1,1,0,0,0,0,1,0,0,0,1,-67,0,0,-3,-6,-1
27250,9.21,Z,45,2,486,0,25,191,160,1,P,62,7,548,0,84,201,88,1,1,17,5,62,0,59,10,-72,0
27251,5.4,P,29,3,144,0,1,67,39,0,P,29,0,274,0,185,124,55,10,0,0,-3,130,0,184,57,16,10
27252,6.08,T,57,0,195,0,42,118,93,12,Z,34,3,321,0,36,150,101,2,1,-23,3,126,0,-6,32,8,-10
27253,4.44,T,28,0,240,0,2,83,51,1,P,15,0,214,0,0,50,22,0,1,-13,0,-26,0,-2,-33,-29,-1
27254,6.57,T,36,0,376,0,6,58,69,5,P,31,0,256,0,1,42,66,2,1,-5,0,-120,0,-5,-16,-3,-3
27255,4.52,P,21,0,293,0,12,89,42,1,P,27,0,294,0,11,139,60,4,1,6,0,1,0,-1,50,18,3
27256,9.11,P,33,0,193,0,39,164,59,4,P,27,0,202,0,0,132,62,0,1,-6,0,9,0,-39,-32,3,-4
27257,0.22,T,2,0,18,0,8,5,11,1,P,1,0,12,0,6,4,9,1,0,-1,0,-6,0,-2,-1,-2,0
27258,9.59,T,69,6,435,0,376,198,153,1,P,53,5,612,0,23,331,122,6,0,-16,-1,177,0,-353,133,-31,5
27259,7.14,Z,40,9,449,0,287,117,223,3,Z,39,2,583,0,52,125,115,0,0,-1,-7,134,0,-235,8,-108,-3
27260,1.51,T,6,4,62,0,202,11,4,0,P,8,0,81,0,0,36,11,2,1,2,-4,19,0,-202,25,7,2
27261,9.23,P,56,1,328,0,139,296,252,3,P,57,1,509,0,38,345,97,7,0,1,0,181,0,-101,49,-155,4
27262,9.59,T,63,0,607,6,55,96,78,1,Z,53,6,409,0,53,168,154,0,1,-10,6,-198,-6,-2,72,76,-1
27263,7.49,P,22,0,396,0,0,169,27,0,T,24,0,354,0,0,218,68,3,0,2,0,-42,0,0,49,41,3
27264,8.01,T,70,2,272,0,28,230,73,4,P,35,1,339,0,6,222,43,0,0,-35,-1,67,0,-22,-8,-30,-4
27265,10.24,T,76,0,523,0,113,139,164,12,P,52,9,299,0,171,126,51,7,0,-24,9,-224,0,58,-13,-113,-5
27266,5.55,Z,32,1,228,0,448,106,131,7,P,43,1,237,8,104,164,133,0,0,11,0,9,8,-344,58,2,-7
27267,8.24,Z,37,1,723,0,5,83,135,0,T,79,0,422,0,79,172,86,3,1,42,-1,-301,0,74,89,-49,3
27268,4.28,T,26,2,243,0,307,102,37,3,Z,24,1,201,0,12,136,71,2,0,-2,-1,-42,0,-295,34,34,-1
27269,5.4,Z,31,0,183,0,18,95,72,3,P,24,0,399,0,113,172,35,14,0,-7,0,216,0,95,77,-37,11
27270,4.44,P,23,0,306,0,8,106,24,2,Z,18,1,150,0,10,62,56,1,1,-5,1,-156,0,2,-44,32,-1
27271,6.58,Z,31,0,313,0,21,34,112,3,Z,29,2,207,1,67,105,123,6,1,-2,2,-106,1,46,71,11,3
27272,5.59,P,33,1,265,0,382,125,99,7,P,36,0,292,0,287,199,63,10,1,3,-1,27,0,-95,74,-36,3
27273,4.33,P,19,2,163,0,30,65,27,1,P,24,1,48,0,15,50,26,2,1,5,-1,-115,0,-15,-15,-1,1
27274,3.12,Z,8,0,210,0,0,24,60,2,Z,12,1,73,0,204,95,42,4,1,4,1,-137,0,204,71,-18,2
27275,10.36,T,185,4,603,0,667,323,205,16,T,89,0,617,0,726,257,187,12,0,-96,-4,14,0,59,-66,-18,-4
27276,5.21,Z,25,0,212,0,75,76,90,4,T,36,0,275,0,5,104,67,6,0,11,0,63,0,-70,28,-23,2
27277,4.43,T,32,2,225,0,26,76,102,4,T,19,0,229,0,0,55,42,0,0,-13,-2,4,0,-26,-21,-60,-4
27278,9.59,Z,28,4,682,0,26,68,138,0,Z,60,9,477,0,21,117,199,1,0,32,5,-205,0,-5,49,61,1
27279,9.25,P,30,0,451,0,2,37,53,3,Z,45,1,246,0,6,149,151,2,1,15,1,-205,0,4,112,98,-1
27280,9.59,T,70,0,717,0,0,59,151,1,P,64,9,473,0,174,166,112,11,1,-6,9,-244,0,174,107,-39,10
27281,3.24,Z,12,0,69,0,15,8,32,2,Z,16,3,214,0,115,20,145,0,1,4,3,145,0,100,12,113,-2
27282,9.59,T,29,0,489,0,0,28,101,0,P,40,0,676,0,0,95,113,0,1,11,0,187,0,0,67,12,0
27283,9.5,Z,72,1,320,0,65,214,197,0,Z,82,2,451,0,161,223,317,10,1,10,1,131,0,96,9,120,10
27284,5.2,P,22,2,239,0,13,145,49,0,Z,16,1,539,0,15,94,88,4,0,-6,-1,300,0,2,-51,39,4
27285,5.52,P,38,0,178,0,123,243,139,8,T,52,0,151,0,188,181,79,3,1,14,0,-27,0,65,-62,-60,-5
27286,9.26,P,52,0,1005,0,40,142,67,4,T,64,0,654,0,62,112,90,10,1,12,0,-351,0,22,-30,23,6
27287,8.2,Z,52,4,312,0,250,104,377,5,T,56,8,402,0,104,159,76,0,1,4,4,90,0,-146,55,-301,-5
27288,9.15,P,57,11,704,0,518,240,78,0,P,48,9,428,0,34,167,80,0,1,-9,-2,-276,0,-484,-73,2,0
27289,5.54,Z,25,0,85,41,152,79,173,3,Z,26,3,152,0,208,65,328,1,1,1,3,67,-41,56,-14,155,-2
27290,9.59,T,52,0,317,0,14,104,85,5,T,67,4,437,0,7,257,170,5,0,15,4,120,0,-7,153,85,0
27291,8.12,T,83,6,276,0,607,335,158,6,P,78,10,435,0,107,312,144,7,0,-5,4,159,0,-500,-23,-14,1
27292,6.32,Z,40,2,301,0,121,277,149,12,Z,42,0,102,0,24,181,141,9,1,2,-2,-199,0,-97,-96,-8,-3
27293,7.13,T,50,0,332,0,843,163,147,7,Z,85,0,310,0,370,285,202,13,0,35,0,-22,0,-473,122,55,6
27294,9.59,Z,65,0,516,0,212,233,251,7,Z,55,0,437,3,94,156,193,0,1,-10,0,-79,3,-118,-77,-58,-7
27295,9.54,T,74,4,919,0,95,331,188,3,T,67,6,796,0,38,124,112,4,0,-7,2,-123,0,-57,-207,-76,1
27296,1.51,P,5,0,13,0,0,16,9,0,T,7,0,141,0,0,19,9,0,0,2,0,128,0,0,3,0,0
27297,9.59,P,41,0,669,0,2,98,40,1,P,45,0,987,0,0,245,52,0,1,4,0,318,0,-2,147,12,-1
27298,7.22,T,67,5,391,0,407,123,140,1,T,48,0,276,0,476,142,148,11,0,-19,-5,-115,0,69,19,8,10
27299,4.52,P,26,3,129,0,197,118,300,6,T,24,0,211,0,451,54,91,8,0,-2,-3,82,0,254,-64,-209,2
27300,9.59,T,58,0,548,0,2,89,93,0,T,56,4,439,0,17,107,89,1,0,-2,4,-109,0,15,18,-4,1
27301,8.2,Z,57,1,630,0,823,98,294,3,T,98,4,316,0,464,170,218,11,0,41,3,-314,0,-359,72,-76,8
27302,0,T,0,0,1,0,0,0,0,0,Z,5,0,42,0,67,9,41,1,1,5,0,41,0,67,9,41,1
27303,10.18,Z,86,16,522,0,760,301,375,8,T,101,4,456,0,680,442,266,8,0,15,-12,-66,0,-80,141,-109,0
27304,9.37,T,65,0,385,0,217,234,144,13,P,43,1,711,0,10,151,139,2,0,-22,1,326,0,-207,-83,-5,-11
27305,5.28,P,16,1,227,0,33,122,19,6,T,14,0,216,0,0,30,23,0,1,-2,-1,-11,0,-33,-92,4,-6
27306,4.22,Z,19,1,79,0,33,43,95,3,Z,19,2,177,0,63,57,65,1,0,0,1,98,0,30,14,-30,-2
27307,7.17,Z,54,0,653,0,106,306,195,7,P,76,0,358,0,200,382,114,17,0,22,0,-295,0,94,76,-81,10
27308,4.4,T,19,0,189,0,3,37,28,4,T,19,0,283,0,2,82,48,6,1,0,0,94,0,-1,45,20,2
27309,7.37,T,36,0,677,0,7,43,53,5,T,36,0,572,0,0,120,62,5,0,0,0,-105,0,-7,77,9,0
27310,3.33,T,20,5,83,0,3,77,51,3,T,17,0,186,0,42,101,15,6,0,-3,-5,103,0,39,24,-36,3
27311,9.59,T,104,11,464,0,359,194,205,8,T,115,2,583,0,164,351,214,13,1,11,-9,119,0,-195,157,9,5
27312,7.04,T,40,8,400,0,198,61,46,1,P,32,5,343,0,22,114,78,6,0,-8,-3,-57,0,-176,53,32,5
27313,5.15,P,43,1,185,0,215,106,42,7,Z,41,3,205,0,288,141,117,16,0,-2,2,20,0,73,35,75,9
27314,8,T,45,0,488,0,0,117,88,1,P,35,0,503,0,0,200,76,0,0,-10,0,15,0,0,83,-12,-1
27315,8.5,P,54,4,382,4,27,124,89,0,T,66,0,456,0,159,198,191,7,1,12,-4,74,-4,132,74,102,7
27316,7.16,Z,53,0,344,0,168,224,215,5,T,61,7,201,0,192,262,154,7,1,8,7,-143,0,24,38,-61,2
27317,9.59,Z,79,0,380,0,37,184,212,3,T,106,7,522,0,28,357,147,2,1,27,7,142,0,-9,173,-65,-1
27318,6.1,P,47,0,259,0,154,128,195,5,T,31,0,331,0,10,55,78,6,0,-16,0,72,0,-144,-73,-117,1
27319,4.03,T,17,0,200,0,34,77,95,11,Z,11,0,130,0,70,21,100,2,0,-6,0,-70,0,36,-56,5,-9
27320,9.59,Z,70,0,735,0,75,273,257,2,T,84,3,312,0,57,153,189,6,1,14,3,-423,0,-18,-120,-68,4
27321,4.27,Z,16,4,165,0,6,7,54,0,P,11,0,378,0,0,33,24,0,0,-5,-4,213,0,-6,26,-30,0
27322,9.59,P,81,2,712,0,36,328,112,2,Z,91,7,502,0,98,232,398,13,1,10,5,-210,0,62,-96,286,11
27323,5.38,T,38,0,393,0,198,118,104,10,T,22,0,268,0,400,59,71,5,0,-16,0,-125,0,202,-59,-33,-5
27324,3.39,T,18,0,354,0,0,19,22,0,T,11,0,291,0,0,77,15,0,0,-7,0,-63,0,0,58,-7,0
27325,3.15,Z,11,1,183,0,34,11,52,0,T,16,0,129,0,0,9,23,0,0,5,-1,-54,0,-34,-2,-29,0
27326,9.59,T,81,2,468,17,194,222,239,1,T,84,0,760,0,613,264,127,9,1,3,-2,292,-17,419,42,-112,8
27327,2.28,T,14,3,110,0,199,36,97,2,T,7,0,111,0,66,72,24,4,0,-7,-3,1,0,-133,36,-73,2
27328,7.55,Z,47,2,700,0,47,54,149,1,T,62,0,454,0,18,65,80,6,1,15,-2,-246,0,-29,11,-69,5
27329,5.57,T,69,5,266,0,568,208,131,12,P,46,3,247,0,574,213,139,17,1,-23,-2,-19,0,6,5,8,5
27330,7.34,Z,60,0,379,0,226,205,218,2,Z,45,7,204,0,39,209,141,4,0,-15,7,-175,0,-187,4,-77,2
27331,5.58,Z,22,3,59,0,3,39,69,1,Z,33,0,186,0,36,172,164,4,0,11,-3,127,0,33,133,95,3
27332,3.49,P,23,0,253,0,143,92,23,5,T,16,0,257,0,86,77,133,5,0,-7,0,4,0,-57,-15,110,0
27333,7.34,P,56,0,230,0,10,71,67,4,Z,39,2,273,0,30,176,142,0,0,-17,2,43,0,20,105,75,-4
27334,6.41,Z,43,0,609,0,149,202,145,4,Z,51,7,251,0,267,239,232,3,0,8,7,-358,0,118,37,87,-1
27335,2.57,T,9,0,178,0,37,31,22,3,Z,9,1,79,0,251,79,85,3,0,0,1,-99,0,214,48,63,0
27336,3.56,P,15,2,229,0,61,47,56,1,Z,24,0,173,0,24,60,104,4,1,9,-2,-56,0,-37,13,48,3
27337,5.45,P,39,1,257,0,30,176,54,4,P,25,0,155,0,73,70,62,3,0,-14,-1,-102,0,43,-106,8,-1
27338,6.53,T,55,7,241,0,48,141,41,0,Z,31,8,102,0,102,69,156,2,1,-24,1,-139,0,54,-72,115,2
27339,5.43,T,42,0,317,0,9,64,87,4,P,23,1,181,0,1,150,43,2,0,-19,1,-136,0,-8,86,-44,-2
27340,3.09,T,21,0,156,0,209,48,19,2,T,13,0,210,0,92,71,82,3,0,-8,0,54,0,-117,23,63,1
27341,7.16,Z,62,0,401,20,196,183,284,4,P,70,2,400,0,200,180,94,4,0,8,2,-1,-20,4,-3,-190,0
27342,6.33,Z,36,0,417,0,69,63,133,3,T,53,2,462,0,270,74,65,3,0,17,2,45,0,201,11,-68,0
27343,9.26,T,108,0,688,0,231,265,225,11,Z,133,0,348,0,808,273,405,16,1,25,0,-340,0,577,8,180,5
27344,9.59,T,48,2,678,0,21,209,110,0,T,51,0,565,0,16,211,126,3,0,3,-2,-113,0,-5,2,16,3
27345,9.58,T,82,0,579,0,254,245,140,13,T,101,8,712,0,102,198,131,6,1,19,8,133,0,-152,-47,-9,-7
27346,2.44,T,12,2,91,0,39,46,29,1,Z,12,0,70,0,12,56,30,3,1,0,-2,-21,0,-27,10,1,2
27347,9.25,Z,55,3,308,0,7,123,167,0,T,70,6,351,0,54,133,140,0,1,15,3,43,0,47,10,-27,0
27348,7.35,Z,37,6,271,0,38,77,99,1,P,27,0,447,0,7,102,63,4,1,-10,-6,176,0,-31,25,-36,3
27349,7.38,P,28,0,344,0,3,151,98,2,P,36,3,335,0,53,143,113,0,0,8,3,-9,0,50,-8,15,-2
27350,8.15,T,81,3,414,0,345,252,228,13,P,65,9,463,0,656,224,150,3,1,-16,6,49,0,311,-28,-78,-10
27351,10.2,Z,75,0,519,0,75,157,188,9,P,60,4,878,0,540,315,105,2,1,-15,4,359,0,465,158,-83,-7
27352,6.17,Z,36,1,368,0,37,89,124,2,T,51,0,380,0,122,148,101,16,1,15,-1,12,0,85,59,-23,14
27353,6.21,T,58,0,406,0,84,303,89,8,T,55,0,410,0,67,95,73,6,1,-3,0,4,0,-17,-208,-16,-2
27354,6.07,P,23,0,311,0,4,93,41,1,T,27,3,591,0,11,116,66,0,0,4,3,280,0,7,23,25,-1
27355,9.59,Z,54,1,571,0,39,236,170,1,P,44,1,538,0,19,63,58,4,0,-10,0,-33,0,-20,-173,-112,3
27356,9.59,Z,58,12,916,0,59,133,159,0,P,65,7,332,0,62,103,68,1,1,7,-5,-584,0,3,-30,-91,1
27357,8.14,T,72,1,275,0,483,151,138,10,Z,46,1,280,0,111,132,215,8,0,-26,0,5,0,-372,-19,77,-2
27358,9.58,P,72,10,311,0,155,178,70,1,Z,63,6,448,0,69,251,232,2,1,-9,-4,137,0,-86,73,162,1
27359,9.59,T,65,5,630,0,129,188,267,8,Z,57,10,484,1,83,155,230,0,1,-8,5,-146,1,-46,-33,-37,-8
27360,4.29,T,30,0,246,0,1,57,23,0,P,18,0,177,0,12,107,26,3,0,-12,0,-69,0,11,50,3,3
27361,6.33,P,35,0,231,0,19,51,37,4,P,29,8,211,0,8,80,69,0,0,-6,8,-20,0,-11,29,32,-4
27362,8.02,Z,52,0,693,0,57,104,174,5,Z,58,5,271,0,61,132,230,0,1,6,5,-422,0,4,28,56,-5
27363,7.02,Z,51,2,338,0,185,177,246,7,Z,46,3,229,0,140,154,208,4,0,-5,1,-109,0,-45,-23,-38,-3
27364,9.58,T,39,0,546,0,0,115,79,0,T,28,0,741,0,1,72,99,0,0,-11,0,195,0,1,-43,20,0
27365,7.13,T,45,0,545,0,27,155,96,4,Z,54,9,347,0,48,114,166,3,1,9,9,-198,0,21,-41,70,-1
27366,10.01,Z,59,3,456,0,256,354,435,8,Z,69,17,452,2,611,203,353,4,1,10,14,-4,2,355,-151,-82,-4
27367,9.58,P,56,0,283,0,20,118,67,7,P,76,0,750,0,317,199,117,28,1,20,0,467,0,297,81,50,21
27368,4.34,Z,15,0,233,18,554,83,161,0,T,33,1,235,0,58,117,28,1,0,18,1,2,-18,-496,34,-133,1
27369,6.27,T,39,1,276,0,6,168,229,7,P,57,0,324,0,208,224,124,10,1,18,-1,48,0,202,56,-105,3
27370,2.19,T,8,0,152,0,0,17,19,0,P,6,0,26,0,0,16,8,0,0,-2,0,-126,0,0,-1,-11,0
27371,1.38,P,11,0,44,0,188,27,86,3,P,8,0,58,0,11,62,14,5,1,-3,0,14,0,-177,35,-72,2
27372,9.48,Z,47,3,417,0,201,209,137,0,T,63,0,411,0,30,118,104,4,1,16,-3,-6,0,-171,-91,-33,4
27373,3.27,Z,19,0,134,0,15,30,33,3,Z,17,6,222,0,266,86,134,1,0,-2,6,88,0,251,56,101,-2
27374,8.38,T,60,10,474,0,67,115,93,4,Z,67,9,374,2,366,189,639,3,1,7,-1,-100,2,299,74,546,-1
27375,10.08,T,72,0,657,0,2,112,123,5,P,45,4,300,0,20,182,80,5,1,-27,4,-357,0,18,70,-43,0
27376,9.59,P,35,4,233,0,23,148,49,1,T,62,7,259,0,33,77,102,3,0,27,3,26,0,10,-71,53,2
27377,7.18,P,20,0,287,0,0,79,46,0,T,46,0,404,0,30,195,86,3,1,26,0,117,0,30,116,40,3
27378,10.43,Z,46,2,630,0,6,156,188,0,P,43,3,662,0,21,174,66,8,1,-3,1,32,0,15,18,-122,8
27379,2.39,P,14,0,50,0,0,40,33,4,P,12,0,75,0,103,65,46,4,1,-2,0,25,0,103,25,13,0
27380,10.07,Z,112,0,681,0,386,257,392,13,T,129,4,529,0,484,226,158,7,0,17,4,-152,0,98,-31,-234,-6
27381,10.39,T,91,0,835,0,43,192,373,2,P,118,0,466,24,149,229,186,2,1,27,0,-369,24,106,37,-187,0
27382,8.3,T,109,5,420,0,507,206,205,1,Z,63,2,587,0,95,146,192,4,0,-46,-3,167,0,-412,-60,-13,3
27383,9.58,T,43,0,296,0,0,20,53,0,P,37,0,299,9,28,52,78,0,1,-6,0,3,9,28,32,25,0
27384,4.49,Z,21,3,124,0,27,64,49,1,T,16,0,350,0,5,97,34,1,1,-5,-3,226,0,-22,33,-15,0
27385,8.16,T,52,7,559,0,63,163,78,5,P,80,2,731,0,37,269,101,6,1,28,-5,172,0,-26,106,23,1
27386,3.21,T,12,0,244,0,1,15,24,1,T,15,2,130,0,7,28,34,0,1,3,2,-114,0,6,13,10,-1
27387,10.47,T,82,0,407,0,108,180,160,13,Z,92,0,811,0,214,303,392,14,1,10,0,404,0,106,123,232,1
27388,6.17,Z,33,0,626,0,23,72,93,6,P,39,4,529,0,16,67,38,0,1,6,4,-97,0,-7,-5,-55,-6
27389,6.15,T,62,3,280,0,22,166,84,2,Z,56,0,368,0,42,149,120,4,1,-6,-3,88,0,20,-17,36,2
27390,9.59,Z,64,0,657,0,82,106,203,3,T,78,3,814,0,75,142,120,3,1,14,3,157,0,-7,36,-83,0
27391,6.56,Z,33,0,287,0,89,154,181,5,Z,26,1,533,0,6,93,125,1,0,-7,1,246,0,-83,-61,-56,-4
27392,7.1,Z,54,0,321,0,112,244,223,6,T,87,0,260,0,88,134,101,13,1,33,0,-61,0,-24,-110,-122,7
27393,9.52,T,108,3,641,0,136,197,99,6,T,77,0,453,0,549,286,165,9,1,-31,-3,-188,0,413,89,66,3
27394,9.59,P,44,6,965,0,26,216,102,2,Z,72,5,319,0,48,191,238,0,0,28,-1,-646,0,22,-25,136,-2
27395,10.45,T,148,1,372,2,688,258,179,12,T,108,0,688,0,767,286,137,10,0,-40,-1,316,-2,79,28,-42,-2
27396,7.24,T,76,7,496,0,173,132,187,5,P,45,0,371,0,39,93,40,5,1,-31,-7,-125,0,-134,-39,-147,0
27397,5.09,T,52,0,202,0,376,195,106,7,T,38,2,158,0,264,88,43,1,0,-14,2,-44,0,-112,-107,-63,-6
27398,8.34,P,31,7,524,0,81,199,42,0,Z,38,0,340,0,6,65,119,4,0,7,-7,-184,0,-75,-134,77,4
27399,7.54,Z,41,2,291,0,45,74,131,0,Z,30,1,407,0,22,190,136,1,0,-11,-1,116,0,-23,116,5,1
27400,9.59,Z,64,24,904,0,72,103,205,6,P,60,0,801,0,61,324,97,13,0,-4,-24,-103,0,-11,221,-108,7
27401,5.33,P,34,1,205,0,28,128,45,6,T,33,0,428,0,190,129,126,7,1,-1,-1,223,0,162,1,81,1
27402,6.44,Z,48,8,432,0,54,225,122,4,Z,45,6,545,0,17,227,141,0,0,-3,-2,113,0,-37,2,19,-4
27403,8.22,T,96,5,341,0,116,298,227,2,T,75,0,390,0,622,307,317,19,0,-21,-5,49,0,506,9,90,17
27404,4.57,T,21,0,411,0,15,77,44,4,P,24,3,160,0,4,53,33,0,0,3,3,-251,0,-11,-24,-11,-4
27405,8.24,Z,61,0,513,0,825,140,248,7,Z,54,0,364,0,90,138,255,7,1,-7,0,-149,0,-735,-2,7,0
27406,6.42,T,35,0,360,0,12,69,60,8,T,44,7,270,0,219,107,80,6,1,9,7,-90,0,207,38,20,-2
27407,10.41,P,61,0,928,0,284,210,220,8,Z,59,0,557,0,33,404,597,10,0,-2,0,-371,0,-251,194,377,2
27408,4.07,Z,16,10,342,0,131,84,66,7,Z,19,0,116,0,0,31,101,1,0,3,-10,-226,0,-131,-53,35,-6
27409,9.53,T,66,0,784,0,18,144,80,5,T,87,7,537,0,39,91,145,0,0,21,7,-247,0,21,-53,65,-5
27410,9.59,T,42,0,690,0,0,179,200,0,Z,64,0,414,0,0,181,125,0,0,22,0,-276,0,0,2,-75,0
27411,9.59,P,34,0,1072,0,12,300,120,4,T,57,0,409,0,6,269,105,5,1,23,0,-663,0,-6,-31,-15,1
27412,5.32,Z,28,0,74,0,136,90,199,4,P,41,0,412,0,356,185,55,5,1,13,0,338,0,220,95,-144,1
27413,8.56,Z,29,0,434,0,15,37,101,1,P,27,0,391,0,0,8,24,0,1,-2,0,-43,0,-15,-29,-77,-1
27414,9.51,Z,63,0,295,0,220,94,265,27,T,78,0,672,0,346,243,140,6,1,15,0,377,0,126,149,-125,-21
27415,4.05,Z,17,3,163,0,8,31,36,0,Z,12,0,195,0,3,11,52,2,0,-5,-3,32,0,-5,-20,16,2
27416,7.02,Z,29,4,474,0,27,87,96,0,T,43,3,363,0,81,99,61,0,1,14,-1,-111,0,54,12,-35,0
27417,4.51,P,19,0,224,0,8,123,47,3,P,24,2,321,0,433,131,47,8,0,5,2,97,0,425,8,0,5
27418,0,Z,0,0,1,0,0,0,0,0,Z,11,1,20,0,110,12,181,3,1,11,1,19,0,110,12,181,3
27419,8.35,Z,62,8,154,5,566,229,203,0,Z,68,12,314,0,62,107,194,3,1,6,4,160,-5,-504,-122,-9,3
27420,10.37,Z,78,2,332,0,272,365,469,4,Z,73,5,443,0,68,110,213,8,1,-5,3,111,0,-204,-255,-256,4
27421,3.58,T,18,2,170,0,183,44,152,4,Z,24,0,131,0,14,99,104,2,1,6,-2,-39,0,-169,55,-48,-2
27422,9.59,T,102,0,544,0,489,211,179,10,P,67,0,673,0,17,350,94,3,0,-35,0,129,0,-472,139,-85,-7
27423,5.2,Z,23,0,140,3,12,55,78,0,P,29,0,129,0,226,54,40,8,1,6,0,-11,-3,214,-1,-38,8
27424,10.06,T,57,0,484,0,5,62,101,6,Z,55,0,466,0,1,105,140,1,1,-2,0,-18,0,-4,43,39,-5
27425,2.28,Z,7,3,116,0,249,27,71,3,Z,9,0,125,0,67,112,59,11,0,2,-3,9,0,-182,85,-12,8
27426,2.55,Z,11,0,52,0,20,21,39,2,Z,8,0,208,0,37,31,59,4,0,-3,0,156,0,17,10,20,2
27427,8.28,P,121,1,649,0,423,296,128,10,Z,71,0,378,0,321,145,301,46,1,-50,-1,-271,0,-102,-151,173,36
27428,6.19,P,31,0,360,0,16,102,44,2,T,54,0,555,0,23,65,58,4,1,23,0,195,0,7,-37,14,2
27429,4.1,P,38,0,240,0,286,130,22,9,Z,20,0,235,11,243,54,108,0,0,-18,0,-5,11,-43,-76,86,-9
27430,10.05,P,60,4,532,0,23,243,81,0,T,69,0,582,0,10,295,144,9,0,9,-4,50,0,-13,52,63,9
27431,9.34,P,22,4,417,0,5,115,48,0,Z,69,0,692,0,400,280,300,8,1,47,-4,275,0,395,165,252,8
27432,4.06,T,23,0,247,0,178,168,148,7,P,14,0,167,0,13,43,27,4,1,-9,0,-80,0,-165,-125,-121,-3
27433,6.48,T,42,2,370,0,7,202,181,2,P,43,0,443,0,16,253,168,7,0,1,-2,73,0,9,51,-13,5
27434,1.41,P,10,0,47,0,3,75,11,4,P,9,0,58,0,90,54,59,7,0,-1,0,11,0,87,-21,48,3
27435,7.36,Z,26,4,141,0,13,166,135,2,P,37,0,430,0,0,127,67,0,1,11,-4,289,0,-13,-39,-68,-2
27436,9.59,Z,41,6,661,0,20,341,198,1,T,80,0,575,0,34,234,88,6,1,39,-6,-86,0,14,-107,-110,5
27437,6.59,Z,33,2,272,0,32,104,101,2,Z,38,1,249,0,33,163,107,3,1,5,-1,-23,0,1,59,6,1
27438,8.2,T,80,0,785,0,704,140,112,9,P,59,5,453,0,42,192,72,5,1,-21,5,-332,0,-662,52,-40,-4
27439,9.44,P,71,10,430,0,265,291,123,12,P,78,0,316,0,286,350,68,11,0,7,-10,-114,0,21,59,-55,-1
27440,4.27,P,24,0,336,0,0,64,27,0,P,19,0,223,0,0,97,16,0,0,-5,0,-113,0,0,33,-11,0
27441,10.1,Z,85,11,429,0,350,285,459,2,P,100,5,604,0,101,296,110,3,1,15,-6,175,0,-249,11,-349,1
27442,3.33,Z,13,1,180,0,174,94,172,1,T,21,4,117,0,1,32,26,0,1,8,3,-63,0,-173,-62,-146,-1
27443,6.44,Z,36,0,462,0,66,240,150,20,P,40,0,311,0,472,198,91,7,1,4,0,-151,0,406,-42,-59,-13
27444,9.35,P,45,0,705,0,0,230,66,0,T,46,0,586,0,0,38,131,0,0,1,0,-119,0,0,-192,65,0
27445,6.26,Z,34,0,267,0,29,37,77,6,Z,31,0,81,0,12,59,70,1,0,-3,0,-186,0,-17,22,-7,-5
27446,9.58,Z,55,4,687,1,52,88,150,2,P,54,5,597,0,23,228,58,3,1,-1,1,-90,-1,-29,140,-92,1
27447,9.52,P,45,0,810,0,0,122,94,0,T,61,0,727,0,9,79,109,3,0,16,0,-83,0,9,-43,15,3
27448,5.07,T,30,0,238,0,195,53,49,6,Z,25,0,229,0,178,112,111,8,1,-5,0,-9,0,-17,59,62,2
27449,5.24,T,38,4,266,0,337,200,121,1,T,42,1,525,0,17,105,47,4,0,4,-3,259,0,-320,-95,-74,3
27450,5.57,Z,14,2,201,0,13,36,41,0,P,38,0,376,0,21,106,50,5,1,24,-2,175,0,8,70,9,5
27451,6.3,T,18,3,308,0,2,49,66,0,Z,22,2,220,0,40,74,83,1,1,4,-1,-88,0,38,25,17,1
27452,2.18,T,15,0,198,0,71,104,22,3,T,12,0,109,0,3,18,18,2,1,-3,0,-89,0,-68,-86,-4,-1
27453,10.43,T,54,1,833,0,27,176,93,3,P,44,4,625,0,18,48,39,0,0,-10,3,-208,0,-9,-128,-54,-3
27454,8.13,P,64,0,522,0,384,177,61,8,T,94,0,410,0,450,117,128,15,1,30,0,-112,0,66,-60,67,7
27455,9.5,Z,38,0,754,0,53,100,140,4,Z,60,2,468,0,120,136,283,1,1,22,2,-286,0,67,36,143,-3
27456,8.26,T,81,1,481,0,294,277,83,13,Z,53,0,432,7,88,151,144,0,0,-28,-1,-49,7,-206,-126,61,-13
27457,9.59,P,34,0,650,0,2,121,124,1,T,48,0,931,0,11,256,69,3,0,14,0,281,0,9,135,-55,2
27458,9.49,Z,73,0,482,0,293,97,327,5,T,117,8,411,0,423,278,241,4,1,44,8,-71,0,130,181,-86,-1
27459,8.03,Z,42,1,297,0,9,34,119,0,T,54,0,663,0,0,206,146,0,1,12,-1,366,0,-9,172,27,0
27460,9.58,Z,64,0,367,0,13,136,311,3,T,79,8,892,0,238,190,127,1,1,15,8,525,0,225,54,-184,-2
27461,9.59,T,46,0,1708,0,0,85,85,0,T,45,0,687,0,0,28,75,0,1,-1,0,-1021,0,0,-57,-10,0
27462,6.31,Z,41,0,358,0,45,193,168,6,T,53,0,318,0,38,179,74,10,1,12,0,-40,0,-7,-14,-94,4
27463,7.48,T,72,4,455,0,313,251,139,5,T,60,0,434,0,6,187,89,9,0,-12,-4,-21,0,-307,-64,-50,4
27464,7.29,T,49,2,580,0,19,42,68,5,Z,41,1,489,0,12,81,109,0,0,-8,-1,-91,0,-7,39,41,-5
27465,3.49,Z,12,0,230,0,1,25,50,2,T,17,0,143,0,56,90,110,4,0,5,0,-87,0,55,65,60,2
27466,10.1,P,100,7,608,0,210,290,163,3,P,67,4,603,0,310,340,123,1,0,-33,-3,-5,0,100,50,-40,-2
27467,8.12,Z,38,7,486,0,41,146,163,0,Z,44,5,281,0,398,76,143,3,0,6,-2,-205,0,357,-70,-20,3
27468,6.38,T,52,0,303,0,0,39,82,1,Z,37,0,403,0,24,46,91,2,1,-15,0,100,0,24,7,9,1
27469,8.29,Z,75,5,440,0,264,314,304,2,P,67,4,396,0,413,319,88,8,0,-8,-1,-44,0,149,5,-216,6
27470,9.58,Z,52,0,527,0,35,134,177,2,T,8,0,111,0,0,23,18,0,0,-44,0,-416,0,-35,-111,-159,-2
27471,10.58,P,62,9,492,0,50,153,83,0,Z,80,1,678,0,12,96,242,8,1,18,-8,186,0,-38,-57,159,8
27472,1.2,Z,5,3,36,0,11,7,9,2,P,2,0,39,0,0,4,6,1,1,-3,-3,3,0,-11,-3,-3,-1
27473,8.39,P,60,2,379,0,501,138,118,6,T,95,3,679,0,317,162,157,5,1,35,1,300,0,-184,24,39,-1
27474,9.59,Z,67,2,456,0,229,193,312,2,T,76,0,512,0,85,142,75,15,1,9,-2,56,0,-144,-51,-237,13
27475,9.4,Z,74,0,846,0,22,162,311,13,P,49,0,639,0,18,240,79,4,0,-25,0,-207,0,-4,78,-232,-9
27476,9.58,P,37,0,601,0,130,356,195,4,P,57,2,346,0,50,188,77,0,1,20,2,-255,0,-80,-168,-118,-4
27477,1.41,Z,12,0,25,0,106,46,76,5,P,5,0,127,0,0,9,10,1,0,-7,0,102,0,-106,-37,-66,-4
27478,2.53,T,11,0,172,0,13,36,24,2,T,14,1,124,0,239,47,90,11,0,3,1,-48,0,226,11,66,9
27479,10.34,T,119,2,296,0,788,188,115,14,Z,68,10,656,0,162,130,210,4,1,-51,8,360,0,-626,-58,95,-10
27480,9.59,P,66,0,624,0,162,215,240,2,P,102,0,604,0,763,340,130,13,1,36,0,-20,0,601,125,-110,11
27481,9.59,Z,60,5,619,6,72,272,256,0,T,56,0,843,0,0,63,107,3,0,-4,-5,224,-6,-72,-209,-149,3
27482,4.05,P,18,1,291,0,22,96,22,0,P,18,0,146,0,16,105,19,9,0,0,-1,-145,0,-6,9,-3,9
27483,9.59,P,41,0,634,0,0,104,73,0,P,41,5,509,0,8,282,53,0,0,0,5,-125,0,8,178,-20,0
27484,9.59,T,131,0,576,0,90,330,110,13,Z,68,2,460,0,62,148,213,0,1,-63,2,-116,0,-28,-182,103,-13
27485,6.24,T,37,1,303,0,5,77,85,1,P,33,3,374,0,13,253,39,3,1,-4,2,71,0,8,176,-46,2
27486,4.43,P,18,0,173,0,12,91,25,3,P,16,0,326,0,15,46,47,2,1,-2,0,153,0,3,-45,22,-1
27487,3.26,Z,10,1,175,0,35,40,56,1,Z,15,0,99,0,16,49,56,0,1,5,-1,-76,0,-19,9,0,-1
27488,4.54,P,20,4,298,0,2,73,37,0,T,21,0,169,0,32,56,25,5,1,1,-4,-129,0,30,-17,-12,5
27489,6.47,T,67,1,328,0,107,180,172,3,T,48,1,373,0,322,106,47,4,1,-19,0,45,0,215,-74,-125,1
27490,8.05,Z,43,3,616,0,45,113,155,0,T,72,6,603,0,517,120,117,11,1,29,3,-13,0,472,7,-38,11
27491,2.25,Z,3,0,6,0,0,2,11,0,Z,8,0,353,0,0,12,31,2,1,5,0,347,0,0,10,20,2
27492,6.51,P,28,0,261,0,18,79,39,2,T,42,2,497,0,57,134,306,1,1,14,2,236,0,39,55,267,-1
27493,9.14,P,86,1,499,0,418,352,163,16,T,115,0,518,0,575,382,196,19,0,29,-1,19,0,157,30,33,3
27494,5.47,P,23,2,175,0,4,20,18,1,T,20,0,245,0,0,29,46,0,0,-3,-2,70,0,-4,9,28,-1
27495,9.59,T,98,7,238,0,190,319,187,4,Z,56,0,708,0,575,142,239,6,1,-42,-7,470,0,385,-177,52,2
27496,4.43,P,17,0,266,0,10,87,26,0,P,15,0,104,0,124,83,30,3,1,-2,0,-162,0,114,-4,4,3
27497,6.22,T,59,0,387,0,129,325,139,8,Z,44,0,391,0,202,136,315,3,1,-15,0,4,0,73,-189,176,-5
27498,9.58,Z,56,10,464,0,77,107,207,4,T,66,3,693,0,143,167,90,3,1,10,-7,229,0,66,60,-117,-1
27499,10.4,T,45,0,367,0,8,89,119,4,T,40,0,435,0,0,73,103,0,0,-5,0,68,0,-8,-16,-16,-4
27500,7.58,Z,22,0,635,0,0,109,97,0,P,27,0,419,0,2,78,34,1,1,5,0,-216,0,2,-31,-63,1
27501,3.02,P,15,0,71,0,26,25,12,1,T,13,3,187,0,8,31,14,0,0,-2,3,116,0,-18,6,2,-1
27502,3.25,T,12,0,175,3,11,24,23,0,P,20,1,41,0,269,55,95,3,1,8,1,-134,-3,258,31,72,3
27503,9.56,T,48,1,370,0,11,74,88,0,Z,42,1,274,0,11,84,173,7,0,-6,0,-96,0,0,10,85,7
27504,6.32,Z,30,0,189,4,48,91,122,0,P,33,0,701,0,25,110,57,4,0,3,0,512,-4,-23,19,-65,4
27505,9.57,T,71,6,656,0,143,296,133,0,P,44,2,509,0,9,214,54,0,0,-27,-4,-147,0,-134,-82,-79,0
27506,9.01,Z,35,0,357,0,14,36,105,2,P,62,0,503,0,45,319,157,3,1,27,0,146,0,31,283,52,1
27507,9.58,T,65,2,353,0,21,169,132,2,Z,65,0,477,0,94,73,207,18,0,0,-2,124,0,73,-96,75,16
27508,7.23,P,40,4,282,0,47,209,56,3,T,48,4,331,0,11,128,78,3,1,8,0,49,0,-36,-81,22,0
27509,9.59,Z,58,0,1027,0,29,185,177,3,P,54,0,671,0,13,113,97,6,0,-4,0,-356,0,-16,-72,-80,3
27510,4.07,T,16,0,284,0,0,24,32,0,P,16,6,124,0,21,60,61,0,1,0,6,-160,0,21,36,29,0
27511,5.25,T,14,0,233,0,0,12,22,0,Z,23,7,373,0,26,43,65,1,1,9,7,140,0,26,31,43,1
27512,3.45,T,18,0,221,0,23,108,37,4,Z,16,0,510,0,56,93,73,3,0,-2,0,289,0,33,-15,36,-1
27513,3.14,Z,12,0,124,0,60,31,99,1,P,14,0,185,0,6,45,13,2,0,2,0,61,0,-54,14,-86,1
27514,9.59,Z,141,3,606,0,854,305,315,8,T,100,0,485,0,491,318,198,14,0,-41,-3,-121,0,-363,13,-117,6
27515,6.41,Z,43,1,586,0,39,118,113,0,Z,42,0,249,0,157,207,222,4,0,-1,-1,-337,0,118,89,109,4
27516,5.44,T,16,0,262,0,0,28,49,0,P,14,0,171,0,0,16,24,0,1,-2,0,-91,0,0,-12,-25,0
27517,5.49,Z,35,5,266,0,222,134,308,1,Z,40,3,254,1,168,211,226,3,0,5,-2,-12,1,-54,77,-82,2
27518,8.44,T,104,0,347,0,627,247,200,19,T,98,0,433,0,92,334,110,10,0,-6,0,86,0,-535,87,-90,-9
27519,4.38,T,14,0,184,0,1,32,23,1,P,13,0,620,0,22,84,32,1,1,-1,0,436,0,21,52,9,0
27520,9.58,T,70,9,750,0,302,245,250,0,T,70,4,973,0,21,125,173,1,0,0,-5,223,0,-281,-120,-77,1
27521,3.45,T,25,0,164,0,488,135,147,5,Z,15,0,162,0,182,80,82,3,1,-10,0,-2,0,-306,-55,-65,-2
27522,2.49,Z,9,0,277,0,2,30,66,1,Z,12,0,136,0,6,27,68,7,0,3,0,-141,0,4,-3,2,6
27523,7.33,Z,34,2,673,0,48,46,134,2,P,37,2,431,0,18,142,64,3,1,3,0,-242,0,-30,96,-70,1
27524,9.47,T,41,0,195,0,4,89,72,7,Z,67,13,409,0,209,213,254,1,1,26,13,214,0,205,124,182,-6
27525,4.06,T,9,1,97,0,0,8,23,1,T,24,0,155,0,170,86,35,10,1,15,-1,58,0,170,78,12,9
27526,9.58,T,86,3,603,0,52,275,146,4,P,73,0,428,0,572,382,157,27,1,-13,-3,-175,0,520,107,11,23
27527,6.53,T,67,0,478,0,293,183,140,11,Z,47,0,599,0,0,79,189,1,0,-20,0,121,0,-293,-104,49,-10
27528,3.15,Z,11,1,136,0,7,39,55,2,Z,10,0,122,0,0,53,40,2,1,-1,-1,-14,0,-7,14,-15,0
27529,9.23,Z,85,6,473,0,36,197,220,1,T,81,1,413,0,107,316,99,7,0,-4,-5,-60,0,71,119,-121,6
27530,2.46,P,12,0,83,0,208,80,49,11,T,14,3,147,0,215,31,76,1,1,2,3,64,0,7,-49,27,-10
27531,9.48,Z,73,11,602,2,92,136,239,1,T,83,6,615,0,156,128,80,6,0,10,-5,13,-2,64,-8,-159,5
27532,6.26,P,27,0,237,0,0,80,42,0,P,24,0,178,0,11,33,41,2,0,-3,0,-59,0,11,-47,-1,2
27533,7.08,P,57,0,350,0,262,171,72,13,T,63,0,454,0,148,190,106,15,1,6,0,104,0,-114,19,34,2
27534,6.35,P,47,8,519,1,215,134,86,0,Z,32,4,520,0,37,119,122,0,1,-15,-4,1,-1,-178,-15,36,0
27535,5.55,T,68,3,315,0,367,249,125,18,P,46,0,282,0,454,203,147,9,0,-22,-3,-33,0,87,-46,22,-9
27536,9.59,T,91,6,720,0,40,143,147,2,P,58,0,802,0,112,120,80,9,0,-33,-6,82,0,72,-23,-67,7
27537,7.35,T,71,6,268,0,107,172,95,5,P,73,4,425,0,507,407,172,5,1,2,-2,157,0,400,235,77,0
27538,3.33,P,15,0,175,0,1,108,91,3,P,26,0,64,0,353,219,50,8,0,11,0,-111,0,352,111,-41,5
27539,3.11,P,16,0,205,0,16,96,98,1,P,14,0,159,0,90,100,64,7,1,-2,0,-46,0,74,4,-34,6
27540,3.57,Z,11,1,259,0,6,38,59,2,T,14,0,154,0,54,34,15,2,0,3,-1,-105,0,48,-4,-44,0
27541,10.23,T,39,0,387,0,0,40,67,0,Z,47,3,491,0,0,147,162,0,1,8,3,104,0,0,107,95,0
27542,5.58,T,27,0,322,0,0,18,50,0,P,25,1,343,0,0,32,23,0,0,-2,1,21,0,0,14,-27,0
27543,4,P,19,0,125,0,0,214,19,0,T,22,0,379,0,0,87,52,0,1,3,0,254,0,0,-127,33,0
27544,9.49,T,75,0,605,0,24,218,133,3,P,51,2,534,0,14,221,95,0,1,-24,2,-71,0,-10,3,-38,-3
27545,7.19,T,39,3,422,0,47,186,42,0,P,38,4,334,0,2,176,49,0,1,-1,1,-88,0,-45,-10,7,0
27546,9.59,Z,77,0,435,0,200,237,279,13,T,135,1,546,0,365,331,187,14,0,58,1,111,0,165,94,-92,1
27547,9.58,T,22,3,685,0,4,48,60,1,P,37,0,712,0,0,38,72,1,0,15,-3,27,0,-4,-10,12,0
27548,3,Z,10,0,167,0,323,18,40,1,P,9,0,182,0,133,74,13,13,0,-1,0,15,0,-190,56,-27,12
27549,8.33,Z,50,1,212,0,84,71,160,3,Z,42,2,250,0,305,134,139,2,1,-8,1,38,0,221,63,-21,-1
27550,9.2,Z,46,5,335,0,316,302,221,1,T,44,0,550,0,11,80,56,3,0,-2,-5,215,0,-305,-222,-165,2
27551,9.58,P,81,0,698,0,269,285,192,10,T,95,3,521,0,162,237,151,10,0,14,3,-177,0,-107,-48,-41,0
27552,9.08,P,65,6,782,0,40,247,153,0,Z,58,0,619,0,23,159,231,4,0,-7,-6,-163,0,-17,-88,78,4
27553,7.43,P,44,0,642,0,176,113,66,4,T,70,1,567,0,46,149,72,5,0,26,1,-75,0,-130,36,6,1
27554,6.38,T,48,4,367,1,68,69,91,0,Z,39,1,305,0,86,116,154,0,1,-9,-3,-62,-1,18,47,63,0
27555,4.28,Z,22,0,225,0,280,135,104,8,T,23,1,188,0,425,135,225,7,0,1,1,-37,0,145,0,121,-1
27556,6.48,T,52,2,331,0,28,97,109,0,Z,42,0,297,0,49,167,215,4,0,-10,-2,-34,0,21,70,106,4
27557,4.31,T,23,0,391,0,1,64,34,1,P,18,0,122,0,6,44,18,1,1,-5,0,-269,0,5,-20,-16,0
27558,3.54,T,21,0,114,0,197,49,238,4,T,16,0,197,0,24,68,19,5,1,-5,0,83,0,-173,19,-219,1
27559,9.59,T,62,0,303,0,260,282,181,3,Z,59,3,615,0,24,117,157,0,0,-3,3,312,0,-236,-165,-24,-3
27560,4.32,T,14,0,173,0,0,14,21,0,P,17,0,148,0,281,52,138,4,1,3,0,-25,0,281,38,117,4
27561,10.46,T,57,6,534,0,7,58,106,0,T,48,0,435,0,21,67,78,2,0,-9,-6,-99,0,14,9,-28,2
27562,9.1,T,104,0,515,0,83,175,113,13,P,66,0,683,0,246,227,169,17,1,-38,0,168,0,163,52,56,4
27563,9.3,P,67,0,593,0,21,240,86,1,T,90,5,631,0,333,224,167,14,1,23,5,38,0,312,-16,81,13
27564,9.28,P,40,0,723,0,10,97,54,3,T,67,0,715,0,31,116,78,4,1,27,0,-8,0,21,19,24,1
27565,7.35,P,66,2,496,0,479,235,91,10,P,51,1,272,3,43,104,66,0,0,-15,-1,-224,3,-436,-131,-25,-10
27566,6.38,T,51,0,249,0,15,247,85,9,P,27,0,351,0,0,149,52,0,0,-24,0,102,0,-15,-98,-33,-9
27567,9.59,Z,48,2,833,0,55,238,212,3,T,60,0,602,0,22,179,55,4,1,12,-2,-231,0,-33,-59,-157,1
27568,8.29,T,96,2,570,0,24,248,126,0,P,67,6,424,0,27,342,148,7,1,-29,4,-146,0,3,94,22,7
27569,10.35,Z,86,1,527,0,37,158,185,1,T,61,12,406,0,33,95,95,2,0,-25,11,-121,0,-4,-63,-90,1
27570,9.59,Z,38,0,587,0,8,43,171,4,P,31,0,742,4,7,52,58,0,0,-7,0,155,4,-1,9,-113,-4
27571,7.35,T,68,8,155,0,117,110,142,8,P,26,0,160,0,2,80,52,3,0,-42,-8,5,0,-115,-30,-90,-5
27572,9.59,Z,70,2,451,0,36,115,158,0,T,48,2,532,0,16,107,78,0,0,-22,0,81,0,-20,-8,-80,0
27573,3.44,P,17,2,118,0,0,78,39,0,T,19,0,193,0,6,10,22,3,1,2,-2,75,0,6,-68,-17,3
27574,9.58,T,112,0,427,0,51,247,131,3,T,80,3,736,0,166,158,74,1,1,-32,3,309,0,115,-89,-57,-2
27575,9.59,T,103,2,387,0,244,245,138,3,Z,60,3,501,0,33,268,239,3,0,-43,1,114,0,-211,23,101,0
27576,8.22,T,29,0,625,0,0,113,76,0,P,44,0,390,0,3,142,78,1,1,15,0,-235,0,3,29,2,1
27577,8.05,P,55,0,388,0,12,117,104,2,T,45,9,617,0,38,163,87,1,1,-10,9,229,0,26,46,-17,-1
27578,3.34,Z,12,1,140,0,11,20,30,1,T,14,0,229,0,0,11,16,0,1,2,-1,89,0,-11,-9,-14,-1
27579,10.24,Z,67,4,445,0,647,175,227,11,Z,64,3,737,0,73,185,168,0,0,-3,-1,292,0,-574,10,-59,-11
27580,9.35,T,80,0,482,0,319,355,106,14,T,91,0,761,0,872,465,85,11,0,11,0,279,0,553,110,-21,-3
27581,8.01,P,43,0,482,0,102,206,92,9,Z,55,5,376,0,116,284,356,1,0,12,5,-106,0,14,78,264,-8
27582,9.59,P,42,10,741,1,42,59,49,1,Z,45,3,122,0,60,45,151,2,1,3,-7,-619,-1,18,-14,102,1
27583,9.59,Z,71,3,376,0,113,390,286,8,T,124,0,723,0,396,263,175,12,1,53,-3,347,0,283,-127,-111,4
27584,10.28,P,70,0,658,0,255,221,81,8,Z,84,0,449,4,65,277,319,5,0,14,0,-209,4,-190,56,238,-3
27585,7.28,T,69,0,356,0,3,233,138,4,T,39,9,410,0,42,68,41,1,0,-30,9,54,0,39,-165,-97,-3
27586,3.22,P,12,0,196,0,0,160,8,0,Z,10,0,161,0,0,21,45,0,0,-2,0,-35,0,0,-139,37,0
27587,8.05,Z,42,2,699,0,19,196,136,0,P,46,0,723,0,473,120,72,5,1,4,-2,24,0,454,-76,-64,5
27588,9.59,T,51,1,632,0,35,149,117,4,T,38,0,571,0,0,35,65,0,0,-13,-1,-61,0,-35,-114,-52,-4
27589,6.39,T,23,0,240,0,1,65,44,2,Z,87,3,445,0,22,192,241,2,1,64,3,205,0,21,127,197,0
27590,8.1,P,44,0,607,0,0,134,74,2,Z,44,0,361,0,60,265,282,5,1,0,0,-246,0,60,131,208,3
27591,5.45,Z,19,3,479,0,90,191,105,1,P,14,0,358,0,0,186,30,1,0,-5,-3,-121,0,-90,-5,-75,0
27592,5.46,T,68,2,422,0,257,142,77,0,T,46,1,219,0,326,155,97,5,0,-22,-1,-203,0,69,13,20,5
27593,4.27,T,29,0,177,0,60,85,50,3,T,24,0,294,0,3,64,78,1,0,-5,0,117,0,-57,-21,28,-2
27594,3.57,P,18,0,165,0,5,68,43,3,T,31,0,313,0,57,184,48,3,0,13,0,148,0,52,116,5,0
27595,3.03,T,15,0,242,0,0,101,51,0,T,14,0,243,0,0,27,28,2,1,-1,0,1,0,0,-74,-23,2
27596,10.22,T,73,6,1016,0,29,164,189,4,P,100,7,600,0,678,182,96,7,1,27,1,-416,0,649,18,-93,3
27597,10.34,Z,65,3,830,0,68,218,144,6,T,88,0,654,0,38,300,92,6,0,23,-3,-176,0,-30,82,-52,0
27598,9.59,Z,72,18,654,0,560,170,236,10,T,91,3,570,0,431,272,154,6,1,19,-15,-84,0,-129,102,-82,-4
27599,6.07,P,38,0,505,0,263,179,180,5,Z,30,2,174,0,16,131,256,1,0,-8,2,-331,0,-247,-48,76,-4
27600,7.06,T,71,0,384,0,136,167,88,7,P,45,0,391,0,19,87,152,1,0,-26,0,7,0,-117,-80,64,-6
27601,9.59,Z,85,12,323,7,349,256,367,7,Z,79,5,364,0,471,158,321,27,1,-6,-7,41,-7,122,-98,-46,20
27602,9.25,Z,48,3,430,0,38,102,134,0,Z,55,0,244,17,385,51,363,2,0,7,-3,-186,17,347,-51,229,2
27603,2.29,T,12,0,95,0,2,19,25,2,Z,4,0,145,0,0,41,32,1,0,-8,0,50,0,-2,22,7,-1
27604,8.37,Z,63,5,343,0,141,189,207,0,T,74,1,330,0,235,208,115,10,0,11,-4,-13,0,94,19,-92,10
27605,6.03,T,30,0,231,0,49,58,58,4,T,41,1,544,0,19,20,45,4,1,11,1,313,0,-30,-38,-13,0
27606,6.01,Z,31,2,505,5,17,142,101,0,P,42,0,395,0,20,174,45,5,1,11,-2,-110,-5,3,32,-56,5
27607,1.41,T,7,0,37,0,68,34,79,5,T,8,1,120,0,128,12,9,0,0,1,1,83,0,60,-22,-70,-5
27608,4.36,P,28,0,195,0,30,86,36,7,Z,19,2,170,0,25,119,54,2,1,-9,2,-25,0,-5,33,18,-5
27609,4.29,P,22,0,205,0,140,111,67,4,T,23,3,236,0,144,171,108,7,1,1,3,31,0,4,60,41,3
27610,9.59,T,128,20,573,0,256,255,161,13,Z,70,6,284,0,195,253,305,7,0,-58,-14,-289,0,-61,-2,144,-6
27611,5.25,T,37,2,253,0,19,117,53,4,T,33,0,150,0,1,36,54,2,0,-4,-2,-103,0,-18,-81,1,-2
27612,8.2,T,77,1,898,0,19,227,101,4,P,83,0,564,0,271,369,91,12,1,6,-1,-334,0,252,142,-10,8
27613,9.59,Z,78,2,526,0,289,380,415,18,T,103,0,574,0,76,258,177,20,0,25,-2,48,0,-213,-122,-238,2
27614,5.31,Z,24,3,421,0,9,105,61,0,T,25,1,508,0,8,129,59,3,1,1,-2,87,0,-1,24,-2,3
27615,7.32,T,47,0,265,21,351,104,130,0,T,51,0,755,0,41,130,96,5,1,4,0,490,-21,-310,26,-34,5
27616,2.09,Z,6,0,128,0,0,15,39,1,P,6,0,83,0,7,60,4,3,1,0,0,-45,0,7,45,-35,2
27617,0.58,T,0,0,3,0,0,0,0,0,T,11,0,99,0,5,20,13,3,1,11,0,96,0,5,20,13,3
27618,8.55,Z,45,2,394,0,43,198,170,0,P,41,0,607,0,18,180,64,5,1,-4,-2,213,0,-25,-18,-106,5
27619,9.39,P,40,0,927,0,0,51,50,0,T,48,5,780,0,3,103,91,0,0,8,5,-147,0,3,52,41,0
27620,9.59,P,59,8,362,0,45,114,64,3,Z,53,2,577,0,10,231,213,0,0,-6,-6,215,0,-35,117,149,-3
27621,5.21,Z,39,4,302,1,212,77,97,7,P,42,0,217,0,358,163,72,6,1,3,-4,-85,-1,146,86,-25,-1
27622,9.59,P,65,2,823,0,94,173,79,8,P,57,0,452,0,7,248,119,5,0,-8,-2,-371,0,-87,75,40,-3
27623,9.59,Z,52,0,592,0,0,24,192,1,T,43,7,545,0,15,64,67,1,0,-9,7,-47,0,15,40,-125,0
27624,5.03,P,38,0,180,0,580,115,77,6,T,41,0,255,0,349,86,28,4,0,3,0,75,0,-231,-29,-49,-2
27625,8.19,Z,39,6,673,0,43,161,152,4,T,48,0,430,0,2,86,106,10,1,9,-6,-243,0,-41,-75,-46,6
27626,7.46,Z,45,2,592,0,95,241,171,6,P,81,2,706,0,129,225,55,9,1,36,0,114,0,34,-16,-116,3
27627,6.47,Z,53,0,280,0,164,162,264,4,Z,32,0,172,0,14,313,138,3,0,-21,0,-108,0,-150,151,-126,-1
27628,5.53,P,33,1,434,0,208,286,53,7,Z,37,1,321,0,128,170,347,3,0,4,0,-113,0,-80,-116,294,-4
27629,4.47,P,14,0,315,0,10,90,27,2,Z,12,0,130,0,0,42,56,0,0,-2,0,-185,0,-10,-48,29,-2
27630,3,T,11,0,322,0,2,24,22,3,T,17,0,118,0,406,71,22,9,1,6,0,-204,0,404,47,0,6
27631,7.27,P,38,0,584,0,31,124,41,5,Z,39,6,235,0,23,39,84,0,1,1,6,-349,0,-8,-85,43,-5
27632,4.46,P,30,3,270,0,170,74,111,3,Z,25,0,153,0,35,92,104,2,0,-5,-3,-117,0,-135,18,-7,-1
27633,4.29,T,34,4,300,2,68,105,38,0,T,24,0,229,0,336,83,110,6,0,-10,-4,-71,-2,268,-22,72,6
27634,9.58,T,73,0,544,10,121,165,108,1,T,75,0,349,0,45,220,150,5,1,2,0,-195,-10,-76,55,42,4
27635,4.55,Z,28,3,137,0,384,67,253,1,Z,21,0,445,0,32,62,223,3,1,-7,-3,308,0,-352,-5,-30,2
27636,7.42,P,31,0,174,0,0,168,39,1,T,39,0,283,0,4,58,62,4,1,8,0,109,0,4,-110,23,3
27637,6.26,T,55,1,243,0,733,123,101,6,Z,37,4,150,0,610,251,106,6,0,-18,3,-93,0,-123,128,5,0
27638,9.59,T,85,2,465,0,113,161,190,9,P,53,1,347,0,21,182,89,4,0,-32,-1,-118,0,-92,21,-101,-5
27639,8.08,Z,38,0,519,0,72,262,164,2,T,47,0,279,0,25,160,135,3,1,9,0,-240,0,-47,-102,-29,1
27640,9.23,P,46,1,898,0,2,145,67,3,Z,62,0,398,0,93,144,265,14,1,16,-1,-500,0,91,-1,198,11
27641,9.58,T,130,4,338,0,473,378,110,9,Z,75,5,641,0,66,283,196,5,1,-55,1,303,0,-407,-95,86,-4
27642,4.07,Z,20,3,113,0,28,33,63,1,Z,20,2,309,0,118,30,119,2,1,0,-1,196,0,90,-3,56,1
27643,10.38,P,93,1,514,0,856,563,366,18,T,121,0,589,0,63,296,108,9,0,28,-1,75,0,-793,-267,-258,-9
27644,6.46,Z,31,1,265,0,33,73,107,1,T,38,5,544,0,168,113,54,0,0,7,4,279,0,135,40,-53,-1
27645,9.57,P,25,0,466,0,1,55,77,1,T,30,0,966,0,0,63,73,0,1,5,0,500,0,-1,8,-4,-1
27646,9.59,P,62,0,419,0,320,381,253,11,T,84,0,502,0,346,327,246,15,1,22,0,83,0,26,-54,-7,4
27647,9.3,T,58,2,528,0,66,156,101,11,P,51,0,447,0,37,38,59,9,0,-7,-2,-81,0,-29,-118,-42,-2
27648,8.09,Z,58,6,301,0,243,155,367,4,T,91,0,308,0,183,201,132,10,1,33,-6,7,0,-60,46,-235,6
27649,9.59,Z,71,15,421,2,238,252,313,6,T,132,12,361,31,175,272,246,10,0,61,-3,-60,29,-63,20,-67,4
27650,6.01,P,31,0,529,0,58,82,123,4,Z,34,2,247,0,517,113,148,4,1,3,2,-282,0,459,31,25,0
27651,8.15,T,115,6,394,0,431,298,182,2,Z,67,8,310,0,88,223,209,6,0,-48,2,-84,0,-343,-75,27,4
27652,5.22,Z,45,3,235,0,63,165,100,6,T,62,2,335,0,125,131,135,7,0,17,-1,100,0,62,-34,35,1
27653,9.28,P,66,8,469,0,196,172,176,4,T,82,5,398,0,41,198,81,11,1,16,-3,-71,0,-155,26,-95,7
27654,9.22,Z,56,4,227,0,70,92,175,3,P,48,4,588,0,12,278,82,2,0,-8,0,361,0,-58,186,-93,-1
27655,6.4,P,26,0,210,0,11,37,27,5,T,59,7,365,0,232,138,165,3,1,33,7,155,0,221,101,138,-2
27656,9.38,T,111,0,443,0,365,264,147,7,Z,75,0,598,0,476,219,350,5,1,-36,0,155,0,111,-45,203,-2
27657,9.22,T,87,0,314,0,447,373,211,17,P,55,0,488,0,8,306,89,1,0,-32,0,174,0,-439,-67,-122,-16
27658,5.52,T,68,1,241,0,233,217,186,5,T,51,4,374,0,54,149,45,1,0,-17,3,133,0,-179,-68,-141,-4
27659,9.59,Z,47,1,439,0,36,157,174,2,T,52,1,612,0,12,141,61,4,0,5,0,173,0,-24,-16,-113,2
27660,8.07,Z,40,3,575,0,47,167,137,0,Z,60,6,332,0,380,142,212,6,1,20,3,-243,0,333,-25,75,6
27661,7.23,Z,43,0,275,0,10,156,294,11,Z,43,8,457,0,670,160,198,6,1,0,8,182,0,660,4,-96,-5
27662,4.49,T,34,4,196,0,289,101,154,2,Z,24,2,69,0,151,112,100,7,1,-10,-2,-127,0,-138,11,-54,5
27663,7.07,Z,34,3,322,0,18,115,80,0,P,40,0,548,0,0,208,101,0,0,6,-3,226,0,-18,93,21,0
27664,6.36,T,32,0,290,0,31,121,38,3,P,36,0,236,0,355,111,169,5,0,4,0,-54,0,324,-10,131,2
27665,9.59,Z,41,1,426,0,4,162,201,0,P,51,1,431,0,12,272,49,4,0,10,0,5,0,8,110,-152,4
27666,4.28,T,47,0,284,0,162,124,117,6,Z,24,0,210,0,18,118,51,6,0,-23,0,-74,0,-144,-6,-66,0
27667,6.35,Z,43,2,314,0,28,167,255,3,T,67,0,333,0,806,213,191,5,1,24,-2,19,0,778,46,-64,2
27668,8.51,Z,54,0,472,0,344,193,348,14,T,78,8,590,0,163,180,111,3,0,24,8,118,0,-181,-13,-237,-11
27669,4.39,Z,18,0,180,0,198,97,77,4,T,43,1,141,0,40,122,64,10,1,25,1,-39,0,-158,25,-13,6
27670,10.56,T,175,6,432,0,199,329,179,22,Z,93,8,780,0,396,345,551,1,0,-82,2,348,0,197,16,372,-21
27671,7.39,T,37,0,334,0,151,134,158,8,Z,52,2,474,0,132,384,249,4,1,15,2,140,0,-19,250,91,-4
27672,0.37,Z,3,0,26,0,2,5,9,3,Z,3,1,32,0,3,15,11,1,0,0,1,6,0,1,10,2,-2
27673,9.07,P,75,1,369,0,88,209,80,10,P,51,0,413,0,12,206,95,5,0,-24,-1,44,0,-76,-3,15,-5
27674,5,Z,29,0,298,3,31,108,92,0,Z,31,4,265,0,117,58,140,3,0,2,4,-33,-3,86,-50,48,3
27675,10.19,Z,49,4,436,2,51,96,169,11,T,55,1,432,0,24,59,80,3,1,6,-3,-4,-2,-27,-37,-89,-8
27676,9.54,T,49,0,711,0,1,164,84,0,P,38,0,252,0,2,44,82,3,0,-11,0,-459,0,1,-120,-2,3
27677,5.36,T,30,1,307,0,23,229,48,2,T,26,1,214,0,135,103,39,3,0,-4,0,-93,0,112,-126,-9,1
27678,10.47,T,116,0,612,3,727,245,319,6,Z,84,13,267,0,44,149,212,6,0,-32,13,-345,-3,-683,-96,-107,0
27679,8.32,P,109,0,459,0,140,299,180,14,T,133,6,459,0,581,276,141,18,0,24,6,0,0,441,-23,-39,4
27680,8.24,T,73,4,390,0,27,261,103,5,T,82,0,357,0,228,308,211,15,1,9,-4,-33,0,201,47,108,10
27681,9.59,Z,51,1,433,0,6,210,222,0,P,34,0,349,0,0,30,58,0,0,-17,-1,-84,0,-6,-180,-164,0
27682,9.59,P,48,0,465,0,15,276,56,2,Z,76,2,822,0,317,258,313,2,1,28,2,357,0,302,-18,257,0
27683,8.29,T,44,0,602,4,45,193,78,0,T,62,0,610,0,42,274,150,3,1,18,0,8,-4,-3,81,72,3
27684,6.49,T,34,0,416,0,76,76,69,6,T,43,0,650,0,4,84,140,2,1,9,0,234,0,-72,8,71,-4
27685,7.23,T,107,0,300,0,201,215,85,15,Z,91,4,400,0,352,181,172,10,1,-16,4,100,0,151,-34,87,-5
27686,3.58,P,21,0,181,0,27,77,35,3,P,23,0,146,0,309,182,21,4,1,2,0,-35,0,282,105,-14,1
27687,7.31,T,59,6,247,0,445,222,169,13,T,53,0,318,0,164,146,69,8,1,-6,-6,71,0,-281,-76,-100,-5
27688,8.33,Z,45,8,478,0,35,61,149,2,Z,32,1,380,0,23,82,104,5,0,-13,-7,-98,0,-12,21,-45,3
27689,5.54,T,20,0,884,0,5,57,44,3,P,22,2,347,0,2,58,33,0,0,2,2,-537,0,-3,1,-11,-3
27690,9.11,T,108,0,522,0,328,275,114,10,Z,66,0,419,7,791,208,254,12,1,-42,0,-103,7,463,-67,140,2
27691,9.59,P,61,0,901,0,118,184,194,3,Z,78,1,554,11,193,221,293,0,0,17,1,-347,11,75,37,99,-3
27692,10.31,P,27,0,226,0,0,50,65,1,T,49,5,584,0,10,94,108,0,1,22,5,358,0,10,44,43,-1
27693,7.29,T,89,0,321,0,295,181,142,10,Z,38,3,778,0,70,151,151,1,0,-51,3,457,0,-225,-30,9,-9
27694,5.55,P,26,2,301,0,288,182,54,7,T,31,3,439,0,43,75,52,4,1,5,1,138,0,-245,-107,-2,-3
27695,0.5,P,3,1,23,0,6,6,40,1,T,5,0,15,0,3,26,22,1,1,2,-1,-8,0,-3,20,-18,0
27696,5.39,P,18,0,176,0,488,98,170,6,P,28,0,294,0,0,66,45,2,0,10,0,118,0,-488,-32,-125,-4
27697,10.26,P,63,0,455,0,242,276,99,8,Z,82,4,662,0,117,273,248,13,0,19,4,207,0,-125,-3,149,5
27698,9.56,Z,52,0,355,0,0,52,192,0,T,53,15,787,0,172,226,131,3,0,1,15,432,0,172,174,-61,3
27699,3.14,T,9,0,159,0,0,31,23,0,T,19,0,264,0,8,137,47,7,1,10,0,105,0,8,106,24,7
27700,4.4,T,32,3,283,0,19,88,70,0,Z,22,2,118,0,58,69,99,1,1,-10,-1,-165,0,39,-19,29,1
27701,3.54,T,18,2,283,0,0,35,38,0,T,17,0,355,0,0,80,36,0,0,-1,-2,72,0,0,45,-2,0
27702,9.08,P,36,4,570,0,10,33,45,0,Z,36,5,391,0,39,88,131,1,1,0,1,-179,0,29,55,86,1
27703,7.54,T,53,0,728,0,120,146,134,4,T,57,0,374,0,114,224,276,10,1,4,0,-354,0,-6,78,142,6
27704,9.59,T,58,0,366,0,9,197,144,4,T,75,6,747,0,314,291,120,8,1,17,6,381,0,305,94,-24,4
27705,8.56,T,54,0,629,0,10,165,85,8,T,33,2,645,0,2,85,58,2,0,-21,2,16,0,-8,-80,-27,-6
27706,6.23,Z,12,3,334,0,2,81,69,0,T,18,0,290,0,2,30,37,1,1,6,-3,-44,0,0,-51,-32,1
27707,8.06,P,45,12,412,0,152,261,265,4,P,30,5,533,0,153,89,44,2,1,-15,-7,121,0,1,-172,-221,-2
27708,6.32,P,34,1,270,0,16,108,52,1,P,20,0,481,0,0,52,39,0,0,-14,-1,211,0,-16,-56,-13,-1
27709,7.46,Z,38,0,636,0,5,121,147,4,T,74,5,468,1,560,187,127,3,1,36,5,-168,1,555,66,-20,-1
27710,8.36,Z,56,3,307,0,323,253,302,8,Z,61,0,731,0,165,187,243,7,0,5,-3,424,0,-158,-66,-59,-1
27711,8.37,T,65,8,250,0,815,201,99,3,Z,37,1,235,0,109,140,191,2,0,-28,-7,-15,0,-706,-61,92,-1
27712,5.52,T,25,0,433,0,0,60,160,0,T,27,0,297,0,7,132,47,1,1,2,0,-136,0,7,72,-113,1
27713,9.59,P,64,4,519,5,519,215,101,0,Z,59,9,438,0,152,248,389,6,0,-5,5,-81,-5,-367,33,288,6
27714,6.57,P,38,0,446,0,1,114,72,6,Z,29,0,141,0,2,55,85,0,0,-9,0,-305,0,1,-59,13,-6
27715,8.34,Z,34,0,625,0,24,136,122,2,Z,35,6,363,0,33,134,156,1,1,1,6,-262,0,9,-2,34,-1
27716,7.15,T,30,0,62,0,0,46,66,0,T,36,7,276,0,12,46,45,0,0,6,7,214,0,12,0,-21,0
27717,4.24,P,23,0,151,0,9,149,15,1,Z,28,2,167,0,135,142,71,2,1,5,2,16,0,126,-7,56,1
27718,8.04,Z,40,3,461,0,18,91,127,0,Z,45,5,324,0,7,66,141,1,1,5,2,-137,0,-11,-25,14,1
27719,4.17,P,27,0,138,0,45,73,77,8,P,19,0,95,0,271,63,162,5,0,-8,0,-43,0,226,-10,85,-3
27720,5.18,P,43,5,181,0,52,305,73,2,T,22,0,307,0,22,82,84,1,1,-21,-5,126,0,-30,-223,11,-1
27721,1.19,P,4,0,57,0,0,30,4,0,T,2,0,43,0,0,1,1,0,0,-2,0,-14,0,0,-29,-3,0
27722,9.59,Z,59,7,444,0,225,166,174,4,T,73,8,409,0,411,97,80,2,1,14,1,-35,0,186,-69,-94,-2
27723,9.19,Z,66,1,427,0,44,341,324,11,Z,69,3,387,0,20,146,228,0,1,3,2,-40,0,-24,-195,-96,-11
27724,4.58,Z,48,0,163,0,464,156,193,11,Z,20,9,108,0,114,158,200,4,0,-28,9,-55,0,-350,2,7,-7
27725,2.56,P,11,2,120,0,197,52,49,2,Z,10,1,177,0,30,29,47,0,1,-1,-1,57,0,-167,-23,-2,-2
27726,8.52,Z,100,10,736,1,471,254,361,17,P,82,7,374,0,620,321,113,9,0,-18,-3,-362,-1,149,67,-248,-8
27727,9.59,T,43,0,770,0,12,71,67,2,Z,48,2,497,0,36,220,206,1,0,5,2,-273,0,24,149,139,-1
27728,6.15,Z,35,0,238,0,78,131,131,1,T,58,1,404,0,177,118,121,3,1,23,1,166,0,99,-13,-10,2
27729,6.35,P,31,0,314,0,1,131,61,6,Z,47,0,351,0,48,220,224,8,1,16,0,37,0,47,89,163,2
27730,7.22,Z,44,10,164,0,67,159,128,4,Z,54,0,490,0,72,121,196,3,0,10,-10,326,0,5,-38,68,-1
27731,10.5,T,202,7,578,3,730,298,292,20,P,133,0,573,0,270,334,210,20,1,-69,-7,-5,-3,-460,36,-82,0
27732,9.58,P,63,0,795,0,141,280,178,13,Z,60,2,271,0,63,166,219,1,0,-3,2,-524,0,-78,-114,41,-12
27733,9.59,T,69,0,1037,0,5,135,153,1,T,80,0,493,0,23,96,91,9,1,11,0,-544,0,18,-39,-62,8
27734,10.31,T,113,9,236,2,760,140,306,15,Z,117,0,472,22,564,296,435,3,1,4,-9,236,20,-196,156,129,-12
27735,5.41,P,50,3,276,0,76,216,88,3,T,48,0,412,0,190,106,47,12,1,-2,-3,136,0,114,-110,-41,9
27736,9.58,P,34,2,412,0,15,102,39,0,Z,28,0,514,0,12,145,104,4,0,-6,-2,102,0,-3,43,65,4
27737,9.59,P,70,0,770,0,55,115,47,13,T,68,4,776,0,84,195,201,0,1,-2,4,6,0,29,80,154,-13
27738,9.59,T,123,3,407,17,478,314,309,2,Z,79,15,483,0,307,238,389,4,1,-44,12,76,-17,-171,-76,80,2
27739,2.5,Z,24,1,63,0,43,70,88,0,T,10,3,118,0,16,53,39,0,0,-14,2,55,0,-27,-17,-49,0
27740,2.18,P,5,0,122,0,4,17,11,2,T,6,1,168,0,3,9,15,0,0,1,1,46,0,-1,-8,4,-2
27741,5.5,P,23,0,184,0,0,72,43,0,Z,27,0,136,0,1,118,98,1,0,4,0,-48,0,1,46,55,1
27742,6.03,P,14,0,233,0,0,39,30,1,T,40,2,486,0,14,79,140,0,1,26,2,253,0,14,40,110,-1
27743,9.59,Z,47,0,991,0,31,137,137,6,P,43,0,326,0,854,507,335,4,0,-4,0,-665,0,823,370,198,-2
27744,9.23,T,56,0,587,0,2,222,97,1,T,60,7,512,0,107,119,104,8,1,4,7,-75,0,105,-103,7,7
27745,7.49,Z,52,1,315,0,99,198,144,9,T,83,3,277,1,114,156,137,5,0,31,2,-38,1,15,-42,-7,-4
27746,10.02,Z,80,13,461,1,92,218,241,13,T,101,0,823,0,49,154,109,10,0,21,-13,362,-1,-43,-64,-132,-3
27747,9.59,Z,48,3,128,0,19,59,154,0,P,58,4,651,0,106,230,164,6,1,10,1,523,0,87,171,10,6
27748,9.52,T,74,4,556,0,28,149,148,0,T,64,1,869,0,1,209,122,1,0,-10,-3,313,0,-27,60,-26,1
27749,8.13,T,46,7,657,0,148,128,91,0,Z,45,1,296,0,133,97,164,4,0,-1,-6,-361,0,-15,-31,73,4
27750,9.59,P,80,7,372,0,215,212,81,14,T,155,14,450,0,917,222,246,9,1,75,7,78,0,702,10,165,-5
27751,9.59,P,54,3,399,0,42,180,114,10,T,69,5,807,0,73,118,82,3,1,15,2,408,0,31,-62,-32,-7
27752,9.51,P,54,0,137,0,34,57,39,2,Z,38,8,740,0,21,28,109,0,0,-16,8,603,0,-13,-29,70,-2
27753,8.35,T,64,0,706,0,395,188,178,5,T,60,0,461,0,0,252,86,8,0,-4,0,-245,0,-395,64,-92,3
27754,3.47,T,22,2,258,0,16,20,25,0,Z,18,0,67,0,5,66,204,4,0,-4,-2,-191,0,-11,46,179,4
27755,8.42,P,59,0,487,0,14,238,102,2,T,62,0,363,0,486,232,236,9,1,3,0,-124,0,472,-6,134,7
27756,3.59,P,10,0,113,0,0,74,18,0,P,16,0,124,0,27,174,16,3,1,6,0,11,0,27,100,-2,3
27757,7.48,T,44,7,615,0,141,187,95,4,T,62,8,620,0,297,190,144,5,1,18,1,5,0,156,3,49,1
27758,5.37,Z,28,0,413,0,32,104,89,5,P,41,0,297,0,118,134,72,6,1,13,0,-116,0,86,30,-17,1
27759,9.59,P,64,0,315,0,88,190,133,11,P,53,0,534,0,40,133,92,8,0,-11,0,219,0,-48,-57,-41,-3
27760,6.12,T,53,4,431,0,552,152,84,3,P,59,4,393,0,253,147,124,5,0,6,0,-38,0,-299,-5,40,2
27761,3.5,Z,17,0,131,0,20,74,55,2,Z,15,8,109,0,16,59,58,0,0,-2,8,-22,0,-4,-15,3,-2
27762,8.53,P,83,10,601,2,342,296,102,4,Z,105,6,379,1,272,254,193,12,0,22,-4,-222,-1,-70,-42,91,8
27763,5.59,Z,33,4,192,5,369,159,238,7,Z,37,10,322,0,153,151,140,3,0,4,6,130,-5,-216,-8,-98,-4
27764,5.13,T,57,0,217,0,0,102,45,0,Z,16,7,195,0,39,180,77,1,0,-41,7,-22,0,39,78,32,1
27765,2.48,P,15,0,87,0,2,131,41,2,P,11,0,126,0,152,154,58,5,0,-4,0,39,0,150,23,17,3
27766,9.57,Z,43,2,495,0,4,107,137,1,Z,44,4,124,0,28,78,149,0,1,1,2,-371,0,24,-29,12,-1
27767,1.43,P,9,2,86,0,5,66,5,1,Z,5,0,56,0,0,33,29,1,0,-4,-2,-30,0,-5,-33,24,0
27768,7.17,Z,34,0,845,0,37,81,113,2,P,24,0,485,0,0,53,65,0,1,-10,0,-360,0,-37,-28,-48,-2
27769,8.23,Z,48,1,650,0,78,210,190,0,P,38,0,517,0,3,305,72,2,1,-10,-1,-133,0,-75,95,-118,2
27770,10.35,Z,59,0,203,0,457,189,605,4,T,101,0,513,0,736,295,316,10,0,42,0,310,0,279,106,-289,6
27771,8.13,P,34,0,463,0,18,105,78,3,P,50,0,760,8,38,112,63,0,1,16,0,297,8,20,7,-15,-3
27772,10.42,P,79,6,809,0,110,229,143,0,Z,113,0,904,0,161,202,362,8,0,34,-6,95,0,51,-27,219,8
27773,4.17,Z,28,0,194,0,323,105,184,6,P,18,0,211,0,80,215,64,2,0,-10,0,17,0,-243,110,-120,-4
27774,4.08,Z,21,2,234,0,52,87,114,4,Z,21,1,149,0,56,153,81,5,1,0,-1,-85,0,4,66,-33,1
27775,9.58,T,85,0,908,0,32,178,137,4,Z,67,0,550,0,73,89,237,4,0,-18,0,-358,0,41,-89,100,0
27776,4.59,T,36,3,322,0,120,123,53,2,P,21,0,97,0,1,124,42,0,1,-15,-3,-225,0,-119,1,-11,-2
27777,3.56,T,28,4,271,0,10,72,21,1,P,20,0,138,0,20,87,24,4,0,-8,-4,-133,0,10,15,3,3
27778,3.34,T,24,0,212,0,260,103,38,10,T,28,5,124,0,27,87,37,2,1,4,5,-88,0,-233,-16,-1,-8
27779,9.55,T,34,0,500,0,0,38,40,0,P,31,0,734,0,136,85,84,4,1,-3,0,234,0,136,47,44,4
27780,5.12,Z,20,0,226,0,28,70,70,8,Z,29,0,156,8,47,82,120,1,1,9,0,-70,8,19,12,50,-7
27781,7.09,T,43,5,553,0,93,98,70,1,Z,49,4,186,0,29,89,110,2,0,6,-1,-367,0,-64,-9,40,1
27782,4.53,T,46,0,254,0,27,117,69,6,P,18,1,315,0,3,46,25,2,0,-28,1,61,0,-24,-71,-44,-4
27783,3.18,Z,12,0,35,0,0,19,51,0,T,14,0,187,0,1,7,20,0,0,2,0,152,0,1,-12,-31,0
27784,9.54,P,38,0,616,0,0,51,59,0,T,24,0,866,0,0,39,49,0,1,-14,0,250,0,0,-12,-10,0
27785,4.06,T,18,1,205,0,25,49,46,3,T,19,0,247,0,8,67,58,3,1,1,-1,42,0,-17,18,12,0
27786,1.31,P,3,0,21,0,1,17,15,0,P,6,0,132,0,0,48,13,0,1,3,0,111,0,-1,31,-2,0
27787,4.42,Z,15,0,476,0,398,65,86,5,Z,17,0,141,0,12,64,60,2,0,2,0,-335,0,-386,-1,-26,-3
27788,6.22,T,37,3,302,0,1,19,57,1,P,35,3,282,0,294,68,140,3,1,-2,0,-20,0,293,49,83,2
27789,8.31,Z,46,0,529,0,32,145,136,2,T,79,6,481,0,49,146,283,1,1,33,6,-48,0,17,1,147,-1
27790,2.56,Z,12,2,68,0,10,13,34,0,P,14,1,93,0,3,86,8,3,0,2,-1,25,0,-7,73,-26,3
27791,4.4,P,28,0,153,0,237,112,131,5,P,24,0,166,0,1,107,35,0,0,-4,0,13,0,-236,-5,-96,-5
27792,3.55,T,16,0,159,0,72,57,40,0,T,24,0,180,0,18,40,20,5,0,8,0,21,0,-54,-17,-20,5
27793,9.59,P,30,0,322,0,0,61,47,0,T,71,0,709,0,1010,190,157,7,1,41,0,387,0,1010,129,110,7
27794,9.03,Z,59,0,296,9,483,298,385,4,T,110,0,504,0,281,234,169,14,1,51,0,208,-9,-202,-64,-216,10
27795,10.4,T,47,9,804,0,22,21,83,0,T,20,0,916,0,0,124,48,0,0,-27,-9,112,0,-22,103,-35,0
27796,3.54,T,17,0,235,0,190,68,30,9,T,28,1,145,0,290,114,48,8,0,11,1,-90,0,100,46,18,-1
27797,10.41,T,88,0,778,0,22,159,118,5,P,73,0,710,0,455,288,92,9,1,-15,0,-68,0,433,129,-26,4
27798,10.57,P,54,3,329,0,26,324,344,2,P,64,0,819,0,30,308,220,13,1,10,-3,490,0,4,-16,-124,11
27799,7.44,T,69,3,373,0,286,151,252,6,Z,57,2,662,0,46,146,169,3,0,-12,-1,289,0,-240,-5,-83,-3
27800,8.38,Z,70,6,472,1,242,324,380,9,T,101,2,643,0,144,333,102,7,1,31,-4,171,-1,-98,9,-278,-2
27801,6.59,Z,38,6,525,0,37,97,100,0,P,32,0,322,0,2,88,57,2,0,-6,-6,-203,0,-35,-9,-43,2
27802,9.59,T,79,9,564,0,75,110,66,0,T,41,4,516,0,6,30,70,1,1,-38,-5,-48,0,-69,-80,4,1
27803,9.59,T,101,3,466,0,684,368,254,14,Z,103,8,595,0,170,263,323,10,0,2,5,129,0,-514,-105,69,-4
27804,8.42,T,108,0,359,0,312,242,317,3,T,62,0,718,0,207,205,209,15,0,-46,0,359,0,-105,-37,-108,12
27805,3.56,Z,10,4,282,0,66,116,131,0,T,21,2,186,0,334,40,103,3,1,11,-2,-96,0,268,-76,-28,3
27806,8.23,P,52,1,530,0,6,196,74,5,T,58,0,781,0,9,248,139,4,1,6,-1,251,0,3,52,65,-1
27807,8.22,T,42,4,602,0,6,74,80,0,P,46,0,589,0,8,194,79,4,1,4,-4,-13,0,2,120,-1,4
27808,9.45,Z,65,9,430,2,666,348,295,2,Z,70,17,530,0,253,429,282,7,0,5,8,100,-2,-413,81,-13,5
27809,8.03,T,36,5,618,0,1,279,59,0,P,27,1,590,0,6,151,60,0,0,-9,-4,-28,0,5,-128,1,0
27810,9.58,P,70,0,1208,0,63,110,78,7,Z,73,0,302,17,140,219,273,6,0,3,0,-906,17,77,109,195,-1
27811,4.13,P,13,0,189,0,59,66,79,2,P,19,2,332,0,3,78,31,2,1,6,2,143,0,-56,12,-48,0
27812,7.17,T,56,0,517,0,5,91,78,2,Z,45,1,293,0,58,93,163,1,0,-11,1,-224,0,53,2,85,-1
27813,9.59,Z,106,0,771,0,79,378,248,5,Z,90,3,297,0,207,269,395,4,1,-16,3,-474,0,128,-109,147,-1
27814,7.24,T,64,0,318,0,246,342,89,7,P,38,0,240,0,14,813,67,12,0,-26,0,-78,0,-232,471,-22,5
27815,9.59,Z,97,0,701,0,93,255,268,3,T,99,7,649,0,155,281,216,8,0,2,7,-52,0,62,26,-52,5
27816,9.55,T,102,0,789,1,128,248,108,6,Z,77,4,304,0,96,168,218,5,1,-25,4,-485,-1,-32,-80,110,-1
27817,9.26,P,69,4,473,0,101,192,112,10,Z,68,2,632,0,501,163,277,2,1,-1,-2,159,0,400,-29,165,-8
27818,0.14,P,2,0,0,0,0,13,8,0,P,2,0,7,0,6,7,9,2,1,0,0,7,0,6,-6,1,2
27819,10.29,Z,68,3,714,0,50,220,257,0,T,117,0,367,0,110,470,110,10,1,49,-3,-347,0,60,250,-147,10
27820,3.15,T,14,0,192,25,72,40,73,2,T,18,2,143,0,56,41,26,3,0,4,2,-49,-25,-16,1,-47,1
27821,9.04,P,37,2,332,0,26,180,61,7,P,41,0,546,0,5,196,98,4,0,4,-2,214,0,-21,16,37,-3
27822,10.12,T,35,0,296,0,0,58,74,0,P,75,4,840,0,25,70,62,0,1,40,4,544,0,25,12,-12,0
27823,9.02,Z,46,1,548,0,14,42,184,1,T,24,0,585,0,0,26,46,2,0,-22,-1,37,0,-14,-16,-138,1
27824,1.18,Z,3,0,122,0,0,12,11,0,T,0,0,1,0,0,0,0,0,0,-3,0,-121,0,0,-12,-11,0
27825,10.38,Z,64,3,362,0,65,157,160,8,Z,63,5,438,0,124,242,314,6,1,-1,2,76,0,59,85,154,-2
27826,3.09,T,12,0,157,0,3,44,20,6,P,12,0,70,0,1,51,19,1,0,0,0,-87,0,-2,7,-1,-5
27827,9.58,Z,68,0,560,0,542,153,211,2,P,63,0,345,5,18,143,81,0,1,-5,0,-215,5,-524,-10,-130,-2
27828,4.19,P,23,0,160,0,167,179,71,9,T,39,1,170,0,217,96,74,3,1,16,1,10,0,50,-83,3,-6
27829,3.23,Z,14,8,95,0,42,18,59,0,T,9,0,295,0,3,55,29,6,0,-5,-8,200,0,-39,37,-30,6
27830,8.49,T,82,0,358,24,498,193,237,7,T,53,3,621,0,436,250,224,11,1,-29,3,263,-24,-62,57,-13,4
27831,4.05,P,27,2,310,0,245,126,40,10,Z,28,4,186,0,204,144,73,6,0,1,2,-124,0,-41,18,33,-4
27832,8.55,P,46,5,657,0,8,61,77,2,T,53,0,561,0,10,69,82,5,0,7,-5,-96,0,2,8,5,3
27833,6.16,Z,37,0,753,0,44,139,109,5,T,62,2,274,0,287,186,131,6,1,25,2,-479,0,243,47,22,1
27834,10.45,P,113,3,1005,0,60,330,124,8,T,87,3,795,0,95,137,110,1,0,-26,0,-210,0,35,-193,-14,-7
27835,9.33,T,73,0,520,0,77,195,140,13,Z,64,5,504,0,43,106,222,0,0,-9,5,-16,0,-34,-89,82,-13
27836,9.59,T,48,0,475,0,27,182,188,12,T,93,10,512,0,117,276,254,8,0,45,10,37,0,90,94,66,-4
27837,5.01,P,21,0,289,0,2,93,34,2,T,24,1,255,0,126,113,40,3,1,3,1,-34,0,124,20,6,1
27838,6.22,P,33,0,191,0,0,47,45,0,P,36,0,314,0,14,166,168,4,1,3,0,123,0,14,119,123,4
27839,9.23,Z,63,5,286,0,47,97,219,0,P,74,6,756,0,72,269,113,5,0,11,1,470,0,25,172,-106,5
27840,6.01,T,42,2,356,4,113,175,63,0,T,39,12,425,1,320,100,114,1,1,-3,10,69,-3,207,-75,51,1
27841,8.14,Z,32,5,441,0,479,93,222,0,T,58,0,261,0,101,106,139,12,1,26,-5,-180,0,-378,13,-83,12
27842,8.23,Z,66,3,479,0,197,402,245,9,Z,53,2,540,0,218,242,175,0,0,-13,-1,61,0,21,-160,-70,-9
27843,9.57,T,115,0,528,0,199,426,256,7,P,69,0,519,0,43,371,171,39,0,-46,0,-9,0,-156,-55,-85,32
27844,3.48,P,14,1,87,0,40,63,40,2,T,18,0,323,0,0,23,32,0,1,4,-1,236,0,-40,-40,-8,-2
27845,7.25,P,40,1,295,0,17,99,43,3,T,54,6,542,0,20,148,65,0,1,14,5,247,0,3,49,22,-3
27846,9.59,T,61,1,276,0,32,37,76,3,P,64,0,375,0,23,194,99,3,0,3,-1,99,0,-9,157,23,0
27847,8.49,T,50,0,386,0,11,134,92,8,T,55,0,878,0,34,121,74,5,1,5,0,492,0,23,-13,-18,-3
27848,6.38,P,26,5,235,0,46,182,23,0,T,27,4,368,0,5,79,67,0,1,1,-1,133,0,-41,-103,44,0
27849,9.58,T,64,0,767,0,0,43,119,1,Z,52,0,506,13,29,91,153,4,0,-12,0,-261,13,29,48,34,3
27850,5.16,T,23,0,150,0,0,17,38,1,P,12,3,304,0,18,21,12,1,0,-11,3,154,0,18,4,-26,0
27851,9.59,T,93,4,911,0,180,276,135,2,Z,66,5,415,0,45,171,198,2,1,-27,1,-496,0,-135,-105,63,0
27852,4.47,Z,19,1,211,0,19,60,145,1,Z,15,0,234,0,62,77,170,8,0,-4,-1,23,0,43,17,25,7
27853,4.09,P,21,2,141,0,31,56,31,0,T,16,0,220,0,1,24,28,1,1,-5,-2,79,0,-30,-32,-3,1
27854,8.56,T,82,0,404,0,432,243,168,20,T,77,0,690,0,175,228,64,8,0,-5,0,286,0,-257,-15,-104,-12
27855,8.11,T,56,3,500,0,39,207,104,1,T,49,0,619,0,10,103,101,2,1,-7,-3,119,0,-29,-104,-3,1
27856,9.32,P,65,5,425,0,66,324,80,13,Z,70,17,552,0,524,210,371,8,1,5,12,127,0,458,-114,291,-5
27857,6.26,T,32,3,727,0,2,43,58,0,T,37,0,278,0,1,23,46,1,1,5,-3,-449,0,-1,-20,-12,1
27858,5.25,Z,17,0,297,0,174,106,84,6,Z,23,0,514,0,4,52,74,1,0,6,0,217,0,-170,-54,-10,-5
27859,3.51,T,17,0,116,0,2,66,29,0,T,11,0,245,0,179,52,50,6,1,-6,0,129,0,177,-14,21,6
27860,4.51,T,27,2,347,0,185,66,75,4,P,24,0,217,0,97,66,57,7,1,-3,-2,-130,0,-88,0,-18,3
27861,10.57,Z,48,1,318,0,12,128,195,1,T,110,2,674,0,36,155,111,11,1,62,1,356,0,24,27,-84,10
27862,9.18,T,47,0,585,0,4,158,90,2,T,79,0,652,0,229,243,109,6,0,32,0,67,0,225,85,19,4
27863,2.47,T,13,0,112,0,87,57,17,2,T,12,1,116,0,35,88,14,5,0,-1,1,4,0,-52,31,-3,3
27864,6.04,T,24,0,518,0,0,123,53,0,P,21,0,188,0,1,51,25,0,1,-3,0,-330,0,1,-72,-28,0
27865,6.5,T,67,0,189,0,350,125,241,17,T,83,0,271,0,244,201,154,14,1,16,0,82,0,-106,76,-87,-3
27866,9.59,P,48,0,342,0,18,194,93,5,Z,66,0,331,0,62,63,239,3,1,18,0,-11,0,44,-131,146,-2
27867,6.25,T,74,2,252,0,38,184,170,10,T,53,0,247,0,53,147,72,5,1,-21,-2,-5,0,15,-37,-98,-5
27868,9.59,P,82,7,615,0,707,205,185,14,Z,108,5,856,0,397,428,363,22,1,26,-2,241,0,-310,223,178,8
27869,7.26,Z,34,0,183,0,0,42,137,1,T,51,5,299,0,366,155,120,3,1,17,5,116,0,366,113,-17,2
27870,5.13,T,22,1,111,0,13,19,31,2,P,21,2,81,0,1,15,23,0,1,-1,1,-30,0,-12,-4,-8,-2
27871,6.4,Z,31,5,216,0,23,90,124,3,P,48,1,220,0,259,122,96,6,1,17,-4,4,0,236,32,-28,3
27872,9.33,T,94,0,451,0,169,264,143,8,Z,68,3,576,0,75,104,245,2,0,-26,3,125,0,-94,-160,102,-6
27873,0.29,P,0,0,25,0,0,4,5,0,T,3,0,8,0,2,0,3,0,0,3,0,-17,0,2,-4,-2,0
27874,8.37,T,75,3,455,0,45,155,118,7,Z,71,0,243,0,83,193,229,12,0,-4,-3,-212,0,38,38,111,5
27875,9.47,T,60,0,492,0,139,236,253,3,Z,34,2,755,0,7,109,132,1,0,-26,2,263,0,-132,-127,-121,-2
27876,4.4,P,18,0,164,0,0,94,142,2,P,22,0,537,0,1,149,65,1,0,4,0,373,0,1,55,-77,-1
27877,10.1,T,147,7,698,0,624,333,187,8,Z,106,7,477,0,394,349,346,3,1,-41,0,-221,0,-230,16,159,-5
27878,9.27,P,22,0,530,0,0,198,79,0,T,59,0,645,0,70,209,69,7,1,37,0,115,0,70,11,-10,7
27879,5.01,Z,48,0,261,8,126,125,166,3,Z,46,0,215,56,318,138,287,1,0,-2,0,-46,48,192,13,121,-2
27880,4.39,P,18,2,145,0,60,81,30,3,T,29,5,308,0,180,86,54,0,0,11,3,163,0,120,5,24,-3
27881,3.41,T,18,0,180,0,10,38,25,3,P,11,2,46,0,19,66,24,1,0,-7,2,-134,0,9,28,-1,-2
27882,3.44,P,7,0,217,0,0,23,17,0,T,12,0,233,0,0,48,31,0,1,5,0,16,0,0,25,14,0
27883,9.33,Z,72,0,305,0,328,149,205,6,T,87,16,475,3,96,184,105,5,0,15,16,170,3,-232,35,-100,-1
27884,6.05,P,40,6,334,0,160,161,73,0,T,44,5,245,0,405,144,157,6,1,4,-1,-89,0,245,-17,84,6
27885,9.59,Z,64,0,476,0,473,190,165,6,T,101,7,609,0,293,241,92,13,0,37,7,133,0,-180,51,-73,7
27886,2.52,P,10,0,160,0,2,27,15,2,Z,9,0,80,0,126,16,64,2,1,-1,0,-80,0,124,-11,49,0
27887,8.21,Z,47,2,217,0,24,112,191,5,Z,55,0,623,0,59,127,237,5,0,8,-2,406,0,35,15,46,0
27888,4.17,Z,19,0,81,0,238,43,84,4,Z,18,0,223,0,0,41,64,0,1,-1,0,142,0,-238,-2,-20,-4
27889,6.15,P,36,0,495,0,102,233,101,6,P,42,3,284,0,349,256,100,6,1,6,3,-211,0,247,23,-1,0
27890,5.36,P,28,0,394,0,0,116,52,2,P,25,0,246,0,355,183,24,1,1,-3,0,-148,0,355,67,-28,-1
27891,9.59,Z,42,1,356,0,18,164,129,2,P,67,3,587,0,20,215,77,0,1,25,2,231,0,2,51,-52,-2
27892,9.13,P,61,6,642,0,377,286,106,4,T,113,0,242,0,326,295,227,13,1,52,-6,-400,0,-51,9,121,9
27893,1.54,P,10,0,48,0,63,39,94,0,P,10,0,193,0,0,64,14,0,1,0,0,145,0,-63,25,-80,0
27894,9.59,T,57,0,983,0,6,388,141,2,T,31,0,668,0,1,200,94,1,0,-26,0,-315,0,-5,-188,-47,-1
27895,9.59,Z,49,5,676,0,46,294,289,8,P,63,0,658,0,2,267,94,3,1,14,-5,-18,0,-44,-27,-195,-5
27896,9.59,P,57,1,438,0,72,272,109,1,Z,57,4,505,0,47,100,200,5,1,0,3,67,0,-25,-172,91,4
27897,10.42,Z,62,4,683,0,27,127,150,2,T,91,0,583,0,24,321,170,5,1,29,-4,-100,0,-3,194,20,3
27898,3.2,T,20,2,220,0,153,67,116,3,T,16,0,237,0,58,46,28,4,0,-4,-2,17,0,-95,-21,-88,1
27899,9.59,Z,103,0,522,0,212,182,328,10,T,125,9,784,0,741,220,410,12,0,22,9,262,0,529,38,82,2
27900,8.07,T,52,0,635,0,57,169,194,16,Z,53,4,426,0,46,43,145,2,0,1,4,-209,0,-11,-126,-49,-14
27901,8.28,P,63,0,797,0,29,168,105,4,P,54,1,497,0,90,151,173,7,0,-9,1,-300,0,61,-17,68,3
27902,9.59,T,94,0,348,0,1259,331,316,10,T,108,0,429,0,870,232,278,15,1,14,0,81,0,-389,-99,-38,5
27903,9.59,P,59,6,522,0,588,243,117,8,P,50,0,823,0,8,95,72,2,0,-9,-6,301,0,-580,-148,-45,-6
27904,10.25,Z,78,2,677,0,677,169,324,2,T,124,5,427,0,1251,176,364,19,0,46,3,-250,0,574,7,40,17
27905,4.19,Z,11,0,59,0,0,7,34,1,P,19,0,182,0,0,12,28,0,1,8,0,123,0,0,5,-6,-1
27906,1.38,Z,5,0,38,0,42,27,11,1,P,4,0,208,0,0,17,5,0,0,-1,0,170,0,-42,-10,-6,-1
27907,10.54,T,75,2,1832,0,57,126,69,0,T,105,6,684,0,379,231,123,5,0,30,4,-1148,0,322,105,54,5
27908,8.08,P,38,4,348,0,14,83,37,0,P,27,0,243,0,0,35,37,0,0,-11,-4,-105,0,-14,-48,0,0
27909,9.59,T,50,1,687,0,70,72,56,5,P,47,11,416,0,27,364,196,3,1,-3,10,-271,0,-43,292,140,-2
27910,7.43,Z,38,0,549,0,28,168,94,12,P,38,0,613,0,6,192,86,0,1,0,0,64,0,-22,24,-8,-12
27911,10.38,P,60,19,439,10,187,317,340,2,T,70,14,585,0,46,86,77,2,1,10,-5,146,-10,-141,-231,-263,0
27912,6.49,T,51,2,258,0,117,152,92,8,Z,41,2,503,0,36,109,118,4,0,-10,0,245,0,-81,-43,26,-4
27913,9.59,T,56,0,584,0,0,126,217,0,Z,71,0,405,0,216,276,221,19,1,15,0,-179,0,216,150,4,19
27914,7.48,T,51,0,370,0,32,151,91,4,T,47,3,573,0,83,132,186,0,1,-4,3,203,0,51,-19,95,-4
27915,8.13,P,56,1,669,0,70,173,145,5,P,53,0,409,0,566,308,87,13,0,-3,-1,-260,0,496,135,-58,8
27916,5.27,Z,22,0,398,0,182,156,268,13,P,25,0,153,0,11,65,18,10,1,3,0,-245,0,-171,-91,-250,-3
27917,9.59,T,74,1,596,0,12,237,168,5,T,44,0,538,0,2,255,91,1,1,-30,-1,-58,0,-10,18,-77,-4
27918,9.59,Z,60,5,368,0,20,171,266,5,P,46,0,885,0,18,113,73,4,1,-14,-5,517,0,-2,-58,-193,-1
27919,8.21,P,62,3,196,18,143,307,186,6,T,88,0,543,0,128,259,138,8,0,26,-3,347,-18,-15,-48,-48,2
27920,3.15,T,19,0,213,0,7,29,27,1,T,18,0,99,0,214,43,21,7,1,-1,0,-114,0,207,14,-6,6
27921,5.48,T,35,1,404,0,418,81,44,5,T,8,0,102,0,0,6,16,0,0,-27,-1,-302,0,-418,-75,-28,-5
27922,8.02,T,36,0,492,0,0,107,68,3,T,50,1,368,0,6,208,80,0,1,14,1,-124,0,6,101,12,-3
27923,1.52,P,7,0,114,0,0,27,9,2,T,9,2,72,0,61,31,11,0,0,2,2,-42,0,61,4,2,-2
27924,9.59,P,62,3,436,0,165,273,136,6,Z,58,0,623,0,18,195,292,2,1,-4,-3,187,0,-147,-78,156,-4
27925,5.46,T,73,3,287,2,854,77,140,5,T,46,2,301,0,87,101,285,9,0,-27,-1,14,-2,-767,24,145,4
27926,9.4,P,49,0,504,0,45,202,113,8,T,73,0,458,0,111,227,109,7,1,24,0,-46,0,66,25,-4,-1
27927,4.15,T,42,1,240,0,255,129,98,13,P,35,1,321,0,199,130,75,7,0,-7,0,81,0,-56,1,-23,-6
27928,9.58,P,54,0,728,0,18,179,76,6,Z,61,0,842,0,0,167,191,0,0,7,0,114,0,-18,-12,115,-6
27929,6.1,Z,34,0,153,0,12,122,99,0,Z,35,4,180,0,67,44,146,2,0,1,4,27,0,55,-78,47,2
27930,4.31,P,22,0,290,0,0,66,49,3,P,22,0,171,0,0,13,28,1,0,0,0,-119,0,0,-53,-21,-2
27931,4.19,P,12,0,103,0,11,205,38,2,T,18,0,190,0,49,114,54,3,1,6,0,87,0,38,-91,16,1
27932,3.46,Z,12,1,119,0,9,53,41,3,Z,12,5,111,0,35,70,53,2,0,0,4,-8,0,26,17,12,-1
27933,10.18,P,74,2,539,0,12,164,83,0,Z,72,2,446,0,197,219,304,5,0,-2,0,-93,0,185,55,221,5
27934,2.39,Z,8,0,108,0,14,36,50,2,P,18,0,97,0,234,79,79,5,0,10,0,-11,0,220,43,29,3
27935,10.1,Z,68,5,560,0,163,147,170,3,T,100,5,623,4,379,206,126,8,0,32,0,63,4,216,59,-44,5
27936,10.58,T,75,1,405,0,11,71,108,4,T,69,0,372,0,16,91,102,5,0,-6,-1,-33,0,5,20,-6,1
27937,4.14,Z,15,1,207,0,84,78,203,1,T,20,3,189,0,31,30,83,0,1,5,2,-18,0,-53,-48,-120,-1
27938,8.5,P,41,0,703,0,14,77,34,5,T,29,0,502,0,0,28,59,0,0,-12,0,-201,0,-14,-49,25,-5
27939,9.59,P,53,0,636,0,33,232,168,5,T,81,4,614,0,90,276,107,7,1,28,4,-22,0,57,44,-61,2
27940,5.05,Z,27,1,268,0,137,95,194,2,Z,22,0,223,0,0,217,98,0,0,-5,-1,-45,0,-137,122,-96,-2
27941,4.16,P,42,0,223,0,143,140,43,10,T,29,4,90,0,474,65,123,9,0,-13,4,-133,0,331,-75,80,-1
27942,3.53,Z,12,0,132,0,12,26,42,2,T,21,0,179,9,140,95,112,0,0,9,0,47,9,128,69,70,-2
27943,9.59,Z,52,7,541,0,30,128,174,1,P,80,0,503,0,597,317,116,16,1,28,-7,-38,0,567,189,-58,15
27944,5.4,Z,26,0,134,0,17,49,105,0,P,26,1,279,0,31,107,55,1,0,0,1,145,0,14,58,-50,1
27945,9.59,T,101,0,911,0,79,356,104,5,Z,99,12,463,0,819,262,327,3,0,-2,12,-448,0,740,-94,223,-2
27946,7.14,Z,50,7,392,0,109,137,246,2,T,64,0,647,0,72,137,88,8,0,14,-7,255,0,-37,0,-158,6
27947,7.17,P,56,0,386,0,66,157,73,3,P,50,0,317,0,46,246,85,7,1,-6,0,-69,0,-20,89,12,4
27948,9.59,T,33,1,277,0,1,95,83,0,T,47,0,829,0,1,93,74,0,1,14,-1,552,0,0,-2,-9,0
27949,5.1,P,32,0,268,0,148,123,62,3,T,34,4,185,0,76,125,77,0,1,2,4,-83,0,-72,2,15,-3
27950,4.45,T,31,0,407,0,150,129,62,4,Z,23,0,236,0,0,93,146,0,0,-8,0,-171,0,-150,-36,84,-4
27951,9.56,T,50,0,652,0,3,51,90,1,Z,38,0,355,0,17,68,150,10,1,-12,0,-297,0,14,17,60,9
27952,6,P,44,4,198,0,34,77,74,2,Z,24,0,169,0,32,180,261,4,0,-20,-4,-29,0,-2,103,187,2
27953,10.5,T,68,3,905,0,43,98,89,0,T,84,0,411,0,42,340,93,4,1,16,-3,-494,0,-1,242,4,4
27954,9.57,T,45,0,759,0,5,88,75,2,T,56,0,534,0,135,173,81,3,1,11,0,-225,0,130,85,6,1
27955,9.35,T,102,0,456,5,663,198,220,7,T,84,0,368,0,252,222,294,6,0,-18,0,-88,-5,-411,24,74,-1
27956,10.56,T,86,0,1012,0,48,245,143,16,Z,87,15,519,1,204,237,267,3,1,1,15,-493,1,156,-8,124,-13
27957,5.58,Z,28,0,570,0,33,95,86,5,Z,35,0,293,0,30,93,100,2,1,7,0,-277,0,-3,-2,14,-3
27958,5.48,P,25,0,198,0,0,68,28,1,T,25,0,177,0,0,35,71,0,1,0,0,-21,0,0,-33,43,-1
27959,10.32,Z,74,2,572,0,40,231,199,2,T,108,9,558,0,321,227,193,2,1,34,7,-14,0,281,-4,-6,0
27960,6.34,T,43,4,477,0,283,84,96,0,P,40,0,239,0,35,132,83,7,0,-3,-4,-238,0,-248,48,-13,7
27961,7.29,Z,35,1,529,0,51,102,145,4,Z,43,2,236,0,380,140,159,4,1,8,1,-293,0,329,38,14,0
27962,7.43,T,43,4,259,0,8,41,63,0,P,29,0,731,0,0,70,83,0,0,-14,-4,472,0,-8,29,20,0
27963,7.05,Z,21,0,267,0,1,39,54,1,P,21,0,116,0,0,5,25,0,1,0,0,-151,0,-1,-34,-29,-1
27964,2.51,P,8,0,194,0,0,72,15,1,T,6,0,368,0,0,26,11,0,0,-2,0,174,0,0,-46,-4,-1
27965,10.26,Z,64,7,956,0,76,194,226,0,T,59,2,826,0,219,355,113,8,0,-5,-5,-130,0,143,161,-113,8
27966,6.44,P,30,0,440,0,5,42,29,6,T,36,0,245,0,1,70,83,2,0,6,0,-195,0,-4,28,54,-4
27967,6.33,Z,40,3,472,0,17,120,108,6,T,60,0,359,0,288,194,110,9,1,20,-3,-113,0,271,74,2,3
27968,7.05,Z,42,5,250,0,57,78,109,2,T,63,0,573,0,109,154,113,5,1,21,-5,323,0,52,76,4,3
27969,9.59,T,99,6,546,0,93,313,412,0,T,86,0,756,0,598,195,217,17,1,-13,-6,210,0,505,-118,-195,17
27970,9.59,T,32,0,482,0,1,86,97,3,P,46,0,723,0,0,200,78,2,1,14,0,241,0,-1,114,-19,-1
27971,6.43,P,36,0,233,0,22,136,38,4,Z,24,0,281,0,0,66,79,0,0,-12,0,48,0,-22,-70,41,-4
27972,9.59,T,91,2,696,0,23,327,135,7,P,29,0,527,0,0,328,95,0,0,-62,-2,-169,0,-23,1,-40,-7
27973,9.59,T,64,6,477,0,17,93,81,0,P,51,3,320,0,298,181,148,10,1,-13,-3,-157,0,281,88,67,10
27974,9.59,T,56,0,625,0,2,119,106,1,T,53,7,539,0,30,255,91,5,1,-3,7,-86,0,28,136,-15,4
27975,3.56,T,22,6,214,0,9,71,40,0,P,11,0,130,0,0,91,47,0,1,-11,-6,-84,0,-9,20,7,0
27976,8.43,Z,62,4,703,0,80,299,184,7,P,64,0,532,0,20,84,72,6,0,2,-4,-171,0,-60,-215,-112,-1
27977,9.22,P,43,0,384,0,23,88,64,5,T,42,0,931,0,0,133,108,4,0,-1,0,547,0,-23,45,44,-1
27978,9.59,T,180,0,824,0,681,423,203,16,T,123,7,442,0,651,280,254,7,1,-57,7,-382,0,-30,-143,51,-9
27979,5.59,T,21,0,216,0,5,80,35,2,P,20,0,366,0,2,61,47,1,1,-1,0,150,0,-3,-19,12,-1
27980,10.3,Z,70,0,392,0,58,210,273,7,T,87,3,454,0,47,226,207,4,0,17,3,62,0,-11,16,-66,-3
27981,9.56,T,94,6,574,0,267,260,133,8,Z,96,0,656,0,130,254,356,4,1,2,-6,82,0,-137,-6,223,-4
27982,9.59,P,93,9,571,4,169,209,96,5,T,107,0,824,0,269,319,106,16,1,14,-9,253,-4,100,110,10,11
27983,6.46,P,25,0,259,0,1,229,60,1,T,29,0,392,0,1,62,55,1,1,4,0,133,0,0,-167,-5,0
27984,2.49,Z,13,8,96,0,281,47,94,0,Z,9,0,148,0,155,44,143,3,1,-4,-8,52,0,-126,-3,49,3
27985,3.54,Z,17,1,136,0,124,47,114,2,Z,16,1,155,0,104,83,100,3,0,-1,0,19,0,-20,36,-14,1
27986,6.57,P,55,2,432,0,220,216,68,7,T,52,1,405,0,188,232,68,10,1,-3,-1,-27,0,-32,16,0,3
27987,3.17,Z,16,4,83,0,14,16,38,0,P,12,0,221,0,1,69,18,3,1,-4,-4,138,0,-13,53,-20,3
27988,9.59,Z,76,0,844,0,82,301,288,6,P,98,6,586,0,144,231,87,12,0,22,6,-258,0,62,-70,-201,6
27989,8.23,Z,53,2,328,0,130,162,295,0,P,57,1,570,0,569,231,88,12,1,4,-1,242,0,439,69,-207,12
27990,7.31,P,49,0,474,0,48,149,72,5,T,44,0,452,0,4,48,70,4,0,-5,0,-22,0,-44,-101,-2,-1
27991,5,P,25,0,154,0,0,88,32,0,P,21,0,160,0,12,42,23,1,1,-4,0,6,0,12,-46,-9,1
27992,10.05,P,22,0,396,0,0,52,48,0,P,36,0,159,0,21,71,48,7,1,14,0,-237,0,21,19,0,7
27993,3.49,T,38,0,202,0,321,70,68,12,P,25,1,155,0,272,118,26,11,1,-13,1,-47,0,-49,48,-42,-1
27994,9.59,T,90,7,697,0,69,236,110,6,T,82,0,584,0,162,239,154,18,1,-8,-7,-113,0,93,3,44,12
27995,9.52,T,79,5,890,0,508,142,106,3,Z,103,9,422,0,123,195,288,9,0,24,4,-468,0,-385,53,182,6
27996,6.41,T,74,11,344,0,720,221,160,7,Z,49,0,233,0,45,84,140,19,0,-25,-11,-111,0,-675,-137,-20,12
27997,1.47,Z,3,0,198,0,11,57,13,6,Z,4,0,15,0,13,64,10,2,0,1,0,-183,0,2,7,-3,-4
27998,4.42,Z,26,6,209,0,273,132,128,7,Z,18,1,176,0,229,92,145,9,1,-8,-5,-33,0,-44,-40,17,2
27999,10.54,Z,93,6,650,0,500,252,295,8,T,111,12,841,3,321,147,125,7,0,18,6,191,3,-179,-105,-170,-1
28000,0.34,P,2,0,59,0,0,0,1,0,T,1,0,23,0,0,4,2,1,1,-1,0,-36,0,0,4,1,1
28001,4.5,P,20,0,82,0,180,39,213,4,T,43,2,249,0,437,140,72,10,0,23,2,167,0,257,101,-141,6
28002,3.08,Z,11,0,61,1,4,22,30,1,P,12,0,254,0,0,30,21,1,0,1,0,193,-1,-4,8,-9,0
28003,10.54,P,65,0,909,0,22,128,92,13,Z,36,7,688,0,89,269,236,0,1,-29,7,-221,0,67,141,144,-13
28004,9.55,T,36,0,696,0,0,46,61,0,Z,50,0,960,0,56,80,161,5,1,14,0,264,0,56,34,100,5
28005,9.58,P,88,5,427,0,505,350,298,8,T,96,3,714,0,133,265,192,7,1,8,-2,287,0,-372,-85,-106,-1
28006,8.32,P,61,0,537,0,135,162,71,3,Z,79,3,628,0,562,272,263,6,1,18,3,91,0,427,110,192,3
28007,9.59,T,83,0,600,0,309,273,225,5,T,89,7,793,0,81,65,95,4,0,6,7,193,0,-228,-208,-130,-1
28008,5.51,Z,22,2,497,0,11,25,91,0,T,33,0,507,2,16,43,96,7,0,11,-2,10,2,5,18,5,7
28009,3.13,T,15,0,177,0,232,16,33,2,P,7,0,54,0,0,8,9,0,0,-8,0,-123,0,-232,-8,-24,-2
28010,9.59,P,70,0,536,0,284,237,160,9,P,59,0,594,0,23,401,110,5,0,-11,0,58,0,-261,164,-50,-4
28011,9.59,Z,96,0,713,0,53,296,304,11,T,127,7,795,0,554,265,314,2,0,31,7,82,0,501,-31,10,-9
28012,9.59,Z,73,0,538,0,41,146,250,7,T,105,3,1013,0,192,180,235,9,0,32,3,475,0,151,34,-15,2
28013,9.58,P,49,0,330,0,14,143,55,2,T,68,0,648,0,35,95,97,2,0,19,0,318,0,21,-48,42,0
28014,9.59,P,54,2,641,0,45,185,81,6,P,37,0,572,0,4,167,148,3,0,-17,-2,-69,0,-41,-18,67,-3
28015,9.58,Z,58,0,605,0,95,181,156,4,P,72,4,638,0,44,101,76,0,1,14,4,33,0,-51,-80,-80,-4
28016,7.03,Z,41,0,271,0,37,178,222,1,Z,30,0,98,0,4,63,81,1,0,-11,0,-173,0,-33,-115,-141,0
28017,5.17,P,29,3,393,0,17,72,23,0,T,31,1,334,0,345,104,34,6,1,2,-2,-59,0,328,32,11,6
28018,9.59,Z,80,5,551,0,127,144,232,8,P,76,0,624,0,474,421,125,9,1,-4,-5,73,0,347,277,-107,1
28019,4.26,Z,24,1,249,0,39,92,72,3,Z,30,0,172,0,175,159,137,10,1,6,-1,-77,0,136,67,65,7
28020,5.55,Z,28,0,166,0,0,55,90,0,Z,29,2,256,0,8,34,81,0,1,1,2,90,0,8,-21,-9,0
28021,5.19,Z,34,6,235,0,127,162,202,0,Z,40,7,480,4,94,126,199,4,1,6,1,245,4,-33,-36,-3,4
28022,9.59,P,80,9,740,0,190,317,247,0,T,95,0,585,0,724,268,150,18,1,15,-9,-155,0,534,-49,-97,18
28023,3.11,Z,6,0,83,0,0,147,38,0,T,15,0,64,0,12,102,14,1,0,9,0,-19,0,12,-45,-24,1
28024,7.36,P,81,2,498,0,630,273,208,9,T,72,0,306,0,48,207,119,6,1,-9,-2,-192,0,-582,-66,-89,-3
28025,8.17,T,56,10,716,0,17,150,181,1,Z,45,2,423,0,291,131,147,3,1,-11,-8,-293,0,274,-19,-34,2
28026,8.29,Z,51,7,326,2,278,193,143,2,P,65,0,231,0,356,236,253,12,1,14,-7,-95,-2,78,43,110,10
28027,10.33,T,77,0,597,0,167,347,172,7,T,97,4,528,0,981,151,298,5,1,20,4,-69,0,814,-196,126,-2
28028,5.35,T,26,4,234,0,3,160,79,0,T,35,0,362,0,1,72,76,0,0,9,-4,128,0,-2,-88,-3,0
28029,9.59,T,61,2,530,0,40,221,112,4,P,59,0,744,0,14,331,116,7,0,-2,-2,214,0,-26,110,4,3
28030,7.14,P,28,0,309,0,14,113,51,7,T,48,3,175,0,14,193,119,5,0,20,3,-134,0,0,80,68,-2
28031,10.41,P,60,0,1147,0,0,183,98,0,P,44,0,733,0,1,93,100,1,1,-16,0,-414,0,1,-90,2,1
28032,9.59,Z,69,2,576,0,6,166,244,5,Z,64,9,641,1,239,278,323,3,0,-5,7,65,1,233,112,79,-2
28033,4.32,T,26,5,119,0,176,77,31,0,T,16,0,218,0,0,24,34,0,0,-10,-5,99,0,-176,-53,3,0
28034,8.32,Z,69,0,489,0,70,237,227,9,P,67,0,336,0,194,233,115,6,0,-2,0,-153,0,124,-4,-112,-3
28035,5.06,T,14,0,423,0,0,23,26,0,T,31,0,406,0,500,102,27,1,1,17,0,-17,0,500,79,1,1
28036,9.59,T,113,0,539,0,701,281,171,23,P,52,0,628,0,5,103,97,2,1,-61,0,89,0,-696,-178,-74,-21
28037,8.53,P,36,0,284,0,21,52,51,4,T,46,0,664,0,0,21,116,0,1,10,0,380,0,-21,-31,65,-4
28038,9.58,P,42,0,703,0,11,139,62,3,T,62,2,767,0,33,77,54,7,1,20,2,64,0,22,-62,-8,4
28039,7.54,P,58,2,559,0,36,244,73,15,Z,49,4,312,0,321,297,314,19,1,-9,2,-247,0,285,53,241,4
28040,6.19,T,38,0,274,0,0,28,79,1,P,26,0,260,0,6,41,36,5,0,-12,0,-14,0,6,13,-43,4
28041,9.59,T,35,0,403,0,0,148,64,0,T,41,2,928,0,113,273,80,7,0,6,2,525,0,113,125,16,7
28042,6.5,T,32,0,802,0,6,171,102,4,P,34,1,524,0,16,131,52,0,0,2,1,-278,0,10,-40,-50,-4
28043,7.3,T,71,3,485,0,278,287,87,6,P,32,0,234,0,11,135,61,1,0,-39,-3,-251,0,-267,-152,-26,-5
28044,10.24,P,129,2,603,0,458,352,368,9,T,119,0,658,0,194,272,203,11,0,-10,-2,55,0,-264,-80,-165,2
28045,5.09,P,24,4,136,0,259,33,90,0,T,30,0,357,0,59,104,64,10,1,6,-4,221,0,-200,71,-26,10
28046,5.35,Z,24,0,189,0,15,28,60,1,Z,21,1,163,0,11,115,64,0,0,-3,1,-26,0,-4,87,4,-1
28047,10.32,Z,75,9,395,0,71,218,241,4,T,111,4,429,0,429,432,119,12,1,36,-5,34,0,358,214,-122,8
28048,9.58,P,45,2,534,0,148,136,68,5,Z,44,0,381,0,0,147,159,0,0,-1,-2,-153,0,-148,11,91,-5
28049,1.05,T,8,0,46,0,0,4,15,0,T,0,0,104,0,11,24,4,4,1,-8,0,58,0,11,20,-11,4
28050,9.59,Z,70,5,312,0,28,108,204,2,T,76,5,457,0,407,210,130,2,0,6,0,145,0,379,102,-74,0
28051,7.33,P,43,0,382,0,33,103,57,2,P,52,4,541,0,61,270,89,5,0,9,4,159,0,28,167,32,3
28052,9.55,T,32,0,957,0,6,75,78,3,T,50,0,763,0,18,143,136,6,0,18,0,-194,0,12,68,58,3
28053,9.1,T,23,1,589,0,19,28,50,6,Z,15,0,135,0,0,34,97,0,0,-8,-1,-454,0,-19,6,47,-6
28054,4.48,T,21,0,85,0,8,68,83,3,P,22,0,167,0,0,35,168,0,1,1,0,82,0,-8,-33,85,-3
28055,9.59,T,44,0,437,0,0,32,87,0,T,64,0,779,0,8,43,105,9,1,20,0,342,0,8,11,18,9
28056,9.59,P,90,0,574,0,286,254,181,13,T,87,0,431,0,500,327,214,26,1,-3,0,-143,0,214,73,33,13
28057,5.54,T,30,2,334,0,10,54,29,0,T,42,3,579,0,13,284,32,0,1,12,1,245,0,3,230,3,0
28058,9.12,P,38,0,326,0,4,288,80,1,Z,88,4,388,0,448,309,290,3,1,50,4,62,0,444,21,210,2
28059,3.28,T,22,2,166,0,200,26,38,2,Z,16,0,404,0,15,14,42,2,0,-6,-2,238,0,-185,-12,4,0
28060,9.59,Z,62,0,442,0,33,121,181,2,P,55,0,493,0,0,176,84,0,1,-7,0,51,0,-33,55,-97,-2
28061,10.29,Z,74,11,441,0,67,465,411,8,T,115,0,557,0,61,294,163,9,0,41,-11,116,0,-6,-171,-248,1
28062,9.37,Z,70,4,704,0,33,77,188,0,P,101,0,920,0,119,393,132,11,1,31,-4,216,0,86,316,-56,11
28063,9.59,Z,35,0,232,0,43,113,207,3,T,71,3,473,0,39,135,90,2,1,36,3,241,0,-4,22,-117,-1
28064,5.38,P,34,4,144,0,29,138,36,2,P,25,0,229,0,9,94,33,8,0,-9,-4,85,0,-20,-44,-3,6
28065,4.43,T,29,0,399,0,0,68,186,0,Z,10,0,18,0,14,96,68,3,1,-19,0,-381,0,14,28,-118,3
28066,6.49,P,46,1,554,0,321,332,87,6,Z,52,3,456,0,310,214,211,5,1,6,2,-98,0,-11,-118,124,-1
28067,3.51,P,15,1,122,0,10,104,8,1,T,13,1,143,0,48,121,33,2,0,-2,0,21,0,38,17,25,1
28068,4.28,T,19,3,126,0,154,88,32,1,P,25,0,301,0,13,92,21,6,1,6,-3,175,0,-141,4,-11,5
28069,4.26,T,14,0,224,0,0,13,37,0,Z,14,0,86,0,12,5,54,2,0,0,0,-138,0,12,-8,17,2
28070,7.59,T,40,0,556,0,0,176,77,0,P,57,0,307,0,626,141,162,12,1,17,0,-249,0,626,-35,85,12
28071,3.34,Z,14,1,131,0,106,35,42,2,Z,13,2,137,0,209,91,80,3,1,-1,1,6,0,103,56,38,1
28072,9.09,P,63,0,522,0,126,310,112,10,T,78,1,598,0,133,158,76,4,0,15,1,76,0,7,-152,-36,-6
28073,2.16,Z,5,0,110,0,1,42,33,6,Z,14,2,138,0,11,105,79,0,1,9,2,28,0,10,63,46,-6
28074,7.56,Z,82,15,444,4,460,456,360,16,Z,63,2,508,0,600,174,231,5,0,-19,-13,64,-4,140,-282,-129,-11
28075,7.59,Z,62,1,415,0,630,266,231,9,T,40,0,448,0,690,113,75,10,0,-22,-1,33,0,60,-153,-156,1
28076,9.04,T,53,5,474,0,25,56,57,0,P,60,0,332,0,235,158,47,13,1,7,-5,-142,0,210,102,-10,13
28077,5.59,T,40,3,408,0,2,106,125,0,T,34,0,373,10,40,69,63,1,1,-6,-3,-35,10,38,-37,-62,1
28078,5.19,P,21,0,178,0,0,56,41,0,P,26,4,332,0,78,94,26,3,1,5,4,154,0,78,38,-15,3
28079,3.47,Z,26,2,191,0,249,101,90,8,Z,17,1,192,0,107,114,114,1,0,-9,-1,1,0,-142,13,24,-7
28080,3.13,Z,12,1,61,0,19,45,42,3,Z,21,5,239,2,20,43,44,0,0,9,4,178,2,1,-2,2,-3
28081,7,Z,31,1,474,0,2,140,123,0,P,23,0,190,0,9,106,72,3,0,-8,-1,-284,0,7,-34,-51,3
28082,9.59,T,99,0,461,0,109,267,171,11,Z,76,0,360,0,915,259,289,6,1,-23,0,-101,0,806,-8,118,-5
28083,6.31,T,24,0,454,0,1,41,55,0,T,27,0,321,0,10,78,40,3,0,3,0,-133,0,9,37,-15,3
28084,8.48,T,79,5,422,0,521,202,160,1,Z,57,2,588,0,199,202,193,1,0,-22,-3,166,0,-322,0,33,0
28085,10.18,Z,75,7,641,1,151,154,260,6,T,40,0,391,0,0,94,93,0,0,-35,-7,-250,-1,-151,-60,-167,-6
28086,2.2,P,5,0,79,0,0,7,5,0,P,5,0,91,0,0,63,8,0,1,0,0,12,0,0,56,3,0
28087,2.05,T,11,0,147,0,0,32,15,2,P,6,0,52,0,0,27,8,0,0,-5,0,-95,0,0,-5,-7,-2
28088,5.57,P,23,3,440,0,12,79,52,0,P,39,0,208,0,32,115,34,3,1,16,-3,-232,0,20,36,-18,3
28089,2.18,P,6,3,177,0,131,78,28,1,T,6,1,93,0,62,41,28,1,1,0,-2,-84,0,-69,-37,0,0
28090,9.59,T,73,0,538,0,70,185,87,9,T,63,1,479,0,361,336,148,12,0,-10,1,-59,0,291,151,61,3
28091,7.42,Z,42,0,137,0,56,128,154,4,T,83,0,644,0,695,349,220,12,1,41,0,507,0,639,221,66,8
28092,6.26,P,40,0,396,0,86,188,49,12,P,51,7,349,0,388,251,97,6,1,11,7,-47,0,302,63,48,-6
28093,9.56,T,91,3,491,0,187,288,114,3,P,37,0,385,0,186,150,69,4,0,-54,-3,-106,0,-1,-138,-45,1
28094,9.58,T,57,0,545,0,32,189,72,3,P,50,3,517,0,26,58,58,1,1,-7,3,-28,0,-6,-131,-14,-2
28095,4.54,T,45,0,193,0,302,113,70,17,T,32,1,293,0,260,116,96,2,0,-13,1,100,0,-42,3,26,-15
28096,3.49,Z,21,1,153,0,20,39,49,0,T,14,0,163,0,398,42,24,4,0,-7,-1,10,0,378,3,-25,4
28097,9.59,Z,50,8,457,1,102,138,182,0,T,50,0,516,0,0,99,82,2,0,0,-8,59,-1,-102,-39,-100,2
28098,5.35,P,26,0,430,0,10,58,35,3,Z,29,0,378,0,16,53,72,1,1,3,0,-52,0,6,-5,37,-2
28099,5.11,Z,15,0,83,0,2,17,67,1,Z,32,9,148,0,25,19,65,0,0,17,9,65,0,23,2,-2,-1
28100,8.46,P,27,0,1077,0,0,255,84,0,T,44,4,516,0,201,76,87,2,1,17,4,-561,0,201,-179,3,2
28101,2.49,T,11,2,143,0,0,46,19,0,T,16,0,190,0,6,49,38,1,1,5,-2,47,0,6,3,19,1
28102,9.57,T,50,1,706,0,3,111,87,0,P,40,0,592,0,2,161,75,4,0,-10,-1,-114,0,-1,50,-12,4
28103,7.04,P,27,0,179,0,8,190,268,0,P,31,0,320,0,7,297,74,12,1,4,0,141,0,-1,107,-194,12
28104,9.57,Z,73,0,852,0,72,195,207,3,T,90,3,610,9,293,210,186,15,1,17,3,-242,9,221,15,-21,12
28105,5.41,T,18,0,317,0,0,71,34,0,P,14,0,315,0,0,67,22,0,1,-4,0,-2,0,0,-4,-12,0
28106,9.36,T,87,3,414,0,294,314,90,10,Z,93,0,367,0,433,349,336,14,1,6,-3,-47,0,139,35,246,4
28107,8.49,T,88,1,432,0,479,341,108,7,T,73,0,457,0,304,208,86,9,0,-15,-1,25,0,-175,-133,-22,2
28108,7.06,T,77,0,302,0,441,280,137,18,Z,53,2,327,0,158,250,275,8,0,-24,2,25,0,-283,-30,138,-10
28109,10.48,T,94,6,415,0,100,308,116,0,T,94,0,414,0,139,338,229,9,1,0,-6,-1,0,39,30,113,9
28110,9.14,Z,69,1,582,0,101,279,237,3,T,112,0,628,0,127,295,152,3,0,43,-1,46,0,26,16,-85,0
28111,9.59,P,90,0,472,0,607,273,183,17,T,126,0,748,0,363,381,260,13,0,36,0,276,0,-244,108,77,-4
28112,3.15,Z,12,0,39,0,20,32,46,3,T,12,0,46,0,22,67,146,7,0,0,0,7,0,2,35,100,4
28113,9.59,P,73,5,602,0,536,314,70,3,Z,62,0,345,0,131,138,269,4,1,-11,-5,-257,0,-405,-176,199,1
28114,9.21,Z,56,8,492,0,17,82,132,0,T,94,2,671,0,44,193,79,23,1,38,-6,179,0,27,111,-53,23
28115,4,T,7,0,274,0,19,95,70,3,P,10,0,74,0,0,128,8,0,1,3,0,-200,0,-19,33,-62,-3
28116,9.39,P,54,0,759,0,21,192,108,3,Z,50,0,381,0,0,195,247,0,0,-4,0,-378,0,-21,3,139,-3
28117,8.38,P,46,9,211,0,200,204,72,0,P,42,0,283,0,9,127,106,1,1,-4,-9,72,0,-191,-77,34,1
28118,10.4,T,82,2,645,0,69,300,129,5,P,57,3,630,0,32,341,125,6,0,-25,1,-15,0,-37,41,-4,1
28119,9.59,P,49,0,525,0,17,197,87,5,T,81,7,369,0,17,131,188,0,0,32,7,-156,0,0,-66,101,-5
28120,9.58,T,89,4,578,0,127,321,137,3,Z,69,2,482,0,300,251,293,10,0,-20,-2,-96,0,173,-70,156,7
28121,9.35,Z,63,4,660,0,34,156,214,0,P,55,0,619,0,0,250,134,0,1,-8,-4,-41,0,-34,94,-80,0
28122,6.13,Z,39,5,222,0,477,96,183,0,P,27,2,457,0,15,123,55,0,0,-12,-3,235,0,-462,27,-128,0
28123,7.5,Z,53,1,650,0,29,99,165,0,P,45,0,537,0,3,227,96,4,0,-8,-1,-113,0,-26,128,-69,4
28124,9.59,P,42,6,539,0,11,58,46,0,T,47,0,369,0,0,63,108,0,1,5,-6,-170,0,-11,5,62,0
28125,9.59,T,60,1,514,0,38,195,92,2,P,61,0,490,0,9,189,103,3,1,1,-1,-24,0,-29,-6,11,1
28126,5.17,T,49,0,283,0,683,194,137,7,Z,31,0,253,0,72,80,78,5,1,-18,0,-30,0,-611,-114,-59,-2
28127,3.3,P,12,1,239,0,70,34,83,2,Z,8,1,105,0,10,18,49,1,0,-4,0,-134,0,-60,-16,-34,-1
28128,5.47,P,35,0,272,0,0,125,72,0,P,18,0,98,0,0,132,19,1,1,-17,0,-174,0,0,7,-53,1
28129,9.59,Z,55,5,776,0,49,115,171,3,T,80,6,557,0,409,256,89,11,0,25,1,-219,0,360,141,-82,8
28130,6.03,P,33,0,350,0,30,140,86,7,T,56,0,337,0,479,156,161,7,0,23,0,-13,0,449,16,75,0
28131,9.54,P,49,0,964,0,19,160,52,4,Z,59,1,338,0,101,150,273,4,1,10,1,-626,0,82,-10,221,0
28132,9.59,P,79,0,422,0,233,337,106,20,T,117,0,436,0,397,404,218,33,1,38,0,14,0,164,67,112,13
28133,7.51,P,38,0,247,0,0,65,53,0,T,48,2,377,0,39,57,74,4,0,10,2,130,0,39,-8,21,4
28134,10.33,T,86,2,658,0,875,127,209,12,T,78,0,668,0,641,95,79,6,1,-8,-2,10,0,-234,-32,-130,-6
28135,6.06,P,35,3,426,0,277,197,102,5,Z,32,5,358,0,66,162,135,2,0,-3,2,-68,0,-211,-35,33,-3
28136,9.59,Z,51,2,536,0,18,92,157,0,T,85,7,549,0,931,204,124,3,0,34,5,13,0,913,112,-33,3
28137,8.21,P,37,0,1008,0,82,233,107,3,Z,41,0,719,0,17,77,151,3,0,4,0,-289,0,-65,-156,44,0
28138,7.56,Z,36,10,283,0,68,75,130,0,T,40,0,400,0,5,193,189,11,0,4,-10,117,0,-63,118,59,11
28139,4.06,T,30,2,68,0,27,47,71,0,P,43,0,160,0,279,63,79,4,0,13,-2,92,0,252,16,8,4
28140,0.26,Z,1,0,6,0,0,1,4,0,Z,2,0,7,0,0,2,26,0,1,1,0,1,0,0,1,22,0
28141,0.44,T,5,0,60,0,0,5,4,0,Z,5,0,8,0,5,3,11,1,0,0,0,-52,0,5,-2,7,1
28142,6.59,Z,47,2,259,0,200,231,323,4,P,42,3,543,0,80,243,49,5,1,-5,1,284,0,-120,12,-274,1
28143,8.2,Z,57,0,284,0,84,239,324,11,Z,73,2,400,0,46,169,213,1,0,16,2,116,0,-38,-70,-111,-10
28144,5.09,Z,35,2,261,0,95,175,127,0,Z,28,1,326,0,244,159,225,2,0,-7,-1,65,0,149,-16,98,2
28145,9.57,T,41,0,436,0,0,117,127,0,T,53,0,546,0,23,204,124,4,0,12,0,110,0,23,87,-3,4
28146,5.25,T,25,0,144,0,40,91,64,6,T,20,0,246,0,0,42,46,2,0,-5,0,102,0,-40,-49,-18,-4
28147,5.33,T,42,0,232,0,19,84,93,3,Z,21,0,490,0,17,30,74,0,0,-21,0,258,0,-2,-54,-19,-3
28148,1,T,3,0,51,0,0,5,8,2,Z,4,0,22,0,11,36,28,2,1,1,0,-29,0,11,31,20,0
28149,9.59,P,50,2,666,0,6,179,95,2,T,52,0,432,0,7,189,94,4,1,2,-2,-234,0,1,10,-1,2
28150,4.33,T,24,0,182,0,15,10,21,2,Z,21,0,153,0,416,44,68,3,1,-3,0,-29,0,401,34,47,1
28151,9.59,P,38,3,742,0,12,111,73,0,Z,47,3,479,0,4,79,149,0,0,9,0,-263,0,-8,-32,76,0
28152,10.33,P,79,7,477,6,103,380,129,1,P,36,0,457,0,0,46,55,0,0,-43,-7,-20,-6,-103,-334,-74,-1
28153,9.32,Z,73,0,211,0,15,69,226,4,Z,52,6,352,0,86,254,232,2,0,-21,6,141,0,71,185,6,-2
28154,9.59,T,53,0,274,0,327,255,177,4,Z,53,0,381,0,98,258,160,4,0,0,0,107,0,-229,3,-17,0
28155,9.59,T,52,0,595,0,5,66,93,2,Z,46,0,503,0,550,291,200,15,1,-6,0,-92,0,545,225,107,13
28156,4.28,T,23,0,256,0,88,85,44,3,Z,29,0,104,0,14,44,60,3,0,6,0,-152,0,-74,-41,16,0
28157,5.35,P,37,1,239,0,43,221,58,0,T,22,0,458,0,14,56,37,2,0,-15,-1,219,0,-29,-165,-21,2
28158,7.36,T,89,1,241,0,407,119,205,15,Z,54,2,281,0,171,172,191,4,1,-35,1,40,0,-236,53,-14,-11
28159,9.59,Z,78,0,311,0,126,321,297,2,Z,59,0,669,0,77,360,220,8,0,-19,0,358,0,-49,39,-77,6
28160,7.35,T,50,4,697,1,21,187,130,1,P,19,0,454,0,0,41,23,0,1,-31,-4,-243,-1,-21,-146,-107,-1
28161,6.49,Z,30,2,624,0,24,41,99,0,T,43,0,468,0,0,39,75,0,1,13,-2,-156,0,-24,-2,-24,0
28162,9.59,P,159,0,472,0,563,372,258,28,T,180,0,519,0,704,320,283,41,0,21,0,47,0,141,-52,25,13
28163,8.4,Z,56,0,634,0,456,145,345,9,P,83,0,290,0,322,303,131,11,0,27,0,-344,0,-134,158,-214,2
28164,7.49,Z,41,3,760,0,54,93,143,1,T,36,3,363,0,0,82,82,0,0,-5,0,-397,0,-54,-11,-61,-1
28165,9.36,P,49,0,287,0,125,146,94,2,P,51,1,505,0,24,272,74,4,1,2,1,218,0,-101,126,-20,2
28166,8.37,Z,44,0,387,0,285,160,193,5,P,35,0,415,0,4,40,50,7,0,-9,0,28,0,-281,-120,-143,2
28167,9.22,Z,75,0,1006,0,55,148,268,5,Z,65,1,582,0,320,252,248,5,0,-10,1,-424,0,265,104,-20,0
28168,7.21,Z,40,2,436,0,18,48,110,0,Z,44,3,306,0,356,78,134,10,1,4,1,-130,0,338,30,24,10
28169,6.42,T,70,2,452,0,400,249,132,7,Z,48,5,302,0,264,225,205,8,0,-22,3,-150,0,-136,-24,73,1
28170,9.59,P,56,0,639,0,25,136,63,6,Z,49,3,572,0,41,210,168,1,1,-7,3,-67,0,16,74,105,-5
28171,3.21,T,18,0,140,0,470,63,42,8,Z,14,1,201,0,45,36,38,3,1,-4,1,61,0,-425,-27,-4,-5
28172,9.57,T,66,3,769,0,39,139,73,0,P,39,0,809,0,7,254,105,3,0,-27,-3,40,0,-32,115,32,3
28173,6.46,P,26,0,126,0,2,33,46,4,T,40,0,271,0,8,53,49,1,0,14,0,145,0,6,20,3,-3
28174,4.38,P,23,1,165,3,19,113,61,0,T,39,0,198,0,31,43,153,5,0,16,-1,33,-3,12,-70,92,5
28175,9.44,Z,62,5,291,0,183,247,276,5,T,107,6,614,0,487,254,143,7,0,45,1,323,0,304,7,-133,2
28176,3.2,Z,10,0,163,0,164,36,80,2,P,15,1,145,0,233,111,25,4,1,5,1,-18,0,69,75,-55,2
28177,9.59,T,91,0,690,0,362,178,72,6,P,58,1,665,0,15,158,99,5,1,-33,1,-25,0,-347,-20,27,-1
28178,9.59,P,78,4,869,0,41,245,75,5,T,66,4,483,0,29,123,76,1,0,-12,0,-386,0,-12,-122,1,-4
28179,2.2,P,5,0,109,0,2,36,55,1,P,10,0,176,0,2,61,10,0,1,5,0,67,0,0,25,-45,-1
28180,9.59,T,59,0,462,0,0,103,128,0,P,53,0,831,0,17,52,79,6,1,-6,0,369,0,17,-51,-49,6
28181,4.18,Z,25,4,183,0,521,86,79,4,Z,19,3,100,0,6,38,55,0,0,-6,-1,-83,0,-515,-48,-24,-4
28182,9.59,T,75,0,531,0,77,119,95,6,P,64,0,487,0,454,331,148,20,0,-11,0,-44,0,377,212,53,14
28183,10.55,P,57,0,914,0,38,169,86,5,Z,51,17,310,0,834,207,215,5,0,-6,17,-604,0,796,38,129,0
28184,9.59,T,61,5,1133,0,61,217,209,0,T,53,0,327,0,159,210,72,2,0,-8,-5,-806,0,98,-7,-137,2
28185,8.21,T,43,4,447,0,696,130,85,16,T,48,9,704,0,750,158,72,7,1,5,5,257,0,54,28,-13,-9
28186,3.45,T,22,0,189,0,13,122,83,9,T,19,0,161,0,34,38,46,4,0,-3,0,-28,0,21,-84,-37,-5
28187,6.39,P,25,3,134,0,120,114,87,0,Z,32,7,142,0,29,92,90,1,0,7,4,8,0,-91,-22,3,1
28188,9.59,T,87,0,725,0,28,137,93,1,P,49,0,514,0,17,126,113,7,1,-38,0,-211,0,-11,-11,20,6
28189,9.59,P,56,4,523,0,16,135,59,2,P,57,0,487,0,48,225,88,7,0,1,-4,-36,0,32,90,29,5
28190,7.46,T,40,1,542,0,26,92,42,5,P,59,8,167,0,53,44,35,0,0,19,7,-375,0,27,-48,-7,-5
28191,9.59,T,117,1,548,0,751,370,172,19,Z,110,5,553,0,785,311,387,9,1,-7,4,5,0,34,-59,215,-10
28192,9.58,P,44,0,688,0,11,185,82,3,T,93,7,468,0,67,315,128,2,1,49,7,-220,0,56,130,46,-1
28193,9.59,Z,69,0,313,0,257,175,259,18,T,54,0,700,0,7,122,130,2,1,-15,0,387,0,-250,-53,-129,-16
28194,10.3,Z,82,0,388,0,355,161,197,6,Z,77,25,330,0,487,555,439,1,0,-5,25,-58,0,132,394,242,-5
28195,7.33,Z,44,2,239,0,107,176,254,3,T,44,0,587,0,17,162,80,6,0,0,-2,348,0,-90,-14,-174,3
28196,9.59,P,60,6,598,0,74,320,92,1,Z,52,0,240,0,0,56,148,0,0,-8,-6,-358,0,-74,-264,56,-1
28197,9.51,Z,104,0,601,0,294,216,327,11,T,117,10,778,0,412,247,144,5,0,13,10,177,0,118,31,-183,-6
28198,8.29,Z,53,3,354,0,32,91,146,7,Z,46,1,333,0,211,188,250,7,0,-7,-2,-21,0,179,97,104,0
28199,9.58,T,52,0,474,0,4,85,96,7,T,95,0,449,0,13,342,137,4,1,43,0,-25,0,9,257,41,-3
28200,4.21,T,23,0,198,0,38,115,46,15,T,36,5,251,0,283,124,33,5,0,13,5,53,0,245,9,-13,-10
28201,9.59,T,59,0,519,0,9,89,70,5,Z,53,6,878,0,20,62,152,2,1,-6,6,359,0,11,-27,82,-3
28202,3.57,P,19,2,184,0,0,55,24,0,T,8,0,122,0,1,50,21,0,1,-11,-2,-62,0,1,-5,-3,0
28203,3.44,T,19,3,117,0,53,126,34,0,T,17,1,150,0,269,108,35,4,1,-2,-2,33,0,216,-18,1,4
28204,6.3,T,52,2,245,0,164,218,67,5,P,52,2,374,0,71,234,89,5,1,0,0,129,0,-93,16,22,0
28205,2.29,T,8,0,91,0,15,9,5,2,T,8,2,101,0,0,27,19,0,1,0,2,10,0,-15,18,14,-2
28206,9.59,Z,73,2,555,0,120,158,271,4,P,58,0,362,0,11,91,103,2,0,-15,-2,-193,0,-109,-67,-168,-2
28207,5.47,Z,42,0,287,0,52,202,131,7,T,58,1,241,0,189,212,153,13,0,16,1,-46,0,137,10,22,6
28208,10.23,T,96,0,410,0,24,313,172,8,P,91,0,459,0,186,305,204,6,0,-5,0,49,0,162,-8,32,-2
28209,8.12,T,71,3,584,0,51,230,92,8,Z,57,0,415,0,66,289,189,2,0,-14,-3,-169,0,15,59,97,-6
28210,9.59,T,22,0,824,0,0,53,45,0,T,27,0,658,0,0,46,43,0,0,5,0,-166,0,0,-7,-2,0
28211,5.18,T,35,3,273,0,35,137,84,0,P,22,0,383,0,4,145,237,1,1,-13,-3,110,0,-31,8,153,1
28212,5.04,P,31,1,348,0,153,188,68,4,Z,22,1,131,0,94,71,112,1,0,-9,0,-217,0,-59,-117,44,-3
28213,3.33,Z,10,0,170,6,42,76,75,0,Z,13,1,132,8,173,40,101,0,1,3,1,-38,2,131,-36,26,0
28214,9.59,T,43,0,379,0,1,127,77,3,T,54,0,628,0,20,153,114,6,1,11,0,249,0,19,26,37,3
28215,9.59,Z,63,4,254,0,41,116,167,2,T,93,5,588,1,28,186,93,0,0,30,1,334,1,-13,70,-74,-2
28216,5.19,P,28,4,365,0,32,91,61,2,T,7,0,83,0,0,7,20,0,0,-21,-4,-282,0,-32,-84,-41,-2
28217,4.2,P,22,2,145,0,2,62,118,0,Z,20,0,203,0,17,53,62,1,1,-2,-2,58,0,15,-9,-56,1
28218,9.59,T,72,11,518,0,68,131,93,2,Z,58,1,546,0,28,141,169,2,1,-14,-10,28,0,-40,10,76,0
28219,6.47,Z,30,0,421,0,302,132,133,5,T,50,2,423,0,130,252,69,9,1,20,2,2,0,-172,120,-64,4
28220,2.45,T,11,0,96,0,49,17,24,2,T,3,2,27,4,10,27,14,0,1,-8,2,-69,4,-39,10,-10,-2
28221,8.02,Z,71,0,433,0,16,250,207,1,Z,55,17,252,0,90,101,168,0,0,-16,17,-181,0,74,-149,-39,-1
28222,9.58,T,52,5,517,5,33,78,88,1,T,51,2,794,0,14,70,77,0,1,-1,-3,277,-5,-19,-8,-11,-1
28223,5.2,Z,29,2,267,0,131,154,119,4,P,37,1,209,0,186,77,24,5,1,8,-1,-58,0,55,-77,-95,1
28224,9.41,T,96,0,979,0,32,268,189,4,Z,66,1,555,0,39,258,230,2,1,-30,1,-424,0,7,-10,41,-2
28225,9.58,T,41,7,486,0,33,133,56,0,T,42,6,533,0,13,211,91,0,0,1,-1,47,0,-20,78,35,0
28226,8.25,T,94,7,439,0,411,238,210,5,Z,73,5,434,0,358,205,241,6,0,-21,-2,-5,0,-53,-33,31,1
28227,4.26,P,20,2,262,0,8,104,34,0,Z,17,1,123,0,18,45,59,0,1,-3,-1,-139,0,10,-59,25,0
28228,9.59,Z,52,1,464,0,2,95,201,5,Z,47,0,576,0,20,101,261,2,0,-5,-1,112,0,18,6,60,-3
28229,5.34,P,41,0,252,0,321,164,101,7,P,30,0,237,0,2,235,50,2,0,-11,0,-15,0,-319,71,-51,-5
28230,5.1,Z,12,3,152,0,27,84,51,0,P,19,0,478,0,0,34,49,0,0,7,-3,326,0,-27,-50,-2,0
28231,9.58,P,56,0,667,0,1,122,85,2,P,38,0,326,0,0,338,56,1,0,-18,0,-341,0,-1,216,-29,-1
28232,9.59,T,49,0,459,0,31,113,78,4,P,44,7,569,0,169,156,76,0,0,-5,7,110,0,138,43,-2,-4
28233,6.49,T,65,0,236,0,20,205,147,11,Z,38,9,555,0,38,142,116,0,1,-27,9,319,0,18,-63,-31,-11
28234,9.59,P,52,4,889,0,31,128,66,1,Z,52,0,339,0,54,158,197,1,1,0,-4,-550,0,23,30,131,0
28235,9.59,Z,70,0,342,0,888,218,249,10,T,95,0,507,0,81,145,167,10,0,25,0,165,0,-807,-73,-82,0
28236,5.51,Z,71,0,288,63,331,199,383,1,Z,42,1,421,0,387,222,160,8,1,-29,1,133,-63,56,23,-223,7
28237,9.36,P,43,1,571,0,0,140,66,0,T,70,5,451,0,42,59,86,0,1,27,4,-120,0,42,-81,20,0
28238,3.14,T,19,0,108,0,283,44,123,10,T,17,0,75,0,199,49,116,6,0,-2,0,-33,0,-84,5,-7,-4
28239,9.58,Z,76,0,475,0,77,247,288,7,T,144,0,386,0,361,300,118,11,1,68,0,-89,0,284,53,-170,4
28240,9.29,T,30,0,808,0,0,43,54,0,P,44,0,376,0,2,119,69,1,0,14,0,-432,0,2,76,15,1
28241,9.59,T,85,0,623,0,204,157,125,5,Z,58,3,490,0,30,101,183,2,1,-27,3,-133,0,-174,-56,58,-3
28242,8.41,Z,52,6,484,0,40,112,157,0,P,47,0,725,0,192,266,106,4,1,-5,-6,241,0,152,154,-51,4
28243,6.15,Z,20,2,270,0,17,95,113,1,P,27,0,384,0,6,57,33,2,0,7,-2,114,0,-11,-38,-80,1
28244,4.14,T,19,0,216,0,316,84,44,6,T,25,0,274,0,168,67,43,10,1,6,0,58,0,-148,-17,-1,4
28245,10.25,Z,89,7,606,0,357,270,270,5,T,96,3,856,0,190,201,235,5,0,7,-4,250,0,-167,-69,-35,0
28246,7.13,P,85,3,253,0,233,253,68,9,P,59,2,208,0,206,206,74,12,0,-26,-1,-45,0,-27,-47,6,3
28247,10.08,T,34,0,892,0,1,135,67,0,P,45,2,754,0,5,192,83,3,1,11,2,-138,0,4,57,16,3
28248,3.3,P,17,0,118,3,196,107,90,0,P,12,1,224,2,16,78,41,0,0,-5,1,106,-1,-180,-29,-49,0
28249,8.09,P,56,1,602,0,65,159,50,9,Z,51,1,181,0,238,157,236,4,1,-5,0,-421,0,173,-2,186,-5
28250,7.1,T,16,0,594,0,0,130,49,0,T,30,1,471,0,0,129,49,0,1,14,1,-123,0,0,-1,0,0
28251,4.12,P,22,1,242,0,22,60,22,3,P,19,4,145,0,269,159,86,1,1,-3,3,-97,0,247,99,64,-2
28252,5.07,P,32,0,222,0,133,171,89,10,P,36,1,93,0,243,73,84,8,0,4,1,-129,0,110,-98,-5,-2
28253,9.58,T,92,0,658,0,160,129,135,8,T,97,11,450,0,534,227,116,9,0,5,11,-208,0,374,98,-19,1
28254,4.21,P,18,0,178,0,14,21,12,2,Z,16,1,161,0,479,75,71,5,1,-2,1,-17,0,465,54,59,3
28255,4.3,T,22,0,221,0,28,59,41,4,Z,19,7,178,0,272,88,111,4,0,-3,7,-43,0,244,29,70,0
28256,3.27,Z,16,0,144,0,16,80,54,0,Z,10,0,112,0,96,45,118,3,1,-6,0,-32,0,80,-35,64,3
28257,8.25,Z,75,0,309,0,72,239,212,3,T,83,0,610,0,278,145,108,16,1,8,0,301,0,206,-94,-104,13
28258,9.58,P,42,0,713,0,0,269,68,0,T,91,1,693,0,208,366,121,8,1,49,1,-20,0,208,97,53,8
28259,6.25,T,46,0,187,0,38,80,127,8,T,49,0,226,0,367,98,110,18,0,3,0,39,0,329,18,-17,10
28260,8.48,T,39,0,529,0,0,21,72,0,P,40,0,521,0,4,60,61,2,1,1,0,-8,0,4,39,-11,2
28261,3.32,Z,15,2,151,0,8,15,35,0,P,5,0,27,0,1,6,6,1,1,-10,-2,-124,0,-7,-9,-29,1
28262,9.59,Z,72,0,542,0,395,283,470,14,T,84,5,459,0,481,372,129,11,0,12,5,-83,0,86,89,-341,-3
28263,7.26,Z,28,8,251,0,22,33,90,1,P,30,0,499,0,1,204,82,4,0,2,-8,248,0,-21,171,-8,3
28264,6.39,T,80,0,369,18,541,169,143,3,Z,50,3,260,0,213,128,254,5,0,-30,3,-109,-18,-328,-41,111,2
28265,6.4,Z,35,1,282,0,10,169,206,4,P,30,1,603,0,5,201,107,1,1,-5,0,321,0,-5,32,-99,-3
28266,9.56,Z,40,0,493,0,0,214,210,4,T,51,6,618,4,657,169,93,0,1,11,6,125,4,657,-45,-117,-4
28267,2.42,T,12,0,136,0,50,37,26,3,T,7,0,178,0,9,19,23,1,0,-5,0,42,0,-41,-18,-3,-2
28268,3.55,P,19,0,279,0,2,72,22,0,Z,18,4,113,0,132,67,175,0,0,-1,4,-166,0,130,-5,153,0
28269,3.54,T,16,0,309,0,2,41,31,2,T,25,0,167,0,18,62,106,5,1,9,0,-142,0,16,21,75,3
28270,9.59,T,85,0,729,0,117,209,107,7,Z,111,4,477,0,347,267,372,11,1,26,4,-252,0,230,58,265,4
28271,9.35,Z,58,0,471,0,49,275,171,3,P,37,0,320,0,24,69,50,1,0,-21,0,-151,0,-25,-206,-121,-2
28272,5.26,P,25,7,325,0,206,155,56,1,T,25,4,171,0,43,76,72,1,0,0,-3,-154,0,-163,-79,16,0
28273,9.59,P,51,1,422,0,363,42,50,2,Z,49,0,834,0,0,70,191,0,1,-2,-1,412,0,-363,28,141,-2
28274,2.2,Z,7,0,224,0,48,40,39,2,T,8,0,64,0,148,31,27,7,1,1,0,-160,0,100,-9,-12,5
28275,9.59,P,72,0,683,0,32,260,127,5,T,61,0,588,0,21,63,104,13,0,-11,0,-95,0,-11,-197,-23,8
28276,9.59,T,62,3,329,0,20,148,105,3,Z,54,1,254,0,155,185,316,0,0,-8,-2,-75,0,135,37,211,-3
28277,9.55,Z,65,3,266,0,650,149,312,12,T,75,0,356,0,75,133,169,7,0,10,-3,90,0,-575,-16,-143,-5
28278,6.41,Z,55,12,361,0,236,208,238,9,Z,59,6,363,1,552,217,243,3,0,4,-6,2,1,316,9,5,-6
28279,5.28,T,72,0,417,0,157,182,79,6,T,50,2,172,0,27,151,170,2,0,-22,2,-245,0,-130,-31,91,-4
28280,3.57,T,16,0,102,0,119,38,32,4,T,20,2,302,0,140,95,42,1,1,4,2,200,0,21,57,10,-3
28281,7.51,Z,34,6,338,0,412,158,491,0,Z,44,5,220,0,89,234,173,8,1,10,-1,-118,0,-323,76,-318,8
28282,5.55,T,18,4,470,0,20,61,35,6,P,25,0,198,0,36,126,75,3,1,7,-4,-272,0,16,65,40,-3
28283,10.58,Z,48,0,994,0,17,96,170,3,P,41,7,518,0,11,58,82,0,0,-7,7,-476,0,-6,-38,-88,-3
28284,6.47,Z,39,1,285,0,46,34,100,4,T,41,6,537,0,90,88,87,0,1,2,5,252,0,44,54,-13,-4
28285,9.59,Z,68,8,313,0,45,239,247,2,P,69,7,427,0,40,176,102,11,0,1,-1,114,0,-5,-63,-145,9
28286,6.37,T,48,0,529,0,208,136,96,6,Z,33,5,385,0,89,170,146,0,1,-15,5,-144,0,-119,34,50,-6
28287,6.55,Z,27,3,390,0,30,225,180,2,P,39,3,426,0,16,173,46,0,1,12,0,36,0,-14,-52,-134,-2
28288,8,T,45,3,715,0,28,176,65,7,T,56,6,331,0,90,293,117,2,1,11,3,-384,0,62,117,52,-5
28289,3.4,T,17,0,296,0,1,12,34,6,P,13,0,204,0,0,65,25,0,0,-4,0,-92,0,-1,53,-9,-6
28290,9.59,T,64,2,498,0,622,352,332,11,T,63,8,774,0,57,250,125,1,0,-1,6,276,0,-565,-102,-207,-10
28291,3.04,Z,19,0,89,6,214,59,101,6,Z,14,0,53,0,129,36,70,1,0,-5,0,-36,-6,-85,-23,-31,-5
28292,1.56,Z,9,3,196,0,32,20,49,0,P,9,0,60,0,0,15,9,0,0,0,-3,-136,0,-32,-5,-40,0
28293,9.29,T,62,0,431,22,95,276,170,4,T,78,10,492,0,545,283,92,9,1,16,10,61,-22,450,7,-78,5
28294,6.56,T,57,2,312,0,436,217,131,17,T,65,2,284,0,977,147,196,19,1,8,0,-28,0,541,-70,65,2
28295,10,T,153,1,392,0,679,246,174,32,Z,97,0,581,35,504,268,442,2,1,-56,-1,189,35,-175,22,268,-30
28296,3.12,Z,13,0,68,0,117,69,53,4,Z,12,0,57,0,130,30,161,0,1,-1,0,-11,0,13,-39,108,-4
28297,9.59,P,88,0,524,0,228,361,254,10,P,62,0,481,0,41,187,285,10,0,-26,0,-43,0,-187,-174,31,0
28298,9.59,Z,51,1,760,0,36,159,165,1,Z,57,0,797,0,15,91,175,4,0,6,-1,37,0,-21,-68,10,3
28299,4.2,P,31,1,234,0,78,112,37,4,Z,21,0,50,0,23,79,77,2,0,-10,-1,-184,0,-55,-33,40,-2
28300,9.59,Z,46,5,800,0,28,112,169,0,P,53,0,425,0,38,190,129,17,1,7,-5,-375,0,10,78,-40,17
28301,7.14,T,38,3,344,0,44,80,81,2,Z,34,0,621,1,0,98,140,1,1,-4,-3,277,1,-44,18,59,-1
28302,2.21,P,5,0,212,0,0,74,14,1,P,7,0,130,0,5,57,9,4,1,2,0,-82,0,5,-17,-5,3
28303,9.58,T,81,2,483,0,368,152,268,4,T,74,0,676,0,42,137,169,14,1,-7,-2,193,0,-326,-15,-99,10
28304,5.42,T,38,0,245,0,2,147,191,4,P,28,2,295,0,10,106,62,0,0,-10,2,50,0,8,-41,-129,-4
28305,9.45,Z,63,0,431,0,296,519,354,14,Z,57,0,453,0,9,280,203,1,0,-6,0,22,0,-287,-239,-151,-13
28306,9.59,P,34,1,549,0,6,194,69,1,Z,55,2,834,0,33,113,138,5,1,21,1,285,0,27,-81,69,4
28307,9.59,T,78,0,426,0,17,211,178,6,P,69,10,434,0,256,204,193,6,0,-9,10,8,0,239,-7,15,0
28308,5.2,P,24,0,335,0,16,70,28,3,T,37,3,202,0,188,77,79,2,0,13,3,-133,0,172,7,51,-1
28309,9.56,P,29,0,454,0,3,70,56,3,P,25,0,171,0,0,159,75,0,1,-4,0,-283,0,-3,89,19,-3
28310,7.18,P,48,1,380,0,91,168,100,7,T,49,0,269,0,12,200,201,3,0,1,-1,-111,0,-79,32,101,-4
28311,3.32,T,10,0,181,0,167,63,24,2,Z,14,0,205,0,59,68,83,2,0,4,0,24,0,-108,5,59,0
28312,10,T,59,6,690,0,46,108,81,0,P,87,0,477,0,524,315,120,12,1,28,-6,-213,0,478,207,39,12
28313,2.38,Z,6,0,78,0,3,11,57,3,Z,9,2,62,0,76,19,151,0,1,3,2,-16,0,73,8,94,-3
28314,8.09,P,69,0,389,0,86,226,89,10,T,65,0,344,0,530,171,121,9,1,-4,0,-45,0,444,-55,32,-1
28315,10.27,Z,45,3,477,0,7,119,173,0,Z,56,8,718,0,58,89,184,5,1,11,5,241,0,51,-30,11,5
28316,9.4,Z,69,8,664,0,30,167,197,0,T,91,0,587,0,26,185,118,15,0,22,-8,-77,0,-4,18,-79,15
28317,10.15,Z,44,2,754,0,5,86,172,0,T,59,0,976,0,0,183,123,0,0,15,-2,222,0,-5,97,-49,0
28318,9.59,Z,52,2,255,0,223,196,171,2,Z,71,12,155,0,46,93,209,0,0,19,10,-100,0,-177,-103,38,-2
28319,5.08,Z,28,3,145,0,83,60,77,5,P,35,4,381,0,32,120,34,0,1,7,1,236,0,-51,60,-43,-5
28320,9.53,P,28,0,411,0,0,120,41,0,P,34,0,573,0,4,120,63,4,0,6,0,162,0,4,0,22,4
28321,3.1,P,8,0,125,0,3,36,4,2,P,18,0,159,0,0,114,28,0,0,10,0,34,0,-3,78,24,-2
28322,9.59,T,54,0,730,0,31,121,52,6,Z,62,3,291,0,198,136,336,0,1,8,3,-439,0,167,15,284,-6
28323,8.16,T,120,0,441,0,435,195,160,21,Z,86,3,460,0,459,297,282,13,0,-34,3,19,0,24,102,122,-8
28324,9.32,Z,47,0,736,0,8,228,165,2,T,71,0,411,0,3,302,168,5,0,24,0,-325,0,-5,74,3,3
28325,10.09,P,32,0,456,0,0,139,49,1,Z,38,2,201,0,0,108,269,0,0,6,2,-255,0,0,-31,220,-1
28326,0.17,T,0,0,37,0,0,4,1,0,Z,0,0,3,0,0,4,1,0,0,0,0,-34,0,0,0,0,0
28327,4.07,T,17,0,295,0,347,52,17,6,Z,23,0,237,0,18,53,62,12,0,6,0,-58,0,-329,1,45,6
28328,5.21,P,29,0,234,0,0,95,43,1,P,27,0,326,0,34,92,37,8,0,-2,0,92,0,34,-3,-6,7
28329,9.59,T,97,0,231,0,267,165,152,18,Z,78,3,675,0,286,299,251,4,0,-19,3,444,0,19,134,99,-14
28330,9.37,T,62,0,452,0,0,260,159,0,Z,73,0,451,0,55,121,342,3,0,11,0,-1,0,55,-139,183,3
28331,5,Z,22,4,182,0,362,134,53,4,P,32,0,230,0,3,62,48,3,0,10,-4,48,0,-359,-72,-5,-1
28332,9.58,T,85,1,768,0,20,137,93,1,P,51,6,581,0,300,200,82,5,1,-34,5,-187,0,280,63,-11,4
28333,4.15,Z,14,0,219,7,15,57,53,0,P,26,3,245,0,459,112,28,5,1,12,3,26,-7,444,55,-25,5
28334,9.59,Z,78,11,322,0,518,215,287,4,T,130,0,594,0,641,292,222,17,0,52,-11,272,0,123,77,-65,13
28335,5.11,T,57,3,375,1,65,136,48,2,T,45,5,196,0,66,110,108,5,1,-12,2,-179,-1,1,-26,60,3
28336,2.45,T,9,2,163,0,139,38,17,2,P,8,0,38,0,0,49,6,0,1,-1,-2,-125,0,-139,11,-11,-2
28337,6.56,T,38,5,603,1,11,211,101,0,T,62,0,337,0,89,172,78,7,1,24,-5,-266,-1,78,-39,-23,7
28338,9.15,T,37,1,620,0,73,92,64,2,Z,50,0,318,0,0,65,182,0,0,13,-1,-302,0,-73,-27,118,-2
28339,6.13,T,34,3,272,1,283,77,66,4,T,36,0,484,0,0,25,57,0,0,2,-3,212,-1,-283,-52,-9,-4
28340,10.08,T,56,6,866,0,17,83,94,1,T,77,2,610,0,363,326,222,6,1,21,-4,-256,0,346,243,128,5
28341,5.25,T,27,3,272,0,4,73,45,0,P,20,0,370,0,13,82,27,2,0,-7,-3,98,0,9,9,-18,2
28342,10.21,T,92,0,673,0,117,211,123,13,T,98,0,659,0,648,329,302,11,0,6,0,-14,0,531,118,179,-2
28343,9.59,T,67,6,264,0,285,165,140,2,P,88,0,394,0,134,264,141,14,1,21,-6,130,0,-151,99,1,12
28344,8.45,P,57,3,412,0,312,219,70,6,Z,44,0,545,11,56,174,136,2,1,-13,-3,133,11,-256,-45,66,-4
28345,10.09,T,72,0,784,0,1,149,111,3,Z,73,0,549,0,5,96,282,4,1,1,0,-235,0,4,-53,171,1
28346,7.33,T,33,0,432,0,105,77,89,6,T,37,0,609,0,0,15,65,2,0,4,0,177,0,-105,-62,-24,-4
28347,8.05,Z,56,1,305,0,40,245,169,1,Z,47,5,480,0,113,100,172,5,0,-9,4,175,0,73,-145,3,4
28348,3.45,T,15,0,136,0,154,127,75,5,T,29,0,311,0,53,103,35,5,1,14,0,175,0,-101,-24,-40,0
28349,8.37,Z,52,2,363,0,29,145,117,0,T,55,3,653,0,48,99,77,0,1,3,1,290,0,19,-46,-40,0
28350,9.58,T,106,1,479,0,370,333,255,15,T,83,1,731,0,109,251,160,5,1,-23,0,252,0,-261,-82,-95,-10
28351,8.3,Z,51,6,216,0,52,128,200,1,T,64,0,429,0,130,127,129,9,0,13,-6,213,0,78,-1,-71,8
28352,9.59,T,90,0,734,0,37,233,155,16,Z,80,2,573,0,201,360,206,6,0,-10,2,-161,0,164,127,51,-10
28353,9.59,P,63,0,541,0,53,127,53,10,T,115,7,449,2,54,229,167,2,1,52,7,-92,2,1,102,114,-8
28354,5.05,Z,20,2,258,1,22,36,87,0,Z,16,6,297,0,181,59,105,0,1,-4,4,39,-1,159,23,18,0
28355,4.5,Z,16,0,186,0,5,73,76,3,Z,19,0,281,0,79,77,107,4,1,3,0,95,0,74,4,31,1
28356,6.19,Z,34,0,294,0,452,171,166,12,P,36,3,484,0,198,187,46,7,1,2,3,190,0,-254,16,-120,-5
28357,10.16,Z,46,2,624,0,83,286,225,4,Z,58,7,703,0,47,123,149,1,1,12,5,79,0,-36,-163,-76,-3
28358,9.59,Z,51,0,241,8,152,144,269,1,P,67,7,625,0,174,295,115,0,0,16,7,384,-8,22,151,-154,-1
28359,8.42,Z,58,6,651,0,64,155,152,5,P,58,0,431,0,365,236,234,10,1,0,-6,-220,0,301,81,82,5
28360,6.41,T,60,6,634,0,838,164,97,4,T,47,0,368,0,286,66,119,12,0,-13,-6,-266,0,-552,-98,22,8
28361,2.34,T,8,1,81,0,24,45,84,3,T,8,0,160,0,1,14,10,1,0,0,-1,79,0,-23,-31,-74,-2
28362,8.28,T,33,0,214,0,0,70,77,0,Z,42,2,809,0,53,224,155,2,1,9,2,595,0,53,154,78,2
28363,9.43,P,68,0,322,0,439,153,142,10,P,70,0,483,0,32,373,331,5,0,2,0,161,0,-407,220,189,-5
28364,9.58,Z,58,0,227,0,116,130,365,5,P,35,3,535,0,21,173,61,2,0,-23,3,308,0,-95,43,-304,-3
28365,5.48,T,23,0,248,0,0,20,38,0,Z,21,2,482,0,8,21,79,0,0,-2,2,234,0,8,1,41,0
28366,9.52,T,59,3,377,0,22,104,54,1,T,54,0,586,0,17,82,86,6,1,-5,-3,209,0,-5,-22,32,5
28367,8.32,T,74,0,294,0,36,379,104,2,T,77,0,370,0,186,280,170,8,0,3,0,76,0,150,-99,66,6
28368,10.27,T,78,4,902,0,15,224,135,3,T,73,0,610,0,50,167,128,6,1,-5,-4,-292,0,35,-57,-7,3
28369,4.08,T,17,0,213,0,0,54,25,0,T,16,0,103,0,1,40,41,1,1,-1,0,-110,0,1,-14,16,1
28370,5.1,Z,14,3,165,0,18,8,43,1,T,17,2,108,0,0,5,20,0,1,3,-1,-57,0,-18,-3,-23,-1
28371,8.04,P,52,7,296,0,11,140,131,2,P,41,0,228,0,3,104,52,4,0,-11,-7,-68,0,-8,-36,-79,2
28372,9.59,T,138,6,391,0,315,320,155,12,Z,79,0,469,0,149,245,250,11,0,-59,-6,78,0,-166,-75,95,-1
28373,9.59,T,32,0,352,0,0,42,76,0,P,57,0,775,0,0,180,127,0,1,25,0,423,0,0,138,51,0
28374,9.58,Z,72,12,373,0,68,224,252,3,Z,84,2,511,0,109,290,452,2,0,12,-10,138,0,41,66,200,-1
28375,2.49,Z,11,0,62,0,254,116,98,5,T,10,0,117,0,304,36,94,6,0,-1,0,55,0,50,-80,-4,1
28376,8.25,T,73,3,659,0,67,101,93,5,Z,60,0,561,0,68,183,184,9,1,-13,-3,-98,0,1,82,91,4
28377,10.56,Z,65,0,319,0,32,173,217,5,T,95,5,527,0,484,206,150,10,1,30,5,208,0,452,33,-67,5
28378,4.03,Z,11,0,283,0,0,68,49,0,T,8,0,268,0,0,50,18,0,0,-3,0,-15,0,0,-18,-31,0
28379,6.53,T,41,0,560,0,17,124,43,2,P,28,0,429,0,0,38,43,0,0,-13,0,-131,0,-17,-86,0,-2
28380,7.04,T,70,0,264,0,284,208,73,7,Z,45,0,450,0,152,141,147,5,0,-25,0,186,0,-132,-67,74,-2
28381,4.45,T,24,4,256,0,5,10,42,0,T,38,1,146,0,18,80,22,2,0,14,-3,-110,0,13,70,-20,2
28382,9.21,P,49,0,843,0,2,330,76,4,Z,41,0,649,0,28,179,137,11,1,-8,0,-194,0,26,-151,61,7
28383,6.36,P,51,4,426,0,48,202,50,1,T,76,4,442,0,260,189,228,3,0,25,0,16,0,212,-13,178,2
28384,8.47,Z,51,1,407,0,30,155,136,2,T,79,5,424,4,282,295,157,2,1,28,4,17,4,252,140,21,0
28385,3.59,Z,19,1,213,0,22,56,58,1,Z,13,1,39,0,11,39,45,3,1,-6,0,-174,0,-11,-17,-13,2
28386,9.59,T,123,4,594,0,84,137,132,3,P,73,0,431,0,244,220,120,14,1,-50,-4,-163,0,160,83,-12,11
28387,4.47,P,25,0,124,0,30,302,12,6,T,26,0,95,0,66,209,52,5,0,1,0,-29,0,36,-93,40,-1
28388,9.01,P,77,6,374,0,816,208,115,10,T,108,17,509,0,778,231,196,7,1,31,11,135,0,-38,23,81,-3
28389,10.32,P,60,0,777,0,0,130,101,2,T,100,0,560,0,53,186,87,21,1,40,0,-217,0,53,56,-14,19
28390,0.41,P,1,0,13,0,0,31,2,2,Z,3,0,20,0,3,13,7,1,1,2,0,7,0,3,-18,5,-1
28391,9.34,T,53,0,363,0,14,25,60,3,Z,65,0,104,0,97,47,194,7,1,12,0,-259,0,83,22,134,4
28392,9.59,T,97,4,616,0,334,344,185,10,T,103,0,391,0,35,197,136,7,1,6,-4,-225,0,-299,-147,-49,-3
28393,9.59,Z,63,3,460,0,27,84,194,0,T,68,0,767,0,11,251,152,4,1,5,-3,307,0,-16,167,-42,4
28394,3.57,T,37,0,157,0,35,88,46,2,Z,24,1,244,0,444,128,101,2,0,-13,1,87,0,409,40,55,0
28395,8.12,T,124,0,259,0,192,400,89,8,Z,33,0,389,0,0,106,138,0,0,-91,0,130,0,-192,-294,49,-8
28396,4.01,Z,13,0,1,0,6,11,53,2,T,2,0,44,0,2,13,5,2,0,-11,0,43,0,-4,2,-48,0
28397,9.58,Z,46,0,177,0,30,51,176,2,Z,40,2,867,0,28,59,134,0,0,-6,2,690,0,-2,8,-42,-2
28398,9.58,P,74,6,607,0,250,222,82,9,T,105,7,1049,0,196,378,252,1,0,31,1,442,0,-54,156,170,-8
28399,3.04,Z,11,0,48,0,7,24,94,1,Z,14,2,214,0,13,22,41,1,0,3,2,166,0,6,-2,-53,0
28400,5.59,Z,52,0,414,0,98,146,131,7,P,47,0,280,0,351,160,68,9,0,-5,0,-134,0,253,14,-63,2
28401,9.57,Z,54,0,365,0,78,121,138,9,T,71,3,1172,0,15,238,237,4,0,17,3,807,0,-63,117,99,-5
28402,9.43,P,29,1,520,0,1,165,43,1,Z,36,0,204,0,15,134,314,1,1,7,-1,-316,0,14,-31,271,0
28403,9.02,Z,76,0,450,0,105,219,288,3,P,65,4,538,0,136,313,214,0,0,-11,4,88,0,31,94,-74,-3
28404,8.46,T,41,0,434,0,4,65,74,1,Z,52,6,765,0,65,78,178,2,0,11,6,331,0,61,13,104,1
28405,9.59,Z,45,1,431,0,7,139,184,4,P,45,0,563,0,5,226,146,1,0,0,-1,132,0,-2,87,-38,-3
28406,3.36,Z,16,1,52,0,203,33,32,5,T,9,0,140,0,0,6,12,0,0,-7,-1,88,0,-203,-27,-20,-5
28407,9.59,T,34,4,629,0,11,67,56,2,T,44,0,88,0,0,48,54,0,1,10,-4,-541,0,-11,-19,-2,-2
28408,9.59,Z,68,8,537,0,67,181,234,0,Z,66,6,464,0,106,187,381,4,1,-2,-2,-73,0,39,6,147,4
28409,8.45,P,74,0,456,0,436,173,83,11,Z,74,5,354,0,78,296,252,8,1,0,5,-102,0,-358,123,169,-3
28410,10.49,T,100,5,372,0,59,225,111,6,Z,56,0,778,0,10,204,198,2,0,-44,-5,406,0,-49,-21,87,-4
28411,8.41,T,56,0,764,0,16,200,114,9,Z,47,0,360,0,12,55,140,3,1,-9,0,-404,0,-4,-145,26,-6
28412,4.5,P,24,0,166,0,119,68,25,6,Z,14,2,334,0,2,47,69,1,0,-10,2,168,0,-117,-21,44,-5
28413,9.3,T,108,3,458,0,271,298,95,11,Z,51,5,426,0,75,133,151,2,0,-57,2,-32,0,-196,-165,56,-9
28414,7.07,P,61,4,359,0,174,165,155,7,T,56,0,229,0,324,208,198,9,1,-5,-4,-130,0,150,43,43,2
28415,9.59,T,66,0,546,20,146,236,171,2,P,52,0,682,0,0,149,90,1,0,-14,0,136,-20,-146,-87,-81,-1
28416,7.16,Z,49,0,487,0,26,144,214,2,T,64,0,290,0,229,132,265,12,1,15,0,-197,0,203,-12,51,10
28417,5.35,T,47,0,326,0,206,121,51,9,Z,26,0,194,22,72,193,140,0,0,-21,0,-132,22,-134,72,89,-9
28418,5.29,T,43,3,262,0,75,124,201,1,T,55,0,119,0,440,115,138,11,0,12,-3,-143,0,365,-9,-63,10
28419,9.59,T,94,4,453,0,192,343,104,6,T,93,0,594,0,508,309,180,16,0,-1,-4,141,0,316,-34,76,10
28420,5.52,P,27,0,377,0,7,71,90,2,Z,32,0,434,0,46,86,103,5,1,5,0,57,0,39,15,13,3
28421,9.59,T,69,7,746,0,49,58,111,1,T,77,12,530,0,13,161,116,0,1,8,5,-216,0,-36,103,5,-1
28422,8.44,T,107,2,587,0,97,170,153,6,Z,43,0,527,0,9,183,179,2,1,-64,-2,-60,0,-88,13,26,-4
28423,4.52,T,30,0,230,0,63,206,146,5,Z,39,0,223,0,127,136,174,8,0,9,0,-7,0,64,-70,28,3
28424,7.23,Z,35,0,228,0,8,40,84,1,T,47,0,626,0,40,199,107,3,1,12,0,398,0,32,159,23,2
28425,9.59,T,58,0,440,0,22,120,64,5,T,67,3,336,0,10,132,123,4,1,9,3,-104,0,-12,12,59,-1
28426,4.37,P,28,1,241,0,160,89,149,4,T,19,1,260,0,4,94,42,3,0,-9,0,19,0,-156,5,-107,-1
28427,8.1,P,85,9,564,0,131,337,61,8,T,91,5,503,0,561,215,129,11,0,6,-4,-61,0,430,-122,68,3
28428,9.59,Z,60,3,592,0,154,193,287,0,T,73,0,603,0,114,113,117,4,0,13,-3,11,0,-40,-80,-170,4
28429,4.03,P,20,0,80,0,7,191,70,5,T,14,0,358,0,10,27,34,1,1,-6,0,278,0,3,-164,-36,-4
28430,4.5,T,35,0,211,0,325,108,156,7,T,38,5,148,0,165,107,54,0,1,3,5,-63,0,-160,-1,-102,-7
28431,9.1,P,47,2,385,3,79,306,107,7,Z,55,3,464,0,42,77,138,5,1,8,1,79,-3,-37,-229,31,-2
28432,9.41,Z,59,0,454,0,99,153,222,3,T,48,1,360,0,107,153,107,0,1,-11,1,-94,0,8,0,-115,-3
28433,10.54,Z,82,0,671,0,131,203,306,20,T,97,4,411,0,30,242,173,1,0,15,4,-260,0,-101,39,-133,-19
28434,6.56,Z,36,0,179,0,14,114,125,0,Z,44,0,441,0,42,167,128,8,0,8,0,262,0,28,53,3,8
28435,9.59,P,105,0,739,0,783,353,302,11,T,101,5,460,0,466,395,190,11,0,-4,5,-279,0,-317,42,-112,0
28436,4.22,Z,23,7,191,0,73,130,103,2,P,19,2,233,0,2,192,36,2,0,-4,-5,42,0,-71,62,-67,0
28437,7.57,Z,68,0,569,0,98,211,227,3,T,105,3,500,0,249,260,142,5,0,37,3,-69,0,151,49,-85,2
28438,3.07,Z,15,0,145,0,14,12,32,2,Z,4,0,24,0,1,11,16,0,0,-11,0,-121,0,-13,-1,-16,-2
28439,4.57,T,40,5,279,0,43,80,45,6,T,36,0,224,0,109,146,31,9,0,-4,-5,-55,0,66,66,-14,3
28440,9.59,Z,90,4,409,0,313,415,346,8,T,144,0,839,0,54,369,138,8,1,54,-4,430,0,-259,-46,-208,0
28441,6.06,T,45,1,266,0,238,205,51,6,T,39,0,204,0,15,241,123,4,1,-6,-1,-62,0,-223,36,72,-2
28442,6.17,P,38,0,231,0,202,151,234,11,P,36,2,253,0,271,156,143,3,1,-2,2,22,0,69,5,-91,-8
28443,4.23,Z,19,0,126,0,0,96,103,1,P,20,0,119,0,89,97,206,1,1,1,0,-7,0,89,1,103,0
28444,9.04,T,117,7,402,0,541,283,221,5,P,40,0,292,0,0,101,238,1,0,-77,-7,-110,0,-541,-182,17,-4
28445,10.03,T,67,0,494,0,36,220,123,6,P,48,0,467,0,0,225,57,2,0,-19,0,-27,0,-36,5,-66,-4
28446,5.06,Z,24,3,276,0,22,127,105,0,T,31,0,291,0,5,95,55,3,1,7,-3,15,0,-17,-32,-50,3
28447,9.16,Z,43,0,702,0,61,160,133,6,Z,57,1,196,0,18,80,172,3,0,14,1,-506,0,-43,-80,39,-3
28448,2.18,T,9,0,134,0,205,56,14,2,T,8,0,49,0,404,43,16,1,0,-1,0,-85,0,199,-13,2,-1
28449,3.16,T,18,0,124,0,145,40,54,4,T,22,2,83,0,194,84,42,4,1,4,2,-41,0,49,44,-12,0
28450,2.24,P,11,0,84,0,55,36,11,4,Z,9,0,269,0,5,15,25,0,1,-2,0,185,0,-50,-21,14,-4
28451,6.41,T,52,0,351,0,117,148,71,12,T,50,3,207,0,391,143,129,4,1,-2,3,-144,0,274,-5,58,-8
28452,9.59,Z,57,8,452,0,86,272,226,4,Z,81,13,159,0,76,127,169,0,0,24,5,-293,0,-10,-145,-57,-4
28453,9.59,Z,70,4,479,0,75,226,258,12,T,98,0,684,0,53,184,197,2,0,28,-4,205,0,-22,-42,-61,-10
28454,3.57,Z,22,0,103,0,6,44,50,3,Z,20,2,102,0,102,76,117,5,0,-2,2,-1,0,96,32,67,2
28455,8.2,T,79,4,449,0,46,135,162,0,Z,54,3,650,0,223,111,300,6,0,-25,-1,201,0,177,-24,138,6
28456,9.58,P,70,0,363,0,86,307,83,18,P,72,2,767,0,27,231,149,14,1,2,2,404,0,-59,-76,66,-4
28457,4.59,Z,18,3,367,0,29,13,64,1,T,19,5,211,0,42,145,65,0,1,1,2,-156,0,13,132,1,-1
28458,7.22,T,50,0,239,0,251,148,62,21,P,42,1,238,0,18,159,65,5,0,-8,1,-1,0,-233,11,3,-16
28459,8.37,T,53,1,527,0,7,183,119,0,T,76,0,778,0,59,207,66,7,1,23,-1,251,0,52,24,-53,7
28460,2.04,P,10,0,31,0,6,42,8,1,T,9,0,27,0,652,9,10,3,0,-1,0,-4,0,646,-33,2,2
28461,5.43,T,25,0,169,0,6,35,40,2,Z,26,0,214,0,24,24,82,2,0,1,0,45,0,18,-11,42,0
28462,9.59,Z,96,5,463,0,575,242,293,3,P,38,0,692,0,27,221,96,3,0,-58,-5,229,0,-548,-21,-197,0
28463,4.29,Z,19,0,206,0,15,25,50,2,Z,32,1,99,0,164,38,171,2,1,13,1,-107,0,149,13,121,0
28464,9.59,T,56,0,430,0,32,139,192,9,Z,48,5,862,0,50,166,149,0,1,-8,5,432,0,18,27,-43,-9
28465,5.07,T,25,0,294,0,321,146,104,5,P,26,2,230,0,1,107,47,0,0,1,2,-64,0,-320,-39,-57,-5
28466,3.21,T,26,0,125,0,159,89,27,8,Z,17,5,218,0,129,72,98,0,0,-9,5,93,0,-30,-17,71,-8
28467,9.03,T,93,2,352,0,606,322,214,8,T,85,0,529,0,425,360,253,8,0,-8,-2,177,0,-181,38,39,0
28468,5.11,T,22,4,243,2,5,11,29,2,T,13,0,136,0,13,32,28,1,1,-9,-4,-107,-2,8,21,-1,-1
28469,1.51,T,7,0,69,0,1,95,16,0,T,11,0,85,0,357,46,47,3,1,4,0,16,0,356,-49,31,3
28470,9.59,Z,66,3,517,0,43,317,265,0,T,61,0,763,0,0,177,104,0,0,-5,-3,246,0,-43,-140,-161,0
28471,3.24,Z,13,0,60,0,0,5,30,1,Z,13,0,192,0,12,84,36,0,1,0,0,132,0,12,79,6,-1
28472,5.3,P,27,0,203,0,32,138,59,2,T,23,1,170,0,4,42,86,2,0,-4,1,-33,0,-28,-96,27,0
28473,2,Z,9,2,61,0,19,34,104,0,T,9,0,115,0,146,29,38,4,1,0,-2,54,0,127,-5,-66,4
28474,9.59,T,72,0,913,0,12,145,120,4,Z,57,13,233,0,67,338,223,5,1,-15,13,-680,0,55,193,103,1
28475,6.02,Z,27,0,238,0,23,43,75,2,P,23,0,486,0,2,66,47,1,0,-4,0,248,0,-21,23,-28,-1
28476,9.58,P,40,0,539,0,0,68,57,0,P,30,2,442,0,10,60,31,0,0,-10,2,-97,0,10,-8,-26,0
28477,9.59,T,77,0,728,0,5,279,172,3,Z,90,0,506,0,50,340,209,18,1,13,0,-222,0,45,61,37,15
28478,9.57,T,77,0,409,0,7,126,119,13,Z,62,4,533,0,140,508,350,5,1,-15,4,124,0,133,382,231,-8
28479,9.36,T,73,0,403,0,10,113,174,15,Z,81,9,534,0,624,157,290,6,1,8,9,131,0,614,44,116,-9
28480,8.09,T,53,3,412,0,132,270,217,4,T,65,5,372,7,547,182,111,6,1,12,2,-40,7,415,-88,-106,2
28481,2.23,T,10,0,66,0,110,34,116,5,T,12,0,161,0,1,24,26,2,0,2,0,95,0,-109,-10,-90,-3
28482,7.23,Z,32,0,315,0,15,163,200,2,T,69,1,721,0,58,262,136,3,1,37,1,406,0,43,99,-64,1
28483,5.22,P,15,0,336,0,0,90,14,1,T,19,0,459,0,115,67,24,3,0,4,0,123,0,115,-23,10,2
28484,10.32,Z,60,0,845,0,120,190,219,7,T,58,6,997,0,27,132,94,1,1,-2,6,152,0,-93,-58,-125,-6
28485,9.47,Z,83,6,443,0,427,187,369,4,T,53,0,342,0,4,228,98,10,0,-30,-6,-101,0,-423,41,-271,6
28486,8.19,P,79,0,379,0,315,189,194,14,T,58,1,341,0,27,144,89,0,0,-21,1,-38,0,-288,-45,-105,-14
28487,7.07,P,25,0,178,0,0,50,54,2,T,42,2,410,0,17,86,47,4,1,17,2,232,0,17,36,-7,2
28488,10.04,T,85,5,812,0,272,389,124,7,T,79,0,417,0,602,178,123,10,1,-6,-5,-395,0,330,-211,-1,3
28489,10.58,P,58,3,1022,0,18,243,114,0,T,62,8,921,0,21,102,66,1,0,4,5,-101,0,3,-141,-48,1
28490,9.58,P,52,2,530,0,49,112,41,4,Z,49,4,690,0,157,131,206,2,0,-3,2,160,0,108,19,165,-2
28491,4.09,T,12,0,190,0,0,14,27,0,Z,20,0,125,0,0,5,70,0,1,8,0,-65,0,0,-9,43,0
28492,10.32,Z,39,0,545,0,20,35,113,5,P,41,0,393,0,12,28,42,3,0,2,0,-152,0,-8,-7,-71,-2
28493,4.54,T,21,2,229,0,5,34,34,0,P,19,1,464,0,12,30,19,1,0,-2,-1,235,0,7,-4,-15,1
28494,10.22,P,46,5,598,0,12,86,64,0,T,90,0,224,0,94,115,87,6,0,44,-5,-374,0,82,29,23,6
28495,9.58,Z,74,1,496,0,97,187,241,2,T,36,0,613,0,7,112,60,5,0,-38,-1,117,0,-90,-75,-181,3
28496,8.48,P,47,7,480,0,367,237,136,8,P,76,0,431,0,26,259,137,8,0,29,-7,-49,0,-341,22,1,0
28497,8.1,T,98,0,377,0,395,347,218,5,Z,48,4,534,0,40,293,193,0,0,-50,4,157,0,-355,-54,-25,-5
28498,9.19,Z,57,4,385,0,63,173,208,4,Z,55,3,243,0,239,104,158,9,1,-2,-1,-142,0,176,-69,-50,5
28499,5.18,P,38,1,361,0,95,331,45,7,Z,31,3,286,0,148,152,246,5,0,-7,2,-75,0,53,-179,201,-2
28500,3.47,P,16,2,164,0,1,86,19,0,Z,15,0,182,1,109,38,200,0,1,-1,-2,18,1,108,-48,181,0
28501,8.17,P,40,14,539,0,38,53,42,0,T,53,0,346,0,45,43,51,3,0,13,-14,-193,0,7,-10,9,3
28502,9.59,Z,53,8,1103,0,79,104,262,0,T,61,0,758,0,23,66,96,5,0,8,-8,-345,0,-56,-38,-166,5
28503,4.14,Z,24,0,257,0,41,113,171,2,T,14,0,199,0,27,118,82,4,0,-10,0,-58,0,-14,5,-89,2
28504,4.12,T,18,1,126,0,239,44,97,9,P,15,0,187,0,1,59,19,1,1,-3,-1,61,0,-238,15,-78,-8
28505,4.06,Z,18,1,137,0,29,137,115,1,Z,17,3,65,0,45,94,239,7,0,-1,2,-72,0,16,-43,124,6
28506,9.18,T,96,5,548,0,228,234,178,5,T,82,0,352,0,267,151,152,14,0,-14,-5,-196,0,39,-83,-26,9
28507,7.43,Z,40,0,384,0,99,171,227,5,P,50,4,411,0,125,133,111,10,1,10,4,27,0,26,-38,-116,5
28508,8.05,Z,27,0,163,0,0,95,91,0,T,45,6,535,0,8,20,55,0,1,18,6,372,0,8,-75,-36,0
28509,4.53,P,32,0,281,0,15,89,30,4,P,23,0,106,0,8,82,231,2,1,-9,0,-175,0,-7,-7,201,-2
28510,9.59,T,38,0,905,0,0,41,69,0,P,26,0,626,0,0,34,34,0,0,-12,0,-279,0,0,-7,-35,0
28511,8.53,T,83,0,316,0,262,249,186,10,Z,75,0,608,0,217,299,341,9,1,-8,0,292,0,-45,50,155,-1
28512,8.44,T,33,0,606,0,0,46,85,1,T,21,0,504,0,0,26,43,0,0,-12,0,-102,0,0,-20,-42,-1
28513,9.59,T,53,0,802,0,16,172,111,4,P,56,0,654,0,39,92,81,5,1,3,0,-148,0,23,-80,-30,1
28514,9.07,P,52,0,727,0,36,182,101,7,Z,60,1,338,0,41,119,210,3,1,8,1,-389,0,5,-63,109,-4
28515,8.47,T,33,0,681,0,35,55,76,2,Z,49,0,566,0,35,88,148,3,1,16,0,-115,0,0,33,72,1
28516,4.29,T,21,0,94,1,0,14,41,1,P,22,2,128,0,11,86,20,2,1,1,2,34,-1,11,72,-21,1
28517,3.12,P,16,0,85,0,4,64,24,2,Z,13,0,79,0,7,15,44,2,1,-3,0,-6,0,3,-49,20,0
28518,8.12,Z,46,0,194,40,201,118,344,0,Z,44,5,462,0,303,113,251,6,0,-2,5,268,-40,102,-5,-93,6
28519,9.58,T,64,0,1375,0,0,177,120,0,Z,49,7,460,0,44,99,175,1,1,-15,7,-915,0,44,-78,55,1
28520,9.59,Z,67,0,354,0,22,143,219,4,T,94,1,331,0,153,280,100,7,1,27,1,-23,0,131,137,-119,3
28521,7.2,T,50,0,166,0,69,170,147,5,P,63,7,241,0,358,160,197,1,1,13,7,75,0,289,-10,50,-4
28522,8.09,T,51,0,430,0,6,188,225,4,T,56,5,307,0,187,194,129,0,0,5,5,-123,0,181,6,-96,-4
28523,6.17,Z,56,0,306,0,66,213,133,3,Z,50,5,227,0,110,248,171,1,1,-6,5,-79,0,44,35,38,-2
28524,9.59,P,56,2,669,0,283,264,77,7,Z,48,3,378,0,17,90,220,0,0,-8,1,-291,0,-266,-174,143,-7
28525,9.59,T,96,9,765,0,62,273,144,0,Z,73,10,575,0,138,368,309,5,1,-23,1,-190,0,76,95,165,5
28526,9.59,P,65,0,260,0,13,334,101,0,Z,57,3,721,0,123,242,166,0,1,-8,3,461,0,110,-92,65,0
28527,0.46,Z,5,0,5,0,86,28,63,3,P,3,0,21,4,11,19,27,0,1,-2,0,16,4,-75,-9,-36,-3
28528,9.58,Z,46,0,302,0,0,162,210,0,T,53,0,561,0,35,237,111,6,0,7,0,259,0,35,75,-99,6
28529,9.59,P,83,2,802,1,306,222,143,10,T,109,0,627,12,321,188,251,2,0,26,-2,-175,11,15,-34,108,-8
28530,9.25,Z,61,0,449,14,97,182,198,1,P,60,14,392,0,23,174,85,0,0,-1,14,-57,-14,-74,-8,-113,-1
28531,9.59,Z,63,1,328,0,33,131,234,4,T,87,3,824,0,65,200,102,6,0,24,2,496,0,32,69,-132,2
28532,7.03,T,43,4,491,0,8,68,79,0,P,39,6,390,0,35,269,44,1,1,-4,2,-101,0,27,201,-35,1
28533,8.35,T,33,0,280,0,0,106,66,0,P,51,10,260,0,698,125,63,0,1,18,10,-20,0,698,19,-3,0
28534,8.08,P,73,0,344,0,235,388,127,14,Z,66,8,237,0,679,254,476,13,0,-7,8,-107,0,444,-134,349,-1
28535,10.16,Z,76,1,510,0,97,98,198,0,P,49,0,952,0,66,273,88,24,0,-27,-1,442,0,-31,175,-110,24
28536,8.23,P,49,2,707,0,383,229,118,4,P,44,0,454,0,5,220,83,2,1,-5,-2,-253,0,-378,-9,-35,-2
28537,9.13,Z,82,0,376,0,47,65,263,1,P,39,0,580,0,0,69,56,0,0,-43,0,204,0,-47,4,-207,-1
28538,8.24,Z,42,2,400,0,106,153,243,2,P,43,4,464,0,42,275,59,0,0,1,2,64,0,-64,122,-184,-2
28539,5.09,P,11,1,410,0,2,33,36,1,T,28,0,532,0,82,102,63,4,1,17,-1,122,0,80,69,27,3
28540,9.59,Z,65,9,465,0,57,164,205,1,T,61,0,283,0,12,124,94,8,0,-4,-9,-182,0,-45,-40,-111,7
28541,9.59,P,63,0,493,0,10,250,148,4,T,48,0,1020,0,0,173,140,0,0,-15,0,527,0,-10,-77,-8,-4
28542,5.44,Z,49,1,323,0,78,147,236,5,T,68,4,272,0,379,127,153,1,0,19,3,-51,0,301,-20,-83,-4
28543,9.59,Z,68,5,855,0,100,125,221,3,Z,49,0,606,0,17,114,155,2,0,-19,-5,-249,0,-83,-11,-66,-1
28544,4.52,T,27,2,310,0,27,59,41,3,Z,21,0,269,0,20,51,70,4,1,-6,-2,-41,0,-7,-8,29,1
28545,2.46,Z,8,1,101,0,4,14,29,0,P,6,0,91,0,0,3,6,0,0,-2,-1,-10,0,-4,-11,-23,0
28546,3.24,P,18,3,69,0,637,55,52,1,T,16,0,209,0,132,40,49,14,0,-2,-3,140,0,-505,-15,-3,13
28547,9.34,Z,37,4,508,0,28,89,214,2,T,79,0,293,22,168,116,203,1,1,42,-4,-215,22,140,27,-11,-1
28548,3.17,T,23,0,119,0,351,83,49,13,Z,9,4,74,0,303,51,184,0,1,-14,4,-45,0,-48,-32,135,-13
28549,10.31,P,67,4,580,0,53,190,67,3,T,90,0,447,1,97,225,132,3,0,23,-4,-133,1,44,35,65,0
28550,10.39,Z,103,8,558,0,782,222,315,9,P,71,6,530,0,35,364,189,2,1,-32,-2,-28,0,-747,142,-126,-7
28551,9.59,T,63,0,538,0,13,215,71,3,T,36,0,1009,0,6,148,130,5,1,-27,0,471,0,-7,-67,59,2
28552,3.53,P,16,0,369,0,49,95,21,3,Z,17,1,144,0,8,41,39,1,1,1,1,-225,0,-41,-54,18,-2
28553,8.45,P,28,0,345,0,0,50,74,0,T,36,0,393,0,16,60,64,2,1,8,0,48,0,16,10,-10,2
28554,9.57,P,41,0,639,0,14,113,50,2,Z,49,1,435,0,7,22,145,0,1,8,1,-204,0,-7,-91,95,-2
28555,7.06,T,34,0,191,0,7,81,66,2,T,36,0,290,0,0,49,73,0,1,2,0,99,0,-7,-32,7,-2
28556,6.16,P,24,0,238,0,0,168,183,2,Z,35,0,230,0,199,218,131,16,1,11,0,-8,0,199,50,-52,14
28557,9.54,T,93,0,414,0,202,185,278,5,Z,59,2,574,0,265,210,311,4,0,-34,2,160,0,63,25,33,-1
28558,9.11,P,56,0,487,0,118,438,128,12,P,76,0,598,0,42,309,101,6,0,20,0,111,0,-76,-129,-27,-6
28559,8.07,T,56,5,499,0,89,181,156,0,T,55,6,425,0,80,108,60,5,1,-1,1,-74,0,-9,-73,-96,5
28560,7.5,T,61,4,741,0,307,128,62,0,Z,45,3,279,0,62,64,208,3,1,-16,-1,-462,0,-245,-64,146,3
28561,9.11,T,63,0,196,0,12,191,82,10,P,31,0,604,0,0,304,65,2,0,-32,0,408,0,-12,113,-17,-8
28562,10.02,P,65,0,1093,0,38,171,75,3,P,42,3,900,0,6,176,89,0,0,-23,3,-193,0,-32,5,14,-3
28563,10.41,P,58,3,573,0,335,157,56,2,T,71,3,657,0,34,90,107,3,0,13,0,84,0,-301,-67,51,1
28564,9.59,P,65,1,686,0,6,207,108,5,P,48,0,819,0,3,176,85,1,0,-17,-1,133,0,-3,-31,-23,-4
28565,9.15,Z,58,0,406,0,67,83,186,2,P,56,10,512,1,54,288,103,0,1,-2,10,106,1,-13,205,-83,-2
28566,7.42,T,55,3,680,1,136,158,211,8,P,41,1,305,0,19,96,92,4,0,-14,-2,-375,-1,-117,-62,-119,-4
28567,9.59,Z,57,1,652,0,125,218,184,4,P,72,0,664,0,22,314,152,3,0,15,-1,12,0,-103,96,-32,-1
28568,6,P,33,0,136,0,265,155,51,2,T,23,0,513,0,44,80,27,4,0,-10,0,377,0,-221,-75,-24,2
28569,10.08,P,63,13,620,2,98,256,142,0,P,86,0,738,0,486,267,138,11,1,23,-13,118,-2,388,11,-4,11
28570,8.09,T,73,3,395,0,138,156,280,12,P,52,4,208,0,52,89,64,2,1,-21,1,-187,0,-86,-67,-216,-10
28571,9.59,T,91,5,406,0,220,126,193,6,T,60,0,342,0,34,245,129,13,0,-31,-5,-64,0,-186,119,-64,7
28572,9.59,T,58,5,985,0,9,73,78,0,P,47,6,337,0,24,128,68,1,0,-11,1,-648,0,15,55,-10,1
28573,5.14,P,25,0,299,0,1,94,44,3,Z,38,0,305,0,35,71,89,4,1,13,0,6,0,34,-23,45,1
28574,9.5,Z,70,12,595,1,103,242,352,1,P,71,9,351,0,66,165,102,2,0,1,-3,-244,-1,-37,-77,-250,1
28575,1.53,P,7,0,29,0,0,26,7,3,Z,10,0,70,0,1,24,32,1,1,3,0,41,0,1,-2,25,-2
28576,9.58,Z,67,2,493,0,31,234,200,2,T,78,1,670,0,4,276,181,5,0,11,-1,177,0,-27,42,-19,3
28577,6.27,Z,36,6,239,2,149,157,227,0,P,49,0,368,0,45,214,66,4,1,13,-6,129,-2,-104,57,-161,4
28578,3.5,T,33,1,272,0,5,53,38,1,T,20,2,208,0,9,118,40,1,0,-13,1,-64,0,4,65,2,0
28579,6.14,T,26,0,317,0,1,87,45,1,Z,20,1,368,0,8,60,68,3,0,-6,1,51,0,7,-27,23,2
28580,9.59,Z,91,10,519,0,198,226,301,0,P,66,1,434,0,280,248,77,14,0,-25,-9,-85,0,82,22,-224,14
28581,5.38,Z,31,4,446,0,46,48,89,1,P,32,0,170,9,43,134,46,0,1,1,-4,-276,9,-3,86,-43,-1
28582,10.58,P,68,3,599,0,106,307,95,15,T,141,17,456,1,517,239,168,2,0,73,14,-143,1,411,-68,73,-13
28583,10.58,T,86,1,1053,0,63,147,98,6,Z,55,1,817,0,55,221,171,3,0,-31,0,-236,0,-8,74,73,-3
28584,9.34,T,66,0,625,0,32,108,89,3,P,55,0,291,0,366,334,342,18,1,-11,0,-334,0,334,226,253,15
28585,10.33,Z,69,0,364,0,20,86,190,4,T,78,1,352,0,174,438,80,0,0,9,1,-12,0,154,352,-110,-4
28586,10.07,Z,64,3,843,0,23,137,196,0,T,56,0,957,0,12,246,108,4,0,-8,-3,114,0,-11,109,-88,4
28587,4.36,P,33,0,223,0,417,114,64,20,P,22,0,199,0,473,158,73,11,0,-11,0,-24,0,56,44,9,-9
28588,9.59,Z,79,12,400,0,103,231,217,1,P,78,10,397,0,79,284,89,7,0,-1,-2,-3,0,-24,53,-128,6
28589,5.02,Z,26,3,250,0,154,198,215,10,T,49,0,213,0,521,144,90,8,1,23,-3,-37,0,367,-54,-125,-2
28590,7.24,P,25,0,410,0,0,156,27,1,T,30,0,724,0,1,80,55,1,0,5,0,314,0,1,-76,28,0
28591,9.56,T,70,0,810,8,122,101,99,1,Z,66,0,266,12,132,171,233,3,1,-4,0,-544,4,10,70,134,2
28592,9.59,P,60,8,430,0,430,335,120,10,T,101,0,890,0,791,260,110,10,0,41,-8,460,0,361,-75,-10,0
28593,9.58,T,77,0,459,0,27,146,91,4,Z,79,4,533,0,206,194,372,5,1,2,4,74,0,179,48,281,1
28594,7.17,T,64,3,266,0,657,172,107,11,Z,48,3,417,0,32,43,123,3,1,-16,0,151,0,-625,-129,16,-8
28595,3.55,P,15,0,143,0,3,113,18,2,P,13,0,303,0,0,26,20,0,0,-2,0,160,0,-3,-87,2,-2
28596,9.59,Z,79,0,596,0,297,219,284,11,T,93,0,434,0,256,299,145,6,0,14,0,-162,0,-41,80,-139,-5
28597,10.29,Z,67,0,569,0,65,329,237,5,Z,54,1,470,0,43,405,252,0,0,-13,1,-99,0,-22,76,15,-5
28598,7.46,T,35,0,464,0,38,280,140,6,P,30,0,326,0,0,65,39,0,0,-5,0,-138,0,-38,-215,-101,-6
28599,1.35,P,10,2,46,0,18,10,20,0,Z,4,0,63,0,4,17,17,4,1,-6,-2,17,0,-14,7,-3,4
28600,5.41,T,28,6,142,0,39,96,26,1,P,28,4,117,0,1,97,51,0,1,0,-2,-25,0,-38,1,25,-1
28601,1.47,Z,4,0,57,0,15,34,31,1,Z,8,2,67,0,10,57,26,0,0,4,2,10,0,-5,23,-5,-1
28602,2.37,Z,8,0,137,0,161,67,62,3,T,14,0,99,0,14,65,20,5,1,6,0,-38,0,-147,-2,-42,2
28603,4.02,P,22,1,246,0,0,65,26,0,Z,18,3,122,0,25,39,42,1,1,-4,2,-124,0,25,-26,16,1
28604,5.56,P,19,0,341,0,0,100,28,0,T,48,1,485,0,2,67,70,1,1,29,1,144,0,2,-33,42,1
28605,9.41,T,92,0,585,0,121,276,125,15,T,85,0,430,0,1120,222,139,12,1,-7,0,-155,0,999,-54,14,-3
28606,8.26,T,60,4,577,0,210,217,230,2,Z,51,8,523,0,52,149,287,1,1,-9,4,-54,0,-158,-68,57,-1
28607,9.59,Z,77,13,608,0,131,481,223,8,T,76,0,548,0,177,238,169,5,1,-1,-13,-60,0,46,-243,-54,-3
28608,4,Z,17,5,88,0,114,58,142,3,Z,22,1,62,0,74,47,99,4,1,5,-4,-26,0,-40,-11,-43,1
28609,6.14,T,31,1,392,0,9,27,46,1,P,23,4,229,0,22,46,27,0,1,-8,3,-163,0,13,19,-19,-1
28610,5.09,P,24,0,193,0,69,126,30,5,P,19,2,301,0,5,62,32,2,1,-5,2,108,0,-64,-64,2,-3
28611,3.08,Z,9,1,53,0,10,43,48,0,T,15,1,255,0,104,50,129,1,0,6,0,202,0,94,7,81,1
28612,10.29,Z,47,2,1056,0,56,59,183,0,P,63,5,622,0,53,101,53,0,1,16,3,-434,0,-3,42,-130,0
28613,9.59,P,73,0,454,0,132,120,96,15,Z,66,5,819,0,305,254,217,2,1,-7,5,365,0,173,134,121,-13
28614,9.59,Z,72,0,327,3,25,195,179,4,Z,59,0,760,0,125,84,173,4,1,-13,0,433,-3,100,-111,-6,0
28615,8.07,Z,98,0,383,0,215,204,232,16,Z,74,10,445,1,424,326,273,13,1,-24,10,62,1,209,122,41,-3
28616,9.58,Z,83,0,352,20,135,266,332,12,Z,91,6,457,0,713,235,266,38,1,8,6,105,-20,578,-31,-66,26
28617,9.59,P,52,11,749,0,54,70,72,0,Z,51,0,527,0,49,141,218,2,0,-1,-11,-222,0,-5,71,146,2
28618,9.59,T,56,0,505,0,10,106,99,1,Z,28,0,468,0,0,28,123,0,0,-28,0,-37,0,-10,-78,24,-1
28619,4.5,T,38,6,291,0,2,101,44,0,Z,25,3,103,0,175,48,52,4,0,-13,-3,-188,0,173,-53,8,4
28620,6.44,T,40,2,244,0,64,103,43,1,P,36,0,486,0,0,102,36,0,1,-4,-2,242,0,-64,-1,-7,-1
28621,8.39,Z,55,2,364,0,42,233,195,4,Z,67,12,287,1,75,337,207,3,1,12,10,-77,1,33,104,12,-1
28622,10.26,P,44,0,1040,0,3,116,96,2,T,54,0,846,0,10,96,111,10,1,10,0,-194,0,7,-20,15,8
28623,8,P,37,0,534,0,170,168,219,8,P,39,0,344,0,0,59,67,0,1,2,0,-190,0,-170,-109,-152,-8
28624,9.37,Z,56,0,383,0,46,92,187,8,T,105,8,622,0,244,209,170,3,1,49,8,239,0,198,117,-17,-5
28625,3.27,Z,16,0,373,0,20,20,57,4,T,20,2,140,0,194,91,31,3,0,4,2,-233,0,174,71,-26,-1
28626,9.59,Z,69,0,510,0,50,66,181,1,P,81,4,516,0,174,283,113,14,1,12,4,6,0,124,217,-68,13
28627,9.59,Z,155,5,643,0,253,347,369,5,T,122,8,743,0,326,200,137,11,0,-33,3,100,0,73,-147,-232,6
28628,10.54,T,78,4,535,0,55,98,78,4,T,68,0,869,0,12,127,106,6,1,-10,-4,334,0,-43,29,28,2
28629,10.47,T,99,6,653,0,288,316,123,8,P,65,6,410,3,27,145,103,0,1,-34,0,-243,3,-261,-171,-20,-8
28630,0.41,T,3,0,30,0,0,4,2,0,T,5,0,42,0,10,17,9,3,1,2,0,12,0,10,13,7,3
28631,3.47,P,16,0,49,0,110,50,26,4,T,21,0,130,0,373,56,52,7,0,5,0,81,0,263,6,26,3
28632,8.4,Z,83,4,268,0,124,225,240,4,T,68,4,640,0,180,116,86,1,0,-15,0,372,0,56,-109,-154,-3
28633,8.55,Z,74,12,233,0,193,239,315,1,Z,60,2,293,0,473,155,346,11,1,-14,-10,60,0,280,-84,31,10
28634,10.02,T,78,3,672,0,138,264,212,3,Z,60,0,835,0,170,240,341,8,0,-18,-3,163,0,32,-24,129,5
28635,9.59,Z,46,11,540,0,52,135,201,2,P,42,0,204,0,15,34,45,3,0,-4,-11,-336,0,-37,-101,-156,1
28636,9.58,T,37,0,752,0,1,91,65,1,T,38,1,274,0,2,69,64,0,0,1,1,-478,0,1,-22,-1,-1
28637,4.45,P,41,0,212,0,348,152,108,15,T,33,0,327,0,477,147,93,17,0,-8,0,115,0,129,-5,-15,2
28638,4.51,P,20,0,140,0,2,34,16,1,Z,13,0,193,0,0,36,87,2,0,-7,0,53,0,-2,2,71,1
28639,2.1,T,7,0,99,0,0,7,14,0,T,8,0,152,0,2,6,10,2,1,1,0,53,0,2,-1,-4,2
28640,7.28,T,64,6,552,0,468,187,152,6,P,37,2,262,0,140,194,108,5,0,-27,-4,-290,0,-328,7,-44,-1
28641,6.5,Z,39,2,161,0,32,81,106,0,Z,31,0,577,0,140,167,120,7,0,-8,-2,416,0,108,86,14,7
28642,10.34,T,78,0,821,0,10,199,151,2,Z,64,1,830,0,30,248,310,1,1,-14,1,9,0,20,49,159,-1
28643,5.27,Z,35,6,334,0,538,99,205,2,P,42,0,413,0,30,163,31,3,0,7,-6,79,0,-508,64,-174,1
28644,4.39,T,25,0,228,0,257,110,37,3,T,22,1,295,0,0,34,31,2,0,-3,1,67,0,-257,-76,-6,-1
28645,7.43,Z,19,0,311,0,1,39,75,0,T,49,4,294,0,161,92,100,1,1,30,4,-17,0,160,53,25,1
28646,4.32,Z,15,1,128,2,58,51,47,0,P,16,0,431,0,0,72,19,0,1,1,-1,303,-2,-58,21,-28,0
28647,7.09,T,76,0,327,40,192,207,196,1,T,74,1,293,0,470,210,175,10,0,-2,1,-34,-40,278,3,-21,9
28648,9.45,Z,70,0,504,0,53,256,322,11,Z,89,0,284,0,38,297,309,3,0,19,0,-220,0,-15,41,-13,-8
28649,3.58,Z,14,3,85,0,56,43,99,0,Z,12,2,117,0,3,35,56,0,1,-2,-1,32,0,-53,-8,-43,0
28650,5.29,P,23,1,121,0,0,45,256,1,T,24,0,148,0,6,73,44,4,1,1,-1,27,0,6,28,-212,3
28651,5.22,T,35,0,253,0,154,121,174,3,Z,34,1,343,0,258,233,285,2,1,-1,1,90,0,104,112,111,-1
28652,5.29,T,34,5,477,0,241,81,104,2,P,29,2,95,0,71,81,73,10,1,-5,-3,-382,0,-170,0,-31,8
28653,7.42,T,47,0,398,0,8,160,126,3,T,46,0,616,0,1,152,72,2,1,-1,0,218,0,-7,-8,-54,-1
28654,8.27,T,43,6,624,0,8,112,82,4,T,37,1,561,0,4,108,58,4,0,-6,-5,-63,0,-4,-4,-24,0
28655,3.32,Z,14,0,83,0,10,26,60,0,T,18,1,158,0,1,24,37,4,1,4,1,75,0,-9,-2,-23,4
28656,3.11,P,12,0,212,0,30,97,32,3,Z,15,0,78,0,411,71,49,3,1,3,0,-134,0,381,-26,17,0
28657,9.59,T,82,1,813,0,92,114,104,6,P,75,6,623,0,569,359,202,10,0,-7,5,-190,0,477,245,98,4
28658,9.59,Z,56,2,474,0,88,340,252,4,Z,55,3,631,0,91,132,225,1,1,-1,1,157,0,3,-208,-27,-3
28659,9.59,T,112,0,778,0,37,251,210,7,Z,68,0,733,0,76,241,308,3,0,-44,0,-45,0,39,-10,98,-4
28660,9.59,Z,74,0,436,0,166,243,396,4,P,90,3,899,0,72,239,113,8,1,16,3,463,0,-94,-4,-283,4
28661,3.25,P,14,0,207,0,0,22,13,0,T,18,0,251,0,9,14,28,3,1,4,0,44,0,9,-8,15,3
28662,6.34,T,75,0,411,0,92,221,51,9,Z,37,1,527,0,38,64,89,2,0,-38,1,116,0,-54,-157,38,-7
28663,5.4,P,47,0,177,0,89,156,258,8,T,42,2,402,0,485,204,44,7,1,-5,2,225,0,396,48,-214,-1
28664,9.55,T,83,0,444,0,129,205,113,5,Z,83,0,469,0,383,147,319,6,1,0,0,25,0,254,-58,206,1
28665,9.22,Z,53,0,912,0,27,154,242,5,T,66,4,580,0,49,185,101,0,1,13,4,-332,0,22,31,-141,-5
28666,4.34,T,25,0,307,0,0,63,264,0,T,23,0,187,0,5,53,61,11,0,-2,0,-120,0,5,-10,-203,11
28667,5.38,T,51,0,105,4,18,141,37,0,T,26,0,120,0,6,42,43,0,1,-25,0,15,-4,-12,-99,6,0
28668,7.56,P,38,0,435,0,3,56,64,1,Z,27,0,424,0,0,63,114,0,0,-11,0,-11,0,-3,7,50,-1
28669,8.18,Z,38,2,765,0,24,77,108,2,P,30,0,798,0,0,107,80,0,1,-8,-2,33,0,-24,30,-28,-2
28670,10.24,P,128,4,533,0,338,393,132,18,T,100,0,900,0,39,320,127,8,0,-28,-4,367,0,-299,-73,-5,-10
28671,4.33,T,30,0,314,0,0,54,78,0,T,10,0,128,0,0,39,19,0,0,-20,0,-186,0,0,-15,-59,0
28672,10.33,T,104,0,519,0,166,231,141,4,T,77,0,1086,0,1,151,182,10,1,-27,0,567,0,-165,-80,41,6
28673,8.15,T,59,2,689,0,12,43,76,1,T,52,3,251,0,667,239,235,7,1,-7,1,-438,0,655,196,159,6
28674,9.09,Z,43,0,411,5,17,58,134,0,Z,57,0,458,0,3,107,134,1,1,14,0,47,-5,-14,49,0,1
28675,9.59,T,62,1,667,0,49,231,92,5,P,75,3,611,0,31,120,72,5,0,13,2,-56,0,-18,-111,-20,0
28676,9.58,T,91,0,411,0,1103,151,234,11,P,81,12,634,0,140,228,296,9,1,-10,12,223,0,-963,77,62,-2
28677,10.42,Z,39,0,259,0,0,92,103,0,Z,47,0,723,0,0,91,139,0,1,8,0,464,0,0,-1,36,0
28678,10.44,P,67,12,563,0,159,248,109,6,T,82,1,491,0,398,282,148,13,1,15,-11,-72,0,239,34,39,7
28679,9.59,P,71,5,691,0,109,240,149,6,Z,71,5,228,0,43,96,174,4,1,0,0,-463,0,-66,-144,25,-2
28680,10.2,Z,76,0,431,0,10,57,266,1,P,67,2,611,0,627,278,104,5,0,-9,2,180,0,617,221,-162,4
28681,5.46,Z,28,0,198,0,241,93,103,4,P,17,0,180,0,22,95,34,1,0,-11,0,-18,0,-219,2,-69,-3
28682,5.44,T,32,0,290,0,0,35,63,0,Z,23,0,252,0,17,123,69,5,0,-9,0,-38,0,17,88,6,5
28683,8.49,T,57,0,257,0,18,351,64,6,P,41,1,353,0,8,137,185,3,0,-16,1,96,0,-10,-214,121,-3
28684,3.5,P,18,3,184,0,380,63,25,3,Z,16,0,294,0,15,87,56,3,1,-2,-3,110,0,-365,24,31,0
28685,7.46,P,42,0,568,0,76,176,151,4,T,54,5,294,0,65,265,74,0,1,12,5,-274,0,-11,89,-77,-4
28686,9.58,Z,48,3,380,0,59,261,238,2,T,55,2,714,0,17,232,99,0,0,7,-1,334,0,-42,-29,-139,-2
28687,10.07,P,60,0,890,0,44,186,82,2,Z,59,0,687,0,44,182,181,7,1,-1,0,-203,0,0,-4,99,5
28688,9.15,Z,42,3,489,0,29,56,141,3,Z,53,0,489,0,21,163,171,4,0,11,-3,0,0,-8,107,30,1
28689,5.19,P,36,1,301,0,18,205,43,3,P,44,0,181,0,13,99,65,4,1,8,-1,-120,0,-5,-106,22,1
28690,7.59,T,70,4,288,0,577,145,295,4,T,73,4,543,0,148,299,78,5,1,3,0,255,0,-429,154,-217,1
28691,9.54,T,88,0,397,0,181,170,105,8,P,68,0,303,0,50,273,87,7,1,-20,0,-94,0,-131,103,-18,-1
28692,10.28,T,111,4,476,0,68,191,107,4,Z,78,0,950,0,50,249,302,8,0,-33,-4,474,0,-18,58,195,4
28693,8.13,P,76,5,269,0,86,327,125,10,Z,47,0,297,0,43,171,147,1,0,-29,-5,28,0,-43,-156,22,-9
28694,9.59,P,99,0,415,0,682,334,168,10,T,93,6,506,0,524,211,317,3,0,-6,6,91,0,-158,-123,149,-7
28695,9.33,Z,76,0,523,0,685,199,370,15,Z,67,14,606,6,559,277,306,11,1,-9,14,83,6,-126,78,-64,-4
28696,4.36,T,32,10,134,0,278,63,78,1,P,21,0,211,0,8,80,29,2,1,-11,-10,77,0,-270,17,-49,1
28697,3.46,Z,15,0,166,0,248,80,166,6,P,16,1,157,0,316,95,36,3,1,1,1,-9,0,68,15,-130,-3
28698,3.08,Z,14,1,223,0,14,32,33,0,P,20,0,83,0,297,63,15,4,0,6,-1,-140,0,283,31,-18,4
28699,9.59,P,63,1,358,0,242,308,61,11,Z,67,4,522,0,125,201,290,0,0,4,3,164,0,-117,-107,229,-11
28700,6.57,T,107,1,318,0,191,371,51,12,Z,56,3,315,0,85,248,179,15,1,-51,2,-3,0,-106,-123,128,3
28701,5.12,T,46,0,303,0,189,265,104,12,P,70,0,247,0,202,213,70,10,1,24,0,-56,0,13,-52,-34,-2
28702,9.42,T,56,0,982,0,0,58,81,0,Z,50,0,407,0,27,78,116,2,1,-6,0,-575,0,27,20,35,2
28703,9.59,T,87,0,499,0,133,342,372,8,T,108,0,641,0,591,308,80,16,1,21,0,142,0,458,-34,-292,8
28704,9.16,P,69,0,398,0,366,250,60,4,T,76,0,745,0,187,273,102,18,1,7,0,347,0,-179,23,42,14
28705,9.59,T,83,14,880,0,29,72,114,4,T,77,0,520,0,482,160,219,3,1,-6,-14,-360,0,453,88,105,-1
28706,9.58,P,54,0,874,0,16,131,74,6,T,40,0,426,0,46,64,89,1,0,-14,0,-448,0,30,-67,15,-5
28707,8.33,T,45,0,761,0,0,58,81,0,Z,49,2,512,0,52,131,192,0,1,4,2,-249,0,52,73,111,0
28708,9.59,T,89,0,539,0,71,183,131,23,Z,78,0,456,0,95,336,304,4,1,-11,0,-83,0,24,153,173,-19
28709,8.41,T,51,1,505,7,334,136,101,0,P,49,3,535,0,41,67,46,2,1,-2,2,30,-7,-293,-69,-55,2
28710,9.59,Z,68,7,521,0,413,203,268,1,T,95,0,518,0,27,248,133,8,0,27,-7,-3,0,-386,45,-135,7
28711,9.59,T,71,0,756,0,0,183,131,2,P,24,4,330,0,6,177,47,0,0,-47,4,-426,0,6,-6,-84,-2
28712,4.59,T,26,0,306,0,4,76,64,4,T,35,3,128,0,5,121,77,11,1,9,3,-178,0,1,45,13,7
28713,7.35,T,76,0,357,0,293,128,92,14,Z,55,6,447,0,116,140,190,1,1,-21,6,90,0,-177,12,98,-13
28714,6.28,Z,38,0,312,0,231,127,133,5,Z,32,3,484,0,16,145,92,1,1,-6,3,172,0,-215,18,-41,-4
28715,9.59,T,73,0,391,0,118,115,89,10,T,72,0,1164,0,14,114,110,8,0,-1,0,773,0,-104,-1,21,-2
28716,9.51,P,56,0,586,28,562,179,216,8,T,58,3,391,0,13,60,93,0,0,2,3,-195,-28,-549,-119,-123,-8
28717,5.15,T,51,0,215,0,275,164,54,12,Z,23,0,175,0,319,134,118,2,0,-28,0,-40,0,44,-30,64,-10
28718,3.05,T,14,0,75,6,124,23,24,0,T,17,0,31,0,15,49,24,4,0,3,0,-44,-6,-109,26,0,4
28719,2.53,P,14,0,99,0,23,37,24,3,Z,8,0,125,0,9,17,34,1,0,-6,0,26,0,-14,-20,10,-2
28720,8.18,T,56,0,680,0,27,142,92,7,T,47,4,645,0,126,136,79,0,0,-9,4,-35,0,99,-6,-13,-7
28721,7.09,T,77,4,457,0,125,169,88,4,Z,56,5,265,0,455,383,185,10,0,-21,1,-192,0,330,214,97,6
28722,4.1,T,19,0,252,0,18,85,31,6,Z,16,1,234,0,11,41,91,0,1,-3,1,-18,0,-7,-44,60,-6
28723,9.59,Z,73,13,1075,0,62,208,169,0,T,83,0,685,0,40,257,247,15,1,10,-13,-390,0,-22,49,78,15
28724,9.59,Z,51,0,438,0,2,56,164,2,P,29,0,292,0,8,132,37,3,1,-22,0,-146,0,6,76,-127,1
28725,10.57,P,51,5,547,0,22,261,80,0,Z,56,0,727,0,27,118,165,8,1,5,-5,180,0,5,-143,85,8
28726,10.39,T,83,3,875,0,40,198,137,11,T,91,0,394,0,11,178,213,11,0,8,-3,-481,0,-29,-20,76,0
28727,10.12,P,26,0,906,0,0,278,35,0,T,124,7,503,0,526,289,208,7,1,98,7,-403,0,526,11,173,7
28728,9.59,P,31,0,402,0,0,85,58,0,Z,42,0,933,0,24,69,145,5,0,11,0,531,0,24,-16,87,5
28729,5.34,Z,27,2,188,0,49,91,110,0,P,34,1,399,0,35,254,46,4,0,7,-1,211,0,-14,163,-64,4
28730,9.57,P,32,0,362,0,3,87,59,1,T,46,0,1035,0,1,178,65,0,0,14,0,673,0,-2,91,6,-1
28731,9.59,Z,68,7,463,0,184,233,236,7,P,105,0,441,0,542,326,230,18,1,37,-7,-22,0,358,93,-6,11
28732,7.04,Z,38,7,507,0,39,18,74,2,T,37,0,211,0,5,78,57,3,0,-1,-7,-296,0,-34,60,-17,1
28733,10.24,T,95,5,379,0,762,266,238,7,P,48,0,423,0,0,103,74,0,1,-47,-5,44,0,-762,-163,-164,-7
28734,6.1,P,34,0,328,0,52,185,80,3,T,53,0,412,0,12,140,111,4,0,19,0,84,0,-40,-45,31,1
28735,5.41,T,38,0,381,40,198,44,114,0,P,29,0,311,0,281,154,47,10,1,-9,0,-70,-40,83,110,-67,10
28736,4.58,P,25,0,363,0,0,33,30,0,T,33,2,367,0,0,49,70,0,1,8,2,4,0,0,16,40,0
28737,7.14,P,50,2,323,0,126,139,74,7,T,48,2,402,0,170,91,68,3,0,-2,0,79,0,44,-48,-6,-4
28738,9.35,T,120,9,487,1,381,174,96,3,Z,81,3,471,0,282,172,250,10,0,-39,-6,-16,-1,-99,-2,154,7
28739,9.32,Z,78,4,378,0,205,129,424,3,T,92,0,428,0,161,236,144,6,0,14,-4,50,0,-44,107,-280,3
28740,3.54,T,27,0,123,0,152,174,112,3,Z,20,1,96,0,474,73,129,3,1,-7,1,-27,0,322,-101,17,0
28741,9.58,P,47,0,481,2,10,95,67,2,Z,53,0,275,0,80,57,164,7,0,6,0,-206,-2,70,-38,97,5
28742,9.01,T,80,0,703,0,22,52,66,10,P,57,9,366,0,570,261,121,1,1,-23,9,-337,0,548,209,55,-9
28743,6.04,P,29,0,183,0,45,63,69,0,Z,31,4,159,0,18,79,194,5,1,2,4,-24,0,-27,16,125,5
28744,9.59,Z,63,0,675,0,45,64,130,7,P,74,8,657,0,17,198,109,0,1,11,8,-18,0,-28,134,-21,-7
28745,9.04,P,45,1,664,0,0,277,86,0,T,55,0,479,0,6,307,135,7,0,10,-1,-185,0,6,30,49,7
28746,7.03,P,37,0,352,0,0,66,78,0,T,39,0,319,0,9,57,69,5,1,2,0,-33,0,9,-9,-9,5
28747,5.43,Z,26,9,310,0,10,117,99,4,P,41,0,210,0,87,115,68,1,0,15,-9,-100,0,77,-2,-31,-3
28748,6.15,T,30,0,251,0,0,36,44,3,P,29,3,452,0,11,115,44,2,0,-1,3,201,0,11,79,0,-1
28749,9.3,T,80,0,416,0,303,252,161,20,T,112,0,496,0,403,259,180,16,1,32,0,80,0,100,7,19,-4
28750,9.54,T,38,0,376,0,15,88,72,3,Z,53,1,656,0,39,97,155,3,0,15,1,280,0,24,9,83,0
28751,9.59,Z,53,3,244,0,255,344,452,2,T,69,0,464,0,21,194,129,2,0,16,-3,220,0,-234,-150,-323,0
28752,4,P,24,0,267,0,0,36,23,0,P,16,0,257,3,24,60,23,0,0,-8,0,-10,3,24,24,0,0
28753,8.32,T,80,0,321,0,277,211,230,10,Z,58,0,472,0,10,128,255,2,0,-22,0,151,0,-267,-83,25,-8
28754,9.59,P,75,9,640,0,162,232,83,9,P,60,1,327,0,9,291,89,2,1,-15,-8,-313,0,-153,59,6,-7
28755,4.57,Z,27,0,411,0,28,43,62,1,Z,19,2,103,0,18,78,75,0,0,-8,2,-308,0,-10,35,13,-1
28756,7.32,P,45,7,237,0,53,67,45,1,T,39,0,516,0,419,203,117,2,1,-6,-7,279,0,366,136,72,1
28757,6.16,P,30,8,367,0,8,101,68,2,P,26,1,236,0,9,79,35,1,0,-4,-7,-131,0,1,-22,-33,-1
28758,7.28,Z,40,1,898,0,33,94,125,6,Z,37,4,296,0,31,39,118,1,0,-3,3,-602,0,-2,-55,-7,-5
28759,9.54,P,35,0,889,0,0,135,84,0,Z,54,1,758,0,23,99,162,4,1,19,1,-131,0,23,-36,78,4
28760,2.5,Z,11,1,91,0,153,27,154,0,T,16,3,164,0,7,37,36,0,1,5,2,73,0,-146,10,-118,0
28761,9.59,Z,78,2,475,0,381,243,358,5,T,102,0,512,0,54,371,127,6,1,24,-2,37,0,-327,128,-231,1
28762,9.59,T,68,0,991,0,13,352,164,3,Z,61,9,1094,0,69,153,136,8,0,-7,9,103,0,56,-199,-28,5
28763,9.55,T,41,0,516,0,8,73,99,3,T,64,2,921,0,19,103,113,6,1,23,2,405,0,11,30,14,3
28764,3.48,P,17,1,221,0,7,49,52,1,T,16,0,193,0,19,108,58,7,1,-1,-1,-28,0,12,59,6,6
28765,8.33,T,34,0,571,0,0,41,61,0,P,34,0,472,0,10,150,102,9,0,0,0,-99,0,10,109,41,9
28766,0.22,T,0,0,2,0,0,0,6,0,P,0,0,3,0,14,10,9,9,1,0,0,1,0,14,10,3,9
28767,6.14,P,37,3,203,0,155,114,93,6,T,39,8,497,0,130,96,52,1,1,2,5,294,0,-25,-18,-41,-5
28768,6.17,T,56,0,259,0,293,197,153,6,Z,53,7,258,0,587,186,187,6,1,-3,7,-1,0,294,-11,34,0
28769,8.16,T,100,3,377,0,20,206,131,1,Z,48,0,316,0,68,150,152,8,0,-52,-3,-61,0,48,-56,21,7
28770,9.59,Z,62,0,505,0,29,114,168,0,T,62,0,548,0,0,131,171,0,0,0,0,43,0,-29,17,3,0
28771,6.21,T,41,2,271,0,335,148,74,15,T,49,6,275,0,536,119,100,15,1,8,4,4,0,201,-29,26,0
28772,9.28,T,107,14,232,0,553,312,192,1,T,128,0,483,0,390,379,242,13,0,21,-14,251,0,-163,67,50,12
28773,9.02,P,101,0,429,0,414,268,138,15,Z,89,5,411,0,194,221,270,6,0,-12,5,-18,0,-220,-47,132,-9
28774,4.32,T,33,1,168,0,473,69,119,7,T,33,1,168,0,156,88,77,5,0,0,0,0,0,-317,19,-42,-2
28775,9.59,P,79,7,505,0,108,284,74,15,P,64,0,306,0,255,135,86,15,0,-15,-7,-199,0,147,-149,12,0
28776,9.27,T,87,0,577,0,36,314,148,1,Z,67,0,535,0,655,124,210,9,1,-20,0,-42,0,619,-190,62,8
28777,5.34,P,21,6,438,0,61,147,93,2,Z,21,3,192,0,15,36,59,1,0,0,-3,-246,0,-46,-111,-34,-1
28778,9.59,T,100,0,396,0,228,354,72,14,Z,61,4,463,0,35,136,187,0,0,-39,4,67,0,-193,-218,115,-14
28779,9.59,Z,57,1,1100,0,16,227,277,4,P,55,0,600,0,14,166,143,2,1,-2,-1,-500,0,-2,-61,-134,-2
28780,6.31,Z,38,2,276,0,144,181,213,2,P,41,3,400,0,237,210,51,4,0,3,1,124,0,93,29,-162,2
28781,5.39,P,29,2,291,0,18,87,52,6,P,31,0,227,0,14,45,45,4,0,2,-2,-64,0,-4,-42,-7,-2
28782,6.53,P,26,0,315,0,5,340,73,3,Z,31,1,226,0,10,81,124,0,1,5,1,-89,0,5,-259,51,-3
28783,7.29,P,30,0,427,0,7,73,51,4,Z,33,0,64,0,20,19,83,4,1,3,0,-363,0,13,-54,32,0
28784,9.32,T,60,7,531,0,43,106,96,0,T,64,0,280,0,33,114,115,3,1,4,-7,-251,0,-10,8,19,3
28785,3.11,Z,8,0,96,0,5,25,33,2,Z,9,0,123,0,7,7,43,2,0,1,0,27,0,2,-18,10,0
28786,5.03,Z,24,0,233,0,61,125,73,2,P,32,0,138,0,27,79,153,2,0,8,0,-95,0,-34,-46,80,0
28787,9.57,T,22,0,506,0,3,74,57,2,T,47,1,406,0,5,59,69,3,0,25,1,-100,0,2,-15,12,1
28788,5.58,Z,26,6,340,0,114,177,90,6,Z,28,0,232,0,57,113,101,5,0,2,-6,-108,0,-57,-64,11,-1
28789,6.49,P,29,2,372,0,3,147,51,0,P,30,1,549,0,6,95,50,0,0,1,-1,177,0,3,-52,-1,0
28790,9.59,P,49,1,520,0,0,98,88,1,P,47,1,408,0,75,107,116,2,1,-2,0,-112,0,75,9,28,1
28791,9.56,T,37,0,347,0,0,41,55,1,T,66,2,390,0,36,74,61,5,1,29,2,43,0,36,33,6,4
28792,2.46,Z,5,3,63,0,2,11,43,1,T,12,0,198,0,0,5,22,1,0,7,-3,135,0,-2,-6,-21,0
28793,7.44,T,28,1,371,0,0,79,49,0,T,60,1,431,0,67,191,53,5,1,32,0,60,0,67,112,4,5
28794,4.37,Z,20,1,126,0,13,99,200,4,P,27,0,289,0,21,90,60,3,1,7,-1,163,0,8,-9,-140,-1
28795,3.15,T,16,0,319,0,44,43,75,7,T,18,0,87,0,18,17,18,3,1,2,0,-232,0,-26,-26,-57,-4
28796,9.3,T,59,0,910,0,0,70,126,0,Z,55,5,389,0,52,152,179,5,0,-4,5,-521,0,52,82,53,5
28797,3.36,T,15,3,124,1,38,52,15,0,T,15,0,178,0,227,35,29,8,1,0,-3,54,-1,189,-17,14,8
28798,9.59,T,46,0,858,0,9,121,96,4,P,63,0,532,0,35,166,71,25,1,17,0,-326,0,26,45,-25,21
28799,9.59,T,73,1,647,0,46,118,71,5,Z,63,0,342,0,123,116,175,6,0,-10,-1,-305,0,77,-2,104,1
28800,9.59,T,81,0,600,0,332,234,137,17,Z,56,0,566,0,48,43,125,9,0,-25,0,-34,0,-284,-191,-12,-8
28801,5.1,Z,27,2,165,0,15,47,103,0,T,52,2,202,0,140,47,64,6,1,25,0,37,0,125,0,-39,6
28802,8.58,Z,27,0,511,0,4,196,120,1,P,35,2,711,0,3,175,83,2,1,8,2,200,0,-1,-21,-37,1
28803,9.59,T,112,0,709,0,55,280,84,12,Z,61,9,351,0,322,397,248,2,1,-51,9,-358,0,267,117,164,-10
28804,9.58,P,28,1,784,0,0,79,55,0,P,36,0,337,0,0,135,76,0,0,8,-1,-447,0,0,56,21,0
28805,5.2,T,39,0,143,0,483,101,169,19,P,29,2,164,0,28,169,96,6,0,-10,2,21,0,-455,68,-73,-13
28806,7.2,T,39,0,527,0,23,88,57,5,P,33,0,658,0,1,114,105,2,1,-6,0,131,0,-22,26,48,-3
28807,4.15,P,20,3,130,0,9,103,19,1,P,19,0,92,0,3,30,47,2,1,-1,-3,-38,0,-6,-73,28,1
28808,2.37,T,9,0,66,0,237,11,9,2,T,15,1,138,0,41,47,24,6,1,6,1,72,0,-196,36,15,4
28809,7.15,T,46,1,570,0,87,307,68,6,T,46,0,849,0,32,170,146,4,1,0,-1,279,0,-55,-137,78,-2
28810,9.59,Z,82,9,288,0,117,114,272,4,P,82,0,582,0,132,188,62,10,0,0,-9,294,0,15,74,-210,6
28811,9.59,Z,79,3,437,0,355,281,239,7,T,92,2,499,0,115,143,81,1,1,13,-1,62,0,-240,-138,-158,-6
28812,6.41,Z,46,6,99,0,63,88,224,0,P,60,0,243,0,377,243,168,9,1,14,-6,144,0,314,155,-56,9
28813,7.07,T,44,4,426,0,40,160,144,3,T,43,3,469,0,23,170,168,2,0,-1,-1,43,0,-17,10,24,-1
28814,10.24,Z,76,0,362,0,61,225,232,9,P,60,0,475,0,11,196,105,2,0,-16,0,113,0,-50,-29,-127,-7
28815,9.59,Z,54,13,241,0,382,118,216,0,Z,56,0,525,0,31,267,229,6,0,2,-13,284,0,-351,149,13,6
28816,9.58,Z,82,15,543,0,240,155,232,0,T,153,0,550,0,317,293,139,12,0,71,-15,7,0,77,138,-93,12
28817,5.14,P,49,3,312,0,82,373,95,5,T,24,0,353,0,3,51,39,2,1,-25,-3,41,0,-79,-322,-56,-3
28818,9.59,T,47,0,754,0,0,111,132,1,P,58,0,463,0,26,205,92,6,0,11,0,-291,0,26,94,-40,5
28819,9.59,Z,85,0,395,0,172,282,222,15,T,96,0,585,0,173,367,156,7,0,11,0,190,0,1,85,-66,-8
28820,6.41,T,31,0,496,0,0,86,65,1,T,44,5,491,0,48,109,53,2,1,13,5,-5,0,48,23,-12,1
28821,9.55,T,37,0,388,0,15,32,95,7,T,50,0,624,0,1,16,63,0,0,13,0,236,0,-14,-16,-32,-7
28822,9.59,P,74,1,491,0,80,230,115,4,Z,54,0,524,18,55,110,168,0,0,-20,-1,33,18,-25,-120,53,-4
28823,6.36,Z,39,6,191,0,39,212,95,0,P,29,4,192,0,31,73,43,0,0,-10,-2,1,0,-8,-139,-52,0
28824,9.5,P,25,0,384,0,0,114,37,0,T,59,5,484,1,47,109,85,0,1,34,5,100,1,47,-5,48,0
28825,2.58,Z,10,2,216,0,4,46,46,0,P,12,0,144,9,18,53,31,0,1,2,-2,-72,9,14,7,-15,0
28826,3.57,T,20,3,210,0,32,199,62,2,Z,24,0,161,0,208,79,145,2,0,4,-3,-49,0,176,-120,83,0
28827,2.23,P,4,0,54,0,187,8,101,1,Z,9,0,45,24,15,36,62,0,0,5,0,-9,24,-172,28,-39,-1
28828,9.58,Z,45,0,241,0,0,58,215,0,T,33,0,373,0,0,97,68,0,0,-12,0,132,0,0,39,-147,0
28829,7.55,P,28,0,510,0,0,154,63,0,P,39,1,448,0,33,244,65,4,1,11,1,-62,0,33,90,2,4
28830,9.58,T,70,0,804,0,99,90,100,4,T,75,0,749,0,0,102,119,0,0,5,0,-55,0,-99,12,19,-4
28831,1.51,Z,5,0,27,0,0,8,18,1,P,7,0,86,0,0,22,28,0,1,2,0,59,0,0,14,10,-1
28832,9.58,P,80,0,392,0,43,396,75,8,T,74,0,542,0,57,75,71,8,0,-6,0,150,0,14,-321,-4,0
28833,10.56,Z,59,9,806,0,65,181,201,4,T,51,0,549,0,34,30,47,2,0,-8,-9,-257,0,-31,-151,-154,-2
28834,9.58,T,64,6,692,0,4,139,111,2,Z,42,12,716,0,56,120,159,0,1,-22,6,24,0,52,-19,48,-2
28835,5.02,Z,20,0,73,0,0,52,81,0,T,17,0,224,0,0,20,37,1,1,-3,0,151,0,0,-32,-44,1
28836,8.07,P,79,0,419,0,54,310,134,14,P,70,3,411,0,519,278,84,10,0,-9,3,-8,0,465,-32,-50,-4
28837,9.59,Z,109,0,353,0,12,110,243,5,T,71,0,353,0,56,128,95,6,0,-38,0,0,0,44,18,-148,1
28838,6.12,P,34,4,266,0,15,277,51,4,T,32,0,222,0,3,125,57,4,0,-2,-4,-44,0,-12,-152,6,0
28839,9.58,T,117,0,580,0,688,185,123,14,Z,73,5,461,1,87,312,260,8,0,-44,5,-119,1,-601,127,137,-6
28840,6.21,T,48,3,378,0,146,107,44,7,Z,33,5,272,0,193,112,96,2,1,-15,2,-106,0,47,5,52,-5
28841,6.13,P,45,0,273,0,399,215,82,5,Z,40,0,413,0,53,188,151,13,0,-5,0,140,0,-346,-27,69,8
28842,9.57,P,38,0,846,0,304,435,92,14,T,77,0,893,0,9,253,156,2,0,39,0,47,0,-295,-182,64,-12
28843,5.23,Z,20,0,109,0,0,26,61,0,Z,17,0,140,0,23,16,53,1,0,-3,0,31,0,23,-10,-8,1
28844,9.58,T,94,5,540,0,87,264,158,6,P,61,7,775,0,22,246,152,6,0,-33,2,235,0,-65,-18,-6,0
28845,6.14,T,46,3,300,0,702,128,130,5,P,43,2,372,0,12,134,60,3,0,-3,-1,72,0,-690,6,-70,-2
28846,3,Z,11,0,258,0,55,11,33,5,T,24,5,109,0,209,49,32,6,0,13,5,-149,0,154,38,-1,1
28847,9.03,Z,49,1,557,0,2,103,126,0,Z,35,0,480,0,0,41,147,1,1,-14,-1,-77,0,-2,-62,21,1
28848,9.58,P,68,1,413,0,457,379,111,8,Z,62,11,385,0,51,288,227,0,0,-6,10,-28,0,-406,-91,116,-8
28849,9.59,Z,50,1,468,0,23,150,198,1,Z,54,0,472,0,59,214,237,12,1,4,-1,4,0,36,64,39,11
28850,3.12,Z,14,6,51,0,303,39,106,0,Z,10,3,92,0,100,44,90,4,1,-4,-3,41,0,-203,5,-16,4
28851,9.59,T,48,0,1178,0,0,26,126,0,T,56,7,759,0,13,63,94,0,1,8,7,-419,0,13,37,-32,0
28852,2.33,Z,8,0,201,0,145,40,91,4,T,13,0,129,0,47,89,13,7,1,5,0,-72,0,-98,49,-78,3
28853,1.18,T,1,0,24,0,0,4,2,1,Z,5,2,56,0,4,7,16,0,1,4,2,32,0,4,3,14,-1
28854,4.19,Z,23,2,198,0,44,70,92,3,P,17,0,180,0,107,107,135,4,0,-6,-2,-18,0,63,37,43,1
28855,9.59,T,65,0,620,0,97,131,81,4,Z,57,0,520,0,17,75,150,6,0,-8,0,-100,0,-80,-56,69,2
28856,9.57,P,40,2,1022,0,1,348,117,0,P,35,0,645,0,0,108,86,0,0,-5,-2,-377,0,-1,-240,-31,0
28857,6.35,Z,34,0,302,0,6,53,85,1,T,53,1,470,0,163,184,59,6,1,19,1,168,0,157,131,-26,5
28858,1.47,P,11,0,67,0,122,115,60,3,P,11,0,59,0,102,81,17,5,1,0,0,-8,0,-20,-34,-43,2
28859,4.44,T,27,0,83,0,2,68,54,2,T,25,4,183,0,191,82,59,2,0,-2,4,100,0,189,14,5,0
28860,7.07,Z,36,0,272,0,174,274,183,8,P,40,0,406,0,32,103,52,7,0,4,0,134,0,-142,-171,-131,-1
28861,5.12,Z,24,1,284,0,199,135,78,4,Z,33,0,210,0,26,247,112,0,1,9,-1,-74,0,-173,112,34,-4
28862,9.29,T,55,1,583,0,11,199,119,3,P,60,0,453,0,933,160,56,16,1,5,-1,-130,0,922,-39,-63,13
28863,5.51,T,35,3,476,0,5,63,82,0,Z,27,0,125,0,20,34,86,4,0,-8,-3,-351,0,15,-29,4,4
28864,8.51,Z,98,3,569,0,259,232,322,11,T,118,9,545,0,427,214,227,3,1,20,6,-24,0,168,-18,-95,-8
28865,9.46,Z,66,0,758,0,0,258,215,0,T,23,0,562,0,0,244,69,0,0,-43,0,-196,0,0,-14,-146,0
28866,9.59,T,55,5,345,0,67,158,91,3,P,29,0,447,0,0,111,59,0,1,-26,-5,102,0,-67,-47,-32,-3
28867,8.26,T,97,7,457,0,127,262,111,4,Z,83,3,404,0,726,333,278,14,1,-14,-4,-53,0,599,71,167,10
28868,5.59,T,52,2,288,0,763,119,176,8,Z,38,11,377,0,233,173,161,3,0,-14,9,89,0,-530,54,-15,-5
28869,4.36,T,35,8,164,0,200,100,80,0,T,34,0,173,0,286,106,92,7,0,-1,-8,9,0,86,6,12,7
28870,4.56,T,58,2,161,0,49,88,109,5,P,31,0,206,0,262,119,93,7,1,-27,-2,45,0,213,31,-16,2
28871,9.24,Z,63,2,735,0,36,204,262,7,T,56,0,421,0,30,80,92,10,1,-7,-2,-314,0,-6,-124,-170,3
28872,5.11,P,22,0,463,0,13,30,18,1,T,18,0,192,0,8,129,32,3,1,-4,0,-271,0,-5,99,14,2
28873,8.39,T,75,0,371,0,95,193,136,18,Z,39,0,279,0,29,98,141,1,0,-36,0,-92,0,-66,-95,5,-17
28874,9.34,P,52,0,304,0,13,363,122,2,T,58,0,699,0,11,270,389,9,0,6,0,395,0,-2,-93,267,7
28875,6.32,T,60,0,338,0,519,238,164,5,P,45,0,283,0,391,136,39,8,0,-15,0,-55,0,-128,-102,-125,3
28876,10.01,Z,68,0,538,0,70,229,236,5,Z,55,0,458,0,22,150,179,2,0,-13,0,-80,0,-48,-79,-57,-3
28877,9.59,T,69,11,525,0,129,203,115,0,Z,91,9,264,1,53,103,204,5,0,22,-2,-261,1,-76,-100,89,5
28878,0.43,T,3,0,84,0,0,3,5,0,P,1,1,2,0,20,7,13,0,1,-2,1,-82,0,20,4,8,0
28879,9.59,Z,53,0,717,0,8,144,221,2,Z,57,0,266,0,0,80,280,1,1,4,0,-451,0,-8,-64,59,-1
28880,10.15,T,102,0,561,0,410,315,102,14,P,88,0,505,0,342,384,303,8,1,-14,0,-56,0,-68,69,201,-6
28881,3.38,Z,10,1,172,0,207,52,137,9,T,15,0,234,0,86,17,122,2,1,5,-1,62,0,-121,-35,-15,-7
28882,9.58,T,105,2,841,0,340,264,163,11,Z,83,0,319,0,55,181,313,7,1,-22,-2,-522,0,-285,-83,150,-4
28883,9.56,P,35,0,114,0,0,69,51,0,Z,55,0,493,0,229,232,366,3,1,20,0,379,0,229,163,315,3
28884,9.58,T,91,0,515,0,64,116,118,11,T,78,3,353,0,426,168,198,5,0,-13,3,-162,0,362,52,80,-6
28885,9.59,T,47,0,692,0,2,35,73,3,T,23,0,994,0,8,23,40,5,0,-24,0,302,0,6,-12,-33,2
28886,3.44,T,13,0,192,0,55,84,66,7,T,15,1,196,0,4,24,20,2,0,2,1,4,0,-51,-60,-46,-5
28887,7.44,Z,48,1,165,0,67,108,148,3,P,45,0,496,0,13,190,76,5,0,-3,-1,331,0,-54,82,-72,2
28888,9.59,Z,99,17,419,0,872,302,299,6,T,128,0,429,0,454,325,188,8,0,29,-17,10,0,-418,23,-111,2
28889,10.17,T,73,0,1067,0,55,202,127,6,Z,70,0,395,0,281,225,266,13,1,-3,0,-672,0,226,23,139,7
28890,6.15,T,46,0,360,0,326,133,183,15,P,35,2,279,2,321,91,115,0,0,-11,2,-81,2,-5,-42,-68,-15
28891,9.59,T,65,0,654,0,0,235,116,0,P,39,0,1016,0,0,173,95,0,1,-26,0,362,0,0,-62,-21,0
28892,9.58,T,36,0,682,0,23,99,69,4,P,78,5,463,0,98,254,75,6,1,42,5,-219,0,75,155,6,2
28893,9.59,T,67,0,727,0,2,126,105,2,T,67,0,681,0,42,232,117,10,1,0,0,-46,0,40,106,12,8
28894,6.37,P,39,0,432,0,64,167,102,4,T,37,2,377,0,1,84,161,0,1,-2,2,-55,0,-63,-83,59,-4
28895,9.59,Z,71,0,701,0,303,195,249,11,P,45,12,389,0,29,101,76,0,0,-26,12,-312,0,-274,-94,-173,-11
28896,9.07,P,61,0,455,0,393,296,285,9,P,48,2,480,0,22,569,97,0,1,-13,2,25,0,-371,273,-188,-9
28897,8.43,T,24,0,628,0,0,212,42,0,T,56,0,674,0,396,244,105,2,1,32,0,46,0,396,32,63,2
28898,5.11,Z,23,0,142,1,51,84,86,3,P,21,0,355,0,0,72,28,0,0,-2,0,213,-1,-51,-12,-58,-3
28899,7.22,Z,52,2,433,0,79,145,140,3,Z,35,0,473,0,22,164,234,8,0,-17,-2,40,0,-57,19,94,5
28900,8.2,T,85,0,397,0,768,153,205,7,P,64,0,355,0,38,189,72,9,0,-21,0,-42,0,-730,36,-133,2
28901,9.58,T,47,0,126,0,1,42,70,2,T,64,5,422,0,353,250,99,3,1,17,5,296,0,352,208,29,1
28902,6.52,Z,36,4,473,0,21,94,112,0,P,47,0,306,0,121,161,110,6,1,11,-4,-167,0,100,67,-2,6
28903,8,Z,55,6,349,0,157,536,252,4,T,72,0,393,0,61,249,204,9,0,17,-6,44,0,-96,-287,-48,5
28904,9.59,T,61,7,369,0,22,108,108,2,T,52,4,831,0,26,116,82,3,1,-9,-3,462,0,4,8,-26,1
28905,5.04,Z,34,0,149,0,9,44,134,3,T,30,0,429,0,2,63,52,5,1,-4,0,280,0,-7,19,-82,2
28906,7.48,T,79,3,309,0,318,200,88,12,Z,76,8,432,0,232,204,223,3,0,-3,5,123,0,-86,4,135,-9
28907,2.39,P,10,0,123,0,3,34,17,2,Z,6,2,225,0,70,53,92,0,1,-4,2,102,0,67,19,75,-2
28908,8.13,Z,32,0,520,0,39,47,136,2,P,39,0,276,0,23,178,142,9,0,7,0,-244,0,-16,131,6,7
28909,9.59,Z,52,0,485,0,60,107,208,5,T,25,0,777,0,0,119,58,2,0,-27,0,292,0,-60,12,-150,-3
28910,10.21,T,68,1,793,0,8,50,104,1,Z,65,15,634,0,306,116,197,4,1,-3,14,-159,0,298,66,93,3
28911,9.59,P,64,0,970,0,16,140,108,3,Z,51,0,516,0,110,260,336,10,1,-13,0,-454,0,94,120,228,7
28912,4.36,T,25,0,240,3,22,114,34,0,T,39,0,175,0,9,95,36,4,1,14,0,-65,-3,-13,-19,2,4
28913,9.59,P,70,0,448,0,163,252,152,9,Z,68,4,600,0,54,154,180,1,0,-2,4,152,0,-109,-98,28,-8
28914,8.38,T,137,0,310,0,516,318,223,26,Z,88,13,447,0,458,284,300,8,1,-49,13,137,0,-58,-34,77,-18
28915,9.59,T,47,0,469,0,18,55,77,3,T,40,2,372,0,16,44,61,0,0,-7,2,-97,0,-2,-11,-16,-3
28916,10.18,T,40,0,565,0,0,47,84,2,T,30,0,371,0,0,14,40,0,1,-10,0,-194,0,0,-33,-44,-2
28917,5.46,T,43,4,394,0,66,201,85,3,Z,26,0,168,0,15,67,122,4,0,-17,-4,-226,0,-51,-134,37,1
28918,9.59,Z,80,13,634,0,123,113,259,0,P,64,0,574,0,37,359,73,8,1,-16,-13,-60,0,-86,246,-186,8
28919,8.5,T,77,3,386,0,42,203,146,2,P,69,0,491,0,63,118,76,11,0,-8,-3,105,0,21,-85,-70,9
28920,8.06,P,49,7,431,0,31,290,202,0,T,77,3,472,0,169,182,119,1,0,28,-4,41,0,138,-108,-83,1
28921,7.37,T,41,4,392,0,13,44,47,0,T,18,0,325,0,0,58,35,0,0,-23,-4,-67,0,-13,14,-12,0
28922,9.59,Z,60,2,238,0,48,111,200,0,P,31,3,234,0,4,42,47,0,1,-29,1,-4,0,-44,-69,-153,0
28923,8.39,T,89,0,248,0,205,339,97,8,Z,82,12,207,0,50,166,156,0,1,-7,12,-41,0,-155,-173,59,-8
28924,9.59,T,78,7,436,0,65,265,231,1,P,90,7,812,0,422,172,192,2,1,12,0,376,0,357,-93,-39,1
28925,9.58,Z,58,5,600,0,22,69,176,0,T,78,10,491,0,42,199,134,2,1,20,5,-109,0,20,130,-42,2
28926,7.1,T,61,2,499,0,31,131,68,11,Z,41,1,844,0,544,113,144,6,0,-20,-1,345,0,513,-18,76,-5
28927,9.58,T,44,0,706,0,17,69,59,4,P,41,0,337,0,0,133,42,0,1,-3,0,-369,0,-17,64,-17,-4
28928,10.39,T,99,0,398,0,156,428,206,22,Z,91,0,1002,0,68,303,312,19,1,-8,0,604,0,-88,-125,106,-3
28929,2.56,P,8,0,80,0,5,28,15,3,T,13,0,103,0,284,22,22,3,0,5,0,23,0,279,-6,7,0
28930,8.37,T,76,4,467,0,343,291,201,7,Z,50,1,315,0,7,162,177,1,1,-26,-3,-152,0,-336,-129,-24,-6
28931,8.56,Z,45,5,564,0,21,132,206,0,Z,59,0,376,0,26,111,207,1,0,14,-5,-188,0,5,-21,1,1
28932,9.59,Z,87,12,711,0,112,252,318,2,Z,72,0,376,0,150,104,312,8,0,-15,-12,-335,0,38,-148,-6,6
28933,1.54,Z,6,1,54,0,0,33,39,0,P,7,0,42,0,0,4,13,1,0,1,-1,-12,0,0,-29,-26,1
28934,8.33,P,43,0,587,0,10,233,111,3,T,57,0,531,0,35,136,183,11,1,14,0,-56,0,25,-97,72,8
28935,2.37,T,6,1,82,0,154,89,52,2,T,20,1,125,0,186,65,71,5,0,14,0,43,0,32,-24,19,3
28936,4.28,P,24,0,231,0,267,96,89,9,Z,22,5,220,0,57,118,108,3,1,-2,5,-11,0,-210,22,19,-6
28937,10.49,Z,65,0,176,0,96,113,244,8,P,74,3,674,0,116,181,126,6,1,9,3,498,0,20,68,-118,-2
28938,2.45,Z,16,4,28,0,64,64,122,4,Z,10,0,26,0,20,71,40,6,1,-6,-4,-2,0,-44,7,-82,2
28939,6.32,P,36,0,277,0,27,84,54,2,Z,42,1,270,0,763,180,87,10,0,6,1,-7,0,736,96,33,8
28940,5.25,P,26,0,642,0,189,146,38,7,T,35,0,290,0,116,115,48,6,1,9,0,-352,0,-73,-31,10,-1
28941,1.46,Z,8,0,61,0,144,19,120,4,Z,6,0,93,0,270,27,118,6,1,-2,0,32,0,126,8,-2,2
28942,2.18,T,9,0,166,0,1,37,22,2,T,7,3,51,0,70,61,66,2,0,-2,3,-115,0,69,24,44,0
28943,0.29,T,2,0,37,0,0,6,2,1,T,1,0,23,0,0,0,4,0,0,-1,0,-14,0,0,-6,2,-1
28944,3.13,P,17,0,37,0,8,43,21,3,P,9,0,153,0,6,46,53,1,0,-8,0,116,0,-2,3,32,-2
28945,8.08,T,33,0,381,0,1,161,88,0,T,41,1,431,0,6,79,88,4,1,8,1,50,0,5,-82,0,4
28946,10,Z,45,0,968,0,3,62,223,2,P,46,0,767,0,10,65,83,2,1,1,0,-201,0,7,3,-140,0
28947,0.27,P,2,0,6,0,11,10,19,1,T,0,0,1,0,0,0,0,0,0,-2,0,-5,0,-11,-10,-19,-1
28948,3.19,T,12,0,106,0,357,37,25,5,T,26,0,207,0,78,43,31,6,0,14,0,101,0,-279,6,6,1
28949,5.01,T,22,0,358,0,31,65,64,5,P,11,0,156,0,0,38,18,0,0,-11,0,-202,0,-31,-27,-46,-5
28950,9.59,T,93,0,724,0,56,256,159,9,Z,69,0,477,0,43,251,229,10,1,-24,0,-247,0,-13,-5,70,1
28951,3.5,T,26,0,134,0,167,192,61,12,P,17,1,167,0,72,73,82,5,1,-9,1,33,0,-95,-119,21,-7
28952,8.46,P,57,6,708,0,24,85,80,0,Z,40,2,503,0,22,134,153,4,0,-17,-4,-205,0,-2,49,73,4
28953,6.3,P,64,4,373,0,356,149,65,18,Z,53,4,215,0,143,135,150,6,0,-11,0,-158,0,-213,-14,85,-12
28954,5.12,P,41,0,252,0,193,196,134,6,Z,29,2,294,0,54,114,168,6,0,-12,2,42,0,-139,-82,34,0
28955,5.4,Z,38,6,318,2,214,89,119,3,Z,44,4,338,0,205,112,178,3,1,6,-2,20,-2,-9,23,59,0
28956,9.58,P,54,0,405,0,11,397,71,5,P,58,5,747,0,20,102,66,0,0,4,5,342,0,9,-295,-5,-5
28957,9.52,Z,65,4,365,0,127,213,237,6,T,84,0,415,0,138,179,95,13,1,19,-4,50,0,11,-34,-142,7
28958,9.58,T,98,2,407,0,258,283,130,5,P,66,0,572,0,844,296,122,7,0,-32,-2,165,0,586,13,-8,2
28959,8.54,T,35,0,628,0,8,71,89,1,Z,38,9,464,0,832,98,183,6,1,3,9,-164,0,824,27,94,5
28960,8.33,P,75,1,510,0,219,199,117,9,T,80,8,361,0,543,211,160,0,0,5,7,-149,0,324,12,43,-9
28961,1.56,T,11,7,111,0,78,42,99,2,T,6,7,26,0,230,14,45,0,1,-5,0,-85,0,152,-28,-54,-2
28962,6.2,P,20,0,236,0,0,73,25,0,T,37,1,238,0,1,47,65,2,1,17,1,2,0,1,-26,40,2
28963,9.39,P,53,0,355,0,242,198,73,7,T,62,3,607,0,99,159,172,2,0,9,3,252,0,-143,-39,99,-5
28964,9.12,P,50,0,799,0,98,301,129,8,Z,72,9,282,0,223,347,391,4,1,22,9,-517,0,125,46,262,-4
28965,4.32,Z,31,7,187,1,416,118,157,15,Z,29,8,303,7,103,120,153,4,0,-2,1,116,6,-313,2,-4,-11
28966,9.59,Z,67,13,519,0,64,224,157,0,T,78,8,694,0,18,145,161,4,1,11,-5,175,0,-46,-79,4,4
28967,4.29,P,15,0,93,0,0,47,32,0,P,17,0,147,0,41,11,13,4,0,2,0,54,0,41,-36,-19,4
28968,3.19,P,22,1,110,0,197,128,36,5,T,15,2,215,0,179,157,126,2,1,-7,1,105,0,-18,29,90,-3
28969,6.02,P,69,0,285,0,295,200,141,13,T,52,0,288,0,423,187,156,15,1,-17,0,3,0,128,-13,15,2
28970,10.07,P,59,5,554,0,130,352,117,4,P,59,0,611,0,23,341,152,7,0,0,-5,57,0,-107,-11,35,3
28971,2.51,Z,13,4,187,0,163,123,93,5,Z,11,0,109,0,40,40,60,1,0,-2,-4,-78,0,-123,-83,-33,-4
28972,8.09,T,64,0,587,0,138,168,74,9,P,65,0,398,0,604,248,119,16,0,1,0,-189,0,466,80,45,7
28973,9.59,P,52,0,518,0,14,139,128,10,T,98,0,394,0,467,395,223,31,1,46,0,-124,0,453,256,95,21
28974,9.59,Z,60,4,672,0,115,147,270,4,P,52,2,637,0,108,254,83,5,0,-8,-2,-35,0,-7,107,-187,1
28975,9.59,P,57,0,508,0,110,293,88,6,Z,50,0,416,0,68,182,196,0,1,-7,0,-92,0,-42,-111,108,-6
28976,10.01,Z,64,1,486,0,58,171,184,3,P,33,0,521,0,2,67,56,2,1,-31,-1,35,0,-56,-104,-128,-1
28977,9.59,Z,43,7,617,0,25,98,148,2,T,85,0,635,0,54,109,117,8,1,42,-7,18,0,29,11,-31,6
28978,9.14,T,98,8,772,0,334,302,151,6,T,96,0,388,0,110,594,154,11,0,-2,-8,-384,0,-224,292,3,5
28979,9.59,T,71,6,472,0,119,141,93,6,P,22,0,321,0,0,30,35,0,1,-49,-6,-151,0,-119,-111,-58,-6
28980,0.35,T,4,0,14,0,1,35,6,1,T,7,0,14,0,2,32,4,2,1,3,0,0,0,1,-3,-2,1
28981,4.12,T,14,0,312,0,0,52,28,0,P,15,0,150,0,0,27,21,0,1,1,0,-162,0,0,-25,-7,0
28982,9.59,T,72,4,603,0,102,264,94,5,Z,51,9,528,0,59,136,165,1,0,-21,5,-75,0,-43,-128,71,-4
28983,9.59,Z,51,4,278,0,126,258,298,4,T,70,0,389,0,198,323,252,6,1,19,-4,111,0,72,65,-46,2
28984,9.29,T,62,3,651,0,468,395,134,5,T,64,2,427,0,304,382,176,1,1,2,-1,-224,0,-164,-13,42,-4
28985,5.31,Z,28,2,228,0,17,193,118,0,Z,14,0,177,0,12,143,73,1,0,-14,-2,-51,0,-5,-50,-45,1
28986,9.59,Z,44,0,1040,0,20,135,135,6,P,51,0,1157,0,0,230,100,0,0,7,0,117,0,-20,95,-35,-6
28987,4.46,P,26,4,211,0,399,172,82,3,P,25,0,194,0,93,96,50,9,1,-1,-4,-17,0,-306,-76,-32,6
28988,8.38,P,47,3,308,0,42,120,109,0,T,64,3,412,0,313,198,172,6,1,17,0,104,0,271,78,63,6
28989,9.57,Z,39,0,585,1,17,105,132,0,T,40,0,229,0,0,48,56,0,1,1,0,-356,-1,-17,-57,-76,0
28990,8.54,Z,26,1,310,0,9,21,97,1,Z,34,3,714,0,30,16,108,0,1,8,2,404,0,21,-5,11,-1
28991,6.38,P,43,0,385,0,57,280,41,15,Z,39,6,421,0,86,86,167,8,1,-4,6,36,0,29,-194,126,-7
28992,9.59,Z,94,8,510,3,332,351,543,11,P,130,0,509,0,378,323,160,37,1,36,-8,-1,-3,46,-28,-383,26
28993,9.03,Z,58,1,597,0,157,229,213,5,P,57,0,550,0,13,218,76,4,0,-1,-1,-47,0,-144,-11,-137,-1
28994,4.55,T,30,0,245,0,431,133,81,7,P,19,0,234,0,497,139,85,5,1,-11,0,-11,0,66,6,4,-2
28995,9.59,T,96,0,560,0,39,324,64,7,Z,32,0,309,0,7,45,127,2,0,-64,0,-251,0,-32,-279,63,-5
28996,7.59,T,52,0,416,0,491,194,72,6,P,50,2,484,0,265,216,52,2,1,-2,2,68,0,-226,22,-20,-4
28997,8.45,Z,44,4,355,0,39,125,142,0,Z,42,0,771,0,104,148,183,3,0,-2,-4,416,0,65,23,41,3
28998,5.37,T,30,1,384,0,345,90,178,8,T,34,1,217,0,12,65,54,8,1,4,0,-167,0,-333,-25,-124,0
28999,8.5,P,43,3,636,0,20,161,96,2,P,74,2,449,0,36,293,95,6,1,31,-1,-187,0,16,132,-1,4
29000,9.59,T,101,0,510,0,657,297,293,8,Z,66,0,554,0,60,172,211,3,0,-35,0,44,0,-597,-125,-82,-5
29001,10.11,P,44,0,485,0,38,258,140,16,P,36,0,375,0,13,383,53,4,0,-8,0,-110,0,-25,125,-87,-12
29002,8.38,P,59,1,391,0,242,188,170,11,T,74,1,1095,0,96,216,103,7,0,15,0,704,0,-146,28,-67,-4
29003,9.59,T,42,0,450,0,6,134,72,4,P,65,0,766,0,18,247,95,3,1,23,0,316,0,12,113,23,-1
29004,3.31,T,18,0,123,0,146,21,32,4,T,20,3,66,0,307,40,88,1,1,2,3,-57,0,161,19,56,-3
29005,4.31,Z,18,1,147,0,17,58,93,1,Z,19,6,85,0,17,54,78,2,0,1,5,-62,0,0,-4,-15,1
29006,6.48,T,28,0,560,0,0,79,49,0,T,34,2,201,0,3,79,167,2,1,6,2,-359,0,3,0,118,2
29007,3.45,P,21,0,139,0,4,70,172,3,P,16,0,160,0,254,68,67,10,1,-5,0,21,0,250,-2,-105,7
29008,10.49,T,95,6,695,0,231,217,249,3,Z,91,9,875,0,477,258,376,20,1,-4,3,180,0,246,41,127,17
29009,9.59,T,72,5,714,0,205,178,83,1,Z,62,1,389,1,69,193,290,1,1,-10,-4,-325,1,-136,15,207,0
29010,7.47,Z,42,7,213,0,142,142,142,6,Z,54,0,316,0,38,93,144,14,1,12,-7,103,0,-104,-49,2,8
29011,4.14,P,33,2,207,0,6,112,43,0,T,28,2,121,0,7,83,190,4,0,-5,0,-86,0,1,-29,147,4
29012,9.59,Z,94,14,755,0,315,266,329,6,T,140,0,657,0,608,298,162,17,0,46,-14,-98,0,293,32,-167,11
29013,9.59,Z,76,10,410,0,507,212,331,16,Z,70,12,423,0,604,135,336,0,0,-6,2,13,0,97,-77,5,-16
29014,6.31,P,35,4,477,0,462,206,106,2,T,48,0,315,0,363,198,66,8,0,13,-4,-162,0,-99,-8,-40,6
29015,9.58,Z,71,0,437,0,32,309,214,4,T,87,5,737,0,174,214,136,4,0,16,5,300,0,142,-95,-78,0
29016,6.2,Z,38,0,134,13,357,91,163,1,P,45,2,508,0,207,171,45,10,1,7,2,374,-13,-150,80,-118,9
29017,9.59,Z,87,0,400,0,55,252,223,10,T,95,0,797,0,63,398,164,9,0,8,0,397,0,8,146,-59,-1
29018,8.18,T,53,3,318,0,27,209,110,5,T,50,0,408,0,1,204,80,2,0,-3,-3,90,0,-26,-5,-30,-3
29019,10.25,P,65,5,415,0,62,144,66,6,T,58,5,621,0,8,62,108,0,0,-7,0,206,0,-54,-82,42,-6
29020,1.57,Z,4,3,86,0,13,10,26,0,Z,8,0,99,0,0,18,22,0,0,4,-3,13,0,-13,8,-4,0
29021,3.1,P,12,0,111,0,3,116,7,3,P,13,0,176,0,0,164,28,0,0,1,0,65,0,-3,48,21,-3
29022,3.02,Z,14,0,83,0,0,59,38,1,P,15,0,222,0,76,68,26,5,0,1,0,139,0,76,9,-12,4
29023,6.4,T,63,1,429,0,129,249,75,10,T,48,0,249,0,105,214,121,12,1,-15,-1,-180,0,-24,-35,46,2
29024,3.38,T,23,6,93,0,49,36,111,5,T,15,0,124,0,0,21,22,3,0,-8,-6,31,0,-49,-15,-89,-2
29025,4.26,Z,18,1,127,0,27,115,65,1,Z,18,0,70,0,10,91,84,3,1,0,-1,-57,0,-17,-24,19,2
29026,7.58,P,61,1,241,0,48,210,83,3,Z,38,2,645,5,38,126,155,1,1,-23,1,404,5,-10,-84,72,-2
29027,4.13,T,16,0,258,0,0,56,93,0,P,11,0,252,0,0,49,33,0,0,-5,0,-6,0,0,-7,-60,0
29028,9.57,Z,76,3,581,0,935,312,275,7,P,74,0,849,2,104,270,88,9,0,-2,-3,268,2,-831,-42,-187,2
29029,9.59,Z,96,1,566,0,87,213,238,10,T,89,0,855,0,323,230,128,7,0,-7,-1,289,0,236,17,-110,-3
29030,6.24,P,43,1,393,0,145,239,94,16,T,43,2,367,0,325,174,93,5,0,0,1,-26,0,180,-65,-1,-11
29031,8.43,Z,73,3,407,0,242,324,213,8,P,68,5,354,0,197,248,136,3,1,-5,2,-53,0,-45,-76,-77,-5
29032,9.52,Z,43,13,370,0,58,314,204,3,P,76,1,459,0,193,262,109,12,1,33,-12,89,0,135,-52,-95,9
29033,4.11,T,22,0,288,0,2,48,99,0,P,22,3,197,0,131,98,26,2,1,0,3,-91,0,129,50,-73,2
29034,9.2,T,72,1,329,0,6,91,119,5,Z,46,9,250,0,48,89,206,3,0,-26,8,-79,0,42,-2,87,-2
29035,7.13,T,75,0,384,0,55,237,119,8,P,66,0,374,0,38,234,65,14,1,-9,0,-10,0,-17,-3,-54,6
29036,8.45,T,56,0,762,0,0,89,112,0,P,45,8,396,0,406,170,89,4,0,-11,8,-366,0,406,81,-23,4
29037,9.59,P,62,0,791,0,4,317,89,2,Z,57,0,841,0,31,162,179,2,1,-5,0,50,0,27,-155,90,0
29038,6.46,T,43,0,483,0,167,224,95,8,P,32,0,395,0,9,216,65,8,0,-11,0,-88,0,-158,-8,-30,0
29039,7.28,Z,41,5,472,0,201,150,308,1,T,42,6,831,1,10,40,92,0,1,1,1,359,1,-191,-110,-216,-1
29040,8.12,Z,68,1,397,0,148,262,185,4,Z,49,0,271,0,582,95,196,3,1,-19,-1,-126,0,434,-167,11,-1
29041,7.2,T,45,6,361,0,536,64,83,2,P,39,0,422,0,13,83,66,2,1,-6,-6,61,0,-523,19,-17,0
29042,8.25,P,44,0,675,0,206,193,127,5,T,83,0,296,0,880,218,127,23,1,39,0,-379,0,674,25,0,18
29043,8.04,Z,41,4,689,0,49,179,113,1,T,45,2,922,0,14,189,46,0,1,4,-2,233,0,-35,10,-67,-1
29044,8.19,T,64,0,386,0,60,231,65,10,T,66,0,445,0,51,281,249,8,0,2,0,59,0,-9,50,184,-2
29045,9.51,T,40,0,378,0,1,158,109,1,T,62,4,691,0,368,123,117,0,0,22,4,313,0,367,-35,8,-1
29046,1.12,P,2,0,48,0,0,21,5,0,P,1,0,2,0,0,6,2,0,0,-1,0,-46,0,0,-15,-3,0
29047,9.58,Z,37,5,359,0,7,127,150,0,P,46,3,773,0,111,277,59,1,1,9,-2,414,0,104,150,-91,1
29048,6.19,Z,39,3,391,0,29,119,106,0,T,54,0,334,0,416,218,243,8,1,15,-3,-57,0,387,99,137,8
29049,5.02,P,17,0,126,0,5,20,22,1,T,14,0,392,0,0,24,30,0,0,-3,0,266,0,-5,4,8,-1
29050,8.33,Z,46,2,253,0,33,212,172,2,Z,55,9,379,0,81,153,203,1,1,9,7,126,0,48,-59,31,-1
29051,9.59,T,76,0,962,0,26,152,136,12,Z,61,8,507,0,204,451,288,7,0,-15,8,-455,0,178,299,152,-5
29052,2.52,T,13,0,104,0,132,24,37,6,T,13,1,159,0,164,29,14,2,0,0,1,55,0,32,5,-23,-4
29053,6.48,P,34,0,406,14,30,110,66,0,T,41,5,686,0,20,95,68,2,0,7,5,280,-14,-10,-15,2,2
29054,8.46,Z,62,0,455,0,102,218,196,3,T,91,0,627,0,213,176,79,9,1,29,0,172,0,111,-42,-117,6
29055,5.4,P,43,1,338,0,439,106,42,4,Z,31,0,224,0,27,170,111,3,0,-12,-1,-114,0,-412,64,69,-1
29056,3.25,T,12,0,111,0,4,49,29,2,T,12,1,242,0,14,36,14,0,0,0,1,131,0,10,-13,-15,-2
29057,8.43,T,65,0,440,0,509,178,175,9,Z,100,0,322,0,215,278,240,37,0,35,0,-118,0,-294,100,65,28
29058,9.58,Z,59,0,593,0,33,273,276,4,T,109,0,337,0,161,276,214,8,1,50,0,-256,0,128,3,-62,4
29059,5.57,P,40,0,350,0,156,124,127,14,T,44,1,313,0,392,202,105,2,1,4,1,-37,0,236,78,-22,-12
29060,3.19,T,15,0,325,0,8,27,52,1,P,13,0,59,0,120,19,10,2,1,-2,0,-266,0,112,-8,-42,1
29061,2.36,Z,8,1,55,0,11,68,51,2,P,8,0,77,0,1,35,10,1,1,0,-1,22,0,-10,-33,-41,-1
29062,4.56,Z,26,5,208,0,283,136,212,1,P,34,2,282,0,370,188,52,5,0,8,-3,74,0,87,52,-160,4
29063,9.59,Z,49,1,875,0,55,205,182,1,P,42,0,670,0,21,350,152,2,1,-7,-1,-205,0,-34,145,-30,1
29064,10.51,T,121,0,1007,0,352,259,164,6,Z,87,14,325,0,160,236,353,7,0,-34,14,-682,0,-192,-23,189,1
29065,4.27,P,18,0,290,0,5,85,26,3,T,18,0,401,0,0,25,38,0,1,0,0,111,0,-5,-60,12,-3
29066,8.09,T,53,0,381,0,1,123,130,1,T,59,4,266,0,116,123,207,0,1,6,4,-115,0,115,0,77,-1
29067,7.38,P,41,0,521,0,0,171,64,0,Z,37,0,658,0,9,131,106,2,0,-4,0,137,0,9,-40,42,2
29068,9.58,Z,61,7,265,0,112,91,262,2,T,82,0,480,0,142,233,117,12,0,21,-7,215,0,30,142,-145,10
29069,1.22,P,4,0,74,0,0,6,7,0,P,8,1,50,0,13,6,10,0,1,4,1,-24,0,13,0,3,0
29070,9.59,Z,69,3,353,0,87,80,259,0,P,65,0,826,6,14,143,96,0,1,-4,-3,473,6,-73,63,-163,0
29071,3.13,Z,13,0,163,0,259,71,120,4,T,13,0,198,0,191,35,32,7,1,0,0,35,0,-68,-36,-88,3
29072,8,Z,42,5,254,0,61,80,220,0,P,78,8,398,0,414,327,120,16,1,36,3,144,0,353,247,-100,16
29073,3.18,Z,17,0,112,0,2,46,285,2,Z,12,2,168,0,72,54,103,4,0,-5,2,56,0,70,8,-182,2
29074,8.49,T,67,0,891,0,26,61,82,6,Z,63,2,447,0,22,141,179,0,0,-4,2,-444,0,-4,80,97,-6
29075,9.33,P,51,0,749,0,7,251,72,4,Z,52,3,472,0,268,176,210,4,1,1,3,-277,0,261,-75,138,0
29076,4.09,P,19,1,176,0,2,133,32,1,P,18,0,195,0,2,75,40,2,0,-1,-1,19,0,0,-58,8,1
29077,9.03,T,50,6,459,0,24,45,59,0,T,26,0,108,0,0,12,33,0,0,-24,-6,-351,0,-24,-33,-26,0
29078,8.11,T,41,0,508,0,0,93,107,0,T,42,0,413,0,0,121,116,0,0,1,0,-95,0,0,28,9,0
29079,8.56,T,66,9,439,0,33,180,80,3,Z,52,10,543,0,64,170,152,0,1,-14,1,104,0,31,-10,72,-3
29080,8.5,T,77,1,385,0,60,195,139,7,P,54,0,523,0,239,226,128,7,0,-23,-1,138,0,179,31,-11,0
29081,9.59,Z,74,9,403,1,269,260,272,1,T,114,0,602,0,405,234,145,27,1,40,-9,199,-1,136,-26,-127,26
29082,10.48,Z,100,0,529,0,120,233,360,2,T,100,0,401,0,250,223,206,23,0,0,0,-128,0,130,-10,-154,21
29083,9.59,T,90,0,611,0,74,217,115,4,T,104,22,496,0,618,257,131,0,0,14,22,-115,0,544,40,16,-4
29084,1.29,Z,3,0,26,0,129,20,25,2,T,5,5,15,0,83,28,34,3,1,2,5,-11,0,-46,8,9,1
29085,9.38,T,88,0,440,0,367,189,230,11,P,42,0,656,0,0,117,113,0,0,-46,0,216,0,-367,-72,-117,-11
29086,5.32,Z,30,0,408,0,0,79,131,0,Z,24,0,371,0,25,49,56,2,0,-6,0,-37,0,25,-30,-75,2
29087,5.24,T,23,0,205,0,0,120,42,0,T,23,2,256,0,0,46,67,0,1,0,2,51,0,0,-74,25,0
29088,10.14,Z,53,0,204,0,20,78,202,2,T,96,5,660,0,419,314,248,8,1,43,5,456,0,399,236,46,6
29089,9.57,Z,78,0,567,0,70,118,315,11,P,69,0,635,0,77,274,150,10,1,-9,0,68,0,7,156,-165,-1
29090,4.02,Z,15,0,94,0,273,65,80,6,T,28,0,106,0,162,132,42,7,0,13,0,12,0,-111,67,-38,1
29091,5.1,Z,33,3,243,0,398,144,191,10,Z,21,0,266,0,4,85,121,7,0,-12,-3,23,0,-394,-59,-70,-3
29092,4.06,Z,20,9,127,2,115,86,115,0,Z,20,2,213,0,96,101,110,1,0,0,-7,86,-2,-19,15,-5,1
29093,8.41,T,54,0,478,0,10,321,93,0,P,46,0,572,0,0,173,196,0,0,-8,0,94,0,-10,-148,103,0
29094,9.58,Z,65,4,600,0,82,123,244,0,T,85,4,511,0,66,354,117,3,1,20,0,-89,0,-16,231,-127,3
29095,9.59,Z,83,9,438,0,229,290,379,0,Z,74,1,539,0,223,282,361,10,0,-9,-8,101,0,-6,-8,-18,10
29096,6.51,Z,72,1,379,0,334,301,279,6,P,74,1,271,0,363,304,163,14,0,2,0,-108,0,29,3,-116,8
29097,3.29,Z,17,0,293,3,104,77,83,0,Z,15,1,99,0,386,117,163,6,1,-2,1,-194,-3,282,40,80,6
29098,7.28,Z,26,0,362,0,5,61,96,8,T,52,7,182,0,3,142,88,3,1,26,7,-180,0,-2,81,-8,-5
29099,9.59,T,85,0,667,0,19,288,122,5,T,74,1,951,2,6,256,378,5,0,-11,1,284,2,-13,-32,256,0
29100,3.12,T,14,0,137,0,231,74,94,4,T,18,3,206,0,217,121,66,2,0,4,3,69,0,-14,47,-28,-2
29101,9.59,P,108,4,880,0,710,349,139,9,Z,110,12,433,0,262,450,325,19,1,2,8,-447,0,-448,101,186,10
29102,5,T,31,4,214,0,322,93,54,2,T,34,0,205,0,59,80,46,4,1,3,-4,-9,0,-263,-13,-8,2
29103,9.57,T,81,0,704,0,40,224,123,13,T,137,0,772,0,260,349,178,15,1,56,0,68,0,220,125,55,2
29104,9.58,P,34,0,534,0,0,62,68,0,Z,54,1,301,0,204,89,379,0,1,20,1,-233,0,204,27,311,0
29105,7.35,P,49,8,565,0,208,133,153,3,Z,42,0,485,0,327,139,401,11,1,-7,-8,-80,0,119,6,248,8
29106,9.59,Z,42,0,450,0,9,104,194,3,Z,39,0,519,0,0,76,155,0,0,-3,0,69,0,-9,-28,-39,-3
29107,10,Z,36,0,622,0,12,58,117,1,P,80,8,213,3,52,294,103,0,1,44,8,-409,3,40,236,-14,-1
29108,9.59,Z,61,3,397,0,172,285,336,0,Z,51,0,275,0,8,272,208,5,0,-10,-3,-122,0,-164,-13,-128,5
29109,9.2,P,27,0,402,0,2,11,38,3,P,30,0,352,0,0,75,63,0,1,3,0,-50,0,-2,64,25,-3
29110,10.24,T,117,0,350,0,73,294,124,14,T,89,6,621,0,764,322,169,12,0,-28,6,271,0,691,28,45,-2
29111,9.55,P,56,0,581,0,0,139,120,0,Z,53,0,490,0,41,182,167,2,0,-3,0,-91,0,41,43,47,2
29112,9.59,Z,69,20,419,0,90,182,281,1,Z,58,2,468,1,269,323,277,8,0,-11,-18,49,1,179,141,-4,7
29113,8.29,P,51,0,728,0,27,227,58,9,Z,65,0,434,0,65,134,190,8,1,14,0,-294,0,38,-93,132,-1
29114,7.37,T,43,4,539,0,75,163,144,2,P,35,0,376,0,12,94,53,2,0,-8,-4,-163,0,-63,-69,-91,0
29115,8.53,P,61,0,333,0,75,227,121,6,P,70,0,348,0,113,182,132,17,1,9,0,15,0,38,-45,11,11
29116,4.29,P,27,0,162,0,22,144,65,2,P,21,0,257,0,82,151,67,3,0,-6,0,95,0,60,7,2,1
29117,9.58,P,63,1,654,0,62,124,90,3,Z,49,0,365,0,26,119,199,7,0,-14,-1,-289,0,-36,-5,109,4
29118,8.22,T,63,0,549,0,44,197,206,8,T,62,0,404,0,23,101,112,8,1,-1,0,-145,0,-21,-96,-94,0
29119,7.43,T,111,3,389,0,948,256,104,22,T,69,4,518,0,309,145,124,9,0,-42,1,129,0,-639,-111,20,-13
29120,9.59,Z,71,7,526,0,287,199,426,0,T,78,4,681,0,6,207,120,0,0,7,-3,155,0,-281,8,-306,0
29121,2.11,T,13,0,58,0,214,89,19,7,P,7,0,102,0,88,44,10,3,0,-6,0,44,0,-126,-45,-9,-4
29122,8.14,P,44,1,259,0,64,144,36,7,T,53,0,567,0,26,118,42,3,1,9,-1,308,0,-38,-26,6,-4
29123,9.59,Z,48,1,405,0,22,235,175,1,P,77,1,385,0,379,275,105,11,1,29,0,-20,0,357,40,-70,10
29124,2.26,P,13,0,205,0,0,78,18,2,T,10,0,278,0,0,9,10,0,0,-3,0,73,0,0,-69,-8,-2
29125,3.23,P,20,0,74,0,82,149,30,0,P,20,0,68,0,223,138,70,4,1,0,0,-6,0,141,-11,40,4
29126,2.26,Z,7,1,238,0,0,36,33,0,P,9,0,35,0,0,29,6,1,1,2,-1,-203,0,0,-7,-27,1
29127,4.01,T,21,1,245,0,73,71,21,3,Z,18,0,94,0,229,52,285,5,0,-3,-1,-151,0,156,-19,264,2
29128,6.32,T,37,2,316,0,31,97,60,6,P,28,0,259,0,8,97,75,1,0,-9,-2,-57,0,-23,0,15,-5
29129,4.43,P,23,0,267,0,6,108,55,5,Z,16,1,143,0,13,12,49,0,1,-7,1,-124,0,7,-96,-6,-5
29130,6.55,T,46,1,404,0,114,133,119,4,P,26,0,318,0,0,69,45,7,0,-20,-1,-86,0,-114,-64,-74,3
29131,4.17,T,22,1,134,0,403,84,191,10,T,20,0,205,0,359,92,59,7,0,-2,-1,71,0,-44,8,-132,-3
29132,7.24,T,44,3,279,0,40,190,59,1,Z,44,6,356,0,468,220,192,2,1,0,3,77,0,428,30,133,1
29133,9.58,T,30,0,322,0,0,26,42,0,T,55,0,364,0,106,126,70,5,1,25,0,42,0,106,100,28,5
29134,4,T,24,0,362,0,1,62,40,1,P,21,0,125,0,1,38,35,7,1,-3,0,-237,0,0,-24,-5,6
29135,10.19,T,113,0,492,0,523,287,190,7,Z,61,0,477,0,173,353,475,9,0,-52,0,-15,0,-350,66,285,2
29136,3.37,T,16,4,180,0,2,35,36,0,T,16,2,186,0,27,4,19,4,0,0,-2,6,0,25,-31,-17,4
29137,4.28,Z,16,3,129,0,39,49,58,0,Z,15,0,351,0,487,30,55,2,1,-1,-3,222,0,448,-19,-3,2
29138,8.29,Z,69,4,491,0,154,189,208,4,T,86,1,478,0,549,329,154,14,0,17,-3,-13,0,395,140,-54,10
29139,9.59,T,103,0,581,0,811,222,256,13,Z,80,2,459,1,132,174,310,5,0,-23,2,-122,1,-679,-48,54,-8
29140,9.59,Z,52,0,636,0,53,251,316,3,T,76,4,470,0,90,163,78,3,0,24,4,-166,0,37,-88,-238,0
29141,6.21,P,26,0,679,0,25,85,46,1,P,29,0,367,0,0,86,37,1,1,3,0,-312,0,-25,1,-9,0
29142,7.22,T,58,5,204,9,415,149,129,1,P,32,0,411,0,9,207,68,2,0,-26,-5,207,-9,-406,58,-61,1
29143,9.59,Z,55,0,458,0,14,160,205,3,P,78,0,682,0,144,240,172,3,0,23,0,224,0,130,80,-33,0
29144,9.59,T,107,0,505,0,834,141,161,11,P,100,1,584,0,1090,407,136,20,1,-7,1,79,0,256,266,-25,9
29145,9.58,Z,67,0,606,0,211,126,370,5,Z,40,3,719,0,15,117,135,3,0,-27,3,113,0,-196,-9,-235,-2
29146,9.59,T,61,8,502,0,22,144,98,1,T,64,7,782,0,7,135,149,7,1,3,-1,280,0,-15,-9,51,6
29147,9.22,T,109,0,571,0,11,397,249,8,Z,48,0,647,0,32,244,165,1,1,-61,0,76,0,21,-153,-84,-7
29148,8.36,Z,67,0,315,0,60,218,191,3,Z,32,0,635,0,25,227,183,3,0,-35,0,320,0,-35,9,-8,0
29149,8.02,T,50,1,382,0,9,72,78,1,P,30,0,207,0,0,171,39,2,0,-20,-1,-175,0,-9,99,-39,1
29150,9.05,T,68,2,483,0,92,188,104,7,P,53,0,440,0,205,240,117,14,0,-15,-2,-43,0,113,52,13,7
29151,7.58,T,68,0,661,7,438,238,105,0,Z,40,0,415,0,867,203,298,10,1,-28,0,-246,-7,429,-35,193,10
29152,9.59,Z,88,0,750,0,174,346,200,14,P,71,5,604,0,608,358,150,7,1,-17,5,-146,0,434,12,-50,-7
29153,0.46,P,4,0,18,0,8,4,24,4,T,4,0,44,0,11,14,6,1,0,0,0,26,0,3,10,-18,-3
29154,2.59,P,14,0,141,2,7,37,13,0,T,10,0,59,0,46,70,7,8,0,-4,0,-82,-2,39,33,-6,8
29155,9.3,T,49,5,499,0,78,274,121,7,T,52,0,992,0,0,224,116,1,0,3,-5,493,0,-78,-50,-5,-6
29156,9.59,T,82,0,454,0,131,223,88,12,Z,65,17,387,0,86,178,221,3,1,-17,17,-67,0,-45,-45,133,-9
29157,8.55,T,88,0,404,24,681,198,253,9,P,74,4,374,0,770,135,171,6,1,-14,4,-30,-24,89,-63,-82,-3
29158,9.59,P,79,0,383,0,129,322,91,12,Z,87,7,669,0,497,116,295,1,1,8,7,286,0,368,-206,204,-11
29159,6.46,P,54,1,472,0,618,213,123,15,T,64,0,470,0,207,235,207,5,0,10,-1,-2,0,-411,22,84,-10
29160,8.19,Z,31,1,332,0,26,29,91,1,T,39,0,759,0,0,90,79,0,0,8,-1,427,0,-26,61,-12,-1
29161,9.35,P,21,0,622,0,0,84,34,0,P,40,2,545,0,17,405,46,5,1,19,2,-77,0,17,321,12,5
29162,8.41,P,56,1,373,0,48,129,76,3,T,62,1,761,0,32,75,84,0,0,6,0,388,0,-16,-54,8,-3
29163,5.2,T,17,2,273,0,3,66,30,0,T,24,0,211,0,1,117,29,1,1,7,-2,-62,0,-2,51,-1,1
29164,3.24,P,20,1,223,0,17,61,30,0,Z,13,2,106,0,162,53,74,0,1,-7,1,-117,0,145,-8,44,0
29165,10.48,Z,56,11,338,0,53,139,239,5,T,97,2,551,1,62,178,109,9,0,41,-9,213,1,9,39,-130,4
29166,7.45,T,82,0,309,0,426,198,91,14,P,47,0,324,0,54,220,166,9,0,-35,0,15,0,-372,22,75,-5
29167,8.51,Z,53,3,545,0,38,97,149,0,T,58,0,566,0,35,242,118,3,0,5,-3,21,0,-3,145,-31,3
29168,9.34,Z,54,0,895,0,0,44,165,1,Z,28,0,459,0,0,31,106,0,0,-26,0,-436,0,0,-13,-59,-1
29169,4.53,Z,27,1,284,0,201,50,87,4,T,50,0,157,0,84,151,115,7,1,23,-1,-127,0,-117,101,28,3
29170,9.59,Z,42,0,496,0,0,71,113,1,Z,38,0,210,0,27,73,118,1,1,-4,0,-286,0,27,2,5,0
29171,9.59,T,74,8,599,0,281,273,215,2,T,74,2,588,0,27,156,90,4,0,0,-6,-11,0,-254,-117,-125,2
29172,7.49,Z,24,0,345,0,0,59,83,0,P,33,1,372,0,1,90,56,0,1,9,1,27,0,1,31,-27,0
29173,8.02,P,50,0,485,0,47,299,91,3,T,89,3,526,0,49,271,171,5,1,39,3,41,0,2,-28,80,2
29174,6.12,P,27,0,428,0,176,90,41,4,P,47,1,257,0,230,281,102,5,0,20,1,-171,0,54,191,61,1
29175,3.09,P,14,0,99,0,0,42,18,0,P,16,0,31,0,0,19,17,5,0,2,0,-68,0,0,-23,-1,5
29176,9.59,T,60,0,1220,0,384,138,72,6,T,98,0,887,0,37,246,201,2,0,38,0,-333,0,-347,108,129,-4
29177,5.13,Z,20,4,140,0,262,60,107,6,P,30,0,311,0,234,161,61,12,0,10,-4,171,0,-28,101,-46,6
29178,8.34,Z,53,4,495,0,30,52,103,2,Z,62,8,423,3,121,276,291,9,1,9,4,-72,3,91,224,188,7
29179,9.59,Z,81,4,689,0,490,135,211,5,T,88,0,619,0,1317,222,122,8,0,7,-4,-70,0,827,87,-89,3
29180,8.44,T,104,11,335,0,576,268,250,7,Z,61,4,377,0,189,147,342,14,0,-43,-7,42,0,-387,-121,92,7
29181,10.16,T,139,8,449,0,968,221,205,13,T,98,0,606,0,853,246,110,11,0,-41,-8,157,0,-115,25,-95,-2
29182,9.58,T,43,0,573,0,0,25,84,0,Z,25,1,425,0,7,48,127,1,0,-18,1,-148,0,7,23,43,1
29183,2.08,Z,8,0,23,0,11,14,36,6,Z,5,0,47,0,15,7,65,1,0,-3,0,24,0,4,-7,29,-5
29184,7.07,Z,50,2,504,0,60,198,165,1,P,41,3,222,8,446,184,75,0,0,-9,1,-282,8,386,-14,-90,-1
29185,4.17,T,22,0,160,0,136,67,64,15,T,24,4,177,0,332,42,40,7,1,2,4,17,0,196,-25,-24,-8
29186,5.47,T,23,0,342,0,0,29,64,1,Z,35,3,269,0,17,127,214,2,1,12,3,-73,0,17,98,150,1
29187,10.06,P,89,0,310,0,14,244,89,1,T,94,3,771,0,441,263,140,6,0,5,3,461,0,427,19,51,5
29188,5.2,T,46,3,170,0,506,167,137,10,Z,22,0,234,0,28,83,151,5,0,-24,-3,64,0,-478,-84,14,-5
29189,1.32,P,6,0,77,0,0,3,6,0,T,7,0,88,0,0,3,11,3,0,1,0,11,0,0,0,5,3
29190,9.41,P,35,0,416,0,9,123,87,1,P,39,2,466,0,18,297,62,0,1,4,2,50,0,9,174,-25,-1
29191,2.17,P,7,0,89,0,4,12,14,4,Z,7,0,185,0,12,19,32,2,1,0,0,96,0,8,7,18,-2
29192,7.48,P,29,0,543,0,13,90,46,3,T,47,1,528,0,166,166,67,5,1,18,1,-15,0,153,76,21,2
29193,9.59,Z,84,8,866,0,51,362,249,4,T,74,0,410,0,60,250,177,14,1,-10,-8,-456,0,9,-112,-72,10
29194,8.09,Z,72,0,496,0,476,283,339,18,Z,72,0,793,0,125,304,271,4,0,0,0,297,0,-351,21,-68,-14
29195,9.59,T,59,1,405,0,1,236,118,7,Z,51,0,315,0,57,279,200,2,0,-8,-1,-90,0,56,43,82,-5
29196,5.24,T,38,2,303,0,30,148,82,6,P,26,1,352,0,13,219,44,3,1,-12,-1,49,0,-17,71,-38,-3
29197,10.53,Z,67,1,801,0,591,272,220,8,T,83,0,643,0,374,205,100,10,1,16,-1,-158,0,-217,-67,-120,2
29198,9.58,T,46,0,522,0,121,245,103,11,P,52,0,342,0,27,148,91,4,0,6,0,-180,0,-94,-97,-12,-7
29199,9.59,Z,87,0,378,65,421,286,336,1,Z,66,6,484,0,99,91,204,0,1,-21,6,106,-65,-322,-195,-132,-1
29200,4.41,Z,18,1,87,0,18,60,103,5,Z,22,1,240,0,14,50,67,5,0,4,0,153,0,-4,-10,-36,0
29201,10.31,P,106,0,632,0,361,428,140,14,P,67,0,467,0,35,253,147,4,1,-39,0,-165,0,-326,-175,7,-10
29202,9.59,Z,81,6,383,0,37,148,181,0,T,70,0,925,0,63,122,86,5,0,-11,-6,542,0,26,-26,-95,5
29203,9.59,T,100,0,618,0,470,180,107,13,Z,76,2,473,0,572,183,357,5,0,-24,2,-145,0,102,3,250,-8
29204,4.08,P,24,3,200,0,11,93,36,6,P,11,2,306,0,7,75,23,0,0,-13,-1,106,0,-4,-18,-13,-6
29205,5.36,P,26,0,174,0,2,66,59,0,T,24,0,392,0,495,51,37,4,1,-2,0,218,0,493,-15,-22,4
29206,9.59,Z,43,0,490,0,0,154,202,0,Z,47,1,215,0,13,29,124,2,1,4,1,-275,0,13,-125,-78,2
29207,9.59,P,68,5,695,0,75,245,106,3,T,27,0,681,0,0,92,46,0,0,-41,-5,-14,0,-75,-153,-60,-3
29208,9.37,Z,54,0,627,0,31,53,151,8,T,55,5,528,0,21,79,82,1,0,1,5,-99,0,-10,26,-69,-7
29209,3.31,T,13,0,248,0,9,55,41,2,T,16,0,293,0,279,53,16,3,0,3,0,45,0,270,-2,-25,1
29210,10.53,Z,116,3,707,0,720,321,321,11,Z,86,0,307,0,302,201,235,20,0,-30,-3,-400,0,-418,-120,-86,9
29211,3.48,T,28,0,197,0,205,151,63,8,P,17,0,209,0,75,66,21,5,1,-11,0,12,0,-130,-85,-42,-3
29212,7.26,P,43,0,92,0,22,110,50,2,Z,27,2,568,0,30,67,104,1,0,-16,2,476,0,8,-43,54,-1
29213,3.48,P,22,0,273,0,0,68,22,1,Z,11,2,245,0,8,21,30,0,0,-11,2,-28,0,8,-47,8,-1
29214,10.58,P,76,8,1079,0,24,239,97,0,Z,66,0,437,0,72,162,246,1,0,-10,-8,-642,0,48,-77,149,1
29215,0.37,P,2,1,56,0,1,16,4,0,Z,2,0,8,0,2,11,14,3,1,0,-1,-48,0,1,-5,10,3
29216,7.19,P,36,5,565,0,31,212,92,0,P,40,1,515,0,55,163,89,3,1,4,-4,-50,0,24,-49,-3,3
29217,7.07,Z,40,0,251,0,431,110,185,9,P,43,1,125,0,16,189,91,2,0,3,1,-126,0,-415,79,-94,-7
29218,7.23,T,48,0,648,0,0,35,81,2,Z,21,0,111,0,0,20,68,0,0,-27,0,-537,0,0,-15,-13,-2
29219,9.42,P,89,0,457,0,79,177,103,19,T,126,0,417,0,588,219,231,8,1,37,0,-40,0,509,42,128,-11
29220,9.57,P,57,0,362,0,43,362,50,5,Z,48,2,481,0,188,120,254,2,0,-9,2,119,0,145,-242,204,-3
29221,5.54,T,53,6,197,4,178,122,205,0,Z,17,0,262,0,20,46,85,2,0,-36,-6,65,-4,-158,-76,-120,2
29222,9.09,P,33,2,523,0,10,252,61,0,T,44,0,878,0,33,172,148,4,0,11,-2,355,0,23,-80,87,4
29223,9.59,Z,54,0,449,0,229,194,199,4,T,88,2,465,0,910,203,251,5,1,34,2,16,0,681,9,52,1
29224,9.59,P,63,3,718,0,26,183,108,6,T,68,3,705,0,20,261,169,1,1,5,0,-13,0,-6,78,61,-5
29225,9.16,Z,48,0,522,0,42,195,184,5,Z,49,0,328,0,67,212,176,7,1,1,0,-194,0,25,17,-8,2
29226,6.52,P,26,0,533,0,0,34,38,0,T,47,0,637,0,18,78,92,4,1,21,0,104,0,18,44,54,4
29227,7.25,T,98,5,458,0,289,193,105,11,P,73,6,308,0,234,302,133,12,0,-25,1,-150,0,-55,109,28,1
29228,6.19,P,32,1,211,1,96,120,139,3,T,58,0,497,0,316,113,195,3,1,26,-1,286,-1,220,-7,56,0
29229,9.59,T,76,5,311,0,103,151,78,7,P,38,0,566,0,3,77,58,5,0,-38,-5,255,0,-100,-74,-20,-2
29230,5.15,T,31,0,377,0,0,123,75,0,Z,24,6,142,0,9,39,81,1,0,-7,6,-235,0,9,-84,6,1
29231,8,Z,31,3,315,0,574,141,309,0,T,37,0,317,0,18,54,50,5,0,6,-3,2,0,-556,-87,-259,5
29232,7.21,T,42,0,184,0,158,157,220,7,P,41,0,636,0,0,94,55,0,1,-1,0,452,0,-158,-63,-165,-7
29233,8.2,P,47,3,390,0,25,86,38,0,T,25,0,535,0,0,109,48,0,1,-22,-3,145,0,-25,23,10,0
29234,5.22,Z,25,9,270,1,213,199,186,4,Z,26,0,151,0,303,105,90,7,1,1,-9,-119,-1,90,-94,-96,3
29235,7.5,T,47,0,572,0,19,149,71,3,T,54,3,374,0,564,123,152,5,1,7,3,-198,0,545,-26,81,2
29236,5.1,Z,25,11,232,0,233,151,188,2,Z,28,0,279,0,488,74,76,3,1,3,-11,47,0,255,-77,-112,1
29237,2.56,P,13,0,109,0,237,91,82,5,T,9,0,72,0,10,43,25,2,1,-4,0,-37,0,-227,-48,-57,-3
29238,6.39,P,40,2,292,0,224,204,77,2,Z,28,0,274,0,34,79,94,9,1,-12,-2,-18,0,-190,-125,17,7
29239,9.01,Z,43,1,281,0,96,231,210,3,T,33,0,670,0,5,74,74,2,0,-10,-1,389,0,-91,-157,-136,-1
29240,2.11,Z,6,0,22,0,178,17,21,2,T,6,1,133,0,4,52,33,0,0,0,1,111,0,-174,35,12,-2
29241,4.1,P,24,0,333,0,10,48,22,2,Z,22,0,303,0,53,53,73,9,1,-2,0,-30,0,43,5,51,7
29242,4.51,T,32,0,335,0,52,145,42,3,P,18,0,259,0,0,144,121,0,0,-14,0,-76,0,-52,-1,79,-3
29243,9.59,P,32,0,641,0,0,108,104,0,P,50,3,476,0,4,100,87,0,1,18,3,-165,0,4,-8,-17,0
29244,9.41,P,88,0,541,0,357,209,128,11,P,69,2,467,0,41,313,111,15,0,-19,2,-74,0,-316,104,-17,4
29245,5.45,T,24,0,176,0,3,46,55,4,T,28,0,160,0,0,40,55,0,0,4,0,-16,0,-3,-6,0,-4
29246,10.3,T,43,1,644,0,1,423,112,0,T,60,7,530,0,57,206,106,3,0,17,6,-114,0,56,-217,-6,3
29247,9.55,Z,64,0,639,0,20,177,199,3,Z,77,2,338,0,85,257,224,6,1,13,2,-301,0,65,80,25,3
29248,9.59,T,101,0,831,0,694,187,172,13,Z,76,0,471,0,92,164,268,7,0,-25,0,-360,0,-602,-23,96,-6
29249,4.56,T,29,0,164,0,17,51,27,3,Z,28,0,129,0,53,101,80,4,1,-1,0,-35,0,36,50,53,1
29250,9.59,Z,65,4,561,0,59,168,188,3,T,92,0,575,0,5,388,138,6,0,27,-4,14,0,-54,220,-50,3
29251,9.47,T,64,0,793,0,27,178,67,5,T,68,1,537,0,282,353,111,7,1,4,1,-256,0,255,175,44,2
29252,7.11,T,51,6,418,0,236,90,105,2,P,41,2,462,0,34,148,51,3,1,-10,-4,44,0,-202,58,-54,1
29253,9.09,T,75,6,688,0,261,270,177,6,P,53,0,467,0,56,122,54,27,1,-22,-6,-221,0,-205,-148,-123,21
29254,7.1,Z,39,5,235,0,52,62,96,1,T,43,0,267,0,0,56,95,1,1,4,-5,32,0,-52,-6,-1,0
29255,8.45,Z,53,0,475,0,25,251,187,2,T,76,0,597,0,36,326,115,9,0,23,0,122,0,11,75,-72,7
29256,8.35,P,31,0,258,0,0,111,84,0,T,43,0,650,0,17,154,79,3,0,12,0,392,0,17,43,-5,3
29257,9.59,T,102,0,630,0,795,182,95,11,P,74,9,370,0,165,260,84,4,1,-28,9,-260,0,-630,78,-11,-7
29258,9.59,Z,79,0,657,0,68,194,212,5,T,105,0,794,0,262,422,243,6,0,26,0,137,0,194,228,31,1
29259,4.45,Z,32,3,295,0,43,186,143,4,T,36,2,254,0,26,78,35,2,1,4,-1,-41,0,-17,-108,-108,-2
29260,2.53,T,14,0,188,0,88,80,165,2,T,10,1,108,0,173,92,40,10,0,-4,1,-80,0,85,12,-125,8
29261,9.59,P,44,0,806,0,0,72,69,0,Z,51,0,572,0,0,112,154,0,0,7,0,-234,0,0,40,85,0
29262,9.59,P,29,0,349,0,2,122,67,4,P,32,0,429,0,4,248,72,3,0,3,0,80,0,2,126,5,-1
29263,9.59,T,58,0,343,9,66,53,77,1,P,41,1,591,0,19,148,48,4,0,-17,1,248,-9,-47,95,-29,3
29264,7.33,T,70,0,217,0,10,203,143,5,Z,62,5,303,0,170,115,163,4,1,-8,5,86,0,160,-88,20,-1
29265,9.12,P,38,4,680,0,6,127,65,0,Z,46,0,455,6,35,90,150,0,1,8,-4,-225,6,29,-37,85,0
29266,2.44,Z,14,0,7,0,0,57,115,1,Z,11,1,75,0,26,51,38,2,0,-3,1,68,0,26,-6,-77,1
29267,5.32,Z,49,7,293,0,400,220,209,13,Z,58,3,209,0,365,183,236,7,0,9,-4,-84,0,-35,-37,27,-6
29268,6.06,Z,19,0,422,0,3,49,97,1,Z,29,3,210,0,27,86,71,0,1,10,3,-212,0,24,37,-26,-1
29269,7.5,Z,67,4,433,0,161,137,263,0,T,67,0,533,0,126,155,120,7,0,0,-4,100,0,-35,18,-143,7
29270,9.59,T,74,2,527,0,242,327,125,5,T,70,1,451,0,25,225,114,4,1,-4,-1,-76,0,-217,-102,-11,-1
29271,9.59,Z,71,0,379,0,71,286,214,4,T,72,3,531,0,68,220,115,7,1,1,3,152,0,-3,-66,-99,3
29272,6.2,Z,27,0,331,0,26,91,87,4,P,35,0,443,0,29,231,57,4,1,8,0,112,0,3,140,-30,0
29273,6.31,T,41,2,463,0,10,194,58,0,P,29,2,303,0,2,212,18,0,1,-12,0,-160,0,-8,18,-40,0
29274,9.59,Z,60,4,237,0,14,176,225,1,Z,53,0,229,0,69,96,166,2,0,-7,-4,-8,0,55,-80,-59,1
29275,9.21,Z,53,0,553,0,186,174,407,8,T,101,3,221,0,565,171,192,8,1,48,3,-332,0,379,-3,-215,0
29276,8.08,P,56,1,890,0,76,138,72,8,Z,52,4,385,1,105,78,215,4,0,-4,3,-505,1,29,-60,143,-4
29277,3.47,T,34,0,229,0,58,91,29,1,Z,17,2,135,0,45,37,48,5,0,-17,2,-94,0,-13,-54,19,4
29278,7.18,Z,42,0,523,0,6,58,131,7,T,41,1,731,0,47,80,69,3,1,-1,1,208,0,41,22,-62,-4
29279,9.59,Z,41,4,606,0,6,111,209,0,Z,43,0,986,0,0,62,132,0,0,2,-4,380,0,-6,-49,-77,0
29280,5.19,P,39,0,159,0,243,210,83,9,T,53,0,255,0,411,155,58,5,0,14,0,96,0,168,-55,-25,-4
29281,7.39,T,86,7,273,0,200,270,90,6,Z,63,0,825,0,61,76,156,5,0,-23,-7,552,0,-139,-194,66,-1
29282,9.59,T,80,0,464,0,196,217,120,9,P,49,0,535,0,102,332,148,3,0,-31,0,71,0,-94,115,28,-6
29283,7.13,P,44,0,316,0,38,49,45,8,Z,24,0,332,0,25,128,142,1,0,-20,0,16,0,-13,79,97,-7
29284,6.16,P,28,1,404,0,5,114,54,1,T,32,0,383,0,24,90,44,9,1,4,-1,-21,0,19,-24,-10,8
29285,8.48,T,88,0,535,0,1107,218,183,18,P,72,0,350,0,528,244,169,12,1,-16,0,-185,0,-579,26,-14,-6
29286,9.59,T,83,3,722,0,738,315,156,9,P,111,8,570,0,196,328,156,2,1,28,5,-152,0,-542,13,0,-7
29287,9.59,Z,67,3,677,0,34,87,156,2,P,38,0,746,4,43,93,44,2,0,-29,-3,69,4,9,6,-112,0
29288,8.48,T,132,0,308,0,565,232,262,13,T,113,0,481,0,295,236,198,25,1,-19,0,173,0,-270,4,-64,12
29289,3.51,P,22,0,58,0,267,110,28,5,P,14,1,105,0,107,85,35,5,0,-8,1,47,0,-160,-25,7,0
29290,6.15,Z,30,0,252,0,13,57,96,5,T,59,1,274,0,146,184,105,6,1,29,1,22,0,133,127,9,1
29291,8.03,Z,55,0,310,0,204,219,212,5,T,91,0,510,0,543,159,89,12,0,36,0,200,0,339,-60,-123,7
29292,7.41,T,52,0,140,0,228,126,166,18,T,54,0,526,0,680,177,183,9,0,2,0,386,0,452,51,17,-9
29293,7.57,P,34,0,444,0,46,123,60,3,T,34,0,638,0,2,112,83,1,0,0,0,194,0,-44,-11,23,-2
29294,9.59,Z,94,0,723,0,84,280,237,3,Z,67,0,445,0,57,107,261,10,1,-27,0,-278,0,-27,-173,24,7
29295,9.55,P,30,0,279,0,0,22,54,0,Z,58,0,387,0,88,269,256,6,1,28,0,108,0,88,247,202,6
29296,9.59,T,98,4,673,0,244,241,106,5,Z,60,4,848,0,250,182,395,3,0,-38,0,175,0,6,-59,289,-2
29297,3.04,Z,10,2,156,0,6,80,32,1,T,13,0,152,0,0,7,17,0,0,3,-2,-4,0,-6,-73,-15,-1
29298,9.59,P,54,7,432,0,423,117,101,2,T,104,0,399,0,292,192,112,8,1,50,-7,-33,0,-131,75,11,6
29299,2.24,Z,6,0,72,0,5,9,25,2,T,8,0,36,0,0,7,13,0,0,2,0,-36,0,-5,-2,-12,-2
29300,9.58,T,96,10,368,0,50,368,73,3,Z,47,1,543,0,107,214,252,0,0,-49,-9,175,0,57,-154,179,-3
29301,5,Z,24,1,176,0,17,92,85,5,Z,31,0,138,0,55,120,118,4,0,7,-1,-38,0,38,28,33,-1
29302,9.59,T,109,0,979,0,177,194,182,10,T,82,0,631,0,715,296,154,9,1,-27,0,-348,0,538,102,-28,-1
29303,9.58,T,37,0,433,0,0,57,89,0,T,70,0,431,0,64,53,51,6,0,33,0,-2,0,64,-4,-38,6
29304,7.27,Z,34,2,865,0,48,23,117,0,T,37,0,626,0,0,57,53,2,1,3,-2,-239,0,-48,34,-64,2
29305,9.59,T,61,0,402,0,11,149,138,6,Z,48,0,540,0,15,80,137,2,0,-13,0,138,0,4,-69,-1,-4
29306,2.34,Z,8,1,40,0,0,96,28,0,T,9,0,87,0,33,48,24,1,0,1,-1,47,0,33,-48,-4,1
29307,2.19,T,10,3,91,0,72,62,24,3,P,8,0,95,0,85,45,39,4,0,-2,-3,4,0,13,-17,15,1
29308,9.54,T,40,2,761,0,18,120,62,3,P,61,0,911,0,2,214,109,1,1,21,-2,150,0,-16,94,47,-2
29309,7.17,P,28,0,371,0,0,155,80,0,T,50,6,283,0,81,198,56,6,1,22,6,-88,0,81,43,-24,6
29310,9.04,Z,123,0,315,16,390,410,418,7,P,139,3,432,0,506,383,118,13,0,16,3,117,-16,116,-27,-300,6
29311,7.14,T,25,0,608,0,7,40,38,4,T,30,8,668,0,21,91,45,2,0,5,8,60,0,14,51,7,-2
29312,10.46,T,65,0,227,0,2,100,104,1,Z,53,1,330,0,62,211,246,11,0,-12,1,103,0,60,111,142,10
29313,3.25,Z,16,0,141,0,3,24,87,2,Z,9,0,133,0,5,37,83,1,0,-7,0,-8,0,2,13,-4,-1
29314,9.59,T,77,0,725,0,67,175,155,8,P,56,12,504,0,17,177,198,0,0,-21,12,-221,0,-50,2,43,-8
29315,7,Z,32,0,253,0,312,188,141,6,P,67,1,431,0,171,220,107,11,1,35,1,178,0,-141,32,-34,5
29316,9.59,T,44,0,561,0,1,110,79,4,P,62,0,546,0,174,301,167,10,1,18,0,-15,0,173,191,88,6
29317,9.59,Z,57,2,1192,8,144,102,227,1,T,46,2,676,0,1,90,73,0,0,-11,0,-516,-8,-143,-12,-154,-1
29318,7.08,T,50,0,390,0,0,90,71,0,P,20,0,96,0,1,23,34,0,0,-30,0,-294,0,1,-67,-37,0
29319,8.22,T,30,0,405,0,0,43,54,0,P,45,0,581,0,11,149,46,4,1,15,0,176,0,11,106,-8,4
29320,8.01,P,31,0,511,0,0,107,77,0,Z,27,8,401,0,24,156,109,0,1,-4,8,-110,0,24,49,32,0
29321,7.13,T,46,6,600,0,34,165,115,2,Z,45,0,325,0,27,86,135,8,1,-1,-6,-275,0,-7,-79,20,6
29322,7.05,P,78,0,272,0,771,251,104,20,T,88,0,444,0,462,212,114,13,1,10,0,172,0,-309,-39,10,-7
29323,5.38,Z,38,6,309,0,552,245,263,8,Z,44,5,248,2,216,228,204,8,1,6,-1,-61,2,-336,-17,-59,0
29324,9.59,Z,70,0,305,0,20,269,321,1,T,94,2,648,0,21,331,182,5,0,24,2,343,0,1,62,-139,4
29325,9.59,Z,56,8,734,0,611,379,230,0,T,120,0,446,0,625,255,158,16,1,64,-8,-288,0,14,-124,-72,16
29326,9.59,Z,42,0,1127,0,88,84,201,7,T,61,0,891,0,2,246,98,3,0,19,0,-236,0,-86,162,-103,-4
29327,6.35,Z,29,0,110,0,27,99,97,7,Z,26,0,221,0,0,76,69,0,1,-3,0,111,0,-27,-23,-28,-7
29328,1.03,P,6,0,70,0,0,25,6,2,P,1,0,261,0,0,0,1,0,0,-5,0,191,0,0,-25,-5,-2
29329,5.36,T,29,0,253,0,27,37,34,5,T,23,0,440,0,29,47,27,4,0,-6,0,187,0,2,10,-7,-1
29330,10.47,T,137,0,650,0,596,422,217,18,T,99,6,671,0,762,333,143,10,1,-38,6,21,0,166,-89,-74,-8
29331,7.53,Z,51,5,448,0,66,165,172,7,P,34,0,499,0,5,142,82,4,0,-17,-5,51,0,-61,-23,-90,-3
29332,9.59,T,105,12,472,0,1093,475,124,3,Z,72,0,343,0,217,248,286,8,0,-33,-12,-129,0,-876,-227,162,5
29333,9.59,P,49,13,613,0,138,286,76,3,T,49,0,428,0,0,187,100,0,0,0,-13,-185,0,-138,-99,24,-3
29334,9.59,T,90,7,544,0,858,251,161,10,P,71,0,600,0,105,157,222,9,0,-19,-7,56,0,-753,-94,61,-1
29335,5.52,T,52,0,296,0,296,111,120,30,Z,31,3,150,0,227,103,194,0,0,-21,3,-146,0,-69,-8,74,-30
29336,9.59,P,42,0,730,0,12,217,77,4,P,41,2,425,0,269,116,109,0,1,-1,2,-305,0,257,-101,32,-4
29337,9.45,T,106,2,349,0,779,306,200,22,T,93,11,683,0,595,233,335,0,1,-13,9,334,0,-184,-73,135,-22
29338,4.32,P,18,0,187,0,6,63,43,1,P,21,0,132,0,11,67,47,5,1,3,0,-55,0,5,4,4,4
29339,8.35,T,70,0,855,0,104,197,136,6,T,83,4,510,0,558,265,79,7,1,13,4,-345,0,454,68,-57,1
29340,3.42,T,19,3,191,0,363,34,52,0,T,19,0,128,0,460,57,117,4,0,0,-3,-63,0,97,23,65,4
29341,4.46,P,28,0,60,0,1,42,41,4,T,27,0,251,0,846,61,30,4,1,-1,0,191,0,845,19,-11,0
29342,9.58,T,29,0,482,0,2,34,58,1,Z,41,0,262,0,0,65,104,0,1,12,0,-220,0,-2,31,46,-1
29343,9.59,T,82,0,429,0,0,147,143,1,P,37,0,169,0,14,98,189,2,1,-45,0,-260,0,14,-49,46,1
29344,2.56,T,14,1,108,0,7,29,15,0,Z,13,0,98,0,10,28,31,3,1,-1,-1,-10,0,3,-1,16,3
29345,8.09,T,74,0,603,0,241,177,155,19,Z,64,5,372,0,33,215,182,0,0,-10,5,-231,0,-208,38,27,-19
29346,9.23,T,73,0,495,0,216,228,126,9,Z,69,5,545,0,54,140,183,3,1,-4,5,50,0,-162,-88,57,-6
29347,4.55,P,32,0,184,0,148,80,69,5,T,44,0,304,0,174,181,156,2,1,12,0,120,0,26,101,87,-3
29348,7.1,P,22,6,313,0,46,130,57,0,P,31,1,385,0,0,174,50,0,1,9,-5,72,0,-46,44,-7,0
29349,7.55,T,55,0,633,0,16,186,95,7,T,41,0,756,0,0,180,84,0,0,-14,0,123,0,-16,-6,-11,-7
29350,5.31,P,27,0,180,0,0,21,33,0,Z,34,3,391,0,491,125,201,5,1,7,3,211,0,491,104,168,5
29351,8,T,93,0,646,0,488,340,255,18,P,93,0,442,0,553,263,216,6,1,0,0,-204,0,65,-77,-39,-12
29352,7.05,Z,47,0,547,0,53,96,132,8,P,35,1,485,0,60,179,46,4,0,-12,1,-62,0,7,83,-86,-4
29353,9.57,T,62,4,869,0,10,76,80,0,P,39,0,952,0,0,224,76,1,0,-23,-4,83,0,-10,148,-4,1
29354,6.39,Z,30,0,338,0,0,59,114,0,T,47,0,520,0,89,103,45,4,0,17,0,182,0,89,44,-69,4
29355,9.37,Z,56,5,370,0,66,134,211,2,P,36,0,601,0,7,63,62,4,0,-20,-5,231,0,-59,-71,-149,2
29356,7.07,P,37,2,356,0,20,196,38,0,Z,40,1,366,0,656,134,212,3,0,3,-1,10,0,636,-62,174,3
29357,4.54,T,27,0,239,0,188,81,92,4,P,27,3,195,0,9,123,50,0,1,0,3,-44,0,-179,42,-42,-4
29358,6.53,Z,33,1,209,0,55,79,109,6,P,31,0,372,0,13,96,53,4,1,-2,-1,163,0,-42,17,-56,-2
29359,3.54,Z,21,2,178,0,115,123,102,1,P,23,0,258,0,33,140,98,1,1,2,-2,80,0,-82,17,-4,0
29360,7.11,Z,54,0,203,0,29,132,122,3,Z,38,17,311,1,396,198,150,3,1,-16,17,108,1,367,66,28,0
29361,9.58,P,43,0,567,0,7,68,72,3,T,81,5,474,0,221,154,117,9,1,38,5,-93,0,214,86,45,6
29362,9.59,P,70,6,526,0,293,226,127,7,T,75,5,847,0,6,122,251,0,0,5,-1,321,0,-287,-104,124,-7
29363,9.54,T,90,3,434,0,50,393,169,3,Z,101,0,376,0,31,230,203,13,0,11,-3,-58,0,-19,-163,34,10
29364,3.11,Z,10,0,218,0,13,60,40,2,Z,18,0,90,0,2,47,53,0,1,8,0,-128,0,-11,-13,13,-2
29365,9.13,T,86,1,362,0,492,275,168,10,T,53,4,601,0,871,161,127,2,0,-33,3,239,0,379,-114,-41,-8
29366,7.44,P,37,0,557,0,28,124,44,5,T,36,0,241,0,0,118,82,0,1,-1,0,-316,0,-28,-6,38,-5
29367,0.27,P,2,0,22,0,9,8,14,1,T,3,2,31,0,0,7,5,0,0,1,2,9,0,-9,-1,-9,-1
29368,4.33,Z,24,0,128,1,349,86,148,8,Z,24,0,199,0,79,102,154,0,1,0,0,71,-1,-270,16,6,-8
29369,9.56,Z,63,10,442,0,81,87,176,0,Z,67,0,238,0,27,123,211,3,0,4,-10,-204,0,-54,36,35,3
29370,9.34,T,47,4,624,0,7,104,112,0,P,43,0,655,0,18,85,57,3,1,-4,-4,31,0,11,-19,-55,3
29371,4.44,P,27,1,221,0,635,68,89,10,T,15,0,155,0,0,11,29,0,0,-12,-1,-66,0,-635,-57,-60,-10
29372,5.3,Z,19,0,587,1,15,97,60,1,Z,30,7,246,0,12,154,80,0,0,11,7,-341,-1,-3,57,20,-1
29373,9.36,T,94,9,816,0,86,237,108,14,T,97,0,634,0,721,244,203,8,0,3,-9,-182,0,635,7,95,-6
29374,3.58,Z,20,2,157,0,16,30,61,4,T,19,3,316,0,275,48,127,0,1,-1,1,159,0,259,18,66,-4
29375,5.26,T,19,0,102,0,2,25,37,2,P,25,3,132,0,10,108,33,0,1,6,3,30,0,8,83,-4,-2
29376,9.59,T,41,0,546,0,1,180,136,0,T,61,0,723,0,0,165,95,1,0,20,0,177,0,-1,-15,-41,1
29377,8.29,Z,49,1,323,0,42,189,157,0,P,39,1,457,0,86,252,162,2,1,-10,0,134,0,44,63,5,2
29378,9.59,Z,45,3,651,0,37,91,159,0,P,58,0,391,0,56,198,78,8,1,13,-3,-260,0,19,107,-81,8
29379,6.25,P,19,0,364,0,3,42,43,0,P,17,0,67,0,0,11,16,0,0,-2,0,-297,0,-3,-31,-27,0
29380,5.01,P,43,0,174,0,246,222,73,9,T,38,4,172,0,86,135,48,3,0,-5,4,-2,0,-160,-87,-25,-6
29381,9.59,P,60,9,405,0,41,340,104,4,T,96,0,492,0,280,343,152,15,1,36,-9,87,0,239,3,48,11
29382,10.17,Z,78,0,650,37,113,174,264,0,Z,76,7,315,0,409,260,464,6,1,-2,7,-335,-37,296,86,200,6
29383,4.22,Z,23,1,268,0,14,73,65,0,T,20,0,210,0,14,86,72,2,1,-3,-1,-58,0,0,13,7,2
29384,10.25,P,45,0,438,7,44,166,67,0,T,44,3,880,0,24,117,76,3,0,-1,3,442,-7,-20,-49,9,3
29385,9.59,P,39,3,813,0,28,196,59,0,T,64,0,718,0,156,85,121,5,1,25,-3,-95,0,128,-111,62,5
29386,9.3,T,116,0,385,0,530,231,258,17,Z,85,3,427,0,104,346,252,0,0,-31,3,42,0,-426,115,-6,-17
29387,9.59,Z,67,4,679,0,33,108,246,1,P,90,7,625,0,307,316,183,10,1,23,3,-54,0,274,208,-63,9
29388,7.36,P,29,0,343,4,21,63,49,0,P,22,1,619,0,0,51,35,0,1,-7,1,276,-4,-21,-12,-14,0
29389,9.16,Z,57,0,388,0,47,136,177,3,T,86,2,685,0,62,224,72,13,0,29,2,297,0,15,88,-105,10
29390,1.5,T,9,0,95,0,267,15,59,2,T,9,1,65,0,219,57,46,3,0,0,1,-30,0,-48,42,-13,1
29391,9.59,P,34,0,509,0,1,268,77,1,P,51,2,521,0,11,163,105,5,1,17,2,12,0,10,-105,28,4
29392,9.59,T,66,3,539,0,9,114,98,1,P,52,4,335,0,30,187,59,0,1,-14,1,-204,0,21,73,-39,-1
29393,4.48,T,23,0,231,0,453,54,33,6,P,27,0,87,0,428,111,113,9,1,4,0,-144,0,-25,57,80,3
29394,9.59,T,75,0,458,0,318,154,208,9,Z,58,0,526,0,59,95,215,13,1,-17,0,68,0,-259,-59,7,4
29395,4.3,P,20,0,149,0,27,117,45,8,T,18,0,350,0,3,100,45,2,0,-2,0,201,0,-24,-17,0,-6
29396,6.1,P,25,0,434,0,367,106,30,13,Z,26,3,295,0,14,68,76,2,0,1,3,-139,0,-353,-38,46,-11
29397,7.2,Z,38,0,473,0,251,322,336,7,T,63,0,300,0,736,157,288,9,1,25,0,-173,0,485,-165,-48,2
29398,1.42,P,8,0,50,0,3,19,12,1,P,3,0,87,0,4,23,12,8,0,-5,0,37,0,1,4,0,7
29399,3.29,T,24,0,158,0,103,109,61,1,Z,12,2,122,0,13,63,183,1,1,-12,2,-36,0,-90,-46,122,0
29400,4.13,P,17,3,437,0,23,76,25,0,Z,14,0,136,0,414,28,75,3,0,-3,-3,-301,0,391,-48,50,3
29401,7.16,Z,44,7,420,0,69,193,85,0,Z,43,0,359,8,98,387,143,7,1,-1,-7,-61,8,29,194,58,7
29402,9.58,Z,45,2,585,0,54,193,185,6,T,72,4,926,0,100,108,109,1,1,27,2,341,0,46,-85,-76,-5
29403,4.33,Z,15,1,269,0,38,43,62,6,P,24,0,217,0,174,124,41,7,1,9,-1,-52,0,136,81,-21,1
29404,10.1,T,46,6,767,0,22,104,120,6,P,46,2,488,0,4,119,66,0,1,0,-4,-279,0,-18,15,-54,-6
29405,2.5,T,15,1,102,0,130,42,11,4,T,16,0,67,0,359,38,37,4,0,1,-1,-35,0,229,-4,26,0
29406,3.44,P,12,2,491,0,9,26,18,0,P,17,0,292,0,10,71,41,2,1,5,-2,-199,0,1,45,23,2
29407,9.58,Z,75,0,272,0,63,167,283,2,T,75,0,784,0,36,204,141,10,1,0,0,512,0,-27,37,-142,8
29408,4.13,P,27,0,240,0,133,142,77,8,Z,23,0,105,0,294,48,211,12,0,-4,0,-135,0,161,-94,134,4
29409,9.59,T,119,0,629,0,802,337,234,16,Z,137,0,652,12,269,290,400,4,1,18,0,23,12,-533,-47,166,-12
29410,7.25,T,50,0,383,0,507,143,148,10,P,39,0,380,0,95,174,94,4,0,-11,0,-3,0,-412,31,-54,-6
29411,5.06,T,35,0,230,0,32,89,29,8,P,41,4,324,0,101,136,67,1,0,6,4,94,0,69,47,38,-7
29412,9.58,T,88,5,561,0,812,262,170,18,P,77,0,539,0,646,232,186,24,1,-11,-5,-22,0,-166,-30,16,6
29413,9.58,Z,55,8,685,0,74,176,183,3,P,68,0,671,15,217,228,76,0,0,13,-8,-14,15,143,52,-107,-3
29414,9.58,T,27,0,519,0,0,36,62,0,P,39,4,554,0,6,50,55,0,0,12,4,35,0,6,14,-7,0
29415,2.29,Z,11,0,119,0,79,31,36,3,Z,13,1,88,0,26,108,96,3,1,2,1,-31,0,-53,77,60,0
29416,6.58,P,74,0,399,0,463,254,221,7,T,46,0,389,0,16,220,67,13,0,-28,0,-10,0,-447,-34,-154,6
29417,9.59,T,130,0,430,0,440,324,183,19,P,129,3,613,0,352,355,163,25,1,-1,3,183,0,-88,31,-20,6
29418,10.59,T,86,0,491,0,21,244,134,6,Z,53,0,535,0,31,63,129,2,0,-33,0,44,0,10,-181,-5,-4
29419,7.3,P,35,0,482,0,8,57,51,1,Z,39,0,122,0,0,54,175,0,0,4,0,-360,0,-8,-3,124,-1
29420,9.59,T,78,0,960,0,75,165,140,9,P,73,0,448,0,32,260,125,10,1,-5,0,-512,0,-43,95,-15,1
29421,7.45,P,52,0,429,0,18,185,66,3,Z,47,3,293,0,60,129,179,0,0,-5,3,-136,0,42,-56,113,-3
29422,9.59,Z,92,9,438,0,338,330,445,5,T,96,6,448,0,820,363,345,9,0,4,-3,10,0,482,33,-100,4
29423,6.19,T,26,0,452,0,6,109,44,3,T,25,0,457,0,2,58,50,3,0,-1,0,5,0,-4,-51,6,0
29424,9.08,T,34,0,790,0,27,158,77,12,T,43,0,462,0,85,122,60,6,0,9,0,-328,0,58,-36,-17,-6
29425,9.26,Z,81,0,651,0,62,188,218,4,T,84,1,413,0,143,178,94,7,0,3,1,-238,0,81,-10,-124,3
29426,6.06,P,47,4,193,0,92,126,49,1,T,36,2,351,0,34,129,126,1,0,-11,-2,158,0,-58,3,77,0
29427,9.54,P,58,3,394,0,424,388,282,1,P,79,4,466,0,544,297,162,7,1,21,1,72,0,120,-91,-120,6
29428,9.59,P,91,0,488,0,86,298,161,10,Z,58,2,479,0,21,360,246,2,1,-33,2,-9,0,-65,62,85,-8
29429,3.5,Z,16,0,170,0,17,18,37,2,P,10,0,25,0,0,18,17,1,0,-6,0,-145,0,-17,0,-20,-1
29430,10.25,P,58,13,357,0,921,287,243,2,P,41,0,1008,0,0,147,141,0,1,-17,-13,651,0,-921,-140,-102,-2
29431,3.46,T,17,0,253,0,0,22,23,0,P,13,0,309,0,0,33,20,0,0,-4,0,56,0,0,11,-3,0
29432,6.57,P,28,0,150,0,36,50,29,4,T,24,0,421,0,0,26,42,2,1,-4,0,271,0,-36,-24,13,-2
29433,8.26,Z,56,0,333,0,115,111,274,5,T,99,0,327,0,467,252,143,12,1,43,0,-6,0,352,141,-131,7
29434,9.59,T,128,0,441,0,255,207,204,24,Z,86,13,266,0,521,189,261,3,1,-42,13,-175,0,266,-18,57,-21
29435,9.59,T,52,0,754,0,5,44,100,4,P,48,0,269,12,46,71,78,0,1,-4,0,-485,12,41,27,-22,-4
29436,9.59,T,106,5,725,0,81,300,210,1,T,112,1,506,0,1040,307,360,11,0,6,-4,-219,0,959,7,150,10
29437,5.43,T,33,0,351,0,6,48,48,1,T,32,0,383,0,11,102,47,2,1,-1,0,32,0,5,54,-1,1
29438,9.59,Z,55,0,320,0,15,183,193,7,P,30,0,429,0,0,229,71,0,1,-25,0,109,0,-15,46,-122,-7
29439,9.58,P,46,0,396,0,11,178,331,2,P,52,0,695,0,0,106,113,0,0,6,0,299,0,-11,-72,-218,-2
29440,6,Z,39,0,310,0,71,161,136,6,Z,36,0,412,0,10,79,108,3,0,-3,0,102,0,-61,-82,-28,-3
29441,6.11,Z,35,4,523,0,532,101,245,6,T,53,1,350,0,161,168,87,4,1,18,-3,-173,0,-371,67,-158,-2
29442,4.31,P,9,0,165,0,0,9,9,0,Z,18,2,338,0,246,52,173,2,1,9,2,173,0,246,43,164,2
29443,9.59,T,90,1,1348,0,609,186,185,7,Z,83,0,474,0,325,176,541,15,1,-7,-1,-874,0,-284,-10,356,8
29444,4.27,Z,16,2,233,0,19,108,152,0,Z,18,0,158,0,79,99,105,3,0,2,-2,-75,0,60,-9,-47,3
29445,9.56,P,52,0,491,0,16,237,107,8,P,61,0,563,0,23,264,195,9,1,9,0,72,0,7,27,88,1
29446,7.37,T,63,4,395,1,504,196,134,2,P,67,6,680,1,381,127,104,3,0,4,2,285,0,-123,-69,-30,1
29447,5.41,T,21,0,179,0,0,32,37,0,P,14,0,365,0,0,35,19,1,0,-7,0,186,0,0,3,-18,1
29448,5.24,T,47,0,137,0,234,91,138,9,T,30,2,188,0,310,134,195,0,0,-17,2,51,0,76,43,57,-9
29449,7.18,P,37,0,815,0,11,198,78,4,T,50,0,423,0,23,168,90,5,1,13,0,-392,0,12,-30,12,1
29450,9.43,T,108,0,452,0,397,262,159,13,Z,68,5,367,0,345,239,227,9,0,-40,5,-85,0,-52,-23,68,-4
29451,8.1,P,32,3,288,0,2,34,37,0,P,25,0,173,0,1,92,37,2,1,-7,-3,-115,0,-1,58,0,2
29452,9.31,P,79,4,479,0,144,141,81,8,Z,64,0,407,0,84,145,245,8,1,-15,-4,-72,0,-60,4,164,0
29453,5.19,Z,25,1,344,0,407,91,148,5,T,43,2,229,0,147,104,131,6,0,18,1,-115,0,-260,13,-17,1
29454,8.48,P,53,0,244,0,528,191,220,10,T,79,0,568,0,139,268,143,11,1,26,0,324,0,-389,77,-77,1
29455,9.59,P,33,4,569,0,24,39,59,0,P,32,0,570,0,0,37,40,0,1,-1,-4,1,0,-24,-2,-19,0
29456,7.12,P,90,2,493,0,330,241,127,8,Z,95,3,351,0,412,351,249,17,0,5,1,-142,0,82,110,122,9
29457,9.08,P,98,1,525,0,272,267,148,25,T,95,0,526,0,219,340,158,14,1,-3,-1,1,0,-53,73,10,-11
29458,8.12,Z,47,3,418,0,228,291,179,6,P,41,8,234,0,377,157,81,7,0,-6,5,-184,0,149,-134,-98,1
29459,5.19,P,34,2,373,0,19,157,62,0,Z,24,3,233,0,15,68,70,4,0,-10,1,-140,0,-4,-89,8,4
29460,9.59,T,43,0,621,0,4,96,80,2,P,43,3,647,0,15,180,81,1,0,0,3,26,0,11,84,1,-1
29461,9.59,Z,56,0,302,13,345,206,179,7,P,47,0,533,0,0,113,75,0,1,-9,0,231,-13,-345,-93,-104,-7
29462,6.17,P,28,1,186,0,0,110,41,0,T,21,0,258,0,93,86,38,7,0,-7,-1,72,0,93,-24,-3,7
29463,9.59,P,35,1,314,0,1,188,74,6,T,60,0,343,0,0,52,115,4,1,25,-1,29,0,-1,-136,41,-2
29464,7.58,T,104,0,553,0,430,122,186,19,P,54,0,382,0,20,187,53,13,0,-50,0,-171,0,-410,65,-133,-6
29465,10.5,T,49,0,549,0,2,124,215,2,P,64,11,777,0,51,274,67,3,0,15,11,228,0,49,150,-148,1
29466,9.56,T,57,0,784,0,0,88,102,0,T,76,2,486,0,257,236,118,12,0,19,2,-298,0,257,148,16,12
29467,9.59,T,96,0,596,0,114,236,198,10,P,48,0,616,0,0,211,95,0,0,-48,0,20,0,-114,-25,-103,-10
29468,9.58,T,59,0,600,0,7,218,108,4,Z,37,0,512,0,24,100,171,7,0,-22,0,-88,0,17,-118,63,3
29469,10.08,T,88,0,388,0,152,211,96,5,Z,86,11,527,0,172,225,276,1,1,-2,11,139,0,20,14,180,-4
29470,0.29,P,0,0,20,0,0,0,0,0,T,2,1,42,0,0,1,2,0,1,2,1,22,0,0,1,2,0
29471,9.59,Z,73,2,658,0,33,215,232,1,Z,66,8,278,0,60,161,191,6,0,-7,6,-380,0,27,-54,-41,5
29472,9.59,T,112,0,524,0,513,354,166,23,T,113,1,601,19,335,374,169,1,1,1,1,77,19,-178,20,3,-22
29473,9.59,P,77,8,515,0,130,265,127,21,T,113,0,532,0,1082,228,287,7,1,36,-8,17,0,952,-37,160,-14
29474,7.46,T,34,0,447,0,0,148,69,2,Z,44,0,371,0,0,66,133,0,0,10,0,-76,0,0,-82,64,-2
29475,7.51,Z,40,6,260,0,100,172,120,2,P,38,1,521,0,22,48,62,1,1,-2,-5,261,0,-78,-124,-58,-1
29476,8.33,Z,51,1,652,0,122,249,187,2,Z,61,2,345,0,83,195,235,0,1,10,1,-307,0,-39,-54,48,-2
29477,8.28,T,83,0,360,0,645,273,175,14,Z,66,3,404,0,543,296,270,5,1,-17,3,44,0,-102,23,95,-9
29478,9.56,Z,46,0,428,0,0,44,171,0,Z,51,10,252,1,51,89,164,1,1,5,10,-176,1,51,45,-7,1
29479,7.4,T,74,0,566,0,10,182,92,2,P,49,0,484,0,511,244,81,16,0,-25,0,-82,0,501,62,-11,14
29480,9.59,P,35,1,611,0,4,99,67,0,T,20,0,832,0,7,265,66,1,0,-15,-1,221,0,3,166,-1,1
29481,3.53,P,34,2,152,0,71,113,80,3,T,39,0,165,0,265,190,47,14,1,5,-2,13,0,194,77,-33,11
29482,7.11,Z,36,3,516,0,59,67,99,1,Z,31,0,234,0,20,104,158,2,0,-5,-3,-282,0,-39,37,59,1
29483,6.06,Z,41,0,237,0,282,99,124,13,P,32,1,224,0,214,112,41,6,0,-9,1,-13,0,-68,13,-83,-7
29484,5.32,P,30,2,318,0,146,196,289,1,T,29,0,445,0,0,46,60,4,0,-1,-2,127,0,-146,-150,-229,3
29485,9.59,P,68,6,461,0,382,255,123,7,T,90,3,365,0,120,314,106,6,0,22,-3,-96,0,-262,59,-17,-1
29486,7.51,Z,60,8,516,1,238,224,293,0,P,55,3,657,0,356,205,75,12,1,-5,-5,141,-1,118,-19,-218,12
29487,9.54,T,39,0,725,0,0,15,65,0,Z,49,7,284,2,443,112,214,0,1,10,7,-441,2,443,97,149,0
29488,9,Z,41,5,272,0,17,200,126,0,P,60,1,476,0,21,363,174,5,1,19,-4,204,0,4,163,48,5
29489,4.17,T,24,4,210,0,14,26,20,0,Z,16,0,60,0,454,36,315,4,0,-8,-4,-150,0,440,10,295,4
29490,10.32,Z,61,0,586,12,108,392,230,0,Z,68,3,494,0,301,372,297,30,0,7,3,-92,-12,193,-20,67,30
29491,9.08,T,77,0,513,0,225,242,92,13,P,82,0,695,0,87,394,96,19,1,5,0,182,0,-138,152,4,6
29492,3.04,Z,11,0,80,0,351,63,137,5,T,16,0,41,0,150,40,187,3,0,5,0,-39,0,-201,-23,50,-2
29493,9.34,P,85,5,696,0,726,147,75,4,Z,66,7,477,0,235,189,282,4,0,-19,2,-219,0,-491,42,207,0
29494,9.59,T,31,0,371,0,0,31,57,0,P,17,0,382,0,0,46,30,0,0,-14,0,11,0,0,15,-27,0
29495,9.59,Z,31,3,312,0,14,304,153,0,P,67,3,640,0,113,241,78,4,1,36,0,328,0,99,-63,-75,4
29496,9.58,T,80,4,714,0,36,197,92,0,P,29,0,387,0,3,39,40,1,0,-51,-4,-327,0,-33,-158,-52,1
29497,4.48,P,21,0,106,0,0,9,28,0,Z,1,0,105,0,2,2,11,1,0,-20,0,-1,0,2,-7,-17,1
29498,9.59,T,67,1,325,0,56,90,83,5,T,70,7,529,0,96,179,104,1,1,3,6,204,0,40,89,21,-4
29499,9.59,Z,51,7,611,0,243,275,368,5,T,85,0,332,0,176,247,98,9,0,34,-7,-279,0,-67,-28,-270,4
29500,5.03,Z,19,1,234,0,238,58,81,5,Z,17,5,115,0,31,39,66,0,0,-2,4,-119,0,-207,-19,-15,-5
29501,4.29,P,12,0,139,0,0,16,20,0,T,17,0,233,0,14,58,17,4,0,5,0,94,0,14,42,-3,4
29502,2.06,P,12,2,75,0,54,33,16,6,T,11,0,95,0,32,62,10,1,0,-1,-2,20,0,-22,29,-6,-5
29503,7.03,Z,36,5,282,0,197,119,223,0,P,28,6,404,0,49,147,93,0,0,-8,1,122,0,-148,28,-130,0
29504,1.08,Z,3,0,14,0,98,17,27,3,T,4,0,79,0,1,7,2,1,0,1,0,65,0,-97,-10,-25,-2
29505,5.41,P,43,0,271,0,188,199,101,12,T,34,0,190,0,32,144,78,3,0,-9,0,-81,0,-156,-55,-23,-9
29506,7.03,T,67,0,255,0,410,133,249,12,Z,45,2,166,0,133,82,152,1,0,-22,2,-89,0,-277,-51,-97,-11
29507,6.38,T,25,0,382,0,0,45,47,0,T,34,1,484,0,5,43,49,8,0,9,1,102,0,5,-2,2,8
29508,9.59,Z,99,6,811,0,225,308,304,9,T,104,0,327,0,809,269,220,10,1,5,-6,-484,0,584,-39,-84,1
29509,9.58,T,89,8,459,0,168,262,138,3,Z,62,0,650,0,217,267,181,10,0,-27,-8,191,0,49,5,43,7
29510,9.59,Z,85,1,347,0,313,171,393,11,P,90,3,436,0,562,311,92,9,1,5,2,89,0,249,140,-301,-2
29511,8.42,P,46,1,766,0,415,288,51,6,T,44,0,844,0,2,209,106,4,0,-2,-1,78,0,-413,-79,55,-2
29512,7.43,P,46,0,356,0,19,191,52,4,Z,84,6,403,0,411,220,275,5,1,38,6,47,0,392,29,223,1
29513,8.42,Z,47,0,449,0,21,115,168,3,T,79,11,417,0,177,224,82,0,1,32,11,-32,0,156,109,-86,-3
29514,9.59,T,96,3,601,0,54,167,159,4,P,78,2,344,0,92,233,126,9,1,-18,-1,-257,0,38,66,-33,5
29515,9.59,Z,78,0,468,0,170,177,351,17,T,98,0,558,0,27,94,149,11,1,20,0,90,0,-143,-83,-202,-6
29516,3.25,Z,10,0,113,0,12,27,40,2,Z,19,2,189,0,16,40,47,0,1,9,2,76,0,4,13,7,-2
29517,8.4,Z,59,0,636,0,36,236,273,2,Z,50,13,417,0,407,241,247,11,1,-9,13,-219,0,371,5,-26,9
29518,5.12,Z,22,4,149,1,5,41,124,0,T,27,2,248,0,176,97,62,3,1,5,-2,99,-1,171,56,-62,3
29519,9.45,P,54,2,434,0,825,316,185,9,P,64,3,907,0,82,166,59,8,1,10,1,473,0,-743,-150,-126,-1
29520,9.59,Z,57,2,393,0,427,199,143,4,T,90,5,373,0,278,196,109,5,1,33,3,-20,0,-149,-3,-34,1
29521,5.46,P,35,6,311,0,69,101,48,2,Z,31,1,232,0,477,123,191,4,0,-4,-5,-79,0,408,22,143,2
29522,9.59,T,44,4,635,0,8,37,86,0,T,53,0,483,0,1,231,76,1,1,9,-4,-152,0,-7,194,-10,1
29523,3.48,T,28,0,273,0,20,101,108,3,Z,16,1,107,0,1,15,64,0,0,-12,1,-166,0,-19,-86,-44,-3
29524,5.27,T,37,2,362,0,197,108,137,5,P,15,0,67,0,0,46,37,0,1,-22,-2,-295,0,-197,-62,-100,-5
29525,9.57,P,50,0,554,0,56,248,87,6,Z,47,2,557,0,39,96,158,6,1,-3,2,3,0,-17,-152,71,0
29526,9.59,Z,54,7,468,0,78,231,198,0,T,66,1,613,0,12,162,78,0,1,12,-6,145,0,-66,-69,-120,0
29527,8.5,Z,62,6,404,0,46,129,183,1,T,74,2,554,0,260,136,80,3,1,12,-4,150,0,214,7,-103,2
29528,2.27,P,14,2,235,0,132,79,26,0,T,8,0,138,0,79,34,12,2,1,-6,-2,-97,0,-53,-45,-14,2
29529,6.37,Z,46,0,291,64,135,195,234,1,Z,40,10,462,3,409,331,143,0,1,-6,10,171,-61,274,136,-91,-1
29530,10.54,T,73,2,808,0,69,242,190,17,T,74,0,752,0,202,166,274,13,1,1,-2,-56,0,133,-76,84,-4
29531,7.59,P,35,1,542,0,1,160,85,0,Z,39,1,365,0,32,71,124,0,1,4,0,-177,0,31,-89,39,0
29532,9.59,T,108,0,566,0,520,361,142,12,P,93,0,791,0,542,439,263,21,0,-15,0,225,0,22,78,121,9
29533,7.29,P,77,4,444,0,467,256,79,10,Z,86,8,365,5,617,244,319,8,1,9,4,-79,5,150,-12,240,-2
29534,7.39,P,42,1,371,0,30,152,44,5,T,55,0,428,0,20,249,105,6,1,13,-1,57,0,-10,97,61,1
29535,3.01,P,7,0,195,0,0,8,12,0,T,15,0,135,0,13,29,33,4,1,8,0,-60,0,13,21,21,4
29536,6.16,T,33,0,542,0,0,81,54,0,P,25,0,279,0,0,115,36,0,0,-8,0,-263,0,0,34,-18,0
29537,3.59,P,16,0,215,0,0,12,21,0,T,19,1,148,0,0,34,36,2,1,3,1,-67,0,0,22,15,2
29538,9.44,P,18,0,927,0,0,87,35,0,Z,35,0,566,0,22,28,105,5,0,17,0,-361,0,22,-59,70,5
29539,9.59,Z,79,9,554,1,214,335,264,4,P,110,3,630,0,120,316,110,10,1,31,-6,76,-1,-94,-19,-154,6
29540,9.58,Z,38,0,489,0,1,81,150,4,T,88,3,574,0,591,228,197,6,1,50,3,85,0,590,147,47,2
29541,9.43,Z,50,0,402,2,22,99,149,6,P,40,1,882,0,12,213,74,3,0,-10,1,480,-2,-10,114,-75,-3
29542,9.59,T,39,0,752,0,4,47,66,8,Z,38,0,350,0,51,47,165,4,0,-1,0,-402,0,47,0,99,-4
29543,3.19,Z,11,0,233,0,14,47,40,4,Z,15,1,76,0,192,82,40,4,0,4,1,-157,0,178,35,0,0
29544,0.32,Z,2,0,2,0,4,27,8,0,P,0,0,51,0,1,11,2,2,0,-2,0,49,0,-3,-16,-6,2
29545,9.58,P,37,0,250,0,0,177,74,0,P,31,0,422,0,0,51,45,0,1,-6,0,172,0,0,-126,-29,0
29546,6.21,P,35,3,182,0,27,63,34,0,P,12,0,210,0,0,20,23,0,0,-23,-3,28,0,-27,-43,-11,0
29547,10.24,T,84,20,656,1,55,272,189,4,T,94,0,464,0,201,125,117,8,1,10,-20,-192,-1,146,-147,-72,4
29548,7.51,P,37,0,447,0,13,27,46,1,T,66,3,287,0,416,196,81,2,1,29,3,-160,0,403,169,35,1
29549,9.59,T,95,1,617,0,583,302,127,11,Z,74,0,438,0,32,224,179,6,0,-21,-1,-179,0,-551,-78,52,-5
29550,8.34,T,46,5,606,0,29,109,79,0,Z,41,5,689,0,30,54,111,1,0,-5,0,83,0,1,-55,32,1
29551,5.19,T,24,2,336,0,43,128,41,2,T,29,2,201,0,17,80,38,2,1,5,0,-135,0,-26,-48,-3,0
29552,5.11,T,37,5,457,0,44,185,47,4,P,40,2,350,0,367,143,115,6,0,3,-3,-107,0,323,-42,68,2
29553,7.52,T,58,0,514,0,35,98,67,8,Z,47,0,224,0,48,59,136,9,0,-11,0,-290,0,13,-39,69,1
29554,7.38,P,53,0,333,0,47,177,80,7,T,67,0,604,0,512,173,142,13,1,14,0,271,0,465,-4,62,6
29555,9.59,Z,74,3,383,0,73,118,165,2,T,47,0,903,0,3,254,75,4,0,-27,-3,520,0,-70,136,-90,2
29556,9.59,T,79,0,916,0,45,154,118,10,T,77,4,459,0,33,45,57,0,1,-2,4,-457,0,-12,-109,-61,-10
29557,7.39,P,61,0,361,0,253,192,86,10,Z,49,1,431,0,145,139,160,4,0,-12,1,70,0,-108,-53,74,-6
29558,8.15,T,75,0,433,0,46,229,320,6,P,70,1,350,0,236,202,106,8,0,-5,1,-83,0,190,-27,-214,2
29559,6.43,T,31,2,459,0,3,50,53,0,P,29,4,510,0,144,173,75,3,0,-2,2,51,0,141,123,22,3
29560,3.2,Z,16,0,122,0,57,167,79,5,T,18,0,149,0,173,108,88,5,1,2,0,27,0,116,-59,9,0
29561,9.59,P,130,20,368,0,468,413,152,12,T,124,6,545,0,375,336,252,7,1,-6,-14,177,0,-93,-77,100,-5
29562,9.59,T,79,0,530,0,615,311,233,18,T,89,2,412,0,101,348,130,19,0,10,2,-118,0,-514,37,-103,1
29563,8.37,Z,60,1,355,0,175,145,253,4,T,58,0,455,0,404,154,120,6,0,-2,-1,100,0,229,9,-133,2
29564,2.58,Z,8,0,252,0,3,12,36,0,Z,7,0,93,0,9,43,55,3,0,-1,0,-159,0,6,31,19,3
29565,2.13,T,11,2,54,0,74,43,51,0,T,10,0,79,0,42,46,34,9,1,-1,-2,25,0,-32,3,-17,9
29566,4.43,P,33,0,128,0,75,109,96,5,P,21,2,116,0,32,51,21,2,1,-12,2,-12,0,-43,-58,-75,-3
29567,5.2,P,42,1,304,0,69,88,35,7,T,32,0,313,0,438,66,38,14,0,-10,-1,9,0,369,-22,3,7
29568,9.59,Z,54,4,302,0,2,52,202,0,P,87,3,699,0,2,179,124,5,0,33,-1,397,0,0,127,-78,5
29569,9.58,Z,66,0,574,0,21,232,270,20,P,48,5,682,0,28,191,84,1,0,-18,5,108,0,7,-41,-186,-19
29570,9.59,P,55,6,402,4,129,238,114,10,Z,53,5,357,0,55,173,277,3,0,-2,-1,-45,-4,-74,-65,163,-7
29571,7.36,P,37,0,617,0,66,180,89,3,T,67,0,587,0,31,173,90,12,1,30,0,-30,0,-35,-7,1,9
29572,8.34,T,74,0,478,0,262,224,201,8,Z,72,2,264,0,277,180,273,5,1,-2,2,-214,0,15,-44,72,-3
29573,10.21,T,123,0,484,0,138,391,158,10,Z,78,0,545,0,62,111,221,14,1,-45,0,61,0,-76,-280,63,4
29574,9.57,Z,58,0,803,7,3,182,242,1,T,70,0,565,0,18,222,147,7,1,12,0,-238,-7,15,40,-95,6
29575,10.57,T,81,0,480,0,407,319,251,4,T,106,6,628,0,60,337,173,6,1,25,6,148,0,-347,18,-78,2
29576,8.24,T,96,0,417,0,190,296,122,20,Z,72,0,378,0,454,209,240,16,0,-24,0,-39,0,264,-87,118,-4
29577,9.59,Z,107,0,672,0,51,185,240,26,T,106,0,552,0,309,179,278,26,0,-1,0,-120,0,258,-6,38,0
29578,9.59,T,91,3,552,0,547,175,308,0,T,81,8,477,2,484,191,169,12,0,-10,5,-75,2,-63,16,-139,12
29579,3.15,T,10,0,241,0,4,37,20,2,T,15,0,381,0,33,31,39,1,0,5,0,140,0,29,-6,19,-1
29580,7.57,P,48,0,606,0,130,191,105,9,T,74,0,795,0,137,171,133,9,1,26,0,189,0,7,-20,28,0
29581,2.27,P,7,0,52,0,7,8,13,4,T,10,0,160,0,0,14,16,2,0,3,0,108,0,-7,6,3,-2
29582,6.14,T,51,0,339,5,435,153,84,1,Z,33,1,100,0,5,70,291,5,0,-18,1,-239,-5,-430,-83,207,4
29583,1.2,T,5,2,41,0,76,8,6,0,Z,5,0,34,0,0,36,43,2,1,0,-2,-7,0,-76,28,37,2
29584,7.17,T,46,0,372,0,276,139,68,12,T,61,1,186,0,353,184,45,18,0,15,1,-186,0,77,45,-23,6
29585,3.45,P,11,0,64,5,67,107,35,0,T,19,0,133,0,0,28,28,0,0,8,0,69,-5,-67,-79,-7,0
29586,3.57,T,14,0,190,0,2,39,28,1,P,15,0,93,0,1,64,26,0,1,1,0,-97,0,-1,25,-2,-1
29587,3.46,P,17,0,121,0,46,73,18,2,T,12,0,247,0,0,49,30,1,0,-5,0,126,0,-46,-24,12,-1
29588,7.37,Z,57,0,301,0,33,183,247,4,P,73,0,811,0,557,319,123,9,1,16,0,510,0,524,136,-124,5
29589,6.15,T,30,4,312,0,2,124,66,1,Z,31,0,178,0,20,175,171,1,0,1,-4,-134,0,18,51,105,0
29590,6.43,P,47,3,355,0,197,287,123,6,P,43,0,279,0,145,139,122,4,0,-4,-3,-76,0,-52,-148,-1,-2
29591,10.27,T,80,6,646,0,112,289,110,4,T,99,11,630,0,293,255,273,9,0,19,5,-16,0,181,-34,163,5
29592,5.23,Z,25,0,145,0,11,71,100,4,T,21,5,300,0,31,72,34,0,0,-4,5,155,0,20,1,-66,-4
29593,8.09,T,69,7,411,0,210,155,85,0,P,73,4,611,0,75,241,100,5,1,4,-3,200,0,-135,86,15,5
29594,4.32,Z,16,2,332,0,21,145,59,1,T,23,0,273,0,0,85,43,3,1,7,-2,-59,0,-21,-60,-16,2
29595,9.59,Z,40,5,313,0,86,135,166,0,T,80,3,760,0,26,134,111,3,0,40,-2,447,0,-60,-1,-55,3
29596,4.25,P,26,0,275,0,14,82,62,1,P,34,0,261,0,78,112,63,4,0,8,0,-14,0,64,30,1,3
29597,4.15,P,22,0,95,0,19,42,95,3,P,20,3,263,0,74,88,130,0,0,-2,3,168,0,55,46,35,-3
29598,6.47,T,47,0,216,0,168,78,57,5,T,42,0,429,0,22,117,62,3,0,-5,0,213,0,-146,39,5,-2
29599,8.59,Z,50,3,402,0,17,93,236,0,P,41,0,765,0,0,63,50,0,0,-9,-3,363,0,-17,-30,-186,0
29600,9.59,Z,69,0,436,0,58,131,139,8,Z,71,0,228,0,84,107,200,4,0,2,0,-208,0,26,-24,61,-4
29601,4.59,P,21,0,193,0,0,12,17,0,T,24,0,243,0,2,28,33,0,1,3,0,50,0,2,16,16,0
29602,9.59,T,68,2,578,0,126,188,111,4,P,49,0,573,0,47,155,105,8,0,-19,-2,-5,0,-79,-33,-6,4
29603,9.59,Z,114,0,679,0,313,351,354,22,Z,96,0,676,0,145,271,327,10,1,-18,0,-3,0,-168,-80,-27,-12
29604,2.2,P,15,0,73,0,157,121,21,6,P,19,0,137,0,50,85,41,3,1,4,0,64,0,-107,-36,20,-3
29605,9.59,Z,67,2,816,0,73,104,174,1,T,67,0,723,8,93,248,137,2,0,0,-2,-93,8,20,144,-37,1
29606,5.25,P,36,1,287,0,59,136,56,3,Z,26,2,110,0,465,98,196,10,0,-10,1,-177,0,406,-38,140,7
29607,7.38,T,57,0,206,0,284,184,177,14,T,101,2,287,0,573,234,160,19,0,44,2,81,0,289,50,-17,5
29608,3.54,T,22,4,203,0,278,66,79,4,P,14,0,164,0,14,119,31,2,1,-8,-4,-39,0,-264,53,-48,-2
29609,5.33,P,29,3,275,0,11,51,35,0,P,25,0,253,0,62,122,58,9,1,-4,-3,-22,0,51,71,23,9
29610,10.28,T,111,8,467,0,589,169,144,5,T,101,0,880,0,60,140,139,7,0,-10,-8,413,0,-529,-29,-5,2
29611,7.25,T,52,0,404,0,345,211,137,5,P,83,0,430,0,242,288,78,18,0,31,0,26,0,-103,77,-59,13
29612,3.09,Z,14,0,174,0,9,88,51,1,T,18,0,137,0,166,96,23,4,0,4,0,-37,0,157,8,-28,3
29613,4.36,T,32,2,184,0,443,94,33,5,P,32,0,146,0,305,102,89,10,1,0,-2,-38,0,-138,8,56,5
29614,9.43,P,53,2,764,0,31,203,92,0,Z,77,4,388,0,63,218,341,13,1,24,2,-376,0,32,15,249,13
29615,7.48,T,39,0,418,0,0,32,59,0,T,34,0,362,0,0,29,66,0,0,-5,0,-56,0,0,-3,7,0
29616,6.26,T,44,0,496,0,248,102,75,9,T,27,0,635,0,0,63,42,0,0,-17,0,139,0,-248,-39,-33,-9
29617,9.58,P,49,14,1092,0,47,118,85,1,P,45,0,702,0,16,80,88,5,0,-4,-14,-390,0,-31,-38,3,4
29618,9.58,Z,64,0,313,0,20,103,216,9,P,39,0,562,0,0,107,53,0,0,-25,0,249,0,-20,4,-163,-9
29619,7.07,T,50,0,595,0,58,139,56,9,P,24,0,411,0,8,104,44,4,0,-26,0,-184,0,-50,-35,-12,-5
29620,3.4,Z,13,0,156,0,0,5,60,0,T,17,0,231,0,9,68,84,3,1,4,0,75,0,9,63,24,3
29621,2.54,T,7,0,248,0,0,44,16,0,Z,7,0,93,0,0,11,45,1,1,0,0,-155,0,0,-33,29,1
29622,9.59,T,77,0,579,0,31,113,147,6,Z,34,0,339,3,58,88,143,0,0,-43,0,-240,3,27,-25,-4,-6
29623,6.38,P,37,0,368,0,125,171,146,10,T,50,1,424,0,491,79,82,5,1,13,1,56,0,366,-92,-64,-5
29624,6.22,Z,26,3,182,0,19,114,91,2,Z,29,1,229,0,3,117,110,0,1,3,-2,47,0,-16,3,19,-2
29625,8.33,Z,45,4,441,0,8,90,211,0,P,24,0,271,0,0,176,45,0,0,-21,-4,-170,0,-8,86,-166,0
29626,9.59,P,79,5,503,0,147,234,108,13,T,85,13,465,0,774,199,213,0,0,6,8,-38,0,627,-35,105,-13
29627,4.19,T,15,3,214,0,19,48,32,0,P,19,0,313,0,0,28,43,0,0,4,-3,99,0,-19,-20,11,0
29628,10.56,T,83,0,554,0,74,163,83,10,Z,86,15,331,0,233,249,372,7,0,3,15,-223,0,159,86,289,-3
29629,9.59,P,40,0,408,0,20,95,76,4,P,41,0,826,0,0,167,64,1,1,1,0,418,0,-20,72,-12,-3
29630,10.57,T,65,5,776,0,16,67,68,0,P,64,7,335,0,37,90,54,0,1,-1,2,-441,0,21,23,-14,0
29631,9.59,T,91,0,727,0,118,202,104,12,P,68,0,401,0,61,99,61,10,1,-23,0,-326,0,-57,-103,-43,-2
29632,9.59,P,59,0,489,0,21,83,67,3,T,52,0,849,0,4,240,90,5,0,-7,0,360,0,-17,157,23,2
29633,4.23,Z,19,0,166,0,80,69,105,4,Z,16,0,50,0,8,8,55,2,1,-3,0,-116,0,-72,-61,-50,-2
29634,9.01,Z,89,0,789,0,117,270,293,12,T,85,2,534,0,475,190,163,10,1,-4,2,-255,0,358,-80,-130,-2
29635,7.19,Z,105,12,406,2,780,218,376,6,P,107,2,362,0,331,330,153,19,1,2,-10,-44,-2,-449,112,-223,13
29636,8.59,T,52,1,204,0,22,91,80,5,T,27,0,253,0,0,29,65,0,0,-25,-1,49,0,-22,-62,-15,-5
29637,9.48,P,51,1,961,0,1,134,78,3,P,36,3,883,0,19,203,75,1,1,-15,2,-78,0,18,69,-3,-2
29638,9.14,T,75,0,643,0,65,181,136,16,P,79,0,780,0,464,196,113,9,0,4,0,137,0,399,15,-23,-7
29639,6.46,Z,32,0,286,0,67,87,133,6,P,43,6,262,0,24,98,43,0,0,11,6,-24,0,-43,11,-90,-6
29640,10.07,Z,74,4,384,0,37,232,347,3,P,81,0,497,0,523,149,82,8,1,7,-4,113,0,486,-83,-265,5
29641,9.07,T,82,7,501,0,345,241,313,8,Z,61,2,426,0,266,266,473,4,1,-21,-5,-75,0,-79,25,160,-4
29642,4.5,P,22,0,345,3,169,75,21,0,Z,22,1,349,0,23,103,69,2,1,0,1,4,-3,-146,28,48,2
29643,4.22,T,40,0,183,0,398,95,88,5,Z,21,0,189,0,254,171,76,4,1,-19,0,6,0,-144,76,-12,-1
29644,3.21,T,15,0,155,0,255,21,69,2,T,15,0,126,0,0,16,17,1,1,0,0,-29,0,-255,-5,-52,-1
29645,4.45,T,23,0,454,0,19,48,45,4,T,20,4,399,0,1,15,41,0,0,-3,4,-55,0,-18,-33,-4,-4
29646,9.59,T,83,0,451,0,94,217,193,7,Z,56,1,233,0,34,82,263,2,0,-27,1,-218,0,-60,-135,70,-5
29647,2.55,P,15,0,64,0,241,81,94,6,Z,7,0,147,0,0,31,54,0,0,-8,0,83,0,-241,-50,-40,-6
29648,5.14,Z,24,0,253,10,57,156,134,0,Z,32,0,290,0,306,214,89,6,1,8,0,37,-10,249,58,-45,6
29649,9.56,T,53,0,396,0,12,35,84,2,P,36,0,419,0,0,26,61,0,1,-17,0,23,0,-12,-9,-23,-2
29650,10.47,P,65,2,740,0,8,223,116,1,T,70,0,635,0,41,192,159,5,0,5,-2,-105,0,33,-31,43,4
29651,1.2,P,6,0,7,0,0,11,11,0,P,5,0,28,0,1,20,10,0,1,-1,0,21,0,1,9,-1,0
29652,6.52,P,50,0,302,0,409,254,106,13,P,62,3,373,0,574,233,143,8,1,12,3,71,0,165,-21,37,-5
29653,9.59,P,70,0,531,0,82,284,114,10,T,64,0,842,0,326,378,114,14,0,-6,0,311,0,244,94,0,4
29654,8.57,Z,51,2,578,0,17,168,160,0,T,52,2,435,0,357,165,158,2,1,1,0,-143,0,340,-3,-2,2
29655,3.03,T,20,3,178,0,165,29,33,0,T,8,0,51,0,1,28,34,2,0,-12,-3,-127,0,-164,-1,1,2
29656,4.01,Z,15,3,21,0,27,25,49,2,T,18,0,362,0,0,21,31,1,1,3,-3,341,0,-27,-4,-18,-1
29657,9.59,Z,69,8,377,0,41,228,224,0,T,102,0,505,0,469,197,133,8,0,33,-8,128,0,428,-31,-91,8
29658,7.23,P,37,7,465,0,3,133,53,0,T,36,0,743,0,22,83,50,4,0,-1,-7,278,0,19,-50,-3,4
29659,6.48,Z,27,0,419,0,0,94,101,0,T,41,3,587,0,4,44,69,0,1,14,3,168,0,4,-50,-32,0
29660,8,T,44,4,643,0,16,44,41,0,P,35,3,124,0,25,61,47,0,0,-9,-1,-519,0,9,17,6,0
29661,7.24,Z,59,6,433,0,211,284,242,8,Z,70,6,678,5,391,329,311,20,1,11,0,245,5,180,45,69,12
29662,9.59,T,116,10,377,0,245,334,98,6,Z,82,2,509,0,69,347,249,8,0,-34,-8,132,0,-176,13,151,2
29663,5.58,P,68,1,254,0,681,179,106,20,T,51,1,197,0,505,141,144,5,1,-17,0,-57,0,-176,-38,38,-15
29664,9.56,T,59,0,607,0,1,163,84,2,T,66,4,635,0,38,152,86,3,1,7,4,28,0,37,-11,2,1
29665,5.57,Z,40,0,158,0,474,125,207,4,P,49,1,501,0,69,104,27,1,1,9,1,343,0,-405,-21,-180,-3
29666,5.23,Z,57,0,318,0,312,251,190,13,Z,31,2,160,0,54,157,102,5,0,-26,2,-158,0,-258,-94,-88,-8
29667,9.22,Z,81,3,510,0,294,325,289,15,T,114,1,550,0,170,475,242,24,1,33,-2,40,0,-124,150,-47,9
29668,10.54,Z,76,1,787,0,54,76,176,6,T,83,6,554,0,151,139,116,0,0,7,5,-233,0,97,63,-60,-6
29669,6.55,T,44,0,517,0,8,72,69,9,T,41,0,133,0,18,97,57,5,1,-3,0,-384,0,10,25,-12,-4
29670,4.35,Z,18,0,407,0,261,14,66,3,T,22,0,267,0,80,93,55,7,0,4,0,-140,0,-181,79,-11,4
29671,9.59,T,64,5,476,0,29,164,103,3,T,48,5,1022,0,569,315,214,3,0,-16,0,546,0,540,151,111,0
29672,6.43,P,33,0,342,0,0,140,94,0,Z,50,0,398,0,397,229,122,7,1,17,0,56,0,397,89,28,7
29673,9.59,Z,84,0,741,0,292,563,368,9,T,115,0,337,0,172,376,103,22,1,31,0,-404,0,-120,-187,-265,13
29674,6.19,T,46,0,372,0,207,187,58,5,T,55,0,411,0,129,222,74,11,1,9,0,39,0,-78,35,16,6
29675,9.59,Z,45,0,615,0,24,130,170,2,P,45,4,467,1,15,95,67,0,0,0,4,-148,1,-9,-35,-103,-2
29676,5.41,P,24,1,243,0,446,129,27,5,Z,45,0,97,0,25,119,182,5,0,21,-1,-146,0,-421,-10,155,0
29677,8.4,Z,52,0,474,0,98,248,280,13,Z,45,1,620,0,28,244,188,2,1,-7,1,146,0,-70,-4,-92,-11
29678,4.03,T,20,0,240,0,32,109,107,13,P,15,0,108,0,0,126,38,3,1,-5,0,-132,0,-32,17,-69,-10
29679,9.57,Z,48,7,229,5,65,235,125,1,T,71,0,628,0,0,166,72,3,0,23,-7,399,-5,-65,-69,-53,2
29680,9.59,T,90,2,485,0,48,295,151,11,P,110,5,575,0,289,379,240,7,0,20,3,90,0,241,84,89,-4
29681,10.22,T,31,0,266,0,0,35,71,0,T,38,0,312,0,0,18,55,0,1,7,0,46,0,0,-17,-16,0
29682,9.59,T,94,0,527,0,424,277,159,17,T,91,7,732,0,69,238,112,0,1,-3,7,205,0,-355,-39,-47,-17
29683,9.59,P,90,11,555,0,767,341,283,18,P,89,9,481,0,156,280,136,11,0,-1,-2,-74,0,-611,-61,-147,-7
29684,9.59,Z,69,0,545,0,86,254,287,8,T,112,0,461,0,577,203,138,10,0,43,0,-84,0,491,-51,-149,2
29685,9.59,Z,87,2,435,0,384,440,427,9,T,126,0,718,0,496,335,88,8,0,39,-2,283,0,112,-105,-339,-1
29686,5.18,Z,32,2,184,0,28,160,98,0,Z,30,4,312,0,37,85,82,4,1,-2,2,128,0,9,-75,-16,4
29687,9.58,T,85,4,350,0,73,139,136,5,Z,78,12,483,0,105,255,162,1,1,-7,8,133,0,32,116,26,-4
29688,7.07,T,33,1,419,0,8,54,81,0,P,28,0,168,0,3,130,33,3,1,-5,-1,-251,0,-5,76,-48,3
29689,8.44,P,35,0,849,0,0,122,55,1,P,24,0,665,0,0,86,37,0,0,-11,0,-184,0,0,-36,-18,-1
29690,9.59,P,44,0,333,0,6,182,153,4,P,44,1,722,0,34,216,115,3,1,0,1,389,0,28,34,-38,-1
29691,9.59,T,64,7,1367,0,35,104,159,0,Z,45,0,234,0,30,128,153,2,1,-19,-7,-1133,0,-5,24,-6,2
29692,0.33,Z,2,2,1,0,3,1,9,0,P,2,0,4,0,131,3,1,1,0,0,-2,3,0,128,2,-8,1
29693,7.03,Z,45,0,274,0,100,129,217,8,Z,44,0,244,0,20,101,126,2,0,-1,0,-30,0,-80,-28,-91,-6
29694,8.06,P,44,1,465,0,20,168,60,1,Z,43,0,560,0,28,43,108,5,1,-1,-1,95,0,8,-125,48,4
29695,9.35,T,129,0,359,0,423,276,204,21,Z,85,5,624,0,311,196,226,18,1,-44,5,265,0,-112,-80,22,-3
29696,8.46,T,34,0,756,0,0,198,77,1,T,40,1,604,0,3,138,80,0,0,6,1,-152,0,3,-60,3,-1
29697,9.26,T,98,1,336,25,107,335,219,5,T,107,9,499,0,22,275,132,1,0,9,8,163,-25,-85,-60,-87,-4
29698,9.59,T,92,0,482,0,800,223,360,11,P,55,5,319,0,10,111,114,0,0,-37,5,-163,0,-790,-112,-246,-11
29699,7.31,Z,37,2,373,0,113,153,208,4,P,52,0,187,0,43,206,92,2,0,15,-2,-186,0,-70,53,-116,-2
29700,9.59,Z,69,0,612,0,39,203,333,4,T,98,0,414,0,208,365,244,11,0,29,0,-198,0,169,162,-89,7
29701,4.54,P,14,0,237,0,0,86,32,1,P,18,0,201,0,20,109,67,2,1,4,0,-36,0,20,23,35,1
29702,5.16,P,37,2,195,0,503,200,150,8,Z,22,2,197,0,363,146,155,0,0,-15,0,2,0,-140,-54,5,-8
29703,5.4,T,52,6,218,3,250,98,62,1,T,42,0,168,0,54,230,50,5,1,-10,-6,-50,-3,-196,132,-12,4
29704,7.55,T,54,1,320,0,378,116,169,4,Z,42,2,277,0,32,93,126,0,0,-12,1,-43,0,-346,-23,-43,-4
29705,4.57,P,31,1,194,0,51,169,57,2,T,43,0,438,0,64,85,75,6,1,12,-1,244,0,13,-84,18,4
29706,4.09,P,17,1,404,0,13,76,25,4,T,19,1,296,0,4,50,19,0,1,2,0,-108,0,-9,-26,-6,-4
29707,8.05,T,115,7,320,0,638,244,175,10,Z,58,0,771,0,53,153,122,9,0,-57,-7,451,0,-585,-91,-53,-1
29708,9.14,Z,34,6,654,0,14,100,203,0,T,49,0,495,0,19,68,69,6,0,15,-6,-159,0,5,-32,-134,6
29709,9.58,T,73,2,581,0,33,198,78,1,Z,67,6,461,0,136,218,316,6,1,-6,4,-120,0,103,20,238,5
29710,3.49,T,17,4,159,1,408,55,102,2,Z,17,1,141,0,196,47,72,7,1,0,-3,-18,-1,-212,-8,-30,5
29711,10.55,T,71,0,707,0,11,152,118,3,T,82,0,914,0,40,386,201,9,0,11,0,207,0,29,234,83,6
29712,3.19,Z,12,1,99,0,281,28,191,4,T,14,2,135,0,218,33,80,3,0,2,1,36,0,-63,5,-111,-1
29713,7.41,T,79,3,492,0,230,205,178,6,T,76,0,331,0,397,260,96,12,1,-3,-3,-161,0,167,55,-82,6
29714,6.31,T,20,0,148,0,0,85,67,0,T,35,0,365,0,6,169,113,3,1,15,0,217,0,6,84,46,3
29715,4.26,T,31,1,316,0,142,106,117,2,Z,20,0,265,0,7,50,103,3,0,-11,-1,-51,0,-135,-56,-14,1
29716,9.59,T,102,0,657,0,589,251,218,22,P,55,0,1021,0,28,215,128,2,1,-47,0,364,0,-561,-36,-90,-20
29717,9.59,P,27,0,861,0,0,58,45,0,Z,44,2,700,0,14,64,134,0,1,17,2,-161,0,14,6,89,0
29718,3.12,T,19,2,83,0,145,65,51,7,Z,17,1,131,0,58,109,64,3,1,-2,-1,48,0,-87,44,13,-4
29719,10.06,P,41,1,312,0,1,205,96,0,P,24,0,873,0,0,68,43,0,0,-17,-1,561,0,-1,-137,-53,0
29720,4.54,P,23,0,466,0,122,87,67,8,Z,30,4,138,0,16,129,88,3,0,7,4,-328,0,-106,42,21,-5
29721,6.33,P,24,0,337,0,0,27,38,0,P,28,0,437,0,4,25,37,4,1,4,0,100,0,4,-2,-1,4
29722,2.49,P,8,0,195,0,0,9,14,0,T,7,0,213,0,0,15,15,0,0,-1,0,18,0,0,6,1,0
29723,8.49,Z,85,6,545,0,675,309,271,5,P,83,6,761,0,128,306,103,5,1,-2,0,216,0,-547,-3,-168,0
29724,10.34,T,106,4,667,0,306,308,124,11,Z,95,0,440,0,293,471,443,27,1,-11,-4,-227,0,-13,163,319,16
29725,6.24,Z,32,0,119,0,23,125,91,7,Z,27,0,719,0,18,68,123,3,1,-5,0,600,0,-5,-57,32,-4
29726,9.59,P,58,0,577,0,1,163,82,3,P,38,6,525,0,27,78,61,3,0,-20,6,-52,0,26,-85,-21,0
29727,9.59,P,58,0,665,0,20,248,100,9,P,49,0,767,0,111,81,53,5,0,-9,0,102,0,91,-167,-47,-4
29728,9.58,Z,65,0,767,0,65,118,168,2,P,43,0,306,0,2,137,56,2,0,-22,0,-461,0,-63,19,-112,0
29729,9.43,Z,51,3,290,0,96,106,258,0,T,56,0,456,0,69,46,75,4,1,5,-3,166,0,-27,-60,-183,4
29730,9.59,Z,55,0,1233,0,12,92,161,4,T,65,9,556,0,24,157,123,0,1,10,9,-677,0,12,65,-38,-4
29731,9.59,P,71,0,588,0,424,335,112,19,P,70,2,591,0,259,350,84,13,0,-1,2,3,0,-165,15,-28,-6
29732,9.57,Z,53,7,706,0,61,141,184,4,T,49,0,393,0,2,71,80,1,0,-4,-7,-313,0,-59,-70,-104,-3
29733,9.59,P,42,0,564,0,23,147,57,3,P,47,0,486,0,0,148,95,0,1,5,0,-78,0,-23,1,38,-3
29734,9.31,P,40,1,274,0,4,153,49,0,P,51,15,399,0,31,160,112,1,0,11,14,125,0,27,7,63,1
29735,6.04,P,17,0,496,0,0,32,29,0,T,29,0,339,0,0,35,78,0,1,12,0,-157,0,0,3,49,0
29736,6.46,T,54,0,359,0,606,129,58,4,P,28,0,245,0,5,142,57,3,0,-26,0,-114,0,-601,13,-1,-1
29737,9.27,T,61,0,492,0,17,224,152,5,P,54,2,651,0,418,202,108,8,1,-7,2,159,0,401,-22,-44,3
29738,6.24,Z,24,0,376,0,2,29,92,1,T,36,0,254,0,0,20,53,0,1,12,0,-122,0,-2,-9,-39,-1
29739,9.14,Z,54,0,657,0,265,109,158,11,P,56,5,246,7,641,201,110,2,0,2,5,-411,7,376,92,-48,-9
29740,1.59,T,8,0,18,0,12,109,96,2,Z,11,1,54,0,58,34,29,0,0,3,1,36,0,46,-75,-67,-2
29741,9.59,P,64,4,544,0,257,351,172,2,T,90,0,726,0,30,74,89,3,1,26,-4,182,0,-227,-277,-83,1
29742,8.1,T,60,0,269,0,6,158,118,10,T,57,6,443,0,44,189,107,2,0,-3,6,174,0,38,31,-11,-8
29743,4.28,Z,30,0,179,0,10,61,86,2,Z,29,6,122,0,72,91,96,5,1,-1,6,-57,0,62,30,10,3
29744,9.59,Z,65,0,568,2,10,183,192,2,P,52,0,644,0,29,54,59,10,1,-13,0,76,-2,19,-129,-133,8
29745,9.59,Z,40,6,580,0,42,220,232,6,P,65,8,596,0,350,235,89,5,0,25,2,16,0,308,15,-143,-1
29746,6.44,P,33,1,152,0,3,163,86,1,T,36,0,268,0,0,16,61,0,0,3,-1,116,0,-3,-147,-25,-1
29747,9.58,P,62,0,667,0,237,173,88,8,Z,96,9,640,0,307,206,490,2,0,34,9,-27,0,70,33,402,-6
29748,4.08,T,19,2,192,0,10,54,37,0,P,23,0,114,0,192,114,83,3,1,4,-2,-78,0,182,60,46,3
29749,6.32,Z,22,2,381,0,12,34,65,0,P,29,6,290,0,7,62,67,0,0,7,4,-91,0,-5,28,2,0
29750,10.09,P,71,5,593,0,31,101,84,0,Z,69,3,726,0,160,148,223,1,1,-2,-2,133,0,129,47,139,1
29751,9.59,T,80,0,468,0,68,211,159,7,Z,67,0,856,0,747,150,274,1,0,-13,0,388,0,679,-61,115,-6
29752,6.06,T,25,0,288,0,0,32,39,2,Z,26,2,513,0,3,39,93,1,0,1,2,225,0,3,7,54,-1
29753,0.46,Z,1,1,46,0,7,7,11,0,P,1,0,9,0,0,0,0,1,0,0,-1,-37,0,-7,-7,-11,1
29754,5.22,T,38,2,333,0,13,168,60,2,T,40,0,430,0,58,162,42,5,0,2,-2,97,0,45,-6,-18,3
29755,9.59,Z,64,12,623,0,311,314,298,3,T,106,2,416,0,91,298,141,10,0,42,-10,-207,0,-220,-16,-157,7
29756,6.24,T,32,3,446,0,53,58,28,2,T,29,0,302,0,5,14,57,5,1,-3,-3,-144,0,-48,-44,29,3
29757,4.46,T,31,3,217,0,61,55,81,7,T,33,0,225,0,396,145,102,7,0,2,-3,8,0,335,90,21,0
29758,2.11,T,9,0,74,0,112,68,68,3,T,9,1,32,0,176,33,68,0,0,0,1,-42,0,64,-35,0,-3
29759,8.53,Z,42,3,250,0,68,110,174,1,T,65,0,434,0,1022,89,158,9,1,23,-3,184,0,954,-21,-16,8
29760,9.59,T,60,8,521,0,15,43,92,0,P,56,4,453,0,14,144,113,3,1,-4,-4,-68,0,-1,101,21,3
29761,8.24,P,53,4,439,0,381,210,149,3,T,66,0,675,0,549,155,86,9,1,13,-4,236,0,168,-55,-63,6
29762,10.03,Z,40,3,596,0,3,138,151,0,T,59,0,679,0,1,130,115,4,1,19,-3,83,0,-2,-8,-36,4
29763,7.22,P,63,7,462,0,70,298,109,2,Z,54,0,497,0,216,250,169,7,0,-9,-7,35,0,146,-48,60,5
29764,5.41,Z,29,0,397,0,2,51,140,1,P,27,3,461,0,12,89,27,0,1,-2,3,64,0,10,38,-113,-1
29765,5.11,Z,27,0,228,0,4,58,79,1,P,24,0,262,0,12,67,33,1,0,-3,0,34,0,8,9,-46,0
29766,9.58,T,75,0,403,0,1014,207,201,9,P,89,4,453,0,69,225,90,11,0,14,4,50,0,-945,18,-111,2
29767,5.37,Z,21,1,255,0,1,167,59,4,P,23,0,335,0,0,56,42,0,0,2,-1,80,0,-1,-111,-17,-4
29768,9.59,P,81,7,405,0,127,179,81,11,Z,99,8,163,0,64,145,272,1,1,18,1,-242,0,-63,-34,191,-10
29769,9.59,Z,100,12,453,0,587,317,248,20,P,73,0,446,0,40,202,109,5,0,-27,-12,-7,0,-547,-115,-139,-15
29770,10.48,P,58,2,597,0,2,89,119,0,P,36,0,524,0,0,264,88,0,1,-22,-2,-73,0,-2,175,-31,0
29771,9.58,Z,37,1,422,0,0,201,119,0,T,41,0,589,0,0,139,79,1,0,4,-1,167,0,0,-62,-40,1
29772,8.55,Z,40,7,422,0,114,202,131,0,P,60,0,369,0,96,185,109,8,0,20,-7,-53,0,-18,-17,-22,8
29773,2.54,T,12,0,52,0,350,55,85,5,T,14,0,90,0,330,40,35,5,0,2,0,38,0,-20,-15,-50,0
29774,9.59,P,63,2,429,0,39,336,147,6,T,62,2,837,0,26,210,131,3,1,-1,0,408,0,-13,-126,-16,-3
29775,1.17,P,4,1,75,0,2,5,2,0,P,7,0,107,0,0,11,8,0,1,3,-1,32,0,-2,6,6,0
29776,7.46,P,87,9,395,0,490,308,70,16,P,91,8,536,0,332,438,106,17,0,4,-1,141,0,-158,130,36,1
29777,1.33,P,6,0,99,0,19,17,11,2,T,10,1,36,0,3,37,12,1,0,4,1,-63,0,-16,20,1,-1
29778,9.59,P,89,3,372,0,59,155,105,14,Z,104,7,568,0,109,183,280,4,1,15,4,196,0,50,28,175,-10
29779,9.59,Z,45,11,214,0,72,153,152,6,T,43,0,228,0,0,31,59,0,0,-2,-11,14,0,-72,-122,-93,-6
29780,9.59,P,60,0,193,0,10,146,87,7,Z,57,0,311,0,15,312,278,1,1,-3,0,118,0,5,166,191,-6
29781,6.53,P,47,0,433,0,27,234,74,7,T,47,6,267,0,305,57,163,5,1,0,6,-166,0,278,-177,89,-2
29782,9.57,P,54,2,407,0,17,222,86,4,Z,59,6,581,0,24,156,289,1,1,5,4,174,0,7,-66,203,-3
29783,7.15,Z,35,3,347,0,166,84,271,1,P,33,5,398,0,12,75,71,0,1,-2,2,51,0,-154,-9,-200,-1
29784,1.2,T,3,0,35,0,0,1,5,0,P,5,0,48,0,0,17,33,1,1,2,0,13,0,0,16,28,1
29785,9.59,Z,69,4,437,0,48,125,186,0,T,113,11,515,0,113,466,106,5,0,44,7,78,0,65,341,-80,5
29786,6.55,P,57,0,402,0,51,134,120,5,T,69,0,347,0,68,142,141,12,0,12,0,-55,0,17,8,21,7
29787,7.47,Z,63,3,383,0,140,285,303,12,T,95,4,293,0,642,328,139,4,1,32,1,-90,0,502,43,-164,-8
29788,9.37,Z,50,0,634,0,0,118,201,0,T,63,4,593,0,8,237,132,0,1,13,4,-41,0,8,119,-69,0
29789,7.15,P,47,6,317,0,120,176,103,0,Z,38,0,366,0,47,81,117,4,1,-9,-6,49,0,-73,-95,14,4
29790,9.18,T,77,0,455,0,632,128,222,8,Z,53,5,657,0,142,142,230,4,0,-24,5,202,0,-490,14,8,-4
29791,9.59,Z,42,0,681,0,12,74,142,6,Z,77,3,593,0,46,191,287,6,1,35,3,-88,0,34,117,145,0
29792,9.03,Z,52,0,276,0,476,171,254,8,T,91,0,773,0,301,283,167,16,0,39,0,497,0,-175,112,-87,8
29793,7.14,T,56,0,462,0,43,93,66,3,T,28,0,203,0,1,36,49,1,0,-28,0,-259,0,-42,-57,-17,-2
29794,5.26,P,32,3,355,1,229,122,80,2,T,38,2,241,0,331,148,151,8,0,6,-1,-114,-1,102,26,71,6
29795,3.47,P,15,0,165,0,16,243,20,6,P,18,0,95,0,315,109,43,3,1,3,0,-70,0,299,-134,23,-3
29796,3.57,T,22,0,279,0,22,141,54,5,Z,17,0,129,0,11,37,92,1,1,-5,0,-150,0,-11,-104,38,-4
29797,9.59,T,81,0,452,0,350,276,145,9,T,61,3,616,0,8,133,125,1,0,-20,3,164,0,-342,-143,-20,-8
29798,9.56,P,46,0,422,0,18,186,90,4,Z,75,0,343,0,96,80,339,9,1,29,0,-79,0,78,-106,249,5
29799,4.07,Z,21,2,234,0,198,86,95,5,T,28,0,293,0,75,53,133,2,1,7,-2,59,0,-123,-33,38,-3
29800,9.28,Z,37,2,309,0,12,49,119,1,P,39,0,721,0,12,133,71,7,1,2,-2,412,0,0,84,-48,6
29801,9.58,Z,56,0,308,0,37,90,181,6,T,48,0,399,0,16,126,95,3,0,-8,0,91,0,-21,36,-86,-3
29802,6.32,Z,36,3,225,0,1,61,110,1,P,9,0,233,0,0,35,12,0,0,-27,-3,8,0,-1,-26,-98,-1
29803,4.11,Z,15,5,126,0,28,61,67,7,T,27,2,156,0,492,66,222,2,1,12,-3,30,0,464,5,155,-5
29804,9.59,Z,72,0,213,0,23,254,244,2,Z,54,6,410,0,20,253,263,7,1,-18,6,197,0,-3,-1,19,5
29805,10.36,T,122,3,501,0,476,271,205,18,T,75,0,475,25,421,208,260,5,0,-47,-3,-26,25,-55,-63,55,-13
29806,0.49,P,3,0,41,0,1,18,3,1,P,1,0,9,0,0,1,3,0,0,-2,0,-32,0,-1,-17,0,-1
29807,9.59,T,56,3,323,0,15,197,107,7,P,42,1,386,0,3,408,102,0,0,-14,-2,63,0,-12,211,-5,-7
29808,5.58,P,42,1,322,0,37,104,28,7,T,54,1,469,0,394,171,146,7,0,12,0,147,0,357,67,118,0
29809,8.1,Z,43,0,366,0,55,256,237,7,P,45,1,323,0,8,302,90,1,1,2,1,-43,0,-47,46,-147,-6
29810,9.59,T,124,3,622,0,733,316,264,4,P,99,4,590,0,833,286,292,13,1,-25,1,-32,0,100,-30,28,9
29811,8.04,P,45,0,392,0,19,144,80,11,T,50,0,322,0,62,47,57,6,1,5,0,-70,0,43,-97,-23,-5
29812,5.14,Z,28,4,111,0,26,70,55,2,Z,18,0,195,0,0,176,213,0,1,-10,-4,84,0,-26,106,158,-2
29813,7.16,Z,34,5,182,0,42,192,125,4,T,27,0,459,0,0,142,97,0,0,-7,-5,277,0,-42,-50,-28,-4
29814,9.59,Z,68,0,394,0,47,115,201,4,P,58,2,218,0,31,296,102,0,0,-10,2,-176,0,-16,181,-99,-4
29815,7.29,Z,58,5,306,6,425,355,267,17,Z,63,5,555,0,158,231,241,6,1,5,0,249,-6,-267,-124,-26,-11
29816,5.41,P,24,0,317,0,0,133,50,0,T,39,0,272,0,94,134,62,7,0,15,0,-45,0,94,1,12,7
29817,9.59,T,63,0,427,0,96,228,76,6,P,40,0,713,0,0,188,66,1,0,-23,0,286,0,-96,-40,-10,-5
29818,7.36,Z,38,0,457,0,28,63,137,4,T,73,1,525,0,503,182,190,7,1,35,1,68,0,475,119,53,3
29819,2.29,P,10,0,152,0,10,102,38,1,Z,12,2,130,0,17,43,52,0,1,2,2,-22,0,7,-59,14,-1
29820,7.54,T,53,3,457,0,25,122,63,4,T,42,1,467,0,18,234,80,8,0,-11,-2,10,0,-7,112,17,4
29821,10.49,Z,41,3,542,0,7,259,186,0,P,56,0,1162,0,0,195,104,0,1,15,-3,620,0,-7,-64,-82,0
29822,7.55,Z,45,6,628,0,20,112,161,0,T,70,0,359,0,450,151,74,6,1,25,-6,-269,0,430,39,-87,6
29823,9.59,P,56,0,407,0,8,266,96,8,T,56,0,592,0,388,326,138,11,0,0,0,185,0,380,60,42,3
29824,9.58,T,71,0,452,0,50,246,96,14,T,80,0,716,0,95,430,182,9,0,9,0,264,0,45,184,86,-5
29825,10.43,T,62,4,499,0,26,231,86,2,T,92,0,392,24,61,150,146,1,0,30,-4,-107,24,35,-81,60,-1
29826,3.07,Z,8,2,79,0,71,117,50,6,P,23,0,148,0,29,140,30,5,0,15,-2,69,0,-42,23,-20,-1
29827,9.59,P,29,4,487,0,21,176,112,0,P,26,0,353,0,1,61,26,1,1,-3,-4,-134,0,-20,-115,-86,1
29828,9.59,Z,87,0,950,0,162,190,309,5,T,134,3,441,0,451,425,215,13,1,47,3,-509,0,289,235,-94,8
29829,9.59,Z,87,6,330,0,394,169,281,12,P,92,0,493,0,233,217,85,17,1,5,-6,163,0,-161,48,-196,5
29830,3.51,T,13,3,171,0,31,117,23,0,P,22,0,135,0,4,76,58,3,1,9,-3,-36,0,-27,-41,35,3
29831,9.59,T,55,0,586,0,11,159,259,6,T,85,0,270,0,74,295,253,2,1,30,0,-316,0,63,136,-6,-4
29832,6.1,P,18,2,251,0,47,145,55,0,T,35,0,318,0,17,42,78,4,1,17,-2,67,0,-30,-103,23,4
29833,6.18,T,26,0,758,0,20,65,37,6,Z,26,0,235,0,12,34,94,2,1,0,0,-523,0,-8,-31,57,-4
29834,10.26,T,61,4,681,0,135,319,151,6,Z,53,0,207,0,79,253,148,2,1,-8,-4,-474,0,-56,-66,-3,-4
29835,6.06,P,14,0,354,0,0,24,26,0,P,27,2,294,0,12,65,123,0,1,13,2,-60,0,12,41,97,0
29836,10.16,P,39,0,632,0,11,182,64,4,Z,51,2,1000,0,15,214,213,0,0,12,2,368,0,4,32,149,-4
29837,3.14,Z,13,1,185,0,10,13,45,0,Z,14,0,36,0,45,134,39,2,1,1,-1,-149,0,35,121,-6,2
29838,9.58,T,66,0,308,0,25,97,65,4,P,22,0,471,0,0,45,26,0,0,-44,0,163,0,-25,-52,-39,-4
29839,9.59,T,72,0,569,0,47,147,71,5,P,53,0,733,0,0,104,76,0,0,-19,0,164,0,-47,-43,5,-5
29840,9.53,P,25,0,447,0,0,16,42,0,Z,44,1,180,0,1,20,139,0,0,19,1,-267,0,1,4,97,0
29841,9.11,P,62,8,431,0,30,159,79,0,T,77,0,544,0,55,142,174,12,1,15,-8,113,0,25,-17,95,12
29842,6.14,P,22,2,295,0,23,140,41,0,P,29,1,417,0,4,115,30,1,0,7,-1,122,0,-19,-25,-11,1
29843,3.27,T,15,0,152,0,304,36,128,16,T,27,4,231,0,140,70,155,3,1,12,4,79,0,-164,34,27,-13
29844,9.59,P,73,1,614,0,132,425,113,12,P,36,0,833,0,1,199,54,3,0,-37,-1,219,0,-131,-226,-59,-9
29845,4.36,Z,13,0,249,0,3,74,69,2,P,22,2,117,1,11,45,26,0,0,9,2,-132,1,8,-29,-43,-2
29846,7.16,P,30,0,393,0,6,108,50,2,T,41,0,334,0,0,135,53,0,0,11,0,-59,0,-6,27,3,-2
29847,3.36,T,12,0,288,0,0,11,14,0,P,15,0,112,0,1,71,17,3,0,3,0,-176,0,1,60,3,3
29848,8.29,T,50,4,738,0,21,97,68,0,T,47,1,600,0,12,245,93,4,0,-3,-3,-138,0,-9,148,25,4
29849,8.16,Z,46,0,601,0,220,144,206,6,P,70,2,351,5,107,279,122,5,1,24,2,-250,5,-113,135,-84,-1
29850,9.55,Z,54,0,531,0,39,51,161,3,Z,51,2,599,0,28,141,164,2,1,-3,2,68,0,-11,90,3,-1
29851,6.44,T,22,0,344,0,1,40,54,1,P,23,0,267,0,2,203,46,1,1,1,0,-77,0,1,163,-8,0
29852,2,Z,6,2,77,0,4,57,76,0,Z,7,0,22,0,330,20,118,2,1,1,-2,-55,0,326,-37,42,2
29853,9.59,P,74,0,541,0,247,144,104,6,Z,91,0,545,0,87,182,233,13,0,17,0,4,0,-160,38,129,7
29854,5.2,Z,27,0,143,0,37,87,91,4,Z,28,0,320,0,0,37,90,1,1,1,0,177,0,-37,-50,-1,-3
29855,9.59,Z,55,0,723,0,34,116,179,2,T,72,0,684,0,41,184,104,6,0,17,0,-39,0,7,68,-75,4
29856,6.11,Z,32,0,97,0,161,111,110,3,T,62,3,470,0,705,133,111,8,1,30,3,373,0,544,22,1,5
29857,6.04,Z,28,0,135,2,1,47,91,0,Z,34,0,213,0,0,69,348,0,1,6,0,78,-2,-1,22,257,0
29858,3.23,Z,13,0,226,0,76,25,49,3,T,20,1,157,0,275,78,120,10,0,7,1,-69,0,199,53,71,7
29859,9.59,P,58,10,515,0,37,277,111,6,Z,46,6,497,0,25,45,147,0,0,-12,-4,-18,0,-12,-232,36,-6
29860,3.55,Z,17,1,145,0,54,22,104,1,T,24,0,234,0,19,115,39,4,1,7,-1,89,0,-35,93,-65,3
29861,4.37,P,20,0,218,0,3,119,29,2,Z,15,0,231,1,10,22,48,1,1,-5,0,13,1,7,-97,19,-1
29862,7.27,T,68,4,588,0,568,201,80,4,T,55,0,402,0,391,204,127,15,1,-13,-4,-186,0,-177,3,47,11
29863,9.58,Z,49,0,604,0,9,165,188,2,P,75,0,443,0,65,261,91,4,1,26,0,-161,0,56,96,-97,2
29864,5.09,T,32,0,219,0,35,28,73,5,T,44,1,263,0,74,44,63,7,1,12,1,44,0,39,16,-10,2
29865,5.4,T,38,2,383,0,451,99,105,3,T,18,0,362,0,0,27,28,0,0,-20,-2,-21,0,-451,-72,-77,-3
29866,7.12,P,26,0,320,0,0,128,69,0,T,50,0,348,0,2,158,154,0,0,24,0,28,0,2,30,85,0
29867,9.59,T,43,0,1012,0,0,29,59,0,Z,37,0,746,0,0,68,146,0,0,-6,0,-266,0,0,39,87,0
29868,7.31,T,49,4,616,0,6,34,72,0,T,20,0,602,0,0,28,39,0,0,-29,-4,-14,0,-6,-6,-33,0
29869,3.57,P,20,2,302,0,72,82,56,2,P,18,0,106,0,35,28,36,3,1,-2,-2,-196,0,-37,-54,-20,1
29870,9.59,T,61,2,557,0,7,148,92,0,Z,62,5,759,0,124,131,273,7,1,1,3,202,0,117,-17,181,7
29871,7.48,T,39,0,630,0,9,190,80,8,T,35,0,492,0,2,137,51,0,1,-4,0,-138,0,-7,-53,-29,-8
29872,7.53,T,66,0,672,0,19,116,130,8,P,47,0,721,0,238,245,173,9,0,-19,0,49,0,219,129,43,1
29873,9.59,P,94,0,297,0,48,303,95,10,T,124,0,936,0,327,360,135,20,1,30,0,639,0,279,57,40,10
29874,3.12,Z,10,2,54,0,256,41,55,4,T,14,1,310,0,477,39,80,6,0,4,-1,256,0,221,-2,25,2
29875,7.18,P,59,8,387,0,524,161,172,9,P,64,4,284,0,55,148,67,4,0,5,-4,-103,0,-469,-13,-105,-5
29876,9.59,T,201,0,444,0,535,334,248,32,Z,134,8,444,3,412,347,469,19,0,-67,8,0,3,-123,13,221,-13
29877,9.59,T,54,0,337,0,0,23,65,0,T,60,0,588,0,2,129,133,2,1,6,0,251,0,2,106,68,2
29878,8.33,P,54,4,310,0,72,296,104,6,T,64,0,413,0,46,103,85,17,0,10,-4,103,0,-26,-193,-19,11
29879,7.56,P,34,6,309,4,91,234,58,0,P,34,0,235,0,0,95,53,0,0,0,-6,-74,-4,-91,-139,-5,0
29880,5.59,Z,47,7,266,0,476,176,282,6,Z,41,1,258,3,53,192,128,7,0,-6,-6,-8,3,-423,16,-154,1
29881,7.3,P,32,0,550,0,5,194,95,3,T,68,3,625,0,61,210,65,10,1,36,3,75,0,56,16,-30,7
29882,9.28,Z,100,18,421,0,500,274,317,7,T,135,8,631,0,1075,301,135,4,0,35,-10,210,0,575,27,-182,-3
29883,9.58,Z,52,1,291,0,32,67,157,2,Z,50,10,244,0,108,155,218,2,1,-2,9,-47,0,76,88,61,0
29884,4.16,T,17,0,353,0,7,54,53,2,P,20,0,124,0,2,115,39,2,0,3,0,-229,0,-5,61,-14,0
29885,9.59,Z,93,7,419,0,165,296,269,3,T,121,0,390,0,121,267,121,8,0,28,-7,-29,0,-44,-29,-148,5
29886,6.42,T,43,0,528,0,16,87,88,4,T,41,0,793,0,20,211,72,4,1,-2,0,265,0,4,124,-16,0
29887,2.48,P,15,0,170,0,0,103,130,5,T,9,4,180,0,7,24,13,0,1,-6,4,10,0,7,-79,-117,-5
29888,7.14,Z,49,0,221,0,6,103,150,4,Z,31,1,344,0,5,30,123,0,1,-18,1,123,0,-1,-73,-27,-4
29889,9.59,Z,69,3,342,0,90,109,270,1,P,54,3,703,0,58,246,83,13,0,-15,0,361,0,-32,137,-187,12
29890,9.58,Z,53,3,548,0,26,113,185,0,P,56,0,410,0,33,159,107,13,0,3,-3,-138,0,7,46,-78,13
29891,9.59,P,70,0,391,0,23,165,99,4,P,51,0,540,0,5,220,139,8,0,-19,0,149,0,-18,55,40,4
29892,6.02,P,32,4,409,0,37,264,52,0,T,52,0,297,0,100,103,171,6,1,20,-4,-112,0,63,-161,119,6
29893,9.59,Z,50,1,427,0,39,297,154,0,T,89,7,724,0,228,306,176,4,1,39,6,297,0,189,9,22,4
29894,9.01,P,35,0,572,0,0,353,84,0,T,54,6,554,0,21,268,77,0,1,19,6,-18,0,21,-85,-7,0
29895,5.19,Z,19,2,361,0,21,104,68,0,Z,21,0,366,0,12,21,69,1,0,2,-2,5,0,-9,-83,1,1
29896,5.28,T,15,0,354,0,1,12,24,2,Z,26,0,140,0,9,55,77,6,1,11,0,-214,0,8,43,53,4
29897,9.33,T,48,6,305,0,17,234,160,5,Z,45,0,307,0,18,135,152,7,1,-3,-6,2,0,1,-99,-8,2
29898,5.42,P,25,0,457,0,0,161,43,0,P,23,0,321,0,10,126,54,2,1,-2,0,-136,0,10,-35,11,2
29899,9.59,T,67,4,610,0,9,268,92,0,Z,52,1,1015,0,22,196,159,1,1,-15,-3,405,0,13,-72,67,1
29900,8.28,T,86,1,445,0,522,260,170,14,P,49,0,399,0,10,79,64,2,0,-37,-1,-46,0,-512,-181,-106,-12
29901,5.11,T,36,0,341,0,17,26,42,2,T,25,3,94,0,23,85,60,1,0,-11,3,-247,0,6,59,18,-1
29902,3.52,T,20,1,200,0,0,41,88,0,P,16,1,116,0,0,70,34,1,0,-4,0,-84,0,0,29,-54,1
29903,9.58,Z,49,0,325,0,52,68,174,1,P,62,0,559,0,198,178,97,18,1,13,0,234,0,146,110,-77,17
29904,9.59,Z,63,6,813,0,39,60,176,1,P,46,0,357,0,28,47,63,2,1,-17,-6,-456,0,-11,-13,-113,1
29905,9.35,Z,59,0,690,0,42,191,189,8,T,75,6,753,0,159,94,87,0,0,16,6,63,0,117,-97,-102,-8
29906,9.19,T,32,0,656,0,0,241,108,0,P,23,0,649,0,4,62,35,1,1,-9,0,-7,0,4,-179,-73,1
29907,9.53,P,46,0,936,1,12,153,48,1,T,71,0,1131,0,47,99,193,2,1,25,0,195,-1,35,-54,145,1
29908,9.57,P,40,0,270,0,0,26,39,0,Z,41,4,865,0,4,77,175,1,0,1,4,595,0,4,51,136,1
29909,9.59,Z,51,4,706,0,20,59,183,3,T,47,0,846,0,0,74,121,0,0,-4,-4,140,0,-20,15,-62,-3
29910,9.59,Z,43,2,376,0,21,93,192,2,P,46,9,956,0,26,50,48,0,1,3,7,580,0,5,-43,-144,-2
29911,9.59,P,47,6,775,0,14,116,75,3,P,58,0,319,4,355,235,260,11,0,11,-6,-456,4,341,119,185,8
29912,10.57,T,123,8,314,0,474,220,160,2,P,97,0,952,0,39,148,99,4,0,-26,-8,638,0,-435,-72,-61,2
29913,7.21,P,53,0,408,0,72,229,64,6,Z,40,3,308,0,34,82,105,0,1,-13,3,-100,0,-38,-147,41,-6
29914,9.59,T,150,6,784,0,334,395,190,10,Z,123,9,481,0,525,217,302,6,0,-27,3,-303,0,191,-178,112,-4
29915,1.47,T,7,0,72,0,8,29,17,2,Z,9,0,36,0,0,65,11,0,1,2,0,-36,0,-8,36,-6,-2
29916,3.36,P,14,5,150,0,65,73,86,7,T,16,1,144,0,55,32,46,2,1,2,-4,-6,0,-10,-41,-40,-5
29917,9.58,P,47,1,752,0,0,86,109,0,Z,47,0,218,0,17,102,123,3,1,0,-1,-534,0,17,16,14,3
29918,9.31,P,35,7,499,0,27,218,76,0,T,83,0,395,0,322,176,117,12,1,48,-7,-104,0,295,-42,41,12
29919,3.25,T,21,1,195,0,220,106,70,2,Z,17,3,239,0,136,62,106,4,1,-4,2,44,0,-84,-44,36,2
29920,9.59,T,90,15,501,0,547,145,131,6,P,57,3,572,0,69,219,229,11,0,-33,-12,71,0,-478,74,98,5
29921,9.59,T,91,0,708,0,16,257,237,6,Z,65,0,392,0,22,71,183,6,0,-26,0,-316,0,6,-186,-54,0
29922,8.08,P,54,3,524,0,15,212,56,3,P,46,8,290,0,289,146,96,1,0,-8,5,-234,0,274,-66,40,-2
29923,9.58,P,48,5,429,0,27,88,55,2,T,64,3,728,0,10,200,110,0,0,16,-2,299,0,-17,112,55,-2
29924,9.59,Z,152,3,462,0,745,371,411,2,T,147,0,508,0,729,303,156,12,1,-5,-3,46,0,-16,-68,-255,10
29925,3.42,P,10,0,124,0,0,35,34,0,T,14,0,250,0,0,66,18,0,0,4,0,126,0,0,31,-16,0
29926,2.44,T,14,0,107,0,8,30,30,2,T,5,0,196,0,0,4,14,0,0,-9,0,89,0,-8,-26,-16,-2
29927,9.59,T,79,0,330,0,213,214,105,4,P,76,1,560,0,139,273,191,13,0,-3,1,230,0,-74,59,86,9
29928,2.45,T,6,1,145,0,185,82,98,1,T,12,0,94,0,245,33,90,6,0,6,-1,-51,0,60,-49,-8,5
29929,3.06,P,8,0,183,0,1,36,17,1,P,8,0,115,0,6,75,13,1,0,0,0,-68,0,5,39,-4,0
29930,10.09,T,99,6,669,0,65,492,161,5,Z,80,3,288,0,66,277,233,6,1,-19,-3,-381,0,1,-215,72,1
29931,9.59,P,49,0,472,0,15,168,100,7,T,32,0,498,0,0,69,94,0,0,-17,0,26,0,-15,-99,-6,-7
29932,7.49,T,39,2,598,0,10,44,77,3,Z,22,0,536,0,0,136,93,0,0,-17,-2,-62,0,-10,92,16,-3
29933,3.19,P,19,1,276,0,7,158,14,1,P,21,1,105,0,17,59,104,1,0,2,0,-171,0,10,-99,90,0
29934,8.2,Z,59,0,460,0,90,245,178,6,Z,57,0,618,0,59,136,202,3,0,-2,0,158,0,-31,-109,24,-3
29935,7.14,P,53,0,585,0,2,289,118,1,Z,60,0,375,0,240,210,252,9,1,7,0,-210,0,238,-79,134,8
29936,7.04,T,53,1,299,0,367,108,88,11,P,33,0,309,6,348,93,76,0,0,-20,-1,10,6,-19,-15,-12,-11
29937,5.09,Z,31,1,338,65,99,86,163,0,P,33,7,356,0,109,267,52,8,0,2,6,18,-65,10,181,-111,8
29938,10.48,T,130,0,592,0,365,492,246,8,T,105,0,607,0,195,195,119,6,1,-25,0,15,0,-170,-297,-127,-2
29939,4.12,Z,20,2,87,0,35,73,78,0,Z,20,0,108,0,2,100,58,0,0,0,-2,21,0,-33,27,-20,0
29940,8.06,T,74,0,608,0,63,266,108,22,T,59,1,405,0,69,128,74,1,1,-15,1,-203,0,6,-138,-34,-21
29941,3.13,T,12,0,125,0,0,40,37,0,Z,12,1,273,0,0,21,56,2,1,0,1,148,0,0,-19,19,2
29942,3.57,Z,9,0,319,0,0,13,46,0,T,16,1,188,0,41,33,33,7,1,7,1,-131,0,41,20,-13,7
29943,9.59,Z,51,2,432,0,68,163,179,2,T,48,1,316,0,13,100,89,8,1,-3,-1,-116,0,-55,-63,-90,6
29944,10.1,P,53,0,645,0,14,43,55,5,T,36,0,735,0,0,69,61,0,0,-17,0,90,0,-14,26,6,-5
29945,9.44,T,22,0,245,0,1,15,33,2,T,37,1,639,0,4,114,59,0,1,15,1,394,0,3,99,26,-2
29946,9.59,P,60,8,647,0,17,134,71,0,T,56,0,515,0,21,122,81,4,1,-4,-8,-132,0,4,-12,10,4
29947,8.49,Z,56,0,491,0,223,176,395,7,Z,63,0,434,0,43,134,166,2,1,7,0,-57,0,-180,-42,-229,-5
29948,9.59,Z,65,7,1040,0,67,223,244,2,T,107,5,443,0,367,354,128,10,1,42,-2,-597,0,300,131,-116,8
29949,6.19,T,33,0,287,0,11,137,50,3,P,44,0,282,0,320,167,139,10,0,11,0,-5,0,309,30,89,7
29950,4.49,Z,26,1,128,0,83,64,80,3,T,40,1,155,0,59,98,39,5,1,14,0,27,0,-24,34,-41,2
29951,6.57,P,32,1,315,0,81,197,44,2,T,53,7,540,0,14,80,60,0,1,21,6,225,0,-67,-117,16,-2
29952,9.59,Z,72,0,534,0,698,181,285,5,T,101,3,386,0,14,154,203,1,1,29,3,-148,0,-684,-27,-82,-4
29953,9.59,Z,83,4,737,0,183,236,254,3,P,64,0,1022,0,5,174,136,6,1,-19,-4,285,0,-178,-62,-118,3
29954,6.56,Z,42,7,247,0,33,34,130,1,Z,50,0,312,0,38,119,157,12,1,8,-7,65,0,5,85,27,11
29955,9.59,T,72,0,768,0,17,302,118,3,Z,60,0,504,0,326,133,274,5,1,-12,0,-264,0,309,-169,156,2
29956,10.11,Z,47,0,587,0,0,119,230,0,P,54,0,770,0,35,178,94,7,0,7,0,183,0,35,59,-136,7
29957,9.16,T,75,0,915,0,28,143,90,7,Z,83,7,665,0,382,144,424,3,1,8,7,-250,0,354,1,334,-4
29958,8.07,P,67,5,371,0,174,235,88,1,T,64,0,359,0,33,206,118,8,0,-3,-5,-12,0,-141,-29,30,7
29959,7.35,T,33,0,619,0,6,151,61,3,T,47,0,515,0,3,53,78,5,1,14,0,-104,0,-3,-98,17,2
29960,9.59,Z,91,4,262,0,29,170,313,0,P,54,5,322,0,4,315,85,0,0,-37,1,60,0,-25,145,-228,0
29961,9.59,P,92,7,744,0,65,329,103,3,T,101,7,450,0,174,242,327,6,0,9,0,-294,0,109,-87,224,3
29962,8.12,T,54,2,416,0,23,108,69,2,Z,44,1,361,0,140,99,216,0,0,-10,-1,-55,0,117,-9,147,-2
29963,7.32,Z,27,1,515,0,12,84,103,1,P,37,0,618,0,33,142,59,6,0,10,-1,103,0,21,58,-44,5
29964,10.09,T,65,3,507,0,17,319,147,5,P,62,2,570,0,75,167,209,2,1,-3,-1,63,0,58,-152,62,-3
29965,10.17,Z,52,4,481,0,484,237,296,5,P,53,2,324,0,6,189,50,0,1,1,-2,-157,0,-478,-48,-246,-5
29966,6.3,Z,35,0,350,0,23,56,106,1,P,31,3,263,0,12,59,34,0,1,-4,3,-87,0,-11,3,-72,-1
29967,4.12,P,13,0,187,0,0,62,11,0,P,11,0,183,0,4,44,9,1,1,-2,0,-4,0,4,-18,-2,1
29968,5.41,T,60,4,311,1,335,82,40,3,Z,33,1,371,0,48,117,112,1,0,-27,-3,60,-1,-287,35,72,-2
29969,7.2,T,35,0,495,0,147,62,103,12,T,57,2,129,0,6,115,45,0,1,22,2,-366,0,-141,53,-58,-12
29970,9.59,Z,60,0,292,0,43,158,309,11,P,98,0,404,0,29,251,122,2,0,38,0,112,0,-14,93,-187,-9
29971,9.03,P,78,8,333,0,403,214,246,7,P,48,0,608,0,132,185,101,24,0,-30,-8,275,0,-271,-29,-145,17
29972,7.25,P,17,0,314,0,0,31,27,0,P,38,1,359,0,5,156,44,2,0,21,1,45,0,5,125,17,2
29973,6.38,P,35,4,211,0,48,128,43,6,Z,29,0,278,0,17,46,126,2,0,-6,-4,67,0,-31,-82,83,-4
29974,8.36,T,69,0,459,0,138,185,108,6,T,70,3,257,0,48,279,93,0,1,1,3,-202,0,-90,94,-15,-6
29975,4.21,P,22,1,323,0,57,106,24,4,Z,23,3,134,0,198,69,99,2,0,1,2,-189,0,141,-37,75,-2
29976,7.13,Z,43,9,346,1,329,208,191,8,Z,42,0,233,0,166,247,198,16,0,-1,-9,-113,-1,-163,39,7,8
29977,5.55,Z,18,1,282,0,112,112,185,5,T,46,2,332,0,65,145,110,3,1,28,1,50,0,-47,33,-75,-2
29978,9.59,T,95,0,682,0,282,383,262,14,T,87,6,1123,0,384,214,174,0,0,-8,6,441,0,102,-169,-88,-14
29979,9.59,T,96,0,559,0,373,233,167,9,P,92,0,812,0,692,278,178,13,0,-4,0,253,0,319,45,11,4
29980,9.59,Z,63,5,392,0,341,95,174,4,T,73,9,401,0,44,184,128,0,0,10,4,9,0,-297,89,-46,-4
29981,6.3,Z,26,5,238,2,38,49,119,5,Z,29,0,361,0,19,98,111,1,0,3,-5,123,-2,-19,49,-8,-4
29982,6.48,P,32,0,206,0,1,147,93,2,T,30,0,496,0,2,186,44,2,0,-2,0,290,0,1,39,-49,0
29983,2.26,Z,6,0,22,0,157,44,37,4,Z,8,0,68,0,1,22,53,1,0,2,0,46,0,-156,-22,16,-3
29984,9.59,T,32,0,756,0,0,35,80,0,P,27,0,663,0,15,119,31,4,1,-5,0,-93,0,15,84,-49,4
29985,7.02,Z,47,6,144,0,8,57,169,0,Z,50,2,270,0,46,151,121,1,1,3,-4,126,0,38,94,-48,1
29986,4.41,T,29,0,239,0,496,64,98,6,T,25,2,294,0,8,18,27,1,0,-4,2,55,0,-488,-46,-71,-5
29987,5.07,T,45,2,177,0,441,108,145,4,T,27,4,381,0,230,67,61,1,1,-18,2,204,0,-211,-41,-84,-3
29988,3.51,T,21,0,301,0,19,80,20,2,T,24,0,264,0,218,43,26,9,1,3,0,-37,0,199,-37,6,7
29989,5.24,P,12,0,84,1,0,143,14,0,P,17,0,163,0,13,129,24,2,0,5,0,79,-1,13,-14,10,2
29990,6.2,P,20,0,176,0,0,241,17,0,P,22,0,372,0,0,91,39,0,1,2,0,196,0,0,-150,22,0
29991,6.59,Z,27,0,115,0,20,90,78,2,P,35,0,615,0,329,119,23,9,1,8,0,500,0,309,29,-55,7
29992,8.36,T,33,0,778,0,0,41,53,0,P,33,0,349,0,4,87,47,3,1,0,0,-429,0,4,46,-6,3
29993,9.59,T,117,22,517,0,819,152,137,5,P,86,0,522,0,99,457,177,28,1,-31,-22,5,0,-720,305,40,23
29994,9.37,Z,61,0,722,0,46,153,194,1,T,71,0,664,0,39,78,97,6,0,10,0,-58,0,-7,-75,-97,5
29995,9.59,Z,67,9,379,0,306,179,181,8,T,103,4,745,0,43,370,211,0,0,36,-5,366,0,-263,191,30,-8
29996,0.5,Z,4,0,26,0,38,8,11,3,T,1,1,55,0,11,9,21,0,1,-3,1,29,0,-27,1,10,-3
29997,9.58,Z,46,2,661,0,24,156,144,0,T,45,0,586,0,9,71,112,3,0,-1,-2,-75,0,-15,-85,-32,3
29998,9.35,P,32,0,548,0,0,199,67,1,T,36,0,945,0,0,184,94,5,1,4,0,397,0,0,-15,27,4
29999,9.59,T,61,0,266,0,12,182,101,1,Z,42,0,302,0,0,129,156,0,1,-19,0,36,0,-12,-53,55,-1
30000,8.02,T,60,9,571,2,43,103,92,0,Z,58,2,787,0,23,294,197,0,0,-2,-7,216,-2,-20,191,105,0
30001,9.59,Z,70,1,573,0,77,291,265,0,P,69,4,488,0,25,333,77,1,0,-1,3,-85,0,-52,42,-188,1
30002,3.32,Z,9,2,73,0,130,34,38,3,T,14,1,266,2,3,23,23,0,0,5,-1,193,2,-127,-11,-15,-3
30003,10.19,Z,36,0,953,0,30,107,143,2,P,39,0,575,0,0,90,64,1,0,3,0,-378,0,-30,-17,-79,-1
30004,8.32,P,71,0,241,0,490,219,332,5,T,54,0,482,0,9,70,117,2,0,-17,0,241,0,-481,-149,-215,-3
30005,3.32,Z,16,0,89,0,24,43,68,1,P,11,0,288,0,0,44,20,0,0,-5,0,199,0,-24,1,-48,-1
30006,7.03,T,44,0,187,0,0,18,67,4,Z,34,5,470,0,75,60,170,0,0,-10,5,283,0,75,42,103,-4
30007,6.46,Z,46,10,331,0,28,112,123,0,T,35,0,381,0,23,156,88,6,0,-11,-10,50,0,-5,44,-35,6
30008,9.59,T,132,0,602,0,361,249,240,13,Z,127,12,687,0,612,279,431,9,1,-5,12,85,0,251,30,191,-4
30009,9.59,T,76,0,799,0,1,215,123,1,P,67,4,587,0,15,384,212,0,1,-9,4,-212,0,14,169,89,-1
30010,5.28,P,13,0,218,0,0,88,36,1,P,33,1,173,0,17,134,33,2,1,20,1,-45,0,17,46,-3,1
30011,9.59,T,82,3,1045,0,44,253,110,4,Z,79,3,493,0,126,201,322,6,0,-3,0,-552,0,82,-52,212,2
30012,6.49,T,66,1,424,0,942,236,115,10,T,53,5,344,0,380,164,201,7,0,-13,4,-80,0,-562,-72,86,-3
30013,8.08,Z,51,0,272,0,111,97,149,8,P,88,5,399,0,86,254,66,3,1,37,5,127,0,-25,157,-83,-5
30014,7.3,T,33,0,382,1,15,34,50,3,Z,52,0,340,10,346,102,351,1,0,19,0,-42,9,331,68,301,-2
30015,9.55,P,31,0,426,0,3,52,46,5,T,53,3,573,0,8,52,59,0,1,22,3,147,0,5,0,13,-5
30016,7.48,P,59,0,502,0,454,177,62,11,T,83,0,706,0,119,236,182,37,0,24,0,204,0,-335,59,120,26
30017,1.23,P,2,0,5,0,0,0,3,0,T,7,0,103,0,0,17,45,6,0,5,0,98,0,0,17,42,6
30018,9.58,T,91,0,443,0,9,274,130,14,Z,74,0,470,32,138,172,273,1,1,-17,0,27,32,129,-102,143,-13
30019,2.58,T,9,0,174,0,123,78,39,4,P,16,0,150,0,1,69,26,2,0,7,0,-24,0,-122,-9,-13,-2
30020,5.25,P,34,0,230,0,9,198,74,2,T,35,3,278,0,380,192,110,18,1,1,3,48,0,371,-6,36,16
30021,2.25,T,14,1,116,0,280,54,53,4,Z,8,0,33,0,0,29,58,1,1,-6,-1,-83,0,-280,-25,5,-3
30022,0.23,T,0,0,21,0,0,2,1,0,Z,2,1,15,0,12,10,17,0,1,2,1,-6,0,12,8,16,0
30023,9.56,T,92,6,724,2,380,229,135,3,Z,64,12,568,0,574,259,259,4,0,-28,6,-156,-2,194,30,124,1
30024,9.59,Z,94,0,373,0,187,235,277,13,T,76,0,578,0,167,267,200,13,0,-18,0,205,0,-20,32,-77,0
30025,10.45,P,80,0,637,0,54,253,133,6,Z,51,0,312,0,58,174,191,3,0,-29,0,-325,0,4,-79,58,-3
30026,9.39,T,68,0,541,0,155,76,90,9,T,79,3,789,0,712,262,135,11,1,11,3,248,0,557,186,45,2
30027,10.53,P,58,8,362,0,61,223,102,6,Z,52,0,854,0,14,227,217,1,0,-6,-8,492,0,-47,4,115,-5
30028,9.07,Z,54,0,517,0,35,151,162,7,T,86,9,447,8,105,278,89,1,0,32,9,-70,8,70,127,-73,-6
30029,9.59,T,50,0,617,0,9,155,97,5,Z,61,0,749,0,44,100,208,9,1,11,0,132,0,35,-55,111,4
30030,7.35,P,26,0,650,0,2,78,52,2,T,59,0,288,0,0,93,58,0,1,33,0,-362,0,-2,15,6,-2
30031,3.26,T,22,0,175,0,264,137,82,3,T,23,1,168,0,180,110,32,4,0,1,1,-7,0,-84,-27,-50,1
30032,5.22,Z,23,0,257,0,13,30,94,1,T,24,0,308,0,8,69,53,9,0,1,0,51,0,-5,39,-41,8
30033,6.06,T,40,3,230,0,199,122,71,4,T,34,0,402,0,0,110,197,0,0,-6,-3,172,0,-199,-12,126,-4
30034,5.45,T,44,0,152,0,314,153,118,3,Z,26,5,370,0,16,61,61,0,0,-18,5,218,0,-298,-92,-57,-3
30035,7.41,T,34,0,479,0,0,56,51,0,T,36,0,523,0,22,89,91,7,1,2,0,44,0,22,33,40,7
30036,9.59,Z,54,0,418,0,67,205,236,8,T,79,0,642,0,125,298,130,11,0,25,0,224,0,58,93,-106,3
30037,10.1,Z,40,3,602,0,38,76,108,4,P,52,0,437,0,33,275,77,5,1,12,-3,-165,0,-5,199,-31,1
30038,9.01,Z,73,3,445,0,295,273,317,13,T,106,0,581,0,217,182,186,16,0,33,-3,136,0,-78,-91,-131,3
30039,9.44,Z,64,5,336,0,146,205,223,5,T,105,7,422,9,382,278,111,19,0,41,2,86,9,236,73,-112,14
30040,5.32,Z,37,3,131,0,13,244,233,2,Z,35,0,217,0,265,205,139,12,1,-2,-3,86,0,252,-39,-94,10
30041,6.54,T,64,6,388,0,392,167,190,8,P,33,0,362,0,0,161,50,0,0,-31,-6,-26,0,-392,-6,-140,-8
30042,7.57,T,55,7,402,0,54,110,48,0,P,59,1,325,0,19,89,124,0,0,4,-6,-77,0,-35,-21,76,0
30043,6.38,T,57,1,253,0,73,288,52,11,T,46,2,315,0,128,198,116,2,0,-11,1,62,0,55,-90,64,-9
30044,7.55,P,69,0,479,0,531,251,123,10,Z,46,0,360,0,23,100,172,3,0,-23,0,-119,0,-508,-151,49,-7
30045,7.16,T,75,5,343,0,582,106,119,9,Z,47,0,479,0,46,175,248,30,0,-28,-5,136,0,-536,69,129,21
30046,6.04,T,34,5,411,0,23,113,50,1,T,25,5,163,0,31,206,74,3,0,-9,0,-248,0,8,93,24,2
30047,10.35,Z,83,5,485,0,43,117,297,1,T,54,2,588,0,24,97,106,2,0,-29,-3,103,0,-19,-20,-191,1
30048,8.16,P,61,0,327,9,79,182,89,1,Z,41,9,198,0,183,89,173,2,1,-20,9,-129,-9,104,-93,84,1
30049,6.23,Z,57,11,389,0,346,116,155,10,P,41,0,234,0,549,158,243,12,0,-16,-11,-155,0,203,42,88,2
30050,5.18,Z,30,6,427,0,64,174,97,2,T,70,0,167,1,270,245,90,8,0,40,-6,-260,1,206,71,-7,6
30051,5.38,T,35,0,206,0,732,107,147,11,Z,40,0,201,0,34,171,103,7,0,5,0,-5,0,-698,64,-44,-4
30052,9.57,T,66,0,544,0,12,152,163,6,T,75,0,673,0,35,71,91,8,1,9,0,129,0,23,-81,-72,2
30053,9.58,T,48,0,333,0,0,81,79,0,T,46,2,818,0,1,55,114,0,0,-2,2,485,0,1,-26,35,0
30054,9.59,T,85,0,563,0,8,332,100,1,Z,61,6,864,3,49,399,131,3,0,-24,6,301,3,41,67,31,2
30055,10.36,Z,87,5,313,0,284,174,425,6,T,116,4,737,0,512,384,198,10,1,29,-1,424,0,228,210,-227,4
30056,7.56,T,83,0,396,0,102,222,113,9,T,91,0,578,0,283,172,113,11,1,8,0,182,0,181,-50,0,2
30057,10.19,T,96,5,872,0,263,101,153,5,P,86,3,713,0,33,278,152,2,1,-10,-2,-159,0,-230,177,-1,-3
30058,6.17,Z,44,4,403,0,289,66,115,4,T,42,2,455,0,430,82,71,6,1,-2,-2,52,0,141,16,-44,2
30059,4.21,T,27,2,259,2,249,202,98,7,T,19,0,154,0,245,77,71,15,1,-8,-2,-105,-2,-4,-125,-27,8
30060,9.59,P,85,10,431,0,151,472,124,1,T,127,0,544,0,418,339,168,24,0,42,-10,113,0,267,-133,44,23
30061,9.59,Z,37,0,464,0,51,213,148,3,P,36,2,677,0,389,185,72,2,0,-1,2,213,0,338,-28,-76,-1
30062,6.45,T,52,0,356,0,95,121,67,4,T,51,2,337,0,103,108,76,8,1,-1,2,-19,0,8,-13,9,4
30063,7.15,P,36,6,567,0,21,62,45,0,Z,41,1,270,0,319,70,223,3,0,5,-5,-297,0,298,8,178,3
30064,5.06,T,26,0,297,0,0,20,55,0,P,32,0,229,0,139,166,52,7,0,6,0,-68,0,139,146,-3,7
30065,4.02,T,23,0,212,0,107,56,69,5,Z,18,1,113,0,10,64,131,1,0,-5,1,-99,0,-97,8,62,-4
30066,9,Z,26,1,415,0,47,66,124,1,Z,47,0,381,0,6,90,208,4,0,21,-1,-34,0,-41,24,84,3
30067,10.37,T,70,0,872,0,0,249,136,0,P,77,0,833,0,4,105,123,2,1,7,0,-39,0,4,-144,-13,2
30068,2.53,P,10,0,89,0,223,33,29,4,T,12,2,58,0,251,58,160,2,0,2,2,-31,0,28,25,131,-2
30069,2.43,P,14,0,93,0,276,113,24,12,Z,7,1,67,0,95,49,134,1,1,-7,1,-26,0,-181,-64,110,-11
30070,9.59,P,65,7,377,0,63,125,87,3,P,49,5,666,0,19,101,62,0,1,-16,-2,289,0,-44,-24,-25,-3
30071,6.38,Z,52,15,199,4,83,201,165,4,Z,46,16,363,1,300,232,223,2,0,-6,1,164,-3,217,31,58,-2
30072,9.59,T,94,11,532,0,1141,378,117,5,Z,50,6,656,0,57,98,143,0,1,-44,-5,124,0,-1084,-280,26,-5
30073,9.58,Z,60,0,728,0,34,77,161,6,T,83,0,564,0,147,355,163,13,1,23,0,-164,0,113,278,2,7
30074,5.52,T,53,0,159,0,58,151,75,5,P,27,0,247,0,225,176,98,2,1,-26,0,88,0,167,25,23,-3
30075,9.59,Z,61,1,398,0,184,151,206,2,P,83,20,547,0,1015,311,159,3,1,22,19,149,0,831,160,-47,1
30076,8.27,Z,66,0,629,0,51,228,245,22,Z,67,4,312,0,617,201,340,5,0,1,4,-317,0,566,-27,95,-17
30077,4.2,T,30,1,369,0,16,99,28,1,Z,27,0,92,0,20,38,77,21,0,-3,-1,-277,0,4,-61,49,20
30078,0.4,Z,2,0,38,0,2,7,10,2,T,2,0,36,0,0,11,32,0,0,0,0,-2,0,-2,4,22,-2
30079,9.59,Z,62,10,460,0,331,258,274,6,T,121,6,355,0,645,348,165,5,0,59,-4,-105,0,314,90,-109,-1
30080,1.53,T,6,0,89,0,126,26,95,2,T,4,0,68,0,153,43,48,5,0,-2,0,-21,0,27,17,-47,3
30081,9.59,T,56,5,562,0,10,94,119,1,T,72,0,424,0,801,191,221,8,1,16,-5,-138,0,791,97,102,7
30082,9.58,T,43,0,263,0,1,194,114,4,P,55,1,926,0,33,290,90,3,1,12,1,663,0,32,96,-24,-1
30083,8.44,P,23,0,633,0,0,90,41,2,P,28,0,229,0,0,95,29,0,1,5,0,-404,0,0,5,-12,-2
30084,7.51,T,75,2,458,0,190,256,73,12,P,48,2,502,0,34,177,52,0,0,-27,0,44,0,-156,-79,-21,-12
30085,9.31,Z,67,0,395,0,25,263,275,1,P,35,2,722,0,10,307,66,5,0,-32,2,327,0,-15,44,-209,4
30086,7.2,T,64,4,238,0,607,151,209,5,T,70,8,229,0,334,169,155,6,1,6,4,-9,0,-273,18,-54,1
30087,2.07,Z,8,0,58,0,46,16,56,3,P,9,0,232,0,8,52,10,5,0,1,0,174,0,-38,36,-46,2
30088,9.59,T,46,0,447,0,0,80,113,0,P,48,0,606,0,7,131,68,3,1,2,0,159,0,7,51,-45,3
30089,9.59,P,48,0,367,0,1,116,99,1,T,43,11,779,0,45,102,77,1,1,-5,11,412,0,44,-14,-22,0
30090,5.24,T,32,3,320,0,375,176,67,3,T,36,2,212,0,553,97,45,1,0,4,-1,-108,0,178,-79,-22,-2
30091,10.2,Z,42,0,522,0,0,96,185,0,Z,56,10,246,0,55,97,200,0,1,14,10,-276,0,55,1,15,0
30092,7.12,Z,52,6,406,5,354,173,169,0,P,44,0,291,0,47,191,124,4,0,-8,-6,-115,-5,-307,18,-45,4
30093,9.59,Z,62,7,657,0,941,87,212,2,T,69,2,606,0,3,107,116,0,0,7,-5,-51,0,-938,20,-96,-2
30094,9.59,T,51,3,520,0,127,293,137,3,T,97,7,332,0,688,222,174,5,1,46,4,-188,0,561,-71,37,2
30095,8.14,Z,59,4,317,0,336,223,273,4,T,77,8,742,0,632,121,143,1,0,18,4,425,0,296,-102,-130,-3
30096,4.24,T,12,0,217,0,58,82,119,3,T,22,0,197,0,0,20,55,0,1,10,0,-20,0,-58,-62,-64,-3
30097,10.12,T,118,4,474,0,441,261,244,0,Z,100,8,514,0,358,245,377,6,0,-18,4,40,0,-83,-16,133,6
30098,10.49,Z,74,5,325,0,420,152,576,6,P,96,0,646,0,182,302,109,6,1,22,-5,321,0,-238,150,-467,0
30099,8.01,T,46,0,331,0,10,195,116,3,T,55,1,419,0,302,202,203,7,1,9,1,88,0,292,7,87,4
30100,1.31,P,7,0,43,0,68,35,27,2,P,7,0,49,0,108,30,27,4,0,0,0,6,0,40,-5,0,2
30101,4.36,P,25,1,168,0,6,34,32,1,Z,13,0,162,0,0,10,43,0,0,-12,-1,-6,0,-6,-24,11,-1
30102,6.14,P,41,1,315,0,480,96,38,4,T,49,4,349,0,386,123,86,6,0,8,3,34,0,-94,27,48,2
30103,5.4,T,35,1,181,0,139,120,49,1,P,28,0,174,0,3,173,60,2,1,-7,-1,-7,0,-136,53,11,1
30104,3.13,Z,12,0,249,0,209,28,132,2,T,18,0,266,0,0,18,23,0,1,6,0,17,0,-209,-10,-109,-2
30105,8.51,T,79,6,474,0,38,107,90,1,T,70,3,559,0,468,207,179,8,1,-9,-3,85,0,430,100,89,7
30106,5.14,P,35,3,266,0,385,182,49,14,P,31,0,254,0,523,182,91,9,1,-4,-3,-12,0,138,0,42,-5
30107,9.57,T,64,0,351,0,9,80,120,6,Z,53,2,188,0,17,63,146,0,0,-11,2,-163,0,8,-17,26,-6
30108,9.59,T,120,1,454,0,591,172,196,12,Z,94,15,471,0,171,186,292,4,1,-26,14,17,0,-420,14,96,-8
30109,5.14,T,33,5,312,0,33,72,98,1,T,32,0,479,0,10,93,58,5,1,-1,-5,167,0,-23,21,-40,4
30110,10.19,Z,50,7,514,0,69,163,137,5,T,44,6,994,0,10,207,82,1,1,-6,-1,480,0,-59,44,-55,-4
30111,3.48,Z,11,0,65,0,1,37,58,2,Z,10,0,253,0,13,59,40,4,1,-1,0,188,0,12,22,-18,2
30112,3.22,Z,13,0,135,0,74,58,47,2,Z,8,0,103,0,8,40,37,1,1,-5,0,-32,0,-66,-18,-10,-1
30113,5.2,T,20,0,227,0,3,44,30,2,T,32,0,206,0,27,45,39,4,1,12,0,-21,0,24,1,9,2
30114,9.58,T,37,0,185,0,0,62,60,0,T,39,3,489,0,4,101,90,0,1,2,3,304,0,4,39,30,0
30115,3.54,Z,12,0,59,0,189,25,229,1,Z,18,6,68,0,10,26,65,1,0,6,6,9,0,-179,1,-164,0
30116,8.51,T,43,3,695,0,74,262,72,3,P,57,0,264,0,403,255,47,6,1,14,-3,-431,0,329,-7,-25,3
30117,9.59,P,90,6,607,0,144,257,132,6,T,112,1,300,0,265,247,126,9,0,22,-5,-307,0,121,-10,-6,3
30118,5.51,Z,28,3,197,0,103,104,101,4,Z,33,4,230,0,538,96,169,5,1,5,1,33,0,435,-8,68,1
30119,6.18,T,37,2,597,0,19,147,63,4,T,26,0,378,0,1,67,64,0,0,-11,-2,-219,0,-18,-80,1,-4
30120,3.07,P,16,0,95,0,88,102,29,4,P,15,0,128,0,329,92,23,4,0,-1,0,33,0,241,-10,-6,0
30121,7.13,P,39,0,735,0,11,107,88,3,P,31,0,379,0,19,147,75,15,0,-8,0,-356,0,8,40,-13,12
30122,9.59,T,112,6,424,0,163,168,359,2,T,96,3,408,0,167,166,149,8,0,-16,-3,-16,0,4,-2,-210,6
30123,8.25,Z,61,0,515,0,163,148,224,4,T,71,4,403,0,356,132,177,3,1,10,4,-112,0,193,-16,-47,-1
30124,9.59,T,72,0,1031,0,5,145,172,6,Z,47,0,1185,0,0,155,272,0,0,-25,0,154,0,-5,10,100,-6
30125,5.1,T,19,0,27,0,0,14,51,0,Z,29,0,160,0,67,81,142,5,0,10,0,133,0,67,67,91,5
30126,6.06,T,55,4,334,0,721,149,206,9,P,41,1,324,0,126,167,98,5,0,-14,-3,-10,0,-595,18,-108,-4
30127,7.44,T,39,5,592,0,14,76,63,0,T,37,0,482,0,7,64,91,1,1,-2,-5,-110,0,-7,-12,28,1
30128,9.59,Z,45,0,275,0,9,67,168,1,Z,47,3,385,0,11,114,174,0,0,2,3,110,0,2,47,6,-1
30129,9.53,T,73,5,728,0,16,254,108,0,Z,64,0,636,0,46,56,187,3,1,-9,-5,-92,0,30,-198,79,3
30130,5.11,Z,18,0,84,0,206,133,74,7,Z,27,0,195,0,85,58,120,20,1,9,0,111,0,-121,-75,46,13
30131,4.33,T,30,0,208,0,0,78,98,0,P,21,0,716,0,0,120,35,0,0,-9,0,508,0,0,42,-63,0
30132,10.2,P,74,3,730,0,23,251,124,0,Z,58,9,1036,0,62,165,188,0,0,-16,6,306,0,39,-86,64,0
30133,6.04,T,22,0,317,0,11,34,45,3,T,16,0,408,0,3,39,33,3,0,-6,0,91,0,-8,5,-12,0
30134,9.13,P,52,1,578,0,28,221,76,1,Z,72,0,347,0,46,240,184,8,1,20,-1,-231,0,18,19,108,7
30135,9.59,P,64,6,779,0,39,334,116,0,Z,66,5,200,0,19,140,236,3,0,2,-1,-579,0,-20,-194,120,3
30136,9.17,P,30,0,873,0,0,60,43,0,P,35,0,456,0,8,108,81,0,1,5,0,-417,0,8,48,38,0
30137,9.59,T,71,1,496,0,38,101,95,6,P,73,0,542,0,22,190,144,7,1,2,-1,46,0,-16,89,49,1
30138,9.59,T,53,0,507,0,4,122,80,4,Z,45,5,571,0,17,125,145,0,0,-8,5,64,0,13,3,65,-4
30139,4.3,Z,14,5,102,0,14,33,45,0,T,32,3,346,0,114,61,39,1,1,18,-2,244,0,100,28,-6,1
30140,5.37,P,25,1,269,0,4,45,78,1,P,25,2,209,0,1,111,62,0,1,0,1,-60,0,-3,66,-16,-1
30141,2.42,P,7,0,207,0,7,72,13,2,P,10,0,43,0,1,25,37,1,0,3,0,-164,0,-6,-47,24,-1
30142,6.35,T,47,0,274,0,369,129,127,6,T,43,0,385,0,336,138,217,11,0,-4,0,111,0,-33,9,90,5
30143,9.59,T,73,0,672,0,18,135,153,5,Z,60,3,454,0,3,202,277,0,1,-13,3,-218,0,-15,67,124,-5
30144,6.37,P,31,0,528,0,9,23,41,3,T,47,1,304,0,17,40,57,0,1,16,1,-224,0,8,17,16,-3
30145,9.59,P,75,3,595,0,104,286,78,9,Z,52,9,449,0,38,149,211,1,1,-23,6,-146,0,-66,-137,133,-8
30146,4.36,P,14,0,150,0,268,170,159,4,Z,17,3,66,0,283,56,107,3,1,3,3,-84,0,15,-114,-52,-1
30147,10.16,Z,74,10,617,0,127,227,316,1,T,126,8,348,0,493,272,183,5,1,52,-2,-269,0,366,45,-133,4
30148,9.59,T,56,0,418,0,9,108,112,5,P,36,0,710,0,0,279,63,1,1,-20,0,292,0,-9,171,-49,-4
30149,9.58,Z,58,0,312,0,0,114,232,0,P,62,1,506,0,48,210,67,7,1,4,1,194,0,48,96,-165,7
30150,7.16,T,95,9,207,0,284,224,100,7,Z,27,7,189,0,34,82,119,2,0,-68,-2,-18,0,-250,-142,19,-5
30151,8.28,Z,46,0,735,0,17,94,171,2,T,41,0,893,0,4,137,119,5,0,-5,0,158,0,-13,43,-52,3
30152,2.08,P,9,0,48,0,24,57,20,2,Z,7,0,202,0,2,42,29,1,1,-2,0,154,0,-22,-15,9,-1
30153,9.59,Z,64,0,501,0,1,55,225,1,Z,76,6,902,0,189,229,336,9,1,12,6,401,0,188,174,111,8
30154,9.59,T,79,0,836,0,289,97,92,9,T,156,3,410,0,619,262,143,9,1,77,3,-426,0,330,165,51,0
30155,9.05,P,97,5,579,0,384,334,195,10,T,77,0,361,0,521,183,114,20,0,-20,-5,-218,0,137,-151,-81,10
30156,9.58,Z,52,2,183,0,35,223,206,7,P,45,0,264,0,24,136,54,4,1,-7,-2,81,0,-11,-87,-152,-3
30157,9.59,T,77,2,787,0,53,290,129,5,T,93,5,692,0,107,241,131,10,1,16,3,-95,0,54,-49,2,5
30158,3.27,P,15,1,109,0,71,76,68,7,T,9,3,262,0,4,26,22,0,1,-6,2,153,0,-67,-50,-46,-7
30159,9.59,T,35,0,349,0,0,24,44,0,P,27,0,644,0,0,178,60,0,0,-8,0,295,0,0,154,16,0
30160,9.59,P,65,0,383,0,24,244,151,8,P,47,0,632,0,48,260,97,7,1,-18,0,249,0,24,16,-54,-1
30161,6.04,T,40,3,257,0,918,117,63,6,Z,29,3,213,0,64,77,91,1,0,-11,0,-44,0,-854,-40,28,-5
30162,9.59,Z,64,13,528,0,73,469,318,4,Z,75,0,585,0,100,465,311,6,1,11,-13,57,0,27,-4,-7,2
30163,9.58,P,53,3,789,0,10,114,93,0,T,80,0,570,0,62,158,72,8,0,27,-3,-219,0,52,44,-21,8
30164,6.11,P,31,0,423,0,17,106,62,6,Z,41,6,312,0,40,153,184,0,1,10,6,-111,0,23,47,122,-6
30165,8.42,Z,58,0,402,0,113,285,283,2,T,59,7,462,0,34,73,60,1,1,1,7,60,0,-79,-212,-223,-1
30166,4.28,T,32,1,235,0,405,141,92,9,T,28,1,177,0,14,45,43,2,0,-4,0,-58,0,-391,-96,-49,-7
30167,1.21,P,4,1,57,0,0,27,11,0,P,3,2,106,0,29,13,24,0,0,-1,1,49,0,29,-14,13,0
30168,6.09,Z,31,1,219,0,206,164,191,4,T,46,0,341,0,364,207,84,11,0,15,-1,122,0,158,43,-107,7
30169,7.13,P,48,0,562,0,284,239,99,6,T,64,3,212,0,206,142,190,7,1,16,3,-350,0,-78,-97,91,1
30170,8.13,T,58,0,264,7,221,96,95,0,Z,64,0,288,0,168,56,249,10,0,6,0,24,-7,-53,-40,154,10
30171,6.02,T,68,0,312,0,47,149,100,7,P,40,3,237,0,9,144,105,1,1,-28,3,-75,0,-38,-5,5,-6
30172,9.42,T,85,5,733,0,293,340,147,8,P,55,1,780,0,237,186,83,9,0,-30,-4,47,0,-56,-154,-64,1
30173,8.4,P,75,0,455,0,156,167,86,8,Z,49,5,227,0,39,84,159,0,1,-26,5,-228,0,-117,-83,73,-8
30174,6.57,T,56,9,431,0,452,199,244,10,Z,46,0,278,0,13,107,112,2,0,-10,-9,-153,0,-439,-92,-132,-8
30175,9.59,T,118,2,454,0,137,199,140,14,Z,78,0,669,0,32,198,287,9,1,-40,-2,215,0,-105,-1,147,-5
30176,9.59,Z,76,2,468,0,87,375,297,2,Z,68,0,548,0,130,262,365,6,0,-8,-2,80,0,43,-113,68,4
30177,10.37,P,64,0,679,0,14,277,149,4,Z,65,2,431,0,29,212,312,6,1,1,2,-248,0,15,-65,163,2
30178,9.59,P,86,0,592,0,314,423,161,17,P,95,1,627,0,65,299,125,7,1,9,1,35,0,-249,-124,-36,-10
30179,9.56,T,93,0,595,0,155,257,146,14,Z,60,7,348,0,60,240,175,1,1,-33,7,-247,0,-95,-17,29,-13
30180,7.22,P,33,0,192,0,0,103,35,1,Z,35,0,319,0,316,111,102,5,1,2,0,127,0,316,8,67,4
30181,7.16,P,31,9,478,0,7,135,102,0,P,34,0,371,0,0,135,62,1,0,3,-9,-107,0,-7,0,-40,1
30182,8.42,P,31,0,434,0,0,95,61,0,T,21,0,490,0,0,109,85,0,0,-10,0,56,0,0,14,24,0
30183,6.4,Z,52,7,349,0,461,100,180,1,T,56,0,263,0,213,145,154,6,0,4,-7,-86,0,-248,45,-26,5
30184,5.1,Z,39,2,175,0,174,149,157,8,T,48,0,398,0,212,211,124,8,0,9,-2,223,0,38,62,-33,0
30185,8.16,Z,25,0,539,0,0,32,114,0,T,25,0,296,0,20,22,51,5,1,0,0,-243,0,20,-10,-63,5
30186,9.43,T,97,0,676,0,552,152,113,11,Z,87,5,483,0,43,137,179,0,0,-10,5,-193,0,-509,-15,66,-11
30187,6.59,T,73,0,359,0,175,168,184,5,Z,40,0,481,0,17,126,110,2,0,-33,0,122,0,-158,-42,-74,-3
30188,4.3,T,22,1,373,0,375,40,53,5,Z,22,3,80,0,624,85,89,1,0,0,2,-293,0,249,45,36,-4
30189,3.39,P,19,1,144,0,432,79,155,5,P,20,4,72,0,99,138,90,1,0,1,3,-72,0,-333,59,-65,-4
30190,9.41,T,70,5,588,0,28,208,140,0,Z,39,3,354,0,36,156,229,0,0,-31,-2,-234,0,8,-52,89,0
30191,2.46,Z,8,4,87,0,3,14,29,0,Z,8,1,159,0,147,53,44,4,0,0,-3,72,0,144,39,15,4
30192,9.54,Z,45,0,268,0,162,201,245,5,T,77,4,282,0,38,205,64,9,1,32,4,14,0,-124,4,-181,4
30193,3.02,Z,12,0,205,0,211,31,63,6,Z,8,0,212,0,330,45,125,5,1,-4,0,7,0,119,14,62,-1
30194,9.59,Z,55,10,453,0,74,206,208,5,Z,42,8,579,0,12,155,166,2,1,-13,-2,126,0,-62,-51,-42,-3
30195,9.59,P,74,1,773,0,68,308,147,20,T,93,3,545,0,169,232,140,11,1,19,2,-228,0,101,-76,-7,-9
30196,6.13,Z,20,0,271,0,48,113,199,2,Z,26,0,519,0,144,37,200,4,1,6,0,248,0,96,-76,1,2
30197,9.59,T,64,3,379,0,9,42,82,0,Z,58,2,765,0,35,144,148,0,0,-6,-1,386,0,26,102,66,0
30198,3.4,Z,17,2,189,1,351,75,67,1,Z,13,6,228,8,115,65,157,3,0,-4,4,39,7,-236,-10,90,2
30199,9.58,Z,52,2,199,0,167,151,314,0,T,56,0,779,0,37,157,114,19,0,4,-2,580,0,-130,6,-200,19
30200,9.19,T,69,6,648,0,447,128,128,3,T,67,3,555,0,29,341,124,4,1,-2,-3,-93,0,-418,213,-4,1
30201,5.57,Z,33,1,338,0,24,72,73,0,P,32,0,547,0,11,38,30,0,1,-1,-1,209,0,-13,-34,-43,0
30202,9.42,P,40,0,358,0,20,65,34,1,T,39,1,624,0,17,35,45,2,0,-1,1,266,0,-3,-30,11,1
30203,3.44,Z,17,5,98,0,21,37,51,2,P,15,0,175,0,0,85,23,0,0,-2,-5,77,0,-21,48,-28,-2
30204,9.58,Z,88,0,506,0,377,168,274,38,P,85,0,479,0,555,300,115,6,0,-3,0,-27,0,178,132,-159,-32
30205,5.23,Z,27,2,350,0,543,139,117,3,Z,32,2,109,0,103,92,175,0,0,5,0,-241,0,-440,-47,58,-3
30206,9.59,Z,65,0,734,0,104,244,298,9,P,93,2,712,0,71,296,118,9,1,28,2,-22,0,-33,52,-180,0
30207,9.59,Z,91,9,705,0,127,238,229,4,T,119,0,1088,0,141,171,154,5,0,28,-9,383,0,14,-67,-75,1
30208,8.2,P,66,0,434,0,125,292,264,5,T,73,0,432,0,346,229,148,11,0,7,0,-2,0,221,-63,-116,6
30209,10.28,P,56,16,293,0,33,294,92,5,P,60,0,528,0,20,350,212,4,0,4,-16,235,0,-13,56,120,-1
30210,1.49,Z,6,0,61,0,2,15,18,2,Z,6,0,91,0,7,37,45,2,1,0,0,30,0,5,22,27,0
30211,9.59,P,81,3,495,0,33,215,133,4,T,93,5,395,0,45,153,136,1,0,12,2,-100,0,12,-62,3,-3
30212,6.31,P,49,2,329,0,124,218,76,2,T,53,0,251,0,275,169,51,11,1,4,-2,-78,0,151,-49,-25,9
30213,8.07,P,41,0,546,0,30,108,206,4,Z,41,0,320,0,82,111,169,3,1,0,0,-226,0,52,3,-37,-1
30214,4.26,P,8,0,167,0,4,32,14,1,T,27,0,199,0,14,83,38,2,1,19,0,32,0,10,51,24,1
30215,10.08,Z,53,0,601,4,29,205,173,0,T,56,0,711,0,0,126,99,4,0,3,0,110,-4,-29,-79,-74,4
30216,9.59,T,87,7,435,0,54,139,107,6,Z,94,6,544,0,350,292,299,10,0,7,-1,109,0,296,153,192,4
30217,9.59,T,66,0,777,0,6,152,127,11,T,99,0,470,0,63,266,141,8,1,33,0,-307,0,57,114,14,-3
30218,8.59,T,48,0,408,0,1,82,89,1,P,36,0,346,0,0,46,45,0,1,-12,0,-62,0,-1,-36,-44,-1
30219,5.16,P,20,0,281,0,0,143,41,0,P,19,1,359,0,0,18,110,0,0,-1,1,78,0,0,-125,69,0
30220,10.45,P,112,9,591,0,693,325,149,8,T,165,15,448,0,764,309,191,4,0,53,6,-143,0,71,-16,42,-4
30221,9.59,P,98,0,542,0,321,247,203,13,T,107,6,478,0,22,187,180,0,0,9,6,-64,0,-299,-60,-23,-13
30222,7.06,P,61,2,305,0,37,154,63,3,T,59,0,529,0,190,116,64,8,0,-2,-2,224,0,153,-38,1,5
30223,6.32,Z,36,1,243,0,61,147,156,1,Z,45,2,273,0,30,87,136,0,1,9,1,30,0,-31,-60,-20,-1
30224,9.59,P,38,0,881,0,1,109,125,3,Z,47,0,496,0,16,193,260,0,0,9,0,-385,0,15,84,135,-3
30225,9.06,Z,72,6,348,0,340,184,556,0,P,56,4,653,0,94,202,79,5,0,-16,-2,305,0,-246,18,-477,5
30226,3.21,Z,10,0,352,0,1,25,48,1,T,10,0,171,0,3,47,24,3,0,0,0,-181,0,2,22,-24,2
30227,4.06,T,26,1,319,0,93,83,37,6,P,28,0,152,0,459,86,56,12,0,2,-1,-167,0,366,3,19,6
30228,2.18,P,10,0,209,0,0,44,11,0,P,2,0,58,0,2,25,7,4,0,-8,0,-151,0,2,-19,-4,4
30229,7.51,Z,43,4,531,0,20,112,109,0,P,32,0,447,0,1,213,90,1,0,-11,-4,-84,0,-19,101,-19,1
30230,9.59,Z,64,1,885,0,112,413,178,4,Z,62,8,675,0,228,177,298,2,0,-2,7,-210,0,116,-236,120,-2
30231,7.5,T,59,0,615,0,810,214,93,12,P,56,0,447,0,8,266,109,4,1,-3,0,-168,0,-802,52,16,-8
30232,4.42,Z,27,3,203,0,485,80,237,6,Z,28,8,191,1,348,58,97,0,1,1,5,-12,1,-137,-22,-140,-6
30233,9.59,P,65,1,780,0,26,275,105,5,P,44,1,891,0,53,366,73,11,0,-21,0,111,0,27,91,-32,6
30234,9.59,T,111,0,464,0,391,303,181,23,Z,87,6,543,0,279,197,263,8,1,-24,6,79,0,-112,-106,82,-15
30235,9.59,Z,74,0,733,0,123,197,248,10,P,81,2,546,0,260,267,109,11,1,7,2,-187,0,137,70,-139,1
30236,10.17,Z,72,8,500,4,375,314,387,7,T,109,12,428,0,418,238,129,2,1,37,4,-72,-4,43,-76,-258,-5
30237,2.15,Z,8,0,82,0,19,66,37,5,Z,6,1,23,0,10,40,32,2,0,-2,1,-59,0,-9,-26,-5,-3
30238,4.07,T,38,0,184,0,202,166,96,9,T,30,0,252,0,287,146,130,2,1,-8,0,68,0,85,-20,34,-7
30239,9.23,P,41,0,614,7,31,115,75,0,Z,42,1,397,0,37,143,175,0,0,1,1,-217,-7,6,28,100,0
30240,9.57,T,42,2,647,0,2,43,74,1,T,53,0,791,0,6,136,90,1,0,11,-2,144,0,4,93,16,0
30241,1.32,Z,5,0,46,0,0,34,31,1,P,6,0,79,0,4,46,4,2,1,1,0,33,0,4,12,-27,1
30242,9.59,T,54,0,893,0,1,116,102,1,T,40,0,460,0,2,58,83,2,0,-14,0,-433,0,1,-58,-19,1
30243,9.59,Z,63,0,743,0,17,104,211,3,T,45,0,861,0,7,387,90,5,1,-18,0,118,0,-10,283,-121,2
30244,4.5,P,29,0,188,0,22,141,48,4,T,48,0,148,0,58,208,60,3,1,19,0,-40,0,36,67,12,-1
30245,9.59,P,86,0,274,0,114,247,136,2,T,62,0,546,0,0,336,332,3,0,-24,0,272,0,-114,89,196,1
30246,5.21,P,24,0,251,0,15,165,18,3,Z,22,0,248,0,21,128,59,2,1,-2,0,-3,0,6,-37,41,-1
30247,6.19,T,55,3,398,0,323,175,125,2,P,46,5,212,0,272,168,88,10,1,-9,2,-186,0,-51,-7,-37,8
30248,3.54,P,12,0,391,0,5,46,24,2,P,12,0,262,3,85,97,90,0,0,0,0,-129,3,80,51,66,-2
30249,9.59,T,78,0,923,0,1,142,139,3,Z,68,4,204,0,172,124,360,0,1,-10,4,-719,0,171,-18,221,-3
30250,9.59,P,31,0,679,0,5,125,89,1,T,50,5,834,0,22,108,91,1,1,19,5,155,0,17,-17,2,0
30251,8.44,Z,28,0,539,0,9,74,96,2,T,26,0,223,0,0,1,40,0,0,-2,0,-316,0,-9,-73,-56,-2
30252,9.58,P,48,0,688,0,3,180,106,2,T,91,0,418,0,42,316,122,10,1,43,0,-270,0,39,136,16,8
30253,8.55,P,60,0,647,0,31,71,57,1,T,72,0,691,0,26,192,57,3,0,12,0,44,0,-5,121,0,2
30254,3.14,P,16,0,117,0,176,59,19,8,P,14,0,79,0,3,117,100,2,0,-2,0,-38,0,-173,58,81,-6
30255,9.58,P,70,6,302,0,53,270,125,3,Z,68,0,580,0,53,127,245,10,1,-2,-6,278,0,0,-143,120,7
30256,10.02,P,40,0,920,0,56,93,65,2,P,33,3,593,0,6,139,68,0,1,-7,3,-327,0,-50,46,3,-2
30257,9.58,Z,53,4,753,0,6,148,146,1,T,53,9,340,1,42,77,55,3,1,0,5,-413,1,36,-71,-91,2
30258,7.28,T,44,6,435,0,57,84,55,0,Z,58,4,464,0,48,155,128,6,0,14,-2,29,0,-9,71,73,6
30259,9.58,T,59,0,332,0,8,241,136,3,Z,80,6,533,0,132,191,289,9,1,21,6,201,0,124,-50,153,6
30260,9.5,Z,72,8,365,0,355,220,294,0,T,106,3,404,6,261,220,150,3,0,34,-5,39,6,-94,0,-144,3
30261,3.52,P,13,0,176,0,0,32,31,0,Z,16,3,151,0,15,30,44,0,0,3,3,-25,0,15,-2,13,0
30262,9.58,T,68,0,575,0,261,140,72,5,Z,69,4,398,0,24,147,194,2,0,1,4,-177,0,-237,7,122,-3
30263,10.24,P,32,0,721,0,64,273,76,6,T,44,3,494,0,2,88,85,0,1,12,3,-227,0,-62,-185,9,-6
30264,4.17,P,26,0,188,0,0,55,70,2,T,25,0,223,0,362,76,141,9,1,-1,0,35,0,362,21,71,7
30265,9.59,T,70,0,321,0,182,158,113,4,T,76,0,361,0,70,155,70,5,1,6,0,40,0,-112,-3,-43,1
30266,10.48,T,61,0,943,0,21,211,113,5,P,54,1,394,0,24,151,129,0,1,-7,1,-549,0,3,-60,16,-5
30267,4.47,Z,29,3,139,0,16,46,81,1,P,30,0,265,0,10,141,108,2,1,1,-3,126,0,-6,95,27,1
30268,9.41,T,94,0,480,0,45,155,189,16,T,71,0,467,0,49,189,102,7,1,-23,0,-13,0,4,34,-87,-9
30269,5.35,Z,33,0,140,0,54,138,78,3,T,34,1,195,0,31,58,75,0,1,1,1,55,0,-23,-80,-3,-3
30270,9.12,P,60,0,365,0,428,344,147,9,P,51,0,567,0,578,212,189,21,0,-9,0,202,0,150,-132,42,12
30271,4.47,T,23,0,129,0,0,54,47,1,T,24,0,68,0,2,56,59,3,1,1,0,-61,0,2,2,12,2
30272,5.37,P,32,0,328,0,198,196,168,8,P,50,0,219,0,90,267,61,12,0,18,0,-109,0,-108,71,-107,4
30273,5.06,T,34,1,241,0,204,155,39,8,Z,16,4,283,0,1,57,56,0,0,-18,3,42,0,-203,-98,17,-8
30274,7.14,P,45,0,395,0,32,140,45,6,T,59,0,357,0,558,89,96,6,1,14,0,-38,0,526,-51,51,0
30275,10.31,P,59,1,501,0,16,300,123,2,Z,96,2,432,0,88,264,193,0,1,37,1,-69,0,72,-36,70,-2
30276,0.24,T,2,0,15,0,2,1,3,6,T,2,0,22,0,0,8,3,1,1,0,0,7,0,-2,7,0,-5
30277,9.57,T,70,6,637,0,278,197,237,7,T,74,0,476,0,897,120,68,12,0,4,-6,-161,0,619,-77,-169,5
30278,6.42,Z,31,0,224,0,32,76,232,6,Z,36,0,321,0,0,107,135,0,0,5,0,97,0,-32,31,-97,-6
30279,9.59,T,79,1,455,0,45,384,118,5,T,78,0,553,0,221,244,155,10,1,-1,-1,98,0,176,-140,37,5
30280,5.38,P,24,0,236,0,0,42,26,0,Z,23,0,27,0,0,48,110,1,1,-1,0,-209,0,0,6,84,1
30281,5.1,T,19,0,574,0,0,19,35,1,P,14,0,307,0,0,21,13,0,0,-5,0,-267,0,0,2,-22,-1
30282,8.1,Z,49,8,430,0,43,128,146,1,T,79,1,392,0,312,138,127,7,1,30,-7,-38,0,269,10,-19,6
30283,6.2,Z,34,0,502,0,59,139,136,4,P,50,0,370,0,72,221,111,4,1,16,0,-132,0,13,82,-25,0
30284,5.5,P,31,3,228,0,17,78,98,0,T,40,2,319,0,19,91,70,0,1,9,-1,91,0,2,13,-28,0
30285,6.59,T,40,3,137,0,67,164,114,2,T,34,1,215,0,0,63,55,0,1,-6,-2,78,0,-67,-101,-59,-2
30286,10.5,T,110,2,1202,0,240,148,290,9,P,83,2,707,0,142,365,234,21,1,-27,0,-495,0,-98,217,-56,12
30287,9.05,P,52,5,1006,0,50,135,102,0,T,56,1,940,0,10,361,349,3,0,4,-4,-66,0,-40,226,247,3
30288,5.57,Z,32,6,151,0,85,79,166,8,Z,32,2,169,0,195,77,252,4,0,0,-4,18,0,110,-2,86,-4
30289,3.58,T,24,0,203,0,237,96,95,3,P,31,1,167,0,331,180,40,6,1,7,1,-36,0,94,84,-55,3
30290,8.16,Z,43,3,406,0,33,102,92,1,T,54,3,547,0,117,122,75,1,0,11,0,141,0,84,20,-17,0
30291,9.59,T,92,2,509,0,94,282,113,10,P,84,0,484,0,135,302,166,14,0,-8,-2,-25,0,41,20,53,4
30292,8.48,T,85,11,350,0,665,141,69,8,P,37,0,346,0,8,82,70,4,1,-48,-11,-4,0,-657,-59,1,-4
30293,4.21,T,28,2,77,0,299,43,158,1,T,24,0,166,0,29,28,29,5,1,-4,-2,89,0,-270,-15,-129,4
30294,2.39,P,11,0,98,0,11,103,19,2,P,9,4,103,2,86,100,29,0,0,-2,4,5,2,75,-3,10,-2
30295,9.59,T,72,6,740,0,64,62,56,3,P,69,6,531,0,64,262,75,10,0,-3,0,-209,0,0,200,19,7
30296,3.59,T,18,0,184,1,7,42,33,0,T,18,2,212,0,6,29,41,0,0,0,2,28,-1,-1,-13,8,0
30297,9.59,T,77,0,876,0,35,162,223,11,Z,46,0,387,0,26,56,159,4,1,-31,0,-489,0,-9,-106,-64,-7
30298,9.57,P,58,13,576,0,59,128,167,4,T,83,5,636,0,640,346,259,0,0,25,-8,60,0,581,218,92,-4
30299,10.5,P,59,4,963,0,46,219,148,1,T,100,0,1002,0,56,168,147,8,1,41,-4,39,0,10,-51,-1,7
30300,10.27,Z,37,2,122,0,41,66,151,0,P,47,0,821,0,1087,175,61,7,1,10,-2,699,0,1046,109,-90,7
30301,7.44,T,42,0,635,0,0,134,82,0,P,33,0,548,0,2,71,51,1,0,-9,0,-87,0,2,-63,-31,1
30302,9.53,T,41,0,306,0,3,152,90,2,Z,49,0,702,0,52,81,159,4,1,8,0,396,0,49,-71,69,2
30303,6.19,T,46,4,331,0,107,163,115,1,Z,46,0,190,0,580,165,220,7,0,0,-4,-141,0,473,2,105,6
30304,4.03,T,18,0,188,0,12,54,42,4,T,14,0,447,0,0,31,50,1,1,-4,0,259,0,-12,-23,8,-3
30305,9.59,P,100,2,627,0,206,281,154,15,P,73,0,528,0,207,172,105,14,0,-27,-2,-99,0,1,-109,-49,-1
30306,4.03,Z,11,1,325,0,72,32,111,0,Z,15,4,137,0,14,18,58,0,1,4,3,-188,0,-58,-14,-53,0
30307,9.59,T,92,0,670,0,66,289,281,8,Z,58,0,469,0,202,276,413,4,1,-34,0,-201,0,136,-13,132,-4
30308,8.22,T,54,0,301,0,215,153,79,4,P,38,0,514,0,0,204,97,1,1,-16,0,213,0,-215,51,18,-3
30309,3.36,T,24,0,207,0,78,102,50,7,T,20,4,223,0,472,64,37,1,1,-4,4,16,0,394,-38,-13,-6
30310,7.43,T,48,0,405,0,418,259,125,8,T,49,0,251,0,454,122,86,7,0,1,0,-154,0,36,-137,-39,-1
30311,7.34,P,59,0,442,0,208,310,158,8,T,61,0,223,0,46,164,79,9,0,2,0,-219,0,-162,-146,-79,1
30312,9.59,P,84,0,461,0,143,299,177,15,T,111,0,610,9,251,215,222,1,1,27,0,149,9,108,-84,45,-14
30313,9.58,Z,44,2,379,0,46,133,154,0,Z,70,5,377,0,330,402,489,3,1,26,3,-2,0,284,269,335,3
30314,9.33,P,46,0,304,0,0,111,105,1,T,64,5,421,0,19,97,92,1,1,18,5,117,0,19,-14,-13,0
30315,8.09,T,112,0,444,0,21,368,218,6,P,86,6,301,0,251,251,118,3,1,-26,6,-143,0,230,-117,-100,-3
30316,9.59,T,72,5,488,0,95,239,114,5,T,74,0,785,0,362,163,263,8,0,2,-5,297,0,267,-76,149,3
30317,3.11,T,14,0,194,0,26,148,25,5,Z,18,1,85,0,212,46,92,2,1,4,1,-109,0,186,-102,67,-3
30318,9.59,T,149,5,550,0,608,346,209,15,T,113,0,424,0,468,386,223,16,1,-36,-5,-126,0,-140,40,14,1
30319,8.35,T,29,0,426,0,34,261,76,1,P,62,1,352,0,20,345,65,2,1,33,1,-74,0,-14,84,-11,1
30320,6.13,P,15,0,169,0,0,24,28,1,T,16,2,383,0,0,57,40,0,1,1,2,214,0,0,33,12,-1
30321,10.5,Z,94,0,858,0,97,131,240,3,T,72,0,665,0,240,112,94,7,0,-22,0,-193,0,143,-19,-146,4
30322,7.18,T,43,0,543,0,17,103,98,6,Z,32,2,260,0,12,116,108,2,0,-11,2,-283,0,-5,13,10,-4
30323,9.59,T,91,8,470,0,745,97,122,4,P,55,0,526,0,15,185,96,2,0,-36,-8,56,0,-730,88,-26,-2
30324,10.09,T,69,0,464,0,29,402,136,8,P,32,0,754,0,3,205,83,7,0,-37,0,290,0,-26,-197,-53,-1
30325,9.18,P,74,2,387,0,116,217,88,13,Z,48,2,256,0,17,122,189,0,1,-26,0,-131,0,-99,-95,101,-13
30326,10.22,T,87,0,618,0,56,244,122,5,Z,66,4,533,0,719,281,200,3,0,-21,4,-85,0,663,37,78,-2
30327,3.08,T,11,0,234,0,16,119,24,5,P,16,0,92,0,254,110,53,12,1,5,0,-142,0,238,-9,29,7
30328,9.29,Z,45,7,802,0,46,105,124,0,Z,57,9,558,0,62,84,245,2,0,12,2,-244,0,16,-21,121,2
30329,4.05,T,15,2,186,0,0,33,61,0,T,11,0,127,0,1,28,18,1,0,-4,-2,-59,0,1,-5,-43,1
30330,9.59,Z,54,2,485,0,13,139,143,0,T,73,0,403,0,28,117,95,3,1,19,-2,-82,0,15,-22,-48,3
30331,4.31,P,22,0,108,0,0,61,26,0,Z,21,0,397,0,30,135,65,4,1,-1,0,289,0,30,74,39,4
30332,9.59,P,75,0,450,0,372,293,98,11,T,82,4,668,0,138,257,175,1,0,7,4,218,0,-234,-36,77,-10
30333,7.58,P,26,0,391,0,10,26,19,2,Z,49,7,368,0,556,62,346,6,1,23,7,-23,0,546,36,327,4
30334,4.37,P,16,0,57,0,25,45,178,4,T,31,2,152,0,133,156,82,0,1,15,2,95,0,108,111,-96,-4
30335,5.15,Z,26,3,342,7,48,28,80,0,P,31,3,181,2,268,72,147,0,0,5,0,-161,-5,220,44,67,0
30336,1.36,T,7,0,39,0,0,7,7,0,Z,0,0,1,0,0,0,0,0,0,-7,0,-38,0,0,-7,-7,0
30337,2.05,Z,9,0,85,0,15,15,46,3,Z,8,0,58,0,105,31,30,4,0,-1,0,-27,0,90,16,-16,1
30338,9.58,T,97,5,444,0,31,178,109,2,Z,77,0,734,0,8,165,218,3,1,-20,-5,290,0,-23,-13,109,1
30339,8.33,T,64,4,328,10,99,92,117,0,Z,51,3,272,0,147,51,180,3,1,-13,-1,-56,-10,48,-41,63,3
30340,5.34,T,46,2,206,0,27,122,113,5,Z,23,0,222,0,27,62,74,5,0,-23,-2,16,0,0,-60,-39,0
30341,7.36,P,18,0,165,0,0,44,28,0,Z,29,1,239,0,0,86,114,1,0,11,1,74,0,0,42,86,1
30342,10.32,Z,77,0,540,0,189,349,344,58,T,110,0,432,0,53,566,286,12,0,33,0,-108,0,-136,217,-58,-46
30343,0,T,0,0,1,0,0,0,0,0,T,21,4,198,0,7,24,26,0,1,21,4,197,0,7,24,26,0
30344,3.36,Z,13,0,86,0,272,99,83,11,P,13,1,228,0,131,142,21,2,0,0,1,142,0,-141,43,-62,-9
30345,4.03,T,20,1,101,0,393,45,84,1,T,14,0,235,0,0,15,29,1,1,-6,-1,134,0,-393,-30,-55,0
30346,9.3,P,63,0,703,0,32,263,69,6,Z,59,3,657,0,22,96,211,1,1,-4,3,-46,0,-10,-167,142,-5
30347,9.59,P,59,2,572,0,414,283,88,1,T,56,3,774,0,34,144,92,1,1,-3,1,202,0,-380,-139,4,0
30348,10.29,Z,73,16,370,7,114,350,246,7,Z,85,11,727,0,67,533,234,3,1,12,-5,357,-7,-47,183,-12,-4
30349,10.01,T,72,0,378,0,21,287,146,10,T,33,0,609,0,0,125,129,0,0,-39,0,231,0,-21,-162,-17,-10
30350,5.17,P,25,0,337,0,7,57,27,1,T,31,6,525,0,17,63,36,0,0,6,6,188,0,10,6,9,-1
30351,1.47,Z,5,0,91,0,107,16,58,4,Z,9,0,124,0,60,21,31,2,0,4,0,33,0,-47,5,-27,-2
30352,3.11,T,4,0,139,0,2,6,6,1,T,14,1,336,0,1,7,25,0,0,10,1,197,0,-1,1,19,-1
30353,9.59,T,86,8,955,0,347,292,117,1,P,69,3,427,0,361,324,129,11,1,-17,-5,-528,0,14,32,12,10
30354,5.19,T,36,2,358,0,17,132,38,1,Z,25,6,377,0,36,33,70,1,1,-11,4,19,0,19,-99,32,0
30355,9.59,Z,66,0,618,0,38,168,192,4,Z,62,9,326,0,91,199,252,6,0,-4,9,-292,0,53,31,60,2
30356,9.56,P,74,0,685,0,90,267,167,5,Z,51,0,387,0,5,101,211,2,0,-23,0,-298,0,-85,-166,44,-3
30357,10.27,T,104,0,371,0,313,253,219,12,Z,44,2,287,0,15,108,170,0,0,-60,2,-84,0,-298,-145,-49,-12
30358,9.59,T,55,0,708,0,66,264,111,16,T,45,5,741,0,16,57,93,1,1,-10,5,33,0,-50,-207,-18,-15
30359,7.29,Z,32,0,416,0,12,162,126,2,T,68,0,554,0,339,232,126,5,1,36,0,138,0,327,70,0,3
30360,4.5,T,28,0,315,0,441,231,82,9,T,26,0,159,0,235,109,168,3,0,-2,0,-156,0,-206,-122,86,-6
30361,8.21,T,66,4,658,0,99,110,167,0,P,53,7,531,0,313,93,104,10,0,-13,3,-127,0,214,-17,-63,10
30362,9.59,T,86,0,1086,0,75,101,96,4,Z,51,2,157,0,184,84,256,5,0,-35,2,-929,0,109,-17,160,1
30363,0.22,T,1,0,13,0,15,7,19,2,P,0,0,1,0,0,0,0,0,0,-1,0,-12,0,-15,-7,-19,-2
30364,4.54,T,32,2,76,0,104,97,117,3,T,36,0,194,0,265,144,43,5,1,4,-2,118,0,161,47,-74,2
30365,6.47,Z,39,2,323,7,45,102,95,0,Z,26,2,276,0,44,17,87,0,1,-13,0,-47,-7,-1,-85,-8,0
30366,4.14,Z,8,4,79,0,11,14,99,0,T,14,0,363,0,0,23,33,1,0,6,-4,284,0,-11,9,-66,1
30367,5.4,P,24,0,548,0,3,96,39,0,T,26,0,357,0,70,183,62,6,1,2,0,-191,0,67,87,23,6
30368,7.22,P,47,4,638,7,12,90,78,1,P,39,5,404,0,36,285,69,5,0,-8,1,-234,-7,24,195,-9,4
30369,4.42,P,16,2,101,0,5,71,21,0,T,12,0,355,0,0,8,25,0,0,-4,-2,254,0,-5,-63,4,0
30370,2.53,Z,14,1,124,0,3,14,57,2,T,8,4,59,0,27,90,31,0,1,-6,3,-65,0,24,76,-26,-2
30371,7.31,T,77,2,475,0,182,231,168,14,Z,50,0,315,0,127,251,382,16,0,-27,-2,-160,0,-55,20,214,2
30372,2.43,P,11,0,128,0,38,86,12,4,T,17,0,87,0,0,54,76,1,1,6,0,-41,0,-38,-32,64,-3
30373,9.59,Z,71,0,826,0,206,367,213,17,T,67,0,646,0,32,203,122,3,0,-4,0,-180,0,-174,-164,-91,-14
30374,7.18,Z,39,2,369,0,16,38,120,1,Z,36,0,201,1,7,127,204,0,1,-3,-2,-168,1,-9,89,84,-1
30375,9.53,P,56,6,703,0,98,267,191,2,T,80,6,749,0,113,218,114,6,0,24,0,46,0,15,-49,-77,4
30376,5.45,T,61,0,185,0,558,173,151,7,Z,43,1,144,0,119,245,149,5,1,-18,1,-41,0,-439,72,-2,-2
30377,9.04,T,62,3,569,0,415,107,237,16,T,96,0,393,0,171,119,293,14,1,34,-3,-176,0,-244,12,56,-2
30378,2.37,Z,10,0,73,0,18,18,32,2,T,13,0,80,0,87,112,14,5,0,3,0,7,0,69,94,-18,3
30379,6.53,Z,37,3,433,0,100,116,168,0,T,58,0,364,0,270,104,152,8,1,21,-3,-69,0,170,-12,-16,8
30380,9.59,T,75,3,754,0,534,128,91,11,P,54,4,460,0,363,198,208,0,1,-21,1,-294,0,-171,70,117,-11
30381,9.59,Z,69,0,394,29,410,213,393,0,T,91,0,282,0,352,124,218,8,1,22,0,-112,-29,-58,-89,-175,8
30382,9.42,Z,59,0,724,17,136,269,307,6,Z,56,6,568,0,344,100,166,1,1,-3,6,-156,-17,208,-169,-141,-5
30383,9.58,T,92,10,667,0,287,170,179,5,P,45,3,662,0,18,91,47,1,1,-47,-7,-5,0,-269,-79,-132,-4
30384,4.39,T,22,0,235,0,406,54,74,5,Z,15,0,82,1,5,37,68,0,0,-7,0,-153,1,-401,-17,-6,-5
30385,7.06,P,40,5,294,0,62,82,63,0,Z,33,1,338,0,35,62,107,1,1,-7,-4,44,0,-27,-20,44,1
30386,1.53,P,8,0,105,0,2,35,23,5,P,7,0,168,0,0,83,11,1,1,-1,0,63,0,-2,48,-12,-4
30387,8,Z,61,9,453,0,17,59,154,0,T,60,0,363,0,259,155,95,7,1,-1,-9,-90,0,242,96,-59,7
30388,2.52,Z,10,0,43,0,0,7,40,0,P,14,0,147,0,7,62,34,2,0,4,0,104,0,7,55,-6,2
30389,7.16,T,70,3,233,1,441,152,107,3,Z,55,0,230,12,72,108,172,0,0,-15,-3,-3,11,-369,-44,65,-3
30390,9.59,Z,45,0,755,0,0,103,192,0,P,45,0,426,0,13,175,50,7,1,0,0,-329,0,13,72,-142,7
30391,9.58,T,50,0,583,0,148,153,152,10,T,51,0,694,0,30,52,104,1,1,1,0,111,0,-118,-101,-48,-9
30392,10.18,Z,69,3,397,0,126,159,213,6,T,110,5,519,0,244,363,103,10,1,41,2,122,0,118,204,-110,4
30393,1.48,Z,6,0,14,0,2,21,14,0,P,4,0,74,0,0,7,4,0,1,-2,0,60,0,-2,-14,-10,0
30394,9.11,P,35,1,504,0,2,196,89,0,T,41,0,1456,0,1,109,109,3,1,6,-1,952,0,-1,-87,20,3
30395,8.21,Z,49,1,548,0,60,162,210,14,Z,53,0,145,0,118,268,288,2,1,4,-1,-403,0,58,106,78,-12
30396,9.59,T,89,5,681,0,97,219,130,0,P,64,0,704,0,33,179,208,1,1,-25,-5,23,0,-64,-40,78,1
30397,4.38,P,17,1,337,0,126,130,157,4,T,27,0,166,0,4,63,47,2,0,10,-1,-171,0,-122,-67,-110,-2
30398,6.27,T,46,1,202,0,393,159,82,2,P,41,2,163,0,120,179,87,0,0,-5,1,-39,0,-273,20,5,-2
30399,9.59,Z,89,13,537,7,998,274,369,1,T,147,0,380,0,276,337,146,25,0,58,-13,-157,-7,-722,63,-223,24
30400,4.56,P,29,1,178,0,36,82,75,10,T,34,0,383,0,211,134,83,6,0,5,-1,205,0,175,52,8,-4
30401,9.59,T,92,0,889,0,464,275,169,12,T,83,1,482,0,196,214,225,10,0,-9,1,-407,0,-268,-61,56,-2
30402,8.41,Z,42,0,578,0,29,185,135,3,Z,53,1,608,0,2,149,164,0,0,11,1,30,0,-27,-36,29,-3
30403,3.2,P,16,0,175,0,165,98,74,12,T,9,0,235,0,0,59,25,0,0,-7,0,60,0,-165,-39,-49,-12
30404,6.44,P,39,0,446,0,5,151,64,3,T,62,1,269,0,81,172,87,3,1,23,1,-177,0,76,21,23,0
30405,7.26,P,25,0,353,0,0,137,81,0,P,40,0,639,0,41,186,69,2,1,15,0,286,0,41,49,-12,2
30406,7,P,60,0,535,0,124,144,144,9,Z,42,0,430,0,102,156,189,7,0,-18,0,-105,0,-22,12,45,-2
30407,7.58,T,45,0,188,0,9,124,199,10,Z,61,3,260,0,391,127,292,5,1,16,3,72,0,382,3,93,-5
30408,8.13,T,41,4,389,0,13,42,56,0,P,39,8,535,0,26,130,52,0,0,-2,4,146,0,13,88,-4,0
30409,3.16,Z,21,2,104,0,48,87,56,0,P,8,2,126,0,91,87,31,4,0,-13,0,22,0,43,0,-25,4
30410,7.46,Z,42,0,454,0,245,149,406,4,P,84,1,453,0,525,59,81,7,1,42,1,-1,0,280,-90,-325,3
30411,9.55,T,96,7,577,0,132,434,139,0,P,73,2,499,0,373,230,109,6,0,-23,-5,-78,0,241,-204,-30,6
30412,8.2,T,83,1,342,0,173,329,255,4,P,48,1,608,0,101,236,147,6,1,-35,0,266,0,-72,-93,-108,2
30413,6.35,T,67,0,319,0,224,211,51,31,T,45,2,413,0,140,241,186,3,0,-22,2,94,0,-84,30,135,-28
30414,7.42,Z,65,3,479,0,274,192,268,8,T,102,1,569,0,497,226,76,6,0,37,-2,90,0,223,34,-192,-2
30415,8.38,Z,93,9,414,0,622,204,257,12,T,73,5,496,0,316,156,147,3,1,-20,-4,82,0,-306,-48,-110,-9
30416,5.49,P,28,0,87,0,0,51,46,0,T,24,1,155,0,20,112,47,1,0,-4,1,68,0,20,61,1,1
30417,6.54,T,96,0,210,0,309,143,81,17,Z,53,6,392,0,585,249,221,5,0,-43,6,182,0,276,106,140,-12
30418,9.59,Z,72,5,568,0,96,229,234,2,T,67,1,700,0,357,299,264,5,1,-5,-4,132,0,261,70,30,3
30419,2.42,T,11,0,148,0,242,58,80,6,Z,11,0,135,0,45,63,59,3,0,0,0,-13,0,-197,5,-21,-3
30420,2.43,P,9,0,44,0,0,16,15,0,T,7,1,216,0,2,21,18,0,1,-2,1,172,0,2,5,3,0
30421,9.09,Z,64,7,775,0,235,220,351,0,T,98,0,603,0,149,343,160,9,0,34,-7,-172,0,-86,123,-191,9
30422,9.59,Z,47,0,332,0,0,148,119,1,P,39,0,798,0,3,63,69,3,1,-8,0,466,0,3,-85,-50,2
30423,10.52,T,56,0,750,0,155,224,105,8,T,83,2,634,0,156,242,183,6,0,27,2,-116,0,1,18,78,-2
30424,7.03,P,46,2,372,0,2,125,72,0,P,33,0,216,0,5,51,96,1,0,-13,-2,-156,0,3,-74,24,1
30425,9.59,Z,56,0,507,0,20,110,160,7,P,35,0,560,4,16,38,45,0,1,-21,0,53,4,-4,-72,-115,-7
30426,2.27,Z,9,3,80,0,122,75,89,2,Z,8,1,58,0,42,58,59,2,0,-1,-2,-22,0,-80,-17,-30,0
30427,6.25,T,28,0,469,0,2,31,41,2,P,29,1,212,0,7,133,43,2,1,1,1,-257,0,5,102,2,0
30428,7.05,Z,41,5,444,0,299,211,196,6,T,59,3,404,0,125,179,128,4,1,18,-2,-40,0,-174,-32,-68,-2
30429,9.59,T,49,4,634,0,22,71,78,3,P,42,0,467,0,13,135,60,3,1,-7,-4,-167,0,-9,64,-18,0
30430,5.42,T,34,1,275,0,108,87,71,11,T,22,0,315,0,0,68,42,2,0,-12,-1,40,0,-108,-19,-29,-9
30431,9.59,T,66,4,509,0,14,267,186,2,P,61,0,392,0,384,150,149,4,1,-5,-4,-117,0,370,-117,-37,2
30432,9.59,T,64,5,381,0,38,118,105,1,T,56,0,674,0,10,342,71,3,1,-8,-5,293,0,-28,224,-34,2
30433,3.18,Z,10,0,94,0,113,83,88,3,Z,14,0,75,0,43,74,57,1,1,4,0,-19,0,-70,-9,-31,-2
30434,10.39,Z,46,3,792,0,36,187,174,0,P,72,0,516,0,11,346,132,1,0,26,-3,-276,0,-25,159,-42,1
30435,10.29,P,48,0,738,0,25,86,50,5,T,125,6,574,0,174,410,237,1,0,77,6,-164,0,149,324,187,-4
30436,9.58,Z,62,5,791,0,697,224,213,17,T,65,6,642,0,72,304,133,2,0,3,1,-149,0,-625,80,-80,-15
30437,7.22,Z,54,8,434,0,89,334,179,2,Z,44,1,460,0,28,243,168,0,0,-10,-7,26,0,-61,-91,-11,-2
30438,2.25,Z,8,3,48,0,309,41,73,3,Z,11,2,170,0,131,38,71,4,0,3,-1,122,0,-178,-3,-2,1
30439,9,Z,65,2,433,0,255,298,305,13,T,96,0,422,0,597,307,199,18,0,31,-2,-11,0,342,9,-106,5
30440,10.14,Z,77,5,760,0,72,299,252,3,P,59,0,948,0,0,207,84,2,1,-18,-5,188,0,-72,-92,-168,-1
30441,6.49,T,68,0,276,0,200,212,57,8,T,45,0,241,0,202,108,119,11,0,-23,0,-35,0,2,-104,62,3
30442,5.48,Z,38,6,212,0,265,202,216,1,Z,37,2,477,0,124,82,135,8,1,-1,-4,265,0,-141,-120,-81,7
30443,9.59,Z,47,1,421,0,22,171,216,1,P,65,4,439,0,45,256,77,8,1,18,3,18,0,23,85,-139,7
30444,7.34,T,44,3,587,0,329,167,89,1,T,42,4,477,0,3,154,71,0,0,-2,1,-110,0,-326,-13,-18,-1
30445,9.59,T,92,3,597,0,870,227,125,6,T,81,0,513,0,462,197,370,12,0,-11,-3,-84,0,-408,-30,245,6
30446,9.59,P,73,0,647,0,31,174,123,9,T,37,0,393,0,29,130,97,5,0,-36,0,-254,0,-2,-44,-26,-4
30447,8.18,T,45,1,345,0,0,40,76,0,T,50,0,231,0,6,104,96,8,1,5,-1,-114,0,6,64,20,8
30448,10.22,P,57,0,526,0,36,52,64,15,Z,85,0,304,0,30,110,187,2,1,28,0,-222,0,-6,58,123,-13
30449,9.59,T,69,2,522,28,187,251,277,1,Z,101,11,532,1,189,393,430,10,1,32,9,10,-27,2,142,153,9
30450,9.58,P,57,2,504,0,27,213,84,0,P,59,0,538,0,7,188,70,5,0,2,-2,34,0,-20,-25,-14,5
30451,9.17,P,68,1,627,0,60,227,100,2,Z,48,5,447,0,24,124,162,1,1,-20,4,-180,0,-36,-103,62,-1
30452,6.02,Z,31,4,318,0,155,125,265,1,P,38,2,315,0,135,187,67,5,1,7,-2,-3,0,-20,62,-198,4
30453,8.55,Z,69,0,423,0,63,216,192,9,T,76,0,483,0,18,194,227,5,1,7,0,60,0,-45,-22,35,-4
30454,9.59,Z,128,9,552,0,765,218,325,10,T,134,0,576,0,995,291,224,12,0,6,-9,24,0,230,73,-101,2
30455,10.09,P,35,0,577,0,0,75,57,0,T,66,8,912,0,14,115,110,2,1,31,8,335,0,14,40,53,2
30456,10.4,T,67,0,588,4,54,253,196,1,Z,69,1,557,0,98,225,230,1,1,2,1,-31,-4,44,-28,34,0
30457,9.59,T,73,5,777,0,74,183,126,0,Z,89,0,381,0,36,248,203,5,1,16,-5,-396,0,-38,65,77,5
30458,9.58,Z,36,0,281,0,39,63,157,4,Z,39,0,170,0,6,66,140,2,1,3,0,-111,0,-33,3,-17,-2
30459,9.58,T,39,0,604,0,15,74,70,4,Z,37,0,459,0,0,61,111,0,0,-2,0,-145,0,-15,-13,41,-4
30460,9.59,T,64,3,634,0,31,101,109,2,Z,53,0,343,8,46,162,166,0,1,-11,-3,-291,8,15,61,57,-2
30461,7.04,T,49,6,620,0,77,205,90,3,P,32,0,384,0,4,186,59,5,1,-17,-6,-236,0,-73,-19,-31,2
30462,4.59,T,18,0,479,0,11,58,31,3,P,16,0,240,0,0,106,53,3,1,-2,0,-239,0,-11,48,22,0
30463,6.59,T,49,3,383,0,17,104,100,3,Z,31,11,367,0,229,76,103,0,0,-18,8,-16,0,212,-28,3,-3
30464,9.56,T,26,0,73,0,0,20,52,0,T,61,1,442,0,27,49,49,5,1,35,1,369,0,27,29,-3,5
30465,9.58,P,45,4,386,0,15,171,80,3,P,38,0,741,0,0,129,98,0,0,-7,-4,355,0,-15,-42,18,-3
30466,3.54,Z,11,1,205,0,2,22,52,1,Z,24,1,100,0,5,46,39,0,0,13,0,-105,0,3,24,-13,-1
30467,9.35,T,109,0,334,0,241,315,202,26,T,97,0,484,0,309,140,112,8,0,-12,0,150,0,68,-175,-90,-18
30468,5.28,Z,23,0,226,0,140,64,109,7,P,24,0,235,0,31,104,22,4,1,1,0,9,0,-109,40,-87,-3
30469,9.59,Z,61,0,366,0,25,447,172,7,T,174,2,430,0,55,224,111,0,1,113,2,64,0,30,-223,-61,-7
30470,8.55,Z,59,10,426,0,68,107,210,4,Z,44,0,185,0,14,129,155,3,0,-15,-10,-241,0,-54,22,-55,-1
30471,9.59,Z,89,7,400,0,92,110,193,5,T,95,4,386,0,63,302,243,12,0,6,-3,-14,0,-29,192,50,7
30472,9.59,P,30,2,689,0,9,196,81,0,P,44,0,426,0,0,79,64,0,0,14,-2,-263,0,-9,-117,-17,0
30473,8.16,Z,46,7,321,0,184,134,315,7,T,85,3,475,0,683,142,127,11,1,39,-4,154,0,499,8,-188,4
30474,4.05,Z,25,6,226,0,168,93,224,0,P,26,1,551,0,188,55,29,7,1,1,-5,325,0,20,-38,-195,7
30475,3.59,T,17,0,305,2,233,53,110,2,T,13,0,215,0,9,22,25,2,1,-4,0,-90,-2,-224,-31,-85,0
30476,9.58,Z,100,10,419,0,178,251,286,4,T,100,0,581,0,1056,237,173,13,0,0,-10,162,0,878,-14,-113,9
30477,5.56,T,45,1,373,0,322,119,118,9,Z,29,1,117,0,3,103,97,0,0,-16,0,-256,0,-319,-16,-21,-9
30478,9.59,Z,72,0,290,0,475,272,327,14,P,61,0,718,0,339,265,80,5,1,-11,0,428,0,-136,-7,-247,-9
30479,4.01,P,21,0,100,0,15,69,24,4,P,24,5,197,0,223,76,136,4,1,3,5,97,0,208,7,112,0
30480,9.54,P,32,0,524,0,0,91,46,0,P,46,2,577,0,8,430,58,0,1,14,2,53,0,8,339,12,0
30481,10.04,T,89,7,392,0,482,113,232,3,T,62,0,679,0,5,79,94,2,0,-27,-7,287,0,-477,-34,-138,-1
30482,9.59,T,59,0,382,0,20,133,120,2,Z,46,0,148,0,11,65,262,3,0,-13,0,-234,0,-9,-68,142,1
30483,9.59,T,54,3,516,0,13,71,109,0,P,46,2,774,0,5,154,65,0,1,-8,-1,258,0,-8,83,-44,0
30484,9.41,T,72,3,475,0,42,48,249,1,P,41,2,557,0,0,117,65,0,0,-31,-1,82,0,-42,69,-184,-1
30485,8.37,T,59,0,448,0,40,240,142,9,T,64,7,464,2,38,235,112,1,1,5,7,16,2,-2,-5,-30,-8
30486,9.04,T,81,4,303,0,103,155,94,1,T,79,3,429,0,437,220,152,4,0,-2,-1,126,0,334,65,58,3
30487,6.16,T,45,1,193,0,15,88,202,4,Z,33,9,262,0,29,112,84,0,0,-12,8,69,0,14,24,-118,-4
30488,5.03,T,44,0,274,0,216,153,117,7,T,44,0,280,0,572,149,192,9,0,0,0,6,0,356,-4,75,2
30489,0.26,Z,0,0,28,0,1,13,10,0,T,3,0,7,0,0,2,9,1,1,3,0,-21,0,-1,-11,-1,1
30490,9.19,Z,47,3,431,0,15,102,163,0,Z,53,11,306,0,159,121,294,3,1,6,8,-125,0,144,19,131,3
30491,9.19,P,78,0,495,0,179,268,222,13,T,93,1,400,0,62,432,91,12,1,15,1,-95,0,-117,164,-131,-1
30492,3.46,T,36,0,195,0,354,97,110,4,Z,13,0,68,0,8,59,65,3,1,-23,0,-127,0,-346,-38,-45,-1
30493,6.32,T,37,4,678,0,43,52,56,0,P,29,6,277,0,38,48,58,0,1,-8,2,-401,0,-5,-4,2,0
30494,2.22,T,10,0,272,0,0,40,20,3,P,10,0,36,0,0,15,12,1,0,0,0,-236,0,0,-25,-8,-2
30495,8.2,T,67,0,515,0,5,138,106,12,Z,49,0,506,0,99,265,236,5,1,-18,0,-9,0,94,127,130,-7
30496,9.59,Z,42,0,551,0,59,102,174,5,Z,46,0,324,0,0,164,315,0,1,4,0,-227,0,-59,62,141,-5
30497,7.1,P,42,1,479,0,245,232,111,1,T,56,1,326,0,182,267,104,10,1,14,0,-153,0,-63,35,-7,9
30498,8.22,Z,63,1,673,0,50,144,188,2,T,76,5,479,0,83,393,132,3,0,13,4,-194,0,33,249,-56,1
30499,9.58,T,47,0,660,0,9,100,59,2,Z,56,0,238,0,137,128,178,6,1,9,0,-422,0,128,28,119,4
30500,9.58,T,73,0,546,0,6,227,171,2,P,58,0,640,0,14,168,80,6,1,-15,0,94,0,8,-59,-91,4
30501,7.54,P,35,1,588,0,58,193,48,8,Z,58,0,660,0,157,140,223,14,1,23,-1,72,0,99,-53,175,6
30502,4,P,15,3,216,0,209,152,114,1,T,16,0,307,0,0,73,22,0,0,1,-3,91,0,-209,-79,-92,-1
30503,7.11,Z,38,0,589,0,85,112,112,8,T,55,4,482,0,43,252,60,4,1,17,4,-107,0,-42,140,-52,-4
30504,7.45,P,60,0,359,0,365,199,115,15,T,94,14,396,0,583,157,101,3,1,34,14,37,0,218,-42,-14,-12
30505,9.59,Z,56,1,251,0,28,41,201,0,P,71,5,496,0,117,143,78,1,1,15,4,245,0,89,102,-123,1
30506,9.59,T,72,10,554,2,216,166,98,0,Z,64,4,554,0,295,288,199,8,0,-8,-6,0,-2,79,122,101,8
30507,2.2,Z,8,0,119,0,8,52,24,1,P,6,2,102,0,12,72,11,0,0,-2,2,-17,0,4,20,-13,-1
30508,5.31,Z,20,0,502,0,5,34,78,2,Z,17,5,186,0,26,59,58,4,0,-3,5,-316,0,21,25,-20,2
30509,9.58,T,47,0,906,0,0,64,109,0,T,60,5,1038,0,22,235,166,0,1,13,5,132,0,22,171,57,0
30510,9.59,Z,69,0,414,0,196,149,222,7,T,114,8,525,0,125,182,141,5,0,45,8,111,0,-71,33,-81,-2
30511,8.12,T,60,2,428,0,785,65,74,9,P,54,6,291,0,597,163,140,7,1,-6,4,-137,0,-188,98,66,-2
30512,9.58,Z,47,0,535,0,15,222,179,1,P,48,0,453,0,21,221,76,3,0,1,0,-82,0,6,-1,-103,2
30513,4.2,Z,20,0,104,0,13,71,78,3,Z,18,1,220,0,10,32,99,1,0,-2,1,116,0,-3,-39,21,-2
30514,9.59,T,78,10,619,0,59,282,96,1,P,62,7,794,0,55,185,80,0,1,-16,-3,175,0,-4,-97,-16,-1
30515,3.37,T,21,0,331,0,143,36,39,7,P,19,0,199,0,81,67,28,3,0,-2,0,-132,0,-62,31,-11,-4
30516,6.36,Z,29,3,170,0,55,90,142,0,P,32,1,649,0,16,54,45,2,1,3,-2,479,0,-39,-36,-97,2
30517,9.12,P,94,4,374,0,258,392,167,9,Z,64,9,683,0,77,245,278,0,1,-30,5,309,0,-181,-147,111,-9
30518,8.26,T,81,0,367,0,228,285,187,7,P,52,0,467,0,220,309,95,12,0,-29,0,100,0,-8,24,-92,5
30519,9.06,P,43,0,548,0,17,126,58,3,Z,65,3,643,0,111,182,231,3,0,22,3,95,0,94,56,173,0
30520,4.59,P,25,0,273,0,40,62,104,4,T,32,0,110,0,22,42,39,10,1,7,0,-163,0,-18,-20,-65,6
30521,9.59,T,79,8,543,0,4,116,119,1,Z,51,0,523,8,40,203,229,0,0,-28,-8,-20,8,36,87,110,-1
30522,6.18,Z,31,3,381,6,942,84,133,0,Z,52,0,366,0,236,130,125,2,1,21,-3,-15,-6,-706,46,-8,2
30523,9.57,P,67,3,582,0,23,382,87,5,P,57,6,522,0,26,314,81,0,1,-10,3,-60,0,3,-68,-6,-5
30524,2.59,T,12,0,124,0,46,49,44,4,Z,9,0,70,0,222,91,40,4,1,-3,0,-54,0,176,42,-4,0
30525,6.24,T,31,0,244,0,2,35,65,4,P,25,1,283,0,88,76,33,4,0,-6,1,39,0,86,41,-32,0
30526,4.32,T,12,0,262,0,9,284,16,1,P,28,0,193,0,0,189,35,0,1,16,0,-69,0,-9,-95,19,-1
30527,4.36,T,28,0,120,0,173,210,102,8,T,32,1,137,0,448,143,102,3,0,4,1,17,0,275,-67,0,-5
30528,9.21,Z,70,0,218,0,146,90,168,9,Z,57,6,459,1,56,65,171,2,0,-13,6,241,1,-90,-25,3,-7
30529,10.36,T,63,0,445,0,45,85,72,8,T,79,6,448,0,647,229,308,26,1,16,6,3,0,602,144,236,18
30530,9.34,Z,104,8,435,0,460,350,354,0,T,120,10,528,24,554,378,230,3,0,16,2,93,24,94,28,-124,3
30531,9.59,P,48,1,619,0,35,162,78,5,T,41,0,404,0,10,93,44,6,0,-7,-1,-215,0,-25,-69,-34,1
30532,9.59,P,57,6,529,0,23,56,64,0,P,48,2,278,0,21,91,49,3,0,-9,-4,-251,0,-2,35,-15,3
30533,8.45,P,52,0,264,0,10,153,79,12,P,72,8,595,0,54,182,95,1,0,20,8,331,0,44,29,16,-11
30534,9.58,P,49,0,390,0,32,142,60,3,P,49,2,384,0,63,157,60,4,1,0,2,-6,0,31,15,0,1
30535,7.56,T,48,5,214,0,222,93,59,0,T,39,0,341,0,46,98,42,4,1,-9,-5,127,0,-176,5,-17,4
30536,3.28,P,23,2,107,0,244,83,32,0,T,18,5,174,0,27,21,13,0,1,-5,3,67,0,-217,-62,-19,0
30537,2.44,T,13,0,120,0,46,41,26,6,T,13,1,251,0,44,84,11,7,1,0,1,131,0,-2,43,-15,1
30538,4.14,P,16,0,323,0,7,83,25,3,T,16,0,141,0,7,25,23,2,1,0,0,-182,0,0,-58,-2,-1
30539,9.59,T,92,0,814,0,36,190,120,6,Z,74,0,551,0,99,252,198,20,1,-18,0,-263,0,63,62,78,14
30540,5.04,T,29,3,253,0,94,128,110,0,Z,20,3,249,0,48,56,90,0,1,-9,0,-4,0,-46,-72,-20,0
30541,6.59,P,30,0,567,0,4,52,35,2,P,34,0,314,0,8,150,45,3,0,4,0,-253,0,4,98,10,1
30542,8.43,T,90,8,725,0,308,230,120,2,P,73,0,539,21,98,394,128,0,0,-17,-8,-186,21,-210,164,8,-2
30543,3.01,T,7,0,119,0,270,65,79,3,Z,7,0,119,3,21,35,50,0,1,0,0,0,3,-249,-30,-29,-3
30544,8.31,Z,62,3,388,0,93,180,211,5,Z,59,8,291,0,795,290,314,13,1,-3,5,-97,0,702,110,103,8
30545,9.59,Z,80,2,441,2,75,207,247,9,T,107,0,550,0,98,159,124,12,0,27,-2,109,-2,23,-48,-123,3
30546,3.45,T,8,0,40,0,5,5,18,1,Z,16,2,443,0,22,78,52,0,0,8,2,403,0,17,73,34,-1
30547,8.46,T,55,0,195,0,43,183,305,5,T,74,0,556,0,280,170,166,10,1,19,0,361,0,237,-13,-139,5
30548,6.27,Z,42,0,443,0,64,98,137,7,Z,50,2,352,1,600,157,265,9,0,8,2,-91,1,536,59,128,2
30549,4.04,Z,20,2,189,0,18,51,51,4,Z,21,0,142,0,7,95,84,2,1,1,-2,-47,0,-11,44,33,-2
30550,6.21,Z,18,0,95,0,14,20,76,2,Z,37,0,190,0,52,82,123,7,1,19,0,95,0,38,62,47,5
30551,9.59,Z,49,4,305,0,342,105,243,8,Z,57,10,951,0,75,137,170,2,1,8,6,646,0,-267,32,-73,-6
30552,5.02,T,27,1,152,0,41,93,46,3,Z,26,0,140,0,50,98,110,2,1,-1,-1,-12,0,9,5,64,-1
30553,5.46,P,33,0,207,0,22,63,48,3,T,36,0,217,0,467,90,45,7,0,3,0,10,0,445,27,-3,4
30554,5.12,Z,33,2,346,4,89,106,118,0,P,31,0,237,0,130,125,30,5,1,-2,-2,-109,-4,41,19,-88,5
30555,6.18,Z,28,0,198,0,5,31,73,1,P,16,0,384,0,0,22,45,0,1,-12,0,186,0,-5,-9,-28,-1
30556,9.59,T,79,4,443,0,35,203,84,1,Z,47,2,422,0,28,182,177,0,0,-32,-2,-21,0,-7,-21,93,-1
30557,4.56,T,19,0,316,0,1,70,102,4,Z,26,2,90,0,109,28,60,0,1,7,2,-226,0,108,-42,-42,-4
30558,9.53,P,61,2,569,0,33,153,124,3,Z,53,2,774,0,564,194,297,2,0,-8,0,205,0,531,41,173,-1
30559,8.24,T,65,0,616,0,282,161,122,7,Z,37,1,303,0,651,64,286,3,0,-28,1,-313,0,369,-97,164,-4
30560,9.59,T,99,0,512,0,438,340,241,7,T,88,0,385,0,880,232,218,17,1,-11,0,-127,0,442,-108,-23,10
30561,9.59,T,75,0,277,0,393,243,104,12,T,84,0,808,0,75,280,133,9,1,9,0,531,0,-318,37,29,-3
30562,9.59,T,56,0,874,0,0,69,106,0,T,98,14,411,0,45,280,306,4,1,42,14,-463,0,45,211,200,4
30563,6.2,Z,17,2,353,0,9,232,83,0,P,36,0,336,0,0,68,54,0,1,19,-2,-17,0,-9,-164,-29,0
30564,8.31,Z,50,10,325,0,69,162,297,0,P,31,0,640,0,0,185,54,0,0,-19,-10,315,0,-69,23,-243,0
30565,9.58,T,45,0,846,0,0,74,101,0,T,75,2,513,0,54,203,95,2,0,30,2,-333,0,54,129,-6,2
30566,9.58,T,53,0,458,0,16,168,124,3,T,62,3,536,0,2,210,119,1,1,9,3,78,0,-14,42,-5,-2
30567,10.23,Z,52,3,1067,0,58,41,192,0,P,57,3,543,0,15,198,131,0,0,5,0,-524,0,-43,157,-61,0
30568,4.2,Z,20,6,180,0,23,126,92,0,Z,19,2,87,0,13,67,59,1,0,-1,-4,-93,0,-10,-59,-33,1
30569,4.1,T,21,1,97,0,42,52,21,6,P,15,1,85,0,0,127,195,1,0,-6,0,-12,0,-42,75,174,-5
30570,9.59,Z,45,7,535,0,63,93,184,7,P,53,3,932,0,22,186,85,1,0,8,-4,397,0,-41,93,-99,-6
30571,6.45,P,64,0,214,0,297,314,155,11,P,56,1,297,0,136,194,100,9,0,-8,1,83,0,-161,-120,-55,-2
30572,9.59,T,93,12,464,2,103,217,83,0,Z,74,5,605,0,164,185,454,5,0,-19,-7,141,-2,61,-32,371,5
30573,9.22,Z,55,0,827,0,11,129,146,2,T,56,0,380,0,20,173,123,8,0,1,0,-447,0,9,44,-23,6
30574,9.59,T,110,8,425,0,837,325,232,10,Z,120,6,488,0,653,370,320,7,1,10,-2,63,0,-184,45,88,-3
30575,9.37,T,78,5,934,0,116,48,47,0,T,52,0,331,0,22,115,84,8,1,-26,-5,-603,0,-94,67,37,8
30576,4.07,Z,23,0,235,0,66,151,96,6,Z,15,0,107,6,29,76,77,2,0,-8,0,-128,6,-37,-75,-19,-4
30577,3.51,Z,19,0,396,0,37,78,69,3,P,28,0,108,0,27,47,55,10,1,9,0,-288,0,-10,-31,-14,7
30578,5.54,Z,29,0,309,0,56,191,239,2,P,28,0,304,0,0,113,30,0,0,-1,0,-5,0,-56,-78,-209,-2
30579,9.15,T,67,0,418,20,97,211,160,4,Z,76,6,576,0,219,266,376,6,1,9,6,158,-20,122,55,216,2
30580,9.59,T,85,0,826,0,29,158,151,8,P,49,2,586,0,9,221,105,0,1,-36,2,-240,0,-20,63,-46,-8
30581,9.57,T,63,6,601,0,34,117,96,4,T,66,4,410,0,422,152,97,13,0,3,-2,-191,0,388,35,1,9
30582,0.25,T,1,0,36,0,0,7,2,4,T,3,0,18,0,5,5,9,1,1,2,0,-18,0,5,-2,7,-3
30583,9.58,Z,74,7,591,0,444,249,367,8,T,93,4,510,0,455,289,124,2,0,19,-3,-81,0,11,40,-243,-6
30584,9.59,P,104,12,619,1,269,366,141,10,P,151,11,591,0,482,341,235,11,1,47,-1,-28,-1,213,-25,94,1
30585,4.07,Z,17,2,159,0,155,73,191,4,Z,24,1,271,0,194,86,160,6,1,7,-1,112,0,39,13,-31,2
30586,3.11,Z,10,1,72,0,29,45,39,3,Z,15,1,241,0,19,55,44,0,1,5,0,169,0,-10,10,5,-3
30587,9.59,P,92,0,646,0,450,351,113,9,Z,64,0,336,0,17,109,174,1,0,-28,0,-310,0,-433,-242,61,-8
30588,9.58,Z,54,4,669,0,37,36,144,6,T,56,0,630,0,1,133,104,4,0,2,-4,-39,0,-36,97,-40,-2
30589,9.59,P,63,3,525,0,88,207,99,2,P,50,0,706,0,0,62,102,0,0,-13,-3,181,0,-88,-145,3,-2
30590,8.49,P,86,6,352,0,212,253,133,9,T,101,0,432,0,208,348,142,8,0,15,-6,80,0,-4,95,9,-1
30591,8.22,Z,60,0,743,0,18,95,168,1,P,35,0,308,0,11,39,38,4,1,-25,0,-435,0,-7,-56,-130,3
30592,9.59,P,58,0,576,0,150,177,88,10,T,86,0,535,0,70,177,192,11,0,28,0,-41,0,-80,0,104,1
30593,7.12,P,17,0,314,0,0,26,32,0,Z,31,1,268,0,82,151,141,4,0,14,1,-46,0,82,125,109,4
30594,9.59,T,94,0,608,0,119,131,125,7,Z,101,8,589,0,706,281,300,7,0,7,8,-19,0,587,150,175,0
30595,6.22,Z,34,0,258,0,26,52,99,4,P,14,0,413,0,0,22,24,0,0,-20,0,155,0,-26,-30,-75,-4
30596,9.58,P,33,0,564,0,0,133,69,1,P,49,0,412,0,0,99,75,0,1,16,0,-152,0,0,-34,6,-1
30597,6.03,T,46,0,288,0,110,112,96,11,T,62,0,405,0,566,155,116,10,1,16,0,117,0,456,43,20,-1
30598,9.59,T,73,0,312,0,33,218,149,3,Z,57,0,280,0,22,104,185,6,0,-16,0,-32,0,-11,-114,36,3
30599,5.07,Z,31,0,251,0,38,41,161,4,T,25,0,152,0,14,12,33,0,1,-6,0,-99,0,-24,-29,-128,-4
30600,10.21,Z,71,0,484,0,135,285,238,8,Z,70,4,458,2,474,201,342,5,0,-1,4,-26,2,339,-84,104,-3
30601,7.32,Z,31,0,326,0,0,94,141,0,Z,39,0,297,0,0,66,121,0,0,8,0,-29,0,0,-28,-20,0
30602,10.55,T,36,0,329,0,0,25,56,2,Z,67,4,709,0,18,98,177,0,1,31,4,380,0,18,73,121,-2
30603,4.5,Z,21,5,256,0,40,56,103,0,T,27,0,241,0,0,47,87,4,1,6,-5,-15,0,-40,-9,-16,4
30604,6.3,Z,39,0,602,0,23,231,159,7,Z,44,6,325,0,47,226,149,3,0,5,6,-277,0,24,-5,-10,-4
30605,10.33,T,85,7,917,0,38,191,134,2,Z,63,9,293,0,86,136,233,0,0,-22,2,-624,0,48,-55,99,-2
30606,8.07,Z,60,6,265,0,606,202,255,0,T,74,0,317,0,63,359,103,4,1,14,-6,52,0,-543,157,-152,4
30607,6.07,T,20,0,411,0,0,23,47,0,P,24,0,77,0,7,46,52,2,1,4,0,-334,0,7,23,5,2
30608,8.34,Z,113,14,503,0,359,280,275,1,T,104,4,233,2,653,138,196,13,0,-9,-10,-270,2,294,-142,-79,12
30609,0.15,Z,2,0,3,0,0,8,13,0,T,1,0,28,0,0,2,0,1,0,-1,0,25,0,0,-6,-13,1
30610,4.29,Z,15,0,368,0,0,107,70,0,T,27,2,223,0,35,246,81,2,1,12,2,-145,0,35,139,11,2
30611,9.59,Z,89,0,665,0,251,220,306,10,P,56,0,264,0,43,182,230,6,1,-33,0,-401,0,-208,-38,-76,-4
30612,9.59,Z,50,11,842,0,47,303,148,0,Z,73,6,437,0,266,294,286,12,1,23,-5,-405,0,219,-9,138,12
30613,3.14,Z,14,0,215,0,13,93,134,1,T,8,0,116,0,0,24,19,0,1,-6,0,-99,0,-13,-69,-115,-1
30614,9.01,T,76,0,428,0,147,223,114,11,Z,72,9,541,0,193,163,317,1,1,-4,9,113,0,46,-60,203,-10
30615,9.59,Z,51,0,377,0,6,143,169,3,T,51,0,737,0,0,89,91,0,0,0,0,360,0,-6,-54,-78,-3
30616,9.58,T,53,0,799,0,27,202,88,5,Z,58,0,247,0,0,76,248,0,1,5,0,-552,0,-27,-126,160,-5
30617,5.29,T,44,2,261,0,315,188,199,4,T,58,3,221,0,465,127,271,0,1,14,1,-40,0,150,-61,72,-4
30618,9.57,Z,54,0,487,0,42,143,174,6,P,50,0,767,0,28,187,116,5,1,-4,0,280,0,-14,44,-58,-1
30619,8.04,P,52,0,801,0,56,120,108,1,P,43,0,493,0,19,199,60,4,0,-9,0,-308,0,-37,79,-48,3
30620,9.59,T,98,5,630,0,187,264,220,4,Z,78,0,540,0,162,180,207,5,0,-20,-5,-90,0,-25,-84,-13,1
30621,9.59,T,66,4,250,0,47,40,54,0,Z,55,0,456,0,6,79,201,2,0,-11,-4,206,0,-41,39,147,2
30622,7.09,P,52,0,314,5,421,260,109,8,P,59,0,303,0,254,232,123,12,0,7,0,-11,-5,-167,-28,14,4
30623,10.39,Z,80,1,511,0,61,324,291,5,T,164,0,604,0,109,462,146,18,0,84,-1,93,0,48,138,-145,13
30624,2.07,P,15,0,132,0,50,54,20,7,P,13,0,107,0,32,49,13,3,0,-2,0,-25,0,-18,-5,-7,-4
30625,9.59,Z,78,8,722,0,102,255,300,3,Z,69,0,429,0,57,95,185,23,0,-9,-8,-293,0,-45,-160,-115,20
30626,4.28,P,23,0,253,0,52,120,19,7,Z,17,2,84,0,26,97,86,0,0,-6,2,-169,0,-26,-23,67,-7
30627,4.01,P,30,0,136,0,8,68,65,5,T,34,0,341,0,8,185,59,4,1,4,0,205,0,0,117,-6,-1
30628,10.04,P,65,5,498,0,437,319,74,5,Z,64,3,388,0,56,121,176,2,1,-1,-2,-110,0,-381,-198,102,-3
30629,9.59,P,68,7,507,0,13,215,130,1,T,62,2,853,0,1,222,116,0,0,-6,-5,346,0,-12,7,-14,-1
30630,10.5,Z,87,2,884,0,71,207,216,0,T,112,0,459,0,451,245,248,4,1,25,-2,-425,0,380,38,32,4
30631,9.59,T,130,0,378,0,102,269,289,10,Z,75,0,397,0,100,283,286,18,0,-55,0,19,0,-2,14,-3,8
30632,8.07,Z,62,4,437,0,101,268,176,16,P,30,2,336,0,13,88,49,1,0,-32,-2,-101,0,-88,-180,-127,-15
30633,9.59,T,128,2,609,0,65,190,330,10,T,90,5,767,0,143,324,186,8,1,-38,3,158,0,78,134,-144,-2
30634,3.27,P,14,1,103,0,0,38,27,0,T,13,2,171,0,1,30,39,0,0,-1,1,68,0,1,-8,12,0
30635,9.3,T,84,4,553,0,142,233,217,11,T,79,0,706,0,185,117,221,11,1,-5,-4,153,0,43,-116,4,0
30636,10.06,Z,79,10,504,0,195,119,242,5,Z,82,12,344,0,635,260,278,0,1,3,2,-160,0,440,141,36,-5
30637,5.18,P,18,0,133,0,0,93,22,0,P,9,0,171,0,0,104,38,0,0,-9,0,38,0,0,11,16,0
30638,10.32,Z,67,0,1033,0,0,385,233,0,T,80,0,305,0,4,152,99,9,1,13,0,-728,0,4,-233,-134,9
30639,9.59,T,30,0,558,0,0,156,70,1,T,29,0,284,0,3,46,56,3,1,-1,0,-274,0,3,-110,-14,2
30640,1.57,P,7,0,114,0,28,63,15,4,P,11,0,68,0,87,69,20,2,1,4,0,-46,0,59,6,5,-2
30641,9.59,T,39,1,219,0,2,69,74,0,T,55,6,540,0,89,38,103,4,1,16,5,321,0,87,-31,29,4
30642,7,Z,32,1,211,0,3,42,144,0,T,26,0,265,0,0,97,59,0,0,-6,-1,54,0,-3,55,-85,0
30643,10.42,P,37,0,730,0,0,20,52,0,P,47,0,650,0,0,97,94,0,1,10,0,-80,0,0,77,42,0
30644,9.59,T,38,2,683,0,0,60,68,0,T,40,0,544,0,0,98,63,0,0,2,-2,-139,0,0,38,-5,0
30645,5.03,P,24,0,264,0,242,186,31,8,T,27,1,279,0,517,46,49,2,1,3,1,15,0,275,-140,18,-6
30646,3.03,T,10,0,160,0,0,24,18,0,T,17,0,177,0,3,26,39,3,0,7,0,17,0,3,2,21,3
30647,9.58,P,45,4,410,0,12,224,55,1,T,61,3,636,0,4,99,116,0,1,16,-1,226,0,-8,-125,61,-1
30648,4.37,P,21,0,178,0,6,72,33,0,Z,12,1,81,0,5,24,69,2,1,-9,1,-97,0,-1,-48,36,2
30649,9.59,Z,56,0,489,0,67,189,207,2,P,56,0,580,0,23,181,151,11,1,0,0,91,0,-44,-8,-56,9
30650,5.35,Z,32,1,332,0,18,117,128,3,T,59,11,407,0,168,159,79,5,0,27,10,75,0,150,42,-49,2
30651,2.47,P,7,3,86,0,113,53,48,1,T,9,0,123,0,163,79,45,7,1,2,-3,37,0,50,26,-3,6
30652,8.06,T,80,2,336,0,289,243,130,6,T,51,1,627,0,127,136,102,8,0,-29,-1,291,0,-162,-107,-28,2
30653,7.08,T,62,0,289,0,68,133,115,3,T,90,0,489,0,482,302,171,18,1,28,0,200,0,414,169,56,15
30654,4.51,T,43,1,310,0,136,137,44,5,Z,20,0,219,0,22,24,119,4,1,-23,-1,-91,0,-114,-113,75,-1
30655,2.2,P,10,0,116,0,87,40,63,3,Z,10,2,51,0,166,68,89,2,1,0,2,-65,0,79,28,26,-1
30656,7.27,Z,38,0,342,0,0,108,137,0,T,61,0,362,0,5,234,104,4,0,23,0,20,0,5,126,-33,4
30657,5.25,P,24,0,377,0,0,61,36,0,P,26,0,333,0,0,83,54,0,0,2,0,-44,0,0,22,18,0
30658,8.58,T,59,2,537,0,372,166,103,4,Z,55,11,272,0,377,223,265,2,1,-4,9,-265,0,5,57,162,-2
30659,7,T,18,0,216,0,0,66,70,0,T,36,3,121,0,0,33,62,0,1,18,3,-95,0,0,-33,-8,0
30660,9.46,Z,57,2,243,0,57,124,174,2,P,38,6,665,0,26,153,69,0,0,-19,4,422,0,-31,29,-105,-2
30661,6.05,P,47,0,424,0,519,111,92,11,Z,46,7,338,0,342,159,253,6,1,-1,7,-86,0,-177,48,161,-5
30662,9.59,Z,63,0,646,0,85,158,172,12,P,76,4,653,0,109,246,103,4,0,13,4,7,0,24,88,-69,-8
30663,4.21,T,27,3,186,0,233,64,125,0,Z,0,0,1,0,0,0,0,0,0,-27,-3,-185,0,-233,-64,-125,0
30664,7.09,T,38,0,555,0,38,152,106,5,P,20,0,277,0,0,37,33,0,0,-18,0,-278,0,-38,-115,-73,-5
30665,1.04,Z,1,2,43,0,96,9,18,0,P,5,0,154,0,0,16,7,4,0,4,-2,111,0,-96,7,-11,4
30666,9.58,Z,58,3,379,0,134,103,192,5,T,117,8,510,0,129,180,161,10,1,59,5,131,0,-5,77,-31,5
30667,9.4,T,66,10,355,0,54,144,158,1,T,63,0,494,0,142,116,142,10,0,-3,-10,139,0,88,-28,-16,9
30668,9.59,Z,74,3,234,0,18,128,359,5,T,164,4,787,0,141,186,187,7,1,90,1,553,0,123,58,-172,2
30669,9.59,T,89,5,571,0,245,169,105,8,Z,73,0,602,0,39,219,368,5,0,-16,-5,31,0,-206,50,263,-3
30670,8.3,P,30,0,545,0,0,129,38,0,Z,29,0,473,0,0,99,109,0,0,-1,0,-72,0,0,-30,71,0
30671,7.26,T,29,0,370,0,11,53,43,3,P,26,0,552,0,1,59,37,4,1,-3,0,182,0,-10,6,-6,1
30672,6.51,T,62,0,426,0,389,165,152,7,T,69,1,338,0,556,200,100,11,0,7,1,-88,0,167,35,-52,4
30673,9.59,T,74,3,544,0,127,237,240,4,Z,53,9,435,0,49,89,187,1,0,-21,6,-109,0,-78,-148,-53,-3
30674,7.36,P,47,0,452,0,184,119,71,10,P,31,0,363,0,16,224,80,9,0,-16,0,-89,0,-168,105,9,-1
30675,8.11,T,66,2,398,0,154,169,243,11,Z,46,2,225,0,23,172,186,4,1,-20,0,-173,0,-131,3,-57,-7
30676,7.12,T,70,6,400,0,330,176,189,7,P,74,1,468,0,105,278,89,11,0,4,-5,68,0,-225,102,-100,4
30677,8.54,P,76,6,503,0,145,259,144,5,Z,59,5,969,0,16,143,186,0,0,-17,-1,466,0,-129,-116,42,-5
30678,9.51,T,89,3,730,0,803,257,174,3,Z,63,0,415,0,220,154,244,9,1,-26,-3,-315,0,-583,-103,70,6
30679,9.59,T,86,7,557,0,85,182,96,1,Z,98,4,535,0,267,174,313,3,1,12,-3,-22,0,182,-8,217,2
30680,10.55,T,102,7,397,0,388,180,124,1,Z,79,10,732,6,1216,239,330,0,1,-23,3,335,6,828,59,206,-1
30681,8.37,Z,74,8,682,0,106,203,214,11,Z,62,0,360,0,98,184,371,10,1,-12,-8,-322,0,-8,-19,157,-1
30682,9.59,Z,39,9,362,0,398,73,132,1,P,40,3,1082,0,23,206,65,2,1,1,-6,720,0,-375,133,-67,1
30683,9.58,P,44,0,708,0,9,189,68,2,T,57,0,726,0,0,74,121,0,1,13,0,18,0,-9,-115,53,-2
30684,6.03,T,42,1,529,0,44,187,65,6,T,36,0,254,0,226,92,71,5,1,-6,-1,-275,0,182,-95,6,-1
30685,9.45,Z,50,2,580,0,52,98,173,4,T,51,0,844,0,12,61,72,4,0,1,-2,264,0,-40,-37,-101,0
30686,8.45,P,86,10,377,0,297,252,238,2,T,100,2,667,0,752,237,123,15,0,14,-8,290,0,455,-15,-115,13
30687,5.03,T,34,1,119,0,241,193,119,8,T,35,0,175,0,239,99,94,4,0,1,-1,56,0,-2,-94,-25,-4
30688,5.03,Z,27,2,415,0,15,126,78,0,T,48,0,233,0,174,116,43,6,1,21,-2,-182,0,159,-10,-35,6
30689,3.52,Z,14,0,49,0,5,28,70,4,Z,17,1,59,0,19,31,42,6,0,3,1,10,0,14,3,-28,2
30690,4.25,P,24,1,275,0,6,111,89,1,P,24,0,304,0,51,104,86,16,1,0,-1,29,0,45,-7,-3,15
30691,6.58,T,46,2,275,0,58,148,51,10,Z,47,5,130,50,188,141,257,5,0,1,3,-145,50,130,-7,206,-5
30692,9.59,Z,33,0,116,0,3,215,183,1,Z,41,1,401,0,3,106,173,1,1,8,1,285,0,0,-109,-10,0
30693,2.48,T,6,0,128,0,264,30,34,6,Z,11,0,86,0,216,37,88,2,0,5,0,-42,0,-48,7,54,-4
30694,4.02,Z,16,3,144,0,263,105,68,1,T,18,2,243,0,408,59,23,2,1,2,-1,99,0,145,-46,-45,1
30695,10.21,Z,96,3,576,0,141,380,359,1,T,118,7,752,0,70,203,142,11,0,22,4,176,0,-71,-177,-217,10
30696,3.13,Z,7,4,150,0,64,34,113,1,P,14,0,244,0,95,51,15,4,0,7,-4,94,0,31,17,-98,3
30697,7.27,T,39,0,376,0,98,147,71,5,T,58,4,556,0,146,246,77,5,1,19,4,180,0,48,99,6,0
30698,7.18,T,75,0,503,0,23,189,137,5,Z,67,0,404,0,81,198,150,17,0,-8,0,-99,0,58,9,13,12
30699,9.59,Z,47,0,641,0,25,176,154,3,T,62,13,521,0,44,112,87,5,1,15,13,-120,0,19,-64,-67,2
30700,7.43,P,40,0,281,0,21,143,84,5,Z,50,2,435,0,43,83,144,2,1,10,2,154,0,22,-60,60,-3
30701,8.51,P,65,3,589,0,274,281,230,6,T,60,2,544,0,13,132,130,5,0,-5,-1,-45,0,-261,-149,-100,-1
30702,10.27,P,43,0,922,0,12,47,85,2,Z,33,0,393,0,19,92,105,1,1,-10,0,-529,0,7,45,20,-1
30703,10.24,P,56,3,622,0,132,386,84,8,P,85,5,704,0,16,251,163,3,1,29,2,82,0,-116,-135,79,-5
30704,6.56,P,66,8,373,6,70,147,80,1,T,51,7,251,0,125,144,129,13,1,-15,-1,-122,-6,55,-3,49,12
30705,4.32,Z,23,0,96,10,510,104,158,0,P,23,1,182,0,37,60,27,0,1,0,1,86,-10,-473,-44,-131,0
30706,6.4,Z,44,0,305,0,596,202,176,5,T,71,0,379,0,172,129,90,7,0,27,0,74,0,-424,-73,-86,2
30707,9.57,T,43,3,289,0,14,62,62,2,T,49,4,569,2,156,101,89,3,0,6,1,280,2,142,39,27,1
30708,8.31,T,70,0,785,0,54,114,57,8,Z,54,5,536,0,71,64,165,1,1,-16,5,-249,0,17,-50,108,-7
30709,3.02,Z,11,0,50,0,0,14,38,1,T,10,0,274,0,0,24,15,0,1,-1,0,224,0,0,10,-23,-1
30710,9.59,T,65,3,549,0,20,134,111,0,P,44,0,609,0,0,73,91,1,1,-21,-3,60,0,-20,-61,-20,1
30711,9.57,Z,67,15,417,0,35,65,247,0,P,63,2,338,0,19,179,133,2,0,-4,-13,-79,0,-16,114,-114,2
30712,3.03,T,14,2,94,0,119,71,67,3,T,17,0,87,0,203,63,46,4,0,3,-2,-7,0,84,-8,-21,1
30713,8.33,P,66,0,403,0,416,218,172,7,Z,55,0,429,0,180,146,346,5,0,-11,0,26,0,-236,-72,174,-2
30714,9.3,Z,89,2,447,0,246,334,292,6,P,70,5,542,0,570,408,117,9,1,-19,3,95,0,324,74,-175,3
30715,8.57,T,124,0,435,0,1001,304,204,55,T,117,0,430,0,668,232,291,23,1,-7,0,-5,0,-333,-72,87,-32
30716,9.42,T,49,0,505,0,112,106,60,5,T,65,4,314,0,30,92,83,0,0,16,4,-191,0,-82,-14,23,-5
30717,9.59,T,90,7,605,0,83,184,92,1,T,72,4,626,0,122,238,90,5,0,-18,-3,21,0,39,54,-2,4
30718,8.03,Z,78,7,305,0,537,302,278,9,P,68,0,453,0,14,180,87,2,0,-10,-7,148,0,-523,-122,-191,-7
30719,9.42,Z,50,1,449,0,10,83,144,0,T,88,0,670,0,66,178,112,10,1,38,-1,221,0,56,95,-32,10
30720,10.1,P,81,0,512,0,37,134,334,4,T,72,1,379,0,76,212,126,11,0,-9,1,-133,0,39,78,-208,7
30721,8.43,P,48,4,617,0,13,143,66,0,Z,40,0,478,0,91,118,229,5,0,-8,-4,-139,0,78,-25,163,5
30722,3.3,Z,14,0,288,0,0,18,37,0,T,13,0,266,0,0,12,31,1,1,-1,0,-22,0,0,-6,-6,1
30723,2.57,Z,15,3,129,0,34,57,52,4,Z,8,4,73,0,144,34,113,3,0,-7,1,-56,0,110,-23,61,-1
30724,7.35,P,46,0,347,0,22,95,66,2,Z,59,0,151,0,29,50,180,2,1,13,0,-196,0,7,-45,114,0
30725,9.59,Z,93,0,388,0,47,184,419,15,P,58,0,552,0,5,119,140,4,1,-35,0,164,0,-42,-65,-279,-11
30726,9.59,Z,59,4,771,0,80,273,261,0,P,51,0,597,0,86,230,96,3,0,-8,-4,-174,0,6,-43,-165,3
30727,6.57,P,37,6,449,0,13,48,40,0,T,62,1,535,0,96,137,74,0,1,25,-5,86,0,83,89,34,0
30728,6.32,T,36,6,335,0,388,90,128,5,T,62,5,366,0,26,183,103,5,1,26,-1,31,0,-362,93,-25,0
30729,10.23,P,111,12,449,0,288,377,95,6,T,113,6,371,0,455,178,193,9,0,2,-6,-78,0,167,-199,98,3
30730,9.59,P,69,1,677,0,275,199,125,14,Z,74,3,505,0,747,231,296,6,0,5,2,-172,0,472,32,171,-8
30731,6.26,T,64,3,446,11,399,243,124,2,P,51,0,293,0,103,119,46,10,1,-13,-3,-153,-11,-296,-124,-78,8
30732,9.58,P,83,2,456,0,92,312,99,10,T,67,0,416,0,10,128,112,15,0,-16,-2,-40,0,-82,-184,13,5
30733,1.44,P,4,0,63,0,0,11,82,0,T,13,1,132,0,27,83,13,6,0,9,1,69,0,27,72,-69,6
30734,9.57,T,41,0,547,0,0,77,90,0,T,57,6,1058,0,23,130,109,0,1,16,6,511,0,23,53,19,0
30735,6.26,T,43,2,488,0,22,141,68,1,Z,25,2,192,0,10,36,107,0,0,-18,0,-296,0,-12,-105,39,-1
30736,9.59,P,96,6,414,0,103,271,76,2,Z,98,10,320,0,410,379,304,3,1,2,4,-94,0,307,108,228,1
30737,6.02,P,35,0,492,0,299,123,65,7,Z,42,0,284,0,145,76,97,9,1,7,0,-208,0,-154,-47,32,2
30738,2.47,T,13,0,108,0,45,113,21,4,T,11,0,68,0,7,12,23,3,0,-2,0,-40,0,-38,-101,2,-1
30739,7.58,P,54,1,258,0,37,99,55,3,T,46,4,708,0,663,55,52,2,1,-8,3,450,0,626,-44,-3,-1
30740,7.09,P,54,2,320,0,503,230,88,15,T,88,0,340,0,503,171,207,19,1,34,-2,20,0,0,-59,119,4
30741,6.26,Z,50,0,203,0,144,212,259,8,Z,31,0,379,0,29,76,115,9,1,-19,0,176,0,-115,-136,-144,1
30742,7.4,P,37,0,564,0,4,177,69,4,T,39,0,433,0,28,17,47,5,0,2,0,-131,0,24,-160,-22,1
30743,9.54,T,83,0,384,19,110,262,184,5,T,60,1,439,0,5,255,175,5,0,-23,1,55,-19,-105,-7,-9,0
30744,1.18,Z,3,0,29,0,0,17,16,0,Z,5,0,1,0,0,7,24,2,1,2,0,-28,0,0,-10,8,2
30745,9.59,Z,76,11,486,0,107,230,205,3,T,89,0,529,0,517,185,70,7,1,13,-11,43,0,410,-45,-135,4
30746,10.48,Z,63,6,570,0,35,225,216,0,T,75,0,758,0,23,200,134,4,1,12,-6,188,0,-12,-25,-82,4
30747,9.57,P,33,0,661,0,0,211,79,0,Z,45,0,258,0,11,129,131,4,1,12,0,-403,0,11,-82,52,4
30748,8.56,Z,45,3,265,0,51,105,111,2,P,52,0,215,0,14,115,60,1,1,7,-3,-50,0,-37,10,-51,-1
30749,3.49,P,27,0,132,0,126,92,62,4,T,27,0,230,0,425,136,148,8,0,0,0,98,0,299,44,86,4
30750,9.19,T,86,1,554,13,358,147,176,0,Z,48,9,564,1,504,250,194,1,1,-38,8,10,-12,146,103,18,1
30751,7.47,Z,27,0,526,0,0,243,140,0,Z,29,0,127,0,0,47,75,1,0,2,0,-399,0,0,-196,-65,1
30752,9.59,Z,61,10,573,0,145,344,240,9,T,114,0,325,0,332,396,265,12,1,53,-10,-248,0,187,52,25,3
30753,8.06,T,92,7,499,0,523,202,121,7,P,75,1,275,0,117,234,73,17,1,-17,-6,-224,0,-406,32,-48,10
30754,9.59,P,45,0,930,0,0,85,81,1,Z,71,0,625,0,69,210,175,2,1,26,0,-305,0,69,125,94,1
30755,9.04,Z,66,3,324,0,471,383,255,26,P,105,0,439,0,88,288,91,5,1,39,-3,115,0,-383,-95,-164,-21
30756,9.1,T,59,0,768,0,0,195,78,0,T,36,0,817,0,0,146,95,0,0,-23,0,49,0,0,-49,17,0
30757,9.58,T,63,9,534,0,187,90,103,1,T,116,0,500,0,76,37,60,6,1,53,-9,-34,0,-111,-53,-43,5
30758,8.46,Z,38,0,629,0,18,187,128,2,Z,39,0,388,4,3,109,158,0,1,1,0,-241,4,-15,-78,30,-2
30759,9.59,P,45,1,375,0,10,134,239,18,P,39,0,313,0,11,290,100,6,0,-6,-1,-62,0,1,156,-139,-12
30760,1.44,Z,8,0,19,0,2,28,24,1,P,10,0,80,0,76,44,53,2,0,2,0,61,0,74,16,29,1
30761,9.59,Z,35,3,739,0,7,77,135,0,P,43,2,1026,0,12,109,96,0,1,8,-1,287,0,5,32,-39,0
30762,9.59,P,52,3,367,0,9,168,92,0,Z,57,8,616,0,30,196,148,1,1,5,5,249,0,21,28,56,1
30763,2.41,Z,11,1,80,0,316,42,135,1,T,11,0,170,0,40,113,80,6,1,0,-1,90,0,-276,71,-55,5
30764,9.3,T,76,7,504,0,98,214,158,1,T,87,4,197,11,145,151,117,1,1,11,-3,-307,11,47,-63,-41,0
30765,9.59,Z,67,0,432,0,655,269,251,13,P,68,4,719,0,26,264,115,0,0,1,4,287,0,-629,-5,-136,-13
30766,9.01,Z,83,0,378,0,124,323,288,9,T,97,4,624,0,556,249,271,15,0,14,4,246,0,432,-74,-17,6
30767,10.29,Z,92,0,545,0,408,331,302,13,Z,75,11,645,0,70,331,240,6,1,-17,11,100,0,-338,0,-62,-7
30768,8.49,Z,53,0,463,0,39,212,162,5,Z,58,3,267,0,54,213,211,3,0,5,3,-196,0,15,1,49,-2
30769,9.58,Z,69,9,333,3,120,219,234,0,Z,72,0,451,0,210,211,386,5,1,3,-9,118,-3,90,-8,152,5
30770,5.33,P,21,0,468,0,3,43,39,1,Z,24,5,262,0,63,154,66,2,1,3,5,-206,0,60,111,27,1
30771,9.2,T,113,0,425,0,230,236,76,6,Z,82,6,656,0,185,294,314,3,0,-31,6,231,0,-45,58,238,-3
30772,5,T,28,1,334,0,5,95,32,2,T,13,0,334,0,0,26,26,0,0,-15,-1,0,0,-5,-69,-6,-2
30773,8.29,T,106,3,489,0,156,303,156,10,T,90,3,441,0,448,211,165,13,0,-16,0,-48,0,292,-92,9,3
30774,9.59,P,63,0,438,0,28,100,45,12,Z,59,5,397,24,64,124,212,0,0,-4,5,-41,24,36,24,167,-12
30775,9.59,T,107,0,432,0,50,352,131,11,Z,73,9,497,0,274,283,264,5,0,-34,9,65,0,224,-69,133,-6
30776,10.39,P,53,2,893,0,20,272,110,3,Z,68,0,576,0,75,139,249,5,1,15,-2,-317,0,55,-133,139,2
30777,6.01,P,24,0,300,0,0,40,57,1,P,30,0,458,0,0,217,29,3,1,6,0,158,0,0,177,-28,2
30778,9.59,Z,65,0,730,0,25,81,166,6,T,124,0,811,0,25,462,144,8,1,59,0,81,0,0,381,-22,2
30779,9.24,P,39,0,530,0,18,102,46,6,T,49,0,298,0,2,51,106,2,0,10,0,-232,0,-16,-51,60,-4
30780,9.55,Z,46,7,400,0,46,217,166,0,P,61,0,629,0,305,348,191,16,0,15,-7,229,0,259,131,25,16
30781,5.46,Z,22,0,233,0,0,37,87,0,Z,27,2,305,0,15,83,97,0,1,5,2,72,0,15,46,10,0
30782,6.54,T,25,0,379,0,0,69,46,0,T,30,0,224,0,7,46,43,2,1,5,0,-155,0,7,-23,-3,2
30783,9.59,P,60,6,641,0,89,85,55,0,Z,65,3,560,0,114,277,196,11,1,5,-3,-81,0,25,192,141,11
30784,2.36,P,13,0,44,0,0,91,65,2,T,10,0,100,0,0,49,74,5,0,-3,0,56,0,0,-42,9,3
30785,2.26,T,11,0,137,0,116,72,41,8,Z,13,0,121,0,187,66,45,2,0,2,0,-16,0,71,-6,4,-6
30786,6.09,T,33,0,385,0,203,227,165,11,T,38,2,358,0,0,163,82,0,1,5,2,-27,0,-203,-64,-83,-11
30787,6.58,T,31,0,600,0,3,62,65,1,P,26,0,523,0,6,54,42,7,0,-5,0,-77,0,3,-8,-23,6
30788,9.56,Z,54,1,412,0,180,213,241,2,Z,56,0,193,0,35,204,260,2,0,2,-1,-219,0,-145,-9,19,0
30789,3.55,T,28,0,94,0,304,83,118,10,T,25,0,223,0,237,66,44,14,0,-3,0,129,0,-67,-17,-74,4
30790,5.23,Z,36,3,176,0,46,264,112,15,Z,32,9,236,0,289,210,114,0,0,-4,6,60,0,243,-54,2,-15
30791,7.35,Z,63,6,260,0,714,301,182,11,Z,74,2,410,0,525,254,212,9,0,11,-4,150,0,-189,-47,30,-2
30792,8.46,Z,52,3,536,0,46,129,153,2,T,71,0,284,0,12,83,147,7,1,19,-3,-252,0,-34,-46,-6,5
30793,5.01,P,19,0,209,0,0,40,43,0,Z,16,1,372,0,2,2,41,0,0,-3,1,163,0,2,-38,-2,0
30794,9.57,T,68,0,370,0,24,66,94,4,Z,47,0,669,0,49,64,188,4,0,-21,0,299,0,25,-2,94,0
30795,9.59,P,52,11,822,0,151,274,80,2,Z,55,1,621,0,37,155,154,5,0,3,-10,-201,0,-114,-119,74,3
30796,8.06,T,51,3,682,0,53,114,78,1,T,63,4,457,0,61,326,165,3,0,12,1,-225,0,8,212,87,2
30797,4.36,Z,25,6,199,0,10,97,174,0,P,29,1,415,0,265,102,43,4,1,4,-5,216,0,255,5,-131,4
30798,9.59,T,72,0,503,0,27,149,89,6,T,66,8,525,0,402,156,137,5,0,-6,8,22,0,375,7,48,-1
30799,9.59,Z,55,6,700,0,70,191,239,5,T,99,0,798,0,40,133,106,7,0,44,-6,98,0,-30,-58,-133,2
30800,3.48,Z,16,0,47,0,171,58,166,3,T,26,0,242,0,53,70,36,12,0,10,0,195,0,-118,12,-130,9
30801,8.48,T,40,0,781,0,9,91,76,2,Z,36,0,344,0,151,100,128,8,1,-4,0,-437,0,142,9,52,6
30802,4.38,T,24,0,248,0,110,83,78,4,T,26,1,287,0,127,58,23,6,1,2,1,39,0,17,-25,-55,2
30803,9.58,T,108,0,832,0,109,279,160,7,Z,63,11,349,0,56,188,256,2,0,-45,11,-483,0,-53,-91,96,-5
30804,4.43,T,12,2,182,0,4,25,31,0,P,16,0,53,0,1,25,14,0,0,4,-2,-129,0,-3,0,-17,0
30805,7.05,P,27,0,693,0,15,61,42,3,P,45,6,266,0,143,203,107,8,1,18,6,-427,0,128,142,65,5
30806,5.32,T,29,2,345,0,132,37,55,1,Z,22,0,494,0,5,36,104,3,1,-7,-2,149,0,-127,-1,49,2
30807,8.01,Z,32,8,377,0,31,52,91,1,P,42,2,462,0,64,149,112,2,1,10,-6,85,0,33,97,21,1
30808,2.35,P,13,0,141,0,14,70,13,2,Z,10,0,45,0,0,28,181,0,0,-3,0,-96,0,-14,-42,168,-2
30809,10.02,Z,50,0,1063,0,0,66,191,0,Z,28,0,1276,0,2,18,104,1,0,-22,0,213,0,2,-48,-87,1
30810,9.59,T,69,3,344,0,4,88,134,2,T,66,4,694,0,22,156,82,7,1,-3,1,350,0,18,68,-52,5
30811,1.43,P,5,0,48,0,25,53,15,2,P,4,0,72,0,4,48,5,2,0,-1,0,24,0,-21,-5,-10,0
30812,6.12,Z,57,4,228,0,391,206,160,9,P,57,3,288,0,348,173,88,13,0,0,-1,60,0,-43,-33,-72,4
30813,7.28,T,42,0,319,0,26,95,105,2,P,24,0,236,0,9,58,39,2,0,-18,0,-83,0,-17,-37,-66,0
30814,5.03,P,20,4,425,0,2,98,25,0,Z,14,0,233,0,15,27,33,3,0,-6,-4,-192,0,13,-71,8,3
30815,9.59,Z,63,2,462,0,300,262,418,3,Z,55,7,273,1,470,254,659,4,1,-8,5,-189,1,170,-8,241,1
30816,9.47,T,33,0,425,0,0,31,71,0,P,22,1,447,0,0,22,42,3,1,-11,1,22,0,0,-9,-29,3
30817,9.59,T,80,3,622,0,258,289,118,6,P,82,8,469,0,120,235,247,15,0,2,5,-153,0,-138,-54,129,9
30818,7.51,T,69,0,450,0,15,159,95,9,Z,49,3,300,0,829,113,140,3,0,-20,3,-150,0,814,-46,45,-6
30819,5.5,T,39,0,348,0,101,42,84,15,T,35,6,254,0,16,86,97,1,0,-4,6,-94,0,-85,44,13,-14
30820,8.31,T,66,4,329,0,30,230,132,1,Z,45,0,340,0,26,52,147,1,0,-21,-4,11,0,-4,-178,15,0
30821,9.59,T,99,0,569,0,26,128,152,13,Z,60,5,646,0,122,225,315,2,0,-39,5,77,0,96,97,163,-11
30822,9.57,T,173,0,382,0,349,519,178,40,Z,74,11,497,0,70,292,226,5,0,-99,11,115,0,-279,-227,48,-35
30823,5.36,Z,29,0,372,0,15,60,106,4,P,19,0,256,0,0,51,22,0,0,-10,0,-116,0,-15,-9,-84,-4
30824,9.58,T,48,3,223,0,0,109,130,0,T,54,0,594,0,16,119,89,6,1,6,-3,371,0,16,10,-41,6
30825,5.23,T,50,0,181,0,133,144,96,3,T,40,2,148,0,150,140,162,3,0,-10,2,-33,0,17,-4,66,0
30826,5.47,T,32,0,482,0,19,64,49,2,P,14,0,65,0,0,14,22,0,0,-18,0,-417,0,-19,-50,-27,-2
30827,7.28,T,100,8,315,0,399,237,188,7,Z,67,6,499,0,427,338,195,4,1,-33,-2,184,0,28,101,7,-3
30828,9.59,Z,74,1,665,0,409,256,240,4,T,109,4,580,0,317,225,145,1,0,35,3,-85,0,-92,-31,-95,-3
30829,5.07,Z,29,1,395,0,113,219,122,3,P,19,1,327,0,21,110,33,1,0,-10,0,-68,0,-92,-109,-89,-2
30830,7.39,T,72,8,635,0,20,248,147,1,T,38,0,461,0,6,113,87,3,1,-34,-8,-174,0,-14,-135,-60,2
30831,9.59,T,73,0,998,0,32,254,137,8,Z,51,0,359,0,50,159,178,4,1,-22,0,-639,0,18,-95,41,-4
30832,7.45,Z,45,1,396,0,15,139,117,0,T,90,5,432,0,298,195,79,4,1,45,4,36,0,283,56,-38,4
30833,6.54,P,24,0,530,0,2,100,54,1,Z,16,2,147,0,258,36,205,0,0,-8,2,-383,0,256,-64,151,-1
30834,5.21,T,46,0,223,0,375,160,159,13,P,49,0,206,0,174,105,100,7,0,3,0,-17,0,-201,-55,-59,-6
30835,9.59,T,96,7,679,0,457,196,92,6,T,109,3,742,0,302,302,81,10,0,13,-4,63,0,-155,106,-11,4
30836,4.39,T,40,3,315,0,284,117,40,2,Z,17,0,122,0,0,22,76,0,0,-23,-3,-193,0,-284,-95,36,-2
30837,9.59,P,43,0,689,0,0,244,111,2,P,40,0,698,0,11,199,114,5,1,-3,0,9,0,11,-45,3,3
30838,10.27,P,62,4,603,0,208,223,142,9,T,102,4,524,17,145,227,224,2,1,40,0,-79,17,-63,4,82,-7
30839,9.59,P,64,7,611,0,81,228,117,1,Z,64,0,324,0,32,244,274,5,1,0,-7,-287,0,-49,16,157,4
30840,3.42,P,19,0,94,0,78,61,100,3,T,19,0,304,0,29,97,149,11,0,0,0,210,0,-49,36,49,8
30841,9.58,T,65,0,856,0,52,135,89,5,P,45,1,357,0,25,191,200,5,0,-20,1,-499,0,-27,56,111,0
30842,3.17,P,15,0,69,0,163,100,58,3,T,22,0,174,0,7,45,72,4,0,7,0,105,0,-156,-55,14,1
30843,9.57,P,52,6,374,0,55,216,84,5,T,76,0,538,0,16,137,109,1,0,24,-6,164,0,-39,-79,25,-4
30844,4.05,Z,18,0,116,0,8,21,71,3,Z,8,3,68,0,18,26,39,0,0,-10,3,-48,0,10,5,-32,-3
30845,10.26,T,103,6,552,0,201,296,200,11,T,138,3,546,0,413,363,189,11,0,35,-3,-6,0,212,67,-11,0
30846,4.44,P,20,0,97,0,6,135,91,5,P,24,3,112,2,42,142,34,1,0,4,3,15,2,36,7,-57,-4
30847,9.02,P,79,0,284,0,142,339,240,9,Z,53,2,482,0,46,220,207,1,0,-26,2,198,0,-96,-119,-33,-8
30848,3.39,Z,16,1,104,0,48,100,50,2,P,24,0,229,0,25,95,21,1,0,8,-1,125,0,-23,-5,-29,-1
30849,3.27,T,20,2,216,4,279,134,33,1,P,12,2,69,0,466,53,34,2,1,-8,0,-147,-4,187,-81,1,1
30850,10.58,T,135,0,583,0,959,377,292,18,Z,92,4,452,0,593,255,361,10,1,-43,4,-131,0,-366,-122,69,-8
30851,5.48,T,38,2,179,0,376,106,52,3,T,43,0,243,0,22,335,80,3,1,5,-2,64,0,-354,229,28,0
30852,9.59,T,83,0,681,0,10,233,163,6,P,79,0,510,0,377,267,167,16,1,-4,0,-171,0,367,34,4,10
30853,8.47,P,63,0,494,0,229,249,214,3,Z,37,0,542,0,18,98,113,2,0,-26,0,48,0,-211,-151,-101,-1
30854,9.51,T,63,11,393,0,70,182,104,5,T,91,8,457,0,325,173,113,11,1,28,-3,64,0,255,-9,9,6
30855,9.59,P,51,6,555,0,48,201,76,0,T,71,4,821,0,115,217,92,0,0,20,-2,266,0,67,16,16,0
30856,7.33,P,56,3,269,0,47,219,45,7,P,67,4,257,0,132,178,146,5,1,11,1,-12,0,85,-41,101,-2
30857,9.59,T,103,0,486,0,74,161,98,10,T,69,3,192,0,36,71,77,8,1,-34,3,-294,0,-38,-90,-21,-2
30858,9.58,P,72,1,428,0,164,271,66,7,Z,87,8,438,0,116,243,201,1,0,15,7,10,0,-48,-28,135,-6
30859,9.59,P,79,2,461,0,62,229,98,12,T,99,5,531,0,179,269,153,4,0,20,3,70,0,117,40,55,-8
30860,1.42,T,7,2,66,0,24,45,12,0,Z,4,0,55,0,7,7,18,2,1,-3,-2,-11,0,-17,-38,6,2
30861,9.59,T,79,0,1004,0,44,224,139,7,Z,77,7,783,0,95,197,244,8,0,-2,7,-221,0,51,-27,105,1
30862,10.4,T,64,0,404,0,13,365,227,13,Z,55,5,247,0,313,192,207,0,0,-9,5,-157,0,300,-173,-20,-13
30863,7.45,Z,34,2,270,0,54,90,147,2,T,67,3,247,0,75,274,156,0,1,33,1,-23,0,21,184,9,-2
30864,9.59,P,53,9,609,0,41,147,69,0,Z,53,0,244,0,31,137,151,2,1,0,-9,-365,0,-10,-10,82,2
30865,0.43,T,3,0,2,0,0,3,3,0,T,5,2,36,0,1,10,5,0,1,2,2,34,0,1,7,2,0
30866,4.04,P,13,0,108,0,0,10,11,0,T,20,0,167,0,753,25,45,6,1,7,0,59,0,753,15,34,6
30867,9.59,T,98,0,474,0,700,192,141,10,Z,77,0,1087,0,31,90,193,4,1,-21,0,613,0,-669,-102,52,-6
30868,3.44,Z,10,0,215,0,25,48,81,3,T,30,1,214,0,282,43,22,7,1,20,1,-1,0,257,-5,-59,4
30869,5.11,Z,19,1,326,0,39,146,82,3,Z,22,9,121,0,19,68,66,0,1,3,8,-205,0,-20,-78,-16,-3
30870,8.27,Z,41,5,531,0,98,118,194,0,T,28,0,663,0,0,62,77,2,1,-13,-5,132,0,-98,-56,-117,2
30871,8.22,P,48,0,510,0,82,329,53,9,Z,53,0,850,0,49,289,197,7,0,5,0,340,0,-33,-40,144,-2
30872,8.44,Z,49,0,220,0,46,304,200,13,T,34,4,412,3,19,168,81,0,0,-15,4,192,3,-27,-136,-119,-13
30873,9.35,T,66,9,646,1,102,212,103,0,T,73,2,362,0,126,417,164,7,1,7,-7,-284,-1,24,205,61,7
30874,8.42,Z,33,7,453,2,47,196,181,1,T,64,0,438,0,22,151,95,4,0,31,-7,-15,-2,-25,-45,-86,3
30875,9.58,P,70,0,546,0,299,322,75,7,Z,57,0,780,0,59,76,170,2,0,-13,0,234,0,-240,-246,95,-5
30876,7.37,P,35,6,563,3,54,164,80,0,Z,35,2,532,0,14,106,138,0,1,0,-4,-31,-3,-40,-58,58,0
30877,7.41,P,53,1,440,0,329,203,64,7,T,85,5,440,0,574,142,85,4,0,32,4,0,0,245,-61,21,-3
30878,10.58,T,172,0,564,0,545,256,276,16,Z,105,0,657,20,504,306,443,1,0,-67,0,93,20,-41,50,167,-15
30879,9.59,Z,72,1,715,0,197,188,395,2,P,74,0,792,0,99,205,97,5,1,2,-1,77,0,-98,17,-298,3
30880,9.15,T,119,0,532,0,641,453,223,13,Z,76,11,650,0,800,173,364,6,1,-43,11,118,0,159,-280,141,-7
30881,8.04,P,53,3,577,0,393,344,121,9,T,63,0,534,0,607,186,73,10,1,10,-3,-43,0,214,-158,-48,1
30882,3.48,P,19,1,183,0,5,90,36,2,P,11,0,220,0,1,26,13,1,1,-8,-1,37,0,-4,-64,-23,-1
30883,3.36,P,13,0,87,0,57,181,7,2,P,13,1,17,1,0,27,38,0,0,0,1,-70,1,-57,-154,31,-2
30884,0.13,T,2,1,14,0,0,0,3,0,T,1,0,24,0,0,3,0,0,0,-1,-1,10,0,0,3,-3,0
30885,4.36,P,10,0,101,0,0,20,31,0,T,17,0,203,0,6,86,33,2,0,7,0,102,0,6,66,2,2
30886,9.57,P,37,6,430,0,3,183,57,0,T,56,2,353,0,35,48,79,2,0,19,-4,-77,0,32,-135,22,2
30887,5.34,T,21,2,110,0,0,24,71,1,T,22,4,448,0,1,26,43,0,0,1,2,338,0,1,2,-28,-1
30888,7.24,P,40,0,352,0,44,128,38,8,T,47,1,334,0,32,67,57,3,1,7,1,-18,0,-12,-61,19,-5
30889,3.44,P,9,0,167,0,2,22,10,2,T,14,0,192,0,26,49,48,3,1,5,0,25,0,24,27,38,1
30890,7.09,P,26,0,370,0,0,62,38,1,P,32,5,403,0,45,134,49,2,0,6,5,33,0,45,72,11,1
30891,6.02,P,43,1,285,0,21,111,30,1,T,35,0,467,0,43,86,65,6,0,-8,-1,182,0,22,-25,35,5
30892,9.59,T,62,4,527,0,16,38,83,0,Z,50,0,605,4,38,61,157,0,1,-12,-4,78,4,22,23,74,0
30893,6.41,T,64,0,365,0,56,240,108,12,T,58,0,672,0,257,187,121,6,1,-6,0,307,0,201,-53,13,-6
30894,9.58,T,52,1,467,0,15,20,59,6,P,33,0,425,0,0,25,34,0,0,-19,-1,-42,0,-15,5,-25,-6
30895,4.23,T,20,2,211,0,381,54,47,12,Z,28,5,231,0,246,86,82,0,1,8,3,20,0,-135,32,35,-12
30896,9.43,P,59,0,525,0,20,132,78,5,P,51,5,276,0,8,311,119,1,1,-8,5,-249,0,-12,179,41,-4
30897,4.41,Z,18,1,211,0,4,44,57,1,T,36,0,109,0,421,75,92,6,1,18,-1,-102,0,417,31,35,5
30898,9.31,Z,91,23,497,3,138,200,311,2,T,118,4,365,0,444,287,191,23,0,27,-19,-132,-3,306,87,-120,21
30899,9.59,T,133,0,579,0,51,34,89,6,Z,50,0,334,0,32,117,209,5,1,-83,0,-245,0,-19,83,120,-1
30900,6.48,Z,26,0,262,0,0,173,102,0,T,35,1,109,0,6,94,94,0,1,9,1,-153,0,6,-79,-8,0
30901,7.59,T,77,0,450,0,56,155,84,7,Z,50,2,497,0,177,179,156,2,0,-27,2,47,0,121,24,72,-5
30902,7.4,T,82,2,551,0,52,200,80,0,T,60,3,413,0,71,145,166,4,0,-22,1,-138,0,19,-55,86,4
30903,6.5,T,51,0,247,0,224,114,65,4,T,56,1,398,0,227,135,193,13,1,5,1,151,0,3,21,128,9
30904,6.43,P,22,3,397,0,2,82,34,0,T,5,0,390,0,0,128,15,0,0,-17,-3,-7,0,-2,46,-19,0
30905,7.22,P,26,1,907,0,8,29,54,2,P,32,4,413,0,13,107,44,1,1,6,3,-494,0,5,78,-10,-1
30906,9.41,P,47,0,492,0,13,200,111,2,Z,52,0,664,0,139,164,234,4,0,5,0,172,0,126,-36,123,2
30907,9.59,Z,35,2,745,0,67,201,306,0,T,60,0,927,0,0,105,112,1,0,25,-2,182,0,-67,-96,-194,1
30908,7.39,P,63,0,421,0,226,198,136,5,Z,70,9,283,0,526,122,240,7,1,7,9,-138,0,300,-76,104,2
30909,9.59,Z,87,1,571,0,38,179,218,7,T,81,0,971,0,145,195,114,7,0,-6,-1,400,0,107,16,-104,0
30910,4.36,P,29,3,212,0,15,74,30,5,Z,31,0,200,0,146,122,130,6,1,2,-3,-12,0,131,48,100,1
30911,7.29,P,33,0,396,0,0,66,66,0,Z,34,2,441,0,29,99,112,4,0,1,2,45,0,29,33,46,4
30912,2.49,P,13,1,173,0,100,92,59,2,T,13,1,217,0,198,70,45,1,0,0,0,44,0,98,-22,-14,-1
30913,10.14,T,66,0,553,0,13,149,72,2,Z,50,0,624,0,0,174,298,0,0,-16,0,71,0,-13,25,226,-2
30914,9.08,P,53,2,618,0,247,85,272,2,P,70,0,207,0,189,318,269,7,1,17,-2,-411,0,-58,233,-3,5
30915,9.59,T,120,0,521,0,862,286,206,11,Z,68,7,379,0,197,227,200,5,0,-52,7,-142,0,-665,-59,-6,-6
30916,5.08,P,15,0,290,0,3,51,34,3,T,26,2,309,0,550,101,126,5,1,11,2,19,0,547,50,92,2
30917,5.06,Z,15,0,261,0,5,65,58,0,T,33,0,370,0,10,114,37,5,1,18,0,109,0,5,49,-21,5
30918,1.29,P,5,0,69,0,1,21,12,1,Z,4,0,30,0,7,12,16,1,1,-1,0,-39,0,6,-9,4,0
30919,9.59,P,63,4,599,0,31,290,126,7,Z,68,0,506,0,292,170,201,9,1,5,-4,-93,0,261,-120,75,2
30920,3.19,Z,12,0,201,0,97,43,47,7,Z,17,0,152,0,14,28,60,2,1,5,0,-49,0,-83,-15,13,-5
30921,8.08,T,63,5,339,0,68,183,65,1,Z,47,0,545,0,391,158,125,8,0,-16,-5,206,0,323,-25,60,7
30922,9.59,T,113,3,508,0,313,380,116,6,Z,59,0,507,0,27,99,170,5,0,-54,-3,-1,0,-286,-281,54,-1
30923,9.58,T,43,0,482,0,9,46,74,7,T,58,3,654,0,1,65,95,0,0,15,3,172,0,-8,19,21,-7
30924,10.44,T,103,6,868,0,13,131,133,1,T,88,0,517,0,137,330,126,13,1,-15,-6,-351,0,124,199,-7,12
30925,9.59,Z,105,6,505,17,188,406,352,1,T,130,0,493,0,638,351,221,21,1,25,-6,-12,-17,450,-55,-131,20
30926,3.48,Z,16,1,110,0,326,70,163,6,T,27,0,176,0,168,128,27,11,0,11,-1,66,0,-158,58,-136,5
30927,3.56,Z,16,3,235,1,11,19,67,0,T,22,0,164,0,19,34,22,4,0,6,-3,-71,-1,8,15,-45,4
30928,8.46,Z,37,4,479,0,17,60,109,0,T,38,4,548,0,21,52,58,0,1,1,0,69,0,4,-8,-51,0
30929,3.3,T,12,1,233,0,3,13,12,0,Z,10,0,57,0,2,10,79,0,1,-2,-1,-176,0,-1,-3,67,0
30930,9.59,T,144,0,559,0,470,474,127,9,T,83,8,574,0,50,217,117,3,0,-61,8,15,0,-420,-257,-10,-6
30931,9.33,Z,58,0,225,0,72,138,189,6,T,85,0,646,0,154,314,94,6,0,27,0,421,0,82,176,-95,0
30932,7.57,P,59,0,356,0,693,271,123,8,T,84,0,434,0,132,327,166,9,0,25,0,78,0,-561,56,43,1
30933,7.33,T,74,0,401,0,307,176,119,22,P,62,0,410,0,591,269,162,12,0,-12,0,9,0,284,93,43,-10
30934,6.41,Z,24,0,602,0,12,64,88,4,Z,27,1,202,0,175,162,127,10,0,3,1,-400,0,163,98,39,6
30935,1.56,T,5,0,144,0,0,7,14,0,P,5,0,30,0,0,7,10,1,1,0,0,-114,0,0,0,-4,1
30936,9.58,Z,44,0,217,0,28,98,149,2,T,80,0,708,0,44,121,111,7,0,36,0,491,0,16,23,-38,5
30937,3.37,P,24,1,127,0,17,52,20,1,P,17,0,172,11,28,96,52,0,0,-7,-1,45,11,11,44,32,-1
30938,9.14,Z,74,0,569,0,364,238,302,7,T,148,0,446,0,202,275,113,14,1,74,0,-123,0,-162,37,-189,7
30939,2.1,T,10,0,81,0,0,32,28,4,T,5,2,87,0,385,13,2,0,1,-5,2,6,0,385,-19,-26,-4
30940,9.55,Z,72,12,632,0,215,419,276,2,Z,71,4,266,0,101,185,275,1,1,-1,-8,-366,0,-114,-234,-1,-1
30941,9.59,T,65,0,303,0,11,116,101,6,T,67,0,482,0,124,243,123,6,0,2,0,179,0,113,127,22,0
30942,9.58,P,32,0,339,0,8,106,76,5,T,66,0,526,0,104,138,80,11,0,34,0,187,0,96,32,4,6
30943,9.37,Z,81,7,583,0,181,253,291,7,T,105,4,439,0,284,360,474,3,1,24,-3,-144,0,103,107,183,-4
30944,9.59,T,47,0,530,0,37,208,62,11,T,66,7,805,0,23,132,110,0,1,19,7,275,0,-14,-76,48,-11
30945,9.59,Z,63,0,730,0,364,228,209,1,Z,58,9,260,7,57,234,208,1,0,-5,9,-470,7,-307,6,-1,0
30946,4.02,T,23,0,109,0,57,64,29,4,T,21,0,114,0,340,28,20,2,1,-2,0,5,0,283,-36,-9,-2
30947,6.09,P,30,2,205,0,56,130,136,0,Z,25,0,231,0,21,50,76,4,0,-5,-2,26,0,-35,-80,-60,4
30948,9.59,P,61,0,515,0,40,158,87,4,T,61,3,774,0,7,140,110,1,0,0,3,259,0,-33,-18,23,-3
30949,6.57,P,27,0,141,0,0,88,17,0,T,34,0,188,0,0,56,63,0,0,7,0,47,0,0,-32,46,0
30950,10.39,Z,56,2,331,0,143,303,298,0,T,115,5,265,0,47,199,81,5,0,59,3,-66,0,-96,-104,-217,5
30951,9.59,Z,70,0,546,0,72,146,265,5,P,43,0,662,0,0,176,88,0,0,-27,0,116,0,-72,30,-177,-5
30952,9.59,Z,65,0,443,0,30,188,236,2,T,116,0,942,0,200,297,158,7,0,51,0,499,0,170,109,-78,5
30953,9.59,Z,71,0,226,0,255,231,261,3,Z,66,5,408,0,116,268,249,7,0,-5,5,182,0,-139,37,-12,4
30954,9.58,P,48,0,281,0,35,233,315,9,T,75,5,834,0,96,96,89,9,0,27,5,553,0,61,-137,-226,0
30955,4.02,Z,19,1,255,0,190,92,109,4,P,24,5,314,0,44,86,16,0,0,5,4,59,0,-146,-6,-93,-4
30956,3.56,P,19,0,92,0,24,83,29,2,P,17,0,125,0,15,117,77,2,0,-2,0,33,0,-9,34,48,0
30957,8.5,P,59,3,412,0,279,162,142,9,T,66,0,546,0,68,304,111,14,1,7,-3,134,0,-211,142,-31,5
30958,5.08,P,28,3,319,0,17,167,27,1,Z,24,4,163,0,137,115,131,12,1,-4,1,-156,0,120,-52,104,11
30959,9.59,T,151,0,397,0,593,445,228,8,Z,90,0,419,0,494,346,329,16,1,-61,0,22,0,-99,-99,101,8
30960,9.59,Z,74,0,526,17,224,195,289,1,T,95,9,519,0,699,259,235,0,0,21,9,-7,-17,475,64,-54,-1
30961,9.59,Z,28,0,319,0,5,50,112,5,T,58,0,546,2,12,159,161,0,1,30,0,227,2,7,109,49,-5
30962,8.14,T,68,8,483,0,42,102,100,0,Z,44,0,798,0,61,98,159,8,1,-24,-8,315,0,19,-4,59,8
30963,9.11,Z,65,2,511,3,79,277,257,8,Z,81,10,247,0,647,232,486,7,1,16,8,-264,-3,568,-45,229,-1
30964,7.37,T,63,0,649,0,753,162,265,13,T,55,2,433,0,217,261,139,4,1,-8,2,-216,0,-536,99,-126,-9
30965,5.24,P,38,0,328,0,454,203,43,12,P,41,0,165,0,440,151,267,5,1,3,0,-163,0,-14,-52,224,-7
30966,7.29,P,67,0,487,0,270,181,158,10,Z,46,3,406,0,88,193,157,4,0,-21,3,-81,0,-182,12,-1,-6
30967,10.21,P,58,7,430,0,28,99,62,1,Z,38,0,923,0,22,114,159,0,1,-20,-7,493,0,-6,15,97,-1
30968,9.59,T,66,4,306,0,5,80,88,1,P,26,4,762,0,2,131,50,0,0,-40,0,456,0,-3,51,-38,-1
30969,6.49,P,32,0,217,0,20,66,46,3,P,17,0,740,0,2,24,33,0,0,-15,0,523,0,-18,-42,-13,-3
30970,3.09,Z,22,1,53,0,16,53,54,0,Z,11,1,136,0,31,101,63,1,1,-11,0,83,0,15,48,9,1
30971,4.29,Z,25,0,155,0,30,47,118,1,P,21,0,227,0,6,78,29,3,0,-4,0,72,0,-24,31,-89,2
30972,9.59,T,65,2,434,0,73,292,66,4,T,83,7,696,109,326,220,428,1,0,18,5,262,109,253,-72,362,-3
30973,9.59,Z,52,0,390,11,79,178,237,0,T,83,0,411,0,44,324,106,7,0,31,0,21,-11,-35,146,-131,7
30974,5.55,T,39,0,379,0,15,40,41,4,T,30,5,304,0,35,136,57,0,1,-9,5,-75,0,20,96,16,-4
30975,9.35,Z,41,0,490,0,0,161,113,0,P,51,0,372,0,0,157,93,1,0,10,0,-118,0,0,-4,-20,1
30976,5.44,Z,33,5,248,0,475,163,122,3,T,39,2,261,0,20,230,61,2,1,6,-3,13,0,-455,67,-61,-1
30977,2.31,T,13,0,128,0,84,49,45,5,P,9,0,127,0,7,123,4,2,1,-4,0,-1,0,-77,74,-41,-3
30978,9.59,Z,53,0,630,0,169,320,388,13,P,36,0,451,0,2,202,51,5,1,-17,0,-179,0,-167,-118,-337,-8
30979,5.59,T,54,3,449,0,434,209,68,5,T,33,0,350,0,15,92,54,5,0,-21,-3,-99,0,-419,-117,-14,0
30980,9.01,T,20,0,766,0,9,162,61,0,P,59,0,352,0,291,145,85,8,1,39,0,-414,0,282,-17,24,8
30981,9.11,P,63,7,410,0,168,166,74,9,T,79,3,484,0,140,174,233,2,0,16,-4,74,0,-28,8,159,-7
30982,9.58,Z,78,1,313,0,109,223,258,5,P,72,3,645,0,61,231,106,0,1,-6,2,332,0,-48,8,-152,-5
30983,4.11,T,25,0,299,0,35,142,35,4,T,22,0,143,0,1,72,28,4,1,-3,0,-156,0,-34,-70,-7,0
30984,4.24,Z,10,0,193,0,176,19,59,1,T,18,0,237,0,6,40,27,1,0,8,0,44,0,-170,21,-32,0
30985,7.09,P,34,0,420,0,28,260,46,3,P,38,0,375,0,14,186,189,4,0,4,0,-45,0,-14,-74,143,1
30986,9.59,P,59,0,499,11,569,300,229,0,Z,44,4,883,0,78,385,177,0,0,-15,4,384,-11,-491,85,-52,0
30987,7.03,T,40,7,537,0,31,82,44,0,Z,25,0,393,0,10,50,83,4,0,-15,-7,-144,0,-21,-32,39,4
30988,6.22,Z,38,4,232,0,98,53,133,0,P,39,2,248,0,108,84,116,6,0,1,-2,16,0,10,31,-17,6
30989,9.56,T,58,0,729,0,0,163,96,1,P,45,0,561,0,10,183,98,4,1,-13,0,-168,0,10,20,2,3
30990,5.55,P,27,0,280,0,0,145,21,1,P,22,0,353,0,20,156,65,3,1,-5,0,73,0,20,11,44,2
30991,4.13,Z,22,0,256,0,32,92,132,3,T,17,0,242,0,54,36,126,3,1,-5,0,-14,0,22,-56,-6,0
30992,8.25,Z,71,0,458,0,114,235,237,10,P,62,2,454,0,15,292,147,5,0,-9,2,-4,0,-99,57,-90,-5
30993,9.59,P,68,0,545,0,40,359,90,6,Z,63,9,188,0,51,178,164,3,1,-5,9,-357,0,11,-181,74,-3
30994,9.43,T,136,4,574,0,303,255,114,7,T,110,3,293,0,357,227,219,7,0,-26,-1,-281,0,54,-28,105,0
30995,9.59,T,41,0,514,0,0,20,63,0,T,34,0,666,0,0,14,45,0,0,-7,0,152,0,0,-6,-18,0
30996,9.59,T,87,0,547,0,26,238,118,5,Z,80,7,863,0,67,278,239,1,1,-7,7,316,0,41,40,121,-4
30997,7.29,P,40,2,232,0,1,77,50,0,T,52,0,519,0,187,117,89,5,1,12,-2,287,0,186,40,39,5
30998,8.06,P,35,1,646,0,13,220,58,3,Z,33,0,335,0,0,115,149,0,0,-2,-1,-311,0,-13,-105,91,-3
30999,9.59,Z,94,3,801,0,284,264,367,6,T,136,0,711,0,322,306,199,22,1,42,-3,-90,0,38,42,-168,16
31000,5.07,T,39,1,230,0,132,140,36,7,P,25,0,106,0,1,176,36,2,0,-14,-1,-124,0,-131,36,0,-5
31001,3.53,T,27,0,177,0,178,146,78,4,T,23,0,222,0,258,107,70,2,1,-4,0,45,0,80,-39,-8,-2
31002,7.03,Z,38,9,137,0,52,84,131,4,Z,28,0,259,0,40,167,291,4,0,-10,-9,122,0,-12,83,160,0
31003,9.59,T,40,0,604,0,27,68,56,3,Z,50,0,352,0,0,78,169,0,0,10,0,-252,0,-27,10,113,-3
31004,8.06,Z,55,3,382,0,33,179,156,0,P,26,0,393,0,12,25,46,3,0,-29,-3,11,0,-21,-154,-110,3
31005,6.56,Z,41,0,198,0,15,178,125,3,Z,45,5,511,0,337,148,410,1,1,4,5,313,0,322,-30,285,-2
31006,1.22,P,5,0,22,0,6,7,5,2,T,0,0,2,0,0,0,0,0,0,-5,0,-20,0,-6,-7,-5,-2
31007,8.06,Z,60,13,421,0,670,191,379,2,T,88,0,347,0,230,261,90,10,0,28,-13,-74,0,-440,70,-289,8
31008,9.37,Z,37,2,606,0,11,93,139,0,P,30,0,796,0,7,75,44,1,1,-7,-2,190,0,-4,-18,-95,1
31009,10.14,T,120,0,790,0,197,205,113,6,P,78,0,559,0,65,231,57,16,0,-42,0,-231,0,-132,26,-56,10
31010,9.57,P,73,0,526,0,20,68,78,3,Z,41,0,696,0,13,148,147,1,0,-32,0,170,0,-7,80,69,-2
31011,7.49,P,43,0,343,0,17,258,98,8,P,69,0,324,0,447,241,171,33,1,26,0,-19,0,430,-17,73,25
31012,5.15,T,21,0,190,0,6,50,43,0,P,18,0,232,0,0,54,33,0,1,-3,0,42,0,-6,4,-10,0
31013,9.59,Z,77,2,468,0,216,237,418,7,T,85,6,371,0,112,208,164,8,0,8,4,-97,0,-104,-29,-254,1
31014,8.19,Z,34,0,268,0,8,106,111,3,P,33,0,557,0,12,62,57,3,0,-1,0,289,0,4,-44,-54,0
31015,7.46,P,45,0,347,0,7,304,79,4,T,61,6,345,0,115,202,135,2,1,16,6,-2,0,108,-102,56,-2
31016,4.26,P,22,2,180,0,245,197,49,3,Z,20,1,275,0,25,119,63,5,1,-2,-1,95,0,-220,-78,14,2
31017,7.54,T,60,8,367,0,191,287,163,8,T,84,0,306,0,486,270,160,10,1,24,-8,-61,0,295,-17,-3,2
31018,2.06,T,8,0,107,0,81,25,33,4,Z,3,0,31,0,64,11,58,1,0,-5,0,-76,0,-17,-14,25,-3
31019,8.06,T,21,0,625,0,7,38,46,2,P,45,3,422,0,24,93,40,3,1,24,3,-203,0,17,55,-6,1
31020,9.03,P,65,5,644,0,141,154,148,2,Z,59,0,708,0,80,237,171,14,0,-6,-5,64,0,-61,83,23,12
31021,5.14,P,21,0,501,0,0,114,49,3,T,38,0,285,0,13,129,78,1,1,17,0,-216,0,13,15,29,-2
31022,9.44,T,51,1,449,0,7,134,86,0,P,29,0,455,0,0,50,57,1,0,-22,-1,6,0,-7,-84,-29,1
31023,8.24,P,45,0,355,0,59,152,80,4,Z,43,6,450,0,38,78,206,3,0,-2,6,95,0,-21,-74,126,-1
31024,8.34,Z,69,5,399,0,168,225,326,0,T,79,2,452,0,106,325,134,2,0,10,-3,53,0,-62,100,-192,2
31025,9.3,Z,63,2,608,0,59,253,242,1,Z,68,0,401,0,62,106,173,13,1,5,-2,-207,0,3,-147,-69,12
31026,4.39,T,19,0,251,0,2,40,35,1,Z,10,0,592,0,1,10,50,2,0,-9,0,341,0,-1,-30,15,1
31027,9.34,Z,91,2,592,0,154,380,295,7,T,146,6,437,0,395,397,163,11,1,55,4,-155,0,241,17,-132,4
31028,9.59,T,51,3,867,0,20,97,83,0,T,56,0,304,0,26,60,79,2,1,5,-3,-563,0,6,-37,-4,2
31029,9.28,T,46,2,503,0,17,142,153,5,P,41,4,490,0,31,21,40,2,1,-5,2,-13,0,14,-121,-113,-3
31030,7.13,T,29,1,418,1,5,88,102,4,T,38,0,466,0,8,51,47,5,1,9,-1,48,-1,3,-37,-55,1
31031,9.38,Z,47,0,496,0,2,134,201,0,T,68,3,523,0,20,83,118,6,1,21,3,27,0,18,-51,-83,6
31032,4.13,T,29,0,145,0,146,61,74,3,T,27,0,76,0,10,85,99,7,1,-2,0,-69,0,-136,24,25,4
31033,9.17,P,70,0,649,0,28,53,90,3,T,60,4,618,0,432,200,176,5,0,-10,4,-31,0,404,147,86,2
31034,9.59,T,72,0,605,0,67,137,124,2,Z,57,2,637,0,27,91,182,0,1,-15,2,32,0,-40,-46,58,-2
31035,6.12,Z,30,2,405,2,48,106,115,0,Z,23,4,339,1,258,141,114,3,0,-7,2,-66,-1,210,35,-1,3
31036,8.26,P,45,0,523,0,198,301,150,6,P,49,6,488,2,778,213,145,12,0,4,6,-35,2,580,-88,-5,6
31037,4.1,T,29,1,172,0,112,85,47,1,P,18,0,141,0,33,137,35,6,0,-11,-1,-31,0,-79,52,-12,5
31038,8.17,P,44,3,547,0,4,284,107,1,T,62,0,358,0,175,243,232,6,1,18,-3,-189,0,171,-41,125,5
31039,9.59,T,62,0,918,0,11,82,95,3,T,62,0,530,0,26,174,80,4,0,0,0,-388,0,15,92,-15,1
31040,9.59,T,36,0,389,0,2,151,80,3,Z,60,11,550,0,91,90,281,4,1,24,11,161,0,89,-61,201,1
31041,7.15,P,34,0,804,0,32,170,53,6,T,51,2,649,0,40,124,168,0,1,17,2,-155,0,8,-46,115,-6
31042,9.59,P,31,0,676,0,0,17,38,0,P,32,0,1069,0,0,54,53,0,0,1,0,393,0,0,37,15,0
31043,9.16,Z,45,3,464,0,33,104,140,0,T,98,2,575,0,174,253,98,5,1,53,-1,111,0,141,149,-42,5
31044,8.47,P,70,0,684,0,208,330,156,16,Z,59,0,433,0,531,159,271,11,0,-11,0,-251,0,323,-171,115,-5
31045,9.32,P,43,0,356,0,4,347,86,5,P,32,0,771,0,0,171,62,0,1,-11,0,415,0,-4,-176,-24,-5
31046,5.52,T,22,0,424,0,0,25,50,2,Z,19,0,224,0,12,58,87,4,0,-3,0,-200,0,12,33,37,2
31047,10.23,T,81,0,418,0,30,348,106,14,T,121,3,698,0,352,381,174,6,1,40,3,280,0,322,33,68,-8
31048,7.42,T,80,1,309,0,472,143,109,12,P,67,4,408,0,178,197,126,9,1,-13,3,99,0,-294,54,17,-3
31049,9.59,T,70,12,679,0,34,233,230,0,T,71,0,536,0,58,248,124,10,1,1,-12,-143,0,24,15,-106,10
31050,4.33,T,17,0,272,0,418,94,104,15,Z,20,3,198,0,1,41,86,0,1,3,3,-74,0,-417,-53,-18,-15
31051,1.2,P,6,0,40,0,2,7,5,1,T,3,1,88,0,7,8,13,0,0,-3,1,48,0,5,1,8,-1
31052,4,T,29,0,131,0,206,126,29,4,T,28,3,103,0,99,74,50,3,0,-1,3,-28,0,-107,-52,21,-1
31053,7.56,T,50,0,653,0,53,46,50,2,Z,33,2,257,0,20,13,86,2,0,-17,2,-396,0,-33,-33,36,0
31054,4.3,T,29,0,269,0,115,49,57,4,T,34,0,107,0,253,150,133,7,0,5,0,-162,0,138,101,76,3
31055,9.59,T,100,4,520,0,802,201,143,12,Z,67,0,593,13,309,175,243,2,0,-33,-4,73,13,-493,-26,100,-10
31056,9.59,P,61,0,678,0,12,101,98,3,Z,101,0,1076,0,111,207,279,5,0,40,0,398,0,99,106,181,2
31057,8.49,P,40,0,339,0,4,70,76,1,T,47,0,516,0,1,119,100,1,1,7,0,177,0,-3,49,24,0
31058,9.58,Z,39,0,347,0,40,161,159,5,Z,53,2,533,0,49,147,158,2,0,14,2,186,0,9,-14,-1,-3
31059,9.58,T,41,4,474,0,11,75,83,0,Z,39,3,356,0,41,53,139,2,1,-2,-1,-118,0,30,-22,56,2
31060,8.53,Z,74,0,593,0,85,217,225,10,P,61,4,589,0,306,228,92,5,0,-13,4,-4,0,221,11,-133,-5
31061,8.45,P,39,0,653,0,0,95,53,0,Z,65,3,377,0,59,75,157,0,0,26,3,-276,0,59,-20,104,0
31062,3.43,T,19,0,214,0,0,23,39,1,T,14,2,289,0,1,31,48,1,0,-5,2,75,0,1,8,9,0
31063,8.36,T,74,6,294,0,564,345,79,8,Z,54,0,395,0,113,209,198,9,1,-20,-6,101,0,-451,-136,119,1
31064,9.58,P,54,0,905,0,28,107,86,8,Z,67,7,353,0,106,217,184,7,1,13,7,-552,0,78,110,98,-1
31065,9.58,P,45,0,818,0,0,163,120,0,P,30,0,553,0,0,193,55,0,0,-15,0,-265,0,0,30,-65,0
31066,10.38,P,67,0,840,0,761,279,118,8,T,114,7,495,0,773,375,183,9,0,47,7,-345,0,12,96,65,1
31067,10.4,T,62,5,849,0,35,176,121,1,Z,58,3,778,0,2,96,284,0,0,-4,-2,-71,0,-33,-80,163,-1
31068,6.26,T,29,3,274,0,17,66,45,0,Z,29,4,242,0,38,82,72,2,1,0,1,-32,0,21,16,27,2
31069,8.13,Z,75,2,267,0,259,349,259,13,P,91,0,335,0,305,247,79,11,0,16,-2,68,0,46,-102,-180,-2
31070,4.18,P,17,0,140,0,0,126,55,0,T,26,2,170,0,11,59,30,2,1,9,2,30,0,11,-67,-25,2
31071,8.52,Z,65,0,498,0,113,267,249,14,T,95,7,341,0,414,278,264,1,0,30,7,-157,0,301,11,15,-13
31072,9.58,P,70,0,446,0,55,250,207,7,T,74,5,639,0,225,354,140,5,0,4,5,193,0,170,104,-67,-2
31073,9.59,T,61,5,609,0,18,108,351,0,P,26,0,458,0,1,164,62,5,0,-35,-5,-151,0,-17,56,-289,5
31074,9.53,T,73,0,503,0,4,178,150,6,T,88,0,548,0,185,288,233,13,0,15,0,45,0,181,110,83,7
31075,8.44,Z,45,7,688,0,28,58,126,0,T,58,1,522,0,382,60,78,6,1,13,-6,-166,0,354,2,-48,6
31076,7.09,P,35,0,567,0,7,161,55,2,T,37,5,572,0,11,149,125,0,1,2,5,5,0,4,-12,70,-2
31077,6.52,Z,28,4,324,0,22,85,74,0,Z,29,7,290,0,30,122,146,0,1,1,3,-34,0,8,37,72,0
31078,9.59,P,41,3,204,0,430,190,69,13,T,41,0,400,0,0,29,85,0,0,0,-3,196,0,-430,-161,16,-13
31079,9.58,P,85,0,494,0,39,172,78,2,Z,57,0,866,0,76,121,162,8,0,-28,0,372,0,37,-51,84,6
31080,10.01,P,45,5,563,1,3,134,75,0,P,55,0,604,0,254,72,54,7,0,10,-5,41,-1,251,-62,-21,7
31081,9.59,T,62,0,879,0,119,344,148,5,T,71,2,578,0,52,309,131,3,0,9,2,-301,0,-67,-35,-17,-2
31082,9.59,Z,62,2,248,0,39,107,257,1,T,33,0,349,0,0,15,46,0,1,-29,-2,101,0,-39,-92,-211,-1
31083,9.58,P,73,3,511,0,52,225,92,0,Z,64,10,417,0,247,262,492,1,1,-9,7,-94,0,195,37,400,1
31084,6.51,Z,40,0,340,0,201,105,170,7,T,55,0,345,0,444,137,120,11,1,15,0,5,0,243,32,-50,4
31085,9.58,Z,72,0,647,0,66,149,263,6,T,93,0,466,7,160,250,124,0,0,21,0,-181,7,94,101,-139,-6
31086,9.59,Z,74,2,293,0,106,265,254,6,Z,85,0,660,0,405,260,317,9,1,11,-2,367,0,299,-5,63,3
31087,6.38,P,73,0,385,0,492,230,102,13,Z,42,0,238,0,351,141,198,9,0,-31,0,-147,0,-141,-89,96,-4
31088,3.53,T,20,0,223,0,93,110,97,4,P,21,0,237,0,16,99,32,6,1,1,0,14,0,-77,-11,-65,2
31089,9.59,Z,60,7,696,0,48,210,185,0,T,79,0,772,0,32,323,87,8,1,19,-7,76,0,-16,113,-98,8
31090,9.59,P,62,3,581,0,75,220,133,2,T,64,8,832,0,69,93,84,0,0,2,5,251,0,-6,-127,-49,-2
31091,5.52,Z,43,2,339,0,249,209,152,11,P,40,1,358,0,221,232,48,6,1,-3,-1,19,0,-28,23,-104,-5
31092,9.58,Z,68,0,493,0,725,155,295,4,Z,49,1,548,0,71,111,195,2,0,-19,1,55,0,-654,-44,-100,-2
31093,2.44,P,15,0,153,0,58,76,49,1,Z,7,2,90,0,216,39,105,1,1,-8,2,-63,0,158,-37,56,0
31094,6.1,P,35,6,357,0,170,301,63,8,T,37,1,230,0,318,110,76,3,1,2,-5,-127,0,148,-191,13,-5
31095,4.26,P,25,0,187,0,39,62,22,6,Z,21,2,234,46,134,79,172,0,1,-4,2,47,46,95,17,150,-6
31096,9.59,Z,68,12,499,0,324,294,269,3,T,115,1,835,0,282,551,94,14,0,47,-11,336,0,-42,257,-175,11
31097,3.28,T,24,0,86,0,155,69,75,8,T,14,0,72,0,257,58,60,10,0,-10,0,-14,0,102,-11,-15,2
31098,6.02,Z,39,0,370,0,3,144,146,0,P,41,3,273,0,38,93,51,1,1,2,3,-97,0,35,-51,-95,1
31099,7.06,T,47,0,300,17,60,67,105,0,T,34,0,176,0,10,44,72,6,0,-13,0,-124,-17,-50,-23,-33,6
31100,8.03,T,34,0,684,0,11,107,49,3,Z,25,0,798,0,14,55,125,0,0,-9,0,114,0,3,-52,76,-3
31101,9.53,P,27,0,175,0,0,238,30,0,Z,45,1,336,0,21,270,329,5,0,18,1,161,0,21,32,299,5
31102,9.04,T,47,0,451,0,25,62,62,5,T,52,5,423,0,12,69,115,0,0,5,5,-28,0,-13,7,53,-5
31103,5.17,Z,32,1,293,0,19,68,101,4,Z,19,0,159,0,62,63,145,2,0,-13,-1,-134,0,43,-5,44,-2
31104,6.31,T,65,4,443,0,372,204,140,6,P,60,0,364,0,616,288,131,26,0,-5,-4,-79,0,244,84,-9,20
31105,9.59,T,50,0,1042,0,0,231,132,0,T,73,0,547,0,2,345,162,2,1,23,0,-495,0,2,114,30,2
31106,5.02,T,17,2,233,0,2,27,41,0,P,20,2,236,0,4,80,22,3,0,3,0,3,0,2,53,-19,3
31107,9.57,P,55,7,628,0,24,195,75,0,Z,33,0,477,0,0,35,133,0,0,-22,-7,-151,0,-24,-160,58,0
31108,4.56,Z,30,0,217,0,80,58,67,3,T,16,0,273,0,0,63,109,0,1,-14,0,56,0,-80,5,42,-3
31109,9.55,P,56,7,508,0,5,64,73,0,T,73,0,535,0,2,50,130,4,0,17,-7,27,0,-3,-14,57,4
31110,4.17,T,35,4,109,0,188,188,143,8,T,29,0,219,0,212,93,34,3,0,-6,-4,110,0,24,-95,-109,-5
31111,10.19,Z,70,4,375,0,23,257,157,1,T,56,0,670,0,1,204,110,2,1,-14,-4,295,0,-22,-53,-47,1
31112,7.04,P,50,1,350,1,34,207,77,3,P,33,0,435,0,7,95,40,0,1,-17,-1,85,-1,-27,-112,-37,-3
31113,5.41,Z,32,0,379,0,24,151,84,1,Z,40,6,366,0,301,137,205,1,1,8,6,-13,0,277,-14,121,0
31114,3.56,P,12,0,284,0,0,17,21,0,T,25,0,61,0,228,54,30,5,1,13,0,-223,0,228,37,9,5
31115,4.3,P,30,0,280,0,9,57,36,3,Z,13,0,108,13,61,30,91,0,0,-17,0,-172,13,52,-27,55,-3
31116,9.59,T,53,3,585,0,2,196,195,0,T,67,2,443,0,576,206,142,16,1,14,-1,-142,0,574,10,-53,16
31117,7.49,T,52,7,536,0,8,148,91,0,P,40,0,318,0,7,211,78,2,1,-12,-7,-218,0,-1,63,-13,2
31118,9.53,T,79,0,569,0,14,181,246,2,T,67,0,1027,0,29,291,129,4,0,-12,0,458,0,15,110,-117,2
31119,6.09,T,36,0,185,1,1,48,74,2,T,43,3,349,0,106,238,57,4,1,7,3,164,-1,105,190,-17,2
31120,3.13,T,24,1,130,0,14,68,18,5,P,19,0,117,0,43,103,18,2,0,-5,-1,-13,0,29,35,0,-3
31121,9.56,T,79,6,633,0,37,258,85,3,Z,44,2,603,0,9,58,162,0,1,-35,-4,-30,0,-28,-200,77,-3
31122,9.31,Z,50,0,540,0,31,154,199,5,T,83,4,462,0,119,313,131,3,1,33,4,-78,0,88,159,-68,-2
31123,4.56,T,23,6,362,0,7,67,43,0,T,39,0,46,0,121,97,107,6,1,16,-6,-316,0,114,30,64,6
31124,6.39,Z,21,7,289,1,27,66,109,0,P,17,0,554,0,0,103,44,0,1,-4,-7,265,-1,-27,37,-65,0
31125,9.59,Z,76,6,573,0,234,340,313,3,T,89,3,645,0,123,196,210,11,0,13,-3,72,0,-111,-144,-103,8
31126,9.59,P,56,3,550,0,8,258,96,0,T,72,3,682,0,51,122,98,3,0,16,0,132,0,43,-136,2,3
31127,4.5,Z,22,0,287,0,0,14,58,0,P,20,0,389,0,1,58,51,0,1,-2,0,102,0,1,44,-7,0
31128,9.59,P,67,0,600,0,30,192,86,6,T,87,0,725,0,7,33,120,1,0,20,0,125,0,-23,-159,34,-5
31129,4.48,P,19,0,204,0,0,89,29,1,P,17,0,198,0,7,40,21,1,0,-2,0,-6,0,7,-49,-8,0
31130,4.41,T,44,2,219,0,73,191,57,10,T,40,0,163,0,193,149,50,11,0,-4,-2,-56,0,120,-42,-7,1
31131,6.41,T,25,0,187,0,0,13,63,0,Z,29,1,400,0,0,45,95,0,1,4,1,213,0,0,32,32,0
31132,2.51,T,17,0,51,0,22,69,20,2,Z,5,0,137,0,157,19,116,2,1,-12,0,86,0,135,-50,96,0
31133,4.42,P,27,0,311,0,38,95,34,4,Z,26,5,327,0,55,106,87,0,0,-1,5,16,0,17,11,53,-4
31134,9.44,Z,74,0,466,0,89,400,182,8,T,99,6,465,0,487,217,137,7,0,25,6,-1,0,398,-183,-45,-1
31135,6.29,T,33,3,347,0,17,27,45,4,T,27,0,346,0,20,12,35,2,1,-6,-3,-1,0,3,-15,-10,-2
31136,8.04,T,61,7,504,0,240,187,94,7,T,46,7,222,0,239,134,310,0,1,-15,0,-282,0,-1,-53,216,-7
31137,1.47,Z,3,0,97,0,7,48,38,4,T,3,0,161,0,0,12,8,1,0,0,0,64,0,-7,-36,-30,-3
31138,9.59,Z,86,0,379,0,86,197,296,12,T,86,0,600,0,97,149,121,5,1,0,0,221,0,11,-48,-175,-7
31139,10.57,T,80,0,619,0,3,193,396,4,T,149,9,483,0,142,308,161,14,1,69,9,-136,0,139,115,-235,10
31140,9.59,Z,69,0,222,0,87,276,219,17,T,117,0,443,0,163,369,129,18,1,48,0,221,0,76,93,-90,1
31141,10.01,Z,112,2,521,0,272,274,403,8,P,56,5,514,0,42,364,170,1,1,-56,3,-7,0,-230,90,-233,-7
31142,9.58,P,23,0,345,0,0,27,40,0,Z,51,4,710,0,33,95,133,2,1,28,4,365,0,33,68,93,2
31143,8.01,Z,46,0,495,0,0,159,132,1,T,57,0,543,0,47,232,113,8,1,11,0,48,0,47,73,-19,7
31144,9.03,T,65,0,405,0,8,163,177,5,Z,69,6,491,4,248,106,232,2,1,4,6,86,4,240,-57,55,-3
31145,1.57,Z,9,1,40,0,0,11,33,1,P,6,0,139,0,133,30,34,3,0,-3,-1,99,0,133,19,1,2
31146,8.16,T,47,1,383,0,33,163,75,0,T,58,0,255,0,182,179,195,2,1,11,-1,-128,0,149,16,120,2
31147,9.58,Z,52,1,798,0,19,208,213,1,Z,60,0,726,0,49,189,180,20,1,8,-1,-72,0,30,-19,-33,19
31148,7.24,T,81,0,344,0,385,203,151,11,Z,62,4,378,0,277,215,214,5,1,-19,4,34,0,-108,12,63,-6
31149,6.57,Z,44,2,258,4,129,141,169,7,Z,45,5,299,0,457,112,291,5,1,1,3,41,-4,328,-29,122,-2
31150,10.33,Z,72,4,830,0,54,127,212,0,P,78,2,646,0,40,241,80,4,1,6,-2,-184,0,-14,114,-132,4
31151,8.58,T,62,0,660,0,184,174,157,3,T,53,9,532,1,37,204,127,0,1,-9,9,-128,1,-147,30,-30,-3
31152,9.59,T,70,6,627,0,50,135,94,3,P,56,9,829,0,28,231,83,1,1,-14,3,202,0,-22,96,-11,-2
31153,9.08,T,60,0,439,0,13,77,119,19,P,60,0,470,2,15,76,52,4,1,0,0,31,2,2,-1,-67,-15
31154,7.54,P,40,1,380,0,63,249,109,4,P,39,4,474,0,16,284,69,4,0,-1,3,94,0,-47,35,-40,0
31155,9.59,T,78,0,629,0,76,283,88,31,Z,65,0,525,0,719,136,264,3,1,-13,0,-104,0,643,-147,176,-28
31156,3.55,P,16,1,108,0,2,98,29,1,P,20,3,177,0,8,109,42,0,0,4,2,69,0,6,11,13,-1
31157,10.59,P,42,0,302,0,0,34,47,0,Z,51,0,658,0,0,221,141,0,0,9,0,356,0,0,187,94,0
31158,3.15,T,18,0,76,0,7,50,164,3,Z,16,2,46,0,9,47,66,1,0,-2,2,-30,0,2,-3,-98,-2
31159,8.16,P,36,1,843,0,27,136,67,6,T,46,1,892,0,11,95,58,3,1,10,0,49,0,-16,-41,-9,-3
31160,9.17,Z,28,0,678,0,0,91,104,0,P,57,6,412,0,65,79,52,1,1,29,6,-266,0,65,-12,-52,1
31161,10.11,T,97,0,363,0,1183,244,240,25,T,101,0,748,0,672,240,273,7,1,4,0,385,0,-511,-4,33,-18
31162,4.18,P,29,0,229,0,257,95,185,6,T,28,0,368,0,62,98,41,5,0,-1,0,139,0,-195,3,-144,-1
31163,2.35,P,8,0,38,0,0,66,6,0,P,12,2,159,0,7,86,26,0,0,4,2,121,0,7,20,20,0
31164,7.01,T,40,0,938,0,4,63,62,5,P,26,2,103,0,7,53,34,1,1,-14,2,-835,0,3,-10,-28,-4
31165,6.07,Z,30,6,753,0,36,55,85,5,T,45,5,278,0,10,123,79,0,0,15,-1,-475,0,-26,68,-6,-5
31166,10.4,P,105,5,818,0,132,341,106,6,Z,67,7,592,0,369,186,526,0,0,-38,2,-226,0,237,-155,420,-6
31167,9.58,P,48,0,667,0,4,210,84,0,P,46,8,590,0,34,234,80,0,0,-2,8,-77,0,30,24,-4,0
31168,9.59,Z,31,0,744,0,0,137,130,1,P,58,2,1061,0,63,277,110,4,1,27,2,317,0,63,140,-20,3
31169,6.4,Z,31,0,462,0,22,142,133,3,P,49,0,290,4,29,145,35,5,0,18,0,-172,4,7,3,-98,2
31170,9.59,T,117,1,627,0,304,271,332,9,P,84,4,489,0,431,149,153,12,1,-33,3,-138,0,127,-122,-179,3
31171,9.59,P,40,0,1067,0,0,125,48,0,P,23,4,459,0,2,23,41,0,0,-17,4,-608,0,2,-102,-7,0
31172,4.57,Z,24,0,102,0,9,71,91,3,Z,16,6,250,0,20,119,215,0,1,-8,6,148,0,11,48,124,-3
31173,3.23,P,11,0,238,0,0,69,24,0,Z,6,0,87,0,0,24,38,0,1,-5,0,-151,0,0,-45,14,0
31174,6.12,Z,30,5,307,0,411,215,139,7,T,56,2,379,0,505,183,60,4,0,26,-3,72,0,94,-32,-79,-3
31175,7.54,Z,33,9,501,0,36,235,122,0,T,80,4,310,0,246,269,82,6,1,47,-5,-191,0,210,34,-40,6
31176,4.07,Z,11,0,286,0,19,17,39,5,P,17,2,155,0,1,30,122,1,1,6,2,-131,0,-18,13,83,-4
31177,4.57,Z,35,1,257,0,41,47,76,5,T,39,0,154,0,81,121,54,4,0,4,-1,-103,0,40,74,-22,-1
31178,9.57,P,26,0,291,0,0,16,30,0,T,46,0,670,0,2,48,85,2,1,20,0,379,0,2,32,55,2
31179,9.58,P,30,0,259,0,0,78,61,1,Z,33,0,457,0,10,59,99,3,1,3,0,198,0,10,-19,38,2
31180,1.04,Z,3,0,26,0,1,10,18,2,Z,4,0,57,0,1,4,5,1,0,1,0,31,0,0,-6,-13,-1
31181,9.04,T,57,3,271,0,499,321,231,5,T,47,5,536,0,64,212,91,0,1,-10,2,265,0,-435,-109,-140,-5
31182,9.45,P,65,0,433,0,52,259,131,10,T,75,0,371,0,0,110,83,0,1,10,0,-62,0,-52,-149,-48,-10
31183,4.57,P,57,1,244,0,389,158,85,4,P,52,1,322,0,95,175,40,1,1,-5,0,78,0,-294,17,-45,-3
31184,3.21,T,20,3,95,0,124,19,19,1,P,10,0,81,0,4,15,38,1,0,-10,-3,-14,0,-120,-4,19,0
31185,9.59,T,82,11,488,0,242,193,148,0,T,85,0,708,0,34,165,114,3,1,3,-11,220,0,-208,-28,-34,3
31186,3.43,T,15,0,153,0,32,79,27,2,P,13,0,214,0,7,83,63,5,0,-2,0,61,0,-25,4,36,3
31187,9.14,Z,40,0,500,0,214,94,114,8,P,44,0,827,0,0,203,77,0,1,4,0,327,0,-214,109,-37,-8
31188,4.39,T,19,1,274,0,16,52,48,3,T,26,0,193,0,358,122,183,7,0,7,-1,-81,0,342,70,135,4
31189,3.46,Z,10,0,134,0,20,23,59,6,Z,22,5,133,0,4,91,65,2,1,12,5,-1,0,-16,68,6,-4
31190,9.59,P,75,1,784,0,870,247,113,8,T,119,6,727,0,651,252,320,5,0,44,5,-57,0,-219,5,207,-3
31191,2,T,9,0,142,0,68,55,29,3,Z,6,0,93,0,8,13,24,2,1,-3,0,-49,0,-60,-42,-5,-1
31192,9.59,Z,57,3,662,0,51,166,176,3,Z,62,14,430,0,55,121,189,1,0,5,11,-232,0,4,-45,13,-2
31193,9.07,P,45,1,614,0,42,220,71,4,P,47,0,610,0,7,157,69,1,1,2,-1,-4,0,-35,-63,-2,-3
31194,6.4,Z,48,6,419,0,420,254,181,9,Z,43,0,238,0,78,175,194,8,1,-5,-6,-181,0,-342,-79,13,-1
31195,9.59,T,111,1,666,0,172,443,288,23,T,86,0,498,0,384,304,113,23,1,-25,-1,-168,0,212,-139,-175,0
31196,6.37,T,22,0,104,0,0,9,26,0,T,19,0,633,0,0,54,24,0,0,-3,0,529,0,0,45,-2,0
31197,8.26,P,38,1,734,0,15,142,91,0,Z,50,1,284,0,42,121,171,3,1,12,0,-450,0,27,-21,80,3
31198,9.58,T,60,0,835,0,0,109,136,0,P,27,0,1234,0,0,58,55,0,0,-33,0,399,0,0,-51,-81,0
31199,2.57,Z,6,4,107,0,5,59,84,0,Z,12,0,39,0,0,21,55,0,1,6,-4,-68,0,-5,-38,-29,0
31200,1.51,Z,4,0,16,0,68,23,82,0,T,7,0,89,0,0,3,8,0,0,3,0,73,0,-68,-20,-74,0
31201,2.02,P,8,0,96,0,1,59,43,2,P,9,0,82,0,8,49,20,3,0,1,0,-14,0,7,-10,-23,1
31202,6.42,T,60,3,356,0,72,118,109,5,Z,44,9,291,0,179,97,263,4,0,-16,6,-65,0,107,-21,154,-1
31203,6.41,P,13,0,443,0,0,145,67,0,T,60,0,215,0,541,185,51,4,1,47,0,-228,0,541,40,-16,4
31204,8.28,Z,51,4,564,0,71,100,191,0,Z,58,3,701,0,43,178,149,6,0,7,-1,137,0,-28,78,-42,6
31205,8.28,Z,67,9,682,0,555,279,224,11,P,70,7,294,0,257,185,72,10,0,3,-2,-388,0,-298,-94,-152,-1
31206,3.05,T,16,0,244,0,0,38,172,0,T,11,0,197,0,3,82,23,3,1,-5,0,-47,0,3,44,-149,3
31207,9.59,P,73,0,900,12,49,214,88,0,P,51,0,789,0,29,319,105,11,0,-22,0,-111,-12,-20,105,17,11
31208,9.59,T,42,1,682,0,2,60,87,2,Z,58,0,1094,0,5,151,219,2,0,16,-1,412,0,3,91,132,0
31209,9.59,Z,65,3,771,0,215,317,208,19,P,112,8,515,0,251,331,99,6,1,47,5,-256,0,36,14,-109,-13
31210,2.27,T,7,0,155,0,117,53,73,7,Z,7,2,115,0,3,13,39,2,1,0,2,-40,0,-114,-40,-34,-5
31211,3.44,Z,21,2,124,0,210,17,44,0,Z,14,4,119,0,33,16,73,2,1,-7,2,-5,0,-177,-1,29,2
31212,1.31,P,6,0,33,0,0,10,9,0,T,3,0,147,0,11,43,5,5,1,-3,0,114,0,11,33,-4,5
31213,7.09,T,52,0,455,0,150,267,89,12,P,69,0,571,0,224,174,121,10,1,17,0,116,0,74,-93,32,-2
31214,5.25,P,24,0,65,0,20,46,34,4,T,35,3,232,0,5,83,62,0,0,11,3,167,0,-15,37,28,-4
31215,9.59,T,55,1,556,0,468,201,235,4,T,43,0,630,0,0,67,148,0,1,-12,-1,74,0,-468,-134,-87,-4
31216,9.02,T,80,0,493,0,27,191,100,2,Z,48,9,304,0,52,112,159,0,0,-32,9,-189,0,25,-79,59,-2
31217,9.59,T,68,0,864,0,12,139,239,7,P,56,0,489,0,126,382,142,11,0,-12,0,-375,0,114,243,-97,4
31218,6.3,Z,53,3,264,0,460,169,172,6,T,72,0,295,0,509,187,129,19,0,19,-3,31,0,49,18,-43,13
31219,1.52,T,4,0,25,0,0,0,2,0,Z,5,0,30,0,0,16,44,2,1,1,0,5,0,0,16,42,2
31220,7.37,T,64,7,496,0,281,166,189,2,P,40,0,248,0,13,132,124,2,0,-24,-7,-248,0,-268,-34,-65,0
31221,6.45,T,62,0,663,0,222,160,102,7,Z,31,0,251,0,15,137,175,1,0,-31,0,-412,0,-207,-23,73,-6
31222,5.23,T,48,0,181,0,275,218,44,11,Z,32,6,532,0,33,114,88,0,0,-16,6,351,0,-242,-104,44,-11
31223,9.59,Z,67,2,537,0,128,354,356,8,P,92,0,558,0,119,199,97,4,1,25,-2,21,0,-9,-155,-259,-4
31224,5.28,T,24,1,437,0,142,117,36,4,P,24,0,281,0,8,102,33,3,0,0,-1,-156,0,-134,-15,-3,-1
31225,2.58,P,12,0,193,0,6,44,6,3,T,8,2,195,0,2,44,29,0,1,-4,2,2,0,-4,0,23,-3
31226,7.32,Z,52,0,273,0,28,92,130,12,P,42,1,328,0,594,137,55,4,1,-10,1,55,0,566,45,-75,-8
31227,9.14,T,80,0,495,0,0,247,309,0,P,76,3,351,0,427,325,54,10,1,-4,3,-144,0,427,78,-255,10
31228,9.59,T,60,0,574,0,0,161,140,0,T,53,0,203,0,16,195,275,7,1,-7,0,-371,0,16,34,135,7
31229,9.58,T,68,1,771,0,28,53,83,2,P,40,0,601,0,14,46,37,4,0,-28,-1,-170,0,-14,-7,-46,2
31230,3.07,P,10,0,90,0,1,46,10,2,T,10,1,194,0,14,36,13,0,1,0,1,104,0,13,-10,3,-2
31231,9.59,P,68,7,762,0,619,305,90,3,T,93,0,493,0,237,235,223,24,0,25,-7,-269,0,-382,-70,133,21
31232,4.15,Z,18,2,173,0,149,43,46,3,T,27,0,226,0,0,115,84,2,0,9,-2,53,0,-149,72,38,-1
31233,5.08,T,21,2,299,0,4,39,73,1,Z,21,4,145,0,33,94,69,0,0,0,2,-154,0,29,55,-4,-1
31234,5.11,T,35,3,169,0,210,102,272,1,T,30,0,87,0,27,91,115,4,1,-5,-3,-82,0,-183,-11,-157,3
31235,9.59,T,128,2,486,0,59,230,112,0,Z,42,1,498,0,29,143,156,0,0,-86,-1,12,0,-30,-87,44,0
31236,10.11,T,53,7,758,0,38,126,95,0,T,86,0,707,0,165,279,239,8,1,33,-7,-51,0,127,153,144,8
31237,10.28,Z,56,0,275,0,49,323,198,3,Z,77,2,651,0,8,251,267,7,1,21,2,376,0,-41,-72,69,4
31238,4.22,T,20,4,59,0,18,57,25,1,Z,22,0,169,0,14,26,55,3,1,2,-4,110,0,-4,-31,30,2
31239,6.16,T,35,0,263,0,2,32,51,4,P,25,4,406,0,28,50,41,0,0,-10,4,143,0,26,18,-10,-4
31240,9.59,Z,67,0,460,0,420,248,211,10,Z,74,0,532,0,51,186,263,7,1,7,0,72,0,-369,-62,52,-3
31241,10.1,P,90,9,690,0,112,286,95,15,Z,78,0,650,0,277,197,301,8,0,-12,-9,-40,0,165,-89,206,-7
31242,6.03,Z,25,5,276,0,22,40,71,0,Z,29,0,263,0,17,33,80,5,0,4,-5,-13,0,-5,-7,9,5
31243,7.32,P,62,0,344,0,294,193,133,6,Z,48,0,322,0,171,119,151,8,1,-14,0,-22,0,-123,-74,18,2
31244,9.59,Z,69,0,710,0,390,211,304,9,T,64,0,1201,0,0,157,131,0,0,-5,0,491,0,-390,-54,-173,-9
31245,6.56,P,45,6,425,0,115,115,178,7,P,49,2,353,0,184,198,133,11,0,4,-4,-72,0,69,83,-45,4
31246,4.33,T,22,3,210,0,0,36,39,0,P,20,1,184,0,1,82,121,0,1,-2,-2,-26,0,1,46,82,0
31247,6.14,P,23,1,138,0,2,33,37,0,T,43,0,653,0,22,52,92,2,1,20,-1,515,0,20,19,55,2
31248,9.57,T,80,7,767,0,26,133,82,0,T,58,0,244,11,48,77,75,1,0,-22,-7,-523,11,22,-56,-7,1
31249,9.38,T,91,0,553,0,81,233,155,14,T,89,0,689,0,248,225,369,3,1,-2,0,136,0,167,-8,214,-11
31250,8.41,P,36,0,220,0,0,123,80,0,Z,44,0,486,0,643,179,160,3,1,8,0,266,0,643,56,80,3
31251,10.16,T,92,15,601,0,1064,174,102,4,T,76,0,698,0,484,118,110,8,1,-16,-15,97,0,-580,-56,8,4
31252,9.59,T,37,0,542,0,0,281,87,0,T,84,6,675,0,13,408,83,2,0,47,6,133,0,13,127,-4,2
31253,9.39,T,86,14,525,0,478,137,125,4,Z,51,0,587,0,411,164,533,8,1,-35,-14,62,0,-67,27,408,4
31254,6.18,T,41,1,428,0,207,171,75,5,P,40,0,398,0,180,265,108,9,1,-1,-1,-30,0,-27,94,33,4
31255,9.59,T,75,1,772,0,332,320,116,16,T,78,0,835,0,89,110,86,6,1,3,-1,63,0,-243,-210,-30,-10
31256,9.59,P,77,10,397,0,275,307,133,10,T,102,11,609,0,938,132,145,8,0,25,1,212,0,663,-175,12,-2
31257,7.4,P,55,5,258,0,592,219,138,12,T,99,2,411,3,422,327,173,14,0,44,-3,153,3,-170,108,35,2
31258,6.19,Z,30,3,259,0,127,92,137,2,Z,37,0,280,0,15,72,82,3,0,7,-3,21,0,-112,-20,-55,1
31259,9.57,P,39,5,394,0,6,197,80,1,P,56,0,234,0,14,153,63,6,1,17,-5,-160,0,8,-44,-17,5
31260,4.28,Z,28,0,119,0,72,92,135,2,Z,23,3,110,0,285,98,189,6,1,-5,3,-9,0,213,6,54,4
31261,9.59,Z,53,9,404,0,376,305,219,1,Z,59,3,792,0,113,281,229,1,0,6,-6,388,0,-263,-24,10,0
31262,6.15,T,37,0,164,0,19,42,43,2,Z,27,3,287,0,6,64,102,0,0,-10,3,123,0,-13,22,59,-2
31263,4.35,P,19,3,121,0,115,112,30,2,T,33,0,201,0,9,61,38,4,1,14,-3,80,0,-106,-51,8,2
31264,9.59,T,51,0,1119,0,1,88,107,12,T,64,0,399,0,69,159,305,5,0,13,0,-720,0,68,71,198,-7
31265,3.07,Z,8,0,110,0,37,34,32,3,Z,10,0,74,0,0,26,42,0,1,2,0,-36,0,-37,-8,10,-3
31266,5.01,Z,30,1,118,10,31,61,95,0,Z,30,6,69,0,211,155,195,3,0,0,5,-49,-10,180,94,100,3
31267,3.51,Z,11,1,143,0,4,20,55,0,Z,17,0,103,0,0,15,58,2,0,6,-1,-40,0,-4,-5,3,2
31268,9.58,P,67,2,321,0,18,158,149,5,T,88,0,710,0,101,349,179,6,0,21,-2,389,0,83,191,30,1
31269,9.59,P,87,1,596,0,707,445,214,15,P,84,4,535,0,45,236,111,7,0,-3,3,-61,0,-662,-209,-103,-8
31270,5.27,T,54,0,478,0,43,186,151,4,T,30,1,542,0,25,143,74,3,1,-24,1,64,0,-18,-43,-77,-1
31271,10.28,Z,68,0,389,0,117,213,227,0,Z,46,1,359,0,7,98,206,0,0,-22,1,-30,0,-110,-115,-21,0
31272,9.58,T,55,0,640,0,0,81,115,0,P,37,0,341,0,1,39,41,1,1,-18,0,-299,0,1,-42,-74,1
31273,10.27,P,62,0,580,0,11,205,101,4,T,76,0,562,0,26,247,135,15,0,14,0,-18,0,15,42,34,11
31274,10.16,Z,70,2,959,0,60,150,230,4,P,66,5,501,0,21,210,112,0,0,-4,3,-458,0,-39,60,-118,-4
31275,5.33,Z,20,0,657,0,9,44,67,1,Z,22,0,71,6,24,34,84,0,0,2,0,-586,6,15,-10,17,-1
31276,9.59,Z,68,8,430,0,183,122,294,3,P,79,0,674,0,64,260,87,15,0,11,-8,244,0,-119,138,-207,12
31277,4.14,T,24,0,350,0,4,76,35,2,T,27,3,251,0,716,143,163,0,0,3,3,-99,0,712,67,128,-2
31278,6.56,P,64,0,260,0,453,172,130,6,T,58,6,574,0,52,137,97,0,1,-6,6,314,0,-401,-35,-33,-6
31279,6.2,T,41,0,478,0,8,145,83,5,T,36,1,364,0,13,148,189,1,1,-5,1,-114,0,5,3,106,-4
31280,9.59,Z,44,0,931,0,27,164,215,2,T,85,0,726,0,19,308,243,9,1,41,0,-205,0,-8,144,28,7
31281,6.51,P,29,1,306,0,3,108,67,1,T,27,0,366,0,0,73,91,1,0,-2,-1,60,0,-3,-35,24,0
31282,5.41,Z,18,1,441,0,1,46,65,0,P,22,1,450,0,496,63,29,6,0,4,0,9,0,495,17,-36,6
31283,3.44,T,23,0,125,0,217,113,30,5,T,16,0,213,0,472,21,35,11,1,-7,0,88,0,255,-92,5,6
31284,8.54,P,53,10,309,0,215,149,77,2,T,57,0,423,0,94,131,97,10,1,4,-10,114,0,-121,-18,20,8
31285,9.59,T,93,0,405,0,27,295,288,4,Z,84,7,479,0,689,203,185,5,0,-9,7,74,0,662,-92,-103,1
31286,9.59,P,76,0,866,0,117,521,220,14,Z,46,0,370,0,62,88,178,5,0,-30,0,-496,0,-55,-433,-42,-9
31287,8.36,T,82,3,359,0,533,197,262,14,P,76,3,542,0,201,263,145,4,0,-6,0,183,0,-332,66,-117,-10
31288,7.18,P,43,0,210,0,316,220,324,5,T,51,0,496,0,113,134,61,2,0,8,0,286,0,-203,-86,-263,-3
31289,9.59,Z,65,13,399,0,62,189,206,0,Z,79,0,718,0,44,250,276,5,0,14,-13,319,0,-18,61,70,5
31290,9.59,T,70,0,911,0,0,139,187,0,T,97,4,527,6,114,97,231,5,0,27,4,-384,6,114,-42,44,5
31291,9.59,P,50,7,450,0,9,97,70,0,T,52,0,638,0,0,68,89,0,0,2,-7,188,0,-9,-29,19,0
31292,7.39,T,35,4,530,0,8,25,71,4,T,43,0,254,0,15,52,73,2,1,8,-4,-276,0,7,27,2,-2
31293,7.45,P,39,7,534,0,789,112,387,0,T,50,0,465,0,15,134,91,5,0,11,-7,-69,0,-774,22,-296,5
31294,9.59,T,58,0,411,0,45,331,89,10,P,47,0,420,0,19,129,101,3,0,-11,0,9,0,-26,-202,12,-7
31295,9.59,T,66,0,927,0,4,190,121,3,Z,51,0,965,0,7,97,186,2,0,-15,0,38,0,3,-93,65,-1
31296,6.26,Z,33,2,388,0,28,59,80,5,T,41,0,183,0,4,115,162,10,0,8,-2,-205,0,-24,56,82,5
31297,2.24,Z,10,0,92,0,13,58,39,4,T,12,3,68,0,231,16,93,0,0,2,3,-24,0,218,-42,54,-4
31298,9.59,T,100,0,628,0,342,196,259,11,P,67,2,576,0,74,322,99,10,0,-33,2,-52,0,-268,126,-160,-1
31299,3.34,P,16,1,82,0,69,42,26,0,T,13,0,142,0,3,22,20,1,1,-3,-1,60,0,-66,-20,-6,1
31300,9.38,Z,37,0,733,0,14,131,184,7,T,60,0,695,0,13,147,76,7,1,23,0,-38,0,-1,16,-108,0
31301,2.58,T,8,1,284,0,11,59,24,1,T,12,0,69,0,123,47,22,2,0,4,-1,-215,0,112,-12,-2,1
31302,9.59,P,36,0,554,0,19,129,52,2,P,53,0,491,0,1,243,102,3,1,17,0,-63,0,-18,114,50,1
31303,4.44,P,19,0,470,0,1,62,47,5,P,28,0,63,0,7,61,30,5,1,9,0,-407,0,6,-1,-17,0
31304,4.4,Z,17,2,85,0,24,16,60,2,P,14,1,96,0,0,23,30,0,1,-3,-1,11,0,-24,7,-30,-2
31305,9.28,T,81,6,630,0,171,237,112,0,P,55,8,299,0,201,196,79,11,1,-26,2,-331,0,30,-41,-33,11
31306,9.58,T,90,3,733,0,477,217,154,7,Z,78,0,423,0,264,173,347,10,1,-12,-3,-310,0,-213,-44,193,3
31307,10.2,Z,36,0,496,0,24,257,166,3,T,64,0,572,0,65,161,97,4,0,28,0,76,0,41,-96,-69,1
31308,9.59,Z,43,3,762,0,26,143,124,0,P,34,0,848,0,0,126,64,0,0,-9,-3,86,0,-26,-17,-60,0
31309,3.54,P,12,0,114,0,1,53,40,3,P,28,0,187,0,239,81,36,10,1,16,0,73,0,238,28,-4,7
31310,9.59,P,44,0,561,0,5,155,123,2,P,29,0,762,4,23,105,86,1,0,-15,0,201,4,18,-50,-37,-1
31311,5.56,P,23,1,261,0,5,117,67,1,T,36,0,455,0,24,247,76,3,0,13,-1,194,0,19,130,9,2
31312,10.5,T,63,0,588,0,387,124,174,7,Z,62,0,849,0,30,123,163,2,0,-1,0,261,0,-357,-1,-11,-5
31313,9.57,P,46,0,662,0,0,177,124,0,P,48,5,432,0,20,384,97,3,1,2,5,-230,0,20,207,-27,3
31314,9.59,Z,46,0,480,0,335,204,298,5,T,99,1,603,0,76,219,171,7,0,53,1,123,0,-259,15,-127,2
31315,2.1,P,10,0,113,0,98,58,19,15,Z,7,1,72,0,0,15,30,0,1,-3,1,-41,0,-98,-43,11,-15
31316,4.39,T,22,1,357,0,0,54,42,1,P,26,2,129,0,46,66,41,1,0,4,1,-228,0,46,12,-1,0
31317,1.23,P,7,0,42,0,143,18,12,9,P,4,2,103,0,7,40,19,0,1,-3,2,61,0,-136,22,7,-9
31318,5.51,T,29,0,249,0,0,42,48,1,T,39,6,210,0,284,50,184,1,1,10,6,-39,0,284,8,136,0
31319,9.28,T,43,3,672,0,15,149,146,1,P,20,0,419,0,0,36,34,1,0,-23,-3,-253,0,-15,-113,-112,0
31320,9.59,T,112,6,817,0,718,218,349,10,T,100,6,525,0,544,381,97,3,0,-12,0,-292,0,-174,163,-252,-7
31321,9.59,P,85,1,539,0,213,210,84,7,T,88,6,734,0,570,196,223,6,0,3,5,195,0,357,-14,139,-1
31322,9.59,Z,51,3,442,0,337,221,193,5,P,54,4,427,0,7,349,101,2,0,3,1,-15,0,-330,128,-92,-3
31323,8.34,T,61,5,528,0,148,77,108,2,P,60,0,612,0,15,166,234,5,1,-1,-5,84,0,-133,89,126,3
31324,9.18,Z,90,6,557,0,363,129,371,6,P,92,2,1052,0,1056,318,117,10,1,2,-4,495,0,693,189,-254,4
31325,9.59,P,56,3,515,0,115,169,114,6,Z,59,3,357,0,346,197,446,5,1,3,0,-158,0,231,28,332,-1
31326,8.58,T,34,2,203,0,10,27,50,2,Z,29,5,374,2,40,109,140,3,1,-5,3,171,2,30,82,90,1
31327,10.08,T,51,5,1059,0,71,93,54,0,T,41,0,372,0,0,37,47,0,0,-10,-5,-687,0,-71,-56,-7,0
31328,9.58,P,64,0,416,0,50,118,60,8,T,95,4,503,0,407,303,203,25,0,31,4,87,0,357,185,143,17
31329,9.59,T,115,3,487,0,101,285,124,6,P,63,2,461,0,141,309,71,7,1,-52,-1,-26,0,40,24,-53,1
31330,9.59,Z,55,2,656,0,79,187,190,2,T,26,0,460,0,4,154,82,1,1,-29,-2,-196,0,-75,-33,-108,-1
31331,9.59,P,57,6,216,0,38,87,66,4,T,53,0,344,0,0,111,84,2,0,-4,-6,128,0,-38,24,18,-2
31332,7.4,P,42,0,339,0,347,289,48,11,Z,54,0,315,0,83,170,219,11,0,12,0,-24,0,-264,-119,171,0
31333,9.33,Z,54,0,190,0,168,347,368,7,Z,48,5,366,0,9,107,193,0,0,-6,5,176,0,-159,-240,-175,-7
31334,6.42,P,38,0,543,0,23,160,39,3,Z,36,3,495,0,171,109,264,3,1,-2,3,-48,0,148,-51,225,0
31335,9.59,T,110,5,591,0,160,273,158,4,P,71,0,507,0,260,247,99,10,1,-39,-5,-84,0,100,-26,-59,6
31336,0,T,0,0,1,0,0,0,0,0,T,4,0,47,0,0,5,4,1,1,4,0,46,0,0,5,4,1
31337,8.33,Z,84,0,310,0,71,142,186,5,T,98,7,436,7,607,183,167,3,1,14,7,126,7,536,41,-19,-2
31338,4.02,Z,21,0,180,0,21,58,70,3,Z,18,1,182,0,84,48,191,3,1,-3,1,2,0,63,-10,121,0
31339,7.02,T,68,5,396,1,330,159,147,5,Z,41,7,435,0,132,105,195,4,0,-27,2,39,-1,-198,-54,48,-1
31340,5.09,Z,32,0,185,2,395,140,114,10,T,40,6,250,2,324,57,136,9,0,8,6,65,0,-71,-83,22,-1
31341,4.22,Z,14,4,386,0,8,82,62,0,P,17,2,466,0,8,96,101,0,0,3,-2,80,0,0,14,39,0
31342,2.58,P,16,0,105,0,153,118,40,4,T,18,0,269,0,0,47,28,1,0,2,0,164,0,-153,-71,-12,-3
31343,9.59,Z,105,8,463,0,370,322,333,2,T,108,0,599,0,831,232,180,12,1,3,-8,136,0,461,-90,-153,10
31344,9.51,T,143,16,588,0,480,240,267,13,P,71,6,689,0,337,217,95,8,0,-72,-10,101,0,-143,-23,-172,-5
31345,3.31,Z,15,0,108,0,0,14,99,0,Z,15,0,86,0,161,51,43,5,0,0,0,-22,0,161,37,-56,5
31346,5.25,P,29,0,279,0,0,68,34,1,T,36,0,250,0,49,40,42,4,1,7,0,-29,0,49,-28,8,3
31347,4.21,P,18,0,111,0,56,44,19,3,P,11,0,299,0,0,12,20,2,0,-7,0,188,0,-56,-32,1,-1
31348,10.58,Z,52,2,901,0,285,148,195,4,T,66,0,517,0,79,184,84,9,1,14,-2,-384,0,-206,36,-111,5
31349,9.59,T,111,0,810,0,226,246,265,11,Z,65,0,566,0,253,182,291,5,0,-46,0,-244,0,27,-64,26,-6
31350,5.42,T,43,2,336,0,187,106,71,10,Z,27,2,271,0,160,159,135,4,0,-16,0,-65,0,-27,53,64,-6
31351,8.06,T,80,1,346,0,233,266,48,7,Z,43,0,726,0,29,129,118,2,0,-37,-1,380,0,-204,-137,70,-5
31352,9.58,Z,54,6,519,0,178,212,331,3,T,47,1,352,0,15,56,95,4,0,-7,-5,-167,0,-163,-156,-236,1
31353,9.59,T,61,0,737,0,4,121,121,0,T,74,6,344,0,13,149,128,1,0,13,6,-393,0,9,28,7,1
31354,9.59,Z,57,4,654,0,16,147,186,0,T,61,2,665,0,31,76,67,0,0,4,-2,11,0,15,-71,-119,0
31355,8.3,T,98,0,442,0,293,281,134,2,T,82,3,456,0,94,232,77,16,1,-16,3,14,0,-199,-49,-57,14
31356,9.59,Z,54,0,379,0,37,133,240,7,T,51,0,401,0,39,86,109,11,1,-3,0,22,0,2,-47,-131,4
31357,7.04,T,39,3,478,0,15,108,84,3,T,25,0,206,0,0,93,51,0,0,-14,-3,-272,0,-15,-15,-33,-3
31358,7.06,Z,50,10,434,0,371,295,188,12,P,54,4,430,0,543,238,55,6,1,4,-6,-4,0,172,-57,-133,-6
31359,3.55,Z,19,0,197,0,101,54,65,6,Z,18,1,297,0,31,110,59,0,1,-1,1,100,0,-70,56,-6,-6
31360,2.27,Z,8,0,57,0,7,9,113,3,P,9,0,109,0,8,24,4,1,0,1,0,52,0,1,15,-109,-2
31361,4.46,T,24,1,323,0,21,172,42,7,Z,22,0,170,0,9,41,61,1,1,-2,-1,-153,0,-12,-131,19,-6
31362,1.29,Z,3,1,30,0,0,27,24,0,P,4,0,108,0,96,11,26,5,0,1,-1,78,0,96,-16,2,5
31363,5.53,T,31,2,266,0,18,100,32,6,P,37,1,244,0,38,230,57,6,1,6,-1,-22,0,20,130,25,0
31364,7.32,P,42,4,373,0,16,184,57,0,P,49,8,461,0,95,227,77,0,0,7,4,88,0,79,43,20,0
31365,9.59,Z,52,2,447,0,217,218,383,0,T,98,3,437,0,186,153,128,2,1,46,1,-10,0,-31,-65,-255,2
31366,9.59,T,90,1,927,0,31,197,129,6,Z,82,7,423,0,109,302,438,10,1,-8,6,-504,0,78,105,309,4
31367,9.59,Z,41,0,294,0,2,181,259,1,T,64,3,588,0,17,157,105,1,0,23,3,294,0,15,-24,-154,0
31368,9.59,P,71,8,393,0,134,118,288,3,T,77,0,613,0,104,111,89,4,1,6,-8,220,0,-30,-7,-199,1
31369,2.58,P,16,1,169,0,213,96,35,5,P,14,0,72,0,111,92,29,4,1,-2,-1,-97,0,-102,-4,-6,-1
31370,3.33,T,26,0,210,0,408,96,95,17,P,19,0,163,3,266,74,90,6,0,-7,0,-47,3,-142,-22,-5,-11
31371,10.26,T,60,2,534,0,521,190,279,5,T,40,7,511,0,16,111,173,0,0,-20,5,-23,0,-505,-79,-106,-5
31372,7.4,T,52,0,502,0,27,206,66,5,P,29,0,349,0,9,230,78,4,1,-23,0,-153,0,-18,24,12,-1
31373,3.43,T,29,2,174,0,161,119,104,1,P,29,0,253,0,225,140,53,7,0,0,-2,79,0,64,21,-51,6
31374,9.43,P,51,2,622,0,49,231,66,3,T,43,4,332,0,23,45,53,0,0,-8,2,-290,0,-26,-186,-13,-3
31375,7.57,Z,56,0,485,15,94,255,267,2,Z,33,0,302,0,16,198,128,3,1,-23,0,-183,-15,-78,-57,-139,1
31376,2.5,Z,8,0,87,0,82,24,34,0,Z,11,0,90,0,120,26,118,2,1,3,0,3,0,38,2,84,2
31377,5.13,T,22,0,306,0,0,41,41,0,T,40,5,359,0,42,148,38,0,0,18,5,53,0,42,107,-3,0
31378,0,Z,0,0,1,0,0,0,0,0,Z,3,0,53,0,6,16,11,2,1,3,0,52,0,6,16,11,2
31379,5.49,P,29,3,192,0,10,117,39,2,T,39,0,392,0,1,120,103,1,0,10,-3,200,0,-9,3,64,-1
31380,9.59,Z,65,8,580,2,73,207,131,2,Z,70,0,659,0,347,236,282,11,1,5,-8,79,-2,274,29,151,9
31381,9.58,T,73,3,613,0,12,177,263,1,Z,87,0,455,0,124,250,303,2,1,14,-3,-158,0,112,73,40,1
31382,5.38,T,36,0,141,0,197,87,142,10,Z,20,0,255,0,39,80,112,6,0,-16,0,114,0,-158,-7,-30,-4
31383,9.58,T,68,0,569,0,33,100,74,7,T,89,0,621,0,35,208,79,6,1,21,0,52,0,2,108,5,-1
31384,9.59,Z,79,0,448,0,41,263,250,2,P,86,1,450,1,82,345,135,7,0,7,1,2,1,41,82,-115,5
31385,9.59,T,57,5,713,0,22,106,109,0,P,68,0,617,0,0,234,191,0,0,11,-5,-96,0,-22,128,82,0
31386,4.38,P,17,2,137,1,25,90,26,0,T,30,0,248,0,69,71,63,3,0,13,-2,111,-1,44,-19,37,3
31387,10.39,T,137,0,478,0,126,208,207,28,Z,89,13,477,0,541,350,405,2,1,-48,13,-1,0,415,142,198,-26
31388,8.57,P,76,3,428,0,214,154,99,7,Z,60,3,455,0,56,124,228,4,1,-16,0,27,0,-158,-30,129,-3
31389,9.01,P,58,1,564,0,49,119,105,2,T,74,4,519,0,252,184,119,6,0,16,3,-45,0,203,65,14,4
31390,6.2,Z,38,4,287,0,53,107,165,0,P,35,4,531,0,394,251,101,5,0,-3,0,244,0,341,144,-64,5
31391,9.57,T,42,0,527,0,3,41,71,3,T,42,3,834,0,9,38,52,1,0,0,3,307,0,6,-3,-19,-2
31392,5.34,P,28,6,164,0,349,118,96,1,T,24,0,223,0,5,31,57,4,0,-4,-6,59,0,-344,-87,-39,3
31393,3.13,Z,9,6,159,0,14,35,49,3,Z,14,1,234,0,292,94,115,5,1,5,-5,75,0,278,59,66,2
31394,4.25,Z,13,0,210,0,4,30,51,0,Z,35,0,117,0,3,116,89,0,0,22,0,-93,0,-1,86,38,0
31395,3.13,Z,9,1,141,0,20,14,40,1,P,16,1,162,0,13,65,15,1,0,7,0,21,0,-7,51,-25,0
31396,9.59,T,79,0,682,0,13,166,168,2,Z,78,0,306,0,46,123,144,5,1,-1,0,-376,0,33,-43,-24,3
31397,9.59,Z,35,0,191,0,25,55,150,1,Z,50,0,486,0,22,222,158,3,0,15,0,295,0,-3,167,8,2
31398,7.41,P,48,3,500,0,25,135,51,0,Z,35,0,264,0,5,120,172,2,1,-13,-3,-236,0,-20,-15,121,2
31399,7.01,P,30,0,476,0,15,73,38,2,T,20,0,305,0,0,32,46,0,0,-10,0,-171,0,-15,-41,8,-2
31400,3.37,T,18,0,129,0,90,32,18,3,T,17,0,101,0,143,46,28,3,1,-1,0,-28,0,53,14,10,0
31401,9.59,T,41,0,750,0,0,22,46,1,P,26,0,249,0,13,108,40,2,1,-15,0,-501,0,13,86,-6,1
31402,7.37,T,33,0,243,0,0,84,89,3,T,33,1,534,0,15,91,51,4,0,0,1,291,0,15,7,-38,1
31403,8.43,Z,42,0,571,0,339,117,147,4,T,85,4,505,0,81,171,115,6,1,43,4,-66,0,-258,54,-32,2
31404,9.59,T,73,2,526,0,27,120,129,6,T,107,5,486,0,116,120,166,5,1,34,3,-40,0,89,0,37,-1
31405,9.58,T,85,0,490,0,469,238,280,11,T,69,3,680,0,64,258,190,4,0,-16,3,190,0,-405,20,-90,-7
31406,9.55,P,14,0,552,0,0,28,17,0,T,29,0,1237,0,0,35,59,0,0,15,0,685,0,0,7,42,0
31407,9.24,P,55,0,419,0,22,184,110,7,Z,60,1,614,0,197,324,230,16,1,5,1,195,0,175,140,120,9
31408,10.48,Z,76,0,1030,0,96,283,223,6,P,83,3,572,0,10,276,99,5,0,7,3,-458,0,-86,-7,-124,-1
31409,9.42,Z,48,0,587,0,0,125,180,0,T,42,0,312,0,10,61,59,5,0,-6,0,-275,0,10,-64,-121,5
31410,6.04,P,49,1,353,0,214,101,144,7,Z,36,2,195,0,185,209,292,6,0,-13,1,-158,0,-29,108,148,-1
31411,9.03,P,88,8,378,0,181,436,146,8,P,52,1,618,0,7,206,87,0,1,-36,-7,240,0,-174,-230,-59,-8
31412,4.41,Z,23,6,264,0,52,50,63,2,Z,22,0,112,0,34,32,118,2,1,-1,-6,-152,0,-18,-18,55,0
31413,9.59,Z,92,5,316,0,85,142,292,2,T,88,5,618,0,297,249,109,9,0,-4,0,302,0,212,107,-183,7
31414,5.01,Z,31,0,292,0,105,103,110,6,Z,28,1,124,0,211,117,279,5,0,-3,1,-168,0,106,14,169,-1
31415,9.57,T,74,0,429,23,157,151,140,1,P,78,0,546,0,38,177,80,18,1,4,0,117,-23,-119,26,-60,17
31416,2.13,T,7,0,77,0,0,7,17,3,Z,7,0,22,0,69,37,33,4,0,0,0,-55,0,69,30,16,1
31417,9.59,T,107,0,293,0,248,229,193,23,Z,80,10,620,0,548,221,201,13,1,-27,10,327,0,300,-8,8,-10
31418,9.4,Z,87,0,626,0,151,363,297,16,T,99,0,668,0,371,386,102,16,0,12,0,42,0,220,23,-195,0
31419,5.5,T,22,0,226,0,16,45,45,8,P,12,0,368,0,0,36,13,0,0,-10,0,142,0,-16,-9,-32,-8
31420,9.09,P,52,0,370,0,324,252,92,10,T,52,0,597,0,20,84,72,3,0,0,0,227,0,-304,-168,-20,-7
31421,9.59,T,79,2,798,0,37,200,119,4,T,81,3,438,0,558,177,151,3,0,2,1,-360,0,521,-23,32,-1
31422,3.3,P,18,0,105,0,12,123,96,5,T,17,0,343,0,248,104,32,15,0,-1,0,238,0,236,-19,-64,10
31423,8.55,T,83,0,640,0,108,206,133,10,T,73,0,465,0,295,242,86,7,1,-10,0,-175,0,187,36,-47,-3
31424,3.49,P,17,0,64,0,2,53,26,1,T,15,1,396,0,1,46,106,4,0,-2,1,332,0,-1,-7,80,3
31425,6.05,T,34,8,248,0,144,45,40,1,T,26,0,263,0,3,59,67,7,1,-8,-8,15,0,-141,14,27,6
31426,9.51,T,87,3,1039,0,107,244,115,6,Z,78,12,304,0,65,241,223,2,1,-9,9,-735,0,-42,-3,108,-4
31427,8.45,Z,54,3,511,0,42,182,188,6,P,45,0,177,0,110,138,49,5,0,-9,-3,-334,0,68,-44,-139,-1
31428,7.47,T,64,1,407,0,38,209,207,1,Z,23,0,502,0,0,182,114,0,0,-41,-1,95,0,-38,-27,-93,-1
31429,3.48,Z,20,0,255,0,186,77,47,2,P,13,0,188,0,14,184,9,3,0,-7,0,-67,0,-172,107,-38,1
31430,8.1,T,39,0,518,0,21,111,61,7,T,44,0,676,0,12,47,60,3,1,5,0,158,0,-9,-64,-1,-4
31431,8.34,T,69,0,204,17,135,120,130,0,T,42,0,277,0,29,134,52,2,1,-27,0,73,-17,-106,14,-78,2
31432,3.26,Z,17,1,34,0,165,53,97,5,Z,11,1,17,0,7,11,70,1,1,-6,0,-17,0,-158,-42,-27,-4
31433,0.17,T,1,0,22,5,2,5,6,0,T,1,0,13,0,4,8,2,1,0,0,0,-9,-5,2,3,-4,1
31434,7.47,P,51,0,258,0,0,115,138,0,Z,48,4,379,0,14,105,192,3,1,-3,4,121,0,14,-10,54,3
31435,8.44,T,86,0,506,0,110,247,138,8,T,125,0,495,0,504,259,152,13,1,39,0,-11,0,394,12,14,5
31436,6.36,P,22,0,210,0,8,59,50,1,Z,36,2,289,0,326,82,124,4,0,14,2,79,0,318,23,74,3
31437,10.55,Z,54,4,222,0,24,34,161,0,T,57,0,480,0,2,135,129,0,1,3,-4,258,0,-22,101,-32,0
31438,9.58,P,39,0,789,0,6,203,92,2,P,43,1,421,0,13,149,75,0,0,4,1,-368,0,7,-54,-17,-2
31439,6.18,T,33,1,483,0,1,134,125,3,P,24,0,195,0,0,187,109,0,0,-9,-1,-288,0,-1,53,-16,-3
31440,9.59,Z,62,7,278,0,34,166,306,0,T,78,3,894,0,201,101,141,8,0,16,-4,616,0,167,-65,-165,8
31441,6.59,Z,30,4,455,0,437,85,212,4,P,32,2,327,0,10,40,51,1,0,2,-2,-128,0,-427,-45,-161,-3
31442,6.5,T,24,0,334,0,0,54,67,0,Z,42,0,174,0,2,166,141,2,0,18,0,-160,0,2,112,74,2
31443,8.21,Z,67,14,554,0,343,217,271,3,T,82,0,550,0,193,223,109,12,1,15,-14,-4,0,-150,6,-162,9
31444,9.59,P,92,1,446,0,126,380,131,5,Z,64,0,559,0,137,287,243,8,1,-28,-1,113,0,11,-93,112,3
31445,9.59,Z,58,0,649,0,299,394,374,4,T,102,0,666,0,724,371,93,17,1,44,0,17,0,425,-23,-281,13
31446,10.04,P,43,0,645,0,1,173,93,1,T,74,0,479,0,110,255,207,11,1,31,0,-166,0,109,82,114,10
31447,9.58,P,61,9,803,0,166,108,103,0,T,52,0,752,0,0,117,109,2,0,-9,-9,-51,0,-166,9,6,2
31448,7.32,T,69,1,428,0,497,235,119,8,T,84,0,323,0,205,288,69,44,1,15,-1,-105,0,-292,53,-50,36
31449,0.23,T,3,1,8,0,0,16,6,0,T,2,0,5,0,29,9,37,2,1,-1,-1,-3,0,29,-7,31,2
31450,4.22,T,30,0,213,0,62,103,237,4,T,28,4,328,0,8,167,121,4,0,-2,4,115,0,-54,64,-116,0
31451,5.55,T,27,3,223,0,2,55,58,0,T,28,2,259,0,4,66,61,0,1,1,-1,36,0,2,11,3,0
31452,9.58,Z,172,5,410,0,418,331,415,4,P,152,0,520,0,503,482,276,24,1,-20,-5,110,0,85,151,-139,20
31453,4.09,T,16,0,215,0,0,16,33,8,T,14,0,291,0,18,43,38,1,1,-2,0,76,0,18,27,5,-7
31454,10.5,T,137,1,426,0,281,213,243,14,Z,87,13,479,0,480,161,285,4,1,-50,12,53,0,199,-52,42,-10
31455,6.05,P,38,0,292,0,159,108,128,2,Z,36,1,312,0,322,170,123,6,1,-2,1,20,0,163,62,-5,4
31456,7.48,P,35,0,249,0,13,131,46,5,Z,53,0,935,0,30,73,162,2,1,18,0,686,0,17,-58,116,-3
31457,3.51,T,20,0,211,0,0,72,90,1,P,22,0,43,0,18,14,14,1,0,2,0,-168,0,18,-58,-76,0
31458,9.59,T,75,4,533,4,194,234,67,0,T,64,0,533,0,8,94,124,2,1,-11,-4,0,-4,-186,-140,57,2
31459,10.5,Z,59,0,437,0,14,238,244,9,T,94,14,627,0,50,214,146,0,1,35,14,190,0,36,-24,-98,-9
31460,9.13,T,63,8,417,0,70,97,95,1,T,60,6,390,0,110,162,109,3,1,-3,-2,-27,0,40,65,14,2
31461,9.58,Z,58,0,746,0,30,100,204,5,P,50,0,585,0,16,124,46,4,0,-8,0,-161,0,-14,24,-158,-1
31462,9.03,P,50,9,642,0,141,135,113,0,T,56,2,567,0,19,132,94,0,1,6,-7,-75,0,-122,-3,-19,0
31463,10.07,Z,72,0,769,0,65,282,245,11,T,98,12,454,0,713,385,113,6,1,26,12,-315,0,648,103,-132,-5
31464,9.58,Z,52,5,571,0,47,166,146,0,T,66,9,503,0,169,180,92,4,1,14,4,-68,0,122,14,-54,4
31465,7.19,Z,45,0,699,0,35,205,154,3,P,23,0,489,0,0,116,38,0,0,-22,0,-210,0,-35,-89,-116,-3
31466,5.34,P,18,2,207,0,11,37,33,1,T,29,0,242,0,0,12,67,2,1,11,-2,35,0,-11,-25,34,1
31467,4.44,P,24,3,290,1,47,116,41,0,Z,33,0,322,0,41,57,83,3,1,9,-3,32,-1,-6,-59,42,3
31468,8.15,T,51,0,385,0,365,135,75,9,T,72,0,414,0,64,259,141,3,1,21,0,29,0,-301,124,66,-6
31469,4.07,T,18,2,117,0,58,73,50,3,T,26,0,154,0,59,52,25,4,1,8,-2,37,0,1,-21,-25,1
31470,9.59,Z,61,14,330,0,57,232,205,2,Z,59,17,396,0,280,236,340,12,1,-2,3,66,0,223,4,135,10
31471,2.32,T,7,0,217,0,0,31,17,0,P,9,0,293,0,7,28,10,2,0,2,0,76,0,7,-3,-7,2
31472,8.41,T,65,6,593,0,107,129,276,0,Z,52,7,274,0,166,179,159,7,0,-13,1,-319,0,59,50,-117,7
31473,8.07,P,62,2,417,0,468,266,174,4,Z,57,1,456,0,440,157,222,8,1,-5,-1,39,0,-28,-109,48,4
31474,9.59,T,63,0,603,0,27,100,97,9,T,83,0,896,0,48,87,99,3,1,20,0,293,0,21,-13,2,-6
31475,2.34,Z,8,0,71,0,2,42,45,0,P,14,1,143,0,4,31,24,0,0,6,1,72,0,2,-11,-21,0
31476,9.58,T,83,0,520,0,64,250,150,6,Z,73,0,306,3,51,123,213,0,1,-10,0,-214,3,-13,-127,63,-6
31477,2.08,P,11,0,99,0,10,41,10,2,T,9,3,87,0,111,30,77,0,1,-2,3,-12,0,101,-11,67,-2
31478,9.59,T,60,0,399,0,36,115,94,6,T,61,2,723,0,9,52,87,2,1,1,2,324,0,-27,-63,-7,-4
31479,6.39,T,29,2,485,0,17,106,63,0,T,31,1,385,0,164,117,66,8,0,2,-1,-100,0,147,11,3,8
31480,9.59,P,75,2,706,0,41,362,91,6,Z,58,2,310,0,99,120,221,10,0,-17,0,-396,0,58,-242,130,4
31481,2.42,T,8,0,336,0,8,8,20,2,T,16,0,69,0,0,5,14,2,1,8,0,-267,0,-8,-3,-6,0
31482,7.4,Z,36,6,306,1,156,202,242,1,Z,49,2,256,0,239,175,341,2,1,13,-4,-50,-1,83,-27,99,1
31483,5.31,Z,22,2,573,0,20,30,64,2,Z,24,0,78,0,464,45,52,5,1,2,-2,-495,0,444,15,-12,3
31484,2.4,T,11,0,79,0,0,10,16,1,T,10,1,166,0,87,39,18,2,1,-1,1,87,0,87,29,2,1
31485,7.36,Z,26,1,640,0,18,55,90,0,P,32,0,425,0,8,131,34,3,0,6,-1,-215,0,-10,76,-56,3
31486,7.46,P,44,6,371,0,14,252,56,2,P,36,5,213,0,7,111,48,0,1,-8,-1,-158,0,-7,-141,-8,-2
31487,7.57,Z,50,6,561,0,95,106,191,1,T,52,0,548,0,0,66,83,0,0,2,-6,-13,0,-95,-40,-108,-1
31488,9.43,Z,85,0,425,0,36,230,238,3,T,91,0,585,0,160,338,124,11,1,6,0,160,0,124,108,-114,8
31489,2.09,Z,10,0,17,0,63,20,69,1,Z,8,1,94,0,8,14,32,1,0,-2,1,77,0,-55,-6,-37,0
31490,5.25,P,40,0,201,0,318,377,154,2,T,82,0,213,0,4,214,110,4,1,42,0,12,0,-314,-163,-44,2
31491,9.59,P,50,0,410,0,33,212,42,6,P,27,1,543,0,0,145,88,0,1,-23,1,133,0,-33,-67,46,-6
31492,9.59,T,80,0,601,0,33,203,136,5,Z,71,0,327,0,235,230,354,9,1,-9,0,-274,0,202,27,218,4
31493,5.07,T,26,0,265,7,160,76,135,0,P,22,1,266,0,55,79,141,0,0,-4,1,1,-7,-105,3,6,0
31494,6.49,Z,45,2,191,0,93,147,146,6,Z,76,0,205,0,584,131,228,19,1,31,-2,14,0,491,-16,82,13
31495,7.53,T,36,0,319,0,0,99,61,0,T,27,0,539,0,2,239,78,3,0,-9,0,220,0,2,140,17,3
31496,9.58,T,79,8,670,0,83,238,235,0,T,107,0,784,0,127,242,158,6,0,28,-8,114,0,44,4,-77,6
31497,5.37,T,37,1,372,0,291,134,94,8,T,55,0,343,0,192,189,94,9,0,18,-1,-29,0,-99,55,0,1
31498,7.07,T,29,5,521,0,26,98,54,0,T,72,0,312,0,367,236,128,10,1,43,-5,-209,0,341,138,74,10
31499,5.51,T,34,3,309,0,70,138,53,3,Z,34,0,216,0,360,132,171,7,1,0,-3,-93,0,290,-6,118,4
31500,2.55,P,13,0,83,0,5,49,28,3,T,12,1,147,0,195,20,26,1,0,-1,1,64,0,190,-29,-2,-2
31501,9.59,T,108,0,622,0,321,336,288,15,P,68,0,418,0,187,197,114,15,1,-40,0,-204,0,-134,-139,-174,0
31502,5.3,P,21,0,375,0,0,87,40,0,P,21,0,258,0,1,166,44,1,0,0,0,-117,0,1,79,4,1
31503,10.16,P,41,9,739,0,21,157,66,0,T,40,2,431,0,3,60,81,4,0,-1,-7,-308,0,-18,-97,15,4
31504,5.11,P,24,0,591,0,0,64,34,1,T,24,0,273,0,18,119,65,5,1,0,0,-318,0,18,55,31,4
31505,8.09,P,46,4,570,7,85,162,66,0,T,62,0,506,0,526,194,78,13,0,16,-4,-64,-7,441,32,12,13
31506,8.22,Z,25,0,393,0,7,15,98,1,Z,46,3,259,0,491,74,313,2,1,21,3,-134,0,484,59,215,1
31507,7.45,T,88,6,428,0,508,245,184,4,Z,60,2,342,0,145,215,236,7,1,-28,-4,-86,0,-363,-30,52,3
31508,9.26,Z,46,3,381,0,19,61,156,1,T,45,0,723,0,0,82,69,5,1,-1,-3,342,0,-19,21,-87,4
31509,8.56,T,24,0,504,0,2,19,47,1,T,50,7,612,0,23,150,89,1,1,26,7,108,0,21,131,42,0
31510,8.22,Z,48,2,666,0,80,261,204,0,T,84,5,550,0,478,232,164,6,0,36,3,-116,0,398,-29,-40,6
31511,9.59,P,63,5,476,0,26,188,133,3,Z,71,0,635,0,62,139,247,6,1,8,-5,159,0,36,-49,114,3
31512,6.54,Z,32,4,425,0,14,68,105,0,Z,34,0,289,0,93,156,145,2,1,2,-4,-136,0,79,88,40,2
31513,9.59,T,81,1,988,0,453,198,122,10,T,70,6,723,0,38,375,93,1,0,-11,5,-265,0,-415,177,-29,-9
31514,7.08,P,63,0,320,0,120,195,48,5,T,63,0,426,0,60,171,145,5,1,0,0,106,0,-60,-24,97,0
31515,8.02,P,26,0,92,0,0,77,39,0,P,55,0,465,0,46,201,97,15,1,29,0,373,0,46,124,58,15
31516,9.59,P,47,5,796,0,479,296,84,0,P,54,10,454,0,13,320,105,2,0,7,5,-342,0,-466,24,21,2
31517,3.29,P,16,1,183,0,297,60,23,5,Z,13,0,169,0,7,20,42,2,1,-3,-1,-14,0,-290,-40,19,-3
31518,9.59,P,30,0,262,0,6,130,48,1,P,30,0,564,0,0,81,27,0,1,0,0,302,0,-6,-49,-21,-1
31519,10.05,P,76,2,584,0,75,257,114,2,Z,64,0,465,0,35,124,191,3,1,-12,-2,-119,0,-40,-133,77,1
31520,6.28,T,66,12,505,0,171,223,113,3,Z,33,0,239,0,5,82,137,2,0,-33,-12,-266,0,-166,-141,24,-1
31521,4.14,Z,19,0,219,0,365,42,104,8,Z,16,7,367,0,61,93,92,0,0,-3,7,148,0,-304,51,-12,-8
31522,4.43,Z,21,5,268,0,246,139,92,3,Z,36,7,125,0,436,86,135,3,1,15,2,-143,0,190,-53,43,0
31523,7.2,P,30,0,315,0,7,34,41,1,P,29,0,190,0,8,60,39,2,1,-1,0,-125,0,1,26,-2,1
31524,7.49,P,52,0,408,0,218,276,88,7,Z,29,0,433,0,49,113,114,6,0,-23,0,25,0,-169,-163,26,-1
31525,7.33,T,54,0,419,0,43,254,59,5,T,51,0,548,0,88,154,55,4,1,-3,0,129,0,45,-100,-4,-1
31526,4.41,Z,23,0,104,0,32,47,147,14,Z,19,2,88,3,141,76,186,0,0,-4,2,-16,3,109,29,39,-14
31527,9.05,Z,72,3,365,0,390,333,411,3,P,89,6,546,0,122,271,108,11,0,17,3,181,0,-268,-62,-303,8
31528,9.57,P,50,0,457,0,0,170,146,0,T,69,1,441,0,40,131,109,3,1,19,1,-16,0,40,-39,-37,3
31529,7.17,Z,30,2,504,0,18,53,90,2,T,34,1,428,0,0,127,78,0,0,4,-1,-76,0,-18,74,-12,-2
31530,9.05,T,101,0,886,0,25,416,128,12,Z,50,0,446,0,35,90,129,6,0,-51,0,-440,0,10,-326,1,-6
31531,7.41,T,79,0,165,0,167,246,143,10,Z,57,0,222,0,129,139,140,5,0,-22,0,57,0,-38,-107,-3,-5
31532,9.59,T,80,0,523,0,70,182,103,7,P,71,3,432,0,29,283,115,5,1,-9,3,-91,0,-41,101,12,-2
31533,8.17,T,40,5,602,0,63,77,48,5,T,31,0,157,0,0,19,38,0,1,-9,-5,-445,0,-63,-58,-10,-5
31534,9.59,T,57,0,623,0,1,182,114,11,P,67,3,574,0,55,247,68,8,1,10,3,-49,0,54,65,-46,-3
31535,9.59,T,96,6,438,0,175,241,169,0,T,59,2,567,0,23,247,111,2,0,-37,-4,129,0,-152,6,-58,2
31536,7.57,P,44,0,422,0,10,180,141,3,T,32,0,567,0,13,220,85,6,0,-12,0,145,0,3,40,-56,3
31537,10.59,P,122,6,483,0,313,373,82,14,T,110,0,658,0,155,263,146,10,0,-12,-6,175,0,-158,-110,64,-4
31538,6.1,T,23,3,385,0,13,137,27,1,T,24,0,410,0,0,28,37,0,0,1,-3,25,0,-13,-109,10,-1
31539,1.27,P,5,0,25,0,71,17,11,1,T,4,0,125,0,0,7,8,3,0,-1,0,100,0,-71,-10,-3,2
31540,1.11,P,4,0,38,0,81,27,28,2,T,8,2,33,0,1,51,19,0,1,4,2,-5,0,-80,24,-9,-2
31541,4.51,T,58,0,252,0,245,222,82,9,T,41,0,247,0,135,229,103,4,0,-17,0,-5,0,-110,7,21,-5
31542,7.33,P,33,2,142,0,0,47,52,1,T,49,5,548,0,20,71,73,0,0,16,3,406,0,20,24,21,-1
31543,9.48,P,53,1,308,0,14,291,109,4,T,57,0,857,0,0,228,101,1,0,4,-1,549,0,-14,-63,-8,-3
31544,9.57,Z,35,0,606,0,0,69,183,0,T,66,0,903,0,0,147,86,1,0,31,0,297,0,0,78,-97,1
31545,9.36,P,73,0,356,0,78,154,138,10,Z,58,2,389,4,79,199,216,0,1,-15,2,33,4,1,45,78,-10
31546,6.2,P,27,0,310,0,0,110,35,0,T,26,1,285,0,2,88,67,1,1,-1,1,-25,0,2,-22,32,1
31547,10.53,Z,63,0,988,0,61,145,213,12,T,86,7,864,0,74,234,82,7,1,23,7,-124,0,13,89,-131,-5
31548,9.59,T,129,0,503,0,744,260,290,29,T,126,0,276,0,758,219,231,30,0,-3,0,-227,0,14,-41,-59,1
31549,9.21,Z,50,0,638,0,2,138,136,2,P,17,0,612,0,0,107,33,1,0,-33,0,-26,0,-2,-31,-103,-1
31550,3.07,Z,10,0,114,0,7,110,46,3,P,15,0,211,0,4,60,17,2,0,5,0,97,0,-3,-50,-29,-1
31551,2.19,T,5,1,116,0,6,11,12,1,T,7,2,89,0,0,15,17,0,1,2,1,-27,0,-6,4,5,-1
31552,8.2,T,78,0,428,0,52,180,97,12,Z,63,8,322,0,72,170,204,8,1,-15,8,-106,0,20,-10,107,-4
31553,5.26,P,22,0,154,0,12,93,88,2,P,27,0,206,0,0,148,65,0,0,5,0,52,0,-12,55,-23,-2
31554,10.14,Z,71,4,345,0,251,164,371,1,T,91,0,919,0,20,216,138,4,1,20,-4,574,0,-231,52,-233,3
31555,0.49,T,2,0,50,0,0,26,44,0,T,5,0,90,0,19,11,24,4,1,3,0,40,0,19,-15,-20,4
31556,3.48,Z,21,1,122,0,20,47,84,4,Z,16,2,173,0,110,81,129,5,1,-5,1,51,0,90,34,45,1
31557,9.48,T,88,0,1011,0,45,230,113,8,Z,98,0,359,0,690,268,300,21,1,10,0,-652,0,645,38,187,13
31558,9.58,P,83,0,592,0,41,411,89,7,Z,76,0,488,0,50,419,279,5,0,-7,0,-104,0,9,8,190,-2
31559,6.46,T,37,10,288,0,152,59,100,1,P,24,0,404,0,9,135,48,4,1,-13,-10,116,0,-143,76,-52,3
31560,1.5,P,7,0,99,0,3,54,10,2,T,8,2,145,0,3,9,13,0,0,1,2,46,0,0,-45,3,-2
31561,5.19,Z,24,0,216,0,0,22,84,0,Z,12,0,72,0,17,37,75,2,1,-12,0,-144,0,17,15,-9,2
31562,2.15,Z,8,0,16,0,6,5,20,1,P,8,0,54,0,0,12,13,0,0,0,0,38,0,-6,7,-7,-1
31563,10.34,T,111,7,551,0,250,300,158,9,Z,97,2,704,0,275,197,309,6,1,-14,-5,153,0,25,-103,151,-3
31564,9.58,T,113,0,478,0,81,496,207,12,Z,85,0,786,0,52,208,272,2,0,-28,0,308,0,-29,-288,65,-10
31565,9.27,P,51,0,294,0,230,121,74,8,T,58,0,503,0,373,227,79,5,1,7,0,209,0,143,106,5,-3
31566,4.2,P,17,4,116,1,34,25,18,0,T,17,0,403,0,0,22,24,0,0,0,-4,287,-1,-34,-3,6,0
31567,4.25,P,31,0,218,0,82,152,66,5,P,22,1,315,0,37,84,25,1,0,-9,1,97,0,-45,-68,-41,-4
31568,6.29,P,62,0,248,0,222,132,113,9,T,50,0,379,0,135,151,82,17,1,-12,0,131,0,-87,19,-31,8
31569,9.18,P,74,0,573,0,578,219,150,6,Z,50,7,320,0,87,157,217,0,0,-24,7,-253,0,-491,-62,67,-6
31570,7.59,Z,49,0,210,0,31,61,127,3,Z,52,10,303,0,1188,177,172,1,1,3,10,93,0,1157,116,45,-2
31571,10.54,T,76,0,1150,0,72,129,131,6,Z,61,8,550,0,41,121,297,3,1,-15,8,-600,0,-31,-8,166,-3
31572,9.59,T,106,5,508,0,39,219,127,4,P,72,11,819,0,100,268,102,10,1,-34,6,311,0,61,49,-25,6
31573,9.56,P,57,0,495,0,42,137,108,9,T,75,0,628,0,36,173,79,5,1,18,0,133,0,-6,36,-29,-4
31574,9.59,P,46,9,295,0,44,168,78,4,T,60,0,428,0,1,194,135,0,0,14,-9,133,0,-43,26,57,-4
31575,5.01,T,25,3,301,0,7,90,49,0,T,29,5,299,0,75,87,38,0,1,4,2,-2,0,68,-3,-11,0
31576,3.28,Z,12,3,98,0,104,45,103,0,P,14,4,171,0,48,51,59,0,0,2,1,73,0,-56,6,-44,0
31577,7.43,Z,51,6,779,0,22,234,140,3,Z,51,2,504,0,136,153,178,8,0,0,-4,-275,0,114,-81,38,5
31578,3.43,T,20,1,265,0,2,61,25,0,P,19,0,127,0,0,100,34,0,1,-1,-1,-138,0,-2,39,9,0
31579,5.05,Z,23,0,281,0,22,37,79,7,T,36,4,212,0,4,64,66,0,1,13,4,-69,0,-18,27,-13,-7
31580,9.59,Z,67,8,542,0,123,125,236,0,T,65,8,774,0,431,217,173,4,0,-2,0,232,0,308,92,-63,4
31581,8.1,T,101,3,436,0,257,241,108,13,Z,49,0,348,0,423,174,207,3,0,-52,-3,-88,0,166,-67,99,-10
31582,10.23,Z,59,2,573,0,43,173,190,3,Z,65,0,755,0,65,262,215,2,1,6,-2,182,0,22,89,25,-1
31583,8.5,P,62,0,550,0,29,196,92,7,T,77,10,457,0,325,196,144,4,0,15,10,-93,0,296,0,52,-3
31584,10.59,T,60,0,684,6,42,171,93,1,Z,73,5,621,0,139,334,224,10,1,13,5,-63,-6,97,163,131,9
31585,3.48,T,28,2,131,0,144,122,103,1,T,22,0,273,0,7,75,61,7,0,-6,-2,142,0,-137,-47,-42,6
31586,7.31,Z,50,7,241,0,36,31,144,0,T,34,3,188,0,62,29,39,1,1,-16,-4,-53,0,26,-2,-105,1
31587,2.3,P,7,0,108,0,0,105,4,0,Z,6,0,101,0,0,115,38,0,1,-1,0,-7,0,0,10,34,0
31588,10.56,T,45,1,757,0,0,49,69,0,Z,94,0,671,0,434,300,498,14,1,49,-1,-86,0,434,251,429,14
31589,5.43,Z,35,8,201,0,431,120,152,1,Z,33,9,265,0,55,43,90,1,0,-2,1,64,0,-376,-77,-62,0
31590,9.58,T,73,2,284,0,64,201,92,10,T,70,2,650,0,51,130,75,2,0,-3,0,366,0,-13,-71,-17,-8
31591,9.15,Z,38,5,333,0,30,92,146,1,T,47,18,362,0,121,170,84,0,0,9,13,29,0,91,78,-62,-1
31592,9.59,T,55,0,723,0,2,150,68,2,Z,50,0,658,0,34,55,114,11,1,-5,0,-65,0,32,-95,46,9
31593,4.18,P,26,0,74,0,15,75,32,0,T,24,0,222,0,442,87,30,5,0,-2,0,148,0,427,12,-2,5
31594,7.25,P,49,1,365,0,982,106,53,8,T,48,0,398,0,364,230,78,5,0,-1,-1,33,0,-618,124,25,-3
31595,10.05,T,54,0,789,0,7,162,121,1,T,55,0,452,0,0,57,85,0,0,1,0,-337,0,-7,-105,-36,-1
31596,4.33,P,28,0,148,0,9,107,46,9,P,15,0,125,0,6,21,19,2,0,-13,0,-23,0,-3,-86,-27,-7
31597,7.32,P,43,0,379,0,8,156,118,4,T,54,2,452,1,628,229,76,14,1,11,2,73,1,620,73,-42,10
31598,1.13,Z,6,0,25,0,41,14,59,2,T,2,0,83,0,0,15,3,0,1,-4,0,58,0,-41,1,-56,-2
31599,9.5,T,83,0,533,0,0,40,136,3,Z,60,0,665,0,212,145,193,8,1,-23,0,132,0,212,105,57,5
31600,2.32,Z,9,0,67,0,170,23,54,2,Z,9,0,77,0,61,25,109,2,1,0,0,10,0,-109,2,55,0
31601,10.34,Z,52,5,294,0,40,37,191,1,T,51,0,663,0,19,131,75,4,0,-1,-5,369,0,-21,94,-116,3
31602,8.37,Z,68,14,539,0,175,160,203,0,T,92,8,422,0,334,287,189,15,0,24,-6,-117,0,159,127,-14,15
31603,9.59,T,92,8,675,2,661,217,229,0,T,130,19,798,0,321,349,203,1,1,38,11,123,-2,-340,132,-26,1
31604,4.08,T,17,3,218,0,194,92,80,2,P,21,0,246,0,4,87,73,2,1,4,-3,28,0,-190,-5,-7,0
31605,7.4,T,66,0,502,0,73,290,67,11,P,42,0,331,0,11,210,70,2,0,-24,0,-171,0,-62,-80,3,-9
31606,9.59,Z,55,11,376,0,285,156,186,4,T,80,0,1112,0,21,142,122,0,0,25,-11,736,0,-264,-14,-64,-4
31607,9.59,Z,72,2,243,0,47,169,225,2,Z,74,8,246,0,62,118,202,2,1,2,6,3,0,15,-51,-23,0
31608,3.46,P,14,0,251,0,8,49,37,2,T,19,0,267,1,12,30,29,0,1,5,0,16,1,4,-19,-8,-2
31609,8.3,Z,58,10,470,0,105,99,251,0,T,66,0,445,0,27,76,86,10,1,8,-10,-25,0,-78,-23,-165,10
31610,5.52,P,43,0,368,0,47,153,78,3,Z,41,2,327,0,72,188,109,4,0,-2,2,-41,0,25,35,31,1
31611,5.03,T,29,0,282,0,19,79,68,4,T,28,0,145,0,254,52,63,6,1,-1,0,-137,0,235,-27,-5,2
31612,3.02,Z,9,0,113,0,0,21,138,0,P,5,0,47,0,0,20,8,0,1,-4,0,-66,0,0,-1,-130,0
31613,7.34,T,66,0,527,0,81,135,162,2,Z,47,3,351,0,11,73,109,0,0,-19,3,-176,0,-70,-62,-53,-2
31614,9.58,T,93,11,623,0,73,180,136,11,T,74,5,763,0,113,174,148,0,0,-19,-6,140,0,40,-6,12,-11
31615,9.59,P,37,6,251,0,8,137,87,1,T,72,1,341,0,11,121,144,6,0,35,-5,90,0,3,-16,57,5
31616,10.57,P,64,0,1111,0,39,196,73,6,P,65,5,982,0,25,216,91,0,1,1,5,-129,0,-14,20,18,-6
31617,9.59,T,60,6,375,0,17,105,108,11,P,45,0,258,4,16,79,68,0,0,-15,-6,-117,4,-1,-26,-40,-11
31618,9.59,T,123,13,301,0,488,470,117,6,T,74,0,613,0,5,200,160,0,1,-49,-13,312,0,-483,-270,43,-6
31619,9.59,T,91,5,760,0,69,122,130,0,Z,54,0,849,0,37,45,137,4,1,-37,-5,89,0,-32,-77,7,4
31620,2.39,Z,6,0,173,0,0,13,30,1,Z,8,0,20,0,0,15,65,2,0,2,0,-153,0,0,2,35,1
31621,9.59,T,96,0,734,0,147,334,110,6,P,64,6,438,6,35,151,101,2,0,-32,6,-296,6,-112,-183,-9,-4
31622,9.58,P,40,0,736,0,3,174,72,3,Z,58,0,557,0,31,182,201,2,1,18,0,-179,0,28,8,129,-1
31623,9.59,T,29,0,587,0,0,33,82,0,P,38,0,632,0,0,44,39,0,1,9,0,45,0,0,11,-43,0
31624,9.59,T,111,0,661,0,536,327,195,17,Z,122,8,449,0,328,336,325,0,1,11,8,-212,0,-208,9,130,-17
31625,10.08,T,72,7,417,0,37,64,88,0,T,65,0,374,0,26,392,175,3,0,-7,-7,-43,0,-11,328,87,3
31626,8.09,P,51,19,333,0,19,185,82,0,Z,47,9,125,0,22,104,159,0,0,-4,-10,-208,0,3,-81,77,0
31627,10.39,P,50,0,513,0,20,292,122,5,T,84,0,1209,0,78,193,112,10,1,34,0,696,0,58,-99,-10,5
31628,4.09,T,18,0,208,0,0,59,40,0,P,16,0,347,0,3,45,20,2,0,-2,0,139,0,3,-14,-20,2
31629,10.41,Z,67,0,387,0,9,140,181,2,T,68,5,454,0,264,158,147,0,1,1,5,67,0,255,18,-34,-2
31630,9.59,T,65,5,466,0,96,242,200,0,T,59,4,679,0,9,171,247,0,0,-6,-1,213,0,-87,-71,47,0
31631,9.59,Z,77,0,510,0,593,319,368,10,T,103,0,574,0,18,219,193,4,0,26,0,64,0,-575,-100,-175,-6
31632,2.57,Z,9,1,209,0,0,9,39,0,T,11,0,147,0,0,18,12,0,1,2,-1,-62,0,0,9,-27,0
31633,8.4,P,56,0,496,0,832,186,73,16,T,71,0,373,0,122,166,173,11,1,15,0,-123,0,-710,-20,100,-5
31634,6.51,P,40,0,359,0,79,186,167,5,T,47,3,325,0,50,87,135,0,0,7,3,-34,0,-29,-99,-32,-5
31635,9.59,P,63,0,714,0,25,240,86,3,T,79,2,703,0,199,241,151,7,0,16,2,-11,0,174,1,65,4
31636,10.04,T,128,14,399,0,1146,262,239,7,Z,83,0,415,0,236,205,272,14,1,-45,-14,16,0,-910,-57,33,7
31637,9.58,Z,43,2,682,0,23,174,159,1,P,36,0,329,0,0,174,79,1,0,-7,-2,-353,0,-23,0,-80,0
31638,5.05,P,24,0,266,0,54,78,122,3,Z,24,1,173,0,343,46,69,2,0,0,1,-93,0,289,-32,-53,-1
31639,3.37,T,12,0,33,0,5,6,17,3,Z,12,2,49,1,15,12,49,0,1,0,2,16,1,10,6,32,-3
31640,5.29,Z,18,0,216,0,53,116,120,4,P,35,1,224,0,27,79,42,11,1,17,1,8,0,-26,-37,-78,7
31641,1.24,Z,5,0,115,0,0,21,15,1,T,5,0,130,0,0,10,6,0,1,0,0,15,0,0,-11,-9,-1
31642,9.59,P,63,0,581,0,282,163,88,15,T,40,0,905,0,71,70,49,3,1,-23,0,324,0,-211,-93,-39,-12
31643,3.54,Z,15,1,81,0,233,39,246,1,T,23,5,218,1,390,25,81,2,1,8,4,137,1,157,-14,-165,1
31644,6.41,Z,52,0,255,0,40,219,128,7,T,68,3,591,0,34,259,57,4,0,16,3,336,0,-6,40,-71,-3
31645,8.12,P,63,0,213,0,329,251,184,13,T,78,3,496,0,20,193,119,0,0,15,3,283,0,-309,-58,-65,-13
31646,9.59,T,96,2,564,0,731,510,225,11,P,68,0,375,7,92,249,81,9,0,-28,-2,-189,7,-639,-261,-144,-2
31647,6.17,P,30,0,101,0,0,64,57,0,P,20,0,247,0,3,115,43,4,1,-10,0,146,0,3,51,-14,4
31648,4.45,P,17,0,226,0,0,125,45,0,P,23,1,111,0,222,72,50,3,0,6,1,-115,0,222,-53,5,3
31649,9.59,T,57,1,574,0,46,130,151,6,P,51,0,785,0,7,203,108,1,1,-6,-1,211,0,-39,73,-43,-5
31650,9.59,T,114,8,358,0,940,233,161,8,Z,76,0,445,0,51,149,244,9,0,-38,-8,87,0,-889,-84,83,1
31651,6.49,P,30,6,155,0,342,102,32,0,T,47,5,303,0,8,104,54,0,1,17,-1,148,0,-334,2,22,0
31652,9.39,T,124,0,697,21,661,255,196,1,Z,76,10,846,0,710,352,328,5,0,-48,10,149,-21,49,97,132,4
31653,10.52,Z,138,0,699,0,1016,278,357,15,T,130,4,577,0,295,247,148,14,0,-8,4,-122,0,-721,-31,-209,-1
31654,8.31,P,58,2,228,0,23,113,132,3,P,35,0,483,0,6,165,75,1,0,-23,-2,255,0,-17,52,-57,-2
31655,2.15,P,8,0,142,0,41,93,50,0,Z,11,1,140,0,6,70,106,1,0,3,1,-2,0,-35,-23,56,1
31656,3.09,T,13,0,110,0,237,23,123,2,Z,17,0,79,0,41,27,52,4,1,4,0,-31,0,-196,4,-71,2
31657,9.58,T,70,0,587,0,49,79,135,4,Z,63,5,364,0,384,143,190,1,1,-7,5,-223,0,335,64,55,-3
31658,3.22,P,22,0,206,0,121,48,40,1,Z,11,2,175,0,11,25,48,1,1,-11,2,-31,0,-110,-23,8,0
31659,8.22,T,72,0,619,0,39,191,223,11,T,94,0,451,19,583,248,143,1,1,22,0,-168,19,544,57,-80,-10
31660,9.28,P,40,0,164,0,17,160,124,2,T,56,0,822,0,16,201,161,3,1,16,0,658,0,-1,41,37,1
31661,9.59,T,101,12,699,0,165,309,139,6,P,85,5,683,0,124,279,128,10,0,-16,-7,-16,0,-41,-30,-11,4
31662,6.4,P,31,0,545,0,0,39,53,0,Z,33,0,486,0,11,100,87,8,0,2,0,-59,0,11,61,34,8
31663,9.19,T,81,5,388,0,237,311,197,1,Z,70,0,276,0,51,215,358,3,1,-11,-5,-112,0,-186,-96,161,2
31664,9.59,Z,60,0,336,0,165,141,210,7,T,45,0,227,0,0,84,101,1,0,-15,0,-109,0,-165,-57,-109,-6
31665,9.58,Z,38,0,808,0,22,81,139,4,T,44,0,834,0,6,94,99,3,0,6,0,26,0,-16,13,-40,-1
31666,4.51,Z,18,7,452,0,24,25,56,0,T,23,0,249,0,8,40,34,4,1,5,-7,-203,0,-16,15,-22,4
31667,7.43,T,42,0,650,0,0,164,82,0,T,73,4,502,0,139,160,218,9,1,31,4,-148,0,139,-4,136,9
31668,0.4,P,3,0,32,0,0,1,3,0,P,1,0,67,0,22,3,4,3,0,-2,0,35,0,22,2,1,3
31669,8.43,P,68,1,861,0,40,212,101,5,Z,55,0,702,0,48,97,151,8,0,-13,-1,-159,0,8,-115,50,3
31670,9.59,T,11,0,512,0,0,45,30,0,P,52,5,278,0,62,197,97,4,1,41,5,-234,0,62,152,67,4
31671,8.32,T,36,6,819,0,36,87,53,0,T,65,2,314,0,2,108,84,1,1,29,-4,-505,0,-34,21,31,1
31672,10.04,P,45,1,754,0,51,139,59,6,Z,36,3,196,0,61,81,161,9,1,-9,2,-558,0,10,-58,102,3
31673,9.25,T,96,0,569,0,302,244,277,6,Z,85,9,675,0,336,144,332,1,0,-11,9,106,0,34,-100,55,-5
31674,9.58,T,42,0,387,0,16,179,73,4,T,57,3,958,0,39,186,85,0,1,15,3,571,0,23,7,12,-4
31675,9.47,T,75,3,483,0,28,77,78,2,P,45,0,415,0,14,47,44,2,0,-30,-3,-68,0,-14,-30,-34,0
31676,5.05,P,38,0,412,0,11,150,62,9,T,30,6,170,0,342,92,41,0,1,-8,6,-242,0,331,-58,-21,-9
31677,6.42,T,41,0,374,0,20,142,148,5,Z,35,0,239,0,0,27,113,0,1,-6,0,-135,0,-20,-115,-35,-5
31678,10.03,P,74,1,584,0,498,233,145,8,T,84,4,466,0,187,151,392,3,1,10,3,-118,0,-311,-82,247,-5
31679,2.09,T,8,0,35,0,33,55,17,1,Z,6,0,65,0,237,17,144,3,1,-2,0,30,0,204,-38,127,2
31680,7.29,Z,46,6,382,0,183,369,239,3,P,48,2,365,0,26,152,146,10,0,2,-4,-17,0,-157,-217,-93,7
31681,10.01,T,121,3,585,0,314,279,197,5,Z,60,3,1087,0,279,281,274,3,0,-61,0,502,0,-35,2,77,-2
31682,6.57,P,41,2,458,0,18,256,57,4,Z,28,2,631,0,79,125,154,0,0,-13,0,173,0,61,-131,97,-4
31683,6.58,T,61,4,341,9,303,170,102,6,Z,51,1,701,0,108,203,234,6,1,-10,-3,360,-9,-195,33,132,0
31684,9.59,T,105,12,349,0,199,195,186,11,T,67,3,426,0,25,74,107,2,1,-38,-9,77,0,-174,-121,-79,-9
31685,6.07,P,33,0,345,0,35,139,51,7,Z,23,4,169,0,237,51,93,1,1,-10,4,-176,0,202,-88,42,-6
31686,9.59,T,64,4,477,0,22,229,76,4,T,56,5,807,0,14,91,110,1,1,-8,1,330,0,-8,-138,34,-3
31687,6.37,Z,45,2,269,0,58,167,185,1,Z,29,0,426,0,12,98,121,7,1,-16,-2,157,0,-46,-69,-64,6
31688,10.56,Z,86,0,682,0,38,213,331,10,Z,79,0,650,0,71,136,216,14,1,-7,0,-32,0,33,-77,-115,4
31689,10.27,Z,84,0,572,0,175,267,224,8,T,113,8,527,0,82,314,144,6,1,29,8,-45,0,-93,47,-80,-2
31690,6,Z,37,0,133,0,36,107,117,2,T,70,0,271,0,253,93,80,14,1,33,0,138,0,217,-14,-37,12
31691,9.56,P,26,0,529,0,0,168,50,2,P,44,0,293,0,36,284,104,3,1,18,0,-236,0,36,116,54,1
31692,6.01,Z,30,3,357,0,23,98,131,2,T,72,0,259,0,310,323,125,14,1,42,-3,-98,0,287,225,-6,12
31693,7.35,P,124,0,411,0,353,306,77,8,Z,55,4,380,0,96,171,239,8,0,-69,4,-31,0,-257,-135,162,0
31694,8.53,Z,51,8,353,0,51,92,157,7,T,56,0,319,0,16,82,86,3,0,5,-8,-34,0,-35,-10,-71,-4
31695,9.59,P,94,10,458,0,524,334,59,2,Z,92,9,406,0,372,249,326,9,1,-2,-1,-52,0,-152,-85,267,7
31696,9.58,P,31,0,349,0,11,156,125,5,T,53,0,523,0,0,30,96,0,0,22,0,174,0,-11,-126,-29,-5
31697,4.57,T,37,1,285,0,285,137,48,3,T,42,0,239,12,445,101,96,0,1,5,-1,-46,12,160,-36,48,-3
31698,6.38,T,48,0,288,0,152,178,130,15,T,47,0,263,0,442,222,204,10,0,-1,0,-25,0,290,44,74,-5
31699,9.59,T,89,0,511,0,349,376,306,7,P,50,0,528,0,6,228,132,2,0,-39,0,17,0,-343,-148,-174,-5
31700,1.08,P,6,0,20,0,4,23,4,4,P,5,0,19,0,0,18,11,0,1,-1,0,-1,0,-4,-5,7,-4
31701,9.58,T,78,5,517,0,58,144,108,0,Z,60,5,600,0,41,222,245,0,1,-18,0,83,0,-17,78,137,0
31702,9.59,Z,46,0,486,0,13,89,198,9,T,85,0,491,0,47,108,82,6,1,39,0,5,0,34,19,-116,-3
31703,3.25,T,18,2,167,3,197,54,34,2,Z,15,0,180,0,5,30,67,1,1,-3,-2,13,-3,-192,-24,33,-1
31704,7.25,Z,33,0,357,0,188,87,152,3,T,21,0,642,0,1,68,118,5,0,-12,0,285,0,-187,-19,-34,2
31705,9.58,T,42,0,655,0,0,55,93,1,P,42,0,602,0,0,117,68,0,0,0,0,-53,0,0,62,-25,-1
31706,6.4,T,66,0,310,0,160,154,124,11,T,59,4,208,0,321,116,138,3,0,-7,4,-102,0,161,-38,14,-8
31707,2.3,P,7,0,133,0,27,39,45,2,P,14,0,108,0,99,42,26,2,1,7,0,-25,0,72,3,-19,0
31708,3.09,T,16,0,123,0,288,79,52,6,Z,11,0,104,0,51,69,97,2,0,-5,0,-19,0,-237,-10,45,-4
31709,9.44,Z,36,0,823,6,22,56,123,0,P,44,1,864,0,1,181,72,4,0,8,1,41,-6,-21,125,-51,4
31710,2.41,T,11,0,177,0,67,88,63,3,T,18,5,102,0,40,50,15,1,1,7,5,-75,0,-27,-38,-48,-2
31711,4.28,P,26,2,258,0,11,94,34,0,Z,18,0,329,0,4,17,48,2,0,-8,-2,71,0,-7,-77,14,2
31712,4.13,Z,21,0,132,0,338,111,134,4,Z,25,0,84,0,20,79,92,1,1,4,0,-48,0,-318,-32,-42,-3
31713,6.22,Z,27,3,193,0,41,85,134,0,P,39,0,284,0,39,80,43,8,1,12,-3,91,0,-2,-5,-91,8
31714,4.1,Z,20,1,115,0,464,89,151,3,P,21,0,198,0,86,155,69,3,1,1,-1,83,0,-378,66,-82,0
31715,5.34,Z,39,1,267,0,11,90,107,0,T,41,0,290,0,40,92,151,4,1,2,-1,23,0,29,2,44,4
31716,8.26,T,63,0,273,0,22,188,126,5,Z,51,0,722,0,106,189,211,5,1,-12,0,449,0,84,1,85,0
31717,4.53,P,25,0,200,0,69,105,76,4,T,38,0,210,0,257,118,62,10,0,13,0,10,0,188,13,-14,6
31718,7.53,Z,50,9,240,0,121,518,144,5,P,34,3,529,0,7,73,52,0,0,-16,-6,289,0,-114,-445,-92,-5
31719,10.34,Z,62,2,538,0,265,225,386,7,T,112,0,590,0,322,267,120,7,0,50,-2,52,0,57,42,-266,0
31720,10.03,P,22,0,682,0,0,29,31,0,Z,71,0,904,0,42,154,216,6,1,49,0,222,0,42,125,185,6
31721,6.34,T,43,4,360,0,186,100,55,1,T,61,0,436,0,439,315,178,11,1,18,-4,76,0,253,215,123,10
31722,7.51,P,49,5,342,0,61,100,76,3,T,49,0,470,0,0,109,88,1,0,0,-5,128,0,-61,9,12,-2
31723,6.16,P,45,0,186,0,34,213,69,7,T,64,3,463,0,465,203,143,7,0,19,3,277,0,431,-10,74,0
31724,9.38,P,78,0,518,0,174,360,132,3,Z,59,1,891,0,59,244,187,11,1,-19,1,373,0,-115,-116,55,8
31725,7.08,T,44,0,351,0,30,121,95,3,T,35,5,536,0,15,49,62,0,0,-9,5,185,0,-15,-72,-33,-3
31726,6.23,P,33,3,362,0,21,46,32,1,Z,28,5,214,0,40,102,106,1,0,-5,2,-148,0,19,56,74,0
31727,6.51,Z,62,4,290,0,322,164,225,2,T,49,0,515,0,17,180,94,3,0,-13,-4,225,0,-305,16,-131,1
31728,3.58,Z,22,5,130,0,100,79,152,1,Z,20,7,48,0,124,82,142,0,1,-2,2,-82,0,24,3,-10,-1
31729,5.52,Z,34,7,178,2,662,66,278,3,Z,26,2,210,0,15,41,107,0,1,-8,-5,32,-2,-647,-25,-171,-3
31730,9.59,T,120,9,1163,0,363,348,200,7,Z,67,0,445,0,61,267,306,7,1,-53,-9,-718,0,-302,-81,106,0
31731,9.55,T,55,3,281,0,40,74,59,1,T,108,6,573,0,196,224,111,5,1,53,3,292,0,156,150,52,4
31732,3.49,T,17,0,194,0,4,143,79,3,Z,20,3,73,0,193,53,130,6,1,3,3,-121,0,189,-90,51,3
31733,2.47,T,12,0,74,0,279,89,28,5,T,6,0,117,0,221,22,19,2,1,-6,0,43,0,-58,-67,-9,-3
31734,9.59,P,24,0,528,0,0,51,36,0,T,58,0,600,0,23,176,73,6,1,34,0,72,0,23,125,37,6
31735,3.45,P,9,2,295,0,0,91,15,0,T,20,1,239,0,1,57,39,2,1,11,-1,-56,0,1,-34,24,2
31736,9.58,T,41,3,456,0,16,66,50,0,Z,35,0,254,0,0,93,136,1,1,-6,-3,-202,0,-16,27,86,1
31737,5.55,Z,31,6,265,0,52,206,178,0,Z,37,0,310,0,333,91,195,7,1,6,-6,45,0,281,-115,17,7
31738,9.57,P,69,0,751,0,56,216,86,12,T,97,0,557,0,290,225,156,4,0,28,0,-194,0,234,9,70,-8
31739,8.4,P,30,5,362,0,3,74,48,1,T,28,0,281,0,0,46,70,0,0,-2,-5,-81,0,-3,-28,22,-1
31740,10.15,T,67,0,735,0,103,178,82,11,P,66,2,463,1,13,316,131,6,1,-1,2,-272,1,-90,138,49,-5
31741,8.22,T,38,0,629,0,12,46,89,5,T,54,9,321,1,170,192,156,4,0,16,9,-308,1,158,146,67,-1
31742,9.59,T,52,0,319,0,33,45,50,3,T,66,1,594,0,10,299,82,4,1,14,1,275,0,-23,254,32,1
31743,5.45,T,43,1,369,0,118,117,58,4,T,52,3,266,0,114,99,57,1,1,9,2,-103,0,-4,-18,-1,-3
31744,7.57,Z,62,0,431,0,44,173,169,5,T,79,0,302,3,16,119,105,0,0,17,0,-129,3,-28,-54,-64,-5
31745,1.07,T,2,0,112,0,1,3,6,1,P,0,0,1,0,0,0,0,0,0,-2,0,-111,0,-1,-3,-6,-1
31746,3.41,T,14,0,273,0,0,8,40,1,Z,10,1,309,0,0,37,47,0,1,-4,1,36,0,0,29,7,-1
31747,4.11,Z,13,1,82,0,24,33,46,1,P,21,1,143,0,10,39,24,3,1,8,0,61,0,-14,6,-22,2
31748,5.49,Z,18,0,296,4,15,17,74,0,Z,33,0,357,0,0,61,100,0,0,15,0,61,-4,-15,44,26,0
31749,9.59,Z,56,11,290,1,71,79,244,2,Z,73,8,394,2,135,153,283,2,0,17,-3,104,1,64,74,39,0
31750,4.04,P,22,3,195,0,225,117,58,1,P,15,0,250,0,19,62,48,5,0,-7,-3,55,0,-206,-55,-10,4
31751,4.13,T,20,0,132,0,20,46,58,5,T,18,0,259,0,80,78,31,3,0,-2,0,127,0,60,32,-27,-2
31752,9.57,T,65,0,627,0,43,52,88,7,Z,44,2,316,0,19,147,148,0,0,-21,2,-311,0,-24,95,60,-7
31753,8.25,Z,52,5,242,0,49,142,144,5,Z,48,2,383,0,26,61,128,1,0,-4,-3,141,0,-23,-81,-16,-4
31754,1.26,P,5,6,31,0,0,23,4,0,P,5,1,46,0,167,28,20,1,0,0,-5,15,0,167,5,16,1
31755,7.03,T,36,4,617,0,35,65,47,1,T,33,0,545,0,11,137,64,6,0,-3,-4,-72,0,-24,72,17,5
31756,9.58,Z,47,0,320,0,25,152,149,2,P,45,0,597,0,5,166,71,1,1,-2,0,277,0,-20,14,-78,-1
31757,9.59,Z,85,0,377,0,171,183,314,6,Z,89,6,349,0,129,273,354,6,0,4,6,-28,0,-42,90,40,0
31758,9.59,P,52,0,428,0,14,187,78,8,Z,97,0,478,0,61,145,175,6,0,45,0,50,0,47,-42,97,-2
31759,9.59,P,28,0,358,0,0,116,39,0,T,43,5,306,0,9,128,78,0,1,15,5,-52,0,9,12,39,0
31760,9.59,T,77,4,268,0,55,199,178,1,P,54,1,477,0,99,389,83,11,1,-23,-3,209,0,44,190,-95,10
31761,3.21,Z,16,0,264,0,26,39,149,2,Z,14,0,29,0,0,23,63,2,1,-2,0,-235,0,-26,-16,-86,0
31762,9.27,Z,70,4,487,0,60,78,190,0,Z,58,7,463,0,99,198,234,3,0,-12,3,-24,0,39,120,44,3
31763,8.02,P,90,3,317,0,272,337,205,5,P,75,2,478,0,273,311,131,13,1,-15,-1,161,0,1,-26,-74,8
31764,6.57,T,46,1,251,0,65,92,56,2,T,60,0,369,0,44,227,88,9,1,14,-1,118,0,-21,135,32,7
31765,9.58,T,66,4,541,0,60,399,233,3,P,62,5,625,0,42,292,222,5,1,-4,1,84,0,-18,-107,-11,2
31766,8.01,P,32,1,668,0,20,190,73,1,T,53,3,404,0,31,91,117,0,1,21,2,-264,0,11,-99,44,-1
31767,10.12,Z,71,10,789,0,693,254,353,7,P,94,0,557,0,79,314,92,9,0,23,-10,-232,0,-614,60,-261,2
31768,8.51,P,33,1,290,0,0,33,56,0,Z,35,0,494,0,8,79,114,2,0,2,-1,204,0,8,46,58,2
31769,7.58,P,57,0,630,0,325,253,236,5,T,61,1,533,0,98,193,144,5,0,4,1,-97,0,-227,-60,-92,0
31770,9.15,Z,54,1,514,0,53,165,155,3,P,37,1,303,0,0,250,53,0,0,-17,0,-211,0,-53,85,-102,-3
31771,9.24,P,107,0,464,0,626,347,95,28,Z,111,9,288,0,538,306,318,10,1,4,9,-176,0,-88,-41,223,-18
31772,9.02,Z,56,0,325,0,68,185,181,13,T,77,5,363,0,198,280,133,2,1,21,5,38,0,130,95,-48,-11
31773,9.59,T,61,1,393,0,20,291,143,5,Z,67,3,162,0,75,107,214,6,0,6,2,-231,0,55,-184,71,1
31774,8.02,Z,63,10,439,0,37,224,215,1,P,59,0,535,0,18,222,89,9,0,-4,-10,96,0,-19,-2,-126,8
31775,4.36,T,26,4,286,0,3,26,42,0,T,18,2,257,0,12,25,29,0,1,-8,-2,-29,0,9,-1,-13,0
31776,8.26,Z,50,0,180,0,100,362,204,3,P,24,0,444,0,0,110,59,0,0,-26,0,264,0,-100,-252,-145,-3
31777,9.59,Z,68,0,839,0,63,195,205,6,T,60,0,593,0,25,287,157,5,0,-8,0,-246,0,-38,92,-48,-1
31778,10.5,T,98,0,531,0,66,295,172,9,P,86,16,499,0,105,227,67,4,0,-12,16,-32,0,39,-68,-105,-5
31779,0.37,Z,2,0,13,0,50,11,32,1,Z,1,0,51,0,27,16,18,2,0,-1,0,38,0,-23,5,-14,1
31780,9.59,P,101,0,477,0,55,320,163,11,T,98,0,596,14,234,205,259,5,0,-3,0,119,14,179,-115,96,-6
31781,9.59,Z,47,0,245,0,19,90,186,3,T,64,0,619,0,36,98,89,5,1,17,0,374,0,17,8,-97,2
31782,5.07,Z,18,2,169,0,39,72,80,0,T,18,0,330,0,0,37,24,0,0,0,-2,161,0,-39,-35,-56,0
31783,9.28,P,75,0,407,0,251,223,111,5,Z,81,0,573,0,67,175,276,5,0,6,0,166,0,-184,-48,165,0
31784,9.53,Z,69,6,414,0,132,205,332,1,T,75,0,368,0,0,219,152,1,0,6,-6,-46,0,-132,14,-180,0
31785,9.2,Z,81,7,487,1,30,157,150,1,T,79,0,526,0,43,99,78,3,1,-2,-7,39,-1,13,-58,-72,2
31786,5.13,T,39,2,190,0,1,91,79,0,Z,21,6,179,0,127,51,78,2,1,-18,4,-11,0,126,-40,-1,2
31787,9.59,Z,125,14,379,0,564,297,447,6,P,99,12,629,0,529,325,167,13,0,-26,-2,250,0,-35,28,-280,7
31788,9.59,T,66,0,585,0,55,300,233,4,P,56,0,342,0,15,238,132,7,1,-10,0,-243,0,-40,-62,-101,3
31789,6.36,T,47,5,434,0,62,83,46,3,P,35,6,434,0,442,182,98,2,1,-12,1,0,0,380,99,52,-1
31790,2.36,T,7,0,61,0,0,14,16,2,T,7,0,160,0,0,18,11,1,0,0,0,99,0,0,4,-5,-1
31791,10.29,T,96,0,605,0,228,179,206,8,P,101,8,428,0,386,346,151,7,1,5,8,-177,0,158,167,-55,-1
31792,9.58,T,59,3,858,0,23,111,84,5,Z,52,1,521,0,10,88,201,0,0,-7,-2,-337,0,-13,-23,117,-5
31793,9.59,T,89,4,422,0,154,201,123,21,Z,47,0,545,0,37,323,222,9,1,-42,-4,123,0,-117,122,99,-12
31794,3.5,T,12,3,147,0,4,14,22,0,T,16,5,226,0,16,51,30,0,1,4,2,79,0,12,37,8,0
31795,10.35,T,52,0,270,0,0,47,130,0,T,67,2,1242,0,53,221,161,9,1,15,2,972,0,53,174,31,9
31796,9.59,Z,70,0,467,0,41,317,185,8,T,72,2,516,0,110,253,255,13,1,2,2,49,0,69,-64,70,5
31797,10.18,T,147,7,846,0,604,372,317,3,P,67,0,450,0,57,151,66,11,0,-80,-7,-396,0,-547,-221,-251,8
31798,9.46,Z,52,13,851,0,142,279,184,1,T,57,5,412,0,56,209,147,1,0,5,-8,-439,0,-86,-70,-37,0
31799,4.53,Z,15,0,79,0,0,7,56,0,Z,20,0,168,1,3,36,93,0,0,5,0,89,1,3,29,37,0
31800,4.31,T,24,3,111,0,22,69,46,0,Z,17,0,263,0,4,27,59,1,0,-7,-3,152,0,-18,-42,13,1
31801,5.13,P,26,0,149,0,0,48,42,0,P,17,0,560,0,8,138,24,1,0,-9,0,411,0,8,90,-18,1
31802,7.1,P,31,0,449,0,4,78,59,4,T,44,5,294,0,11,164,156,0,1,13,5,-155,0,7,86,97,-4
31803,2.34,P,15,1,186,0,101,70,31,2,T,10,0,90,0,21,43,31,2,0,-5,-1,-96,0,-80,-27,0,0
31804,6.2,T,23,0,347,0,0,11,45,3,P,22,0,333,0,1,39,46,1,1,-1,0,-14,0,1,28,1,-2
31805,0.07,P,0,0,32,2,0,1,2,1,Z,0,0,6,0,0,5,6,1,1,0,0,-26,-2,0,4,4,0
31806,2.1,P,9,0,40,0,0,18,38,3,P,4,0,99,0,101,61,8,8,0,-5,0,59,0,101,43,-30,5
31807,7.03,T,46,1,434,0,105,171,120,4,P,30,0,665,0,10,108,61,7,0,-16,-1,231,0,-95,-63,-59,3
31808,7.04,Z,34,4,456,0,39,49,138,1,Z,38,1,407,7,48,94,101,0,1,4,-3,-49,7,9,45,-37,-1
31809,9.08,P,52,0,585,0,62,205,63,4,Z,52,4,367,0,235,298,271,1,0,0,4,-218,0,173,93,208,-3
31810,10.04,T,111,0,656,0,587,168,222,9,Z,88,0,523,0,342,276,344,15,1,-23,0,-133,0,-245,108,122,6
31811,3.25,T,16,1,156,0,0,14,38,0,Z,17,0,180,0,17,85,67,2,0,1,-1,24,0,17,71,29,2
31812,3.14,Z,11,2,57,0,127,12,210,1,T,14,2,158,0,225,61,34,3,1,3,0,101,0,98,49,-176,2
31813,9.59,T,95,0,422,0,59,91,121,10,Z,43,2,284,0,29,282,188,0,0,-52,2,-138,0,-30,191,67,-10
31814,9.58,T,81,2,596,0,44,218,79,8,P,54,1,623,0,22,327,99,3,0,-27,-1,27,0,-22,109,20,-5
31815,6.27,P,23,0,515,0,0,41,36,0,T,18,0,163,2,2,5,30,0,0,-5,0,-352,2,2,-36,-6,0
31816,6.49,T,43,3,443,0,15,158,80,1,P,60,5,173,0,256,206,80,3,1,17,2,-270,0,241,48,0,2
31817,6.57,T,41,0,613,0,26,42,61,3,Z,36,3,281,0,21,107,165,2,0,-5,3,-332,0,-5,65,104,-1
31818,9.58,T,62,0,540,0,3,170,105,2,T,68,1,388,0,112,235,83,3,0,6,1,-152,0,109,65,-22,1
31819,8.34,P,61,0,290,0,46,209,187,13,P,58,0,468,0,273,224,294,13,1,-3,0,178,0,227,15,107,0
31820,6.05,T,48,6,408,0,426,179,136,3,Z,37,0,170,63,418,106,295,0,1,-11,-6,-238,63,-8,-73,159,-3
31821,4.01,P,23,0,145,0,4,145,45,3,T,27,3,242,0,442,97,25,6,0,4,3,97,0,438,-48,-20,3
31822,9.57,Z,37,0,347,0,0,224,166,1,Z,37,0,335,0,11,233,159,1,1,0,0,-12,0,11,9,-7,0
31823,9.59,P,59,0,626,0,21,177,84,6,T,52,6,333,0,14,50,50,0,0,-7,6,-293,0,-7,-127,-34,-6
31824,9.58,P,56,2,489,1,29,168,78,4,Z,64,5,541,0,671,165,248,1,0,8,3,52,-1,642,-3,170,-3
31825,9.59,T,76,0,720,0,65,146,173,5,T,78,3,732,0,5,208,173,5,0,2,3,12,0,-60,62,0,0
31826,5.39,P,26,0,309,0,52,19,41,7,T,30,5,320,0,14,61,35,1,0,4,5,11,0,-38,42,-6,-6
31827,6.04,P,47,0,301,0,84,106,44,3,Z,33,1,400,0,106,143,169,7,0,-14,1,99,0,22,37,125,4
31828,9.59,T,86,0,415,0,9,193,115,4,T,96,0,455,0,1282,250,161,13,1,10,0,40,0,1273,57,46,9
31829,8.52,Z,53,1,1003,0,68,112,158,1,Z,58,0,726,0,50,129,145,7,1,5,-1,-277,0,-18,17,-13,6
31830,9.56,P,83,8,633,0,173,310,217,10,P,83,4,409,0,922,306,111,7,0,0,-4,-224,0,749,-4,-106,-3
31831,9.17,T,80,5,597,0,49,113,158,0,Z,38,3,399,0,39,105,174,4,1,-42,-2,-198,0,-10,-8,16,4
31832,5.21,T,40,0,898,0,523,147,62,6,Z,35,0,180,0,457,158,157,11,0,-5,0,-718,0,-66,11,95,5
31833,7.2,Z,33,0,219,0,25,39,111,3,Z,34,9,477,0,281,267,154,0,1,1,9,258,0,256,228,43,-3
31834,5.19,P,26,0,255,2,97,41,49,0,P,33,0,151,0,12,76,40,4,1,7,0,-104,-2,-85,35,-9,4
31835,9.59,P,66,0,466,0,20,269,327,6,T,60,0,294,0,108,156,169,4,0,-6,0,-172,0,88,-113,-158,-2
31836,4.38,Z,20,0,301,0,296,97,149,4,Z,21,0,449,0,17,91,77,4,0,1,0,148,0,-279,-6,-72,0
31837,10.01,Z,90,0,557,0,98,426,317,11,T,125,3,660,0,261,359,142,14,0,35,3,103,0,163,-67,-175,3
31838,9.59,P,76,2,450,0,46,308,64,6,T,90,0,704,0,148,258,115,6,0,14,-2,254,0,102,-50,51,0
31839,2.15,Z,6,2,91,0,189,11,110,2,P,10,0,39,0,0,9,11,0,1,4,-2,-52,0,-189,-2,-99,-2
31840,9.59,P,81,0,598,0,49,288,190,4,T,77,0,908,0,71,287,201,19,0,-4,0,310,0,22,-1,11,15
31841,9.59,T,50,0,723,0,11,212,183,7,T,53,0,934,0,9,134,101,5,1,3,0,211,0,-2,-78,-82,-2
31842,8.42,Z,52,7,162,0,40,103,205,0,T,72,4,573,0,96,253,166,3,0,20,-3,411,0,56,150,-39,3
31843,6.37,Z,39,9,469,1,59,228,244,0,P,29,0,403,0,0,86,47,0,1,-10,-9,-66,-1,-59,-142,-197,0
31844,9.59,Z,46,0,169,0,0,17,178,0,T,28,0,630,0,0,19,57,0,0,-18,0,461,0,0,2,-121,0
31845,3.12,T,11,0,164,0,115,51,58,5,Z,11,3,39,0,17,15,54,0,1,0,3,-125,0,-98,-36,-4,-5
31846,9.53,Z,43,0,480,0,15,329,181,1,Z,77,0,750,0,29,177,242,3,1,34,0,270,0,14,-152,61,2
31847,9.59,T,45,0,744,0,0,73,107,0,T,54,0,651,0,17,88,102,5,0,9,0,-93,0,17,15,-5,5
31848,1.19,P,5,0,43,0,0,6,4,0,Z,6,0,39,0,13,23,21,2,0,1,0,-4,0,13,17,17,2
31849,9.09,T,66,0,464,0,39,330,284,13,T,51,0,364,0,9,127,81,5,0,-15,0,-100,0,-30,-203,-203,-8
31850,10.54,T,115,0,718,0,539,440,182,12,T,88,0,715,0,19,177,211,10,1,-27,0,-3,0,-520,-263,29,-2
31851,9.59,Z,67,3,691,0,129,167,360,11,Z,56,0,482,0,677,182,246,9,1,-11,-3,-209,0,548,15,-114,-2
31852,4.57,Z,25,1,243,0,17,67,92,2,T,27,3,163,0,20,66,52,1,0,2,2,-80,0,3,-1,-40,-1
31853,9.59,P,97,1,194,0,45,337,93,10,T,92,2,430,0,170,335,159,12,0,-5,1,236,0,125,-2,66,2
31854,7.32,Z,50,0,348,0,462,103,172,8,Z,49,0,288,0,369,129,168,6,1,-1,0,-60,0,-93,26,-4,-2
31855,1.28,P,5,0,72,0,140,32,39,9,P,7,0,37,0,8,38,13,3,1,2,0,-35,0,-132,6,-26,-6
31856,9.59,Z,66,4,264,0,49,84,201,0,T,53,0,712,0,2,126,158,2,0,-13,-4,448,0,-47,42,-43,2
31857,7.56,Z,48,0,493,0,1,143,318,1,T,61,2,485,0,31,139,86,1,0,13,2,-8,0,30,-4,-232,0
31858,3.03,Z,5,0,103,0,10,41,68,2,T,12,0,124,0,5,11,33,6,0,7,0,21,0,-5,-30,-35,4
31859,8.36,T,57,5,329,0,21,67,103,0,Z,41,1,239,0,13,77,112,3,0,-16,-4,-90,0,-8,10,9,3
31860,3.17,T,13,0,207,0,196,82,95,8,T,15,0,386,0,412,56,76,2,1,2,0,179,0,216,-26,-19,-6
31861,3.06,Z,17,1,157,0,39,65,46,4,P,0,0,1,0,0,0,0,0,0,-17,-1,-156,0,-39,-65,-46,-4
31862,9.59,P,59,2,821,0,400,196,214,4,P,57,0,509,0,45,298,125,15,0,-2,-2,-312,0,-355,102,-89,11
31863,9.58,Z,42,16,752,0,386,88,276,6,T,53,6,337,0,41,151,94,0,1,11,-10,-415,0,-345,63,-182,-6
31864,9.59,T,140,0,805,0,118,381,405,8,Z,66,1,711,0,25,314,211,9,0,-74,1,-94,0,-93,-67,-194,1
31865,9.58,P,87,11,590,0,42,205,85,1,Z,72,0,635,0,353,182,192,15,0,-15,-11,45,0,311,-23,107,14
31866,9.56,T,103,4,418,0,56,330,70,4,T,76,0,245,0,653,346,196,6,0,-27,-4,-173,0,597,16,126,2
31867,8.08,P,56,0,251,0,205,230,120,8,Z,56,2,389,0,100,194,168,5,0,0,2,138,0,-105,-36,48,-3
31868,4.22,Z,17,0,61,0,1,48,78,2,T,25,2,221,0,283,100,138,3,1,8,2,160,0,282,52,60,1
31869,8.27,T,65,0,662,0,31,122,69,7,Z,68,0,415,0,36,187,212,5,1,3,0,-247,0,5,65,143,-2
31870,4.13,P,23,1,83,0,59,99,40,3,T,20,0,204,0,0,29,39,2,1,-3,-1,121,0,-59,-70,-1,-1
31871,9.58,P,52,1,489,0,307,207,164,11,T,62,1,734,0,1,197,126,0,0,10,0,245,0,-306,-10,-38,-11
31872,9.58,P,60,2,862,0,320,239,119,5,T,64,2,845,0,9,182,134,0,0,4,0,-17,0,-311,-57,15,-5
31873,9.59,Z,85,0,641,0,79,180,222,7,T,95,5,435,0,63,283,259,9,1,10,5,-206,0,-16,103,37,2
31874,10.04,P,54,0,1023,0,6,188,86,1,Z,45,0,630,0,25,88,140,5,0,-9,0,-393,0,19,-100,54,4
31875,10.52,Z,84,0,1048,0,229,108,381,10,P,59,4,591,0,119,394,238,4,0,-25,4,-457,0,-110,286,-143,-6
31876,3.03,T,12,0,82,0,309,28,151,10,P,11,0,206,0,283,54,58,3,0,-1,0,124,0,-26,26,-93,-7
31877,9.03,Z,54,0,481,0,0,277,169,1,Z,34,0,526,0,21,234,161,13,1,-20,0,45,0,21,-43,-8,12
31878,6.21,Z,25,0,130,0,2,64,104,1,Z,26,6,402,0,30,133,95,1,0,1,6,272,0,28,69,-9,0
31879,8.4,P,46,3,304,0,5,95,70,0,P,32,2,337,0,9,95,45,0,1,-14,-1,33,0,4,0,-25,0
31880,6.13,T,48,0,163,0,11,152,120,5,Z,41,4,216,0,133,153,185,1,1,-7,4,53,0,122,1,65,-4
31881,6.55,P,29,0,927,0,4,58,57,1,P,32,5,560,0,7,182,73,0,1,3,5,-367,0,3,124,16,-1
31882,8.32,T,84,0,354,0,940,212,390,7,Z,51,0,510,0,32,127,109,8,0,-33,0,156,0,-908,-85,-281,1
31883,9.59,P,61,0,592,0,111,160,117,1,T,88,0,753,0,8,152,181,1,0,27,0,161,0,-103,-8,64,0
31884,8.57,Z,59,5,478,0,40,208,256,0,P,61,0,661,0,432,217,82,11,0,2,-5,183,0,392,9,-174,11
31885,6.1,T,27,3,256,0,8,48,41,0,P,26,0,317,0,1,47,142,2,0,-1,-3,61,0,-7,-1,101,2
31886,6.25,Z,26,2,226,0,23,41,88,1,T,39,5,672,0,383,70,48,0,1,13,3,446,0,360,29,-40,-1
31887,7.36,Z,53,2,568,0,79,138,190,2,P,64,1,330,0,781,201,232,8,1,11,-1,-238,0,702,63,42,6
31888,9.17,Z,53,7,508,0,97,365,287,0,Z,64,0,433,0,103,159,228,2,0,11,-7,-75,0,6,-206,-59,2
31889,2.1,Z,6,0,81,0,7,76,43,3,T,9,1,61,0,247,14,88,1,1,3,1,-20,0,240,-62,45,-2
31890,5.36,Z,25,3,165,0,23,60,83,5,P,21,0,291,0,449,98,20,5,0,-4,-3,126,0,426,38,-63,0
31891,5.01,Z,24,1,162,0,70,54,71,4,P,28,0,223,0,45,195,31,10,1,4,-1,61,0,-25,141,-40,6
31892,6.47,P,31,0,223,0,16,57,33,2,Z,27,0,138,0,0,38,105,0,1,-4,0,-85,0,-16,-19,72,-2
31893,8.18,Z,45,5,723,0,96,47,118,3,Z,46,4,388,0,57,98,162,1,1,1,-1,-335,0,-39,51,44,-2
31894,3.04,P,10,0,4,0,3,36,18,3,T,13,0,159,0,197,71,17,2,1,3,0,155,0,194,35,-1,-1
31895,9.59,Z,57,1,805,0,41,217,207,6,T,86,4,714,0,530,261,221,6,1,29,3,-91,0,489,44,14,0
31896,9.59,T,132,4,752,0,719,203,130,17,P,85,8,561,0,231,259,99,6,1,-47,4,-191,0,-488,56,-31,-11
31897,4.47,T,24,0,303,0,0,64,57,5,T,20,0,345,0,3,52,92,4,0,-4,0,42,0,3,-12,35,-1
31898,8.14,T,26,0,434,0,0,20,49,0,T,25,0,303,0,0,11,37,0,0,-1,0,-131,0,0,-9,-12,0
31899,9.52,Z,113,6,647,0,258,306,293,15,P,61,0,861,0,2,310,144,4,0,-52,-6,214,0,-256,4,-149,-11
31900,5.55,T,36,2,181,0,366,115,207,9,T,51,0,283,0,507,63,80,7,0,15,-2,102,0,141,-52,-127,-2
31901,9.58,Z,45,9,509,0,83,341,251,7,Z,63,0,436,0,44,211,155,1,1,18,-9,-73,0,-39,-130,-96,-6
31902,2.03,T,5,0,68,0,158,14,87,2,P,6,0,129,0,0,8,6,0,1,1,0,61,0,-158,-6,-81,-2
31903,3.1,Z,13,2,120,0,24,17,64,3,Z,11,0,15,0,6,12,41,0,1,-2,-2,-105,0,-18,-5,-23,-3
31904,5.01,T,36,0,235,0,97,167,60,17,P,26,1,193,0,5,22,35,0,0,-10,1,-42,0,-92,-145,-25,-17
31905,9.59,T,89,16,713,0,278,196,130,7,P,62,9,544,0,467,221,164,3,1,-27,-7,-169,0,189,25,34,-4
31906,3.27,Z,8,0,87,0,0,9,42,0,Z,12,0,68,0,7,11,35,2,0,4,0,-19,0,7,2,-7,2
31907,9.54,Z,44,2,653,0,7,73,134,0,P,34,0,359,0,7,115,65,4,1,-10,-2,-294,0,0,42,-69,4
31908,9.59,Z,97,17,620,0,223,293,268,0,T,123,5,436,1,633,353,122,19,1,26,-12,-184,1,410,60,-146,19
31909,3.17,Z,10,0,6,0,0,7,38,1,Z,17,5,120,2,198,65,95,0,1,7,5,114,2,198,58,57,-1
31910,9.36,T,96,3,398,0,544,273,186,13,Z,65,0,359,33,228,207,349,3,1,-31,-3,-39,33,-316,-66,163,-10
31911,8.54,Z,67,8,368,0,235,235,229,3,P,77,7,685,0,327,244,147,3,1,10,-1,317,0,92,9,-82,0
31912,7.55,P,41,2,291,0,22,132,76,2,Z,25,0,354,0,13,166,116,6,1,-16,-2,63,0,-9,34,40,4
31913,6.21,Z,29,0,532,0,0,78,135,0,T,37,0,517,0,10,92,64,3,0,8,0,-15,0,10,14,-71,3
31914,9.2,Z,67,1,568,0,281,206,229,3,T,57,0,638,0,13,105,90,5,0,-10,-1,70,0,-268,-101,-139,2
31915,9.59,Z,67,7,439,0,136,247,256,1,T,90,0,790,0,347,175,264,10,0,23,-7,351,0,211,-72,8,9
31916,4.4,Z,16,5,198,0,50,58,98,0,Z,19,0,194,0,40,49,86,2,0,3,-5,-4,0,-10,-9,-12,2
31917,7.4,T,56,0,684,0,36,121,85,8,P,50,1,361,0,28,159,52,6,1,-6,1,-323,0,-8,38,-33,-2
31918,6.23,P,25,2,490,0,5,56,41,0,T,25,2,373,0,8,22,27,0,0,0,0,-117,0,3,-34,-14,0
31919,2.55,Z,8,0,127,0,9,34,51,3,T,15,1,125,0,8,33,32,2,1,7,1,-2,0,-1,-1,-19,-1
31920,5.42,T,42,0,308,0,194,140,48,9,T,65,2,261,0,644,146,150,14,1,23,2,-47,0,450,6,102,5
31921,10.38,P,64,7,699,0,46,188,160,3,T,121,0,685,0,783,354,165,17,1,57,-7,-14,0,737,166,5,14
31922,4.59,T,20,0,216,13,292,33,71,0,P,20,1,207,0,1,87,34,1,1,0,1,-9,-13,-291,54,-37,1
31923,9.58,Z,61,5,634,0,122,153,297,11,T,45,0,936,0,9,111,101,6,0,-16,-5,302,0,-113,-42,-196,-5
31924,8.5,T,39,0,288,0,2,93,72,4,T,52,0,414,0,0,67,89,0,0,13,0,126,0,-2,-26,17,-4
31925,9.57,T,67,1,672,0,153,138,124,3,P,22,0,285,0,0,21,35,0,0,-45,-1,-387,0,-153,-117,-89,-3
31926,9.59,T,54,0,678,0,0,105,189,0,Z,50,6,321,0,48,144,151,0,1,-4,6,-357,0,48,39,-38,0
31927,9.59,T,84,12,901,0,97,170,132,0,T,86,1,506,0,203,145,216,8,1,2,-11,-395,0,106,-25,84,8
31928,6.46,T,35,0,396,0,23,116,61,4,P,36,0,338,0,25,143,58,4,1,1,0,-58,0,2,27,-3,0
31929,4.35,Z,26,0,267,0,337,90,213,7,T,45,0,175,0,239,152,72,6,0,19,0,-92,0,-98,62,-141,-1
31930,9.59,Z,39,2,378,0,4,231,140,0,P,46,0,707,0,0,397,75,2,1,7,-2,329,0,-4,166,-65,2
31931,9.59,Z,40,0,405,0,4,287,200,2,Z,43,0,264,0,3,146,219,0,0,3,0,-141,0,-1,-141,19,-2
31932,8.32,Z,55,6,513,2,71,219,165,1,Z,58,0,474,0,42,132,187,3,1,3,-6,-39,-2,-29,-87,22,2
31933,5.56,P,27,0,256,0,0,46,44,4,T,37,0,464,0,34,92,61,3,1,10,0,208,0,34,46,17,-1
31934,6.15,P,41,7,282,0,231,194,101,8,P,39,4,338,0,187,163,193,0,0,-2,-3,56,0,-44,-31,92,-8
31935,5.22,P,45,1,316,0,129,176,104,8,T,63,1,190,0,332,131,110,9,1,18,0,-126,0,203,-45,6,1
31936,3.16,T,10,0,185,0,17,115,23,4,T,15,0,199,0,17,41,20,5,1,5,0,14,0,0,-74,-3,1
31937,6.26,T,35,0,251,0,34,51,52,4,T,45,0,270,0,223,68,101,3,1,10,0,19,0,189,17,49,-1
31938,4.15,T,22,1,237,0,18,70,37,2,T,19,0,184,0,35,108,78,3,0,-3,-1,-53,0,17,38,41,1
31939,9.34,T,103,0,376,0,457,288,138,16,Z,80,5,452,0,350,299,346,6,0,-23,5,76,0,-107,11,208,-10
31940,10.1,T,37,0,541,0,0,46,72,0,P,37,0,205,0,0,28,55,0,1,0,0,-336,0,0,-18,-17,0
31941,10.13,T,46,3,716,0,1,189,106,0,P,23,0,542,0,0,46,41,0,0,-23,-3,-174,0,-1,-143,-65,0
31942,9.57,T,72,5,451,0,339,166,96,8,T,50,2,674,0,25,172,90,2,0,-22,-3,223,0,-314,6,-6,-6
31943,8.1,T,29,0,534,0,10,45,47,3,Z,28,2,653,0,20,29,107,0,0,-1,2,119,0,10,-16,60,-3
31944,7.1,T,42,0,711,0,8,166,82,5,P,32,0,405,0,280,241,145,10,1,-10,0,-306,0,272,75,63,5
31945,9.58,Z,40,0,698,0,10,81,174,3,T,38,0,336,0,1,53,83,1,1,-2,0,-362,0,-9,-28,-91,-2
31946,5.54,T,50,0,370,0,75,80,52,5,P,52,0,334,0,290,272,126,16,1,2,0,-36,0,215,192,74,11
31947,1.5,Z,6,0,123,0,7,16,14,2,T,12,0,260,1,15,27,12,0,1,6,0,137,1,8,11,-2,-2
31948,9.32,T,83,4,351,0,341,211,190,1,T,61,0,556,0,17,191,171,5,0,-22,-4,205,0,-324,-20,-19,4
31949,6.1,Z,40,2,185,0,112,206,273,2,T,58,0,399,0,547,172,133,9,0,18,-2,214,0,435,-34,-140,7
31950,9.03,Z,49,8,866,0,66,95,145,0,P,51,0,637,0,10,99,98,2,0,2,-8,-229,0,-56,4,-47,2
31951,3.39,Z,15,3,143,0,274,56,70,0,T,22,2,120,0,5,16,19,0,1,7,-1,-23,0,-269,-40,-51,0
31952,6.16,P,59,0,263,0,352,158,45,11,P,48,0,223,0,125,190,98,8,0,-11,0,-40,0,-227,32,53,-3
31953,5.28,T,22,0,314,0,0,131,40,1,Z,26,2,367,0,64,43,67,6,0,4,2,53,0,64,-88,27,5
31954,8.34,P,23,3,186,0,11,117,48,2,T,69,5,520,0,37,117,84,6,1,46,2,334,0,26,0,36,4
31955,8.12,T,79,0,310,0,76,148,165,13,P,47,1,461,0,55,100,80,4,1,-32,1,151,0,-21,-48,-85,-9
31956,0.1,P,0,0,1,0,0,0,2,0,P,1,0,2,0,23,4,27,1,0,1,0,1,0,23,4,25,1
31957,10.18,Z,61,8,395,0,88,139,142,0,P,31,0,725,0,0,39,36,0,0,-30,-8,330,0,-88,-100,-106,0
31958,10.49,Z,81,2,438,0,305,308,376,7,T,118,5,668,0,196,380,146,6,1,37,3,230,0,-109,72,-230,-1
31959,4.26,T,17,0,259,0,7,35,45,5,Z,21,0,201,0,5,52,68,1,1,4,0,-58,0,-2,17,23,-4
31960,10.37,T,135,10,428,0,33,298,116,0,Z,70,8,786,0,65,404,267,2,1,-65,-2,358,0,32,106,151,2
31961,9.59,T,58,0,1172,0,0,429,126,5,T,34,1,442,0,5,62,58,4,0,-24,1,-730,0,5,-367,-68,-1
31962,8.02,P,34,0,451,0,1223,109,41,6,P,51,9,323,0,92,83,49,2,1,17,9,-128,0,-1131,-26,8,-4
31963,9.58,T,92,7,435,0,301,210,164,4,Z,70,0,294,0,125,196,363,13,1,-22,-7,-141,0,-176,-14,199,9
31964,10.41,T,76,0,485,0,1013,158,200,14,T,93,0,604,0,210,281,206,5,0,17,0,119,0,-803,123,6,-9
31965,9.59,Z,65,1,505,0,100,219,211,8,P,69,5,437,0,69,121,52,6,1,4,4,-68,0,-31,-98,-159,-2
31966,5.5,Z,19,0,181,0,8,33,62,5,T,25,0,143,0,4,25,30,2,0,6,0,-38,0,-4,-8,-32,-3
31967,8.44,Z,41,0,510,0,32,99,137,0,P,41,2,716,0,16,64,40,1,0,0,2,206,0,-16,-35,-97,1
31968,8.57,Z,53,3,423,0,327,286,422,12,P,23,0,826,0,0,123,63,0,0,-30,-3,403,0,-327,-163,-359,-12
31969,2.1,P,4,0,28,0,0,5,8,0,P,10,0,83,0,0,42,9,1,0,6,0,55,0,0,37,1,1
31970,5.11,Z,34,0,159,0,27,125,89,1,Z,26,3,219,0,142,99,218,3,0,-8,3,60,0,115,-26,129,2
31971,7.13,Z,49,1,419,0,24,193,117,3,T,72,6,337,0,346,224,161,2,0,23,5,-82,0,322,31,44,-1
31972,9.59,Z,57,3,433,4,126,383,192,5,T,47,0,440,0,9,105,82,0,1,-10,-3,7,-4,-117,-278,-110,-5
31973,9.59,T,86,6,818,0,14,214,78,0,T,74,0,522,0,25,304,129,4,0,-12,-6,-296,0,11,90,51,4
31974,4.34,Z,18,0,212,0,0,21,67,0,Z,23,2,301,0,19,23,77,3,1,5,2,89,0,19,2,10,3
31975,10.52,T,112,0,936,0,693,361,130,13,T,146,3,576,1,703,397,309,13,0,34,3,-360,1,10,36,179,0
31976,10.48,Z,56,12,164,1,60,94,218,8,P,36,0,609,0,0,158,63,0,1,-20,-12,445,-1,-60,64,-155,-8
31977,3.43,P,18,1,107,0,186,115,65,5,P,19,1,184,0,113,65,118,1,1,1,0,77,0,-73,-50,53,-4
31978,9.59,T,68,5,845,0,42,123,131,0,Z,43,0,492,7,70,96,197,0,0,-25,-5,-353,7,28,-27,66,0
31979,3.58,Z,14,0,203,0,55,41,130,4,T,23,3,182,0,396,65,58,2,1,9,3,-21,0,341,24,-72,-2
31980,10.19,Z,74,0,389,0,200,275,374,5,P,70,0,591,0,24,207,89,8,0,-4,0,202,0,-176,-68,-285,3
31981,9.59,Z,45,4,586,0,45,125,119,2,P,52,7,549,0,18,206,93,1,0,7,3,-37,0,-27,81,-26,-1
31982,10.53,P,58,1,475,0,38,99,58,2,Z,48,0,347,0,43,78,183,1,0,-10,-1,-128,0,5,-21,125,-1
31983,9.15,T,82,0,498,0,168,127,82,14,P,58,0,755,0,35,148,95,3,0,-24,0,257,0,-133,21,13,-11
31984,10.52,T,70,0,675,0,8,87,129,5,Z,42,0,485,0,0,93,126,0,0,-28,0,-190,0,-8,6,-3,-5
31985,5.33,T,29,0,225,0,9,49,39,3,P,23,1,223,0,6,43,30,5,0,-6,1,-2,0,-3,-6,-9,2
31986,9.04,T,52,4,754,0,5,149,175,0,T,84,5,624,0,3,178,117,0,0,32,1,-130,0,-2,29,-58,0
31987,10,P,73,0,492,0,41,157,75,7,T,76,3,568,0,133,186,157,14,1,3,3,76,0,92,29,82,7
31988,8.55,P,41,0,465,0,3,105,39,1,T,41,0,459,0,5,117,87,3,0,0,0,-6,0,2,12,48,2
31989,10.55,T,102,0,798,0,41,246,121,6,P,83,5,370,0,225,426,220,9,0,-19,5,-428,0,184,180,99,3
31990,9.49,P,34,0,523,0,10,145,88,3,P,34,0,621,0,0,50,44,0,0,0,0,98,0,-10,-95,-44,-3
31991,6.31,P,60,0,774,0,214,230,102,6,Z,41,1,434,0,240,110,191,7,0,-19,1,-340,0,26,-120,89,1
31992,9.59,P,32,0,748,0,6,117,67,1,Z,50,0,606,0,58,158,186,6,1,18,0,-142,0,52,41,119,5
31993,9.59,P,91,0,679,0,315,362,253,11,T,69,2,524,0,11,87,120,2,0,-22,2,-155,0,-304,-275,-133,-9
31994,6.42,Z,42,1,382,0,102,100,122,6,T,67,3,457,0,258,134,122,12,1,25,2,75,0,156,34,0,6
31995,5.25,Z,34,3,428,0,18,42,85,3,P,31,0,315,0,40,132,39,4,1,-3,-3,-113,0,22,90,-46,1
31996,9.08,T,94,0,429,0,315,319,133,16,Z,60,12,200,0,50,114,141,1,0,-34,12,-229,0,-265,-205,8,-15
31997,7.31,T,70,1,362,0,588,244,115,6,T,52,0,633,0,83,196,84,3,0,-18,-1,271,0,-505,-48,-31,-3
31998,9.59,Z,53,5,337,2,35,87,201,0,Z,112,0,225,0,43,75,164,8,1,59,-5,-112,-2,8,-12,-37,8
31999,3.54,Z,15,1,90,0,105,56,155,0,P,17,0,254,0,1,68,33,1,1,2,-1,164,0,-104,12,-122,1
32000,9.58,T,113,2,579,0,75,125,109,0,Z,55,9,287,0,60,83,162,0,0,-58,7,-292,0,-15,-42,53,0
32001,9.04,P,54,3,626,0,26,240,75,8,Z,53,2,500,0,322,227,493,7,1,-1,-1,-126,0,296,-13,418,-1
32002,9.59,T,60,0,259,0,0,108,134,1,T,98,0,588,0,21,180,102,8,1,38,0,329,0,21,72,-32,7
32003,4.35,T,27,1,271,0,70,48,23,3,P,32,0,141,0,17,138,54,0,1,5,-1,-130,0,-53,90,31,-3
32004,5.16,T,19,0,396,0,9,155,42,4,P,23,0,193,0,0,38,31,0,1,4,0,-203,0,-9,-117,-11,-4
32005,9.59,P,63,2,582,0,37,164,63,6,T,100,0,413,0,344,225,126,7,0,37,-2,-169,0,307,61,63,1
32006,6.58,T,59,1,386,0,6,169,94,4,Z,29,1,185,0,18,97,186,1,1,-30,0,-201,0,12,-72,92,-3
32007,6.23,P,35,0,408,0,161,235,260,7,Z,35,0,369,0,91,218,153,11,1,0,0,-39,0,-70,-17,-107,4
32008,8.59,T,76,0,446,0,416,279,147,10,P,95,1,303,0,234,207,136,11,1,19,1,-143,0,-182,-72,-11,1
32009,10.42,T,75,7,521,0,58,295,104,1,P,71,0,601,0,25,304,99,14,0,-4,-7,80,0,-33,9,-5,13
32010,10.11,Z,63,5,956,0,77,130,182,7,P,74,7,889,1,49,241,92,0,0,11,2,-67,1,-28,111,-90,-7
32011,3.32,Z,15,0,206,0,151,64,73,2,P,13,0,86,0,4,64,15,2,1,-2,0,-120,0,-147,0,-58,0
32012,7.55,P,29,0,175,4,101,128,62,0,T,36,0,614,0,0,138,89,0,0,7,0,439,-4,-101,10,27,0
32013,3.55,T,14,0,151,0,0,9,31,1,T,14,0,248,0,1,61,32,2,1,0,0,97,0,1,52,1,1
32014,9.59,Z,62,6,399,0,67,56,165,0,P,38,0,523,0,10,295,97,3,1,-24,-6,124,0,-57,239,-68,3
32015,2.52,T,17,1,149,0,19,108,31,5,T,18,1,126,0,91,51,32,4,0,1,0,-23,0,72,-57,1,-1
32016,9.59,T,85,3,693,0,991,268,125,12,P,53,1,424,0,92,218,178,3,0,-32,-2,-269,0,-899,-50,53,-9
32017,6.34,T,62,0,347,0,6,252,66,10,T,38,0,345,0,0,262,120,3,0,-24,0,-2,0,-6,10,54,-7
32018,9.59,T,134,9,573,0,154,247,130,6,Z,88,11,522,0,412,285,287,12,0,-46,2,-51,0,258,38,157,6
32019,4.26,P,30,2,119,0,212,203,190,8,P,18,0,166,0,10,69,104,3,1,-12,-2,47,0,-202,-134,-86,-5
32020,8.32,P,77,0,600,0,122,272,119,15,Z,55,2,396,0,62,194,293,6,1,-22,2,-204,0,-60,-78,174,-9
32021,9.59,Z,52,10,326,1,45,114,157,2,Z,49,0,235,0,64,122,160,6,1,-3,-10,-91,-1,19,8,3,4
32022,7.37,P,35,0,348,0,16,57,62,1,P,30,0,650,0,0,183,63,1,0,-5,0,302,0,-16,126,1,0
32023,6,P,33,0,472,0,7,193,93,4,Z,27,0,375,0,285,53,213,4,1,-6,0,-97,0,278,-140,120,0
32024,7.11,Z,11,0,661,0,0,86,81,0,P,14,0,190,0,0,55,13,0,1,3,0,-471,0,0,-31,-68,0
32025,4.23,Z,33,3,153,0,161,90,179,2,P,31,2,159,0,315,127,91,3,1,-2,-1,6,0,154,37,-88,1
32026,9.59,Z,90,2,490,0,230,215,370,7,T,109,12,367,0,546,191,145,6,0,19,10,-123,0,316,-24,-225,-1
32027,9.59,T,44,0,463,0,0,79,91,0,Z,51,0,135,0,0,58,179,0,1,7,0,-328,0,0,-21,88,0
32028,9.59,P,136,0,530,0,120,432,136,21,Z,128,15,292,0,506,238,350,5,0,-8,15,-238,0,386,-194,214,-16
32029,7.3,T,70,0,348,0,427,216,197,10,Z,39,0,535,0,24,183,119,2,1,-31,0,187,0,-403,-33,-78,-8
32030,9.59,P,70,5,556,0,93,167,91,4,Z,80,6,390,0,210,133,350,2,1,10,1,-166,0,117,-34,259,-2
32031,9.35,P,71,3,573,0,236,282,188,18,Z,84,1,671,0,46,206,227,4,0,13,-2,98,0,-190,-76,39,-14
32032,9.59,T,125,4,560,0,509,211,165,6,Z,79,10,844,0,60,226,206,0,1,-46,6,284,0,-449,15,41,-6
32033,5.48,T,30,3,261,0,4,36,124,0,P,34,0,486,0,250,199,60,11,0,4,-3,225,0,246,163,-64,11
32034,9.59,T,68,10,346,0,48,86,89,2,Z,56,0,547,0,174,278,307,5,0,-12,-10,201,0,126,192,218,3
32035,1.52,P,10,0,73,0,0,29,68,0,P,20,0,84,0,148,52,32,4,1,10,0,11,0,148,23,-36,4
32036,5.03,T,25,2,327,0,235,95,58,5,T,39,0,192,0,227,155,201,4,1,14,-2,-135,0,-8,60,143,-1
32037,8.05,P,49,3,345,0,22,324,87,2,T,38,8,332,0,54,92,60,0,0,-11,5,-13,0,32,-232,-27,-2
32038,3.59,Z,9,0,123,0,110,92,274,2,T,19,0,142,0,361,94,131,9,1,10,0,19,0,251,2,-143,7
32039,8.39,T,71,4,266,0,775,134,181,3,T,52,2,375,0,7,110,77,0,0,-19,-2,109,0,-768,-24,-104,-3
32040,9.45,T,89,0,846,0,630,159,186,12,P,64,0,339,0,62,138,140,11,0,-25,0,-507,0,-568,-21,-46,-1
32041,8.53,P,51,1,293,0,57,296,60,9,P,38,2,563,0,18,92,52,0,0,-13,1,270,0,-39,-204,-8,-9
32042,4.21,T,22,0,203,0,2,31,26,0,T,17,0,332,0,0,47,41,0,0,-5,0,129,0,-2,16,15,0
32043,9.19,T,118,9,359,0,149,276,110,1,Z,51,0,519,0,0,142,140,0,0,-67,-9,160,0,-149,-134,30,-1
32044,5.08,T,39,0,187,4,23,151,109,4,T,38,0,324,0,33,151,42,1,0,-1,0,137,-4,10,0,-67,-3
32045,6.16,Z,28,1,124,0,25,34,115,9,T,24,0,477,0,397,50,101,4,1,-4,-1,353,0,372,16,-14,-5
32046,9.58,P,66,2,629,0,14,181,95,0,T,105,8,630,0,629,134,285,0,1,39,6,1,0,615,-47,190,0
32047,9.59,T,82,4,367,0,542,210,267,4,T,73,2,637,0,375,157,163,11,1,-9,-2,270,0,-167,-53,-104,7
32048,7.48,P,45,1,666,0,61,202,114,8,Z,39,1,270,0,19,113,161,2,1,-6,0,-396,0,-42,-89,47,-6
32049,6.03,T,48,4,174,0,171,66,64,2,P,20,0,420,0,0,255,35,0,1,-28,-4,246,0,-171,189,-29,-2
32050,9.59,P,22,4,1114,0,4,129,57,0,T,37,0,883,0,0,82,94,0,1,15,-4,-231,0,-4,-47,37,0
32051,9.57,T,53,6,261,0,7,167,107,1,Z,55,1,500,0,31,138,182,1,0,2,-5,239,0,24,-29,75,0
32052,9.59,T,78,0,523,0,88,259,147,8,Z,76,12,534,0,40,258,257,1,0,-2,12,11,0,-48,-1,110,-7
32053,6,T,32,4,264,0,6,26,33,0,T,21,0,275,0,1,43,56,0,0,-11,-4,11,0,-5,17,23,0
32054,9.59,Z,52,0,673,0,22,121,178,6,P,56,2,741,0,162,249,82,10,1,4,2,68,0,140,128,-96,4
32055,8.55,T,42,0,380,0,45,46,54,3,T,55,7,766,0,135,115,214,1,1,13,7,386,0,90,69,160,-2
32056,3.1,Z,10,0,149,0,12,7,37,2,Z,6,0,38,0,5,16,36,2,1,-4,0,-111,0,-7,9,-1,0
32057,3.09,Z,10,0,235,0,298,69,99,9,T,20,0,153,0,173,64,111,10,1,10,0,-82,0,-125,-5,12,1
32058,8.47,T,79,0,833,0,523,176,110,8,P,84,0,476,0,397,180,110,26,1,5,0,-357,0,-126,4,0,18
32059,10.11,Z,44,0,549,0,49,76,222,1,T,83,3,685,0,12,205,166,1,1,39,3,136,0,-37,129,-56,0
32060,9.19,P,81,1,416,0,269,370,74,17,Z,75,2,316,0,138,281,532,7,0,-6,1,-100,0,-131,-89,458,-10
32061,10.05,T,130,0,545,0,123,346,216,12,T,82,0,316,0,64,216,94,17,0,-48,0,-229,0,-59,-130,-122,5
32062,5.07,T,41,2,199,0,229,199,48,2,Z,33,0,318,0,337,92,101,4,1,-8,-2,119,0,108,-107,53,2
32063,8.2,Z,59,0,586,0,207,170,314,5,Z,62,1,231,0,73,161,158,6,0,3,1,-355,0,-134,-9,-156,1
32064,9.59,Z,53,0,926,0,141,241,191,12,T,82,0,523,0,22,126,109,11,1,29,0,-403,0,-119,-115,-82,-1
32065,7.28,T,45,0,490,0,4,75,61,8,Z,36,4,274,0,15,75,107,0,1,-9,4,-216,0,11,0,46,-8
32066,5.45,Z,28,4,500,0,21,49,62,0,P,15,0,140,0,0,14,17,0,0,-13,-4,-360,0,-21,-35,-45,0
32067,3.36,Z,13,0,207,0,31,33,51,0,P,10,0,309,0,38,124,37,2,0,-3,0,102,0,7,91,-14,2
32068,7.55,P,31,0,294,0,8,152,118,5,T,65,0,544,0,166,187,177,13,1,34,0,250,0,158,35,59,8
32069,9.59,T,94,5,334,0,196,424,170,5,T,116,0,834,0,86,361,422,10,0,22,-5,500,0,-110,-63,252,5
32070,3.07,T,15,0,164,0,0,16,17,2,T,10,0,126,0,102,43,50,3,0,-5,0,-38,0,102,27,33,1
32071,9.58,P,65,13,516,0,70,304,54,0,Z,42,3,514,0,9,100,160,0,1,-23,-10,-2,0,-61,-204,106,0
32072,6.14,T,24,0,350,0,1,62,44,1,P,42,0,151,0,43,109,126,0,1,18,0,-199,0,42,47,82,-1
32073,9.58,T,54,0,605,0,22,51,62,5,Z,46,0,460,0,44,26,159,2,1,-8,0,-145,0,22,-25,97,-3
32074,6.12,Z,28,3,302,0,17,110,91,0,T,38,4,339,0,21,80,56,3,0,10,1,37,0,4,-30,-35,3
32075,6.37,Z,34,0,363,0,10,122,125,3,P,27,0,245,0,18,54,31,3,1,-7,0,-118,0,8,-68,-94,0
32076,6.16,P,33,8,196,0,432,69,43,0,T,41,4,313,0,36,118,119,4,0,8,-4,117,0,-396,49,76,4
32077,9.59,T,64,5,502,0,26,145,105,0,Z,54,14,409,30,94,115,222,6,1,-10,9,-93,30,68,-30,117,6
32078,3.56,Z,21,2,95,0,308,182,145,8,Z,26,0,234,0,64,54,180,2,0,5,-2,139,0,-244,-128,35,-6
32079,3.31,Z,13,0,127,0,14,27,44,5,T,15,0,173,0,103,52,49,4,0,2,0,46,0,89,25,5,-1
32080,10.16,Z,53,8,669,0,75,139,173,0,T,97,3,728,0,152,132,110,0,0,44,-5,59,0,77,-7,-63,0
32081,9.58,Z,34,6,349,0,21,73,132,1,T,48,0,517,0,17,90,58,2,0,14,-6,168,0,-4,17,-74,1
32082,10.41,P,50,0,380,0,0,64,80,2,P,30,0,494,0,9,242,90,1,0,-20,0,114,0,9,178,10,-1
32083,6.13,P,25,0,379,0,14,88,229,3,Z,31,6,419,0,12,36,97,0,0,6,6,40,0,-2,-52,-132,-3
32084,8.3,P,91,0,566,0,336,303,95,15,Z,72,7,317,0,188,261,266,8,1,-19,7,-249,0,-148,-42,171,-7
32085,4.17,T,32,0,285,0,20,100,58,8,Z,22,0,264,0,221,85,69,5,1,-10,0,-21,0,201,-15,11,-3
32086,9.58,Z,60,13,184,0,62,211,148,3,P,52,0,588,0,73,68,58,6,0,-8,-13,404,0,11,-143,-90,3
32087,8.08,T,34,0,536,0,18,45,53,4,Z,48,2,371,0,25,56,115,5,1,14,2,-165,0,7,11,62,1
32088,6.07,P,28,2,206,0,10,80,74,0,P,33,0,355,0,12,101,62,8,1,5,-2,149,0,2,21,-12,8
32089,6.4,P,18,0,525,0,0,58,40,0,P,32,1,179,0,16,79,33,4,1,14,1,-346,0,16,21,-7,4
32090,4.45,P,18,0,356,0,0,105,34,0,T,26,2,328,0,374,38,80,2,1,8,2,-28,0,374,-67,46,2
32091,9.24,T,103,8,480,0,439,231,300,15,Z,60,3,714,0,76,145,168,0,0,-43,-5,234,0,-363,-86,-132,-15
32092,2.3,Z,11,0,102,0,10,39,49,3,T,6,1,128,0,118,75,39,2,1,-5,1,26,0,108,36,-10,-1
32093,5.4,Z,15,5,307,0,20,16,71,2,Z,31,1,141,0,0,50,98,0,0,16,-4,-166,0,-20,34,27,-2
32094,9.02,T,64,0,611,0,106,353,86,11,Z,48,7,444,0,23,200,181,0,1,-16,7,-167,0,-83,-153,95,-11
32095,6.18,P,32,0,309,0,4,290,69,0,P,23,0,376,0,0,74,52,0,0,-9,0,67,0,-4,-216,-17,0
32096,7.42,T,104,0,370,0,334,320,176,7,T,73,2,534,0,26,282,112,4,0,-31,2,164,0,-308,-38,-64,-3
32097,9.04,Z,81,1,243,0,73,240,380,9,Z,51,0,421,0,391,244,191,5,1,-30,-1,178,0,318,4,-189,-4
32098,6.52,P,59,4,248,0,517,221,220,6,T,83,4,462,0,442,248,111,6,1,24,0,214,0,-75,27,-109,0
32099,6.53,P,57,4,317,0,114,152,165,1,T,36,0,544,0,2,72,65,3,0,-21,-4,227,0,-112,-80,-100,2
32100,8.14,T,32,0,477,0,2,44,52,5,Z,41,0,330,0,14,133,155,2,1,9,0,-147,0,12,89,103,-3
32101,4.43,Z,19,0,121,0,22,68,53,0,Z,21,1,272,0,9,20,75,3,1,2,1,151,0,-13,-48,22,3
32102,2.44,T,14,7,341,0,4,15,28,2,Z,6,0,125,0,118,6,212,1,1,-8,-7,-216,0,114,-9,184,-1
32103,9.27,T,91,3,397,0,768,290,146,14,T,69,0,439,0,163,170,92,8,0,-22,-3,42,0,-605,-120,-54,-6
32104,9.27,Z,81,7,542,0,608,251,340,5,T,83,0,484,0,369,240,99,6,0,2,-7,-58,0,-239,-11,-241,1
32105,6.05,P,32,0,563,0,12,174,60,3,Z,30,0,350,0,602,66,128,2,0,-2,0,-213,0,590,-108,68,-1
32106,1.25,T,5,0,43,0,2,9,9,2,Z,5,0,42,0,3,26,25,1,1,0,0,-1,0,1,17,16,-1
32107,7.19,P,58,1,373,0,447,253,128,20,T,84,0,412,0,433,196,116,17,1,26,-1,39,0,-14,-57,-12,-3
32108,9.57,T,37,4,363,0,3,81,61,0,T,92,5,532,1,89,122,161,0,0,55,1,169,1,86,41,100,0
32109,9.06,Z,61,2,847,0,66,164,195,4,T,64,0,506,0,10,153,112,4,0,3,-2,-341,0,-56,-11,-83,0
32110,4.27,Z,18,0,219,0,20,32,61,2,Z,20,4,93,0,14,4,47,0,1,2,4,-126,0,-6,-28,-14,-2
32111,9.59,Z,113,10,536,0,425,314,387,5,P,99,9,467,0,461,285,149,25,0,-14,-1,-69,0,36,-29,-238,20
32112,3.54,T,23,0,223,0,269,90,74,15,P,21,0,169,0,323,110,51,5,1,-2,0,-54,0,54,20,-23,-10
32113,6.08,T,57,5,223,0,83,256,124,0,T,43,1,493,0,122,190,121,7,1,-14,-4,270,0,39,-66,-3,7
32114,7.55,T,54,0,527,0,0,52,104,0,Z,39,1,308,0,210,146,250,2,1,-15,1,-219,0,210,94,146,2
32115,8.36,Z,62,13,330,8,107,242,254,10,Z,58,1,358,0,237,156,159,8,1,-4,-12,28,-8,130,-86,-95,-2
32116,4.19,Z,16,0,90,0,0,18,65,0,T,22,0,125,0,1,35,41,1,1,6,0,35,0,1,17,-24,1
32117,9.34,P,35,0,581,0,7,150,54,2,P,40,0,622,0,0,59,96,0,1,5,0,41,0,-7,-91,42,-2
32118,9.57,P,45,0,1150,0,8,151,76,1,P,41,2,396,0,2,114,72,4,0,-4,2,-754,0,-6,-37,-4,3
32119,8.28,T,50,0,618,0,9,212,144,3,T,74,1,489,0,24,162,152,4,1,24,1,-129,0,15,-50,8,1
32120,9.59,T,96,1,492,0,71,197,163,3,Z,45,0,269,2,19,183,172,0,0,-51,-1,-223,2,-52,-14,9,-3
32121,8.04,Z,33,0,630,0,0,150,185,0,T,57,0,323,0,370,272,85,13,1,24,0,-307,0,370,122,-100,13
32122,6.41,Z,43,4,314,0,313,171,266,3,Z,43,0,557,0,31,131,221,2,1,0,-4,243,0,-282,-40,-45,-1
32123,6.45,Z,30,4,292,1,144,63,184,2,T,45,1,185,0,32,61,38,3,1,15,-3,-107,-1,-112,-2,-146,1
32124,7.14,Z,30,1,476,0,32,32,110,5,P,41,3,385,0,31,160,58,1,1,11,2,-91,0,-1,128,-52,-4
32125,9.09,Z,42,0,364,0,33,166,165,6,P,45,0,625,0,1,250,98,2,0,3,0,261,0,-32,84,-67,-4
32126,3.43,Z,14,1,134,0,36,112,98,1,P,17,3,283,0,48,71,26,1,0,3,2,149,0,12,-41,-72,0
32127,5.12,T,22,0,397,0,0,28,65,1,Z,23,1,107,0,4,85,69,0,0,1,1,-290,0,4,57,4,-1
32128,9.59,P,84,0,447,0,49,324,159,2,P,52,0,320,0,28,254,153,5,1,-32,0,-127,0,-21,-70,-6,3
32129,9.59,Z,65,0,348,0,454,167,281,11,Z,98,0,417,0,136,219,292,8,1,33,0,69,0,-318,52,11,-3
32130,9.59,T,105,0,386,0,727,422,322,21,Z,86,0,599,0,108,169,260,9,1,-19,0,213,0,-619,-253,-62,-12
32131,4.27,T,24,2,360,0,0,52,62,0,T,18,0,388,0,413,85,129,2,1,-6,-2,28,0,413,33,67,2
32132,4.5,Z,29,2,197,0,396,78,134,5,P,16,1,110,0,71,62,27,5,1,-13,-1,-87,0,-325,-16,-107,0
32133,6.53,Z,45,0,453,0,58,94,131,8,P,20,0,256,0,0,59,41,0,0,-25,0,-197,0,-58,-35,-90,-8
32134,8.14,Z,43,0,509,0,73,280,153,17,T,59,9,377,0,295,80,63,0,0,16,9,-132,0,222,-200,-90,-17
32135,9.58,T,75,8,559,0,195,259,112,0,T,65,0,412,0,130,258,128,3,1,-10,-8,-147,0,-65,-1,16,3
32136,6.2,T,18,0,390,0,202,36,31,9,Z,19,0,582,0,5,29,81,3,0,1,0,192,0,-197,-7,50,-6
32137,5.51,Z,28,0,197,0,17,31,90,2,T,52,7,480,0,427,60,78,1,0,24,7,283,0,410,29,-12,-1
32138,9.59,Z,60,0,539,0,150,162,276,3,T,68,4,658,0,382,242,133,4,0,8,4,119,0,232,80,-143,1
32139,9.59,Z,75,1,467,0,78,322,238,2,T,66,0,820,0,32,257,115,6,1,-9,-1,353,0,-46,-65,-123,4
32140,9.58,P,37,0,776,0,4,77,66,2,Z,51,3,612,0,0,136,139,0,1,14,3,-164,0,-4,59,73,-2
32141,9.36,T,108,0,650,0,128,334,190,6,T,107,3,720,0,273,300,101,10,1,-1,3,70,0,145,-34,-89,4
32142,5.27,T,46,1,198,5,86,81,74,2,T,32,0,395,0,0,58,35,0,0,-14,-1,197,-5,-86,-23,-39,-2
32143,9.59,Z,70,8,358,0,60,247,194,6,T,98,0,861,0,154,216,103,13,0,28,-8,503,0,94,-31,-91,7
32144,9.31,P,53,5,939,0,35,216,73,3,Z,77,8,272,0,43,374,220,2,1,24,3,-667,0,8,158,147,-1
32145,9.58,Z,94,6,363,0,177,221,318,0,T,102,0,553,0,281,242,135,22,1,8,-6,190,0,104,21,-183,22
32146,10.47,P,53,0,969,0,41,192,119,3,T,98,2,398,0,541,195,143,3,1,45,2,-571,0,500,3,24,0
32147,4.3,P,50,0,175,0,68,224,91,12,T,50,6,163,0,54,208,113,0,0,0,6,-12,0,-14,-16,22,-12
32148,3.35,T,27,2,179,0,214,129,73,3,T,18,0,136,0,73,96,36,5,0,-9,-2,-43,0,-141,-33,-37,2
32149,7.11,Z,41,0,789,0,42,140,129,2,P,34,0,489,0,5,151,81,1,0,-7,0,-300,0,-37,11,-48,-1
32150,10.5,Z,55,2,1095,0,51,60,204,0,T,41,0,141,0,33,106,71,3,0,-14,-2,-954,0,-18,46,-133,3
32151,9.59,P,58,0,472,0,18,137,92,4,P,55,2,150,0,24,169,159,2,0,-3,2,-322,0,6,32,67,-2
32152,8.03,P,18,0,219,0,0,28,34,0,T,54,0,448,0,311,107,294,12,1,36,0,229,0,311,79,260,12
32153,7.48,Z,44,2,282,0,15,45,143,0,P,32,0,544,0,0,113,81,0,0,-12,-2,262,0,-15,68,-62,0
32154,4.06,Z,17,0,103,0,0,37,51,2,T,13,0,255,0,0,25,25,2,0,-4,0,152,0,0,-12,-26,0
32155,8.4,T,75,3,294,0,41,256,149,5,Z,40,4,651,0,21,81,114,2,0,-35,1,357,0,-20,-175,-35,-3
32156,9.59,T,74,3,601,0,560,344,228,9,T,84,0,588,0,617,396,144,11,1,10,-3,-13,0,57,52,-84,2
32157,9.59,P,77,1,771,8,240,308,112,7,P,61,0,388,0,33,224,164,7,1,-16,-1,-383,-8,-207,-84,52,0
32158,8.49,Z,45,2,281,0,10,178,137,0,P,42,0,347,0,13,75,42,3,1,-3,-2,66,0,3,-103,-95,3
32159,7.42,P,38,2,367,1,50,197,73,0,T,54,0,210,0,25,206,122,6,1,16,-2,-157,-1,-25,9,49,6
32160,10.36,Z,44,5,659,0,15,247,283,2,Z,52,0,680,0,28,170,199,7,1,8,-5,21,0,13,-77,-84,5
32161,4.39,Z,43,8,215,0,88,79,151,2,Z,26,0,381,0,55,155,62,5,0,-17,-8,166,0,-33,76,-89,3
32162,5.27,T,39,7,296,0,46,54,150,0,Z,27,4,284,0,44,92,78,0,1,-12,-3,-12,0,-2,38,-72,0
32163,9.59,Z,65,1,355,0,145,252,253,5,P,39,0,253,0,0,126,85,1,1,-26,-1,-102,0,-145,-126,-168,-4
32164,6.4,P,40,0,238,0,104,181,136,4,T,54,0,673,0,89,98,167,4,1,14,0,435,0,-15,-83,31,0
32165,8.03,T,73,8,421,0,352,144,186,8,Z,43,0,553,0,178,170,127,2,1,-30,-8,132,0,-174,26,-59,-6
32166,9.59,T,92,20,963,0,531,236,126,8,P,76,4,392,0,53,208,270,6,0,-16,-16,-571,0,-478,-28,144,-2
32167,10.24,Z,126,0,884,0,147,431,412,6,Z,98,3,291,0,330,413,350,41,1,-28,3,-593,0,183,-18,-62,35
32168,9.59,Z,82,0,351,0,171,82,307,10,T,115,9,447,0,572,295,172,11,1,33,9,96,0,401,213,-135,1
32169,7.55,P,51,0,443,0,107,204,117,5,P,38,0,508,0,16,240,73,3,1,-13,0,65,0,-91,36,-44,-2
32170,9.21,T,78,9,383,0,21,105,103,0,P,48,0,601,0,1,192,213,2,0,-30,-9,218,0,-20,87,110,2
32171,7.04,Z,43,0,371,0,133,137,177,24,Z,38,0,302,0,135,217,229,3,0,-5,0,-69,0,2,80,52,-21
32172,8.36,Z,54,0,311,0,0,102,187,1,P,42,0,464,0,3,192,115,3,0,-12,0,153,0,3,90,-72,2
32173,9.59,Z,98,4,434,0,698,313,499,7,T,131,0,664,0,337,326,120,16,1,33,-4,230,0,-361,13,-379,9
32174,3.31,Z,8,2,181,0,8,34,56,0,Z,11,1,130,0,26,34,45,1,0,3,-1,-51,0,18,0,-11,1
32175,4.33,T,28,0,393,0,0,86,37,1,T,21,0,322,0,76,41,53,4,1,-7,0,-71,0,76,-45,16,3
32176,8.39,Z,55,1,424,0,29,301,139,5,Z,52,9,250,0,432,406,350,3,1,-3,8,-174,0,403,105,211,-2
32177,9.55,T,59,0,487,0,0,103,136,0,Z,69,0,875,0,31,110,191,8,1,10,0,388,0,31,7,55,8
32178,7.2,T,41,0,484,0,1,123,75,2,T,39,0,472,0,19,131,73,7,0,-2,0,-12,0,18,8,-2,5
32179,8.23,P,43,0,325,0,120,99,82,3,Z,65,0,316,0,23,129,250,5,1,22,0,-9,0,-97,30,168,2
32180,5.42,P,25,0,240,0,23,133,101,3,P,30,6,219,0,107,165,103,0,0,5,6,-21,0,84,32,2,-3
32181,8.53,T,69,7,459,0,57,104,238,5,Z,52,9,435,0,644,239,224,3,0,-17,2,-24,0,587,135,-14,-2
32182,8.44,Z,41,0,601,0,35,125,155,1,P,40,0,343,0,14,205,56,4,0,-1,0,-258,0,-21,80,-99,3
32183,4.15,Z,31,4,146,1,320,138,155,4,Z,19,0,47,0,17,33,48,0,1,-12,-4,-99,-1,-303,-105,-107,-4
32184,9.59,T,36,0,547,0,0,14,61,4,Z,64,2,561,0,23,40,140,0,1,28,2,14,0,23,26,79,-4
32185,2.1,Z,13,0,59,0,116,36,92,2,T,6,1,81,0,77,55,60,2,0,-7,1,22,0,-39,19,-32,0
32186,9.58,T,40,0,663,0,3,122,103,1,Z,52,4,318,0,21,84,179,1,0,12,4,-345,0,18,-38,76,0
32187,9.32,T,79,0,753,0,278,332,226,13,P,62,0,396,0,36,326,82,6,0,-17,0,-357,0,-242,-6,-144,-7
32188,4.38,Z,16,0,397,0,25,29,62,5,P,20,0,33,0,0,6,23,0,1,4,0,-364,0,-25,-23,-39,-5
32189,6.16,P,12,0,150,0,0,20,32,0,Z,34,2,305,0,32,48,137,1,1,22,2,155,0,32,28,105,1
32190,8.55,Z,56,5,351,0,135,226,264,5,P,51,0,892,0,25,147,77,14,0,-5,-5,541,0,-110,-79,-187,9
32191,9.59,Z,62,1,654,0,500,342,240,11,T,80,0,825,0,80,301,102,2,0,18,-1,171,0,-420,-41,-138,-9
32192,3.47,T,30,0,88,0,20,133,28,5,T,32,0,206,0,162,185,35,4,0,2,0,118,0,142,52,7,-1
32193,6.28,Z,35,0,411,14,100,171,188,2,T,53,0,341,0,145,150,59,5,0,18,0,-70,-14,45,-21,-129,3
32194,9.59,T,72,0,689,0,7,309,157,1,Z,55,0,883,0,29,218,170,4,0,-17,0,194,0,22,-91,13,3
32195,5.53,Z,29,3,391,0,129,168,187,0,P,30,0,263,0,34,94,51,3,1,1,-3,-128,0,-95,-74,-136,3
32196,9.59,P,74,10,854,0,334,207,100,10,T,88,1,648,0,37,124,90,3,0,14,-9,-206,0,-297,-83,-10,-7
32197,2.52,Z,10,5,76,0,257,40,73,0,Z,11,0,139,0,193,51,174,4,1,1,-5,63,0,-64,11,101,4
32198,8.24,Z,52,4,385,0,100,133,189,2,Z,47,7,358,0,93,155,314,3,1,-5,3,-27,0,-7,22,125,1
32199,10.11,P,32,0,560,0,5,63,62,3,T,47,0,632,0,68,99,50,10,1,15,0,72,0,63,36,-12,7
32200,9.03,P,27,0,518,0,0,129,56,0,T,26,0,249,2,0,30,66,0,0,-1,0,-269,2,0,-99,10,0
32201,3.58,T,16,1,328,0,338,106,148,9,Z,16,0,266,6,113,78,121,0,0,0,-1,-62,6,-225,-28,-27,-9
32202,6.12,P,26,0,323,0,0,121,22,0,Z,30,0,311,0,9,68,89,1,0,4,0,-12,0,9,-53,67,1
32203,9.59,T,127,8,857,0,62,333,117,2,Z,72,7,904,0,62,284,247,19,0,-55,-1,47,0,0,-49,130,17
32204,6.32,T,63,2,270,0,202,114,48,7,Z,59,7,421,0,183,88,161,2,0,-4,5,151,0,-19,-26,113,-5
32205,9.59,T,73,0,893,0,41,121,109,1,P,55,2,651,0,13,175,81,0,0,-18,2,-242,0,-28,54,-28,-1
32206,4.46,Z,23,0,281,10,63,90,120,1,Z,28,1,228,0,37,47,65,2,1,5,1,-53,-10,-26,-43,-55,1
32207,8.01,P,55,0,436,0,25,158,193,4,P,48,0,514,0,42,150,62,7,1,-7,0,78,0,17,-8,-131,3
32208,9.27,T,40,0,648,0,11,195,76,5,P,42,0,268,0,1,63,67,3,0,2,0,-380,0,-10,-132,-9,-2
32209,6.42,Z,46,0,331,0,92,156,226,9,T,64,0,524,0,245,173,120,8,0,18,0,193,0,153,17,-106,-1
32210,4.48,P,28,0,146,10,277,94,109,0,P,17,3,354,0,38,16,21,0,0,-11,3,208,-10,-239,-78,-88,0
32211,9.2,Z,64,8,494,0,556,221,177,0,P,59,6,407,2,125,169,140,4,0,-5,-2,-87,2,-431,-52,-37,4
32212,8.26,Z,58,3,415,0,41,99,165,0,T,56,11,450,0,35,134,89,0,1,-2,8,35,0,-6,35,-76,0
32213,8.32,P,42,3,512,0,37,91,99,6,Z,62,0,443,0,659,131,343,8,1,20,-3,-69,0,622,40,244,2
32214,8.02,Z,35,1,753,0,10,114,112,3,Z,46,0,465,0,91,169,127,12,0,11,-1,-288,0,81,55,15,9
32215,9.59,T,77,2,662,0,94,212,108,0,P,78,3,713,0,304,409,200,5,1,1,1,51,0,210,197,92,5
32216,9.4,T,84,7,645,0,148,363,142,1,Z,62,5,473,0,23,232,278,0,1,-22,-2,-172,0,-125,-131,136,-1
32217,9.59,P,45,2,526,0,6,191,135,0,Z,54,0,202,0,1,147,142,0,0,9,-2,-324,0,-5,-44,7,0
32218,9.59,Z,65,0,538,0,110,483,347,15,P,65,0,699,0,64,185,301,3,1,0,0,161,0,-46,-298,-46,-12
32219,9.54,Z,67,1,656,0,328,137,330,5,T,106,2,990,3,40,300,205,5,0,39,1,334,3,-288,163,-125,0
32220,6.33,P,57,1,303,20,274,157,139,1,T,48,0,482,0,406,203,126,5,0,-9,-1,179,-20,132,46,-13,4
32221,9.58,T,61,0,382,0,7,34,106,4,Z,61,0,352,0,32,83,185,1,0,0,0,-30,0,25,49,79,-3
32222,9.59,Z,74,18,312,0,112,233,249,1,T,107,4,595,0,76,218,357,11,0,33,-14,283,0,-36,-15,108,10
32223,4.17,T,22,2,97,0,12,75,61,0,Z,14,0,177,0,4,40,78,1,1,-8,-2,80,0,-8,-35,17,1
32224,1.18,Z,4,2,18,0,2,21,23,0,P,4,1,91,0,1,10,4,0,0,0,-1,73,0,-1,-11,-19,0
32225,6.44,T,32,0,163,0,16,134,56,5,P,27,0,330,0,0,16,29,0,0,-5,0,167,0,-16,-118,-27,-5
32226,3.54,Z,18,1,155,0,53,95,116,3,P,19,0,142,0,98,99,52,9,0,1,-1,-13,0,45,4,-64,6
32227,6.44,T,32,6,474,0,695,186,160,2,T,48,4,476,0,66,89,91,0,0,16,-2,2,0,-629,-97,-69,-2
32228,9.59,T,48,0,634,0,3,164,82,5,T,42,6,355,0,28,74,209,0,1,-6,6,-279,0,25,-90,127,-5
32229,9.59,P,114,0,644,0,227,301,186,16,Z,71,0,713,0,67,280,214,5,0,-43,0,69,0,-160,-21,28,-11
32230,8.35,Z,56,1,483,0,87,133,189,11,T,42,0,943,0,109,192,108,5,0,-14,-1,460,0,22,59,-81,-6
32231,7.36,T,41,5,448,0,12,81,69,0,Z,33,0,285,0,175,88,324,5,1,-8,-5,-163,0,163,7,255,5
32232,9.59,Z,76,2,307,0,46,199,217,2,P,61,4,992,0,588,253,90,4,1,-15,2,685,0,542,54,-127,2
32233,6.23,T,30,4,369,0,25,97,37,3,Z,34,0,440,0,51,127,179,2,1,4,-4,71,0,26,30,142,-1
32234,3.01,T,10,0,207,0,0,28,15,0,P,8,1,124,0,198,43,83,4,0,-2,1,-83,0,198,15,68,4
32235,3.43,P,14,2,334,0,6,41,19,0,T,12,0,183,0,42,50,59,3,1,-2,-2,-151,0,36,9,40,3
32236,9.38,T,84,0,473,0,562,306,168,14,T,110,2,522,0,458,214,169,14,0,26,2,49,0,-104,-92,1,0
32237,9.59,Z,67,7,660,0,39,117,217,4,T,39,0,744,0,0,102,84,0,0,-28,-7,84,0,-39,-15,-133,-4
32238,4.16,Z,15,1,44,0,12,33,66,2,Z,23,1,258,0,43,80,98,1,0,8,0,214,0,31,47,32,-1
32239,4.34,P,25,0,245,0,484,109,140,9,T,37,0,280,0,54,79,18,3,0,12,0,35,0,-430,-30,-122,-6
32240,3.14,T,5,0,178,0,0,20,24,0,P,13,0,165,0,8,53,16,1,1,8,0,-13,0,8,33,-8,1
32241,9.59,Z,55,4,836,2,24,129,220,1,T,83,3,846,0,267,143,156,0,0,28,-1,10,-2,243,14,-64,-1
32242,9.59,T,59,5,565,0,40,140,91,0,Z,62,0,401,0,297,146,147,2,0,3,-5,-164,0,257,6,56,2
32243,2.34,T,12,0,192,0,61,40,12,3,Z,12,0,90,0,58,25,116,0,1,0,0,-102,0,-3,-15,104,-3
32244,7,Z,39,2,174,0,27,140,142,2,Z,43,5,388,1,371,167,222,4,1,4,3,214,1,344,27,80,2
32245,3.32,T,15,0,195,0,4,30,39,5,T,20,0,54,0,2,67,51,3,0,5,0,-141,0,-2,37,12,-2
32246,2.31,T,11,0,123,0,0,32,34,0,Z,7,0,6,0,1,6,32,1,0,-4,0,-117,0,1,-26,-2,1
32247,9.57,Z,26,0,554,0,0,28,93,0,T,29,0,720,0,0,154,90,1,0,3,0,166,0,0,126,-3,1
32248,3.19,Z,14,0,119,0,53,33,69,4,T,20,0,175,0,154,55,59,5,0,6,0,56,0,101,22,-10,1
32249,10.17,T,41,0,628,0,0,91,52,0,T,39,0,545,0,1,35,73,4,1,-2,0,-83,0,1,-56,21,4
32250,9.59,T,84,0,1066,0,8,303,191,3,P,47,0,708,0,51,294,72,4,0,-37,0,-358,0,43,-9,-119,1
32251,2.55,P,12,0,239,0,1,26,19,1,Z,7,1,123,0,60,20,44,0,0,-5,1,-116,0,59,-6,25,-1
32252,7.25,T,73,4,389,2,146,168,54,0,P,52,1,335,0,16,155,65,0,1,-21,-3,-54,-2,-130,-13,11,0
32253,9.59,Z,39,0,168,0,15,31,139,5,P,41,0,773,0,1,70,75,2,0,2,0,605,0,-14,39,-64,-3
32254,0.1,P,0,0,41,0,0,0,1,1,Z,1,0,0,0,0,2,4,0,1,1,0,-41,0,0,2,3,-1
32255,3.13,T,13,5,278,0,10,81,80,0,T,17,0,84,0,66,23,49,10,1,4,-5,-194,0,56,-58,-31,10
32256,10.26,Z,47,12,669,0,107,112,179,0,Z,55,6,408,0,308,99,435,0,0,8,-6,-261,0,201,-13,256,0
32257,5.5,P,51,0,328,0,509,157,102,16,T,58,0,321,0,530,145,139,20,1,7,0,-7,0,21,-12,37,4
32258,9.59,T,44,0,653,0,0,109,131,0,T,73,0,632,0,38,239,93,10,0,29,0,-21,0,38,130,-38,10
32259,4.52,P,28,0,127,0,27,112,49,4,P,17,0,326,0,0,111,98,0,0,-11,0,199,0,-27,-1,49,-4
32260,9.56,P,46,4,569,0,169,458,112,1,T,66,9,890,0,60,132,90,1,1,20,5,321,0,-109,-326,-22,0
32261,9.59,Z,87,0,356,0,535,191,270,16,T,137,4,690,0,499,269,195,0,1,50,4,334,0,-36,78,-75,-16
32262,9.22,P,91,2,455,0,355,222,152,13,Z,85,7,669,0,173,191,370,13,1,-6,5,214,0,-182,-31,218,0
32263,8.1,T,107,0,283,0,328,299,131,9,T,51,3,488,0,16,179,143,1,0,-56,3,205,0,-312,-120,12,-8
32264,6.42,T,60,0,367,0,563,128,190,9,Z,52,3,132,0,415,116,127,3,0,-8,3,-235,0,-148,-12,-63,-6
32265,9.59,Z,73,0,402,0,455,329,311,10,P,59,1,332,0,76,347,74,11,1,-14,1,-70,0,-379,18,-237,1
32266,8.45,P,26,0,621,0,3,103,43,1,P,59,14,504,0,26,169,291,1,0,33,14,-117,0,23,66,248,0
32267,5.2,P,23,0,268,0,112,72,98,3,Z,26,2,220,0,39,68,85,1,0,3,2,-48,0,-73,-4,-13,-2
32268,8.41,P,45,0,534,0,0,308,56,0,P,53,0,295,0,14,337,70,5,0,8,0,-239,0,14,29,14,5
32269,7.1,T,65,2,297,0,822,143,110,14,T,47,0,649,0,166,116,64,7,0,-18,-2,352,0,-656,-27,-46,-7
32270,9.59,Z,68,0,515,0,368,129,277,11,T,80,3,644,0,32,202,139,5,0,12,3,129,0,-336,73,-138,-6
32271,5.36,T,30,1,165,0,27,95,62,5,P,45,0,284,8,154,136,80,5,1,15,-1,119,8,127,41,18,0
32272,6.08,T,58,0,262,0,252,199,131,12,P,44,5,318,7,69,104,57,0,0,-14,5,56,7,-183,-95,-74,-12
32273,9.59,T,86,0,641,0,368,408,115,11,Z,67,11,554,4,60,145,154,2,0,-19,11,-87,4,-308,-263,39,-9
32274,9.57,P,55,10,740,0,124,184,101,1,Z,39,0,996,0,12,159,122,1,0,-16,-10,256,0,-112,-25,21,0
32275,9.58,Z,68,7,641,3,94,317,338,1,T,110,0,614,0,659,308,177,12,1,42,-7,-27,-3,565,-9,-161,11
32276,0.54,T,3,0,4,0,57,2,6,1,T,3,1,12,0,2,1,1,0,0,0,1,8,0,-55,-1,-5,-1
32277,10.22,T,110,2,258,0,236,233,116,11,P,35,1,358,0,23,349,203,2,0,-75,-1,100,0,-213,116,87,-9
32278,8.39,P,56,0,354,0,87,173,169,4,T,59,0,672,0,254,157,87,7,1,3,0,318,0,167,-16,-82,3
32279,4.24,Z,26,2,250,0,38,104,91,7,T,13,0,149,0,123,48,140,3,0,-13,-2,-101,0,85,-56,49,-4
32280,6.33,T,47,8,204,0,408,190,64,6,T,56,0,297,0,98,143,90,10,0,9,-8,93,0,-310,-47,26,4
32281,4.22,P,19,0,228,0,12,71,24,2,P,20,0,183,0,18,50,35,1,1,1,0,-45,0,6,-21,11,-1
32282,9.59,Z,50,1,671,0,23,250,216,3,T,108,3,673,0,151,328,225,8,1,58,2,2,0,128,78,9,5
32283,7.15,T,38,4,318,0,62,108,72,3,P,34,0,373,0,27,122,48,4,1,-4,-4,55,0,-35,14,-24,1
32284,9.59,Z,84,1,426,0,48,212,236,4,T,58,1,614,0,20,266,117,4,1,-26,0,188,0,-28,54,-119,0
32285,4.24,T,26,3,344,0,8,72,72,0,T,21,0,251,0,21,66,44,8,0,-5,-3,-93,0,13,-6,-28,8
32286,3.3,Z,17,2,137,0,21,12,73,0,Z,13,0,148,0,68,74,96,0,1,-4,-2,11,0,47,62,23,0
32287,3.49,T,15,5,204,0,299,67,52,13,T,17,0,260,0,1,91,69,2,0,2,-5,56,0,-298,24,17,-11
32288,4.08,Z,22,3,248,0,8,48,81,0,T,24,0,119,0,5,43,30,4,0,2,-3,-129,0,-3,-5,-51,4
32289,5.51,T,39,0,383,0,160,110,73,2,Z,29,2,623,0,30,74,86,2,0,-10,2,240,0,-130,-36,13,0
32290,10.05,T,13,0,458,0,0,29,55,0,Z,66,0,240,0,90,104,203,5,1,53,0,-218,0,90,75,148,5
32291,5.17,T,35,0,266,0,178,61,71,2,Z,18,0,206,0,0,93,80,0,0,-17,0,-60,0,-178,32,9,-2
32292,9.16,Z,81,1,558,0,200,253,340,17,T,95,0,494,0,639,403,200,9,0,14,-1,-64,0,439,150,-140,-8
32293,8,Z,35,0,97,0,3,53,129,2,T,59,6,236,0,629,213,288,7,0,24,6,139,0,626,160,159,5
32294,9.56,T,47,0,403,0,0,30,117,0,T,103,0,733,0,150,318,172,3,1,56,0,330,0,150,288,55,3
32295,3.22,T,16,0,168,0,478,40,13,8,T,22,2,114,0,389,53,102,9,1,6,2,-54,0,-89,13,89,1
32296,7.51,Z,93,1,508,16,170,238,281,1,T,97,0,373,0,612,194,162,18,0,4,-1,-135,-16,442,-44,-119,17
32297,7.13,P,27,0,80,0,0,26,42,0,Z,32,2,500,0,11,120,140,3,1,5,2,420,0,11,94,98,3
32298,3.45,Z,18,1,53,0,88,83,129,2,Z,14,0,38,0,60,61,101,1,1,-4,-1,-15,0,-28,-22,-28,-1
32299,4.17,T,32,0,258,0,28,108,56,7,Z,18,4,157,0,41,69,76,5,1,-14,4,-101,0,13,-39,20,-2
32300,5.12,Z,31,5,291,0,194,56,272,5,Z,27,1,337,0,118,89,170,3,0,-4,-4,46,0,-76,33,-102,-2
32301,9.58,T,91,2,359,0,188,407,114,15,T,95,4,518,0,172,285,185,9,1,4,2,159,0,-16,-122,71,-6
32302,9.59,Z,39,0,813,0,0,178,165,0,P,64,1,594,0,22,202,69,3,1,25,1,-219,0,22,24,-96,3
32303,9.58,P,41,0,677,0,1,140,104,2,Z,56,12,464,0,46,212,189,4,1,15,12,-213,0,45,72,85,2
32304,7.53,P,48,0,624,0,408,215,70,4,T,86,0,482,0,423,286,135,9,1,38,0,-142,0,15,71,65,5
32305,4.52,T,54,3,312,0,4,148,91,0,Z,34,3,73,0,56,147,85,3,1,-20,0,-239,0,52,-1,-6,3
32306,9.58,T,45,0,665,0,0,142,92,2,Z,43,2,197,0,27,243,167,9,1,-2,2,-468,0,27,101,75,7
32307,9.59,P,74,9,1095,0,91,316,69,13,Z,78,0,598,0,263,242,247,2,0,4,-9,-497,0,172,-74,178,-11
32308,10.24,Z,71,11,387,0,245,372,305,10,Z,78,8,493,0,126,284,225,0,0,7,-3,106,0,-119,-88,-80,-10
32309,9.24,T,86,10,425,0,1149,341,120,5,T,61,1,389,0,35,252,84,5,0,-25,-9,-36,0,-1114,-89,-36,0
32310,9.59,P,74,6,570,0,176,140,129,2,Z,60,0,472,0,15,285,241,2,1,-14,-6,-98,0,-161,145,112,0
32311,8.44,Z,64,1,348,13,327,141,413,0,Z,62,1,431,0,34,101,196,0,0,-2,0,83,-13,-293,-40,-217,0
32312,3.36,P,17,1,234,0,191,125,33,3,P,21,0,109,0,296,118,31,4,0,4,-1,-125,0,105,-7,-2,1
32313,6.25,T,38,0,505,0,2,226,60,0,Z,29,1,422,0,12,178,182,0,1,-9,1,-83,0,10,-48,122,0
32314,4.02,T,16,0,275,0,0,86,42,2,P,16,0,127,0,3,41,28,3,0,0,0,-148,0,3,-45,-14,1
32315,4.19,Z,36,3,224,0,271,118,123,3,P,23,2,166,0,438,147,53,10,1,-13,-1,-58,0,167,29,-70,7
32316,3.01,Z,6,4,107,0,177,37,170,0,Z,13,0,164,0,7,29,40,6,0,7,-4,57,0,-170,-8,-130,6
32317,9.58,T,35,0,521,0,12,183,79,2,Z,58,7,380,0,73,108,181,2,0,23,7,-141,0,61,-75,102,0
32318,9.58,T,61,0,336,0,0,71,110,0,T,43,0,455,0,2,199,68,1,0,-18,0,119,0,2,128,-42,1
32319,9.47,T,67,1,518,0,47,209,187,6,T,62,0,846,0,15,279,114,5,1,-5,-1,328,0,-32,70,-73,-1
32320,6.04,Z,27,0,278,0,0,91,105,0,P,26,3,286,0,44,106,45,4,0,-1,3,8,0,44,15,-60,4
32321,7.36,Z,35,2,505,0,34,86,108,0,Z,33,0,242,0,0,55,104,0,0,-2,-2,-263,0,-34,-31,-4,0
32322,8.54,P,34,0,379,0,0,75,79,0,T,69,0,292,0,13,153,82,8,1,35,0,-87,0,13,78,3,8
32323,8.27,Z,52,3,804,0,58,210,158,0,Z,44,4,543,0,28,93,163,0,1,-8,1,-261,0,-30,-117,5,0
32324,3.59,Z,19,1,189,0,290,70,95,5,Z,14,0,89,0,198,41,42,5,0,-5,-1,-100,0,-92,-29,-53,0
32325,10.18,Z,55,1,600,0,80,319,257,6,Z,82,0,542,0,25,239,267,4,1,27,-1,-58,0,-55,-80,10,-2
32326,5.32,Z,29,0,430,0,56,61,97,4,Z,23,5,318,0,314,96,111,3,1,-6,5,-112,0,258,35,14,-1
32327,4.48,Z,18,1,182,0,162,43,101,3,T,30,0,285,0,233,69,48,10,0,12,-1,103,0,71,26,-53,7
32328,3.38,Z,18,2,145,0,182,93,195,2,T,17,0,151,0,303,34,99,1,0,-1,-2,6,0,121,-59,-96,-1
32329,9.58,P,17,0,372,0,0,25,21,0,T,37,1,594,0,0,311,103,0,1,20,1,222,0,0,286,82,0
32330,6.56,T,71,0,265,0,720,238,159,4,Z,57,0,274,0,32,246,203,6,0,-14,0,9,0,-688,8,44,2
32331,9.57,Z,54,2,336,0,4,39,208,0,P,46,0,561,0,155,69,23,10,1,-8,-2,225,0,151,30,-185,10
32332,9.59,P,48,0,484,0,25,232,93,12,P,69,7,1061,0,507,272,84,9,0,21,7,577,0,482,40,-9,-3
32333,6.42,Z,24,0,163,0,7,12,84,1,T,41,0,434,0,21,46,76,6,1,17,0,271,0,14,34,-8,5
32334,9.59,Z,45,0,351,0,33,236,169,1,T,55,0,582,0,0,97,67,0,0,10,0,231,0,-33,-139,-102,-1
32335,9.59,T,93,0,318,0,70,334,236,6,Z,68,4,423,0,380,263,194,4,0,-25,4,105,0,310,-71,-42,-2
32336,5.01,T,36,5,356,0,14,109,70,0,P,34,0,201,0,31,171,26,12,0,-2,-5,-155,0,17,62,-44,12
32337,4.32,P,19,0,211,0,0,147,43,0,T,29,3,296,0,2,90,109,3,1,10,3,85,0,2,-57,66,3
32338,2.57,Z,10,0,216,0,5,17,27,0,T,13,0,199,0,112,42,48,3,1,3,0,-17,0,107,25,21,3
32339,2.34,P,17,0,55,0,4,67,58,1,P,11,0,143,0,1,63,12,0,0,-6,0,88,0,-3,-4,-46,-1
32340,8.49,T,70,8,329,0,36,101,59,0,P,64,0,476,0,370,306,138,16,1,-6,-8,147,0,334,205,79,16
32341,4.38,T,31,10,321,0,382,73,87,2,Z,18,0,121,0,34,47,70,1,0,-13,-10,-200,0,-348,-26,-17,-1
32342,9.59,Z,86,1,547,0,92,330,242,14,Z,76,0,547,0,501,199,275,4,1,-10,-1,0,0,409,-131,33,-10
32343,9.53,T,51,4,643,0,14,109,63,0,T,53,0,487,0,20,237,78,3,1,2,-4,-156,0,6,128,15,3
32344,5.18,T,35,1,329,0,71,154,94,2,P,35,1,368,0,131,122,68,5,0,0,0,39,0,60,-32,-26,3
32345,9.59,P,80,4,369,0,116,216,106,11,T,101,13,806,0,539,238,158,3,1,21,9,437,0,423,22,52,-8
32346,8.54,T,92,3,357,0,114,117,103,5,P,73,0,390,0,30,250,79,9,1,-19,-3,33,0,-84,133,-24,4
32347,3.29,P,11,0,163,0,4,21,5,2,P,15,0,51,0,159,27,56,4,1,4,0,-112,0,155,6,51,2
32348,9.01,T,114,0,786,0,429,246,210,8,Z,80,9,346,0,90,165,261,1,1,-34,9,-440,0,-339,-81,51,-7
32349,6.14,T,28,0,417,0,1,38,59,1,P,31,0,165,0,0,61,59,0,1,3,0,-252,0,-1,23,0,-1
32350,9.59,T,53,0,525,0,19,225,111,6,P,42,0,743,0,0,345,86,0,0,-11,0,218,0,-19,120,-25,-6
32351,3.35,P,18,0,163,0,65,150,19,3,T,17,3,112,0,181,78,103,0,1,-1,3,-51,0,116,-72,84,-3
32352,9.43,T,48,8,391,0,25,55,157,0,P,31,0,933,0,0,237,64,0,1,-17,-8,542,0,-25,182,-93,0
32353,4.38,P,11,0,249,0,0,48,27,0,T,26,2,227,0,91,105,94,3,1,15,2,-22,0,91,57,67,3
32354,8.06,T,33,0,279,0,0,40,101,2,T,72,5,533,0,158,145,91,0,1,39,5,254,0,158,105,-10,-2
32355,7.13,T,39,0,285,0,19,69,53,3,P,13,0,228,0,0,52,20,0,0,-26,0,-57,0,-19,-17,-33,-3
32356,0.53,Z,1,0,43,0,33,15,46,2,Z,0,0,1,0,0,0,0,0,0,-1,0,-42,0,-33,-15,-46,-2
32357,2.07,T,7,0,37,0,487,25,85,9,T,8,0,37,0,105,23,49,3,0,1,0,0,0,-382,-2,-36,-6
32358,8.15,Z,39,0,204,0,19,76,126,0,P,41,1,668,0,23,191,64,2,0,2,1,464,0,4,115,-62,2
32359,9.59,T,120,7,463,0,592,334,188,9,P,91,6,542,0,399,199,351,8,1,-29,-1,79,0,-193,-135,163,-1
32360,7.27,Z,45,0,412,0,41,199,134,8,T,105,0,474,0,474,246,111,21,1,60,0,62,0,433,47,-23,13
32361,9.59,T,75,6,919,0,331,167,153,10,P,62,1,486,3,387,276,288,0,1,-13,-5,-433,3,56,109,135,-10
32362,10.33,Z,73,0,183,0,106,213,236,13,P,79,9,494,8,529,197,255,0,1,6,9,311,8,423,-16,19,-13
32363,6.08,P,26,6,208,0,15,234,141,2,P,32,3,268,0,4,67,55,1,1,6,-3,60,0,-11,-167,-86,-1
32364,9.59,Z,87,0,687,5,136,340,366,0,P,99,0,439,0,98,501,117,6,1,12,0,-248,-5,-38,161,-249,6
32365,8.49,T,71,8,268,0,113,204,73,5,T,48,5,408,0,161,133,99,0,0,-23,-3,140,0,48,-71,26,-5
32366,9.45,P,42,0,566,0,8,125,110,3,T,62,0,830,0,9,48,103,2,0,20,0,264,0,1,-77,-7,-1
32367,0.43,Z,2,0,8,0,0,3,9,0,Z,5,0,8,0,0,12,10,1,1,3,0,0,0,0,9,1,1
32368,9.59,Z,51,0,450,0,19,72,189,5,P,40,0,601,0,35,43,43,3,0,-11,0,151,0,16,-29,-146,-2
32369,9.59,T,70,0,265,0,12,99,68,0,P,47,0,366,0,0,77,84,0,1,-23,0,101,0,-12,-22,16,0
32370,9.59,Z,73,8,384,0,336,376,297,2,T,103,0,240,0,762,246,356,12,0,30,-8,-144,0,426,-130,59,10
32371,9.59,Z,69,4,361,0,189,283,280,9,Z,61,8,439,0,175,199,208,3,0,-8,4,78,0,-14,-84,-72,-6
32372,5.49,P,23,0,490,1,7,127,33,1,P,27,2,393,0,4,36,105,0,0,4,2,-97,-1,-3,-91,72,-1
32373,8.12,P,60,3,395,0,102,256,73,9,Z,51,3,382,0,38,65,155,10,0,-9,0,-13,0,-64,-191,82,1
32374,4.3,T,21,3,286,0,4,48,40,0,T,16,1,141,0,56,76,104,2,1,-5,-2,-145,0,52,28,64,2
32375,6.59,P,49,3,261,0,690,187,182,13,T,55,0,408,0,431,179,194,7,0,6,-3,147,0,-259,-8,12,-6
32376,8.55,Z,57,7,357,1,311,128,233,5,P,94,4,821,0,900,265,171,10,0,37,-3,464,-1,589,137,-62,5
32377,10.36,Z,57,5,705,0,97,116,229,3,T,90,0,678,0,15,131,128,7,0,33,-5,-27,0,-82,15,-101,4
32378,9.16,T,73,0,538,0,63,273,160,4,T,80,6,346,0,841,243,175,9,1,7,6,-192,0,778,-30,15,5
32379,8.12,P,39,5,630,0,13,53,80,2,T,51,0,347,0,31,93,61,3,0,12,-5,-283,0,18,40,-19,1
32380,6.33,T,39,0,464,0,0,63,72,4,T,30,0,213,0,4,37,117,5,0,-9,0,-251,0,4,-26,45,1
32381,8.47,Z,40,3,481,0,22,106,137,6,T,59,5,417,0,142,22,61,2,1,19,2,-64,0,120,-84,-76,-4
32382,6.21,P,46,1,242,0,215,278,49,10,P,37,2,304,0,174,164,130,7,1,-9,1,62,0,-41,-114,81,-3
32383,3.56,T,17,5,290,0,1,13,19,0,Z,15,1,413,0,4,22,55,0,1,-2,-4,123,0,3,9,36,0
32384,3.25,T,14,0,202,0,9,139,20,2,T,18,0,83,0,428,58,159,3,1,4,0,-119,0,419,-81,139,1
32385,5.03,Z,44,1,233,0,97,200,104,1,T,34,0,503,0,26,126,54,5,1,-10,-1,270,0,-71,-74,-50,4
32386,3.49,Z,17,4,101,0,15,155,161,0,T,21,0,248,0,29,38,21,2,0,4,-4,147,0,14,-117,-140,2
32387,5.28,T,26,0,426,0,23,36,30,2,T,36,0,337,0,71,46,199,1,1,10,0,-89,0,48,10,169,-1
32388,9.58,Z,51,2,782,0,16,143,157,0,P,46,0,650,0,20,239,44,6,1,-5,-2,-132,0,4,96,-113,6
32389,9.58,T,54,7,360,0,60,183,87,2,T,80,0,310,0,168,260,246,9,1,26,-7,-50,0,108,77,159,7
32390,4.31,P,22,0,263,0,60,235,104,2,Z,21,0,173,0,9,54,60,3,0,-1,0,-90,0,-51,-181,-44,1
32391,8.25,Z,68,3,435,0,177,214,154,1,P,60,0,320,0,46,134,58,8,0,-8,-3,-115,0,-131,-80,-96,7
32392,9.14,P,69,3,418,21,129,221,224,7,Z,79,14,730,0,672,399,342,12,1,10,11,312,-21,543,178,118,5
32393,9.51,T,60,0,935,0,18,193,104,7,P,50,0,584,0,10,355,94,0,1,-10,0,-351,0,-8,162,-10,-7
32394,6.53,Z,47,5,396,0,95,219,233,9,P,55,0,268,0,332,213,178,5,1,8,-5,-128,0,237,-6,-55,-4
32395,4.45,T,27,0,312,0,7,86,40,1,T,21,0,251,0,6,25,35,2,0,-6,0,-61,0,-1,-61,-5,1
32396,9.59,T,87,5,449,0,230,333,89,0,T,85,0,930,0,4,295,171,1,1,-2,-5,481,0,-226,-38,82,1
32397,9.59,T,56,0,264,0,0,128,73,0,P,46,7,583,2,68,97,69,0,1,-10,7,319,2,68,-31,-4,0
32398,6.27,P,41,0,303,0,14,78,57,6,P,23,0,173,0,12,60,45,3,0,-18,0,-130,0,-2,-18,-12,-3
32399,9.07,T,133,7,306,0,178,277,171,9,Z,74,10,441,2,610,306,273,6,0,-59,3,135,2,432,29,102,-3
32400,3.44,T,28,0,201,0,13,43,35,3,Z,13,4,91,0,9,23,41,0,0,-15,4,-110,0,-4,-20,6,-3
32401,9.32,T,107,2,649,0,161,517,242,20,Z,56,0,367,0,127,240,304,3,0,-51,-2,-282,0,-34,-277,62,-17
32402,9.58,P,78,0,467,0,754,245,74,13,T,79,0,548,0,0,229,295,0,1,1,0,81,0,-754,-16,221,-13
32403,6,Z,23,3,139,0,11,62,110,0,P,38,1,400,0,109,194,90,2,1,15,-2,261,0,98,132,-20,2
32404,10.36,Z,58,7,680,0,59,365,264,4,Z,64,5,602,0,31,437,296,0,0,6,-2,-78,0,-28,72,32,-4
32405,6.37,Z,47,0,375,7,126,240,194,1,Z,44,0,470,0,63,177,146,4,1,-3,0,95,-7,-63,-63,-48,3
32406,10.58,T,60,2,451,0,16,154,109,0,T,107,4,438,0,369,312,137,9,1,47,2,-13,0,353,158,28,9
32407,9.59,P,69,0,561,0,16,196,69,5,T,87,3,498,0,134,143,206,6,1,18,3,-63,0,118,-53,137,1
32408,10.52,P,36,0,588,0,8,55,51,10,Z,69,1,1562,0,53,120,201,2,0,33,1,974,0,45,65,150,-8
32409,7.05,P,19,1,536,0,0,107,74,1,T,27,0,787,0,0,98,35,0,0,8,-1,251,0,0,-9,-39,-1
32410,6.46,T,36,5,185,0,16,25,43,0,P,20,1,408,0,0,37,28,0,1,-16,-4,223,0,-16,12,-15,0
32411,8.34,P,50,2,597,0,49,173,74,5,T,55,6,374,0,65,123,95,1,0,5,4,-223,0,16,-50,21,-4
32412,7.24,Z,54,0,364,0,99,131,179,8,T,49,5,369,0,45,129,82,1,1,-5,5,5,0,-54,-2,-97,-7
32413,5.41,Z,23,0,440,0,2,58,83,1,P,32,0,295,0,55,138,85,1,1,9,0,-145,0,53,80,2,0
32414,2.22,P,9,0,52,0,3,30,10,2,P,9,1,116,0,9,49,18,2,0,0,1,64,0,6,19,8,0
32415,5.21,T,44,0,107,0,85,92,85,3,P,30,0,748,0,1,162,60,2,1,-14,0,641,0,-84,70,-25,-1
32416,8.14,P,46,0,318,0,1,36,50,1,Z,53,5,609,0,250,171,190,9,1,7,5,291,0,249,135,140,8
32417,9.59,Z,71,1,486,0,181,310,371,9,T,124,7,625,0,732,457,205,2,0,53,6,139,0,551,147,-166,-7
32418,10.05,T,102,2,497,0,392,433,187,11,Z,83,0,247,23,360,379,436,0,1,-19,-2,-250,23,-32,-54,249,-11
32419,3.52,Z,15,5,239,0,32,92,73,3,T,25,0,469,0,26,61,79,2,1,10,-5,230,0,-6,-31,6,-1
32420,3.24,P,17,0,218,0,19,124,14,1,P,19,0,141,0,11,43,19,1,1,2,0,-77,0,-8,-81,5,0
32421,6.5,T,35,2,273,0,196,116,110,1,Z,38,0,187,0,72,154,230,9,0,3,-2,-86,0,-124,38,120,8
32422,9.12,T,126,0,526,0,700,287,194,15,T,103,5,726,0,118,260,285,1,0,-23,5,200,0,-582,-27,91,-14
32423,9.37,T,68,0,521,0,116,239,141,12,Z,64,3,378,0,25,189,211,6,0,-4,3,-143,0,-91,-50,70,-6
32424,4.32,T,20,2,270,0,0,24,46,0,P,15,0,253,0,3,108,18,0,1,-5,-2,-17,0,3,84,-28,0
32425,7.36,T,86,5,285,0,107,500,85,8,Z,50,0,383,0,7,209,258,6,0,-36,-5,98,0,-100,-291,173,-2
32426,9.59,Z,57,0,246,0,22,161,210,1,T,108,3,561,0,46,294,77,4,1,51,3,315,0,24,133,-133,3
32427,10.44,T,97,8,792,0,1099,386,170,8,Z,50,7,322,0,64,179,163,3,1,-47,-1,-470,0,-1035,-207,-7,-5
32428,4.04,T,37,1,192,0,14,161,35,3,Z,16,0,95,0,53,51,46,3,1,-21,-1,-97,0,39,-110,11,0
32429,4.07,P,28,0,217,0,113,181,34,10,Z,28,3,227,4,402,130,80,3,1,0,3,10,4,289,-51,46,-7
32430,9.57,Z,64,4,530,0,209,165,238,8,Z,56,0,684,0,59,85,174,10,1,-8,-4,154,0,-150,-80,-64,2
32431,8.04,Z,30,0,407,0,23,26,105,3,P,50,2,468,2,304,181,104,8,1,20,2,61,2,281,155,-1,5
32432,9.18,T,86,7,606,0,214,89,139,1,Z,64,7,422,0,53,348,280,4,1,-22,0,-184,0,-161,259,141,3
32433,9.58,P,52,3,530,0,22,172,97,13,P,58,0,651,0,43,174,91,11,0,6,-3,121,0,21,2,-6,-2
32434,7.33,Z,66,0,294,0,193,120,248,8,T,65,1,405,0,203,224,85,10,0,-1,1,111,0,10,104,-163,2
32435,2.49,Z,7,0,72,0,95,28,123,4,T,10,0,203,0,0,15,30,2,0,3,0,131,0,-95,-13,-93,-2
32436,9.59,P,59,0,580,0,32,151,52,11,Z,80,10,288,0,393,209,449,4,0,21,10,-292,0,361,58,397,-7
32437,9.58,Z,55,5,322,0,19,65,156,0,P,39,2,667,0,58,109,64,1,0,-16,-3,345,0,39,44,-92,1
32438,5.54,T,22,0,338,0,21,48,40,1,P,37,0,364,0,563,138,74,7,1,15,0,26,0,542,90,34,6
32439,6.36,P,32,1,430,0,321,122,80,3,T,38,0,493,0,0,75,80,5,0,6,-1,63,0,-321,-47,0,2
32440,9.57,P,37,0,485,0,27,94,32,9,T,30,0,460,0,5,37,63,1,0,-7,0,-25,0,-22,-57,31,-8
32441,8.07,Z,44,7,610,0,32,179,279,0,Z,51,0,310,0,117,194,238,9,0,7,-7,-300,0,85,15,-41,9
32442,7.13,T,40,0,577,0,273,81,69,9,Z,39,2,226,0,14,134,129,6,1,-1,2,-351,0,-259,53,60,-3
32443,5.03,Z,29,5,265,0,206,150,90,2,T,37,6,318,1,467,76,77,4,1,8,1,53,1,261,-74,-13,2
32444,1.14,Z,7,0,61,0,136,31,38,4,P,3,0,31,0,14,37,11,3,0,-4,0,-30,0,-122,6,-27,-1
32445,6.19,P,47,1,332,0,520,118,54,4,Z,41,5,267,0,191,118,99,4,0,-6,4,-65,0,-329,0,45,0
32446,6.08,Z,48,7,335,0,196,215,122,7,Z,52,4,345,0,533,232,182,6,1,4,-3,10,0,337,17,60,-1
32447,6.38,P,40,2,360,0,134,150,79,5,Z,37,0,422,0,42,81,82,2,0,-3,-2,62,0,-92,-69,3,-3
32448,8.59,T,109,4,766,0,407,367,176,18,Z,75,4,407,0,231,261,242,9,1,-34,0,-359,0,-176,-106,66,-9
32449,9.54,T,38,0,285,0,2,47,75,3,T,53,0,493,0,27,20,42,5,1,15,0,208,0,25,-27,-33,2
32450,2.46,P,10,0,151,0,18,84,16,5,P,11,0,89,0,3,37,29,1,0,1,0,-62,0,-15,-47,13,-4
32451,9.53,T,37,0,583,0,0,65,59,0,Z,69,8,438,0,38,85,206,1,1,32,8,-145,0,38,20,147,1
32452,9.59,Z,63,7,248,0,45,114,146,2,P,44,0,600,0,194,275,121,6,0,-19,-7,352,0,149,161,-25,4
32453,5.36,P,40,1,278,4,89,187,104,0,T,46,2,439,0,631,134,63,3,1,6,1,161,-4,542,-53,-41,3
32454,8.23,T,80,0,529,0,675,263,131,18,T,39,1,1304,0,379,181,121,2,0,-41,1,775,0,-296,-82,-10,-16
32455,7.33,T,46,2,752,0,15,99,65,4,P,49,0,512,0,74,147,128,4,1,3,-2,-240,0,59,48,63,0
32456,9.31,Z,66,0,887,0,26,131,169,4,T,62,0,497,0,74,87,51,8,0,-4,0,-390,0,48,-44,-118,4
32457,7.22,P,47,0,529,0,36,143,79,7,Z,37,0,359,0,64,212,166,8,1,-10,0,-170,0,28,69,87,1
32458,6.03,Z,26,3,352,0,106,92,157,1,T,64,0,424,0,329,197,166,9,1,38,-3,72,0,223,105,9,8
32459,9.59,T,60,0,394,0,103,165,110,4,T,109,0,356,0,105,298,190,7,0,49,0,-38,0,2,133,80,3
32460,9.35,Z,103,7,456,0,382,465,294,15,P,116,8,574,0,604,348,134,7,0,13,1,118,0,222,-117,-160,-8
32461,3.37,P,9,3,194,0,7,121,30,1,P,23,0,113,0,10,64,22,2,1,14,-3,-81,0,3,-57,-8,1
32462,9.59,T,33,0,515,0,0,180,87,1,T,105,13,686,0,195,191,114,2,0,72,13,171,0,195,11,27,1
32463,7.47,T,50,0,145,0,1,31,62,3,P,31,0,435,0,0,77,63,0,1,-19,0,290,0,-1,46,1,-3
32464,8.33,T,66,0,741,0,32,147,83,5,T,62,7,508,0,406,140,90,4,1,-4,7,-233,0,374,-7,7,-1
32465,9.58,T,85,5,548,0,1045,223,139,8,T,95,6,962,0,8,216,136,0,1,10,1,414,0,-1037,-7,-3,-8
32466,7.25,Z,38,0,335,0,22,128,242,3,Z,38,3,412,0,243,132,348,0,1,0,3,77,0,221,4,106,-3
32467,4.47,P,25,0,147,0,14,60,21,3,T,24,0,318,0,0,50,49,1,0,-1,0,171,0,-14,-10,28,-2
32468,4.13,T,19,0,227,0,34,21,19,2,T,18,0,95,0,18,30,24,4,1,-1,0,-132,0,-16,9,5,2
32469,7.13,P,66,0,343,0,27,175,53,3,T,58,0,311,0,483,175,196,9,0,-8,0,-32,0,456,0,143,6
32470,2.27,P,6,0,51,0,2,69,11,1,Z,7,1,63,0,0,29,39,0,1,1,1,12,0,-2,-40,28,-1
32471,6.22,Z,28,0,445,0,4,41,111,5,T,47,0,312,0,0,13,92,3,1,19,0,-133,0,-4,-28,-19,-2
32472,4.24,P,13,0,331,0,0,48,22,0,P,17,0,55,0,1,22,44,2,1,4,0,-276,0,1,-26,22,2
32473,7.13,T,82,0,281,0,543,240,96,6,Z,44,0,458,0,292,143,150,5,0,-38,0,177,0,-251,-97,54,-1
32474,3.5,Z,18,0,118,3,15,88,74,2,P,29,0,188,0,266,152,41,3,1,11,0,70,-3,251,64,-33,1
32475,5.07,T,48,3,241,0,16,105,44,1,T,22,3,351,0,28,78,103,0,1,-26,0,110,0,12,-27,59,-1
32476,8.27,T,63,0,416,0,32,165,77,5,P,44,5,658,0,80,224,126,3,1,-19,5,242,0,48,59,49,-2
32477,6.04,P,34,2,192,0,59,159,76,4,T,46,0,432,0,26,152,61,8,1,12,-2,240,0,-33,-7,-15,4
32478,7.49,T,54,3,324,0,262,134,320,4,P,30,0,135,0,0,117,48,0,0,-24,-3,-189,0,-262,-17,-272,-4
32479,5.52,T,24,0,320,0,9,23,31,3,Z,34,0,114,0,3,22,78,2,0,10,0,-206,0,-6,-1,47,-1
32480,7.21,P,49,0,529,0,97,144,189,4,P,42,0,362,0,8,151,140,5,1,-7,0,-167,0,-89,7,-49,1
32481,1.21,P,5,0,61,0,40,11,6,1,T,3,0,51,1,18,25,27,0,1,-2,0,-10,1,-22,14,21,-1
32482,5.25,P,28,0,288,0,17,66,188,3,P,27,0,175,0,20,45,24,4,1,-1,0,-113,0,3,-21,-164,1
32483,9.59,Z,54,8,365,0,270,333,208,3,Z,75,0,474,0,111,213,258,8,1,21,-8,109,0,-159,-120,50,5
32484,2.39,Z,9,0,186,0,0,28,33,1,T,8,0,61,0,7,16,16,2,0,-1,0,-125,0,7,-12,-17,1
32485,5.29,P,26,0,435,0,4,98,58,3,T,26,0,469,0,31,168,86,5,1,0,0,34,0,27,70,28,2
32486,6.43,Z,39,5,432,0,277,115,286,9,Z,48,5,119,0,32,132,109,6,0,9,0,-313,0,-245,17,-177,-3
32487,7.47,P,59,0,402,0,617,229,132,12,Z,44,0,237,0,358,142,158,13,1,-15,0,-165,0,-259,-87,26,1
32488,6.32,T,33,0,725,0,2,70,67,2,P,26,5,423,0,6,96,64,0,0,-7,5,-302,0,4,26,-3,-2
32489,9.58,P,57,0,445,0,60,224,175,2,T,89,2,705,0,95,168,159,9,1,32,2,260,0,35,-56,-16,7
32490,6.58,T,66,0,225,0,530,282,104,14,Z,35,0,249,0,460,82,94,4,0,-31,0,24,0,-70,-200,-10,-10
32491,5.3,P,40,1,201,0,100,209,81,9,Z,26,2,179,0,283,74,96,4,0,-14,1,-22,0,183,-135,15,-5
32492,9.59,P,40,0,402,0,54,362,97,3,P,46,2,533,0,12,114,57,0,1,6,2,131,0,-42,-248,-40,-3
32493,9.13,Z,52,3,491,0,332,426,139,3,Z,64,7,310,0,25,326,112,3,0,12,4,-181,0,-307,-100,-27,0
32494,9.31,P,64,0,429,0,352,448,130,8,P,43,0,428,0,0,232,71,0,1,-21,0,-1,0,-352,-216,-59,-8
32495,6.13,Z,37,0,306,0,128,321,106,9,Z,39,2,244,0,23,143,110,2,0,2,2,-62,0,-105,-178,4,-7
32496,9.59,Z,53,1,429,0,250,262,324,6,T,46,0,803,0,0,100,72,0,1,-7,-1,374,0,-250,-162,-252,-6
32497,9.28,T,68,4,699,0,42,142,77,1,Z,71,2,567,0,58,205,284,1,1,3,-2,-132,0,16,63,207,0
32498,7.08,P,26,0,632,0,1,77,46,0,P,35,0,421,7,80,151,109,0,1,9,0,-211,7,79,74,63,0
32499,9.59,P,46,1,586,0,15,252,173,2,Z,44,2,758,0,556,165,173,3,0,-2,1,172,0,541,-87,0,1
32500,10.48,T,84,0,455,0,801,446,320,17,T,94,5,599,0,410,308,209,7,0,10,5,144,0,-391,-138,-111,-10
32501,9.59,P,54,1,575,0,11,111,82,3,Z,43,0,388,0,27,125,223,4,1,-11,-1,-187,0,16,14,141,1
32502,4.09,T,32,0,138,2,285,144,89,5,Z,26,1,203,0,147,48,76,5,0,-6,1,65,-2,-138,-96,-13,0
32503,6.3,T,33,1,83,0,22,63,46,2,P,68,0,452,0,404,196,117,15,1,35,-1,369,0,382,133,71,13
32504,9.48,P,50,0,285,0,0,82,127,0,P,64,0,513,0,0,266,135,2,1,14,0,228,0,0,184,8,2
32505,4.24,T,30,0,187,0,35,42,75,5,P,19,0,204,0,12,62,19,5,0,-11,0,17,0,-23,20,-56,0
32506,5.02,P,18,0,383,0,1,15,20,1,Z,17,0,118,0,57,91,103,0,0,-1,0,-265,0,56,76,83,-1
32507,4.31,T,40,1,500,0,125,157,91,4,P,29,0,198,0,112,104,86,9,0,-11,-1,-302,0,-13,-53,-5,5
32508,5.24,T,26,0,232,0,0,70,39,2,Z,37,0,172,0,123,143,130,4,1,11,0,-60,0,123,73,91,2
32509,10.1,Z,77,5,629,0,175,234,359,3,Z,38,0,437,0,0,127,171,0,0,-39,-5,-192,0,-175,-107,-188,-3
32510,4.15,P,27,0,75,0,432,48,20,5,P,20,0,223,0,0,21,19,0,0,-7,0,148,0,-432,-27,-1,-5
32511,2.49,Z,6,0,80,0,6,23,23,2,P,8,0,80,0,1,26,13,1,1,2,0,0,0,-5,3,-10,-1
32512,10.03,Z,70,11,578,0,129,156,166,6,T,65,0,301,0,35,78,82,12,0,-5,-11,-277,0,-94,-78,-84,6
32513,2.06,T,11,0,73,0,88,9,41,1,Z,5,0,14,0,37,12,71,4,0,-6,0,-59,0,-51,3,30,3
32514,5.29,P,40,0,310,0,152,147,37,3,Z,21,0,287,0,75,99,118,3,0,-19,0,-23,0,-77,-48,81,0
32515,3.16,T,29,0,275,0,355,49,79,5,P,16,0,201,0,26,62,116,0,0,-13,0,-74,0,-329,13,37,-5
32516,2.25,P,11,0,142,0,28,128,16,1,Z,9,0,104,0,0,37,32,1,0,-2,0,-38,0,-28,-91,16,0
32517,7.07,Z,39,2,463,4,1222,101,168,0,T,49,0,274,0,250,212,70,5,0,10,-2,-189,-4,-972,111,-98,5
32518,4.03,T,24,0,116,0,373,40,107,11,T,22,0,240,0,225,53,14,5,0,-2,0,124,0,-148,13,-93,-6
32519,7.18,P,31,0,250,0,7,107,47,2,Z,46,0,478,0,174,140,126,6,1,15,0,228,0,167,33,79,4
32520,10.45,T,93,6,283,0,1081,159,87,0,T,80,0,630,0,414,166,117,15,0,-13,-6,347,0,-667,7,30,15
32521,9.26,T,85,0,522,0,691,338,139,24,P,68,0,541,0,44,294,77,6,0,-17,0,19,0,-647,-44,-62,-18
32522,10.01,Z,79,0,511,31,170,518,312,5,Z,110,24,467,0,454,480,356,25,1,31,24,-44,-31,284,-38,44,20
32523,6.56,T,69,1,266,0,333,219,104,15,T,62,5,382,0,291,192,130,4,0,-7,4,116,0,-42,-27,26,-11
32524,7.27,Z,59,2,224,0,326,224,399,4,P,25,1,584,0,467,240,132,5,0,-34,-1,360,0,141,16,-267,1
32525,9.59,T,78,5,450,0,320,214,84,9,T,51,0,959,0,15,63,73,2,1,-27,-5,509,0,-305,-151,-11,-7
32526,6.15,P,36,0,336,0,0,94,189,0,T,42,4,490,0,67,121,62,0,0,6,4,154,0,67,27,-127,0
32527,8.19,Z,48,11,379,1,78,287,208,1,Z,66,8,388,0,151,160,266,0,1,18,-3,9,-1,73,-127,58,-1
32528,8.37,Z,35,6,334,0,25,174,151,0,T,72,0,372,0,481,212,102,6,1,37,-6,38,0,456,38,-49,6
32529,6.31,T,38,0,556,0,11,180,116,3,T,34,0,292,0,11,120,59,3,0,-4,0,-264,0,0,-60,-57,0
32530,4.29,Z,13,0,118,0,0,11,55,0,T,13,0,76,0,0,24,25,0,0,0,0,-42,0,0,13,-30,0
32531,5.29,T,31,0,315,0,0,31,52,1,T,36,2,323,0,212,99,57,1,0,5,2,8,0,212,68,5,0
32532,9.59,P,47,0,883,0,2,111,68,1,Z,37,8,738,0,23,51,132,0,1,-10,8,-145,0,21,-60,64,-1
32533,4.14,P,19,1,264,0,5,35,15,1,Z,23,0,307,0,26,61,57,3,0,4,-1,43,0,21,26,42,2
32534,9.53,P,47,0,493,0,3,85,88,1,P,52,5,729,0,40,207,79,6,1,5,5,236,0,37,122,-9,5
32535,9.59,T,49,0,476,0,294,179,145,10,P,93,0,516,0,127,382,143,14,0,44,0,40,0,-167,203,-2,4
32536,4.13,P,28,0,277,0,259,71,104,4,Z,22,1,67,0,22,152,48,2,0,-6,1,-210,0,-237,81,-56,-2
32537,7.14,Z,32,1,154,0,2,48,100,1,P,32,0,447,0,26,47,49,4,1,0,-1,293,0,24,-1,-51,3
32538,7.36,T,61,5,384,1,348,98,125,1,T,53,0,426,0,61,180,113,4,0,-8,-5,42,-1,-287,82,-12,3
32539,9.58,T,95,5,615,0,90,97,84,4,Z,84,16,508,0,321,232,271,10,0,-11,11,-107,0,231,135,187,6
32540,6.03,T,38,1,437,0,60,136,37,3,P,38,2,342,0,15,198,112,0,0,0,1,-95,0,-45,62,75,-3
32541,6.31,T,38,0,233,0,65,106,113,14,Z,33,0,404,0,286,101,100,9,0,-5,0,171,0,221,-5,-13,-5
32542,7.07,P,34,1,477,0,9,114,77,1,T,43,5,477,0,3,80,54,2,0,9,4,0,0,-6,-34,-23,1
32543,9.59,Z,64,2,391,0,24,97,140,2,Z,67,1,398,0,65,129,218,5,0,3,-1,7,0,41,32,78,3
32544,7.07,P,23,0,417,0,0,49,34,0,Z,45,0,468,0,35,90,147,10,1,22,0,51,0,35,41,113,10
32545,9.59,Z,65,1,1184,0,43,143,221,3,P,41,0,881,0,186,225,164,6,0,-24,-1,-303,0,143,82,-57,3
32546,4.23,Z,8,0,40,0,0,5,24,0,P,20,0,168,0,0,26,24,1,1,12,0,128,0,0,21,0,1
32547,6.39,T,47,6,169,0,205,93,141,0,Z,51,0,349,0,282,115,134,11,0,4,-6,180,0,77,22,-7,11
32548,9.59,T,54,0,623,0,13,229,149,7,P,54,3,739,0,22,158,70,6,1,0,3,116,0,9,-71,-79,-1
32549,4.44,T,23,0,323,0,28,33,43,3,Z,19,0,93,0,3,23,51,4,0,-4,0,-230,0,-25,-10,8,1
32550,9.18,Z,42,4,264,0,16,41,154,0,P,46,0,380,0,16,102,54,2,1,4,-4,116,0,0,61,-100,2
32551,10.25,Z,65,3,1039,0,61,236,293,4,Z,54,2,377,0,171,205,211,0,0,-11,-1,-662,0,110,-31,-82,-4
32552,9.59,T,111,1,306,0,541,159,224,17,Z,93,0,636,0,96,237,319,10,1,-18,-1,330,0,-445,78,95,-7
32553,8.35,T,102,3,427,0,673,166,128,5,Z,51,3,524,0,84,199,192,1,0,-51,0,97,0,-589,33,64,-4
32554,8.35,Z,50,0,421,0,42,162,258,1,T,48,0,574,0,2,183,133,3,0,-2,0,153,0,-40,21,-125,2
32555,10.08,Z,54,1,348,1,326,204,271,0,T,55,0,1212,0,48,298,202,8,0,1,-1,864,-1,-278,94,-69,8
32556,3.38,Z,13,2,145,1,192,56,132,0,Z,15,0,49,0,0,39,81,3,0,2,-2,-96,-1,-192,-17,-51,3
32557,8.44,P,119,0,467,0,484,205,194,21,Z,78,5,494,0,932,273,202,10,0,-41,5,27,0,448,68,8,-11
32558,5.42,T,37,3,337,0,33,133,43,7,P,25,0,343,0,17,106,82,4,1,-12,-3,6,0,-16,-27,39,-3
32559,6.39,T,72,4,295,0,174,254,59,12,Z,40,0,251,0,125,188,127,3,0,-32,-4,-44,0,-49,-66,68,-9
32560,8.04,T,50,0,292,0,6,195,74,12,T,43,0,501,0,26,179,67,5,1,-7,0,209,0,20,-16,-7,-7
32561,9.59,T,61,0,665,0,15,109,86,5,T,71,6,756,0,99,150,124,1,1,10,6,91,0,84,41,38,-4
32562,10,T,94,0,990,0,416,99,100,15,P,87,0,733,0,43,222,116,7,0,-7,0,-257,0,-373,123,16,-8
32563,8.08,Z,52,0,534,0,484,253,143,17,T,64,0,340,0,426,170,124,10,1,12,0,-194,0,-58,-83,-19,-7
32564,6.53,T,35,1,504,0,37,185,67,5,P,21,0,517,0,0,59,36,0,0,-14,-1,13,0,-37,-126,-31,-5
32565,8.03,Z,55,0,248,0,32,127,243,3,Z,48,0,420,0,0,90,175,0,0,-7,0,172,0,-32,-37,-68,-3
32566,4.16,P,19,0,387,0,28,88,34,1,Z,17,1,250,0,80,42,104,2,1,-2,1,-137,0,52,-46,70,1
32567,9.59,P,53,12,565,0,55,61,35,0,P,46,3,366,0,24,69,70,2,0,-7,-9,-199,0,-31,8,35,2
32568,9.59,T,74,0,636,0,114,224,101,8,T,81,0,463,0,63,228,86,7,1,7,0,-173,0,-51,4,-15,-1
32569,9.59,T,89,1,650,0,377,442,127,5,Z,61,0,566,0,40,233,393,8,1,-28,-1,-84,0,-337,-209,266,3
32570,8.51,T,54,1,569,0,54,150,131,3,T,69,0,370,0,46,87,85,0,1,15,-1,-199,0,-8,-63,-46,-3
32571,4.18,P,15,2,215,0,35,58,21,1,T,15,0,318,0,0,51,34,0,1,0,-2,103,0,-35,-7,13,-1
32572,3.32,Z,15,2,23,24,76,63,98,4,Z,14,0,98,0,51,52,89,0,0,-1,-2,75,-24,-25,-11,-9,-4
32573,10.15,Z,58,2,693,0,69,230,225,2,P,68,1,625,0,13,231,107,0,0,10,-1,-68,0,-56,1,-118,-2
32574,9.56,T,46,0,1069,0,0,97,102,2,Z,47,1,379,0,40,139,133,2,1,1,1,-690,0,40,42,31,0
32575,2.13,T,7,0,80,0,54,29,87,11,Z,12,0,28,0,54,31,94,1,1,5,0,-52,0,0,2,7,-10
32576,9.59,P,74,4,667,0,306,252,166,12,Z,78,0,624,0,83,169,276,11,1,4,-4,-43,0,-223,-83,110,-1
32577,9.57,P,40,0,179,0,0,130,62,0,Z,54,10,503,0,53,206,168,0,0,14,10,324,0,53,76,106,0
32578,2.07,P,7,0,61,0,9,27,46,0,T,3,0,49,0,0,1,8,0,0,-4,0,-12,0,-9,-26,-38,0
32579,5.43,T,18,0,119,0,0,34,50,0,Z,26,1,273,0,12,73,108,5,0,8,1,154,0,12,39,58,5
32580,9.58,T,67,1,667,0,0,91,112,1,P,38,0,569,0,12,130,46,5,1,-29,-1,-98,0,12,39,-66,4
32581,4.2,Z,18,2,102,0,61,109,84,0,P,12,0,91,0,0,16,17,0,0,-6,-2,-11,0,-61,-93,-67,0
32582,4.18,Z,28,2,250,0,263,70,147,8,P,22,7,336,0,26,184,148,3,1,-6,5,86,0,-237,114,1,-5
32583,2.4,Z,12,0,144,0,99,52,37,2,Z,7,0,32,0,11,27,57,3,0,-5,0,-112,0,-88,-25,20,1
32584,2.43,T,1,0,39,0,0,17,2,2,Z,8,1,58,0,20,54,28,0,1,7,1,19,0,20,37,26,-2
32585,8.09,Z,44,5,260,0,185,222,301,6,P,52,0,331,0,94,265,74,5,0,8,-5,71,0,-91,43,-227,-1
32586,8.56,P,19,0,378,0,0,151,33,0,P,33,2,1010,0,5,368,67,0,1,14,2,632,0,5,217,34,0
32587,10.57,P,72,3,1182,0,35,227,131,0,Z,56,2,660,0,86,242,204,6,0,-16,-1,-522,0,51,15,73,6
32588,5.59,Z,37,3,406,0,494,86,107,5,P,44,0,448,3,195,225,115,0,1,7,-3,42,3,-299,139,8,-5
32589,7.38,Z,58,10,394,0,270,141,253,2,P,51,4,384,0,143,209,81,4,0,-7,-6,-10,0,-127,68,-172,2
32590,3.07,P,22,0,173,0,124,106,48,6,T,12,0,176,0,0,41,18,0,0,-10,0,3,0,-124,-65,-30,-6
32591,9.4,Z,52,3,373,0,5,226,148,0,Z,66,1,265,0,158,248,285,0,1,14,-2,-108,0,153,22,137,0
32592,10.21,Z,60,1,657,0,101,294,284,6,Z,75,0,408,0,36,145,214,3,0,15,-1,-249,0,-65,-149,-70,-3
32593,9.59,T,76,0,607,0,8,167,256,1,Z,56,0,960,0,7,257,202,3,0,-20,0,353,0,-1,90,-54,2
32594,10.35,Z,82,6,370,2,127,139,355,1,Z,59,10,346,0,48,82,182,1,1,-23,4,-24,-2,-79,-57,-173,0
32595,9.39,T,103,6,381,0,563,282,231,14,P,66,3,558,0,399,328,136,2,1,-37,-3,177,0,-164,46,-95,-12
32596,6.44,Z,30,4,290,0,17,97,159,0,T,43,0,353,0,50,126,63,4,1,13,-4,63,0,33,29,-96,4
32597,10.08,T,80,0,865,0,68,202,115,3,T,87,9,412,0,859,267,76,3,1,7,9,-453,0,791,65,-39,0
32598,3.11,T,10,0,265,0,0,8,19,0,P,11,0,233,0,7,70,6,3,0,1,0,-32,0,7,62,-13,3
32599,8.48,T,75,6,317,0,75,166,120,1,Z,67,2,630,0,27,240,284,0,0,-8,-4,313,0,-48,74,164,-1
32600,9.26,Z,58,25,358,0,211,188,257,6,Z,62,9,355,0,580,340,309,7,0,4,-16,-3,0,369,152,52,1
32601,5.26,Z,36,1,489,0,8,110,94,1,T,50,5,350,0,49,124,33,0,1,14,4,-139,0,41,14,-61,-1
32602,7.27,T,28,0,820,0,3,50,44,1,P,27,2,252,0,7,61,43,4,1,-1,2,-568,0,4,11,-1,3
32603,9.58,Z,87,0,749,0,40,201,238,2,Z,65,13,399,0,290,371,364,0,0,-22,13,-350,0,250,170,126,-2
32604,3.56,Z,12,0,110,0,0,29,47,0,Z,12,0,286,0,320,76,149,5,1,0,0,176,0,320,47,102,5
32605,7.37,P,61,0,369,0,355,203,177,4,T,49,0,375,0,52,112,104,2,1,-12,0,6,0,-303,-91,-73,-2
32606,6.56,Z,40,0,270,0,9,95,254,9,T,65,0,239,0,278,254,171,8,1,25,0,-31,0,269,159,-83,-1
32607,7.21,T,35,2,443,0,0,29,52,1,P,19,0,531,0,0,29,18,0,0,-16,-2,88,0,0,0,-34,-1
32608,10.45,P,113,0,560,0,313,226,212,7,T,139,5,616,0,126,337,148,9,1,26,5,56,0,-187,111,-64,2
32609,2.31,T,12,0,283,0,84,90,30,7,P,8,0,79,0,5,13,11,0,0,-4,0,-204,0,-79,-77,-19,-7
32610,10.39,Z,77,0,463,0,143,266,215,3,T,70,0,896,0,26,181,115,7,1,-7,0,433,0,-117,-85,-100,4
32611,9.58,Z,48,2,734,0,29,120,192,0,T,84,0,789,0,3,209,120,2,0,36,-2,55,0,-26,89,-72,2
32612,10.22,Z,94,0,403,0,268,448,362,9,T,159,4,577,0,428,319,152,10,1,65,4,174,0,160,-129,-210,1
32613,9.12,P,54,11,465,0,88,231,136,2,T,73,1,487,0,400,209,111,3,0,19,-10,22,0,312,-22,-25,1
32614,4.41,P,19,0,161,0,1,69,49,4,P,18,2,290,0,45,117,204,1,0,-1,2,129,0,44,48,155,-3
32615,9.58,Z,52,1,485,0,121,184,245,4,P,64,7,734,0,10,216,154,1,1,12,6,249,0,-111,32,-91,-3
32616,9.59,T,77,3,659,0,9,215,122,5,T,109,0,811,0,29,184,160,4,1,32,-3,152,0,20,-31,38,-1
32617,8.1,T,114,0,482,0,482,278,165,12,Z,64,7,399,0,361,254,224,5,1,-50,7,-83,0,-121,-24,59,-7
32618,7.54,T,50,1,409,0,168,89,109,3,Z,57,12,415,0,281,206,272,5,1,7,11,6,0,113,117,163,2
32619,8.09,T,68,2,396,0,327,176,194,7,T,75,4,545,0,278,272,89,7,1,7,2,149,0,-49,96,-105,0
32620,10.55,Z,147,3,588,0,390,419,436,21,P,148,0,618,0,591,445,352,20,1,1,-3,30,0,201,26,-84,-1
32621,4.39,T,24,3,75,0,2,24,67,2,P,19,0,461,0,0,33,21,0,0,-5,-3,386,0,-2,9,-46,-2
32622,9.56,T,53,0,451,0,6,61,87,5,P,46,4,747,0,25,153,40,2,1,-7,4,296,0,19,92,-47,-3
32623,9.59,T,144,0,806,0,541,337,230,36,T,126,7,808,0,100,314,126,17,1,-18,7,2,0,-441,-23,-104,-19
32624,9.59,P,51,0,423,0,18,186,72,4,P,41,2,823,0,14,72,57,0,1,-10,2,400,0,-4,-114,-15,-4
32625,4.26,Z,29,2,218,0,183,100,168,3,P,29,1,245,0,309,154,64,12,0,0,-1,27,0,126,54,-104,9
32626,5.58,P,25,4,315,0,18,49,29,1,P,14,0,516,0,0,20,17,0,0,-11,-4,201,0,-18,-29,-12,-1
32627,4.41,Z,30,2,465,0,251,170,124,7,T,37,2,341,0,366,87,92,8,1,7,0,-124,0,115,-83,-32,1
32628,10.44,T,116,3,990,0,33,229,118,6,Z,82,13,666,0,78,100,252,1,0,-34,10,-324,0,45,-129,134,-5
32629,1.42,P,2,0,110,0,95,33,15,3,Z,4,0,46,0,2,16,28,2,1,2,0,-64,0,-93,-17,13,-1
32630,4.16,Z,15,0,227,0,207,34,48,6,Z,15,2,198,0,19,32,49,2,0,0,2,-29,0,-188,-2,1,-4
32631,9.59,T,89,0,617,0,2,187,116,3,Z,54,0,802,0,39,251,182,9,1,-35,0,185,0,37,64,66,6
32632,7.4,T,38,3,548,0,25,131,56,3,T,48,0,494,0,192,160,140,7,1,10,-3,-54,0,167,29,84,4
32633,10.28,P,65,0,654,0,327,288,112,4,T,139,1,607,0,400,281,253,21,0,74,1,-47,0,73,-7,141,17
32634,7.58,T,86,5,341,0,514,298,191,8,Z,61,3,273,0,205,209,263,8,0,-25,-2,-68,0,-309,-89,72,0
32635,6.1,P,35,1,476,0,592,138,73,8,P,34,1,350,0,431,271,136,8,0,-1,0,-126,0,-161,133,63,0
32636,9.59,T,50,8,769,0,23,74,89,1,T,45,0,761,0,0,97,90,1,0,-5,-8,-8,0,-23,23,1,0
32637,5.29,Z,34,2,288,0,20,98,93,2,T,63,2,283,0,139,116,130,4,1,29,0,-5,0,119,18,37,2
32638,6.53,Z,39,4,147,0,18,94,102,0,P,43,4,210,0,7,102,51,0,1,4,0,63,0,-11,8,-51,0
32639,9.59,Z,57,0,222,0,19,124,290,2,P,65,2,656,0,85,329,113,4,1,8,2,434,0,66,205,-177,2
32640,9.59,T,111,2,566,0,359,357,151,11,P,68,0,591,0,515,248,138,18,1,-43,-2,25,0,156,-109,-13,7
32641,3.46,P,10,0,287,0,5,154,30,2,Z,14,5,395,0,15,57,27,0,1,4,5,108,0,10,-97,-3,-2
32642,5.08,T,30,1,416,0,12,203,185,0,P,32,1,139,0,194,86,59,8,1,2,0,-277,0,182,-117,-126,8
32643,3.07,Z,9,0,87,0,20,42,37,4,P,11,0,123,0,229,31,24,5,0,2,0,36,0,209,-11,-13,1
32644,8.22,T,47,4,410,0,6,165,70,1,Z,46,2,474,0,32,155,159,0,1,-1,-2,64,0,26,-10,89,-1
32645,9.59,T,91,0,589,0,220,174,73,6,T,52,0,1153,0,0,146,115,0,0,-39,0,564,0,-220,-28,42,-6
32646,6.48,T,43,4,428,0,36,54,64,0,Z,33,3,124,0,23,32,101,1,0,-10,-1,-304,0,-13,-22,37,1
32647,4.13,T,19,2,118,0,13,102,32,3,Z,24,1,139,0,19,38,49,2,1,5,-1,21,0,6,-64,17,-1
32648,4.16,Z,17,0,225,0,21,35,66,3,T,26,4,144,0,15,81,142,0,1,9,4,-81,0,-6,46,76,-3
32649,4.16,T,30,0,147,0,343,79,118,5,Z,23,1,163,0,98,59,141,2,0,-7,1,16,0,-245,-20,23,-3
32650,6.5,Z,38,3,385,0,66,81,132,3,T,63,0,418,29,202,66,162,2,1,25,-3,33,29,136,-15,30,-1
32651,9.59,Z,102,6,528,0,126,254,541,2,T,107,8,399,0,92,284,148,6,1,5,2,-129,0,-34,30,-393,4
32652,5.21,T,28,0,454,0,14,68,45,6,P,21,0,128,0,0,65,37,0,1,-7,0,-326,0,-14,-3,-8,-6
32653,2.44,T,12,7,295,0,26,11,19,1,T,9,1,213,0,107,36,17,2,1,-3,-6,-82,0,81,25,-2,1
32654,9.59,Z,66,4,727,0,423,171,378,0,P,75,3,799,0,811,229,90,11,1,9,-1,72,0,388,58,-288,11
32655,9.59,Z,46,8,292,0,21,74,167,0,P,29,0,945,0,0,280,69,0,1,-17,-8,653,0,-21,206,-98,0
32656,4.23,T,38,0,293,0,238,110,45,5,T,25,3,318,0,8,133,66,0,0,-13,3,25,0,-230,23,21,-5
32657,4.4,T,24,4,112,0,267,30,119,3,Z,21,2,210,0,641,61,94,8,0,-3,-2,98,0,374,31,-25,5
32658,7.11,Z,28,0,534,0,32,108,120,6,Z,15,0,289,0,0,37,73,1,0,-13,0,-245,0,-32,-71,-47,-5
32659,9.45,T,50,0,569,0,0,221,127,0,T,52,0,419,0,2,147,92,0,1,2,0,-150,0,2,-74,-35,0
32660,9.59,P,42,0,798,0,3,73,88,6,Z,60,13,501,0,27,224,170,0,0,18,13,-297,0,24,151,82,-6
32661,10.03,P,100,0,389,0,496,517,196,13,P,78,0,758,0,752,305,166,31,0,-22,0,369,0,256,-212,-30,18
32662,3.27,P,21,0,189,0,164,120,86,11,Z,21,0,243,0,401,87,93,7,1,0,0,54,0,237,-33,7,-4
32663,6.19,P,58,0,207,0,378,133,82,12,Z,65,1,384,0,401,184,326,8,1,7,1,177,0,23,51,244,-4
32664,5.15,T,26,0,242,0,41,125,34,1,Z,23,0,445,0,76,78,71,6,1,-3,0,203,0,35,-47,37,5
32665,8.36,T,68,5,493,0,896,197,103,7,T,68,5,340,0,38,278,97,0,1,0,0,-153,0,-858,81,-6,-7
32666,6.3,T,50,1,214,0,460,173,146,8,T,27,0,405,0,0,39,59,0,0,-23,-1,191,0,-460,-134,-87,-8
32667,3.3,Z,14,0,84,0,17,17,48,1,Z,7,0,15,0,0,50,52,0,0,-7,0,-69,0,-17,33,4,-1
32668,10.26,Z,81,7,334,0,174,252,319,13,T,91,13,580,0,438,220,123,4,0,10,6,246,0,264,-32,-196,-9
32669,3.38,Z,14,0,120,0,305,46,106,3,Z,12,1,147,0,6,41,79,2,1,-2,1,27,0,-299,-5,-27,-1
32670,6.05,T,31,0,489,0,23,83,89,2,T,29,6,564,0,11,121,53,0,0,-2,6,75,0,-12,38,-36,-2
32671,8.51,T,74,5,569,0,395,369,135,3,P,55,0,523,0,10,203,222,3,0,-19,-5,-46,0,-385,-166,87,0
32672,4.57,Z,21,0,168,0,37,62,78,4,T,21,1,301,0,2,30,60,3,1,0,1,133,0,-35,-32,-18,-1
32673,9.26,T,70,2,474,0,20,83,99,6,P,46,0,867,0,96,253,178,8,0,-24,-2,393,0,76,170,79,2
32674,9.59,T,87,0,713,0,22,334,213,4,Z,91,0,681,0,93,243,316,10,1,4,0,-32,0,71,-91,103,6
32675,4.28,T,10,0,289,0,0,120,23,0,T,21,2,145,0,156,148,50,3,1,11,2,-144,0,156,28,27,3
32676,9.59,P,36,0,820,0,1,64,85,1,P,39,0,229,0,4,173,68,3,1,3,0,-591,0,3,109,-17,2
32677,4.01,P,18,0,143,0,10,50,37,3,T,27,1,258,4,81,59,88,3,1,9,1,115,4,71,9,51,0
32678,6.46,Z,59,1,347,0,518,181,191,6,Z,51,1,322,0,505,217,209,12,0,-8,0,-25,0,-13,36,18,6
32679,9.59,Z,54,0,388,0,12,113,219,3,T,50,4,386,0,59,40,45,2,0,-4,4,-2,0,47,-73,-174,-1
32680,5.18,Z,21,1,254,0,7,39,108,1,T,8,0,212,0,0,11,16,0,0,-13,-1,-42,0,-7,-28,-92,-1
32681,5.54,Z,29,7,450,0,28,32,67,0,P,33,0,470,0,10,40,41,1,1,4,-7,20,0,-18,8,-26,1
32682,7.19,Z,28,0,102,0,2,72,103,2,T,36,4,543,0,59,142,52,3,0,8,4,441,0,57,70,-51,1
32683,5.43,T,35,4,334,0,36,139,128,3,Z,26,2,125,0,54,199,86,7,0,-9,-2,-209,0,18,60,-42,4
32684,8.12,T,52,7,397,0,35,149,108,2,Z,38,0,266,0,18,89,131,5,0,-14,-7,-131,0,-17,-60,23,3
32685,9.51,Z,60,0,362,0,31,125,171,6,Z,51,9,695,0,44,186,187,0,0,-9,9,333,0,13,61,16,-6
32686,7.31,T,61,0,397,0,26,131,124,5,Z,47,0,481,0,144,277,260,5,0,-14,0,84,0,118,146,136,0
32687,6.22,T,22,0,224,0,2,84,42,2,T,14,0,382,0,0,60,29,0,0,-8,0,158,0,-2,-24,-13,-2
32688,9.59,P,111,1,598,0,182,363,232,37,T,77,0,389,0,534,276,161,15,1,-34,-1,-209,0,352,-87,-71,-22
32689,5.34,Z,37,8,296,0,461,250,326,3,Z,64,2,229,0,302,169,103,10,1,27,-6,-67,0,-159,-81,-223,7
32690,9.22,P,73,7,1011,0,332,213,95,15,Z,94,5,416,0,225,319,324,6,1,21,-2,-595,0,-107,106,229,-9
32691,7.3,Z,40,1,325,0,244,244,396,4,Z,54,4,218,0,339,203,195,12,1,14,3,-107,0,95,-41,-201,8
32692,5.58,P,47,0,255,0,98,187,173,8,P,31,0,255,0,323,131,110,9,0,-16,0,0,0,225,-56,-63,1
32693,6.05,Z,42,6,143,0,276,126,137,2,Z,32,5,154,0,125,113,119,8,0,-10,-1,11,0,-151,-13,-18,6
32694,6.03,Z,32,1,191,0,88,112,299,5,Z,26,0,337,0,12,59,92,1,0,-6,-1,146,0,-76,-53,-207,-4
32695,5.5,P,41,0,183,8,313,111,120,0,T,42,0,374,0,49,119,49,4,0,1,0,191,-8,-264,8,-71,4
32696,9.59,Z,82,2,663,0,217,307,261,21,T,117,4,546,0,692,230,333,14,1,35,2,-117,0,475,-77,72,-7
32697,3.24,Z,16,0,91,8,173,80,113,4,Z,17,4,113,0,287,140,72,5,0,1,4,22,-8,114,60,-41,1
32698,3,T,14,0,186,0,63,108,23,4,T,14,0,61,0,232,56,109,10,0,0,0,-125,0,169,-52,86,6
32699,9.59,T,59,0,741,0,19,53,84,6,T,44,0,434,0,4,97,63,1,0,-15,0,-307,0,-15,44,-21,-5
32700,10,Z,78,0,909,0,74,336,241,3,Z,53,3,442,0,77,212,227,10,1,-25,3,-467,0,3,-124,-14,7
32701,4.23,P,23,0,179,0,265,142,67,4,Z,18,0,262,0,38,129,80,7,1,-5,0,83,0,-227,-13,13,3
32702,8.17,P,41,2,256,0,11,124,45,0,T,51,0,530,0,134,182,72,6,0,10,-2,274,0,123,58,27,6
32703,2.32,Z,7,0,148,0,21,99,41,2,Z,11,0,73,0,3,52,45,2,1,4,0,-75,0,-18,-47,4,0
32704,3.5,P,15,0,176,0,4,66,23,2,P,9,0,263,0,0,51,18,0,0,-6,0,87,0,-4,-15,-5,-2
32705,6.41,P,44,5,327,0,922,248,133,2,Z,30,3,236,22,65,94,133,1,0,-14,-2,-91,22,-857,-154,0,-1
32706,10.31,Z,78,0,747,0,41,337,252,3,T,112,0,505,0,771,330,206,12,1,34,0,-242,0,730,-7,-46,9
32707,6.12,T,74,0,356,0,166,194,56,13,P,48,0,261,0,239,220,65,8,0,-26,0,-95,0,73,26,9,-5
32708,6.16,Z,44,7,216,0,435,182,170,1,T,67,0,230,0,653,235,121,6,1,23,-7,14,0,218,53,-49,5
32709,3.44,P,14,0,47,0,1,32,23,1,Z,9,1,149,0,19,63,206,1,0,-5,1,102,0,18,31,183,0
32710,5.46,T,42,0,128,0,33,152,72,1,P,32,0,87,0,9,206,45,0,1,-10,0,-41,0,-24,54,-27,-1
32711,10.05,T,77,3,663,0,1270,184,131,6,P,59,0,825,0,24,204,101,9,0,-18,-3,162,0,-1246,20,-30,3
32712,8,Z,34,0,66,0,0,27,101,1,T,88,5,466,0,220,283,80,10,1,54,5,400,0,220,256,-21,9
32713,9.37,T,72,5,1118,0,52,91,61,0,T,75,1,742,0,87,233,122,9,1,3,-4,-376,0,35,142,61,9
32714,4.2,P,20,0,109,0,273,47,47,9,Z,20,3,264,0,22,83,71,0,1,0,3,155,0,-251,36,24,-9
32715,9.59,T,68,0,431,0,32,134,94,3,T,85,3,538,0,177,241,112,1,1,17,3,107,0,145,107,18,-2
32716,3.58,P,22,0,228,0,33,54,11,3,T,27,2,190,0,285,78,100,8,1,5,2,-38,0,252,24,89,5
32717,2.04,P,7,1,54,0,2,15,13,5,P,7,0,60,0,3,12,7,2,0,0,-1,6,0,1,-3,-6,-3
32718,9.59,Z,61,0,817,0,1,220,263,7,T,78,0,573,0,106,198,155,10,1,17,0,-244,0,105,-22,-108,3
32719,9.57,T,53,3,493,0,2,170,143,0,Z,58,0,465,0,0,113,263,0,1,5,-3,-28,0,-2,-57,120,0
32720,10.41,P,72,7,485,0,651,366,172,9,T,102,0,861,0,451,205,167,12,0,30,-7,376,0,-200,-161,-5,3
32721,9.58,P,62,0,467,0,18,285,139,3,P,109,0,421,0,51,345,81,10,0,47,0,-46,0,33,60,-58,7
32722,0.59,T,5,1,46,0,3,4,3,0,T,3,0,33,0,12,11,4,5,0,-2,-1,-13,0,9,7,1,5
32723,3.51,Z,14,2,202,0,28,29,52,2,P,17,1,153,0,205,70,25,1,1,3,-1,-49,0,177,41,-27,-1
32724,8.15,Z,59,12,520,0,192,168,164,6,Z,51,1,336,0,36,270,148,3,0,-8,-11,-184,0,-156,102,-16,-3
32725,9.12,Z,72,9,539,0,183,434,261,14,T,98,5,697,0,197,261,101,9,0,26,-4,158,0,14,-173,-160,-5
32726,9.59,T,216,14,582,0,992,366,319,13,P,124,0,477,0,139,482,179,16,0,-92,-14,-105,0,-853,116,-140,3
32727,4.23,Z,22,0,77,0,233,50,123,6,Z,27,0,151,0,31,49,73,1,0,5,0,74,0,-202,-1,-50,-5
32728,0.31,T,3,0,11,0,0,33,11,2,Z,4,1,3,0,0,3,18,0,1,1,1,-8,0,0,-30,7,-2
32729,10.05,Z,43,0,1280,0,51,98,170,3,T,49,0,328,0,24,44,71,9,0,6,0,-952,0,-27,-54,-99,6
32730,9.03,T,91,1,563,0,130,210,287,8,P,70,14,472,0,1162,207,143,4,1,-21,13,-91,0,1032,-3,-144,-4
32731,6.17,Z,48,4,286,0,429,206,209,1,Z,27,1,262,0,33,105,119,4,1,-21,-3,-24,0,-396,-101,-90,3
32732,1.34,P,5,1,83,0,0,50,12,0,P,6,0,84,0,0,20,10,0,1,1,-1,1,0,0,-30,-2,0
32733,7.04,P,48,3,284,0,292,243,387,3,T,43,0,569,0,22,145,82,3,1,-5,-3,285,0,-270,-98,-305,0
32734,9.59,T,82,4,586,13,83,365,233,1,Z,61,0,540,0,0,246,198,0,0,-21,-4,-46,-13,-83,-119,-35,-1
32735,8.26,Z,40,0,240,2,75,225,180,0,T,66,1,355,0,479,227,107,6,1,26,1,115,-2,404,2,-73,6
32736,9.57,Z,51,0,265,0,3,63,153,1,T,71,5,738,0,90,153,213,3,1,20,5,473,0,87,90,60,2
32737,4.33,Z,17,0,55,2,5,34,51,0,P,12,0,156,0,208,211,48,2,1,-5,0,101,-2,203,177,-3,2
32738,6.22,Z,31,3,271,0,113,298,168,0,Z,23,2,150,0,25,101,115,4,1,-8,-1,-121,0,-88,-197,-53,4
32739,9.59,P,49,0,715,0,0,54,109,0,T,60,0,654,0,35,347,104,6,1,11,0,-61,0,35,293,-5,6
32740,9.59,T,108,7,488,0,149,408,149,7,T,101,4,667,0,248,352,128,4,0,-7,-3,179,0,99,-56,-21,-3
32741,9.21,T,52,0,522,0,0,103,134,1,Z,46,1,704,0,33,74,187,2,1,-6,1,182,0,33,-29,53,1
32742,9.52,T,50,3,458,0,10,61,75,2,Z,51,0,327,0,44,178,245,8,1,1,-3,-131,0,34,117,170,6
32743,0.59,Z,1,0,69,0,34,11,35,2,Z,0,0,1,0,0,0,0,0,0,-1,0,-68,0,-34,-11,-35,-2
32744,9.58,Z,53,6,686,1,163,280,255,6,Z,93,0,419,0,71,154,219,3,1,40,-6,-267,-1,-92,-126,-36,-3
32745,3.46,Z,18,3,322,0,200,79,145,2,Z,17,0,19,0,45,91,92,1,1,-1,-3,-303,0,-155,12,-53,-1
32746,4.24,Z,19,7,234,0,15,17,55,0,P,17,0,121,0,57,111,14,4,0,-2,-7,-113,0,42,94,-41,4
32747,10.55,T,84,7,908,0,799,296,157,3,Z,58,9,526,0,30,156,216,0,0,-26,2,-382,0,-769,-140,59,-3
32748,7.52,Z,38,4,501,0,13,120,176,1,P,44,0,323,0,72,96,70,5,1,6,-4,-178,0,59,-24,-106,4
32749,5.34,Z,23,4,388,0,10,100,82,0,T,32,4,292,0,28,81,54,1,1,9,0,-96,0,18,-19,-28,1
32750,9.58,T,76,2,408,0,1,121,116,0,Z,68,13,299,0,95,268,197,6,1,-8,11,-109,0,94,147,81,6
32751,7.52,T,46,0,191,0,27,41,51,4,T,42,6,393,0,180,147,189,0,1,-4,6,202,0,153,106,138,-4
32752,9.57,P,39,0,385,0,15,338,52,6,P,38,2,536,0,3,40,65,0,1,-1,2,151,0,-12,-298,13,-6
32753,8.43,T,80,4,541,0,90,217,129,5,T,63,0,699,0,11,179,95,3,0,-17,-4,158,0,-79,-38,-34,-2
32754,8.03,Z,44,0,275,0,11,174,117,2,P,27,0,928,0,0,125,75,0,0,-17,0,653,0,-11,-49,-42,-2
32755,6.57,P,51,0,269,0,413,327,176,12,T,78,0,313,0,551,176,133,14,0,27,0,44,0,138,-151,-43,2
32756,9.56,P,28,0,780,0,0,69,50,0,P,31,0,503,0,0,35,39,0,1,3,0,-277,0,0,-34,-11,0
32757,5.42,P,20,0,357,0,0,181,42,0,T,34,4,319,0,10,54,34,2,1,14,4,-38,0,10,-127,-8,2
32758,7.56,P,82,1,377,0,124,157,189,8,Z,55,2,320,0,143,211,286,8,1,-27,1,-57,0,19,54,97,0
32759,9.59,P,104,2,599,0,136,209,213,7,Z,71,3,745,0,168,258,294,7,0,-33,1,146,0,32,49,81,0
32760,7.55,P,34,3,449,0,31,149,36,1,T,75,4,329,0,697,163,114,3,1,41,1,-120,0,666,14,78,2
32761,9.59,P,48,1,595,0,225,273,261,6,Z,65,0,459,0,45,189,200,3,1,17,-1,-136,0,-180,-84,-61,-3
32762,3.31,T,21,0,192,0,1,77,51,1,P,18,0,190,0,62,113,75,3,0,-3,0,-2,0,61,36,24,2
32763,10.03,Z,64,6,422,0,205,448,362,4,P,121,2,555,0,128,257,193,11,1,57,-4,133,0,-77,-191,-169,7
32764,3.12,P,22,0,165,0,108,128,50,6,T,6,0,87,0,0,8,11,0,0,-16,0,-78,0,-108,-120,-39,-6
32765,10.24,Z,68,0,555,0,9,147,219,8,T,100,3,647,0,86,318,110,4,0,32,3,92,0,77,171,-109,-4
32766,7.25,Z,65,0,546,0,337,206,295,12,T,75,0,365,0,494,329,138,9,1,10,0,-181,0,157,123,-157,-3
32767,9.59,Z,43,0,563,0,0,35,166,0,T,59,3,428,0,2,161,141,2,1,16,3,-135,0,2,126,-25,2
32768,3.29,Z,15,0,244,0,9,65,54,3,P,15,0,189,0,5,162,25,2,0,0,0,-55,0,-4,97,-29,-1
32769,7.13,Z,63,6,569,0,329,142,450,0,T,51,0,269,0,71,62,75,11,1,-12,-6,-300,0,-258,-80,-375,11
32770,6.49,Z,47,6,219,0,178,174,175,6,Z,37,4,301,0,170,169,133,8,1,-10,-2,82,0,-8,-5,-42,2
32771,9.59,P,51,0,518,0,5,167,110,1,T,44,0,420,0,0,36,104,0,0,-7,0,-98,0,-5,-131,-6,-1
32772,5.5,Z,29,2,358,0,25,50,89,1,Z,25,2,351,0,8,52,103,0,1,-4,0,-7,0,-17,2,14,-1
32773,6.57,Z,37,1,489,0,69,75,108,7,P,14,0,461,0,0,47,50,0,0,-23,-1,-28,0,-69,-28,-58,-7
32774,8.39,Z,34,0,374,0,0,250,117,0,T,74,0,470,0,15,273,138,12,1,40,0,96,0,15,23,21,12
32775,9.59,P,42,0,997,0,0,86,94,0,T,60,0,847,0,2,101,69,2,0,18,0,-150,0,2,15,-25,2
32776,7.45,Z,50,4,666,0,56,132,160,0,T,83,0,610,0,186,273,161,14,1,33,-4,-56,0,130,141,1,14
32777,9.59,T,87,4,526,0,114,161,194,0,T,74,0,576,0,45,127,141,5,0,-13,-4,50,0,-69,-34,-53,5
32778,9.36,Z,64,3,650,0,46,137,193,0,T,92,2,587,0,50,177,105,7,1,28,-1,-63,0,4,40,-88,7
32779,6.15,Z,17,0,396,0,2,94,72,1,P,32,2,279,0,14,152,48,0,1,15,2,-117,0,12,58,-24,-1
32780,4.16,T,15,0,235,0,26,58,23,4,T,29,2,430,0,3,120,53,1,0,14,2,195,0,-23,62,30,-3
32781,4.29,Z,16,2,301,0,0,55,45,0,P,23,0,248,0,6,96,37,2,1,7,-2,-53,0,6,41,-8,2
32782,10.38,Z,39,5,642,0,481,58,129,4,Z,59,8,439,0,41,56,165,1,0,20,3,-203,0,-440,-2,36,-3
32783,9.59,T,70,2,492,0,48,58,78,8,T,34,0,473,0,0,174,60,0,0,-36,-2,-19,0,-48,116,-18,-8
32784,3.51,Z,16,1,53,0,34,35,49,3,Z,16,0,143,0,61,22,160,0,0,0,-1,90,0,27,-13,111,-3
32785,8.57,T,51,0,875,0,24,100,96,2,Z,68,1,587,0,82,178,171,4,1,17,1,-288,0,58,78,75,2
32786,4.13,P,30,0,185,0,25,87,32,2,P,21,1,155,0,30,107,54,2,1,-9,1,-30,0,5,20,22,0
32787,8.14,P,77,0,407,10,332,212,126,0,T,78,0,470,0,18,133,132,6,0,1,0,63,-10,-314,-79,6,6
32788,8.37,T,48,0,380,0,3,201,77,2,Z,45,0,203,0,71,75,189,3,1,-3,0,-177,0,68,-126,112,1
32789,8.31,Z,48,2,488,0,26,139,174,0,T,73,0,828,0,7,172,149,6,0,25,-2,340,0,-19,33,-25,6
32790,10.32,T,119,11,485,2,573,285,188,6,Z,77,9,538,0,73,225,204,7,0,-42,-2,53,-2,-500,-60,16,1
32791,9.58,Z,67,8,434,0,153,204,200,3,Z,57,4,481,0,72,228,184,1,0,-10,-4,47,0,-81,24,-16,-2
32792,6.53,P,35,1,327,0,32,351,75,2,T,58,3,422,0,201,202,192,3,1,23,2,95,0,169,-149,117,1
32793,7.12,P,38,4,486,0,50,83,59,4,Z,41,7,421,0,347,132,309,3,1,3,3,-65,0,297,49,250,-1
32794,9.59,P,57,0,627,0,33,222,96,4,P,55,1,551,0,0,141,90,0,0,-2,1,-76,0,-33,-81,-6,-4
32795,4.45,P,32,0,76,0,11,98,112,7,T,24,2,361,0,218,119,86,5,0,-8,2,285,0,207,21,-26,-2
32796,9.59,Z,96,0,519,0,80,142,245,8,T,64,0,881,0,21,113,102,2,0,-32,0,362,0,-59,-29,-143,-6
32797,9.59,T,105,13,385,1,627,212,183,5,T,81,14,885,0,153,245,133,1,0,-24,1,500,-1,-474,33,-50,-4
32798,9.16,Z,53,7,329,0,115,292,197,12,Z,84,5,399,0,232,242,260,3,1,31,-2,70,0,117,-50,63,-9
32799,9.59,P,49,0,422,0,17,152,56,3,T,43,0,161,0,0,105,74,0,0,-6,0,-261,0,-17,-47,18,-3
32800,10.26,T,86,2,733,0,37,182,114,1,P,67,3,657,0,398,158,118,9,0,-19,1,-76,0,361,-24,4,8
32801,9.05,P,34,0,660,0,8,131,89,3,T,36,0,323,0,4,124,64,4,1,2,0,-337,0,-4,-7,-25,1
32802,1.48,P,5,2,44,0,21,8,8,0,P,5,0,66,0,0,36,7,0,1,0,-2,22,0,-21,28,-1,0
32803,9.59,T,49,3,523,0,20,20,41,0,P,49,0,357,0,0,20,50,0,1,0,-3,-166,0,-20,0,9,0
32804,7.26,T,46,0,417,7,178,141,86,7,P,57,0,356,8,209,232,104,0,1,11,0,-61,1,31,91,18,-7
32805,5.26,T,31,0,229,0,15,76,45,3,P,11,0,220,0,0,25,17,0,0,-20,0,-9,0,-15,-51,-28,-3
32806,2.56,P,17,0,185,0,259,91,56,6,Z,11,0,117,0,27,106,66,2,0,-6,0,-68,0,-232,15,10,-4
32807,9.08,Z,44,2,374,0,183,134,246,5,P,68,0,952,0,50,229,97,4,1,24,-2,578,0,-133,95,-149,-1
32808,7.03,Z,58,0,386,0,155,99,146,5,T,64,0,379,0,205,238,83,4,1,6,0,-7,0,50,139,-63,-1
32809,9.59,P,52,0,895,0,6,233,147,2,Z,52,0,915,0,70,146,185,0,1,0,0,20,0,64,-87,38,-2
32810,10.01,Z,52,0,762,0,33,158,165,6,T,76,4,450,0,25,261,112,2,1,24,4,-312,0,-8,103,-53,-4
32811,1.04,P,1,0,35,0,0,4,1,0,Z,3,2,31,0,28,8,41,0,0,2,2,-4,0,28,4,40,0
32812,9.59,Z,51,0,435,0,3,54,159,4,P,34,12,305,0,13,34,57,1,1,-17,12,-130,0,10,-20,-102,-3
32813,9.59,T,64,6,532,0,104,248,117,3,T,51,0,640,0,0,122,208,0,0,-13,-6,108,0,-104,-126,91,-3
32814,8.33,P,27,0,525,0,0,39,27,0,Z,34,0,176,0,5,79,196,7,0,7,0,-349,0,5,40,169,7
32815,4,T,18,0,229,0,0,89,41,0,T,26,0,104,0,129,53,22,5,1,8,0,-125,0,129,-36,-19,5
32816,1.53,Z,3,0,21,0,5,14,28,2,T,5,0,184,0,0,24,15,1,0,2,0,163,0,-5,10,-13,-1
32817,9.59,Z,151,6,628,0,576,382,351,20,T,130,0,632,0,762,336,141,13,0,-21,-6,4,0,186,-46,-210,-7
32818,7.35,Z,35,9,111,0,22,90,257,1,T,35,2,366,0,35,76,60,2,1,0,-7,255,0,13,-14,-197,1
32819,6.4,P,35,1,648,0,11,95,41,3,Z,35,0,266,0,30,273,262,6,0,0,-1,-382,0,19,178,221,3
32820,5.35,P,20,0,235,0,2,186,33,2,T,33,3,145,0,188,122,50,4,1,13,3,-90,0,186,-64,17,2
32821,5.27,T,34,0,330,0,4,28,53,6,T,25,0,218,0,389,48,40,8,1,-9,0,-112,0,385,20,-13,2
32822,8.32,T,42,0,645,0,0,85,92,0,P,31,1,446,0,1,113,53,0,0,-11,1,-199,0,1,28,-39,0
32823,9.59,Z,71,10,494,4,386,368,314,0,Z,66,6,294,0,76,242,230,2,0,-5,-4,-200,-4,-310,-126,-84,2
32824,2.49,Z,13,3,52,0,14,42,37,0,P,16,0,72,0,36,109,71,2,0,3,-3,20,0,22,67,34,2
32825,5.32,Z,32,0,143,0,31,110,177,7,T,65,2,254,0,393,180,193,16,0,33,2,111,0,362,70,16,9
32826,8.14,Z,61,0,480,0,630,253,262,8,P,60,5,677,0,235,166,86,9,0,-1,5,197,0,-395,-87,-176,1
32827,4.12,P,26,1,182,0,61,125,41,6,Z,11,2,168,0,8,17,53,2,1,-15,1,-14,0,-53,-108,12,-4
32828,6.21,P,30,3,312,0,0,57,57,0,P,24,2,556,0,8,132,219,3,1,-6,-1,244,0,8,75,162,3
32829,10.36,T,109,11,584,0,191,170,177,17,Z,36,1,419,0,11,93,208,1,0,-73,-10,-165,0,-180,-77,31,-16
32830,10.21,Z,70,3,419,0,41,222,286,1,P,42,0,443,0,0,52,50,1,1,-28,-3,24,0,-41,-170,-236,0
32831,5.2,T,24,0,395,0,0,59,50,0,T,17,0,324,0,0,6,16,0,0,-7,0,-71,0,0,-53,-34,0
32832,8.23,P,83,0,493,0,661,285,120,17,P,42,7,433,0,332,332,137,13,1,-41,7,-60,0,-329,47,17,-4
32833,9.59,Z,39,0,711,0,36,75,119,2,Z,43,0,583,0,67,50,158,0,0,4,0,-128,0,31,-25,39,-2
32834,4.55,T,25,0,39,0,0,12,47,3,T,9,0,167,0,0,12,24,2,0,-16,0,128,0,0,0,-23,-1
32835,9.59,P,35,0,299,0,209,187,234,6,Z,72,0,286,0,131,141,249,5,0,37,0,-13,0,-78,-46,15,-1
32836,9.59,T,37,0,603,0,0,38,62,0,Z,32,0,805,0,0,57,139,0,0,-5,0,202,0,0,19,77,0
32837,6.38,P,56,0,405,0,622,212,59,10,Z,45,2,431,0,4,64,148,2,1,-11,2,26,0,-618,-148,89,-8
32838,4.33,T,27,4,140,0,23,58,31,0,P,15,0,223,0,6,20,23,3,0,-12,-4,83,0,-17,-38,-8,3
32839,10.28,Z,70,17,362,7,494,390,322,13,Z,75,7,559,0,246,525,413,2,1,5,-10,197,-7,-248,135,91,-11
32840,5.24,Z,41,1,428,0,78,110,115,12,P,58,1,277,0,93,253,85,6,0,17,0,-151,0,15,143,-30,-6
32841,9.59,P,97,11,800,0,113,258,129,2,T,69,0,512,0,70,239,98,10,0,-28,-11,-288,0,-43,-19,-31,8
32842,6.4,P,26,0,298,0,1,81,38,1,Z,28,0,488,0,14,157,88,1,0,2,0,190,0,13,76,50,0
32843,2.59,Z,10,0,10,0,159,20,189,1,T,9,0,203,0,2,8,21,1,0,-1,0,193,0,-157,-12,-168,0
32844,8.11,P,89,0,459,0,215,271,102,13,Z,79,4,307,1,354,305,256,10,0,-10,4,-152,1,139,34,154,-3
32845,9.59,P,40,3,613,0,23,415,40,0,Z,29,4,381,0,651,68,210,2,0,-11,1,-232,0,628,-347,170,2
32846,8.31,P,36,2,624,0,10,69,63,0,P,35,0,249,0,15,125,42,7,0,-1,-2,-375,0,5,56,-21,7
32847,9.59,P,69,0,585,0,59,368,101,8,Z,76,0,891,0,25,265,348,11,1,7,0,306,0,-34,-103,247,3
32848,8.08,Z,62,5,394,0,87,202,149,0,T,89,2,589,0,91,149,209,2,0,27,-3,195,0,4,-53,60,2
32849,9.59,P,69,0,511,0,565,321,170,7,P,70,0,571,0,507,383,158,11,0,1,0,60,0,-58,62,-12,4
32850,7.1,P,31,0,420,0,0,111,58,2,Z,44,2,86,0,13,73,189,4,1,13,2,-334,0,13,-38,131,2
32851,9.26,T,41,0,696,0,0,186,85,1,T,68,0,538,0,26,280,129,3,0,27,0,-158,0,26,94,44,2
32852,3.35,Z,14,0,301,1,7,150,79,1,P,15,0,154,0,8,106,16,2,0,1,0,-147,-1,1,-44,-63,1
32853,9.11,P,26,4,593,0,15,226,87,2,T,61,0,750,0,12,99,88,2,1,35,-4,157,0,-3,-127,1,0
32854,10.25,Z,65,10,616,0,68,133,237,0,T,104,0,419,0,183,250,165,14,1,39,-10,-197,0,115,117,-72,14
32855,7.35,Z,35,0,108,0,51,28,115,3,Z,40,0,270,0,408,74,121,16,1,5,0,162,0,357,46,6,13
32856,9.29,Z,67,2,388,0,218,265,379,1,P,73,0,747,0,114,217,122,9,0,6,-2,359,0,-104,-48,-257,8
32857,4.55,Z,26,0,246,0,43,126,224,4,P,37,3,215,0,19,170,108,0,1,11,3,-31,0,-24,44,-116,-4
32858,4.55,Z,27,1,130,0,71,131,114,3,T,24,2,120,0,1,55,70,0,1,-3,1,-10,0,-70,-76,-44,-3
32859,9.58,P,60,0,482,0,25,136,73,9,T,94,9,568,0,67,240,131,2,0,34,9,86,0,42,104,58,-7
32860,0.39,P,2,0,1,0,2,3,2,2,T,1,1,29,0,0,6,4,0,0,-1,1,28,0,-2,3,2,-2
32861,9.59,T,76,5,793,0,41,125,114,1,T,52,0,444,0,0,42,80,0,1,-24,-5,-349,0,-41,-83,-34,-1
32862,7.17,T,65,3,448,0,205,250,76,4,Z,33,0,1008,0,35,167,147,7,0,-32,-3,560,0,-170,-83,71,3
32863,9.59,T,67,2,1048,0,400,122,91,0,T,62,0,806,0,2,35,88,0,1,-5,-2,-242,0,-398,-87,-3,0
32864,9.59,T,58,0,577,0,62,163,149,9,P,58,0,518,0,9,123,66,3,1,0,0,-59,0,-53,-40,-83,-6
32865,8.55,P,17,0,485,0,0,59,52,0,P,41,2,444,0,4,126,57,0,1,24,2,-41,0,4,67,5,0
32866,10.18,Z,50,0,301,0,8,100,215,9,Z,59,0,772,0,0,96,188,0,1,9,0,471,0,-8,-4,-27,-9
32867,4.11,T,16,0,407,0,7,22,34,3,Z,17,0,129,0,163,59,181,3,0,1,0,-278,0,156,37,147,0
32868,4.24,T,20,0,409,0,14,32,24,2,Z,22,1,137,0,37,71,72,2,1,2,1,-272,0,23,39,48,0
32869,9.58,Z,70,3,476,0,104,168,190,9,P,57,0,668,0,39,196,117,4,1,-13,-3,192,0,-65,28,-73,-5
32870,7.59,T,59,2,399,0,366,249,197,4,Z,57,0,561,0,133,266,214,5,0,-2,-2,162,0,-233,17,17,1
32871,7.14,T,34,1,496,0,117,105,72,11,Z,35,0,378,0,0,39,143,0,0,1,-1,-118,0,-117,-66,71,-11
32872,10.07,Z,54,7,640,0,51,61,184,1,T,67,6,694,0,29,114,98,0,0,13,-1,54,0,-22,53,-86,-1
32873,9.08,T,115,5,685,0,269,296,85,6,Z,65,5,467,0,217,264,202,8,1,-50,0,-218,0,-52,-32,117,2
32874,7.22,T,65,10,342,0,75,103,154,6,T,59,0,410,0,692,151,196,11,0,-6,-10,68,0,617,48,42,5
32875,7.59,T,47,0,626,0,0,115,82,1,P,35,5,560,0,18,82,53,2,0,-12,5,-66,0,18,-33,-29,1
32876,9.59,T,84,4,287,0,823,211,229,6,T,48,0,397,0,19,76,70,3,0,-36,-4,110,0,-804,-135,-159,-3
32877,9.57,Z,57,1,669,0,40,98,171,5,T,58,0,524,0,62,255,146,8,1,1,-1,-145,0,22,157,-25,3
32878,6.32,P,29,0,313,0,14,107,54,3,Z,28,8,474,0,27,83,81,3,0,-1,8,161,0,13,-24,27,0
32879,2.39,P,11,0,135,0,4,124,13,4,P,13,0,84,0,1,55,15,1,0,2,0,-51,0,-3,-69,2,-3
32880,4.57,T,35,0,246,0,466,149,85,13,T,27,0,162,0,47,102,89,6,0,-8,0,-84,0,-419,-47,4,-7
32881,10.45,T,85,0,835,0,205,199,142,13,T,107,1,698,0,431,398,121,5,1,22,1,-137,0,226,199,-21,-8
32882,9.02,P,55,5,592,0,127,260,67,2,Z,45,8,511,0,483,132,151,4,0,-10,3,-81,0,356,-128,84,2
32883,6.56,T,39,0,402,0,40,108,91,12,P,46,0,291,0,250,219,251,7,0,7,0,-111,0,210,111,160,-5
32884,2.44,T,9,2,111,0,196,65,40,1,Z,12,1,74,0,30,33,61,3,0,3,-1,-37,0,-166,-32,21,2
32885,4.12,Z,20,0,280,0,131,52,100,3,T,23,0,372,0,83,79,61,3,0,3,0,92,0,-48,27,-39,0
32886,5.43,T,52,0,349,0,418,212,128,5,T,49,2,261,1,392,91,136,3,0,-3,2,-88,1,-26,-121,8,-2
32887,9.59,P,60,10,727,0,12,256,73,2,Z,64,0,453,0,60,106,210,11,1,4,-10,-274,0,48,-150,137,9
32888,9.59,T,63,0,1107,0,8,338,46,3,P,35,0,674,0,10,254,112,6,0,-28,0,-433,0,2,-84,66,3
32889,9.59,T,40,0,608,0,0,108,59,2,Z,41,8,248,0,17,67,171,1,1,1,8,-360,0,17,-41,112,-1
32890,8.53,P,62,0,538,0,161,152,90,4,T,62,2,349,0,211,341,76,4,0,0,2,-189,0,50,189,-14,0
32891,9.2,T,83,4,503,0,212,177,154,9,T,72,5,809,0,44,58,93,0,0,-11,1,306,0,-168,-119,-61,-9
32892,9.43,T,76,0,570,0,158,224,143,10,T,74,12,739,0,289,141,150,0,0,-2,12,169,0,131,-83,7,-10
32893,9.58,T,98,3,1007,0,1400,239,234,8,Z,86,7,362,0,510,219,312,5,1,-12,4,-645,0,-890,-20,78,-3
32894,6.12,T,34,0,468,0,27,153,121,8,P,27,4,302,0,29,126,57,2,0,-7,4,-166,0,2,-27,-64,-6
32895,4.13,T,19,0,102,0,0,24,136,2,T,17,0,206,0,30,41,30,2,0,-2,0,104,0,30,17,-106,0
32896,9.56,Z,70,6,352,0,284,208,169,10,T,92,6,663,2,287,127,155,1,1,22,0,311,2,3,-81,-14,-9
32897,10,Z,60,0,745,0,39,112,224,4,T,69,0,615,0,1,196,203,2,0,9,0,-130,0,-38,84,-21,-2
32898,5.19,Z,27,3,356,0,45,39,79,3,Z,19,3,162,0,150,32,176,7,1,-8,0,-194,0,105,-7,97,4
32899,3.56,P,16,0,101,0,0,51,32,0,Z,17,1,136,0,14,42,28,1,1,1,1,35,0,14,-9,-4,1
32900,5.38,P,36,0,152,0,74,67,153,3,Z,30,0,113,0,46,83,90,3,1,-6,0,-39,0,-28,16,-63,0
32901,3.09,Z,13,2,98,0,287,48,48,3,P,21,0,120,0,127,64,68,6,0,8,-2,22,0,-160,16,20,3
32902,6.38,Z,36,0,309,0,25,101,131,1,T,32,0,388,0,2,93,42,2,0,-4,0,79,0,-23,-8,-89,1
32903,10.02,Z,54,11,833,0,70,67,212,3,P,40,4,858,0,32,67,35,0,1,-14,-7,25,0,-38,0,-177,-3
32904,9.59,T,79,0,897,0,64,147,110,5,Z,65,2,477,0,198,154,198,11,0,-14,2,-420,0,134,7,88,6
32905,9.58,T,43,0,687,0,0,129,88,1,T,45,0,272,0,0,32,80,0,0,2,0,-415,0,0,-97,-8,-1
32906,9.57,P,58,6,408,0,35,168,91,2,P,32,0,415,0,0,82,57,0,1,-26,-6,7,0,-35,-86,-34,-2
32907,9.59,T,73,0,854,0,8,148,122,3,P,141,0,259,0,54,348,257,9,1,68,0,-595,0,46,200,135,6
32908,5.41,Z,32,0,542,0,17,25,288,2,P,31,4,244,0,10,182,25,0,1,-1,4,-298,0,-7,157,-263,-2
32909,8.09,P,64,3,376,0,195,186,100,1,Z,48,2,406,0,187,160,282,3,1,-16,-1,30,0,-8,-26,182,2
32910,7.05,Z,41,0,309,0,35,116,149,21,P,52,6,286,0,205,145,57,2,0,11,6,-23,0,170,29,-92,-19
32911,10.29,T,104,0,471,0,830,155,228,17,P,87,11,518,0,119,191,143,2,1,-17,11,47,0,-711,36,-85,-15
32912,5.02,Z,18,0,508,0,12,16,58,3,P,16,0,149,0,1,69,63,1,1,-2,0,-359,0,-11,53,5,-2
32913,2.41,Z,10,0,88,0,42,36,71,2,T,11,1,90,0,117,61,49,5,0,1,1,2,0,75,25,-22,3
32914,10.22,P,95,7,581,0,239,299,151,14,P,96,12,484,0,510,392,201,19,0,1,5,-97,0,271,93,50,5
32915,9.59,T,76,0,482,0,0,110,110,0,Z,65,0,493,0,318,124,161,3,0,-11,0,11,0,318,14,51,3
32916,9.59,T,53,0,1744,0,0,62,72,0,Z,45,0,155,0,11,36,151,3,1,-8,0,-1589,0,11,-26,79,3
32917,2.34,T,12,2,105,0,113,22,55,0,Z,10,0,33,0,33,16,93,0,0,-2,-2,-72,0,-80,-6,38,0
32918,7.34,Z,35,7,316,0,90,165,213,0,P,26,0,151,0,0,30,45,0,0,-9,-7,-165,0,-90,-135,-168,0
32919,5.53,Z,27,0,397,0,442,132,122,5,T,45,2,348,0,246,269,66,9,0,18,2,-49,0,-196,137,-56,4
32920,9.28,Z,72,0,540,0,73,173,262,2,T,81,2,699,0,146,122,71,12,1,9,2,159,0,73,-51,-191,10
32921,4.55,Z,33,0,193,13,66,99,113,0,Z,25,2,118,0,12,26,77,0,0,-8,2,-75,-13,-54,-73,-36,0
32922,9.35,Z,46,0,252,0,44,165,237,13,Z,52,12,446,0,136,252,232,0,1,6,12,194,0,92,87,-5,-13
32923,5.35,T,52,1,277,0,409,149,64,12,T,35,0,305,0,10,73,43,3,1,-17,-1,28,0,-399,-76,-21,-9
32924,4.07,T,18,0,119,0,0,13,24,1,P,21,1,109,0,6,80,22,2,1,3,1,-10,0,6,67,-2,1
32925,8.4,Z,34,7,195,0,23,47,112,0,P,36,0,534,0,0,51,102,0,1,2,-7,339,0,-23,4,-10,0
32926,9.59,Z,51,6,495,0,21,175,139,0,T,64,1,336,0,20,58,103,8,0,13,-5,-159,0,-1,-117,-36,8
32927,10.35,Z,55,2,336,0,85,157,208,4,T,90,5,583,0,54,239,76,6,1,35,3,247,0,-31,82,-132,2
32928,9.59,P,49,0,333,0,18,124,90,8,T,56,0,769,0,0,206,88,0,1,7,0,436,0,-18,82,-2,-8
32929,7.01,Z,43,3,265,0,310,210,359,5,P,57,0,221,0,327,180,101,9,1,14,-3,-44,0,17,-30,-258,4
32930,6.26,T,51,4,608,0,136,124,126,2,P,32,1,142,0,46,99,36,4,0,-19,-3,-466,0,-90,-25,-90,2
32931,9.59,Z,116,0,462,0,308,346,364,16,T,107,11,635,0,149,309,242,28,1,-9,11,173,0,-159,-37,-122,12
32932,10.07,P,47,0,430,0,0,75,65,2,Z,76,0,402,0,0,92,253,4,1,29,0,-28,0,0,17,188,2
32933,1.5,T,6,0,147,0,0,2,8,0,T,5,0,54,0,0,6,9,0,1,-1,0,-93,0,0,4,1,0
32934,6.47,P,40,4,251,0,25,128,84,1,Z,37,2,213,0,53,108,134,1,1,-3,-2,-38,0,28,-20,50,0
32935,3.21,P,9,0,152,0,1,28,18,1,P,13,0,90,0,0,38,14,1,1,4,0,-62,0,-1,10,-4,0
32936,10.55,T,93,8,812,0,326,335,149,3,T,106,7,1132,0,122,300,136,1,1,13,-1,320,0,-204,-35,-13,-2
32937,9.59,Z,61,0,580,0,0,64,221,0,T,85,1,459,0,20,103,98,7,1,24,1,-121,0,20,39,-123,7
32938,6.1,Z,26,0,461,0,10,56,77,0,T,7,0,629,0,0,5,34,0,0,-19,0,168,0,-10,-51,-43,0
32939,1.2,P,8,0,46,0,64,57,12,1,Z,6,0,138,0,14,26,27,3,1,-2,0,92,0,-50,-31,15,2
32940,5.36,Z,50,0,305,0,28,126,129,4,T,40,0,326,0,1,99,109,2,0,-10,0,21,0,-27,-27,-20,-2
32941,8.54,T,48,0,1036,0,17,52,87,3,Z,42,4,408,0,42,157,156,0,0,-6,4,-628,0,25,105,69,-3
32942,9.59,T,103,0,612,0,78,204,296,12,P,85,0,455,0,327,249,298,19,1,-18,0,-157,0,249,45,2,7
32943,9.58,Z,43,0,714,0,22,63,132,4,T,64,3,498,0,6,48,77,0,0,21,3,-216,0,-16,-15,-55,-4
32944,9.02,Z,70,0,178,0,33,70,242,2,Z,53,0,194,0,24,855,178,17,0,-17,0,16,0,-9,785,-64,15
32945,9.59,T,65,3,800,0,11,153,104,4,Z,66,10,161,0,57,136,261,4,1,1,7,-639,0,46,-17,157,0
32946,6.45,Z,43,0,436,0,76,215,156,8,T,73,7,524,0,363,157,81,2,1,30,7,88,0,287,-58,-75,-6
32947,5.09,P,35,2,187,0,143,113,26,1,T,42,3,228,0,344,114,178,5,1,7,1,41,0,201,1,152,4
32948,3.04,Z,11,1,231,0,268,34,62,3,T,13,2,214,0,381,32,72,2,0,2,1,-17,0,113,-2,10,-1
32949,9.2,P,35,0,675,0,0,259,73,0,P,47,1,288,0,23,267,282,3,1,12,1,-387,0,23,8,209,3
32950,7.37,Z,40,0,274,10,91,175,194,5,T,70,0,799,0,69,215,94,8,1,30,0,525,-10,-22,40,-100,3
32951,6.01,T,37,3,608,0,21,173,157,3,P,26,0,250,0,16,71,36,2,1,-11,-3,-358,0,-5,-102,-121,-1
32952,9.59,Z,77,3,279,0,69,219,212,9,T,67,0,576,0,85,300,114,7,0,-10,-3,297,0,16,81,-98,-2
32953,6,Z,27,2,220,0,34,81,85,10,P,34,0,203,0,329,162,31,8,0,7,-2,-17,0,295,81,-54,-2
32954,7.38,P,30,0,285,0,5,209,34,0,Z,31,0,193,0,41,60,111,3,1,1,0,-92,0,36,-149,77,3
32955,9.12,P,54,0,947,0,16,124,84,1,Z,65,0,243,0,10,54,182,3,1,11,0,-704,0,-6,-70,98,2
32956,6.09,P,18,1,318,0,30,201,47,2,P,20,0,263,0,0,107,42,1,0,2,-1,-55,0,-30,-94,-5,-1
32957,10.43,T,103,0,570,0,555,262,237,6,T,98,6,667,0,408,221,131,5,1,-5,6,97,0,-147,-41,-106,-1
32958,9.45,Z,63,5,248,2,482,247,308,6,Z,58,4,472,0,54,280,196,0,0,-5,-1,224,-2,-428,33,-112,-6
32959,9.59,T,61,6,511,0,10,470,136,1,P,65,0,318,0,335,203,128,7,1,4,-6,-193,0,325,-267,-8,6
32960,7.48,T,89,0,424,0,386,243,329,6,Z,49,0,519,0,21,108,151,3,0,-40,0,95,0,-365,-135,-178,-3
32961,8.29,T,68,0,498,0,648,300,84,4,P,55,0,342,0,9,170,129,3,0,-13,0,-156,0,-639,-130,45,-1
32962,8.58,T,62,5,866,0,30,102,90,6,Z,55,0,482,0,19,82,159,1,1,-7,-5,-384,0,-11,-20,69,-5
32963,9.59,P,91,1,984,0,76,187,99,9,T,84,0,465,0,15,218,179,16,1,-7,-1,-519,0,-61,31,80,7
32964,5.59,T,33,2,259,0,433,112,123,9,T,28,1,318,0,532,64,47,4,0,-5,-1,59,0,99,-48,-76,-5
32965,2.08,T,11,2,96,0,3,22,18,0,P,10,0,55,0,0,13,13,0,1,-1,-2,-41,0,-3,-9,-5,0
32966,9.43,T,54,0,933,0,6,229,120,2,T,66,0,574,0,19,266,153,4,1,12,0,-359,0,13,37,33,2
32967,7.45,Z,52,2,353,0,38,241,115,3,T,115,2,676,0,759,227,133,11,1,63,0,323,0,721,-14,18,8
32968,5.12,P,17,3,287,0,4,64,73,1,P,26,2,310,0,4,140,31,5,1,9,-1,23,0,0,76,-42,4
32969,8.31,Z,37,8,305,0,89,248,169,2,P,21,0,318,0,4,64,46,3,0,-16,-8,13,0,-85,-184,-123,1
32970,10.22,Z,54,6,463,0,199,194,307,2,T,79,0,548,0,212,209,160,13,1,25,-6,85,0,13,15,-147,11
32971,2.58,Z,9,0,82,4,9,39,30,0,Z,10,0,131,0,20,28,40,2,0,1,0,49,-4,11,-11,10,2
32972,9.59,Z,64,0,624,0,53,64,193,5,P,68,0,496,0,66,364,96,17,0,4,0,-128,0,13,300,-97,12
32973,6.21,P,29,0,412,0,25,209,42,2,Z,25,3,205,0,128,63,190,0,1,-4,3,-207,0,103,-146,148,-2
32974,0.52,Z,2,0,35,0,1,27,45,1,Z,3,0,32,0,14,17,31,1,0,1,0,-3,0,13,-10,-14,0
32975,9.47,P,36,0,541,2,16,53,41,0,P,32,0,366,0,0,26,40,0,1,-4,0,-175,-2,-16,-27,-1,0
32976,5.14,T,42,1,206,0,140,138,84,5,T,33,1,159,0,254,124,119,4,0,-9,0,-47,0,114,-14,35,-1
32977,9.59,Z,86,6,351,0,302,300,291,6,Z,74,0,594,0,470,273,339,20,0,-12,-6,243,0,168,-27,48,14
32978,9.59,T,65,0,445,0,74,288,146,6,Z,70,3,264,3,26,134,276,7,0,5,3,-181,3,-48,-154,130,1
32979,9.59,Z,69,0,738,0,293,173,206,10,P,68,1,504,0,33,167,85,9,0,-1,1,-234,0,-260,-6,-121,-1
32980,9.32,Z,76,0,519,0,619,197,367,9,P,79,0,199,0,43,94,91,5,0,3,0,-320,0,-576,-103,-276,-4
32981,5.55,T,35,0,535,0,14,39,91,6,P,24,0,275,0,14,84,24,3,0,-11,0,-260,0,0,45,-67,-3
32982,6.3,Z,31,2,188,0,108,46,196,0,Z,24,5,428,0,113,88,168,0,0,-7,3,240,0,5,42,-28,0
32983,8.14,Z,34,1,563,0,79,112,179,0,P,52,3,608,3,121,120,58,1,0,18,2,45,3,42,8,-121,1
32984,9.59,Z,114,8,444,0,179,325,279,1,T,131,3,436,0,369,314,143,9,0,17,-5,-8,0,190,-11,-136,8
32985,5.43,T,63,0,297,0,582,208,142,7,T,53,2,341,0,358,183,156,17,0,-10,2,44,0,-224,-25,14,10
32986,9.56,T,40,2,415,0,5,59,49,0,Z,20,0,370,0,10,44,79,2,1,-20,-2,-45,0,5,-15,30,2
32987,4.12,T,38,1,203,0,116,90,41,6,Z,19,0,114,0,65,63,53,5,1,-19,-1,-89,0,-51,-27,12,-1
32988,4.34,Z,17,3,209,0,24,23,64,0,Z,11,0,126,0,0,12,41,0,0,-6,-3,-83,0,-24,-11,-23,0
32989,6.3,Z,33,8,199,0,242,153,310,0,P,46,2,378,0,344,242,83,19,0,13,-6,179,0,102,89,-227,19
32990,9.04,P,32,3,727,0,3,67,32,0,Z,48,0,374,0,9,47,131,0,1,16,-3,-353,0,6,-20,99,0
32991,8.34,T,90,0,397,0,596,233,94,11,T,67,10,299,0,849,163,113,3,0,-23,10,-98,0,253,-70,19,-8
32992,8.47,P,69,2,736,0,58,163,66,10,T,83,3,347,0,230,142,135,8,1,14,1,-389,0,172,-21,69,-2
32993,9.58,T,109,4,689,0,38,227,122,1,T,85,0,723,0,185,160,92,12,0,-24,-4,34,0,147,-67,-30,11
32994,7.24,Z,61,1,366,18,196,197,291,2,Z,51,0,221,12,384,152,202,1,1,-10,-1,-145,-6,188,-45,-89,-1
32995,5.02,T,35,0,302,0,396,110,47,5,P,28,1,697,0,5,130,38,2,1,-7,1,395,0,-391,20,-9,-3
32996,3.12,T,12,0,120,0,192,129,23,8,Z,11,0,72,0,8,18,26,1,1,-1,0,-48,0,-184,-111,3,-7
32997,9.59,P,55,0,691,0,132,196,122,13,P,52,0,377,0,41,420,111,14,0,-3,0,-314,0,-91,224,-11,1
32998,9.57,Z,58,4,497,0,41,206,248,4,P,94,1,384,0,658,306,115,15,1,36,-3,-113,0,617,100,-133,11
32999,10.52,T,192,0,554,0,127,215,211,15,Z,75,0,469,0,312,249,542,7,0,-117,0,-85,0,185,34,331,-8
33000,7.04,Z,51,10,257,1,122,126,226,2,Z,53,1,301,0,153,127,267,2,0,2,-9,44,-1,31,1,41,0
33001,3.25,P,20,0,48,0,163,70,72,2,T,15,0,197,9,350,47,45,0,0,-5,0,149,9,187,-23,-27,-2
33002,8.17,T,17,0,310,0,0,58,59,0,Z,13,0,444,0,0,144,56,0,0,-4,0,134,0,0,86,-3,0
33003,7.19,P,36,0,364,0,4,234,53,3,P,29,0,723,0,0,75,65,2,0,-7,0,359,0,-4,-159,12,-1
33004,10.26,P,49,0,489,0,2,59,71,2,Z,59,0,703,0,49,80,167,9,1,10,0,214,0,47,21,96,7
33005,10.41,T,48,0,943,0,0,227,97,0,T,102,0,598,0,223,331,192,9,1,54,0,-345,0,223,104,95,9
33006,6.13,T,36,0,269,0,2,51,78,5,Z,35,3,348,0,14,119,118,0,0,-1,3,79,0,12,68,40,-5
33007,2.16,T,2,0,34,0,0,21,4,1,Z,6,0,198,0,27,17,60,4,0,4,0,164,0,27,-4,56,3
33008,9.59,T,55,1,482,0,26,158,88,12,P,54,0,427,3,74,255,82,0,1,-1,-1,-55,3,48,97,-6,-12
33009,9.59,T,115,0,619,0,45,231,313,5,Z,86,0,480,0,247,277,387,8,0,-29,0,-139,0,202,46,74,3
33010,9.59,P,50,1,983,0,29,361,97,1,Z,35,0,327,0,41,85,137,1,1,-15,-1,-656,0,12,-276,40,0
33011,7.21,Z,81,0,243,26,335,339,339,5,T,90,0,259,0,204,237,133,19,0,9,0,16,-26,-131,-102,-206,14
33012,9.59,P,68,0,786,0,267,238,231,15,T,67,0,778,0,62,202,118,11,0,-1,0,-8,0,-205,-36,-113,-4
33013,10.31,T,72,7,618,0,59,48,74,0,T,53,1,567,0,1,24,104,0,0,-19,-6,-51,0,-58,-24,30,0
33014,8.07,Z,28,0,198,0,5,17,90,2,T,50,0,503,0,20,147,91,11,0,22,0,305,0,15,130,1,9
33015,7.07,T,24,0,434,0,0,54,50,1,Z,36,1,273,0,33,128,89,2,0,12,1,-161,0,33,74,39,1
33016,4.11,T,16,0,255,0,0,14,27,0,T,23,0,178,0,41,70,43,2,1,7,0,-77,0,41,56,16,2
33017,0.23,P,1,0,76,0,0,3,1,0,P,1,0,10,0,0,0,1,0,0,0,0,-66,0,0,-3,0,0
33018,9.56,T,76,3,511,0,138,194,147,5,P,61,8,571,0,29,307,108,1,1,-15,5,60,0,-109,113,-39,-4
33019,4.04,P,20,0,195,0,44,95,88,3,P,22,0,204,0,233,118,63,5,1,2,0,9,0,189,23,-25,2
33020,7.58,T,47,3,413,0,32,183,127,2,P,34,0,160,0,24,155,63,8,0,-13,-3,-253,0,-8,-28,-64,6
33021,5.41,T,52,2,293,0,287,152,139,4,P,62,1,254,0,95,147,117,9,1,10,-1,-39,0,-192,-5,-22,5
33022,7.09,P,42,3,428,0,21,212,66,0,T,34,0,481,0,23,102,76,4,0,-8,-3,53,0,2,-110,10,4
33023,4.23,T,29,2,213,0,369,115,196,2,Z,24,2,60,0,147,62,177,4,0,-5,0,-153,0,-222,-53,-19,2
33024,7.25,P,46,0,260,0,19,204,83,3,T,51,0,285,0,423,240,148,6,1,5,0,25,0,404,36,65,3
33025,3.19,T,15,2,223,0,0,16,26,1,T,12,0,138,0,10,17,36,3,0,-3,-2,-85,0,10,1,10,2
33026,5.19,P,37,0,339,0,38,81,59,8,Z,35,5,101,0,37,79,94,0,0,-2,5,-238,0,-1,-2,35,-8
33027,9.59,Z,84,0,956,0,286,330,319,25,T,89,2,617,0,72,288,149,4,0,5,2,-339,0,-214,-42,-170,-21
33028,6.3,P,44,0,340,0,16,136,64,15,Z,34,4,188,0,503,135,251,2,1,-10,4,-152,0,487,-1,187,-13
33029,10.36,P,77,0,559,0,48,171,67,13,T,109,8,628,0,598,319,236,10,0,32,8,69,0,550,148,169,-3
33030,2.27,P,11,0,94,0,7,26,24,1,Z,5,0,74,0,6,9,24,1,0,-6,0,-20,0,-1,-17,0,0
33031,3.3,T,15,2,300,0,5,9,17,2,T,8,2,156,0,0,38,24,0,1,-7,0,-144,0,-5,29,7,-2
33032,9.42,T,80,5,854,0,599,99,106,5,T,111,3,453,0,490,197,119,6,1,31,-2,-401,0,-109,98,13,1
33033,9.09,Z,54,6,698,0,31,189,175,2,T,65,0,487,0,7,146,102,3,0,11,-6,-211,0,-24,-43,-73,1
33034,1.59,Z,5,1,40,0,70,36,111,2,P,12,1,109,0,5,72,16,5,0,7,0,69,0,-65,36,-95,3
33035,3.31,Z,9,1,137,0,7,18,39,1,T,16,0,354,0,0,19,14,0,0,7,-1,217,0,-7,1,-25,-1
33036,9.59,Z,61,7,658,0,84,122,220,3,P,62,19,605,0,15,244,97,2,0,1,12,-53,0,-69,122,-123,-1
33037,5.34,T,35,0,219,0,2,52,111,3,T,38,0,237,0,7,127,199,2,0,3,0,18,0,5,75,88,-1
33038,10.11,T,69,6,669,0,129,102,82,2,P,56,0,433,0,24,102,73,4,1,-13,-6,-236,0,-105,0,-9,2
33039,8.14,P,35,0,262,0,75,98,69,3,Z,60,3,303,0,1162,194,131,14,1,25,3,41,0,1087,96,62,11
33040,5.02,P,22,0,240,0,5,95,55,3,P,21,0,214,0,37,90,32,4,0,-1,0,-26,0,32,-5,-23,1
33041,10.18,Z,86,0,435,0,1092,321,309,6,T,93,0,632,0,135,313,201,9,1,7,0,197,0,-957,-8,-108,3
33042,9.58,T,33,3,484,0,4,44,58,0,P,49,0,431,0,4,136,72,1,0,16,-3,-53,0,0,92,14,1
33043,9.59,P,62,5,493,0,516,261,176,6,T,99,0,430,0,84,189,130,14,0,37,-5,-63,0,-432,-72,-46,8
33044,8.3,Z,45,2,321,0,27,49,154,0,Z,32,0,380,0,27,122,145,0,0,-13,-2,59,0,0,73,-9,0
33045,9.59,P,73,6,490,0,416,261,93,2,Z,46,0,557,0,45,220,171,1,0,-27,-6,67,0,-371,-41,78,-1
33046,10.19,T,65,0,728,0,25,217,106,5,T,47,0,849,0,0,56,105,0,1,-18,0,121,0,-25,-161,-1,-5
33047,5.49,T,52,3,258,0,110,102,76,8,T,36,0,155,0,24,187,87,3,1,-16,-3,-103,0,-86,85,11,-5
33048,10,P,72,0,422,0,86,153,174,7,Z,72,3,318,0,882,167,520,3,1,0,3,-104,0,796,14,346,-4
33049,10.5,Z,113,19,633,0,803,343,572,5,T,149,4,368,1,650,370,173,17,0,36,-15,-265,1,-153,27,-399,12
33050,9.59,P,38,3,739,0,40,89,35,0,T,61,11,461,0,28,77,55,0,0,23,8,-278,0,-12,-12,20,0
33051,5.1,P,11,0,460,0,7,112,28,2,P,16,0,286,0,0,47,10,0,0,5,0,-174,0,-7,-65,-18,-2
33052,6.53,T,87,2,244,0,306,195,125,8,Z,67,6,196,4,204,238,211,9,1,-20,4,-48,4,-102,43,86,1
33053,8.14,P,66,0,322,0,92,203,91,8,T,61,0,461,0,632,217,200,7,0,-5,0,139,0,540,14,109,-1
33054,9.59,T,75,6,479,0,28,64,79,0,Z,65,0,511,0,1,123,272,3,0,-10,-6,32,0,-27,59,193,3
33055,5.15,T,17,4,470,0,22,81,35,3,T,26,0,344,0,2,40,50,1,1,9,-4,-126,0,-20,-41,15,-2
33056,9.13,P,36,1,486,0,9,202,68,0,P,57,5,604,0,315,210,80,2,1,21,4,118,0,306,8,12,2
33057,6.16,T,49,1,615,0,139,277,59,4,T,42,0,337,0,345,97,70,10,0,-7,-1,-278,0,206,-180,11,6
33058,9.59,T,92,3,728,0,114,181,213,0,P,101,0,407,0,34,298,158,2,1,9,-3,-321,0,-80,117,-55,2
33059,5.5,P,45,0,182,0,18,141,78,9,T,43,3,315,0,250,131,94,4,1,-2,3,133,0,232,-10,16,-5
33060,9.13,Z,43,27,291,0,53,193,188,6,T,36,12,856,0,23,167,93,0,0,-7,-15,565,0,-30,-26,-95,-6
33061,10.02,Z,101,0,558,0,383,354,589,5,T,213,0,525,0,691,447,250,18,1,112,0,-33,0,308,93,-339,13
33062,9.59,T,92,2,360,0,620,308,197,13,T,91,0,641,0,717,562,82,10,0,-1,-2,281,0,97,254,-115,-3
33063,4.53,Z,23,0,322,0,32,156,120,4,P,21,0,229,0,56,93,63,1,0,-2,0,-93,0,24,-63,-57,-3
33064,9.56,P,54,0,537,0,0,175,114,0,P,42,0,722,0,9,288,102,4,1,-12,0,185,0,9,113,-12,4
33065,10.08,P,52,0,494,0,34,165,63,7,T,91,0,543,0,83,357,185,5,0,39,0,49,0,49,192,122,-2
33066,9.59,P,61,12,409,2,229,153,176,3,T,89,0,601,0,70,132,94,6,1,28,-12,192,-2,-159,-21,-82,3
33067,8.57,Z,73,3,438,0,155,209,296,0,T,57,10,683,0,10,90,122,9,0,-16,7,245,0,-145,-119,-174,9
33068,5.07,P,25,0,209,0,1,79,42,4,Z,19,2,317,0,40,44,88,2,0,-6,2,108,0,39,-35,46,-2
33069,10.53,T,89,0,617,0,326,224,129,8,P,85,8,519,0,144,336,66,7,1,-4,8,-98,0,-182,112,-63,-1
33070,9.59,Z,65,0,608,0,218,181,292,20,P,67,1,673,3,90,394,152,0,1,2,1,65,3,-128,213,-140,-20
33071,9.59,P,66,4,652,0,34,339,104,3,P,57,0,511,0,27,152,77,10,0,-9,-4,-141,0,-7,-187,-27,7
33072,7.53,Z,47,0,250,0,0,106,139,1,P,50,0,496,0,119,131,44,6,1,3,0,246,0,119,25,-95,5
33073,6.18,Z,43,2,331,0,250,104,162,7,Z,39,0,282,0,126,164,124,6,1,-4,-2,-49,0,-124,60,-38,-1
33074,8.31,Z,39,0,333,0,89,328,224,10,T,50,7,535,0,71,171,155,4,1,11,7,202,0,-18,-157,-69,-6
33075,6.1,T,54,0,444,0,506,173,117,7,P,28,0,749,0,20,93,70,2,1,-26,0,305,0,-486,-80,-47,-5
33076,4.18,Z,18,0,140,0,7,17,74,0,P,18,0,78,0,0,27,25,0,1,0,0,-62,0,-7,10,-49,0
33077,8.22,Z,26,0,245,0,5,60,105,2,T,42,0,926,0,0,107,101,3,1,16,0,681,0,-5,47,-4,1
33078,9.12,T,66,0,780,0,40,118,86,1,P,54,3,254,0,25,150,65,1,1,-12,3,-526,0,-15,32,-21,0
33079,5.46,T,26,0,234,0,1,57,58,2,T,32,0,230,0,8,60,90,3,1,6,0,-4,0,7,3,32,1
33080,3.08,T,14,0,64,0,169,71,118,4,P,14,3,170,0,198,84,26,3,1,0,3,106,0,29,13,-92,-1
33081,5.12,T,25,0,139,0,19,20,22,3,Z,24,3,137,0,283,64,111,4,1,-1,3,-2,0,264,44,89,1
33082,9.44,P,56,4,339,0,30,144,80,5,T,59,10,344,0,94,200,124,4,1,3,6,5,0,64,56,44,-1
33083,9.59,T,82,0,835,0,33,231,153,11,P,51,0,456,0,11,255,101,7,0,-31,0,-379,0,-22,24,-52,-4
33084,4.24,P,15,0,134,0,336,141,133,5,P,15,2,354,0,282,67,31,0,1,0,2,220,0,-54,-74,-102,-5
33085,9.59,Z,57,0,528,0,354,135,281,7,Z,49,0,704,0,27,248,179,2,1,-8,0,176,0,-327,113,-102,-5
33086,6.4,Z,26,0,299,0,138,220,150,5,Z,38,0,392,0,368,232,150,3,1,12,0,93,0,230,12,0,-2
33087,10.1,Z,95,4,536,0,100,277,244,4,T,103,3,690,0,369,312,178,3,0,8,-1,154,0,269,35,-66,-1
33088,5.4,T,45,3,414,0,106,118,40,2,T,23,0,310,0,7,77,46,2,0,-22,-3,-104,0,-99,-41,6,0
33089,8.46,T,54,12,417,0,169,59,74,4,T,28,0,714,0,0,22,50,0,0,-26,-12,297,0,-169,-37,-24,-4
33090,3.05,T,15,0,178,0,65,61,21,3,Z,13,0,74,0,8,14,27,2,1,-2,0,-104,0,-57,-47,6,-1
33091,8.45,T,95,4,339,0,639,175,167,10,Z,55,0,367,0,39,164,188,5,0,-40,-4,28,0,-600,-11,21,-5
33092,4.57,Z,28,0,330,10,38,99,84,0,P,18,0,96,0,172,51,162,1,1,-10,0,-234,-10,134,-48,78,1
33093,5,Z,32,0,231,1,37,140,102,0,Z,27,0,199,0,180,159,158,0,0,-5,0,-32,-1,143,19,56,0
33094,8.4,T,81,7,695,0,43,199,127,2,P,63,5,500,2,384,137,121,4,0,-18,-2,-195,2,341,-62,-6,2
33095,5.51,Z,31,6,257,0,38,111,119,1,Z,27,1,180,0,13,61,136,4,1,-4,-5,-77,0,-25,-50,17,3
33096,0.16,Z,0,2,12,0,14,6,7,0,Z,0,0,5,0,1,2,3,1,0,0,-2,-7,0,-13,-4,-4,1
33097,3.43,Z,18,1,287,0,46,80,72,1,T,14,2,153,0,40,52,47,2,0,-4,1,-134,0,-6,-28,-25,1
33098,9.59,Z,76,3,448,0,167,253,377,11,P,79,0,535,0,146,261,153,7,1,3,-3,87,0,-21,8,-224,-4
33099,2.23,T,12,0,94,0,25,38,16,2,T,13,0,169,0,6,64,11,2,1,1,0,75,0,-19,26,-5,0
33100,9.57,P,54,0,645,0,20,58,75,1,Z,49,2,259,0,41,156,160,5,0,-5,2,-386,0,21,98,85,4
33101,0.17,P,1,0,81,0,0,0,1,0,Z,0,0,0,0,0,0,6,0,1,-1,0,-81,0,0,0,5,0
33102,10.23,T,53,0,481,0,40,176,120,6,T,89,0,740,0,115,278,132,7,0,36,0,259,0,75,102,12,1
33103,4.33,P,30,0,294,0,373,169,55,7,P,18,0,253,0,20,111,21,2,1,-12,0,-41,0,-353,-58,-34,-5
33104,9.01,T,82,5,503,0,403,155,110,10,P,45,5,357,0,48,175,74,1,0,-37,0,-146,0,-355,20,-36,-9
33105,9.59,Z,68,8,561,0,62,91,185,3,P,50,0,955,0,22,115,72,3,1,-18,-8,394,0,-40,24,-113,0
33106,10.26,Z,62,7,260,0,275,103,240,7,Z,36,4,631,0,41,120,143,2,0,-26,-3,371,0,-234,17,-97,-5
33107,7.39,Z,54,7,605,0,50,202,128,4,T,66,7,498,0,30,202,130,6,0,12,0,-107,0,-20,0,2,2
33108,6.53,Z,33,2,404,0,23,28,88,0,Z,32,0,537,0,2,150,109,1,0,-1,-2,133,0,-21,122,21,1
33109,9.59,P,73,12,760,0,728,317,185,3,T,94,0,390,0,123,207,148,6,1,21,-12,-370,0,-605,-110,-37,3
33110,9.5,P,20,0,593,0,0,34,26,0,T,37,0,242,0,25,41,54,9,0,17,0,-351,0,25,7,28,9
33111,9.59,P,66,4,481,0,77,155,113,10,P,79,0,847,0,419,279,117,20,1,13,-4,366,0,342,124,4,10
33112,3.53,Z,15,1,103,0,124,38,37,4,Z,14,0,115,0,236,32,164,4,0,-1,-1,12,0,112,-6,127,0
33113,9.59,Z,48,0,745,0,2,131,161,0,T,61,0,595,0,8,173,86,3,1,13,0,-150,0,6,42,-75,3
33114,9.58,Z,50,2,355,0,31,78,161,11,T,76,1,754,0,55,141,143,7,1,26,-1,399,0,24,63,-18,-4
33115,6.35,T,62,1,468,0,30,175,91,3,T,76,0,376,0,91,220,73,12,1,14,-1,-92,0,61,45,-18,9
33116,3.28,T,12,1,192,0,0,41,32,0,T,11,0,394,0,0,26,25,0,1,-1,-1,202,0,0,-15,-7,0
33117,3.24,Z,14,0,212,0,7,29,49,4,Z,10,0,136,0,25,87,75,4,1,-4,0,-76,0,18,58,26,0
33118,8.15,Z,36,4,403,0,22,83,135,1,T,42,0,308,0,0,63,71,3,1,6,-4,-95,0,-22,-20,-64,2
33119,9.59,Z,47,9,568,0,55,218,214,0,P,65,2,691,0,51,183,101,4,0,18,-7,123,0,-4,-35,-113,4
33120,9.55,T,97,2,489,0,568,535,175,14,Z,56,10,655,0,497,271,318,1,1,-41,8,166,0,-71,-264,143,-13
33121,10.39,T,126,5,491,0,412,241,273,0,T,131,0,1278,0,1097,244,310,23,1,5,-5,787,0,685,3,37,23
33122,9.59,T,124,0,464,1,879,187,250,21,P,91,0,333,0,515,466,174,19,1,-33,0,-131,-1,-364,279,-76,-2
33123,4.57,P,25,1,302,0,22,115,49,0,T,18,0,272,0,30,60,50,5,1,-7,-1,-30,0,8,-55,1,5
33124,5.46,P,26,0,367,0,0,115,34,3,P,26,0,238,0,0,88,54,0,0,0,0,-129,0,0,-27,20,-3
33125,9.59,T,101,0,1037,0,14,139,143,4,P,80,4,526,0,37,206,279,7,1,-21,4,-511,0,23,67,136,3
33126,5.15,T,36,6,179,0,31,52,47,0,Z,30,4,315,0,31,51,74,4,0,-6,-2,136,0,0,-1,27,4
33127,2.15,P,6,0,155,0,1,24,6,2,Z,11,1,47,0,91,42,63,3,0,5,1,-108,0,90,18,57,1
33128,3.24,Z,14,0,88,0,191,53,133,2,Z,16,0,226,0,0,26,123,0,1,2,0,138,0,-191,-27,-10,-2
33129,7.45,Z,50,0,380,23,315,374,213,1,T,103,0,212,0,157,373,105,14,1,53,0,-168,-23,-158,-1,-108,13
33130,4.54,T,27,2,413,0,10,45,41,0,Z,24,3,290,0,20,56,82,2,0,-3,1,-123,0,10,11,41,2
33131,4.49,P,27,0,358,0,0,43,42,0,P,24,0,209,0,38,69,34,8,1,-3,0,-149,0,38,26,-8,8
33132,6.29,P,35,0,417,0,49,128,120,3,Z,27,1,248,0,48,89,119,1,0,-8,1,-169,0,-1,-39,-1,-2
33133,6.22,P,30,0,463,0,91,197,58,6,Z,37,2,197,0,45,51,129,1,1,7,2,-266,0,-46,-146,71,-5
33134,10.09,P,49,0,422,0,341,91,90,6,P,38,2,744,0,0,81,64,0,0,-11,2,322,0,-341,-10,-26,-6
33135,9.59,Z,79,12,373,2,1047,138,397,1,Z,57,0,430,0,361,204,193,3,1,-22,-12,57,-2,-686,66,-204,2
33136,9.59,Z,88,0,447,0,65,203,370,8,T,91,8,557,0,669,203,267,8,1,3,8,110,0,604,0,-103,0
33137,9.59,T,85,0,597,0,406,134,229,6,P,75,6,393,0,161,227,226,6,1,-10,6,-204,0,-245,93,-3,0
33138,5.4,Z,29,3,299,0,17,44,96,4,P,34,0,340,0,41,158,68,1,0,5,-3,41,0,24,114,-28,-3
33139,7.01,T,95,0,224,0,118,201,92,5,Z,47,7,427,0,86,196,174,6,0,-48,7,203,0,-32,-5,82,1
33140,9.59,T,48,1,925,0,1,152,90,3,T,47,0,579,0,12,79,112,11,0,-1,-1,-346,0,11,-73,22,8
33141,9.59,Z,49,0,691,0,44,216,217,6,P,82,6,696,0,39,428,150,1,0,33,6,5,0,-5,212,-67,-5
33142,7.55,T,76,5,483,0,488,273,133,9,Z,58,0,612,0,57,147,184,8,1,-18,-5,129,0,-431,-126,51,-1
33143,4.16,P,10,2,205,0,4,17,7,0,Z,17,0,134,0,21,34,65,1,1,7,-2,-71,0,17,17,58,1
33144,9.59,T,83,5,642,0,369,200,123,7,Z,48,2,538,0,136,186,357,2,1,-35,-3,-104,0,-233,-14,234,-5
33145,9.04,P,66,0,481,0,0,173,78,0,T,62,6,410,0,91,270,215,5,0,-4,6,-71,0,91,97,137,5
33146,10.42,P,74,0,689,0,13,279,153,5,T,82,6,832,0,21,406,135,9,0,8,6,143,0,8,127,-18,4
33147,9.59,P,38,0,305,0,3,72,66,0,Z,52,0,231,0,34,226,188,1,1,14,0,-74,0,31,154,122,1
33148,4.38,T,17,0,384,0,0,67,46,0,T,16,4,592,0,16,104,59,0,1,-1,4,208,0,16,37,13,0
33149,7.24,T,42,0,391,0,232,151,181,21,Z,54,2,504,0,142,246,158,8,1,12,2,113,0,-90,95,-23,-13
33150,9.59,Z,49,1,541,0,0,110,188,0,T,49,0,308,0,0,29,92,11,1,0,-1,-233,0,0,-81,-96,11
33151,10.07,T,39,0,652,0,0,25,67,0,T,30,3,237,0,14,27,33,1,1,-9,3,-415,0,14,2,-34,1
33152,9.59,T,71,3,597,0,126,305,215,6,Z,57,4,502,0,20,332,209,3,0,-14,1,-95,0,-106,27,-6,-3
33153,1.35,P,8,1,116,0,1,16,5,0,P,7,0,23,0,11,11,7,3,0,-1,-1,-93,0,10,-5,2,3
33154,6.2,T,26,1,401,0,3,62,59,2,P,37,3,281,0,118,188,142,2,1,11,2,-120,0,115,126,83,0
33155,9.59,T,82,0,611,0,0,343,150,1,Z,63,5,576,0,36,172,256,0,1,-19,5,-35,0,36,-171,106,-1
33156,5.45,Z,27,1,488,0,66,193,137,1,T,35,4,354,0,24,29,53,0,1,8,3,-134,0,-42,-164,-84,-1
33157,8.34,Z,47,0,280,0,86,139,183,1,Z,53,6,531,0,169,101,264,5,1,6,6,251,0,83,-38,81,4
33158,9.59,Z,66,0,717,0,29,155,143,2,P,45,0,256,0,0,100,70,0,1,-21,0,-461,0,-29,-55,-73,-2
33159,9.58,Z,93,0,462,0,133,217,205,14,T,96,2,413,0,403,192,151,14,1,3,2,-49,0,270,-25,-54,0
33160,3,Z,7,0,17,0,8,13,27,3,P,15,0,105,0,7,30,14,1,0,8,0,88,0,-1,17,-13,-2
33161,9.58,P,33,1,255,0,0,108,70,0,P,37,8,363,0,4,329,241,0,1,4,7,108,0,4,221,171,0
33162,3.14,T,13,2,122,0,8,25,23,0,T,14,0,280,0,34,17,27,0,0,1,-2,158,0,26,-8,4,0
33163,9.06,Z,54,0,555,0,51,182,196,18,T,72,0,533,0,13,213,317,4,1,18,0,-22,0,-38,31,121,-14
33164,7.03,Z,25,1,399,0,50,46,126,2,T,33,4,412,0,8,52,99,2,0,8,3,13,0,-42,6,-27,0
33165,9.34,P,75,5,425,0,311,302,274,4,T,94,0,806,0,611,289,257,11,0,19,-5,381,0,300,-13,-17,7
33166,10.41,Z,47,1,576,0,33,57,148,3,P,69,14,702,0,249,317,83,2,1,22,13,126,0,216,260,-65,-1
33167,9.59,Z,58,0,431,11,481,117,442,1,P,57,0,450,0,32,97,46,8,1,-1,0,19,-11,-449,-20,-396,7
33168,10.3,T,81,0,331,0,84,213,75,9,T,103,0,580,0,159,192,188,7,0,22,0,249,0,75,-21,113,-2
33169,6.11,T,42,0,138,0,131,129,107,13,T,50,0,209,0,307,89,65,5,1,8,0,71,0,176,-40,-42,-8
33170,7.37,Z,63,1,360,0,51,143,150,1,Z,46,4,553,0,80,259,172,3,1,-17,3,193,0,29,116,22,2
33171,5.28,Z,29,0,403,0,266,229,238,3,Z,26,11,197,0,147,142,243,1,1,-3,11,-206,0,-119,-87,5,-2
33172,0.22,T,2,0,7,0,1,6,5,0,Z,1,0,27,0,0,2,5,0,0,-1,0,20,0,-1,-4,0,0
33173,9.59,T,47,0,422,0,0,120,75,0,T,23,0,357,0,0,90,80,0,0,-24,0,-65,0,0,-30,5,0
33174,9.59,Z,158,6,754,1,708,338,394,12,T,160,1,509,0,508,226,172,24,0,2,-5,-245,-1,-200,-112,-222,12
33175,9.59,T,130,10,539,0,795,218,165,8,Z,110,10,569,0,430,302,440,11,1,-20,0,30,0,-365,84,275,3
33176,9.59,Z,80,6,678,0,446,194,322,7,T,99,0,587,0,773,208,124,5,0,19,-6,-91,0,327,14,-198,-2
33177,9.59,Z,57,14,437,0,315,233,210,6,T,121,6,603,0,388,189,129,7,1,64,-8,166,0,73,-44,-81,1
33178,8.49,Z,52,0,513,0,330,192,253,7,P,51,0,286,0,4,101,85,2,1,-1,0,-227,0,-326,-91,-168,-5
33179,3.52,T,13,1,119,0,29,60,40,1,P,15,0,106,0,4,24,30,4,1,2,-1,-13,0,-25,-36,-10,3
33180,5.26,Z,33,6,329,3,435,87,104,0,Z,23,0,342,0,0,36,68,0,0,-10,-6,13,-3,-435,-51,-36,0
33181,4.36,Z,36,0,198,0,443,99,118,7,Z,21,1,223,0,26,63,138,3,0,-15,1,25,0,-417,-36,20,-4
33182,1.18,T,7,0,111,0,0,28,7,1,P,8,0,63,0,68,33,52,2,1,1,0,-48,0,68,5,45,1
33183,7.43,Z,36,1,478,0,16,38,111,0,Z,24,0,246,0,7,76,123,3,0,-12,-1,-232,0,-9,38,12,3
33184,4.37,Z,19,3,315,0,278,119,77,1,T,27,0,281,0,8,52,55,2,1,8,-3,-34,0,-270,-67,-22,1
33185,7.29,Z,44,1,386,0,38,59,125,0,Z,42,12,321,0,114,192,140,10,1,-2,11,-65,0,76,133,15,10
33186,9.56,Z,33,4,406,0,60,120,218,0,Z,53,4,446,0,52,309,134,5,0,20,0,40,0,-8,189,-84,5
33187,4.12,Z,21,0,112,0,1,42,149,0,Z,18,4,152,0,47,30,143,0,0,-3,4,40,0,46,-12,-6,0
33188,6.2,T,42,0,163,0,17,110,62,5,T,40,1,181,0,452,171,203,12,0,-2,1,18,0,435,61,141,7
33189,3.34,T,18,0,169,0,128,59,42,6,T,13,0,148,0,7,37,35,2,0,-5,0,-21,0,-121,-22,-7,-4
33190,8.42,P,55,9,215,0,27,107,64,0,Z,38,5,423,0,312,133,132,0,1,-17,-4,208,0,285,26,68,0
33191,9.45,T,69,0,757,0,9,106,132,4,T,72,9,688,0,54,95,63,1,0,3,9,-69,0,45,-11,-69,-3
33192,3.46,T,20,0,146,0,138,159,22,7,T,30,0,226,0,356,151,79,8,0,10,0,80,0,218,-8,57,1
33193,9.58,T,39,1,487,0,9,107,54,4,Z,35,0,337,0,14,133,200,7,1,-4,-1,-150,0,5,26,146,3
33194,7.34,T,46,3,645,0,350,249,126,9,T,35,0,293,0,21,61,79,4,0,-11,-3,-352,0,-329,-188,-47,-5
33195,2.39,Z,5,0,149,0,6,37,24,0,P,8,0,233,0,0,50,18,1,0,3,0,84,0,-6,13,-6,1
33196,2.27,P,15,2,89,0,3,106,18,0,P,8,0,59,0,185,117,105,3,0,-7,-2,-30,0,182,11,87,3
33197,9.59,Z,81,5,367,0,151,265,361,9,T,111,0,479,0,307,253,177,11,1,30,-5,112,0,156,-12,-184,2
33198,10.07,Z,67,2,335,0,36,103,162,1,T,74,8,412,0,189,322,165,6,0,7,6,77,0,153,219,3,5
33199,6.1,T,42,2,191,0,684,140,192,8,T,42,3,240,0,266,115,299,1,0,0,1,49,0,-418,-25,107,-7
33200,9.36,T,89,16,524,3,379,233,257,1,P,79,0,405,0,126,422,390,6,0,-10,-16,-119,-3,-253,189,133,5
33201,7.15,Z,41,13,286,0,144,167,270,4,Z,64,0,402,0,290,85,234,27,1,23,-13,116,0,146,-82,-36,23
33202,7.59,Z,46,0,395,0,170,122,358,4,T,77,0,333,0,302,259,222,5,0,31,0,-62,0,132,137,-136,1
33203,7.2,P,51,4,359,0,55,197,81,7,P,51,0,376,0,167,167,143,13,1,0,-4,17,0,112,-30,62,6
33204,0.38,T,3,0,78,0,0,15,3,1,P,2,0,7,0,0,2,11,0,1,-1,0,-71,0,0,-13,8,-1
33205,9.59,Z,68,4,603,2,70,186,184,0,T,68,0,492,0,23,65,102,5,1,0,-4,-111,-2,-47,-121,-82,5
33206,5,Z,22,0,167,0,32,52,68,2,P,16,3,175,0,16,26,37,0,1,-6,3,8,0,-16,-26,-31,-2
33207,0.41,T,2,0,65,0,0,6,4,0,T,1,0,6,0,0,0,5,0,1,-1,0,-59,0,0,-6,1,0
33208,4.09,Z,23,0,44,0,93,59,48,5,Z,20,0,89,0,164,55,227,3,1,-3,0,45,0,71,-4,179,-2
33209,9.59,T,76,7,898,0,24,150,130,0,Z,83,0,364,0,234,230,327,9,0,7,-7,-534,0,210,80,197,9
33210,9.41,T,67,0,385,0,14,62,93,7,P,50,1,423,0,36,55,57,3,1,-17,1,38,0,22,-7,-36,-4
33211,9.59,T,60,5,383,0,4,69,108,2,Z,47,2,295,0,75,118,194,8,1,-13,-3,-88,0,71,49,86,6
33212,6.09,P,40,3,382,1,58,208,62,0,P,21,0,411,0,0,143,44,0,0,-19,-3,29,-1,-58,-65,-18,0
33213,1.3,P,5,0,79,0,3,26,5,0,Z,5,0,12,0,0,7,14,0,0,0,0,-67,0,-3,-19,9,0
33214,9.59,T,130,7,469,48,247,266,312,8,P,63,7,487,0,565,285,117,7,0,-67,0,18,-48,318,19,-195,-1
33215,4.47,T,31,0,207,0,63,111,95,3,Z,23,0,96,0,22,94,128,2,1,-8,0,-111,0,-41,-17,33,-1
33216,10.03,T,81,0,657,0,295,253,95,5,T,56,2,540,0,7,123,117,7,0,-25,2,-117,0,-288,-130,22,2
33217,9.59,T,87,1,417,0,165,183,106,9,Z,78,6,595,0,97,181,228,1,1,-9,5,178,0,-68,-2,122,-8
33218,9.59,Z,90,3,595,0,392,283,308,6,P,73,3,783,0,619,305,127,10,1,-17,0,188,0,227,22,-181,4
33219,9.25,T,53,7,565,0,302,184,167,1,Z,70,1,551,0,137,351,202,5,1,17,-6,-14,0,-165,167,35,4
33220,9.58,P,48,0,426,0,0,130,88,0,T,42,0,363,0,0,43,93,0,0,-6,0,-63,0,0,-87,5,0
33221,3.26,T,14,0,217,0,0,59,28,0,Z,10,0,70,0,3,35,53,4,1,-4,0,-147,0,3,-24,25,4
33222,9.58,Z,46,0,711,0,31,227,193,1,Z,43,0,719,0,42,258,179,4,0,-3,0,8,0,11,31,-14,3
33223,5.22,T,39,4,157,0,4,76,331,0,Z,16,1,318,0,6,41,61,3,0,-23,-3,161,0,2,-35,-270,3
33224,4.33,T,33,0,253,0,50,58,71,3,Z,21,0,105,14,29,105,86,0,1,-12,0,-148,14,-21,47,15,-3
33225,4.41,T,24,5,134,0,168,59,33,3,Z,25,0,198,0,17,47,65,1,0,1,-5,64,0,-151,-12,32,-2
33226,3.37,Z,18,0,116,0,6,71,161,3,P,19,0,217,0,99,127,31,2,0,1,0,101,0,93,56,-130,-1
33227,3.03,Z,15,2,84,0,16,17,38,2,Z,15,0,97,0,57,73,97,3,0,0,-2,13,0,41,56,59,1
33228,9.58,P,44,0,371,0,0,147,81,1,Z,62,0,108,0,79,180,167,0,1,18,0,-263,0,79,33,86,-1
33229,9.59,T,88,0,730,0,45,278,94,13,Z,78,0,1149,0,217,158,194,10,1,-10,0,419,0,172,-120,100,-3
33230,5.13,Z,24,2,185,0,55,48,102,0,P,22,2,242,0,15,71,29,1,0,-2,0,57,0,-40,23,-73,1
33231,9.59,Z,46,0,352,0,75,170,143,4,T,59,4,310,0,32,111,78,0,1,13,4,-42,0,-43,-59,-65,-4
33232,6.06,P,27,0,590,0,28,145,84,2,Z,26,0,258,0,2,54,93,2,0,-1,0,-332,0,-26,-91,9,0
33233,9.59,T,70,7,521,0,101,254,96,8,P,44,0,248,0,13,40,52,8,0,-26,-7,-273,0,-88,-214,-44,0
33234,10.44,Z,58,5,601,0,58,117,165,1,P,72,2,547,0,1,354,217,0,0,14,-3,-54,0,-57,237,52,-1
33235,5.42,P,36,1,409,0,360,127,225,6,T,27,0,354,0,0,87,63,2,0,-9,-1,-55,0,-360,-40,-162,-4
33236,4.45,T,33,4,280,0,292,109,125,0,P,26,0,327,0,16,114,45,2,0,-7,-4,47,0,-276,5,-80,2
33237,8.47,Z,44,2,164,0,33,69,141,0,P,48,3,942,0,14,131,63,0,1,4,1,778,0,-19,62,-78,0
33238,9.1,Z,81,0,485,0,593,188,257,11,P,75,0,421,0,151,264,143,25,0,-6,0,-64,0,-442,76,-114,14
33239,9.39,T,59,10,433,0,115,151,98,3,T,57,0,594,0,8,158,72,7,1,-2,-10,161,0,-107,7,-26,4
33240,6.49,T,73,5,299,0,116,259,85,7,P,72,0,317,0,32,317,99,20,0,-1,-5,18,0,-84,58,14,13
33241,0.56,T,6,0,22,0,98,33,6,4,P,0,0,1,0,0,0,0,0,0,-6,0,-21,0,-98,-33,-6,-4
33242,4.23,P,15,5,220,0,208,132,31,2,P,19,4,265,0,4,46,27,0,1,4,-1,45,0,-204,-86,-4,-2
33243,9.59,T,78,3,547,0,104,200,139,2,T,78,0,375,0,342,260,108,12,0,0,-3,-172,0,238,60,-31,10
33244,9.58,T,92,6,492,0,32,207,129,0,P,72,1,928,0,120,239,104,3,0,-20,-5,436,0,88,32,-25,3
33245,6.21,T,51,5,541,0,40,107,89,2,Z,33,0,318,0,127,209,93,4,0,-18,-5,-223,0,87,102,4,2
33246,2.12,P,5,0,105,0,0,49,14,0,P,2,2,53,0,2,99,11,0,1,-3,2,-52,0,2,50,-3,0
33247,1.01,Z,2,0,5,0,19,5,32,3,T,1,0,6,0,0,11,13,0,0,-1,0,1,0,-19,6,-19,-3
33248,9.59,T,45,0,468,0,52,98,69,9,Z,43,7,301,0,45,56,173,1,1,-2,7,-167,0,-7,-42,104,-8
33249,7.33,Z,49,0,298,0,17,121,140,4,T,57,1,593,0,114,172,81,8,1,8,1,295,0,97,51,-59,4
33250,9.52,P,59,0,359,0,197,130,73,6,T,78,0,1106,0,80,140,56,6,1,19,0,747,0,-117,10,-17,0
33251,10.28,T,76,4,979,0,542,311,103,4,P,56,14,414,0,565,281,125,4,1,-20,10,-565,0,23,-30,22,0
33252,9.59,P,55,5,602,0,947,153,91,8,P,53,3,444,0,170,181,65,3,1,-2,-2,-158,0,-777,28,-26,-5
33253,6.41,T,45,1,360,0,67,255,78,0,Z,34,0,209,0,0,85,105,0,1,-11,-1,-151,0,-67,-170,27,0
33254,9.58,T,79,9,358,0,211,204,139,2,P,65,0,396,0,51,135,74,4,1,-14,-9,38,0,-160,-69,-65,2
33255,8.21,Z,57,0,249,15,87,115,213,3,P,65,1,502,0,396,143,61,3,0,8,1,253,-15,309,28,-152,0
33256,9.59,P,107,0,483,0,514,312,133,24,Z,79,8,391,0,643,389,328,2,0,-28,8,-92,0,129,77,195,-22
33257,8.12,P,67,2,213,0,550,186,203,17,T,61,0,339,15,73,129,109,1,1,-6,-2,126,15,-477,-57,-94,-16
33258,3.48,T,21,3,155,0,144,61,27,2,T,14,0,263,0,37,64,66,5,1,-7,-3,108,0,-107,3,39,3
33259,0.47,P,5,0,20,0,21,60,8,1,T,5,0,37,0,52,7,10,6,0,0,0,17,0,31,-53,2,5
33260,3.26,T,13,1,148,0,167,33,21,1,Z,11,1,86,0,33,22,67,2,1,-2,0,-62,0,-134,-11,46,1
33261,3.51,Z,17,0,314,0,13,58,47,2,T,15,0,255,7,16,92,37,0,0,-2,0,-59,7,3,34,-10,-2
33262,9.59,Z,59,0,662,0,287,177,346,4,T,63,2,515,0,47,237,103,3,0,4,2,-147,0,-240,60,-243,-1
33263,9.59,Z,83,6,478,0,380,330,334,7,T,93,10,434,0,335,251,122,8,0,10,4,-44,0,-45,-79,-212,1
33264,9.59,T,143,0,593,0,312,621,217,21,T,115,0,550,0,340,420,211,19,1,-28,0,-43,0,28,-201,-6,-2
33265,9.58,Z,62,6,643,0,191,298,272,0,T,98,6,417,2,406,295,192,20,0,36,0,-226,2,215,-3,-80,20
33266,5.04,Z,21,3,146,0,423,87,112,2,P,18,1,237,0,99,207,60,3,1,-3,-2,91,0,-324,120,-52,1
33267,5.41,T,49,0,155,0,326,174,77,11,P,43,0,331,0,645,87,113,18,1,-6,0,176,0,319,-87,36,7
33268,9.59,T,94,6,581,0,32,298,253,9,T,102,2,475,0,156,309,204,15,0,8,-4,-106,0,124,11,-49,6
33269,7.31,P,44,0,645,0,197,161,37,5,Z,29,0,928,0,25,113,100,3,0,-15,0,283,0,-172,-48,63,-2
33270,9.59,Z,60,8,491,0,70,168,225,2,T,93,0,517,0,115,234,131,13,1,33,-8,26,0,45,66,-94,11
33271,7.14,T,53,8,708,0,48,86,77,2,T,43,4,539,0,47,151,63,4,0,-10,-4,-169,0,-1,65,-14,2
33272,7.27,Z,43,3,381,0,27,171,105,1,Z,42,10,313,0,256,169,188,0,1,-1,7,-68,0,229,-2,83,-1
33273,9.59,T,81,0,514,0,48,212,166,16,Z,76,0,605,0,195,191,362,5,1,-5,0,91,0,147,-21,196,-11
33274,10.35,T,92,0,621,0,93,384,140,21,P,94,0,656,0,70,376,126,15,1,2,0,35,0,-23,-8,-14,-6
33275,8.32,T,74,4,674,0,54,130,80,3,P,51,0,779,0,0,60,51,1,1,-23,-4,105,0,-54,-70,-29,-2
33276,7.01,P,37,0,580,0,0,215,65,0,Z,33,5,410,0,689,138,104,6,1,-4,5,-170,0,689,-77,39,6
33277,9.46,Z,76,22,252,3,123,212,367,1,Z,135,30,469,0,378,300,362,7,1,59,8,217,-3,255,88,-5,6
33278,9.59,P,81,3,761,0,48,274,215,8,Z,77,4,412,0,244,200,325,9,1,-4,1,-349,0,196,-74,110,1
33279,10,Z,42,0,422,0,0,333,177,0,Z,53,0,278,0,29,148,248,4,1,11,0,-144,0,29,-185,71,4
33280,9.59,T,60,5,768,0,48,459,159,4,Z,58,0,425,0,46,203,242,2,1,-2,-5,-343,0,-2,-256,83,-2
33281,2.24,T,9,0,34,0,91,94,46,5,Z,14,0,137,0,233,70,92,4,0,5,0,103,0,142,-24,46,-1
33282,9.58,Z,93,11,479,0,471,291,329,8,T,150,0,402,0,779,253,180,20,0,57,-11,-77,0,308,-38,-149,12
33283,9.59,P,68,0,694,0,59,342,98,5,Z,103,9,553,0,413,349,412,7,1,35,9,-141,0,354,7,314,2
33284,9.59,Z,54,8,819,0,42,162,119,0,T,44,0,345,0,179,209,85,2,1,-10,-8,-474,0,137,47,-34,2
33285,8.57,T,66,5,520,3,350,247,97,3,Z,51,2,747,0,56,167,148,3,1,-15,-3,227,-3,-294,-80,51,0
33286,1.3,T,6,0,6,0,138,5,45,3,T,2,0,89,0,0,38,6,2,1,-4,0,83,0,-138,33,-39,-1
33287,9.49,P,65,0,935,0,0,75,125,0,Z,52,0,260,0,29,112,214,3,0,-13,0,-675,0,29,37,89,3
33288,9.59,T,110,3,577,0,841,242,147,3,T,80,0,552,0,71,170,86,6,0,-30,-3,-25,0,-770,-72,-61,3
33289,9.55,P,47,0,571,0,2,289,95,2,P,35,0,459,0,0,174,78,1,1,-12,0,-112,0,-2,-115,-17,-1
33290,7.04,T,74,3,404,0,338,211,93,7,Z,44,7,333,0,102,176,207,1,0,-30,4,-71,0,-236,-35,114,-6
33291,6.47,Z,40,1,510,0,23,186,217,0,T,68,5,491,0,159,90,54,0,0,28,4,-19,0,136,-96,-163,0
33292,9.59,Z,68,2,489,0,171,518,327,2,T,98,9,566,0,305,208,215,8,0,30,7,77,0,134,-310,-112,6
33293,9.59,T,99,4,585,0,297,228,171,15,P,65,0,564,0,55,378,121,2,0,-34,-4,-21,0,-242,150,-50,-13
33294,9.26,P,69,0,653,0,46,226,83,12,Z,39,0,168,0,385,290,514,3,0,-30,0,-485,0,339,64,431,-9
33295,8.02,P,38,1,442,0,15,57,59,2,Z,37,3,129,0,14,46,128,0,0,-1,2,-313,0,-1,-11,69,-2
33296,7.25,Z,32,1,331,0,50,122,105,7,P,33,2,132,0,20,132,47,0,1,1,1,-199,0,-30,10,-58,-7
33297,8.4,P,41,0,508,0,0,243,83,0,T,55,0,1303,4,70,34,63,0,0,14,0,795,4,70,-209,-20,0
33298,4.05,T,19,0,312,0,9,74,42,1,T,18,2,172,0,1,57,31,0,0,-1,2,-140,0,-8,-17,-11,-1
33299,10.13,P,76,0,823,0,14,99,90,13,Z,72,1,506,9,28,248,253,2,1,-4,1,-317,9,14,149,163,-11
33300,9.59,T,89,5,669,0,84,137,147,3,T,87,11,673,0,1477,327,123,3,1,-2,6,4,0,1393,190,-24,0
33301,9.58,T,66,10,531,0,366,145,95,2,Z,67,13,364,1,189,108,189,3,1,1,3,-167,1,-177,-37,94,1
33302,9.59,Z,77,4,482,0,693,403,338,3,T,111,7,1130,0,446,251,243,5,0,34,3,648,0,-247,-152,-95,2
33303,9.57,T,32,0,115,0,0,25,64,0,P,33,0,585,1,19,105,39,0,1,1,0,470,1,19,80,-25,0
33304,3.04,Z,10,0,121,0,38,55,43,3,Z,7,1,266,0,2,17,37,1,0,-3,1,145,0,-36,-38,-6,-2
33305,1.29,T,5,0,132,0,0,6,12,0,T,7,0,134,0,19,31,12,2,0,2,0,2,0,19,25,0,2
33306,9.57,P,77,6,632,0,71,105,76,4,Z,69,7,948,0,385,147,334,10,1,-8,1,316,0,314,42,258,6
33307,9.58,T,69,3,536,0,49,197,162,0,Z,49,1,285,0,22,130,138,0,1,-20,-2,-251,0,-27,-67,-24,0
33308,4.34,Z,20,3,164,0,17,47,46,1,T,31,1,323,0,7,70,37,3,0,11,-2,159,0,-10,23,-9,2
33309,6.2,Z,39,3,97,0,33,151,113,1,T,47,3,261,0,63,244,102,1,1,8,0,164,0,30,93,-11,0
33310,9.59,Z,107,0,445,0,188,318,345,6,P,86,0,529,0,191,264,184,12,0,-21,0,84,0,3,-54,-161,6
33311,6.36,Z,40,4,365,0,22,28,99,0,Z,29,0,418,0,50,106,113,7,1,-11,-4,53,0,28,78,14,7
33312,4.59,Z,27,0,120,0,22,129,92,4,Z,27,0,131,0,27,93,99,1,1,0,0,11,0,5,-36,7,-3
33313,4.05,T,18,0,247,0,17,75,20,4,P,16,0,167,0,2,104,18,4,0,-2,0,-80,0,-15,29,-2,0
33314,9.59,Z,84,0,496,0,222,357,321,13,T,121,0,650,0,177,383,191,16,0,37,0,154,0,-45,26,-130,3
33315,9.24,Z,54,0,726,0,11,116,160,1,T,99,4,234,0,201,176,162,3,1,45,4,-492,0,190,60,2,2
33316,7.56,Z,48,6,252,0,105,114,159,2,Z,35,0,471,0,31,22,115,2,0,-13,-6,219,0,-74,-92,-44,0
33317,9.59,P,48,6,477,0,11,205,52,0,P,46,4,488,0,11,100,78,0,1,-2,-2,11,0,0,-105,26,0
33318,9.59,T,106,10,441,2,85,282,98,1,Z,69,2,571,0,20,215,292,2,0,-37,-8,130,-2,-65,-67,194,1
33319,9.59,T,129,0,712,0,79,411,100,8,T,130,0,743,0,325,371,218,19,0,1,0,31,0,246,-40,118,11
33320,5.4,P,23,0,256,0,0,62,37,0,T,20,0,425,0,18,5,30,1,1,-3,0,169,0,18,-57,-7,1
33321,6.13,Z,19,0,220,0,0,43,74,2,T,44,2,445,0,86,200,85,1,1,25,2,225,0,86,157,11,-1
33322,6.35,T,27,0,401,0,20,138,27,3,P,10,0,240,0,0,115,32,0,0,-17,0,-161,0,-20,-23,5,-3
33323,8.28,P,55,0,593,0,36,212,94,11,T,62,0,639,0,97,170,388,5,1,7,0,46,0,61,-42,294,-6
33324,9.57,T,94,0,595,0,104,261,136,13,P,87,0,577,0,286,255,143,10,0,-7,0,-18,0,182,-6,7,-3
33325,3.29,T,18,0,278,0,17,136,23,0,P,16,1,118,0,4,84,29,0,1,-2,1,-160,0,-13,-52,6,0
33326,10.3,P,126,5,577,0,615,256,127,11,Z,73,4,1065,0,55,167,219,0,0,-53,-1,488,0,-560,-89,92,-11
33327,9.58,T,93,3,396,0,179,241,252,7,T,95,5,596,0,308,306,261,12,0,2,2,200,0,129,65,9,5
33328,3.49,P,20,0,188,0,6,64,24,4,Z,19,1,168,0,16,54,60,1,1,-1,1,-20,0,10,-10,36,-3
33329,10.54,P,42,0,799,0,0,174,71,0,P,57,3,828,0,21,164,82,0,1,15,3,29,0,21,-10,11,0
33330,7.06,Z,19,2,146,0,14,73,90,0,T,53,5,432,0,16,106,91,1,1,34,3,286,0,2,33,1,1
33331,9.14,P,29,0,464,0,9,97,49,2,T,48,0,402,0,16,148,71,4,0,19,0,-62,0,7,51,22,2
33332,6.36,T,29,0,471,0,3,38,64,2,Z,24,0,124,0,17,17,76,3,1,-5,0,-347,0,14,-21,12,1
33333,9.59,P,62,2,557,0,35,304,169,9,T,66,2,720,0,102,129,149,3,0,4,0,163,0,67,-175,-20,-6
33334,9.59,Z,78,7,450,1,212,264,407,6,T,70,0,663,0,255,282,112,9,0,-8,-7,213,-1,43,18,-295,3
33335,9.13,P,39,0,689,0,7,232,89,5,P,45,1,444,0,26,106,58,3,1,6,1,-245,0,19,-126,-31,-2
33336,4.36,T,13,1,69,0,7,20,24,2,P,16,0,252,0,1,136,41,1,1,3,-1,183,0,-6,116,17,-1
33337,9.59,Z,49,0,621,0,29,87,178,2,T,54,0,728,0,0,176,114,3,1,5,0,107,0,-29,89,-64,1
33338,2.59,T,14,0,171,0,18,46,48,2,T,14,0,97,0,71,66,42,4,1,0,0,-74,0,53,20,-6,2
33339,9.58,T,204,0,471,0,172,598,166,22,Z,63,0,552,0,162,458,326,3,0,-141,0,81,0,-10,-140,160,-19
33340,3.36,T,13,0,189,0,17,11,20,2,T,12,2,86,0,67,84,50,2,1,-1,2,-103,0,50,73,30,0
33341,9.59,T,64,0,290,0,6,89,94,4,P,60,7,587,0,412,137,88,6,1,-4,7,297,0,406,48,-6,2
33342,3.51,Z,18,0,207,0,348,80,149,6,T,34,0,116,0,190,137,89,7,0,16,0,-91,0,-158,57,-60,1
33343,9.54,T,76,0,483,0,14,252,83,5,Z,63,9,982,0,62,117,196,3,0,-13,9,499,0,48,-135,113,-2
33344,9.32,Z,57,6,396,0,40,174,228,8,Z,66,3,545,0,50,482,252,3,1,9,-3,149,0,10,308,24,-5
33345,9.58,T,53,2,148,0,346,101,398,6,T,41,0,384,0,12,50,62,4,0,-12,-2,236,0,-334,-51,-336,-2
33346,3.11,T,20,0,142,0,37,45,33,3,T,13,0,159,0,0,30,88,6,1,-7,0,17,0,-37,-15,55,3
33347,9.59,T,130,5,406,0,216,324,141,14,Z,78,11,596,5,330,312,298,2,0,-52,6,190,5,114,-12,157,-12
33348,3.27,T,16,0,83,0,283,34,14,6,T,16,0,157,0,198,73,63,4,0,0,0,74,0,-85,39,49,-2
33349,9.51,P,42,0,212,0,88,62,55,5,Z,36,0,413,0,4,228,143,2,0,-6,0,201,0,-84,166,88,-3
33350,5.12,Z,20,0,189,0,161,38,69,3,T,30,2,446,0,6,86,64,1,1,10,2,257,0,-155,48,-5,-2
33351,2.59,T,18,0,212,0,26,67,70,3,Z,15,1,72,0,12,16,32,0,1,-3,1,-140,0,-14,-51,-38,-3
33352,7.04,T,41,0,449,0,10,169,110,1,T,44,5,219,0,11,77,96,0,0,3,5,-230,0,1,-92,-14,-1
33353,8.4,P,64,2,602,0,14,198,74,0,T,62,6,520,2,101,276,87,0,1,-2,4,-82,2,87,78,13,0
33354,8.47,T,65,0,358,0,302,130,188,7,P,42,0,558,0,33,132,34,3,0,-23,0,200,0,-269,2,-154,-4
33355,6.12,P,23,0,428,0,26,53,37,7,T,31,4,211,0,43,49,50,2,0,8,4,-217,0,17,-4,13,-5
33356,4.01,T,28,0,224,0,220,95,89,9,T,35,0,195,0,312,161,78,1,1,7,0,-29,0,92,66,-11,-8
33357,8.49,P,43,0,527,0,17,80,65,4,Z,34,9,309,0,94,111,143,1,1,-9,9,-218,0,77,31,78,-3
33358,7.35,Z,30,0,485,6,76,61,148,1,T,44,5,329,0,158,97,82,3,1,14,5,-156,-6,82,36,-66,2
33359,8.02,P,74,2,313,0,95,323,132,5,Z,32,3,730,0,35,152,93,5,1,-42,1,417,0,-60,-171,-39,0
33360,3.36,P,7,0,117,0,1,105,23,1,T,11,0,189,0,2,25,23,2,1,4,0,72,0,1,-80,0,1
33361,8.14,Z,49,11,368,0,94,157,156,1,Z,41,1,333,0,621,80,148,6,0,-8,-10,-35,0,527,-77,-8,5
33362,9.59,T,43,0,808,0,0,68,73,0,T,59,3,325,0,28,80,100,0,0,16,3,-483,0,28,12,27,0
33363,6.46,T,45,4,360,0,29,170,71,0,T,31,0,244,0,12,47,68,4,0,-14,-4,-116,0,-17,-123,-3,4
33364,9.59,T,76,7,533,0,422,225,129,8,T,98,7,318,0,177,246,129,0,1,22,0,-215,0,-245,21,0,-8
33365,9.59,T,98,6,579,0,92,140,181,6,Z,86,0,351,0,326,173,302,6,0,-12,-6,-228,0,234,33,121,0
33366,10.03,P,57,0,885,0,7,168,87,2,P,72,0,532,0,9,103,97,3,0,15,0,-353,0,2,-65,10,1
33367,7.36,T,71,0,518,0,93,173,99,7,Z,40,3,245,0,417,94,143,11,0,-31,3,-273,0,324,-79,44,4
33368,9.38,Z,62,1,828,0,159,220,247,1,T,102,0,590,0,516,276,118,4,1,40,-1,-238,0,357,56,-129,3
33369,4.36,T,30,5,199,0,336,156,121,14,T,26,3,260,0,28,125,78,0,1,-4,-2,61,0,-308,-31,-43,-14
33370,9.59,P,70,0,579,0,30,207,127,4,T,64,0,636,0,95,299,115,12,0,-6,0,57,0,65,92,-12,8
33371,4.53,T,22,0,425,0,0,13,44,0,Z,28,0,354,0,0,127,86,0,1,6,0,-71,0,0,114,42,0
33372,9.58,Z,52,0,408,70,187,164,278,2,Z,57,4,692,0,80,60,153,3,0,5,4,284,-70,-107,-104,-125,1
33373,6.22,P,35,5,308,0,211,158,97,5,Z,39,0,261,0,202,170,225,6,0,4,-5,-47,0,-9,12,128,1
33374,7.03,Z,43,8,415,0,90,151,150,0,Z,42,1,561,0,21,45,161,0,1,-1,-7,146,0,-69,-106,11,0
33375,9.07,Z,43,0,897,0,14,99,146,0,T,32,0,869,0,2,156,112,3,0,-11,0,-28,0,-12,57,-34,3
33376,8.05,P,55,0,540,0,24,112,72,6,Z,36,4,442,0,34,96,118,3,0,-19,4,-98,0,10,-16,46,-3
33377,9.59,Z,72,4,627,0,57,110,222,3,T,113,0,382,0,254,167,117,7,1,41,-4,-245,0,197,57,-105,4
33378,5.35,Z,28,2,318,0,38,82,189,2,P,34,1,265,0,52,133,117,4,0,6,-1,-53,0,14,51,-72,2
33379,6.31,T,46,0,203,6,47,77,45,0,Z,31,1,224,0,5,104,93,0,0,-15,1,21,-6,-42,27,48,0
33380,5.33,T,20,0,494,0,0,100,34,0,P,22,2,319,0,33,189,92,2,1,2,2,-175,0,33,89,58,2
33381,9.59,T,39,0,403,0,0,65,76,0,P,36,0,470,0,23,15,40,8,0,-3,0,67,0,23,-50,-36,8
33382,9.59,P,69,0,639,31,34,341,112,1,P,49,0,532,0,8,283,110,1,1,-20,0,-107,-31,-26,-58,-2,0
33383,4.42,T,20,0,242,0,5,109,46,6,T,25,2,352,0,10,39,39,0,1,5,2,110,0,5,-70,-7,-6
33384,5.47,Z,23,3,293,0,19,31,72,0,T,38,0,426,0,0,49,67,1,1,15,-3,133,0,-19,18,-5,1
33385,8.11,T,57,0,665,0,14,58,79,6,P,57,5,311,0,34,138,53,0,0,0,5,-354,0,20,80,-26,-6
33386,9.16,Z,62,2,918,0,54,138,162,0,Z,47,2,350,0,45,110,185,3,0,-15,0,-568,0,-9,-28,23,3
33387,9.59,P,79,4,761,0,56,206,124,4,Z,56,2,607,0,216,281,218,5,0,-23,-2,-154,0,160,75,94,1
33388,4.58,Z,20,5,178,0,22,68,54,2,P,14,0,93,0,12,98,36,4,1,-6,-5,-85,0,-10,30,-18,2
33389,6.25,Z,31,0,353,0,17,55,119,7,P,24,5,247,0,6,178,34,1,0,-7,5,-106,0,-11,123,-85,-6
33390,10.46,Z,92,0,540,0,309,291,297,13,T,90,5,408,0,193,267,257,5,0,-2,5,-132,0,-116,-24,-40,-8
33391,9.41,Z,46,5,481,0,144,164,158,3,T,44,6,704,0,488,215,46,3,1,-2,1,223,0,344,51,-112,0
33392,4.38,P,22,0,224,0,197,83,181,3,P,22,0,320,0,408,89,85,5,1,0,0,96,0,211,6,-96,2
33393,7.5,P,52,3,596,0,82,128,64,4,T,49,0,561,0,53,259,140,5,1,-3,-3,-35,0,-29,131,76,1
33394,4.29,P,33,1,233,0,60,144,59,5,Z,26,1,344,0,208,93,167,5,1,-7,0,111,0,148,-51,108,0
33395,4.45,P,20,4,138,0,30,113,36,1,T,28,0,143,0,2,61,58,8,1,8,-4,5,0,-28,-52,22,7
33396,10.5,Z,84,6,495,0,605,193,285,2,T,93,0,421,0,354,165,213,7,0,9,-6,-74,0,-251,-28,-72,5
33397,6.56,P,52,0,422,0,30,196,75,15,T,60,6,283,0,467,283,107,5,1,8,6,-139,0,437,87,32,-10
33398,9.56,P,37,0,666,0,0,88,87,0,T,45,0,602,0,12,105,61,4,0,8,0,-64,0,12,17,-26,4
33399,9.56,P,42,5,265,0,4,184,73,0,T,77,6,703,0,53,288,73,0,1,35,1,438,0,49,104,0,0
33400,3.47,Z,18,1,381,0,53,50,96,1,Z,15,2,48,0,396,31,43,2,1,-3,1,-333,0,343,-19,-53,1
33401,8.47,Z,60,0,435,0,246,200,332,3,P,61,0,501,0,594,210,191,5,0,1,0,66,0,348,10,-141,2
33402,8.09,Z,37,2,652,0,14,89,146,0,Z,32,3,361,0,31,101,134,2,1,-5,1,-291,0,17,12,-12,2
33403,10.22,T,38,0,942,0,0,58,97,0,P,22,0,409,0,0,34,23,1,0,-16,0,-533,0,0,-24,-74,1
33404,2.52,T,11,0,209,0,1,32,21,2,P,11,0,59,0,26,23,130,0,0,0,0,-150,0,25,-9,109,-2
33405,6.16,P,28,0,441,0,7,83,49,2,T,34,0,198,0,39,110,61,8,0,6,0,-243,0,32,27,12,6
33406,4.32,Z,24,5,268,0,150,90,130,0,P,27,0,260,0,190,97,24,4,1,3,-5,-8,0,40,7,-106,4
33407,7.31,Z,48,1,229,0,504,218,202,9,T,44,0,391,0,24,98,87,4,0,-4,-1,162,0,-480,-120,-115,-5
33408,6.52,T,40,0,437,0,24,56,62,3,P,31,0,281,0,8,81,70,4,0,-9,0,-156,0,-16,25,8,1
33409,9.59,P,36,0,357,0,0,141,109,0,T,65,0,304,0,52,244,89,6,1,29,0,-53,0,52,103,-20,6
33410,9.59,Z,52,0,288,0,0,30,155,0,P,40,0,479,0,10,67,55,4,1,-12,0,191,0,10,37,-100,4
33411,7.49,T,72,0,424,0,463,300,293,16,T,89,0,622,0,57,314,116,7,1,17,0,198,0,-406,14,-177,-9
33412,10.08,T,63,0,800,0,9,166,77,3,T,39,3,747,0,1,124,70,0,0,-24,3,-53,0,-8,-42,-7,-3
33413,10.48,P,29,0,281,0,0,133,56,0,T,44,4,604,0,8,98,110,0,0,15,4,323,0,8,-35,54,0
33414,9.59,Z,59,2,876,0,47,156,172,7,Z,74,0,654,0,91,191,179,14,1,15,-2,-222,0,44,35,7,7
33415,9.59,Z,43,2,512,0,211,275,250,15,Z,70,5,544,0,92,190,208,9,0,27,3,32,0,-119,-85,-42,-6
33416,4.29,T,15,0,181,0,3,28,52,1,Z,20,0,163,0,375,68,150,4,0,5,0,-18,0,372,40,98,3
33417,3.33,T,12,0,130,0,2,20,18,1,T,17,0,99,0,5,30,26,3,0,5,0,-31,0,3,10,8,2
33418,4.51,T,18,0,149,0,0,59,42,2,T,12,0,290,0,5,26,24,1,0,-6,0,141,0,5,-33,-18,-1
33419,9.59,T,115,7,527,0,215,333,127,3,Z,89,3,374,0,149,416,436,0,0,-26,-4,-153,0,-66,83,309,-3
33420,6.55,P,34,4,345,0,20,234,125,0,Z,53,0,241,0,101,124,229,9,1,19,-4,-104,0,81,-110,104,9
33421,7.41,P,64,7,359,0,96,264,52,10,T,62,1,406,0,90,185,98,12,0,-2,-6,47,0,-6,-79,46,2
33422,6.54,P,50,0,355,0,190,172,90,8,Z,34,6,277,0,413,106,201,0,0,-16,6,-78,0,223,-66,111,-8
33423,7.25,Z,41,3,227,0,231,264,226,7,Z,26,0,429,0,271,251,146,4,0,-15,-3,202,0,40,-13,-80,-3
33424,5.13,Z,25,4,236,0,361,81,109,2,T,16,0,563,0,0,2,24,0,0,-9,-4,327,0,-361,-79,-85,-2
33425,1.23,Z,5,0,41,0,82,54,42,2,T,8,0,43,0,35,47,18,2,0,3,0,2,0,-47,-7,-24,0
33426,9.59,T,77,2,528,0,1227,146,114,4,T,77,0,451,0,625,178,147,15,0,0,-2,-77,0,-602,32,33,11
33427,3.54,P,13,0,114,0,0,31,32,0,T,21,0,387,0,8,97,19,1,0,8,0,273,0,8,66,-13,1
33428,9.58,T,70,8,297,0,44,189,128,3,Z,71,0,434,0,34,206,227,5,0,1,-8,137,0,-10,17,99,2
33429,6.35,P,60,1,327,0,856,144,149,14,Z,43,0,375,0,20,52,170,2,0,-17,-1,48,0,-836,-92,21,-12
33430,3.22,T,12,0,227,0,1,5,20,0,T,12,2,215,0,2,18,19,0,1,0,2,-12,0,1,13,-1,0
33431,3.37,Z,15,0,195,0,27,48,52,0,T,19,0,251,0,305,85,69,10,0,4,0,56,0,278,37,17,10
33432,8.58,P,65,2,557,0,43,180,69,3,T,63,3,608,0,70,172,61,2,0,-2,1,51,0,27,-8,-8,-1
33433,9.46,P,75,0,586,0,286,266,186,7,T,94,0,438,0,250,241,133,12,0,19,0,-148,0,-36,-25,-53,5
33434,9.59,T,37,0,915,0,4,245,106,4,T,61,3,1082,0,15,135,87,0,0,24,3,167,0,11,-110,-19,-4
33435,9.59,Z,60,4,387,0,268,216,240,8,T,64,2,611,0,38,243,158,1,0,4,-2,224,0,-230,27,-82,-7
33436,8.2,T,82,0,351,0,567,218,163,19,T,114,4,387,4,206,310,145,7,0,32,4,36,4,-361,92,-18,-12
33437,9.58,T,80,4,461,0,103,159,90,1,P,55,0,283,0,17,190,119,6,0,-25,-4,-178,0,-86,31,29,5
33438,9.59,P,43,0,1081,0,2,211,94,4,Z,38,4,491,0,13,173,124,3,1,-5,4,-590,0,11,-38,30,-1
33439,6.37,P,32,0,360,0,603,169,55,11,T,53,0,425,0,527,253,126,8,1,21,0,65,0,-76,84,71,-3
33440,2.26,T,13,0,38,0,242,94,159,8,P,15,0,105,0,65,83,37,5,1,2,0,67,0,-177,-11,-122,-3
33441,5.3,T,27,0,377,0,0,39,41,0,T,22,0,338,0,0,28,57,0,1,-5,0,-39,0,0,-11,16,0
33442,8.59,Z,51,0,459,0,56,240,231,10,T,66,0,320,0,13,194,149,5,1,15,0,-139,0,-43,-46,-82,-5
33443,9.58,T,80,0,478,0,55,174,295,9,Z,77,3,706,0,39,178,228,0,1,-3,3,228,0,-16,4,-67,-9
33444,9.59,Z,110,11,446,0,422,298,300,6,T,104,7,580,0,696,223,322,16,0,-6,-4,134,0,274,-75,22,10
33445,9.59,Z,62,0,586,0,42,61,192,4,T,76,4,528,0,545,195,131,0,0,14,4,-58,0,503,134,-61,-4
33446,10.55,Z,79,0,619,0,181,406,263,6,Z,90,0,323,0,194,590,413,15,1,11,0,-296,0,13,184,150,9
33447,4.45,Z,17,2,191,0,10,35,56,0,Z,17,3,122,0,3,37,76,0,1,0,1,-69,0,-7,2,20,0
33448,5.37,T,34,0,345,0,6,43,55,1,P,22,0,311,0,5,112,36,4,0,-12,0,-34,0,-1,69,-19,3
33449,9.59,P,84,5,560,0,401,592,200,13,T,101,0,547,0,400,348,215,14,0,17,-5,-13,0,-1,-244,15,1
33450,10.16,T,90,8,439,0,188,189,171,6,P,90,11,374,0,582,244,135,0,1,0,3,-65,0,394,55,-36,-6
33451,7.14,P,29,0,605,0,0,278,89,1,T,23,0,580,0,0,114,40,0,0,-6,0,-25,0,0,-164,-49,-1
33452,9.59,T,97,4,455,0,288,197,136,12,Z,88,6,844,0,221,162,254,2,1,-9,2,389,0,-67,-35,118,-10
33453,2.36,Z,7,2,39,0,2,61,99,2,T,14,0,145,0,24,96,13,5,0,7,-2,106,0,22,35,-86,3
33454,9.59,Z,134,0,394,21,409,335,483,6,T,150,8,854,0,188,336,133,7,0,16,8,460,-21,-221,1,-350,1
33455,5.02,P,32,0,122,0,280,103,110,11,T,33,2,285,0,62,129,57,5,0,1,2,163,0,-218,26,-53,-6
33456,3.21,P,16,1,127,0,21,114,72,3,T,16,0,146,0,258,103,76,7,1,0,-1,19,0,237,-11,4,4
33457,9.06,Z,52,5,413,0,314,173,208,5,T,93,6,502,0,161,180,114,6,1,41,1,89,0,-153,7,-94,1
33458,6.42,P,38,7,288,0,424,47,76,3,Z,21,0,651,0,38,52,91,7,1,-17,-7,363,0,-386,5,15,4
33459,1.02,Z,3,1,83,0,5,49,26,0,T,5,0,44,0,72,19,40,7,0,2,-1,-39,0,67,-30,14,7
33460,6.56,P,27,0,323,0,0,95,24,0,T,17,0,320,0,0,35,50,0,0,-10,0,-3,0,0,-60,26,0
33461,5.5,T,33,0,215,0,5,88,71,1,T,26,0,394,0,621,133,66,11,0,-7,0,179,0,616,45,-5,10
33462,2.49,T,9,0,158,0,8,46,78,3,T,12,0,199,0,0,17,21,0,1,3,0,41,0,-8,-29,-57,-3
33463,5.2,Z,19,0,264,0,0,54,83,0,P,25,0,278,0,4,133,39,4,1,6,0,14,0,4,79,-44,4
33464,3.45,Z,18,3,154,2,87,70,126,10,Z,20,3,194,0,20,72,55,0,1,2,0,40,-2,-67,2,-71,-10
33465,7.4,P,38,3,511,0,18,192,65,9,T,68,7,385,0,130,124,148,2,1,30,4,-126,0,112,-68,83,-7
33466,5.45,P,27,0,259,0,6,153,44,3,T,47,0,386,0,147,182,90,9,0,20,0,127,0,141,29,46,6
33467,9.25,Z,45,0,641,0,25,163,126,6,T,89,4,409,0,90,114,161,6,1,44,4,-232,0,65,-49,35,0
33468,0,P,0,0,1,0,0,0,0,0,T,3,0,44,0,4,2,6,1,1,3,0,43,0,4,2,6,1
33469,9.59,Z,87,14,442,8,201,513,533,13,Z,84,21,265,1,120,197,350,4,0,-3,7,-177,-7,-81,-316,-183,-9
33470,9.18,T,74,5,548,0,588,237,71,5,Z,42,7,339,0,64,151,239,0,0,-32,2,-209,0,-524,-86,168,-5
33471,7.42,Z,36,5,435,0,20,28,86,0,Z,31,3,505,0,47,111,115,3,1,-5,-2,70,0,27,83,29,3
33472,8.53,Z,62,7,426,0,360,239,293,4,T,104,5,392,0,349,232,124,13,1,42,-2,-34,0,-11,-7,-169,9
33473,6.09,T,38,2,223,0,218,159,236,3,Z,41,2,357,0,31,161,160,1,0,3,0,134,0,-187,2,-76,-2
33474,9.21,T,89,3,551,0,662,140,97,3,Z,70,9,295,0,456,247,288,1,1,-19,6,-256,0,-206,107,191,-2
33475,10.04,T,57,6,865,0,73,108,101,0,Z,61,0,398,0,2,93,181,1,0,4,-6,-467,0,-71,-15,80,1
33476,7.59,T,84,4,440,0,512,300,141,5,Z,51,0,452,0,87,147,181,11,1,-33,-4,12,0,-425,-153,40,6
33477,9.18,Z,49,0,426,0,6,195,198,1,P,44,0,253,0,9,140,69,3,0,-5,0,-173,0,3,-55,-129,2
33478,9.18,T,116,5,307,0,315,259,167,13,Z,106,0,309,0,118,410,298,12,0,-10,-5,2,0,-197,151,131,-1
33479,9.54,P,68,0,622,0,56,75,74,8,T,52,0,445,0,1,138,99,3,0,-16,0,-177,0,-55,63,25,-5
33480,10.18,Z,43,1,611,0,3,200,239,0,T,57,0,924,0,9,97,124,7,1,14,-1,313,0,6,-103,-115,7
33481,9.58,T,58,0,1729,0,0,126,111,0,T,59,5,447,0,14,153,88,0,1,1,5,-1282,0,14,27,-23,0
33482,3.22,T,15,0,187,0,7,32,28,5,T,21,0,147,0,0,41,47,0,1,6,0,-40,0,-7,9,19,-5
33483,3.5,Z,21,2,180,0,196,105,97,1,Z,21,0,60,0,96,40,123,2,0,0,-2,-120,0,-100,-65,26,1
33484,9.01,P,29,0,434,0,2,53,46,6,T,36,0,317,0,0,23,78,0,1,7,0,-117,0,-2,-30,32,-6
33485,9.29,T,85,0,528,0,21,230,134,14,P,52,7,389,0,390,309,221,6,1,-33,7,-139,0,369,79,87,-8
33486,9.08,Z,68,13,315,1,483,204,373,3,Z,67,6,440,2,325,233,215,9,1,-1,-7,125,1,-158,29,-158,6
33487,9.55,Z,46,7,195,0,72,96,155,0,Z,62,3,816,0,155,304,217,13,0,16,-4,621,0,83,208,62,13
33488,6.06,T,35,0,436,0,63,99,90,13,Z,49,0,419,0,85,135,149,8,0,14,0,-17,0,22,36,59,-5
33489,5.04,T,39,0,163,0,477,131,70,14,T,40,1,180,0,413,163,60,7,1,1,1,17,0,-64,32,-10,-7
33490,6.49,P,56,1,177,0,324,206,172,6,P,57,4,242,0,302,144,111,9,1,1,3,65,0,-22,-62,-61,3
33491,7.2,T,36,5,291,0,335,73,147,7,T,59,4,370,1,565,105,144,6,1,23,-1,79,1,230,32,-3,-1
33492,9.25,Z,49,8,311,0,41,109,158,1,P,35,2,443,0,6,80,82,0,0,-14,-6,132,0,-35,-29,-76,-1
33493,10.06,T,88,4,287,0,19,178,126,1,T,80,0,831,0,501,238,176,11,0,-8,-4,544,0,482,60,50,10
33494,9.48,T,79,0,684,0,146,269,169,8,Z,52,0,855,0,31,175,170,8,0,-27,0,171,0,-115,-94,1,0
33495,1.37,P,6,0,66,0,3,51,13,1,Z,6,2,78,0,33,30,46,0,1,0,2,12,0,30,-21,33,-1
33496,5.31,P,18,0,341,0,43,205,47,5,P,24,2,397,0,4,126,45,0,1,6,2,56,0,-39,-79,-2,-5
33497,9.58,Z,48,1,406,0,187,184,169,2,T,54,0,751,0,5,136,100,3,1,6,-1,345,0,-182,-48,-69,1
33498,6.23,T,45,3,209,0,531,179,243,5,P,38,0,287,0,257,134,153,6,1,-7,-3,78,0,-274,-45,-90,1
33499,3.42,Z,18,0,295,0,40,69,77,3,T,15,0,84,0,12,121,90,11,0,-3,0,-211,0,-28,52,13,8
33500,7.11,T,40,4,438,0,32,152,67,2,Z,23,2,275,0,247,60,123,0,1,-17,-2,-163,0,215,-92,56,-2
33501,5.28,T,41,3,499,0,135,124,76,6,Z,35,0,233,0,10,94,124,1,0,-6,-3,-266,0,-125,-30,48,-5
33502,9.47,P,35,0,341,0,0,30,50,0,T,44,0,868,0,0,200,98,0,0,9,0,527,0,0,170,48,0
33503,3.04,P,7,0,114,0,0,75,28,0,P,18,0,183,0,121,123,67,6,0,11,0,69,0,121,48,39,6
33504,3.4,T,16,0,211,0,26,23,40,3,T,12,0,283,0,0,9,20,0,0,-4,0,72,0,-26,-14,-20,-3
33505,8.36,P,40,2,328,6,18,235,63,0,Z,32,0,289,0,24,88,168,4,1,-8,-2,-39,-6,6,-147,105,4
33506,7.38,P,57,0,449,0,52,213,67,6,Z,81,4,224,0,306,241,201,13,1,24,4,-225,0,254,28,134,7
33507,5.33,T,34,0,681,0,14,48,54,4,Z,35,0,248,0,20,37,115,1,0,1,0,-433,0,6,-11,61,-3
33508,9.11,Z,82,9,680,0,64,260,216,2,T,65,6,436,0,111,108,142,1,0,-17,-3,-244,0,47,-152,-74,-1
33509,9.59,T,91,6,570,0,228,397,346,4,Z,64,4,436,0,88,266,176,6,0,-27,-2,-134,0,-140,-131,-170,2
33510,3.47,P,22,0,168,0,8,40,16,0,Z,10,2,222,0,8,13,38,1,0,-12,2,54,0,0,-27,22,1
33511,5.2,T,19,0,123,0,0,47,39,0,Z,25,0,160,0,21,55,72,2,1,6,0,37,0,21,8,33,2
33512,7.17,T,49,0,290,0,1,78,101,5,P,62,6,205,0,300,176,89,5,1,13,6,-85,0,299,98,-12,0
33513,5.45,T,35,3,194,0,49,165,49,1,P,35,0,428,0,5,171,49,4,1,0,-3,234,0,-44,6,0,3
33514,9.59,P,31,1,860,0,0,134,99,0,T,63,0,610,0,4,61,103,14,0,32,-1,-250,0,4,-73,4,14
33515,9.49,T,95,3,395,0,462,400,107,9,Z,65,5,687,0,495,244,280,0,1,-30,2,292,0,33,-156,173,-9
33516,9.59,P,45,3,360,0,37,110,48,4,T,101,5,619,0,24,158,103,0,1,56,2,259,0,-13,48,55,-4
33517,4.43,P,18,1,90,0,132,45,18,3,Z,17,8,197,1,316,46,58,0,0,-1,7,107,1,184,1,40,-3
33518,6.57,P,28,0,337,0,0,149,63,0,T,57,0,520,0,262,183,77,7,1,29,0,183,0,262,34,14,7
33519,6.5,Z,27,5,307,0,12,104,110,0,Z,36,0,438,0,21,57,138,1,1,9,-5,131,0,9,-47,28,1
33520,5.35,Z,26,2,173,0,369,73,279,7,P,34,1,268,0,384,199,52,3,1,8,-1,95,0,15,126,-227,-4
33521,6.48,Z,31,10,205,0,75,173,168,9,Z,37,2,226,0,67,171,173,2,0,6,-8,21,0,-8,-2,5,-7
33522,9.59,P,34,0,265,0,1,118,40,0,P,29,3,243,0,2,146,57,0,0,-5,3,-22,0,1,28,17,0
33523,3.57,P,15,2,154,0,12,40,25,0,T,22,0,169,0,15,38,37,1,1,7,-2,15,0,3,-2,12,1
33524,5.19,P,22,0,184,0,0,31,24,0,Z,21,1,252,0,18,55,90,5,1,-1,1,68,0,18,24,66,5
33525,6.48,P,51,10,371,0,85,151,87,4,P,39,0,642,0,16,84,57,2,0,-12,-10,271,0,-69,-67,-30,-2
33526,4.11,T,17,2,249,0,1,39,33,1,Z,13,4,199,0,9,92,67,2,0,-4,2,-50,0,8,53,34,1
33527,0.43,Z,2,0,19,0,0,8,10,0,P,2,0,27,0,1,8,2,1,0,0,0,8,0,1,0,-8,1
33528,5.25,Z,30,8,340,0,28,156,141,0,T,38,1,349,0,290,174,60,4,0,8,-7,9,0,262,18,-81,4
33529,7.27,P,35,0,458,0,102,249,68,5,T,45,4,454,0,16,179,91,0,1,10,4,-4,0,-86,-70,23,-5
33530,9.59,Z,60,0,596,0,33,257,217,8,T,65,0,835,0,121,234,87,5,0,5,0,239,0,88,-23,-130,-3
33531,9.29,Z,87,4,420,0,33,249,364,5,T,57,0,764,0,1,214,94,5,0,-30,-4,344,0,-32,-35,-270,0
33532,9.58,Z,55,8,509,0,22,103,129,0,P,55,2,489,0,23,194,104,0,0,0,-6,-20,0,1,91,-25,0
33533,5.01,T,26,0,45,0,6,36,42,5,T,28,4,191,0,71,36,40,0,0,2,4,146,0,65,0,-2,-5
33534,5.32,Z,21,2,287,0,22,57,87,5,Z,25,1,149,0,22,17,67,1,0,4,-1,-138,0,0,-40,-20,-4
33535,5.18,P,34,1,216,0,3,86,34,0,Z,22,4,274,0,22,34,65,0,0,-12,3,58,0,19,-52,31,0
33536,0.44,T,3,0,7,0,28,2,2,6,T,3,0,9,0,1,12,30,1,0,0,0,2,0,-27,10,28,-5
33537,6.17,P,42,0,259,0,4,132,76,4,T,52,1,390,0,178,177,89,5,1,10,1,131,0,174,45,13,1
33538,7.48,Z,45,4,497,0,150,224,116,11,P,44,0,253,0,8,93,67,4,1,-1,-4,-244,0,-142,-131,-49,-7
33539,7.22,Z,32,0,504,0,40,96,103,0,Z,34,2,536,0,6,100,161,0,1,2,2,32,0,-34,4,58,0
33540,4.04,P,8,0,370,0,0,11,14,0,Z,12,0,65,0,0,44,64,0,1,4,0,-305,0,0,33,50,0
33541,9.28,Z,38,3,454,0,75,88,163,2,P,64,0,669,0,50,220,55,10,1,26,-3,215,0,-25,132,-108,8
33542,9.59,T,62,7,402,0,418,203,401,3,P,42,0,237,0,14,92,54,5,0,-20,-7,-165,0,-404,-111,-347,2
33543,6.32,T,51,3,558,0,65,141,59,2,P,41,0,433,0,62,153,24,5,1,-10,-3,-125,0,-3,12,-35,3
33544,9.12,Z,55,0,372,0,21,172,156,11,P,52,0,476,0,0,156,104,0,1,-3,0,104,0,-21,-16,-52,-11
33545,10.08,P,77,11,623,1,89,270,95,0,P,77,13,400,0,230,315,139,8,0,0,2,-223,-1,141,45,44,8
33546,5.07,T,14,0,686,0,0,101,19,0,T,22,0,333,0,0,69,47,0,0,8,0,-353,0,0,-32,28,0
33547,9.55,Z,85,0,585,0,36,114,224,2,Z,79,14,525,0,185,356,378,6,0,-6,14,-60,0,149,242,154,4
33548,9.59,P,48,0,871,0,9,110,62,2,P,39,2,665,0,35,72,71,2,0,-9,2,-206,0,26,-38,9,0
33549,9.14,Z,102,0,508,0,311,267,285,14,P,82,4,912,0,102,312,167,8,1,-20,4,404,0,-209,45,-118,-6
33550,8,P,35,0,480,0,33,318,124,3,T,67,4,361,0,407,169,134,11,1,32,4,-119,0,374,-149,10,8
33551,7.37,P,39,0,208,0,0,37,53,3,P,29,2,376,0,1,18,39,0,1,-10,2,168,0,1,-19,-14,-3
33552,6.38,T,56,3,312,0,43,143,60,8,T,34,4,336,0,15,200,117,3,0,-22,1,24,0,-28,57,57,-5
33553,9.59,T,47,0,991,0,0,74,124,0,T,35,0,668,0,1,117,71,4,0,-12,0,-323,0,1,43,-53,4
33554,8.07,T,54,2,405,0,38,143,62,4,T,23,0,404,0,0,56,57,0,0,-31,-2,-1,0,-38,-87,-5,-4
33555,10.19,T,91,0,602,0,32,251,124,10,Z,54,0,561,0,68,170,334,5,1,-37,0,-41,0,36,-81,210,-5
33556,9.59,P,77,0,679,0,411,309,242,12,T,73,0,918,0,50,97,150,12,0,-4,0,239,0,-361,-212,-92,0
33557,9.59,T,87,3,733,0,33,185,210,0,Z,66,0,289,0,453,124,213,8,1,-21,-3,-444,0,420,-61,3,8
33558,9.57,T,154,5,575,0,108,609,101,7,Z,76,6,512,0,61,291,201,11,0,-78,1,-63,0,-47,-318,100,4
33559,0,Z,0,0,1,0,0,0,0,0,Z,17,0,100,0,0,43,66,0,1,17,0,99,0,0,43,66,0
33560,6.06,P,37,0,312,0,25,343,55,1,T,34,6,165,0,6,235,74,4,0,-3,6,-147,0,-19,-108,19,3
33561,4.1,P,24,0,182,0,190,139,30,7,T,27,1,169,0,129,104,49,4,0,3,1,-13,0,-61,-35,19,-3
33562,2.26,T,7,0,256,0,69,26,39,1,Z,8,0,109,0,4,18,23,3,1,1,0,-147,0,-65,-8,-16,2
33563,7.31,P,41,3,680,0,461,123,79,5,T,39,2,220,0,127,139,103,9,0,-2,-1,-460,0,-334,16,24,4
33564,6.35,Z,28,3,301,0,538,130,262,2,T,26,0,193,0,5,132,69,4,0,-2,-3,-108,0,-533,2,-193,2
33565,9.59,P,70,0,915,0,61,173,125,8,Z,66,6,424,0,98,144,218,9,1,-4,6,-491,0,37,-29,93,1
33566,9.55,T,28,0,484,0,0,36,74,0,P,47,0,461,0,11,220,63,4,1,19,0,-23,0,11,184,-11,4
33567,10.11,Z,59,3,628,0,31,183,198,0,Z,64,0,271,0,32,173,214,3,1,5,-3,-357,0,1,-10,16,3
33568,9.38,T,73,0,1186,0,888,117,103,6,Z,73,13,659,0,57,117,201,6,1,0,13,-527,0,-831,0,98,0
33569,8.13,Z,60,2,161,0,186,143,170,12,T,41,0,695,0,0,121,87,0,0,-19,-2,534,0,-186,-22,-83,-12
33570,8.23,Z,51,0,570,0,113,239,279,12,T,107,4,788,0,269,370,153,6,1,56,4,218,0,156,131,-126,-6
33571,7.31,Z,47,0,303,7,50,47,163,1,T,22,0,222,0,0,14,36,0,0,-25,0,-81,-7,-50,-33,-127,-1
33572,9.59,Z,46,3,411,0,29,74,147,0,T,82,10,857,0,45,173,148,1,1,36,7,446,0,16,99,1,1
33573,5.29,Z,35,4,247,0,243,56,87,2,Z,35,2,569,0,14,61,129,1,0,0,-2,322,0,-229,5,42,-1
33574,9.58,P,38,0,444,0,13,54,32,3,T,38,0,630,0,0,73,64,0,0,0,0,186,0,-13,19,32,-3
33575,10.29,T,67,0,757,0,0,68,113,0,P,81,0,551,0,30,170,98,5,0,14,0,-206,0,30,102,-15,5
33576,7.04,P,40,3,288,0,672,165,36,3,T,50,3,431,0,358,187,166,2,1,10,0,143,0,-314,22,130,-1
33577,5.52,P,21,0,189,0,9,62,35,2,T,28,3,479,0,16,82,39,0,0,7,3,290,0,7,20,4,-2
33578,9.09,Z,54,0,1107,0,362,130,160,6,T,77,1,673,0,174,260,177,7,1,23,1,-434,0,-188,130,17,1
33579,10.04,T,88,0,706,0,0,314,167,0,P,68,3,507,0,16,432,126,1,1,-20,3,-199,0,16,118,-41,1
33580,8.19,Z,48,0,426,0,230,140,235,16,T,105,0,316,0,333,121,101,11,1,57,0,-110,0,103,-19,-134,-5
33581,9.55,T,151,17,363,0,1182,255,232,28,P,77,0,659,0,53,136,120,17,0,-74,-17,296,0,-1129,-119,-112,-11
33582,9.59,T,52,3,323,0,7,96,69,0,P,45,2,628,0,1,171,81,0,1,-7,-1,305,0,-6,75,12,0
33583,9.4,P,46,0,609,2,19,92,80,3,P,27,0,521,0,0,33,116,0,0,-19,0,-88,-2,-19,-59,36,-3
33584,8.21,T,43,0,462,0,0,185,83,1,P,24,0,387,0,0,158,55,0,1,-19,0,-75,0,0,-27,-28,-1
33585,9.59,T,76,0,546,0,122,196,91,12,P,52,12,707,0,31,60,76,1,0,-24,12,161,0,-91,-136,-15,-11
33586,9.59,Z,51,3,598,0,64,186,195,0,P,54,4,623,0,18,220,78,0,1,3,1,25,0,-46,34,-117,0
33587,6.24,P,28,1,250,0,2,274,56,1,P,29,0,392,0,182,92,40,3,0,1,-1,142,0,180,-182,-16,2
33588,9.59,T,81,4,384,0,37,226,149,0,Z,62,0,403,0,0,241,203,0,1,-19,-4,19,0,-37,15,54,0
33589,9.13,T,93,3,444,0,185,263,250,6,Z,61,4,607,0,174,250,302,2,1,-32,1,163,0,-11,-13,52,-4
33590,9.59,T,63,0,943,0,28,127,95,10,P,32,0,485,0,0,190,81,0,0,-31,0,-458,0,-28,63,-14,-10
33591,9.59,T,88,1,554,0,451,327,216,6,T,114,2,379,0,184,376,153,4,0,26,1,-175,0,-267,49,-63,-2
33592,9.59,Z,68,0,866,0,155,115,221,6,P,93,2,913,0,98,190,141,3,0,25,2,47,0,-57,75,-80,-3
33593,9.59,Z,39,0,755,0,22,254,174,3,Z,62,4,581,0,155,336,295,2,0,23,4,-174,0,133,82,121,-1
33594,2.16,P,12,1,142,0,98,68,47,4,Z,8,2,27,0,111,37,135,0,1,-4,1,-115,0,13,-31,88,-4
33595,6.35,T,39,0,395,0,0,159,59,0,Z,30,3,339,0,12,46,101,2,1,-9,3,-56,0,12,-113,42,2
33596,7.51,T,65,3,387,0,51,155,83,2,T,54,0,440,0,41,107,66,9,1,-11,-3,53,0,-10,-48,-17,7
33597,10.15,Z,73,2,816,0,75,358,298,5,P,54,0,712,0,31,138,84,5,0,-19,-2,-104,0,-44,-220,-214,0
33598,9.27,T,52,0,553,0,3,134,99,3,P,42,0,860,5,33,79,50,0,0,-10,0,307,5,30,-55,-49,-3
33599,2.21,Z,9,0,30,0,27,62,100,7,Z,5,1,92,3,4,40,45,0,1,-4,1,62,3,-23,-22,-55,-7
33600,9.59,T,124,3,545,0,556,220,175,11,Z,99,7,412,0,104,274,210,15,0,-25,4,-133,0,-452,54,35,4
33601,4.58,P,26,0,294,0,8,115,69,1,P,20,0,289,0,0,121,39,0,0,-6,0,-5,0,-8,6,-30,-1
33602,9.59,T,83,0,789,0,189,108,116,4,P,72,3,462,0,590,324,151,20,0,-11,3,-327,0,401,216,35,16
33603,8.5,Z,64,5,455,2,42,226,182,3,Z,62,0,413,0,322,267,318,9,1,-2,-5,-42,-2,280,41,136,6
33604,7.55,P,27,0,274,0,6,211,29,5,Z,40,4,290,0,17,90,127,2,0,13,4,16,0,11,-121,98,-3
33605,7.56,Z,72,6,706,0,202,423,217,7,P,80,4,308,0,123,340,75,15,0,8,-2,-398,0,-79,-83,-142,8
33606,3.39,Z,14,2,81,0,37,73,77,0,Z,15,0,151,0,18,84,36,2,0,1,-2,70,0,-19,11,-41,2
33607,8.24,P,59,0,458,0,40,102,75,3,Z,74,8,253,2,114,230,226,8,1,15,8,-205,2,74,128,151,5
33608,8.44,Z,88,9,378,0,269,215,414,8,T,85,6,372,0,202,217,118,2,0,-3,-3,-6,0,-67,2,-296,-6
33609,8.18,Z,47,4,405,0,45,151,242,7,Z,47,5,689,0,34,101,108,0,0,0,1,284,0,-11,-50,-134,-7
33610,9.58,T,37,0,598,0,17,107,111,5,P,38,1,407,0,5,228,181,3,1,1,1,-191,0,-12,121,70,-2
33611,7.11,T,33,0,234,0,1,42,61,1,P,28,0,603,3,1,476,41,0,1,-5,0,369,3,0,434,-20,-1
33612,6.51,Z,46,0,288,0,19,152,251,9,P,42,0,501,0,622,160,140,10,1,-4,0,213,0,603,8,-111,1
33613,7.04,Z,73,3,231,4,147,171,198,9,T,65,1,410,0,420,216,120,12,0,-8,-2,179,-4,273,45,-78,3
33614,8.2,P,59,0,451,0,109,347,90,11,P,68,0,309,0,33,137,126,4,0,9,0,-142,0,-76,-210,36,-7
33615,8.06,T,47,3,263,0,144,92,66,6,P,30,0,513,0,21,87,77,14,1,-17,-3,250,0,-123,-5,11,8
33616,9.59,T,101,0,549,3,407,229,147,14,P,117,10,517,0,400,381,170,8,1,16,10,-32,-3,-7,152,23,-6
33617,7.48,T,78,0,661,11,108,169,120,0,Z,46,0,251,0,23,179,177,5,0,-32,0,-410,-11,-85,10,57,5
33618,10.14,P,77,6,305,0,46,174,121,2,T,92,6,512,0,319,174,116,4,1,15,0,207,0,273,0,-5,2
33619,6.3,Z,33,7,321,0,38,110,97,1,Z,38,8,294,0,175,152,256,1,1,5,1,-27,0,137,42,159,0
33620,4.48,T,32,2,137,0,347,131,62,10,P,31,1,238,0,61,126,60,11,0,-1,-1,101,0,-286,-5,-2,1
33621,4.51,P,21,3,208,0,11,82,60,0,Z,17,2,359,0,14,79,82,0,0,-4,-1,151,0,3,-3,22,0
33622,9.57,Z,97,0,587,0,151,205,299,9,Z,65,3,426,24,476,210,255,3,1,-32,3,-161,24,325,5,-44,-6
33623,5.52,P,35,0,297,0,451,101,31,9,T,49,2,271,0,366,216,79,5,1,14,2,-26,0,-85,115,48,-4
33624,9.58,P,91,0,396,0,157,311,86,13,T,113,7,783,0,371,257,141,14,1,22,7,387,0,214,-54,55,1
33625,4.43,T,22,0,422,0,0,58,66,4,T,29,2,307,0,2,35,53,0,0,7,2,-115,0,2,-23,-13,-4
33626,8.31,Z,56,0,279,0,284,258,178,13,T,81,2,398,0,544,382,192,12,0,25,2,119,0,260,124,14,-1
33627,8.43,T,98,2,350,0,363,198,204,11,Z,85,0,673,0,138,253,257,8,1,-13,-2,323,0,-225,55,53,-3
33628,9.58,T,51,0,571,0,22,177,68,4,T,62,0,717,0,217,118,83,4,0,11,0,146,0,195,-59,15,0
33629,2.21,Z,11,0,71,0,25,35,47,5,Z,11,0,121,0,140,54,49,3,0,0,0,50,0,115,19,2,-2
33630,9.02,P,92,1,448,0,211,312,109,6,Z,42,0,563,0,351,160,190,6,0,-50,-1,115,0,140,-152,81,0
33631,5.15,Z,34,0,250,0,236,63,158,30,T,36,0,439,0,240,70,168,5,1,2,0,189,0,4,7,10,-25
33632,9.59,Z,75,0,650,0,56,210,272,9,T,109,0,395,35,93,285,197,4,0,34,0,-255,35,37,75,-75,-5
33633,9.59,P,95,3,358,1,102,322,113,7,Z,83,0,349,0,168,291,202,7,1,-12,-3,-9,-1,66,-31,89,0
33634,4.57,Z,32,3,211,0,138,52,147,6,P,33,0,217,0,144,117,42,7,0,1,-3,6,0,6,65,-105,1
33635,1.18,P,3,0,72,0,2,10,4,2,P,6,0,68,0,0,18,8,1,0,3,0,-4,0,-2,8,4,-1
33636,7.57,T,60,4,293,0,80,233,105,0,Z,44,0,363,0,85,258,199,12,0,-16,-4,70,0,5,25,94,12
33637,8.28,Z,53,7,318,0,173,126,170,3,P,49,4,255,0,311,295,101,7,0,-4,-3,-63,0,138,169,-69,4
33638,3.17,T,8,0,118,0,0,46,22,1,Z,14,0,39,0,0,8,68,0,1,6,0,-79,0,0,-38,46,-1
33639,6.17,T,73,1,406,0,174,251,67,8,Z,48,2,252,0,252,143,133,4,1,-25,1,-154,0,78,-108,66,-4
33640,8.11,P,39,5,249,0,25,131,49,1,T,50,0,529,0,0,83,85,0,0,11,-5,280,0,-25,-48,36,-1
33641,9.59,P,34,2,653,0,8,212,50,0,P,40,0,459,0,0,368,74,0,0,6,-2,-194,0,-8,156,24,0
33642,7.18,Z,24,0,936,0,0,87,153,1,Z,26,0,42,0,0,19,85,0,0,2,0,-894,0,0,-68,-68,-1
33643,10.54,Z,69,3,419,0,35,208,208,2,T,60,0,696,0,1,163,96,0,0,-9,-3,277,0,-34,-45,-112,-2
33644,9.59,P,114,6,542,0,242,509,208,0,T,113,0,480,0,68,243,212,13,1,-1,-6,-62,0,-174,-266,4,13
33645,4.28,T,25,0,294,0,60,111,64,2,Z,19,1,350,0,381,130,76,9,0,-6,1,56,0,321,19,12,7
33646,3.1,T,19,1,122,0,205,84,42,9,Z,12,2,120,0,289,47,130,8,1,-7,1,-2,0,84,-37,88,-1
33647,3.24,T,15,1,145,0,148,67,87,0,Z,13,0,153,4,411,82,73,1,0,-2,-1,8,4,263,15,-14,1
33648,1.39,T,5,0,19,0,141,16,34,4,T,5,0,31,0,10,11,8,1,0,0,0,12,0,-131,-5,-26,-3
33649,10.1,P,65,2,472,0,83,157,73,7,P,51,4,398,0,44,246,61,6,1,-14,2,-74,0,-39,89,-12,-1
33650,2.43,Z,11,0,132,0,39,83,87,4,P,13,0,72,0,16,119,45,3,0,2,0,-60,0,-23,36,-42,-1
33651,6.06,P,24,3,145,0,2,85,58,1,P,22,0,142,0,0,23,27,0,1,-2,-3,-3,0,-2,-62,-31,-1
33652,9.49,Z,37,1,751,0,26,143,178,2,Z,44,0,480,0,21,75,173,2,0,7,-1,-271,0,-5,-68,-5,0
33653,6.23,Z,31,2,290,0,70,127,115,5,P,48,2,330,0,31,208,112,4,1,17,0,40,0,-39,81,-3,-1
33654,3.41,T,16,2,263,0,391,39,32,2,T,15,0,216,0,159,66,50,5,1,-1,-2,-47,0,-232,27,18,3
33655,9.59,T,62,6,642,0,23,100,93,1,Z,47,0,392,0,0,130,139,1,1,-15,-6,-250,0,-23,30,46,0
33656,6.19,P,27,0,202,0,0,27,46,0,T,50,4,344,0,444,99,59,4,1,23,4,142,0,444,72,13,4
33657,9.59,T,40,0,848,0,1,91,118,2,T,61,7,783,0,29,117,119,2,1,21,7,-65,0,28,26,1,0
33658,8.42,Z,66,4,376,0,250,224,376,4,T,59,6,747,0,39,178,67,1,0,-7,2,371,0,-211,-46,-309,-3
33659,7.07,P,45,0,262,0,80,145,51,2,T,64,0,219,0,175,169,149,14,1,19,0,-43,0,95,24,98,12
33660,2.35,Z,6,1,69,0,9,63,110,3,Z,14,0,49,0,157,72,76,5,0,8,-1,-20,0,148,9,-34,2
33661,9.59,T,45,9,582,4,40,82,79,1,Z,49,0,406,0,6,54,169,2,0,4,-9,-176,-4,-34,-28,90,1
33662,9.59,T,77,4,858,2,32,303,166,0,P,67,7,677,0,29,206,102,0,1,-10,3,-181,-2,-3,-97,-64,0
33663,4.29,P,15,0,259,0,3,76,22,1,P,29,0,176,0,9,113,39,7,1,14,0,-83,0,6,37,17,6
33664,8.18,Z,33,0,248,0,6,91,131,1,P,28,3,579,0,10,201,55,0,0,-5,3,331,0,4,110,-76,-1
33665,6.25,P,27,4,249,0,6,132,100,0,T,29,0,332,0,16,41,46,7,1,2,-4,83,0,10,-91,-54,7
33666,9.59,T,41,0,439,0,0,30,73,0,Z,44,0,521,0,8,176,208,1,1,3,0,82,0,8,146,135,1
33667,9.59,Z,40,1,517,0,15,137,144,0,T,79,4,250,0,34,239,147,1,1,39,3,-267,0,19,102,3,1
33668,5,T,50,1,116,0,103,143,37,0,Z,36,0,204,0,17,154,83,3,1,-14,-1,88,0,-86,11,46,3
33669,9.59,Z,46,2,424,0,26,180,152,3,Z,52,1,573,0,5,404,209,1,0,6,-1,149,0,-21,224,57,-2
33670,4.35,P,23,0,424,0,2,38,26,0,T,12,7,266,0,130,51,24,0,0,-11,7,-158,0,128,13,-2,0
33671,7.23,Z,74,0,525,0,490,301,260,26,T,75,12,398,0,418,353,159,8,0,1,12,-127,0,-72,52,-101,-18
33672,9.59,T,74,0,844,0,68,113,85,21,T,83,3,469,0,197,157,98,2,1,9,3,-375,0,129,44,13,-19
33673,9.58,T,100,4,452,0,176,147,183,17,Z,44,0,705,0,2,50,148,2,0,-56,-4,253,0,-174,-97,-35,-15
33674,9.47,P,52,0,584,0,11,228,127,4,Z,63,2,453,0,61,199,204,4,0,11,2,-131,0,50,-29,77,0
33675,0.56,T,3,0,8,0,23,6,6,3,Z,6,0,37,0,6,17,28,2,1,3,0,29,0,-17,11,22,-1
33676,1.01,P,3,0,33,0,37,7,53,0,P,9,0,50,0,100,32,22,3,1,6,0,17,0,63,25,-31,3
33677,9.12,P,19,0,241,0,0,17,24,1,Z,43,0,693,0,0,50,139,0,0,24,0,452,0,0,33,115,-1
33678,7.31,P,82,3,519,0,654,310,164,12,T,81,0,322,0,458,227,119,14,1,-1,-3,-197,0,-196,-83,-45,2
33679,10.32,T,85,0,676,0,626,305,170,13,T,91,0,726,0,108,201,125,5,0,6,0,50,0,-518,-104,-45,-8
33680,9.48,P,52,0,647,0,2,125,78,9,P,49,0,596,0,19,412,85,14,0,-3,0,-51,0,17,287,7,5
33681,10.04,Z,77,1,491,0,34,169,186,3,P,130,0,365,0,376,248,266,7,1,53,-1,-126,0,342,79,80,4
33682,4.03,P,21,0,144,0,1,39,36,1,T,19,0,306,1,39,89,41,0,0,-2,0,162,1,38,50,5,-1
33683,5.58,T,13,0,171,0,0,13,27,0,T,32,2,278,0,18,68,54,1,1,19,2,107,0,18,55,27,1
33684,9.23,T,73,2,1006,0,80,249,104,5,P,52,3,578,0,40,227,62,4,0,-21,1,-428,0,-40,-22,-42,-1
33685,9.59,T,106,1,362,5,122,127,202,6,Z,109,5,525,0,536,262,355,15,1,3,4,163,-5,414,135,153,9
33686,9.59,T,86,3,871,0,37,205,111,5,Z,109,5,812,0,71,391,349,4,1,23,2,-59,0,34,186,238,-1
33687,10.33,Z,75,2,315,7,937,419,359,8,T,57,0,357,0,27,201,83,5,0,-18,-2,42,-7,-910,-218,-276,-3
33688,8.38,P,57,4,769,0,47,145,74,2,P,40,1,515,0,20,240,201,3,0,-17,-3,-254,0,-27,95,127,1
33689,10.16,P,53,4,1068,0,27,156,65,2,P,55,0,325,0,10,125,78,2,0,2,-4,-743,0,-17,-31,13,0
33690,7.52,Z,36,9,247,0,64,132,198,6,P,61,0,424,0,26,155,150,3,1,25,-9,177,0,-38,23,-48,-3
33691,9.59,T,109,0,526,0,116,324,177,10,T,170,0,390,0,434,275,135,23,1,61,0,-136,0,318,-49,-42,13
33692,9.58,T,24,0,209,0,0,23,59,0,P,17,0,158,0,0,14,24,0,0,-7,0,-51,0,0,-9,-35,0
33693,6.57,P,39,2,673,0,27,110,33,6,T,31,0,539,0,8,135,56,5,0,-8,-2,-134,0,-19,25,23,-1
33694,4.24,Z,22,1,286,0,124,134,112,3,P,21,0,241,0,192,121,56,8,0,-1,-1,-45,0,68,-13,-56,5
33695,9.59,P,47,0,626,0,33,157,44,7,Z,46,3,469,0,37,96,180,1,0,-1,3,-157,0,4,-61,136,-6
33696,7.44,Z,43,0,311,0,60,176,255,10,P,49,1,183,0,13,141,87,2,0,6,1,-128,0,-47,-35,-168,-8
33697,8.05,P,39,1,458,0,13,259,70,2,P,59,4,274,0,216,185,146,4,1,20,3,-184,0,203,-74,76,2
33698,5.28,P,37,3,353,0,38,151,70,3,T,10,0,329,0,0,54,31,0,0,-27,-3,-24,0,-38,-97,-39,-3
33699,9.45,P,71,2,327,0,258,225,62,11,P,40,0,691,0,22,132,66,5,0,-31,-2,364,0,-236,-93,4,-6
33700,9.59,T,50,0,401,0,2,127,104,1,P,58,2,591,0,23,312,203,4,1,8,2,190,0,21,185,99,3
33701,7.09,P,28,1,396,0,14,37,31,2,P,40,0,226,0,23,133,39,3,1,12,-1,-170,0,9,96,8,1
33702,7.33,P,44,0,562,0,24,267,75,4,P,40,3,460,0,116,183,50,4,0,-4,3,-102,0,92,-84,-25,0
33703,6.39,T,34,0,379,0,28,116,89,3,P,29,0,411,0,26,167,49,4,1,-5,0,32,0,-2,51,-40,1
33704,3.36,T,25,0,134,0,17,56,32,4,T,19,4,157,0,16,54,21,0,1,-6,4,23,0,-1,-2,-11,-4
33705,9.25,T,142,0,494,0,779,295,209,25,T,128,0,558,0,628,298,170,27,1,-14,0,64,0,-151,3,-39,2
33706,7.03,T,57,4,217,0,169,142,110,9,Z,46,0,506,0,34,78,114,12,0,-11,-4,289,0,-135,-64,4,3
33707,8.24,Z,55,0,451,0,55,159,159,4,P,37,0,213,0,9,61,48,4,1,-18,0,-238,0,-46,-98,-111,0
33708,9.59,Z,70,4,604,1,86,370,326,5,Z,73,2,445,0,463,274,285,25,1,3,-2,-159,-1,377,-96,-41,20
33709,9.58,T,70,1,858,0,52,175,80,4,Z,56,7,402,0,63,144,205,1,0,-14,6,-456,0,11,-31,125,-3
33710,9.58,T,49,2,571,0,16,51,107,0,P,37,0,818,0,0,104,80,0,0,-12,-2,247,0,-16,53,-27,0
33711,9.59,Z,69,0,543,18,218,118,404,1,P,61,11,628,0,122,93,82,0,0,-8,11,85,-18,-96,-25,-322,-1
33712,8.44,P,80,0,798,0,16,263,94,3,Z,60,6,474,0,107,202,195,1,1,-20,6,-324,0,91,-61,101,-2
33713,9.58,T,55,3,770,0,15,120,202,2,T,49,0,1271,0,12,149,146,1,1,-6,-3,501,0,-3,29,-56,-1
33714,9.59,T,37,4,632,0,4,29,71,0,T,50,0,285,0,2,82,71,4,0,13,-4,-347,0,-2,53,0,4
33715,9.59,T,49,2,372,0,1,53,90,0,P,35,0,760,0,3,107,103,4,0,-14,-2,388,0,2,54,13,4
33716,7.3,Z,64,11,350,0,137,275,234,3,Z,47,6,219,2,676,238,344,7,1,-17,-5,-131,2,539,-37,110,4
33717,9.55,T,42,0,588,0,0,21,62,0,T,48,0,733,0,3,114,70,5,0,6,0,145,0,3,93,8,5
33718,9.59,Z,90,4,589,0,84,203,222,10,T,84,0,844,0,55,228,138,3,0,-6,-4,255,0,-29,25,-84,-7
33719,9.59,T,102,0,739,0,120,243,113,6,Z,59,6,574,0,204,455,346,5,1,-43,6,-165,0,84,212,233,-1
33720,6.56,Z,38,6,189,0,201,61,178,0,P,43,3,219,0,10,77,46,0,1,5,-3,30,0,-191,16,-132,0
33721,6.01,P,33,3,199,0,177,126,95,1,T,43,0,331,0,538,70,135,7,1,10,-3,132,0,361,-56,40,6
33722,7.33,T,47,10,478,0,20,217,58,0,Z,43,2,430,0,69,168,182,1,0,-4,-8,-48,0,49,-49,124,1
33723,9.59,T,70,7,263,0,51,121,86,7,Z,46,7,577,0,186,236,158,3,0,-24,0,314,0,135,115,72,-4
33724,9.53,P,49,0,613,0,0,271,82,0,P,43,0,473,0,0,163,82,0,1,-6,0,-140,0,0,-108,0,0
33725,5.48,Z,35,0,196,0,12,180,159,2,T,41,4,360,0,481,94,67,0,1,6,4,164,0,469,-86,-92,-2
33726,10.46,T,107,0,912,0,143,212,222,12,P,91,0,909,0,57,546,115,8,0,-16,0,-3,0,-86,334,-107,-4
33727,10.37,T,119,0,629,21,674,400,179,3,T,104,0,878,0,632,328,146,6,0,-15,0,249,-21,-42,-72,-33,3
33728,9.25,Z,67,10,407,0,140,310,283,2,P,132,0,480,0,328,340,117,10,1,65,-10,73,0,188,30,-166,8
33729,9.54,P,46,4,380,0,17,110,74,2,P,66,16,652,0,45,236,83,0,1,20,12,272,0,28,126,9,-2
33730,9.59,Z,45,10,320,0,93,168,276,2,T,43,0,348,0,2,45,82,3,1,-2,-10,28,0,-91,-123,-194,1
33731,6.42,P,33,0,337,0,338,105,106,3,Z,38,0,286,0,14,104,164,9,0,5,0,-51,0,-324,-1,58,6
33732,1.52,T,11,0,74,0,41,59,17,3,T,5,0,100,0,122,17,21,4,1,-6,0,26,0,81,-42,4,1
33733,6.2,Z,34,2,316,0,25,43,105,0,P,15,0,467,0,0,53,51,0,0,-19,-2,151,0,-25,10,-54,0
33734,10.55,Z,48,7,708,0,68,141,173,1,T,66,0,736,0,241,270,153,6,0,18,-7,28,0,173,129,-20,5
33735,9.59,T,95,5,509,0,481,259,182,1,T,61,0,471,0,511,169,117,15,0,-34,-5,-38,0,30,-90,-65,14
33736,2.45,Z,16,1,19,0,23,17,64,1,T,5,0,28,0,0,20,19,0,1,-11,-1,9,0,-23,3,-45,-1
33737,6.31,T,47,0,179,0,68,171,84,8,Z,23,0,322,0,0,123,115,0,0,-24,0,143,0,-68,-48,31,-8
33738,9.58,T,42,0,596,0,0,62,102,1,Z,50,0,470,5,52,156,208,3,1,8,0,-126,5,52,94,106,2
33739,10.54,P,52,3,645,0,147,223,36,2,T,50,0,1099,0,0,31,99,0,0,-2,-3,454,0,-147,-192,63,-2
33740,2.42,P,10,0,243,0,29,98,36,0,Z,10,2,161,0,128,81,53,2,1,0,2,-82,0,99,-17,17,2
33741,9.59,Z,44,2,304,0,43,178,161,7,Z,59,2,437,0,67,40,172,5,1,15,0,133,0,24,-138,11,-2
33742,9.59,Z,55,1,391,0,17,127,181,1,T,102,1,478,0,418,289,245,14,0,47,0,87,0,401,162,64,13
33743,9.58,Z,52,8,541,0,40,53,129,0,T,58,0,410,0,19,171,130,4,0,6,-8,-131,0,-21,118,1,4
33744,9.37,P,84,3,449,0,174,272,125,10,T,107,5,210,0,414,139,236,8,0,23,2,-239,0,240,-133,111,-2
33745,9.59,Z,46,0,324,0,0,110,161,0,P,50,3,577,0,27,257,76,3,1,4,3,253,0,27,147,-85,3
33746,5,P,6,0,62,0,1,37,21,0,P,34,1,153,0,19,71,39,2,1,28,1,91,0,18,34,18,2
33747,6.46,T,64,0,544,0,2,164,97,1,P,39,0,311,0,48,87,110,7,0,-25,0,-233,0,46,-77,13,6
33748,4.2,T,14,0,290,0,7,115,19,4,Z,22,1,119,0,14,11,44,1,1,8,1,-171,0,7,-104,25,-3
33749,9.41,P,43,0,352,0,11,149,84,7,T,72,0,430,0,121,143,98,5,0,29,0,78,0,110,-6,14,-2
33750,6.48,T,66,8,418,0,485,117,90,7,P,73,0,372,0,149,210,69,9,0,7,-8,-46,0,-336,93,-21,2
33751,9.59,Z,54,7,853,0,76,213,157,3,T,57,0,765,0,224,239,143,11,0,3,-7,-88,0,148,26,-14,8
33752,3.48,T,13,0,165,0,0,38,37,0,T,14,0,459,0,0,34,35,0,0,1,0,294,0,0,-4,-2,0
33753,9.59,T,96,4,395,7,183,226,150,2,T,71,0,439,0,76,140,104,8,1,-25,-4,44,-7,-107,-86,-46,6
33754,4.31,Z,17,3,113,0,169,112,140,4,Z,26,6,240,0,302,152,116,2,1,9,3,127,0,133,40,-24,-2
33755,1.4,P,4,0,39,0,69,20,3,2,Z,6,1,67,0,3,7,21,0,1,2,1,28,0,-66,-13,18,-2
33756,9.59,T,101,1,382,0,928,324,207,14,Z,74,7,621,0,135,290,208,6,0,-27,6,239,0,-793,-34,1,-8
33757,2.13,Z,7,0,38,3,221,91,44,3,Z,4,0,138,0,9,23,26,2,0,-3,0,100,-3,-212,-68,-18,-1
33758,9.59,P,61,0,367,0,99,412,157,5,P,70,0,405,0,81,259,103,16,0,9,0,38,0,-18,-153,-54,11
33759,9.43,T,74,4,620,0,33,106,76,0,T,71,0,736,0,10,122,121,4,0,-3,-4,116,0,-23,16,45,4
33760,4.23,T,16,0,46,0,0,8,22,3,T,13,0,157,0,0,16,21,3,1,-3,0,111,0,0,8,-1,0
33761,4.48,T,17,2,452,0,2,115,54,3,T,34,0,458,0,482,89,91,9,1,17,-2,6,0,480,-26,37,6
33762,7.05,Z,40,0,226,0,18,158,108,1,Z,37,0,329,0,1,123,163,1,1,-3,0,103,0,-17,-35,55,0
33763,9.59,T,76,0,668,2,250,218,141,7,P,46,0,277,0,12,207,84,3,1,-30,0,-391,-2,-238,-11,-57,-4
33764,8.45,T,58,6,633,0,95,195,84,4,Z,46,0,392,0,42,91,128,7,0,-12,-6,-241,0,-53,-104,44,3
33765,6,Z,37,0,345,0,66,97,255,5,T,55,0,467,0,529,163,186,8,1,18,0,122,0,463,66,-69,3
33766,9.59,T,65,0,476,0,15,86,78,3,Z,43,1,532,0,96,188,278,2,1,-22,1,56,0,81,102,200,-1
33767,9.15,Z,65,0,557,0,13,154,164,2,Z,49,11,663,0,71,294,116,2,1,-16,11,106,0,58,140,-48,0
33768,9.13,P,67,0,759,0,367,214,86,8,Z,54,0,380,7,21,195,213,3,0,-13,0,-379,7,-346,-19,127,-5
33769,9.59,T,55,6,735,0,24,156,92,0,T,90,0,687,0,1012,193,184,10,1,35,-6,-48,0,988,37,92,10
33770,9.59,P,52,0,859,0,28,107,73,3,Z,56,0,210,0,45,44,177,1,0,4,0,-649,0,17,-63,104,-2
33771,8.44,T,35,0,236,0,26,42,54,4,Z,52,5,370,0,53,85,151,1,1,17,5,134,0,27,43,97,-3
33772,10.47,P,124,13,481,0,576,350,122,7,T,102,0,438,0,431,194,145,12,1,-22,-13,-43,0,-145,-156,23,5
33773,9.59,T,43,0,278,0,0,27,51,0,Z,39,0,938,0,14,85,139,3,0,-4,0,660,0,14,58,88,3
33774,6.18,P,28,1,350,0,2,82,58,0,Z,29,3,370,0,30,107,113,1,0,1,2,20,0,28,25,55,1
33775,9.59,P,67,4,549,0,112,125,113,4,Z,63,9,183,0,55,162,205,1,1,-4,5,-366,0,-57,37,92,-3
33776,9.09,P,62,4,527,0,164,341,239,0,P,69,6,370,0,693,134,82,8,0,7,2,-157,0,529,-207,-157,8
33777,9.2,P,103,10,460,0,686,246,363,36,P,94,7,572,1,290,401,141,6,1,-9,-3,112,1,-396,155,-222,-30
33778,4,Z,16,1,138,0,2,13,53,0,Z,14,2,24,0,10,5,36,0,0,-2,1,-114,0,8,-8,-17,0
33779,4.22,Z,27,0,236,0,332,126,180,3,Z,20,1,230,0,320,77,69,5,0,-7,1,-6,0,-12,-49,-111,2
33780,9.57,Z,58,0,694,0,59,191,218,3,T,59,0,421,0,6,89,102,1,0,1,0,-273,0,-53,-102,-116,-2
33781,8.4,Z,87,0,341,0,122,183,325,8,Z,92,11,618,3,394,251,248,8,1,5,11,277,3,272,68,-77,0
33782,9.59,P,133,15,640,1,401,376,215,11,T,113,0,597,0,889,298,252,18,0,-20,-15,-43,-1,488,-78,37,7
33783,9.59,T,114,0,646,0,11,211,148,2,P,45,0,408,0,39,228,79,9,1,-69,0,-238,0,28,17,-69,7
33784,4,T,19,0,215,0,9,47,95,2,P,27,0,396,0,3,101,41,1,1,8,0,181,0,-6,54,-54,-1
33785,2.27,T,8,0,43,0,30,76,23,3,T,18,0,16,0,5,169,48,2,1,10,0,-27,0,-25,93,25,-1
33786,5.52,P,26,3,185,0,426,49,42,1,T,22,0,383,0,0,46,74,0,0,-4,-3,198,0,-426,-3,32,-1
33787,4.45,T,42,3,161,0,547,155,104,7,T,27,2,386,0,177,103,41,4,1,-15,-1,225,0,-370,-52,-63,-3
33788,4.33,T,31,0,98,0,13,14,27,2,T,20,2,279,0,4,34,24,0,1,-11,2,181,0,-9,20,-3,-2
33789,8.52,Z,58,0,702,0,28,75,167,5,T,67,5,642,0,64,149,96,0,1,9,5,-60,0,36,74,-71,-5
33790,0.29,Z,2,0,38,0,0,7,11,1,T,2,1,10,0,1,15,2,0,0,0,1,-28,0,1,8,-9,-1
33791,9.58,T,68,1,590,0,14,135,136,4,P,60,0,585,0,9,241,163,5,0,-8,-1,-5,0,-5,106,27,1
33792,0.37,T,4,2,26,0,0,13,3,0,T,3,0,42,0,30,10,11,1,0,-1,-2,16,0,30,-3,8,1
33793,7.02,P,42,3,316,5,107,101,49,0,T,42,0,351,0,0,132,76,2,0,0,-3,35,-5,-107,31,27,2
33794,10.16,T,51,11,551,0,46,220,145,2,T,63,0,684,0,94,198,111,7,1,12,-11,133,0,48,-22,-34,5
33795,7.12,P,58,2,561,0,782,149,54,8,Z,40,5,388,0,26,156,161,0,1,-18,3,-173,0,-756,7,107,-8
33796,4.53,P,25,5,60,0,213,151,182,0,Z,20,3,111,0,238,35,93,3,1,-5,-2,51,0,25,-116,-89,3
33797,8.01,T,99,0,525,0,258,256,183,10,Z,51,0,121,0,66,168,253,4,0,-48,0,-404,0,-192,-88,70,-6
33798,10.32,P,41,0,362,0,5,193,79,2,T,111,0,596,0,37,232,131,10,1,70,0,234,0,32,39,52,8
33799,8.24,P,51,4,478,0,56,315,92,4,Z,40,5,471,0,447,99,270,2,1,-11,1,-7,0,391,-216,178,-2
33800,4.14,P,17,1,186,0,276,61,145,6,T,34,0,214,0,272,53,49,2,0,17,-1,28,0,-4,-8,-96,-4
33801,3.18,T,16,0,250,0,7,37,29,1,T,13,0,215,0,178,23,22,7,0,-3,0,-35,0,171,-14,-7,6
33802,7.41,T,69,0,256,0,142,203,110,3,T,66,6,397,0,372,298,123,5,0,-3,6,141,0,230,95,13,2
33803,9.59,Z,63,7,799,0,86,181,203,0,T,107,0,641,0,478,277,165,9,0,44,-7,-158,0,392,96,-38,9
33804,10.45,P,81,2,831,0,52,273,83,5,Z,63,4,587,0,19,128,212,0,1,-18,2,-244,0,-33,-145,129,-5
33805,4.37,T,24,0,172,0,6,51,43,3,P,26,4,215,2,15,113,20,0,1,2,4,43,2,9,62,-23,-3
33806,9.59,Z,103,5,683,3,492,321,299,12,T,129,7,605,0,439,289,253,1,0,26,2,-78,-3,-53,-32,-46,-11
33807,6.58,P,59,3,342,11,66,229,89,0,T,29,11,239,0,26,86,27,1,0,-30,8,-103,-11,-40,-143,-62,1
33808,9.59,T,66,1,644,0,20,153,137,5,Z,68,10,814,0,203,134,235,6,1,2,9,170,0,183,-19,98,1
33809,5.37,P,21,0,457,0,0,140,64,2,T,11,0,272,0,0,57,36,0,0,-10,0,-185,0,0,-83,-28,-2
33810,3.05,P,9,0,169,0,6,58,80,0,Z,8,2,155,0,16,54,52,1,1,-1,2,-14,0,10,-4,-28,1
33811,6.25,Z,35,1,232,0,26,74,99,4,T,42,2,334,0,2,44,64,0,0,7,1,102,0,-24,-30,-35,-4
33812,4.35,T,13,0,366,0,0,29,26,0,P,16,2,62,0,35,89,55,2,1,3,2,-304,0,35,60,29,2
33813,9.59,T,44,0,474,0,46,91,68,12,T,52,0,413,0,3,110,76,6,1,8,0,-61,0,-43,19,8,-6
33814,9.59,T,64,4,358,0,12,60,116,1,P,59,12,658,0,35,56,56,0,1,-5,8,300,0,23,-4,-60,-1
33815,2.22,Z,9,3,113,0,269,27,33,0,Z,10,0,1,0,12,10,94,2,1,1,-3,-112,0,-257,-17,61,2
33816,9.59,T,87,0,413,3,271,401,193,16,T,97,2,412,0,171,400,167,5,0,10,2,-1,-3,-100,-1,-26,-11
33817,6.06,P,46,3,349,0,253,185,146,9,P,37,0,230,0,337,157,79,16,1,-9,-3,-119,0,84,-28,-67,7
33818,9.57,P,52,0,882,0,0,177,81,1,Z,40,0,513,0,17,91,123,7,0,-12,0,-369,0,17,-86,42,6
33819,2.35,P,8,1,184,0,3,40,10,0,T,10,6,91,0,217,48,127,0,1,2,5,-93,0,214,8,117,0
33820,9.42,T,98,3,510,0,527,386,269,11,P,52,3,473,0,322,234,55,6,0,-46,0,-37,0,-205,-152,-214,-5
33821,7.19,P,22,0,317,0,0,48,55,0,P,29,0,475,0,0,131,44,6,1,7,0,158,0,0,83,-11,6
33822,5.38,T,41,0,194,0,197,128,122,8,P,45,0,262,0,483,168,158,11,0,4,0,68,0,286,40,36,3
33823,9.59,Z,69,0,376,0,34,214,230,2,T,84,6,425,0,325,186,154,3,1,15,6,49,0,291,-28,-76,1
33824,8.27,Z,67,7,327,6,61,94,175,0,T,66,0,785,0,83,165,104,15,0,-1,-7,458,-6,22,71,-71,15
33825,4.29,Z,26,0,109,0,24,50,72,2,P,21,0,158,0,0,56,51,1,0,-5,0,49,0,-24,6,-21,-1
33826,9.59,Z,89,0,332,17,289,257,488,0,T,138,0,512,0,326,239,120,16,1,49,0,180,-17,37,-18,-368,16
33827,3.48,Z,16,0,118,0,4,15,92,1,Z,14,0,141,0,41,39,71,1,0,-2,0,23,0,37,24,-21,0
33828,10.47,T,102,0,508,0,726,316,172,12,P,64,2,788,0,274,230,97,6,0,-38,2,280,0,-452,-86,-75,-6
33829,4.2,Z,21,0,204,0,96,83,110,12,T,29,0,280,0,544,90,25,9,1,8,0,76,0,448,7,-85,-3
33830,8,Z,39,0,264,0,7,160,164,2,P,46,6,409,0,27,54,66,5,0,7,6,145,0,20,-106,-98,3
33831,5.05,T,37,0,510,0,25,49,36,3,P,32,1,148,0,13,75,89,1,0,-5,1,-362,0,-12,26,53,-2
33832,4.35,P,17,5,109,0,3,48,29,0,T,11,0,182,0,0,22,32,2,1,-6,-5,73,0,-3,-26,3,2
33833,9.59,T,85,2,531,0,141,195,207,10,P,55,3,593,0,28,147,143,1,0,-30,1,62,0,-113,-48,-64,-9
33834,6.27,T,54,0,286,0,51,213,72,5,T,63,4,361,0,78,179,99,6,1,9,4,75,0,27,-34,27,1
33835,6.15,Z,32,8,179,0,109,212,197,6,Z,41,0,352,0,4,149,108,8,1,9,-8,173,0,-105,-63,-89,2
33836,9.58,T,92,0,773,7,26,272,126,1,Z,71,1,451,0,45,402,278,4,0,-21,1,-322,-7,19,130,152,3
33837,4.2,T,31,0,193,0,465,74,56,6,T,25,2,136,0,55,66,68,2,0,-6,2,-57,0,-410,-8,12,-4
33838,7.51,T,104,1,750,0,53,175,88,9,P,43,0,539,0,28,134,66,5,0,-61,-1,-211,0,-25,-41,-22,-4
33839,2.45,T,9,0,63,0,731,9,13,4,P,12,0,85,0,0,46,13,0,1,3,0,22,0,-731,37,0,-4
33840,3.04,Z,15,0,72,0,39,32,93,3,P,11,0,145,0,139,130,21,2,0,-4,0,73,0,100,98,-72,-1
33841,7.13,Z,30,8,549,0,25,132,104,0,P,49,4,691,10,309,168,142,0,0,19,-4,142,10,284,36,38,0
33842,5.37,P,35,4,127,0,415,119,143,0,T,21,0,203,0,20,130,37,4,1,-14,-4,76,0,-395,11,-106,4
33843,9.59,T,52,6,564,0,10,101,83,2,P,63,0,747,0,0,116,107,0,0,11,-6,183,0,-10,15,24,-2
33844,3.24,Z,17,0,167,0,459,63,209,3,T,16,1,334,0,1,47,50,1,0,-1,1,167,0,-458,-16,-159,-2
33845,5.1,T,27,0,338,0,3,108,39,1,T,35,3,520,0,0,45,69,0,1,8,3,182,0,-3,-63,30,-1
33846,4.41,T,22,3,386,0,95,88,24,0,T,30,3,327,0,14,49,27,1,0,8,0,-59,0,-81,-39,3,1
33847,9.17,P,61,0,620,0,36,314,85,8,P,53,0,479,0,19,135,80,7,0,-8,0,-141,0,-17,-179,-5,-1
33848,9.59,T,74,17,1152,0,74,130,141,5,T,91,8,487,0,27,203,160,1,0,17,-9,-665,0,-47,73,19,-4
33849,9.16,P,40,1,532,0,19,81,63,5,T,70,2,460,0,48,216,77,0,1,30,1,-72,0,29,135,14,-5
33850,4.53,P,18,0,140,0,0,41,23,0,T,28,0,228,0,1,99,55,5,0,10,0,88,0,1,58,32,5
33851,7.06,T,41,0,611,0,6,17,57,5,P,25,0,153,0,4,16,33,3,1,-16,0,-458,0,-2,-1,-24,-2
33852,9.59,Z,48,0,380,0,36,45,133,4,Z,41,0,702,0,25,230,116,2,1,-7,0,322,0,-11,185,-17,-2
33853,2.49,T,16,0,99,0,107,158,25,7,Z,6,2,16,0,4,13,35,5,1,-10,2,-83,0,-103,-145,10,-2
33854,4.53,Z,28,4,248,0,285,90,186,4,Z,22,3,362,1,35,135,93,5,0,-6,-1,114,1,-250,45,-93,1
33855,5.4,P,37,0,308,0,153,109,32,10,P,53,5,246,1,446,188,67,14,0,16,5,-62,1,293,79,35,4
33856,3.5,T,17,0,301,0,53,49,30,2,T,13,0,287,0,1,34,43,1,0,-4,0,-14,0,-52,-15,13,-1
33857,9.57,T,76,2,918,0,42,142,85,10,Z,64,14,355,0,88,315,246,2,0,-12,12,-563,0,46,173,161,-8
33858,9.59,T,102,2,671,0,191,261,179,5,T,110,0,572,0,799,289,254,9,1,8,-2,-99,0,608,28,75,4
33859,2.32,Z,9,0,72,0,213,19,56,4,T,11,1,120,0,169,42,30,4,0,2,1,48,0,-44,23,-26,0
33860,4.11,P,25,0,119,0,11,55,29,2,P,21,2,209,5,40,100,39,0,0,-4,2,90,5,29,45,10,-2
33861,7.11,Z,35,0,421,0,17,190,112,4,T,60,0,305,0,81,141,48,6,1,25,0,-116,0,64,-49,-64,2
33862,10.1,Z,77,7,518,0,282,275,279,5,T,157,0,675,17,654,278,211,1,1,80,-7,157,17,372,3,-68,-4
33863,9.12,P,89,6,476,0,513,319,156,18,T,65,0,591,0,8,206,225,5,0,-24,-6,115,0,-505,-113,69,-13
33864,9.55,T,50,0,397,0,3,76,90,6,Z,48,1,541,0,1,225,313,1,1,-2,1,144,0,-2,149,223,-5
33865,10.32,Z,46,0,211,0,0,36,159,0,T,64,3,894,0,14,164,151,3,1,18,3,683,0,14,128,-8,3
33866,9.56,T,46,0,505,0,149,157,82,17,P,49,0,445,0,16,330,59,6,1,3,0,-60,0,-133,173,-23,-11
33867,4.52,Z,30,2,204,0,51,138,129,2,T,19,4,328,0,16,39,32,0,0,-11,2,124,0,-35,-99,-97,-2
33868,9.59,T,89,11,808,0,9,176,130,1,Z,56,4,378,0,15,98,193,0,0,-33,-7,-430,0,6,-78,63,-1
33869,0.53,T,2,0,37,0,0,0,4,1,P,0,0,6,0,0,1,2,0,0,-2,0,-31,0,0,1,-2,-1
33870,10.5,P,57,0,829,0,15,224,122,7,T,67,0,364,0,31,220,185,2,1,10,0,-465,0,16,-4,63,-5
33871,7.08,T,47,0,648,0,38,143,136,3,T,45,6,326,0,175,127,68,0,1,-2,6,-322,0,137,-16,-68,-3
33872,7.12,T,47,0,539,0,57,188,91,12,T,59,5,251,0,638,171,159,8,1,12,5,-288,0,581,-17,68,-4
33873,9.59,Z,100,7,606,0,715,346,415,4,T,94,0,570,5,422,281,170,12,1,-6,-7,-36,5,-293,-65,-245,8
33874,9.23,T,63,0,784,0,0,372,200,6,Z,77,2,433,0,17,228,393,4,1,14,2,-351,0,17,-144,193,-2
33875,9.59,T,68,0,542,0,11,93,86,4,Z,55,0,438,0,15,120,182,1,0,-13,0,-104,0,4,27,96,-3
33876,3.45,P,32,0,309,0,67,114,91,3,T,22,0,233,0,67,91,117,10,1,-10,0,-76,0,0,-23,26,7
33877,2.34,P,11,0,56,0,156,27,50,3,T,20,0,97,0,1,67,50,1,0,9,0,41,0,-155,40,0,-2
33878,4.49,Z,24,0,403,0,22,50,68,2,Z,21,1,91,0,14,61,73,1,1,-3,1,-312,0,-8,11,5,-1
33879,9.43,P,68,2,421,0,187,285,128,8,Z,63,1,1012,0,39,153,212,7,1,-5,-1,591,0,-148,-132,84,-1
33880,10.44,T,136,6,427,0,897,392,189,6,P,117,7,420,0,234,497,102,25,1,-19,1,-7,0,-663,105,-87,19
33881,3.34,Z,17,0,121,0,246,60,91,5,T,17,0,166,0,178,94,81,7,0,0,0,45,0,-68,34,-10,2
33882,4.54,Z,22,1,277,0,45,167,135,2,P,37,1,334,0,105,183,65,4,1,15,0,57,0,60,16,-70,2
33883,8.42,T,55,0,696,0,4,107,103,1,T,59,0,529,0,141,177,61,9,1,4,0,-167,0,137,70,-42,8
33884,5.07,P,33,0,361,0,32,73,42,6,T,42,4,301,0,144,163,65,3,1,9,4,-60,0,112,90,23,-3
33885,5.42,Z,28,1,238,0,78,48,110,3,T,39,2,151,0,11,152,159,3,1,11,1,-87,0,-67,104,49,0
33886,9.57,Z,40,10,520,0,301,195,175,3,T,36,0,760,0,0,77,53,0,0,-4,-10,240,0,-301,-118,-122,-3
33887,8.51,T,45,0,371,0,0,47,99,0,T,47,0,733,0,497,182,89,9,1,2,0,362,0,497,135,-10,9
33888,9.58,T,72,1,606,0,44,285,127,3,T,48,0,814,0,1,167,92,2,1,-24,-1,208,0,-43,-118,-35,-1
33889,4.13,T,23,0,278,5,26,61,55,0,T,22,5,117,0,644,97,50,0,1,-1,5,-161,-5,618,36,-5,0
33890,9.59,T,73,0,428,0,271,266,140,12,T,97,0,701,0,24,165,279,9,1,24,0,273,0,-247,-101,139,-3
33891,2.13,P,9,0,107,0,16,101,10,2,P,8,0,105,0,2,76,16,1,0,-1,0,-2,0,-14,-25,6,-1
33892,5.49,P,22,0,457,0,0,182,30,1,T,28,0,324,0,51,77,49,3,1,6,0,-133,0,51,-105,19,2
33893,5.04,Z,22,0,285,0,358,59,118,4,Z,20,0,570,0,36,54,65,5,0,-2,0,285,0,-322,-5,-53,1
33894,9.59,T,91,0,783,0,96,163,115,12,Z,62,4,404,0,446,259,181,3,0,-29,4,-379,0,350,96,66,-9
33895,9.57,Z,70,17,377,2,238,405,277,1,T,117,0,516,0,318,292,184,9,1,47,-17,139,-2,80,-113,-93,8
33896,9.59,T,85,0,557,0,137,203,122,10,Z,68,0,377,0,95,117,247,3,0,-17,0,-180,0,-42,-86,125,-7
33897,9.59,T,102,0,459,0,540,273,150,20,T,59,4,474,0,8,84,84,0,0,-43,4,15,0,-532,-189,-66,-20
33898,6.02,T,50,5,323,0,470,120,215,8,T,43,13,578,0,17,59,55,3,0,-7,8,255,0,-453,-61,-160,-5
33899,3.45,Z,13,3,112,0,76,89,81,5,Z,19,4,129,0,117,81,115,7,1,6,1,17,0,41,-8,34,2
33900,9.59,P,46,0,288,0,20,99,67,2,Z,34,0,725,0,1,92,184,2,0,-12,0,437,0,-19,-7,117,0
33901,5.36,P,19,2,387,4,10,67,38,0,P,31,4,250,0,126,177,69,1,1,12,2,-137,-4,116,110,31,1
33902,9.54,P,57,0,431,0,11,150,77,3,Z,52,6,357,0,72,120,159,0,1,-5,6,-74,0,61,-30,82,-3
33903,10.15,T,125,1,467,0,429,369,210,12,Z,77,5,924,0,120,253,263,7,0,-48,4,457,0,-309,-116,53,-5
33904,4.39,T,20,0,184,0,0,34,35,0,P,31,0,173,0,28,83,131,3,1,11,0,-11,0,28,49,96,3
33905,7.16,P,63,4,723,0,41,179,51,1,Z,46,0,491,8,102,254,231,0,0,-17,-4,-232,8,61,75,180,-1
33906,9.59,P,62,8,472,0,536,311,66,9,Z,81,8,806,0,435,219,658,2,1,19,0,334,0,-101,-92,592,-7
33907,9.59,T,72,5,608,0,66,149,90,2,Z,88,0,445,0,230,188,233,7,1,16,-5,-163,0,164,39,143,5
33908,9.59,T,72,0,616,0,23,83,97,1,P,49,4,434,0,8,110,58,5,1,-23,4,-182,0,-15,27,-39,4
33909,5.1,T,33,0,212,0,269,210,72,12,Z,26,1,321,0,198,139,260,6,1,-7,1,109,0,-71,-71,188,-6
33910,7.4,T,58,6,408,0,80,121,148,2,Z,50,3,363,0,145,102,136,2,1,-8,-3,-45,0,65,-19,-12,0
33911,5.01,Z,19,0,416,0,0,67,49,0,P,19,2,89,0,83,58,32,2,0,0,2,-327,0,83,-9,-17,2
33912,8.46,Z,61,2,427,0,221,368,266,14,Z,63,0,392,0,454,208,261,4,0,2,-2,-35,0,233,-160,-5,-10
33913,8.46,T,106,6,381,29,183,168,248,11,P,79,8,743,0,140,204,264,3,0,-27,2,362,-29,-43,36,16,-8
33914,2.59,T,14,0,121,0,129,39,26,5,T,17,0,226,0,176,91,35,10,1,3,0,105,0,47,52,9,5
33915,10.39,T,124,10,558,0,649,371,227,12,P,77,11,481,0,751,174,187,12,0,-47,1,-77,0,102,-197,-40,0
33916,6.47,P,25,0,163,0,8,68,22,2,T,29,0,836,0,2,105,64,1,0,4,0,673,0,-6,37,42,-1
33917,10.46,T,59,0,314,0,14,51,122,6,P,42,0,741,0,7,118,86,8,0,-17,0,427,0,-7,67,-36,2
33918,6.16,T,40,3,220,0,20,50,64,2,T,35,3,125,0,309,155,218,2,1,-5,0,-95,0,289,105,154,0
33919,9.58,P,46,0,202,0,0,64,83,0,Z,62,1,425,0,139,279,241,7,1,16,1,223,0,139,215,158,7
33920,9.2,Z,56,6,248,0,51,202,144,4,T,117,7,595,0,337,193,133,5,1,61,1,347,0,286,-9,-11,1
33921,3.2,Z,12,2,101,0,25,40,46,1,Z,12,0,63,0,27,27,71,5,1,0,-2,-38,0,2,-13,25,4
33922,9.26,Z,58,5,477,0,292,126,159,0,Z,52,0,643,0,31,180,270,3,1,-6,-5,166,0,-261,54,111,3
33923,8.18,T,69,0,599,0,129,126,93,9,Z,45,2,219,0,149,89,257,1,0,-24,2,-380,0,20,-37,164,-8
33924,9.59,P,63,0,862,0,75,406,119,22,P,65,0,568,0,168,287,154,12,0,2,0,-294,0,93,-119,35,-10
33925,9.59,T,61,0,537,0,2,139,125,2,T,60,1,367,0,34,174,200,1,1,-1,1,-170,0,32,35,75,-1
33926,0.52,P,4,0,21,0,0,16,16,1,Z,2,1,4,0,1,10,15,0,1,-2,1,-17,0,1,-6,-1,-1
33927,9.58,P,46,1,505,0,43,52,56,3,Z,49,2,459,0,26,63,121,0,0,3,1,-46,0,-17,11,65,-3
33928,9.59,Z,45,0,415,0,53,139,142,8,T,70,1,457,0,596,192,103,5,1,25,1,42,0,543,53,-39,-3
33929,9.59,T,75,9,692,0,55,136,105,2,T,90,2,580,0,80,128,104,8,0,15,-7,-112,0,25,-8,-1,6
33930,5.14,P,28,2,388,0,27,83,36,0,T,22,1,251,0,108,70,81,9,0,-6,-1,-137,0,81,-13,45,9
33931,6.15,Z,31,0,421,0,280,83,106,4,Z,30,0,128,5,103,107,130,3,1,-1,0,-293,5,-177,24,24,-1
33932,3.32,P,21,2,147,0,6,59,41,2,P,7,0,78,0,0,32,14,1,0,-14,-2,-69,0,-6,-27,-27,-1
33933,9.59,T,113,0,388,0,57,293,325,18,Z,79,13,533,0,99,224,313,9,1,-34,13,145,0,42,-69,-12,-9
33934,9.59,T,82,0,564,0,580,175,160,5,P,80,5,510,0,268,270,92,1,0,-2,5,-54,0,-312,95,-68,-4
33935,0.18,T,2,0,4,0,5,7,10,7,T,1,0,40,0,0,6,0,1,1,-1,0,36,0,-5,-1,-10,-6
33936,10.35,Z,105,9,504,0,622,208,334,0,T,97,7,696,0,657,275,121,14,1,-8,-2,192,0,35,67,-213,14
33937,4.37,P,7,0,383,0,0,8,5,0,P,21,1,125,0,314,115,83,2,1,14,1,-258,0,314,107,78,2
33938,9.59,Z,71,9,432,0,26,261,401,2,T,101,6,416,0,429,174,134,3,0,30,-3,-16,0,403,-87,-267,1
33939,9.47,Z,45,0,574,0,0,46,157,0,T,52,0,229,0,9,25,57,3,1,7,0,-345,0,9,-21,-100,3
33940,3.15,T,15,0,47,0,387,63,135,5,P,14,0,132,0,12,62,31,1,0,-1,0,85,0,-375,-1,-104,-4
33941,10.11,Z,58,3,287,0,163,167,350,0,P,56,8,335,0,42,88,55,0,1,-2,5,48,0,-121,-79,-295,0
33942,10.58,T,84,0,481,0,49,104,119,3,Z,71,7,368,0,79,79,269,0,1,-13,7,-113,0,30,-25,150,-3
33943,5.28,T,51,2,210,0,299,134,69,1,P,44,7,238,0,606,173,107,5,1,-7,5,28,0,307,39,38,4
33944,9.59,T,140,9,440,0,798,224,194,6,Z,83,0,567,0,398,204,322,16,1,-57,-9,127,0,-400,-20,128,10
33945,9.07,T,65,9,213,0,57,92,49,2,T,34,0,784,0,0,118,69,0,0,-31,-9,571,0,-57,26,20,-2
33946,5.08,T,27,0,318,0,0,35,33,0,T,47,0,132,0,140,153,152,5,1,20,0,-186,0,140,118,119,5
33947,6.21,Z,26,0,148,0,0,40,98,0,T,40,0,162,0,38,40,39,2,1,14,0,14,0,38,0,-59,2
33948,4.49,T,30,0,194,0,8,51,40,2,Z,16,0,93,0,75,58,120,4,0,-14,0,-101,0,67,7,80,2
33949,9.59,Z,49,0,372,0,20,92,177,2,Z,39,2,516,0,23,171,191,4,0,-10,2,144,0,3,79,14,2
33950,3.39,Z,17,0,174,0,0,61,60,0,T,15,1,159,0,39,114,31,0,0,-2,1,-15,0,39,53,-29,0
33951,9.59,Z,103,6,553,0,366,228,463,13,T,80,7,664,0,474,213,139,11,0,-23,1,111,0,108,-15,-324,-2
33952,9.59,P,40,0,622,0,13,153,60,2,Z,50,0,334,0,25,48,150,4,1,10,0,-288,0,12,-105,90,2
33953,7.51,Z,49,0,416,0,79,91,132,3,P,51,3,278,0,255,230,81,10,1,2,3,-138,0,176,139,-51,7
33954,10.13,P,78,3,537,0,68,223,151,6,T,83,6,743,0,505,159,124,5,1,5,3,206,0,437,-64,-27,-1
33955,7.26,T,47,0,333,0,53,252,73,7,P,41,4,460,0,181,215,57,4,0,-6,4,127,0,128,-37,-16,-3
33956,8.39,T,69,1,573,0,208,230,105,8,Z,80,5,381,0,84,180,201,5,0,11,4,-192,0,-124,-50,96,-3
33957,6.5,P,25,0,214,0,0,40,37,1,T,39,3,632,0,66,160,105,1,0,14,3,418,0,66,120,68,0
33958,3.5,Z,19,1,131,0,29,38,62,4,T,20,0,77,0,94,66,85,3,0,1,-1,-54,0,65,28,23,-1
33959,9.08,T,97,4,610,0,298,203,149,11,Z,61,9,442,0,796,247,289,3,1,-36,5,-168,0,498,44,140,-8
33960,9.59,Z,74,0,928,0,34,152,187,5,P,32,0,456,0,0,30,44,0,0,-42,0,-472,0,-34,-122,-143,-5
33961,9.38,P,118,11,562,0,536,445,187,24,T,136,0,564,0,816,385,224,20,1,18,-11,2,0,280,-60,37,-4
33962,3.3,T,33,0,235,0,17,54,28,0,Z,19,1,76,0,18,67,104,3,0,-14,1,-159,0,1,13,76,3
33963,9.59,T,68,8,211,0,9,164,93,0,Z,60,3,569,0,52,158,202,0,0,-8,-5,358,0,43,-6,109,0
33964,8.49,P,83,0,291,0,49,209,186,23,Z,62,5,413,0,142,434,385,4,0,-21,5,122,0,93,225,199,-19
33965,9.01,P,37,0,599,0,0,35,45,0,P,34,0,629,0,0,105,88,1,0,-3,0,30,0,0,70,43,1
33966,3.12,Z,13,0,134,0,102,18,162,5,P,8,0,128,0,0,24,12,0,1,-5,0,-6,0,-102,6,-150,-5
33967,7.22,P,31,0,536,0,3,144,53,3,Z,37,0,234,0,38,223,115,4,1,6,0,-302,0,35,79,62,1
33968,9.59,Z,52,0,520,0,175,201,270,13,T,79,0,378,0,48,178,123,1,1,27,0,-142,0,-127,-23,-147,-12
33969,9.59,T,68,1,650,0,10,133,91,2,T,80,0,582,0,136,202,164,7,1,12,-1,-68,0,126,69,73,5
33970,9.36,P,70,0,492,0,71,364,91,16,T,86,9,699,0,62,204,135,0,0,16,9,207,0,-9,-160,44,-16
33971,5.32,Z,35,6,224,0,549,131,151,5,T,37,0,260,0,211,78,66,11,1,2,-6,36,0,-338,-53,-85,6
33972,5.57,Z,33,0,678,0,10,65,93,4,P,34,0,316,7,29,122,30,0,0,1,0,-362,7,19,57,-63,-4
33973,9.27,P,69,6,422,0,505,207,87,7,T,65,7,662,0,39,116,64,4,0,-4,1,240,0,-466,-91,-23,-3
33974,7.3,T,83,4,364,0,443,246,234,6,P,99,7,435,0,608,199,117,3,1,16,3,71,0,165,-47,-117,-3
33975,6.55,Z,60,3,640,0,211,250,240,2,T,71,5,245,0,399,303,108,5,1,11,2,-395,0,188,53,-132,3
33976,6.56,T,91,0,189,0,326,170,149,14,Z,55,0,345,0,201,117,162,14,0,-36,0,156,0,-125,-53,13,0
33977,9.58,Z,43,0,337,0,16,87,160,1,T,59,0,526,0,2,377,88,1,1,16,0,189,0,-14,290,-72,0
33978,7.59,P,34,0,553,0,17,158,56,2,Z,41,0,485,0,31,94,127,2,1,7,0,-68,0,14,-64,71,0
33979,1.45,P,4,0,60,0,56,9,7,3,T,6,0,95,0,1,11,6,0,1,2,0,35,0,-55,2,-1,-3
33980,4.15,T,27,0,265,0,231,103,126,5,P,10,0,148,0,3,54,14,0,0,-17,0,-117,0,-228,-49,-112,-5
33981,10.29,Z,86,0,570,0,243,308,276,10,Z,69,4,470,0,324,257,380,1,1,-17,4,-100,0,81,-51,104,-9
33982,4.08,T,27,1,165,0,339,51,122,4,Z,20,0,140,0,355,49,58,3,1,-7,-1,-25,0,16,-2,-64,-1
33983,6.26,Z,37,0,158,0,22,59,105,3,Z,26,0,265,0,7,116,112,2,0,-11,0,107,0,-15,57,7,-1
33984,8.42,P,59,0,1098,0,72,478,77,12,T,56,0,595,0,1,226,198,0,0,-3,0,-503,0,-71,-252,121,-12
33985,2.53,T,13,0,112,0,276,29,25,6,T,10,4,145,0,112,64,57,3,0,-3,4,33,0,-164,35,32,-3
33986,7.18,Z,35,2,301,0,14,71,96,1,T,48,0,401,0,36,140,110,5,1,13,-2,100,0,22,69,14,4
33987,9.59,T,47,0,551,0,0,227,103,0,P,35,2,548,0,18,228,74,2,1,-12,2,-3,0,18,1,-29,2
33988,9.59,T,96,0,502,0,342,187,88,21,Z,67,8,172,0,66,212,413,2,1,-29,8,-330,0,-276,25,325,-19
33989,9.59,P,88,0,370,0,49,230,195,17,T,61,0,556,0,16,190,106,3,0,-27,0,186,0,-33,-40,-89,-14
33990,8.39,P,76,0,277,0,37,204,106,9,T,95,1,373,0,214,245,77,9,1,19,1,96,0,177,41,-29,0
33991,4.04,T,15,3,485,0,9,50,29,0,Z,12,0,164,0,13,19,46,1,1,-3,-3,-321,0,4,-31,17,1
33992,9.59,T,146,0,683,0,322,328,188,10,Z,121,5,457,0,460,224,316,8,1,-25,5,-226,0,138,-104,128,-2
33993,8.51,T,56,0,1000,0,7,148,144,11,T,51,0,529,0,69,150,154,16,1,-5,0,-471,0,62,2,10,5
33994,4.5,Z,18,0,444,0,0,104,81,0,P,19,0,310,0,10,140,25,1,1,1,0,-134,0,10,36,-56,1
33995,6.23,Z,39,0,332,0,32,89,140,8,P,37,2,161,0,23,393,48,0,0,-2,2,-171,0,-9,304,-92,-8
33996,9.39,P,53,0,575,0,13,80,71,6,T,71,0,282,12,168,132,193,1,1,18,0,-293,12,155,52,122,-5
33997,6.38,T,25,0,414,0,0,62,49,0,P,33,1,428,0,15,104,31,3,1,8,1,14,0,15,42,-18,3
33998,9.5,T,67,0,662,0,20,112,132,6,T,91,0,300,0,1037,296,485,15,0,24,0,-362,0,1017,184,353,9
33999,6.21,Z,35,3,365,0,25,80,127,0,T,52,2,356,0,123,159,107,5,0,17,-1,-9,0,98,79,-20,5
34000,5.34,P,38,3,468,0,291,122,52,1,Z,27,1,194,0,30,134,109,5,0,-11,-2,-274,0,-261,12,57,4
34001,9.59,T,79,3,599,0,193,226,218,2,P,64,10,779,0,536,252,159,7,0,-15,7,180,0,343,26,-59,5
34002,4.07,P,20,2,131,0,515,67,22,3,T,22,0,296,0,181,32,23,5,1,2,-2,165,0,-334,-35,1,2
34003,7.47,Z,41,0,620,0,0,74,138,2,T,52,3,457,0,82,268,94,4,1,11,3,-163,0,82,194,-44,2
34004,3.35,P,19,1,228,0,61,87,71,5,Z,15,0,150,0,6,48,109,3,1,-4,-1,-78,0,-55,-39,38,-2
34005,8.16,Z,52,3,323,0,53,255,197,12,Z,65,0,407,0,479,242,270,14,0,13,-3,84,0,426,-13,73,2
34006,5.16,T,34,6,295,0,20,150,76,3,T,28,0,229,0,355,89,44,3,1,-6,-6,-66,0,335,-61,-32,0
34007,8.24,Z,55,0,556,16,78,226,206,1,T,109,3,284,0,354,329,135,14,1,54,3,-272,-16,276,103,-71,13
34008,9.54,T,37,0,469,0,0,94,102,0,Z,34,0,1416,0,0,14,110,2,0,-3,0,947,0,0,-80,8,2
34009,3.24,T,18,1,140,0,280,75,60,5,T,18,1,114,0,185,26,35,13,0,0,0,-26,0,-95,-49,-25,8
34010,7.55,T,47,3,713,0,2,65,69,0,T,34,0,798,0,34,28,38,6,0,-13,-3,85,0,32,-37,-31,6
34011,2.1,Z,7,0,64,0,146,31,44,3,T,0,0,1,0,0,0,0,0,0,-7,0,-63,0,-146,-31,-44,-3
34012,7.42,Z,46,1,285,0,255,177,162,4,Z,33,0,449,0,38,154,140,11,1,-13,-1,164,0,-217,-23,-22,7
34013,9.58,T,42,0,696,0,0,36,77,0,P,35,1,219,0,20,211,36,4,1,-7,1,-477,0,20,175,-41,4
34014,9.59,Z,90,3,430,0,319,253,360,3,T,133,5,356,0,177,315,117,6,0,43,2,-74,0,-142,62,-243,3
34015,9.59,P,130,3,602,0,383,364,337,6,Z,132,0,452,0,288,252,417,8,0,2,-3,-150,0,-95,-112,80,2
34016,9.59,T,70,0,848,0,24,56,109,4,Z,62,0,674,0,98,175,341,19,1,-8,0,-174,0,74,119,232,15
34017,9.59,Z,56,0,494,0,253,137,249,7,T,87,0,489,0,283,316,205,10,1,31,0,-5,0,30,179,-44,3
34018,5.32,T,64,0,279,0,125,254,145,3,T,52,0,282,0,58,178,112,1,0,-12,0,3,0,-67,-76,-33,-2
34019,1.56,P,4,1,73,0,1,36,5,0,Z,8,0,63,0,10,33,26,0,1,4,-1,-10,0,9,-3,21,0
34020,9.59,Z,75,5,500,0,106,304,305,0,T,105,7,607,0,221,243,168,7,1,30,2,107,0,115,-61,-137,7
34021,2.39,Z,12,3,43,0,26,30,29,2,Z,10,0,160,0,19,58,46,6,0,-2,-3,117,0,-7,28,17,4
34022,9.59,Z,68,0,344,0,5,95,192,2,T,65,2,569,0,78,215,94,7,1,-3,2,225,0,73,120,-98,5
34023,9.58,T,54,0,648,0,2,211,93,2,T,41,0,472,0,10,80,100,1,0,-13,0,-176,0,8,-131,7,-1
34024,9.5,T,123,4,554,3,88,403,176,8,T,104,0,363,0,44,620,125,8,1,-19,-4,-191,-3,-44,217,-51,0
34025,9.57,Z,45,0,427,0,21,330,287,6,Z,56,1,606,0,41,271,224,11,0,11,1,179,0,20,-59,-63,5
34026,2.43,T,13,0,88,0,351,65,85,6,T,10,0,99,0,304,37,37,6,1,-3,0,11,0,-47,-28,-48,0
34027,2.03,P,12,4,84,0,18,54,29,0,P,8,0,60,0,58,22,3,1,1,-4,-4,-24,0,40,-32,-26,1
34028,9.35,Z,43,1,623,0,14,188,148,0,P,53,0,733,0,10,208,96,2,1,10,-1,110,0,-4,20,-52,2
34029,8.11,T,63,0,257,0,12,136,168,5,T,71,0,557,0,17,88,114,6,0,8,0,300,0,5,-48,-54,1
34030,3.23,T,16,1,95,0,308,52,46,4,P,15,1,107,0,204,81,31,4,0,-1,0,12,0,-104,29,-15,0
34031,7.41,Z,36,5,575,2,48,36,91,0,T,50,0,417,0,5,48,78,3,1,14,-5,-158,-2,-43,12,-13,3
34032,10.49,Z,50,0,290,0,194,146,189,7,P,58,0,489,0,2,108,86,1,1,8,0,199,0,-192,-38,-103,-6
34033,4.01,T,31,2,277,0,638,102,116,4,Z,26,6,107,0,183,101,87,0,0,-5,4,-170,0,-455,-1,-29,-4
34034,8.29,P,77,9,614,0,216,365,115,3,P,101,1,286,0,485,201,110,25,1,24,-8,-328,0,269,-164,-5,22
34035,5,T,44,0,349,0,182,146,77,5,Z,25,6,271,0,414,101,76,6,0,-19,6,-78,0,232,-45,-1,1
34036,2.49,T,17,1,126,2,241,37,93,0,T,10,0,293,0,1,53,29,2,1,-7,-1,167,-2,-240,16,-64,2
34037,9.59,T,155,9,430,0,550,332,206,19,Z,191,25,616,0,584,410,387,5,0,36,16,186,0,34,78,181,-14
34038,6.5,Z,38,0,709,0,26,174,110,2,T,64,5,330,0,54,133,81,0,1,26,5,-379,0,28,-41,-29,-2
34039,5.46,Z,25,2,206,0,31,66,84,0,P,33,2,370,3,316,138,69,0,1,8,0,164,3,285,72,-15,0
34040,4.06,Z,16,0,176,4,275,43,227,0,Z,26,5,184,0,64,94,82,1,1,10,5,8,-4,-211,51,-145,1
34041,2.18,T,7,0,107,0,6,32,20,5,T,12,0,107,0,11,20,17,1,1,5,0,0,0,5,-12,-3,-4
34042,9.59,Z,63,7,397,0,62,73,144,0,Z,61,0,635,0,55,258,222,14,1,-2,-7,238,0,-7,185,78,14
34043,2.24,Z,7,0,48,0,1,15,35,4,P,13,0,115,0,1,50,29,0,0,6,0,67,0,0,35,-6,-4
34044,2.5,Z,12,0,35,0,1,18,37,1,T,13,0,184,0,61,25,27,2,1,1,0,149,0,60,7,-10,1
34045,3.36,T,14,2,150,0,6,21,20,1,P,19,1,87,0,338,41,117,4,0,5,-1,-63,0,332,20,97,3
34046,9.59,P,67,4,851,0,674,375,169,3,Z,63,6,562,0,93,283,243,2,0,-4,2,-289,0,-581,-92,74,-1
34047,9.59,Z,77,9,732,0,56,195,208,5,P,60,0,691,0,5,226,121,2,1,-17,-9,-41,0,-51,31,-87,-3
34048,9.59,P,52,0,511,0,39,192,81,4,T,56,4,657,0,24,137,122,0,1,4,4,146,0,-15,-55,41,-4
34049,9.51,Z,84,1,287,0,194,258,479,8,Z,86,0,883,0,745,223,279,12,1,2,-1,596,0,551,-35,-200,4
34050,9.59,T,36,0,544,0,0,57,58,0,Z,52,0,562,0,16,133,197,1,0,16,0,18,0,16,76,139,1
34051,6.18,Z,31,5,234,0,262,82,203,8,P,47,4,374,7,78,91,68,0,0,16,-1,140,7,-184,9,-135,-8
34052,8.55,P,30,0,718,0,0,98,52,0,Z,41,5,343,0,79,91,200,0,1,11,5,-375,0,79,-7,148,0
34053,9.59,Z,54,0,421,0,0,58,191,0,P,25,0,1046,0,1,105,63,2,0,-29,0,625,0,1,47,-128,2
34054,7.52,Z,34,1,287,0,11,52,141,10,T,42,0,832,0,118,200,128,7,1,8,-1,545,0,107,148,-13,-3
34055,3.57,P,11,0,165,0,26,28,29,3,Z,14,0,78,0,7,49,43,2,1,3,0,-87,0,-19,21,14,-1
34056,7.34,P,37,0,336,0,22,158,86,2,T,42,0,614,0,0,60,85,0,0,5,0,278,0,-22,-98,-1,-2
34057,9.57,T,67,0,919,0,65,221,112,6,Z,54,1,397,0,35,73,156,8,0,-13,1,-522,0,-30,-148,44,2
34058,6.03,Z,20,4,171,0,61,163,209,2,Z,31,1,217,0,27,86,109,2,1,11,-3,46,0,-34,-77,-100,0
34059,6.17,Z,28,0,400,0,11,82,86,2,T,49,2,479,0,7,167,159,5,1,21,2,79,0,-4,85,73,3
34060,4.4,T,16,0,132,0,0,6,21,0,Z,12,0,52,0,0,55,44,0,1,-4,0,-80,0,0,49,23,0
34061,9.59,P,72,2,424,0,33,340,249,4,T,84,1,742,0,17,274,203,6,0,12,-1,318,0,-16,-66,-46,2
34062,9.59,T,74,0,544,0,301,311,128,12,T,67,6,1021,0,48,103,87,0,0,-7,6,477,0,-253,-208,-41,-12
34063,5.36,P,32,0,137,0,8,161,61,3,P,36,0,226,0,121,160,131,6,0,4,0,89,0,113,-1,70,3
34064,9.58,P,84,0,361,0,56,233,98,16,Z,72,2,316,0,180,242,303,7,0,-12,2,-45,0,124,9,205,-9
34065,6.53,Z,46,11,426,0,44,91,117,0,Z,45,9,214,0,55,219,138,1,0,-1,-2,-212,0,11,128,21,1
34066,8.51,T,71,0,301,0,538,224,158,11,T,58,0,479,0,21,96,78,8,1,-13,0,178,0,-517,-128,-80,-3
34067,6.29,T,41,0,443,0,60,87,40,3,P,26,0,540,0,0,56,53,0,0,-15,0,97,0,-60,-31,13,-3
34068,8.32,T,77,4,803,0,535,312,199,3,T,62,0,662,0,381,269,227,7,1,-15,-4,-141,0,-154,-43,28,4
34069,9.58,T,57,4,446,0,9,106,93,0,Z,58,7,445,0,25,64,125,0,1,1,3,-1,0,16,-42,32,0
34070,9.58,T,29,0,326,0,0,3,47,0,P,26,0,723,0,0,26,28,0,1,-3,0,397,0,0,23,-19,0
34071,9.15,P,38,6,530,0,96,179,71,0,T,41,0,808,0,4,261,81,2,0,3,-6,278,0,-92,82,10,2
34072,9.59,P,63,13,389,0,14,125,75,8,P,83,17,578,0,309,243,243,6,1,20,4,189,0,295,118,168,-2
34073,8.31,T,62,8,251,0,66,104,42,3,Z,58,0,411,0,193,198,261,2,1,-4,-8,160,0,127,94,219,-1
34074,7.11,Z,52,5,578,0,88,165,166,0,T,59,5,381,0,46,171,79,0,0,7,0,-197,0,-42,6,-87,0
34075,3.39,P,24,1,143,0,262,101,38,8,T,29,0,162,0,272,81,110,7,1,5,-1,19,0,10,-20,72,-1
34076,9.58,T,101,0,531,0,463,275,131,13,T,99,0,675,0,177,184,268,17,1,-2,0,144,0,-286,-91,137,4
34077,6.3,P,46,0,344,0,265,188,107,10,T,31,0,302,0,1,61,47,3,0,-15,0,-42,0,-264,-127,-60,-7
34078,4.55,Z,27,4,192,0,26,231,92,1,T,39,4,180,0,43,195,58,0,1,12,0,-12,0,17,-36,-34,-1
34079,5.57,P,33,0,231,0,22,59,57,2,Z,32,5,270,0,1085,133,123,1,1,-1,5,39,0,1063,74,66,-1
34080,9.58,T,92,0,502,0,101,269,303,6,Z,50,3,475,0,218,211,206,4,1,-42,3,-27,0,117,-58,-97,-2
34081,8,Z,51,0,442,0,0,219,171,0,T,76,0,488,0,474,250,174,10,1,25,0,46,0,474,31,3,10
34082,4.58,Z,26,0,353,0,44,110,92,5,P,23,1,527,0,10,95,34,3,1,-3,1,174,0,-34,-15,-58,-2
34083,4.21,T,30,0,156,0,270,108,104,4,T,29,0,236,0,94,98,15,2,1,-1,0,80,0,-176,-10,-89,-2
34084,7.48,T,90,6,334,0,299,276,196,10,T,92,1,354,0,373,216,109,6,0,2,-5,20,0,74,-60,-87,-4
34085,8.46,Z,84,10,393,0,125,177,400,6,T,94,0,482,0,31,161,206,10,0,10,-10,89,0,-94,-16,-194,4
34086,7.35,Z,40,1,317,0,51,156,141,6,T,38,0,484,0,188,71,57,6,0,-2,-1,167,0,137,-85,-84,0
34087,8.46,T,68,1,790,0,67,252,112,5,P,86,2,386,0,212,314,89,8,1,18,1,-404,0,145,62,-23,3
34088,9.59,T,96,5,521,0,178,216,135,3,Z,56,7,339,1,93,212,242,4,1,-40,2,-182,1,-85,-4,107,1
34089,3.48,P,18,0,189,0,453,74,127,6,P,20,0,169,0,158,113,80,9,0,2,0,-20,0,-295,39,-47,3
34090,1.46,T,4,0,13,0,0,2,7,0,Z,7,0,11,0,0,0,20,0,1,3,0,-2,0,0,-2,13,0
34091,7.54,T,52,0,528,0,8,165,89,4,T,42,0,428,0,0,80,64,0,1,-10,0,-100,0,-8,-85,-25,-4
34092,7.39,P,67,8,596,0,157,186,178,5,P,63,0,281,0,513,327,188,12,0,-4,-8,-315,0,356,141,10,7
34093,5.17,Z,33,0,273,0,83,166,128,18,P,40,1,394,0,14,95,34,2,0,7,1,121,0,-69,-71,-94,-16
34094,10.19,T,67,0,272,0,132,110,97,7,Z,59,0,297,11,249,122,253,0,1,-8,0,25,11,117,12,156,-7
34095,9.55,T,113,7,502,3,210,158,156,2,Z,61,6,438,10,350,222,225,5,0,-52,-1,-64,7,140,64,69,3
34096,6.16,Z,51,3,322,0,289,151,229,3,T,31,0,239,0,3,77,80,2,0,-20,-3,-83,0,-286,-74,-149,-1
34097,9.59,Z,72,0,723,0,43,234,173,4,P,47,0,483,0,264,199,45,7,0,-25,0,-240,0,221,-35,-128,3
34098,8.01,T,60,0,381,0,191,206,122,6,T,82,1,471,3,547,258,181,17,0,22,1,90,3,356,52,59,11
34099,7.26,Z,53,10,309,4,201,223,179,6,T,60,3,440,0,205,143,160,4,0,7,-7,131,-4,4,-80,-19,-2
34100,10.14,T,42,0,743,0,0,145,85,1,T,80,5,485,0,69,213,117,5,1,38,5,-258,0,69,68,32,4
34101,9.58,T,64,0,408,0,16,117,105,10,T,79,3,489,0,123,145,139,3,1,15,3,81,0,107,28,34,-7
34102,9.58,T,62,0,663,0,0,226,98,2,Z,41,0,467,2,23,127,134,8,1,-21,0,-196,2,23,-99,36,6
34103,7.15,P,54,2,421,0,97,244,56,9,T,78,2,385,0,193,248,169,6,1,24,0,-36,0,96,4,113,-3
34104,7.37,T,46,5,522,0,128,139,129,0,P,34,4,504,0,13,145,54,0,0,-12,-1,-18,0,-115,6,-75,0
34105,7.55,Z,45,0,527,0,158,153,243,6,Z,54,2,443,8,412,261,318,14,0,9,2,-84,8,254,108,75,8
34106,3,T,15,0,44,0,264,59,40,9,Z,10,4,36,1,20,28,35,0,0,-5,4,-8,1,-244,-31,-5,-9
34107,4.09,P,28,0,196,0,215,185,82,11,T,38,0,183,0,471,104,68,8,1,10,0,-13,0,256,-81,-14,-3
34108,3.27,P,16,0,97,0,18,112,23,12,T,14,3,221,0,18,66,55,7,1,-2,3,124,0,0,-46,32,-5
34109,9.46,Z,80,2,421,0,162,272,376,17,Z,92,6,601,0,380,412,363,15,1,12,4,180,0,218,140,-13,-2
34110,9.58,T,116,7,674,0,478,237,153,2,Z,103,11,252,0,108,125,406,0,0,-13,4,-422,0,-370,-112,253,-2
34111,3.21,T,16,0,284,0,286,57,108,9,T,19,1,271,0,0,44,44,0,0,3,1,-13,0,-286,-13,-64,-9
34112,5.18,T,41,0,180,0,270,163,159,7,P,26,0,230,0,117,228,57,5,1,-15,0,50,0,-153,65,-102,-2
34113,9.59,P,70,2,574,0,426,260,90,5,T,52,0,415,0,1,32,82,1,1,-18,-2,-159,0,-425,-228,-8,-4
34114,8.34,P,29,0,814,0,4,257,61,1,Z,64,0,349,0,361,278,293,9,1,35,0,-465,0,357,21,232,8
34115,2.55,T,5,0,131,0,0,6,13,0,P,9,0,66,0,0,8,11,0,1,4,0,-65,0,0,2,-2,0
34116,9.58,T,60,1,616,0,17,205,126,3,P,49,0,336,0,72,260,131,4,1,-11,-1,-280,0,55,55,5,1
34117,7.04,P,28,1,222,0,6,97,81,1,T,68,5,696,0,523,88,220,0,1,40,4,474,0,517,-9,139,-1
34118,2.56,Z,8,0,116,0,31,40,89,1,Z,8,1,218,0,380,52,74,7,0,0,1,102,0,349,12,-15,6
34119,10.1,T,35,3,794,0,46,123,70,0,P,44,0,392,0,0,106,87,1,0,9,-3,-402,0,-46,-17,17,1
34120,9.57,Z,55,3,311,0,17,78,177,0,T,69,7,521,0,585,125,87,1,0,14,4,210,0,568,47,-90,1
34121,9.59,T,80,0,976,0,117,182,124,12,Z,80,8,466,0,639,324,274,3,1,0,8,-510,0,522,142,150,-9
34122,10.46,P,97,9,490,0,389,379,129,16,Z,89,0,634,0,148,259,368,6,0,-8,-9,144,0,-241,-120,239,-10
34123,8.3,T,79,0,429,0,958,197,179,13,P,74,8,482,0,117,164,215,9,1,-5,8,53,0,-841,-33,36,-4
34124,9.08,Z,66,3,307,0,682,191,363,8,Z,51,6,643,0,269,150,236,3,1,-15,3,336,0,-413,-41,-127,-5
34125,3.41,P,13,0,184,0,6,19,12,1,Z,13,2,52,0,206,31,50,2,1,0,2,-132,0,200,12,38,1
34126,8,Z,53,0,278,0,42,133,154,5,T,87,5,345,0,1050,187,73,7,1,34,5,67,0,1008,54,-81,2
34127,4.35,T,18,4,279,0,145,49,45,1,Z,17,6,249,0,50,91,64,1,0,-1,2,-30,0,-95,42,19,0
34128,9.59,T,74,7,729,2,80,133,97,2,T,74,4,1024,0,49,273,116,6,1,0,-3,295,-2,-31,140,19,4
34129,4.17,P,20,0,190,9,359,95,83,0,Z,20,1,174,0,322,105,91,6,1,0,1,-16,-9,-37,10,8,6
34130,9.59,T,59,4,801,2,26,196,98,1,T,64,0,570,0,22,206,92,4,0,5,-4,-231,-2,-4,10,-6,3
34131,9.59,T,86,0,483,0,171,137,95,9,P,53,11,276,0,74,505,66,0,1,-33,11,-207,0,-97,368,-29,-9
34132,7.06,T,49,1,423,0,6,215,85,5,T,37,0,137,0,19,33,53,2,0,-12,-1,-286,0,13,-182,-32,-3
34133,6.11,Z,31,2,543,0,23,156,119,0,T,50,2,232,0,365,232,121,9,1,19,0,-311,0,342,76,2,9
34134,10.01,Z,44,0,346,1,39,295,181,5,Z,58,0,508,0,16,200,179,0,0,14,0,162,-1,-23,-95,-2,-5
34135,10.35,Z,65,1,317,0,19,294,351,7,T,73,2,382,0,530,207,195,3,0,8,1,65,0,511,-87,-156,-4
34136,6.23,P,43,0,377,0,39,149,42,8,T,47,3,255,0,37,301,75,0,0,4,3,-122,0,-2,152,33,-8
34137,8.57,T,81,3,594,0,156,355,95,9,T,83,0,372,0,480,410,209,11,1,2,-3,-222,0,324,55,114,2
34138,9.58,P,34,0,556,0,23,68,57,6,T,54,7,583,0,6,89,99,0,0,20,7,27,0,-17,21,42,-6
34139,9.47,T,71,0,627,0,112,167,188,10,P,59,3,417,0,31,164,152,5,1,-12,3,-210,0,-81,-3,-36,-5
34140,9.59,T,57,0,413,0,0,221,119,0,T,61,0,559,0,10,118,102,7,1,4,0,146,0,10,-103,-17,7
34141,7.22,T,49,0,235,0,35,115,91,9,Z,29,0,348,0,39,121,113,5,1,-20,0,113,0,4,6,22,-4
34142,7.32,T,45,5,593,0,84,188,283,0,P,37,0,623,0,11,66,69,1,0,-8,-5,30,0,-73,-122,-214,1
34143,6.33,T,44,0,682,0,505,128,145,8,Z,35,5,294,2,76,137,188,0,0,-9,5,-388,2,-429,9,43,-8
34144,4,Z,17,0,254,0,46,72,56,2,T,24,1,81,0,65,77,76,1,0,7,1,-173,0,19,5,20,-1
34145,3.12,T,17,0,56,0,1,59,26,3,Z,15,0,142,0,0,106,32,0,1,-2,0,86,0,-1,47,6,-3
34146,6.05,P,26,1,353,0,7,67,46,2,P,18,0,372,0,0,17,27,0,0,-8,-1,19,0,-7,-50,-19,-2
34147,7.31,T,76,0,334,0,64,185,109,11,T,74,0,336,0,567,297,75,11,1,-2,0,2,0,503,112,-34,0
34148,9.31,P,52,2,627,0,15,61,79,0,T,76,0,905,0,160,154,92,7,1,24,-2,278,0,145,93,13,7
34149,7.49,Z,71,12,453,0,113,207,320,0,T,67,0,484,0,188,247,88,9,0,-4,-12,31,0,75,40,-232,9
34150,5.23,P,16,0,258,0,0,165,49,0,T,28,0,136,0,14,72,44,2,1,12,0,-122,0,14,-93,-5,2
34151,9.59,T,100,9,430,0,133,203,162,6,Z,96,7,482,0,113,378,345,0,1,-4,-2,52,0,-20,175,183,-6
34152,3.11,Z,10,1,123,0,228,38,133,4,T,15,1,96,0,28,18,155,1,1,5,0,-27,0,-200,-20,22,-3
34153,8.19,T,75,0,537,14,205,215,245,3,P,51,0,344,0,40,106,65,18,1,-24,0,-193,-14,-165,-109,-180,15
34154,7.01,P,41,0,335,0,47,103,28,4,Z,48,7,358,0,27,148,137,0,0,7,7,23,0,-20,45,109,-4
34155,9.59,Z,57,10,476,0,40,184,240,1,T,100,6,745,0,120,208,135,3,0,43,-4,269,0,80,24,-105,2
34156,7.08,Z,43,8,303,0,334,253,157,4,T,82,0,487,0,67,152,69,11,1,39,-8,184,0,-267,-101,-88,7
34157,6.14,Z,36,2,396,0,176,140,111,3,T,39,0,396,0,76,144,59,7,0,3,-2,0,0,-100,4,-52,4
34158,9.57,Z,62,3,406,0,28,286,321,4,T,97,6,380,0,80,391,188,2,0,35,3,-26,0,52,105,-133,-2
34159,7.07,T,33,0,648,0,2,48,66,1,T,62,7,456,0,443,185,143,7,1,29,7,-192,0,441,137,77,6
34160,6.34,T,27,1,242,0,112,143,131,5,T,40,0,443,0,79,95,143,7,1,13,-1,201,0,-33,-48,12,2
34161,8.26,P,39,1,201,0,19,61,51,7,P,52,7,719,0,165,291,111,1,1,13,6,518,0,146,230,60,-6
34162,6.51,P,29,1,358,0,2,163,67,0,T,24,3,375,0,7,83,34,0,0,-5,2,17,0,5,-80,-33,0
34163,3.04,T,14,2,117,0,293,51,95,4,T,18,3,152,0,2,34,30,0,1,4,1,35,0,-291,-17,-65,-4
34164,9.59,T,53,0,283,0,21,51,118,3,T,64,0,756,0,2,129,88,3,1,11,0,473,0,-19,78,-30,0
34165,5.59,T,24,0,193,0,4,9,35,2,T,42,2,320,0,21,111,52,4,1,18,2,127,0,17,102,17,2
34166,7.45,P,25,0,509,0,3,34,40,2,Z,38,0,245,0,269,128,134,9,1,13,0,-264,0,266,94,94,7
34167,10.17,Z,51,0,209,0,4,49,187,2,T,54,0,445,0,15,107,85,7,0,3,0,236,0,11,58,-102,5
34168,9.59,Z,95,0,529,0,398,195,334,62,P,152,10,408,0,680,364,157,16,1,57,10,-121,0,282,169,-177,-46
34169,9.11,T,76,8,265,0,80,316,100,5,T,48,0,600,0,2,252,181,3,0,-28,-8,335,0,-78,-64,81,-2
34170,7.2,Z,55,4,319,0,238,299,304,6,T,63,2,399,0,448,157,300,13,1,8,-2,80,0,210,-142,-4,7
34171,9.59,P,49,3,673,0,14,57,92,1,T,41,0,325,3,2,69,103,0,0,-8,-3,-348,3,-12,12,11,-1
34172,6.36,Z,41,0,554,0,24,111,107,4,P,47,3,237,0,921,123,71,13,1,6,3,-317,0,897,12,-36,9
34173,5.03,Z,14,0,358,0,0,30,38,0,P,28,0,318,0,31,102,61,5,1,14,0,-40,0,31,72,23,5
34174,9.59,T,91,0,655,0,496,325,178,19,T,94,8,538,0,501,411,211,16,0,3,8,-117,0,5,86,33,-3
34175,8.41,P,67,8,394,0,378,183,63,3,Z,50,0,426,0,2,108,234,1,0,-17,-8,32,0,-376,-75,171,-2
34176,6.27,Z,45,3,436,0,489,235,222,5,Z,36,8,271,2,197,185,146,5,0,-9,5,-165,2,-292,-50,-76,0
34177,2.34,T,13,0,119,0,2,42,20,2,P,8,2,161,0,2,34,18,0,0,-5,2,42,0,0,-8,-2,-2
34178,4.07,T,14,3,359,0,16,59,45,0,T,17,0,208,0,73,50,65,2,0,3,-3,-151,0,57,-9,20,2
34179,5.09,P,25,1,321,0,10,84,28,1,P,25,1,164,0,5,90,48,0,1,0,0,-157,0,-5,6,20,-1
34180,9.58,T,62,2,502,0,515,187,77,2,Z,45,0,626,0,22,106,188,2,0,-17,-2,124,0,-493,-81,111,0
34181,9.59,Z,61,4,544,0,35,115,165,0,Z,61,5,401,0,618,270,261,15,0,0,1,-143,0,583,155,96,15
34182,5.39,P,34,2,368,0,6,131,92,2,Z,20,2,165,0,0,83,63,0,0,-14,0,-203,0,-6,-48,-29,-2
34183,9.2,Z,50,0,550,0,53,180,159,8,Z,40,5,401,2,143,334,236,8,1,-10,5,-149,2,90,154,77,0
34184,4.06,T,20,0,170,0,6,50,59,2,Z,18,0,63,5,23,19,92,0,0,-2,0,-107,5,17,-31,33,-2
34185,4.43,Z,23,12,185,0,133,157,264,1,T,39,2,168,0,210,88,107,1,1,16,-10,-17,0,77,-69,-157,0
34186,9.59,P,55,1,462,0,14,190,75,1,T,79,2,621,0,17,258,159,4,1,24,1,159,0,3,68,84,3
34187,6.4,P,44,2,254,0,17,98,84,2,Z,19,1,107,0,4,33,74,3,0,-25,-1,-147,0,-13,-65,-10,1
34188,3.43,Z,12,0,138,0,121,37,59,1,T,24,0,125,0,8,65,57,5,0,12,0,-13,0,-113,28,-2,4
34189,9.59,Z,93,11,638,0,131,297,260,5,P,108,1,426,0,72,280,95,6,1,15,-10,-212,0,-59,-17,-165,1
34190,6.3,P,26,0,514,0,5,99,106,0,P,24,0,187,0,1,94,40,3,1,-2,0,-327,0,-4,-5,-66,3
34191,8.13,Z,69,2,453,0,113,100,257,0,T,84,0,423,0,148,292,174,13,0,15,-2,-30,0,35,192,-83,13
34192,7.19,P,23,0,171,0,4,27,38,2,P,33,0,161,0,11,142,41,4,1,10,0,-10,0,7,115,3,2
34193,7.01,P,67,0,331,0,171,247,132,16,T,110,9,463,0,748,195,161,2,1,43,9,132,0,577,-52,29,-14
34194,7.38,P,66,0,375,0,554,200,105,19,Z,40,0,430,6,490,147,201,1,0,-26,0,55,6,-64,-53,96,-18
34195,7.32,P,44,0,364,0,53,280,68,9,Z,42,4,396,0,108,359,236,4,1,-2,4,32,0,55,79,168,-5
34196,8.53,P,50,0,778,0,23,56,54,6,P,52,2,493,0,63,186,108,6,0,2,2,-285,0,40,130,54,0
34197,2.43,T,10,0,171,0,186,19,78,3,Z,10,0,53,1,6,16,26,0,1,0,0,-118,1,-180,-3,-52,-3
34198,3.19,Z,10,0,114,0,9,87,37,8,P,5,0,13,0,0,3,12,0,0,-5,0,-101,0,-9,-84,-25,-8
34199,9.58,Z,47,1,294,0,6,98,160,6,P,48,0,863,0,7,277,90,1,1,1,-1,569,0,1,179,-70,-5
34200,7.42,P,35,0,620,0,71,176,48,6,P,44,0,306,0,29,158,120,3,1,9,0,-314,0,-42,-18,72,-3
34201,10.01,Z,50,3,771,0,17,124,159,0,T,76,0,600,0,76,277,152,7,1,26,-3,-171,0,59,153,-7,7
34202,3.25,Z,12,2,162,0,1,15,37,0,T,17,3,114,0,18,23,12,0,1,5,1,-48,0,17,8,-25,0
34203,6.44,P,34,5,285,2,44,233,169,4,P,33,0,189,0,41,65,51,7,0,-1,-5,-96,-2,-3,-168,-118,3
34204,10,Z,62,0,685,13,75,276,295,2,P,32,0,494,0,0,69,46,1,1,-30,0,-191,-13,-75,-207,-249,-1
34205,8.55,T,97,7,650,0,46,245,113,3,T,67,0,587,0,457,237,116,13,1,-30,-7,-63,0,411,-8,3,10
34206,6.46,Z,43,1,405,0,71,252,186,10,Z,44,0,451,0,78,277,177,8,1,1,-1,46,0,7,25,-9,-2
34207,8.53,T,84,0,354,0,106,155,105,10,T,77,5,627,0,840,251,116,1,0,-7,5,273,0,734,96,11,-9
34208,9.59,P,43,4,178,0,16,240,157,1,T,74,9,601,0,196,246,258,0,1,31,5,423,0,180,6,101,-1
34209,9.59,T,94,6,650,0,340,439,272,1,T,91,0,735,0,89,167,236,6,0,-3,-6,85,0,-251,-272,-36,5
34210,6.41,P,32,1,240,0,3,104,54,0,P,42,0,293,0,3,94,65,3,0,10,-1,53,0,0,-10,11,3
34211,9.59,P,125,0,558,0,420,230,171,18,T,115,0,492,0,84,279,157,9,0,-10,0,-66,0,-336,49,-14,-9
34212,1.48,T,5,0,102,0,64,32,42,3,P,3,0,166,0,0,26,5,0,1,-2,0,64,0,-64,-6,-37,-3
34213,6.59,Z,36,5,332,0,8,110,104,1,T,47,0,507,0,12,102,92,2,0,11,-5,175,0,4,-8,-12,1
34214,6.23,Z,21,1,197,0,18,56,80,0,P,24,0,466,0,25,130,40,4,0,3,-1,269,0,7,74,-40,4
34215,9.56,Z,60,0,587,0,26,225,205,7,P,41,0,937,0,0,273,60,0,0,-19,0,350,0,-26,48,-145,-7
34216,6.42,P,55,0,303,0,304,184,47,12,Z,48,4,593,0,103,190,189,4,0,-7,4,290,0,-201,6,142,-8
34217,9.59,Z,68,0,585,0,1065,295,213,8,T,102,3,701,0,112,348,151,12,0,34,3,116,0,-953,53,-62,4
34218,5.33,P,30,2,136,0,11,41,24,1,Z,26,6,143,0,25,63,64,1,0,-4,4,7,0,14,22,40,0
34219,4.36,T,35,0,274,0,145,80,81,4,P,26,0,196,0,12,37,75,3,0,-9,0,-78,0,-133,-43,-6,-1
34220,10.31,T,113,0,586,0,499,438,240,28,T,100,0,675,0,192,447,176,14,0,-13,0,89,0,-307,9,-64,-14
34221,5.48,P,21,0,173,0,0,29,35,0,T,36,1,348,0,2,124,35,0,0,15,1,175,0,2,95,0,0
34222,9.59,T,166,0,321,0,912,312,238,22,Z,92,5,337,0,630,236,296,11,0,-74,5,16,0,-282,-76,58,-11
34223,7.02,P,51,0,204,0,108,230,173,8,T,45,4,415,0,160,145,100,6,1,-6,4,211,0,52,-85,-73,-2
34224,5.45,T,31,0,184,0,175,113,101,2,Z,31,0,424,0,166,78,85,3,0,0,0,240,0,-9,-35,-16,1
34225,9.59,T,65,0,350,0,2,215,163,2,Z,51,0,340,0,56,117,159,4,0,-14,0,-10,0,54,-98,-4,2
34226,9.58,Z,65,0,889,0,712,363,252,11,P,65,0,410,0,500,287,198,22,0,0,0,-479,0,-212,-76,-54,11
34227,4.22,P,18,0,158,0,10,77,18,2,P,18,2,200,0,11,27,20,0,1,0,2,42,0,1,-50,2,-2
34228,8.58,P,47,1,386,0,11,183,48,1,Z,72,1,227,0,32,164,165,3,0,25,0,-159,0,21,-19,117,2
34229,9.59,Z,82,16,453,3,560,385,410,3,Z,81,0,330,33,360,338,287,18,0,-1,-16,-123,30,-200,-47,-123,15
34230,9.58,Z,63,0,344,0,8,157,284,0,Z,70,0,488,0,48,334,260,2,1,7,0,144,0,40,177,-24,2
34231,6.04,P,14,2,353,0,1,19,21,0,P,23,1,258,0,18,39,27,1,0,9,-1,-95,0,17,20,6,1
34232,7.4,Z,42,1,484,0,48,67,163,1,P,57,0,260,0,481,188,40,3,1,15,-1,-224,0,433,121,-123,2
34233,10.41,Z,81,0,455,0,1505,165,288,15,T,114,0,872,0,7,323,188,6,1,33,0,417,0,-1498,158,-100,-9
34234,4.37,T,14,0,235,0,1,161,33,1,Z,13,1,290,0,31,154,75,0,1,-1,1,55,0,30,-7,42,-1
34235,4.4,T,23,3,166,0,4,82,46,0,T,21,3,181,0,68,80,28,2,0,-2,0,15,0,64,-2,-18,2
34236,9.26,P,97,0,559,0,848,343,150,15,T,141,0,642,0,662,318,155,20,1,44,0,83,0,-186,-25,5,5
34237,4.32,T,30,0,166,0,373,126,74,6,T,23,2,180,0,257,105,87,2,0,-7,2,14,0,-116,-21,13,-4
34238,7.13,T,50,4,176,0,19,64,70,1,P,24,0,138,0,3,57,123,1,0,-26,-4,-38,0,-16,-7,53,0
34239,9.59,P,47,0,405,0,17,449,173,9,Z,57,0,435,0,183,256,317,9,0,10,0,30,0,166,-193,144,0
34240,9.59,P,86,0,645,0,84,256,121,14,T,111,0,693,0,571,361,238,18,1,25,0,48,0,487,105,117,4
34241,2.14,T,13,0,91,0,102,58,10,1,Z,8,2,78,0,171,42,47,5,1,-5,2,-13,0,69,-16,37,4
34242,10.21,T,66,0,716,3,25,96,91,0,P,44,2,550,0,5,105,56,0,1,-22,2,-166,-3,-20,9,-35,0
34243,8.45,T,101,0,360,0,563,217,138,11,Z,55,2,413,0,426,227,283,5,0,-46,2,53,0,-137,10,145,-6
34244,5.25,P,20,0,212,0,375,72,65,4,T,30,0,303,0,127,113,47,4,0,10,0,91,0,-248,41,-18,0
34245,5.03,T,36,6,347,2,263,122,116,0,T,36,4,258,0,434,101,106,7,1,0,-2,-89,-2,171,-21,-10,7
34246,9.42,T,84,0,587,0,487,298,141,20,T,96,6,288,0,181,403,168,3,1,12,6,-299,0,-306,105,27,-17
34247,3,T,11,0,199,0,18,27,37,2,Z,7,1,29,0,1,6,37,0,1,-4,1,-170,0,-17,-21,0,-2
34248,3.08,Z,10,4,58,0,68,52,129,0,P,9,2,111,0,192,63,108,0,0,-1,-2,53,0,124,11,-21,0
34249,8.43,Z,59,4,406,1,82,204,251,0,P,53,0,474,0,505,179,55,5,0,-6,-4,68,-1,423,-25,-196,5
34250,9.59,T,53,0,545,0,10,47,72,7,Z,48,5,455,0,73,162,214,6,1,-5,5,-90,0,63,115,142,-1
34251,8.09,P,56,0,667,0,36,167,59,3,Z,55,5,573,0,504,266,279,1,1,-1,5,-94,0,468,99,220,-2
34252,9.59,T,64,2,360,0,26,104,103,8,Z,45,2,662,0,33,150,138,0,1,-19,0,302,0,7,46,35,-8
34253,9.59,Z,66,0,565,0,54,179,186,8,T,89,0,609,0,54,76,102,3,0,23,0,44,0,0,-103,-84,-5
34254,8.55,Z,64,9,608,8,113,158,239,0,T,61,5,473,0,1,98,126,0,0,-3,-4,-135,-8,-112,-60,-113,0
34255,6.03,T,23,0,138,0,2,61,40,5,T,27,0,229,0,0,77,61,1,1,4,0,91,0,-2,16,21,-4
34256,5.14,P,23,0,158,1,0,25,48,0,T,26,0,323,0,11,93,39,3,1,3,0,165,-1,11,68,-9,3
34257,4.48,Z,34,1,223,1,353,158,170,12,Z,24,3,161,0,656,137,132,1,1,-10,2,-62,-1,303,-21,-38,-11
34258,1.32,Z,2,0,266,0,0,25,15,2,Z,6,0,60,0,65,62,30,4,0,4,0,-206,0,65,37,15,2
34259,9.59,P,59,0,565,0,2,128,146,1,Z,44,3,279,0,47,65,194,0,0,-15,3,-286,0,45,-63,48,-1
34260,10,P,59,1,418,0,39,174,125,6,Z,91,2,518,3,240,217,383,12,1,32,1,100,3,201,43,258,6
34261,7.48,T,22,0,241,0,0,4,29,0,T,39,4,405,0,0,54,41,0,1,17,4,164,0,0,50,12,0
34262,3.49,Z,16,1,184,0,12,56,47,0,P,15,0,195,0,0,84,25,0,0,-1,-1,11,0,-12,28,-22,0
34263,8.15,Z,31,2,293,0,565,206,225,5,T,45,1,323,0,9,109,63,4,0,14,-1,30,0,-556,-97,-162,-1
34264,9.55,P,48,0,534,0,11,186,71,5,Z,48,0,511,0,0,134,225,0,1,0,0,-23,0,-11,-52,154,-5
34265,9.59,P,68,2,743,0,185,289,202,20,Z,87,0,1024,0,171,267,285,9,0,19,-2,281,0,-14,-22,83,-11
34266,9.59,P,30,0,657,0,0,47,49,0,P,40,4,878,0,7,36,56,0,0,10,4,221,0,7,-11,7,0
34267,9.58,T,68,0,275,9,61,90,119,0,P,65,0,436,0,0,217,105,0,1,-3,0,161,-9,-61,127,-14,0
34268,9.59,P,72,0,552,0,37,204,67,6,Z,49,0,323,0,3,79,168,2,0,-23,0,-229,0,-34,-125,101,-4
34269,3.22,T,12,1,150,4,32,54,19,0,Z,14,1,154,0,262,36,77,3,1,2,0,4,-4,230,-18,58,3
34270,9.59,T,98,3,549,0,738,366,241,10,P,88,0,614,0,326,273,143,13,0,-10,-3,65,0,-412,-93,-98,3
34271,9.59,T,61,0,824,0,8,83,115,2,T,48,0,406,0,0,87,97,0,0,-13,0,-418,0,-8,4,-18,-2
34272,5.28,Z,23,0,393,0,371,95,88,6,T,37,0,246,0,0,32,45,1,1,14,0,-147,0,-371,-63,-43,-5
34273,3.4,P,5,0,156,0,10,14,12,1,Z,14,0,70,0,0,40,42,0,1,9,0,-86,0,-10,26,30,-1
34274,6.3,Z,28,2,449,0,25,52,71,1,P,28,0,410,0,30,186,33,4,0,0,-2,-39,0,5,134,-38,3
34275,10.33,T,123,14,924,0,551,247,166,8,Z,116,14,257,3,191,197,357,9,1,-7,0,-667,3,-360,-50,191,1
34276,9.59,Z,73,0,432,0,54,341,231,2,T,88,5,865,0,291,292,115,2,1,15,5,433,0,237,-49,-116,0
34277,9.59,Z,73,2,637,0,26,104,209,1,T,116,10,455,0,994,276,230,14,1,43,8,-182,0,968,172,21,13
34278,9.59,T,91,5,696,0,137,232,129,12,Z,70,6,419,0,630,213,422,9,1,-21,1,-277,0,493,-19,293,-3
34279,3.26,T,16,0,224,0,0,46,40,0,P,13,0,255,0,1,37,12,1,0,-3,0,31,0,1,-9,-28,1
34280,7.3,Z,34,0,442,0,15,170,85,4,Z,38,8,301,0,79,37,131,0,1,4,8,-141,0,64,-133,46,-4
34281,9.59,P,133,9,480,0,289,490,105,5,Z,88,0,573,0,50,228,229,18,0,-45,-9,93,0,-239,-262,124,13
34282,4.51,Z,33,4,162,0,172,68,196,6,Z,22,6,104,0,431,88,233,3,1,-11,2,-58,0,259,20,37,-3
34283,9.19,P,59,0,228,0,102,123,119,4,P,97,0,375,0,357,306,177,21,1,38,0,147,0,255,183,58,17
34284,8.34,T,88,0,395,0,63,267,102,10,Z,42,0,804,0,26,105,113,2,0,-46,0,409,0,-37,-162,11,-8
34285,6.11,T,50,0,347,0,77,209,81,4,T,57,0,455,0,724,164,121,6,1,7,0,108,0,647,-45,40,2
34286,9.59,T,133,3,499,0,790,257,304,5,T,152,4,468,0,594,263,190,19,0,19,1,-31,0,-196,6,-114,14
34287,9.58,T,51,6,537,0,12,211,141,0,T,44,0,513,0,10,173,87,3,0,-7,-6,-24,0,-2,-38,-54,3
34288,9.23,T,74,0,653,0,24,198,218,6,Z,46,0,671,0,255,159,195,7,0,-28,0,18,0,231,-39,-23,1
34289,10.02,P,41,0,221,0,3,57,63,1,T,67,0,495,0,8,145,235,4,0,26,0,274,0,5,88,172,3
34290,6.33,T,24,0,239,0,20,32,51,7,Z,27,0,405,0,0,74,99,0,0,3,0,166,0,-20,42,48,-7
34291,6.55,P,45,0,356,0,18,176,78,4,Z,41,0,555,0,66,173,157,4,0,-4,0,199,0,48,-3,79,0
34292,9.59,T,81,12,439,0,195,218,214,7,Z,52,0,352,0,24,73,164,3,0,-29,-12,-87,0,-171,-145,-50,-4
34293,2.58,Z,11,3,165,1,18,64,84,0,T,15,0,105,0,112,56,30,2,1,4,-3,-60,-1,94,-8,-54,2
34294,6.32,T,41,0,489,0,8,62,98,2,T,33,0,224,0,324,106,182,32,0,-8,0,-265,0,316,44,84,30
34295,9.59,P,89,5,435,0,115,192,127,7,Z,68,0,467,0,286,474,356,9,0,-21,-5,32,0,171,282,229,2
34296,2.25,T,6,0,141,0,1,7,33,1,Z,8,0,141,0,3,24,24,2,1,2,0,0,0,2,17,-9,1
34297,3.59,Z,21,5,157,0,115,125,114,7,Z,19,5,99,0,252,106,131,1,0,-2,0,-58,0,137,-19,17,-6
34298,3.13,T,17,0,166,0,0,76,21,0,P,18,0,145,0,1,49,25,0,1,1,0,-21,0,1,-27,4,0
34299,5.22,P,45,0,209,0,293,209,89,7,P,38,0,149,0,53,92,98,6,0,-7,0,-60,0,-240,-117,9,-1
34300,10.27,T,56,4,651,0,3,68,129,2,P,46,9,657,0,6,33,87,1,1,-10,5,6,0,3,-35,-42,-1
34301,3.44,T,18,3,140,0,207,24,98,3,Z,15,4,126,0,62,43,110,0,1,-3,1,-14,0,-145,19,12,-3
34302,9.27,Z,88,5,513,0,94,216,247,2,T,96,4,591,0,209,246,108,9,1,8,-1,78,0,115,30,-139,7
34303,8.29,P,79,5,402,6,108,257,113,1,P,25,0,364,0,0,48,43,0,0,-54,-5,-38,-6,-108,-209,-70,-1
34304,9.58,T,74,0,965,0,49,215,113,15,T,60,5,180,1,73,102,86,9,1,-14,5,-785,1,24,-113,-27,-6
34305,5.55,Z,28,4,473,0,4,27,89,0,T,21,0,316,0,0,85,52,0,1,-7,-4,-157,0,-4,58,-37,0
34306,9.59,P,81,0,462,0,56,222,92,5,Z,80,13,413,0,165,278,357,11,0,-1,13,-49,0,109,56,265,6
34307,9.59,P,53,5,543,0,674,151,69,1,Z,46,0,429,0,37,101,141,3,0,-7,-5,-114,0,-637,-50,72,2
34308,10.15,P,35,2,386,0,15,229,42,5,P,32,0,551,0,0,68,61,0,1,-3,-2,165,0,-15,-161,19,-5
34309,4.31,Z,21,4,118,0,107,75,179,3,P,28,0,263,35,352,244,251,0,1,7,-4,145,35,245,169,72,-3
34310,9.58,T,84,0,316,0,28,349,112,6,T,90,0,593,0,333,154,186,5,1,6,0,277,0,305,-195,74,-1
34311,3.35,Z,16,0,81,4,101,68,148,0,Z,17,3,47,0,9,61,43,0,1,1,3,-34,-4,-92,-7,-105,0
34312,9.59,P,45,0,628,0,21,75,71,8,Z,39,0,379,0,22,43,149,7,0,-6,0,-249,0,1,-32,78,-1
34313,9.59,T,73,0,589,0,225,349,120,12,T,81,7,664,0,70,315,132,3,1,8,7,75,0,-155,-34,12,-9
34314,10.4,T,104,15,556,0,571,182,153,5,Z,70,3,1281,0,39,283,189,0,1,-34,-12,725,0,-532,101,36,-5
34315,4.49,Z,18,2,125,0,1,27,74,0,T,31,0,168,0,20,57,44,5,1,13,-2,43,0,19,30,-30,5
34316,1.28,Z,6,0,26,0,1,7,27,7,T,6,0,61,0,228,14,43,4,1,0,0,35,0,227,7,16,-3
34317,0.14,Z,0,0,3,0,13,4,9,2,P,2,0,21,0,0,1,1,1,0,2,0,18,0,-13,-3,-8,-1
34318,4.47,Z,27,6,279,0,21,94,58,0,T,27,0,129,0,71,72,38,4,1,0,-6,-150,0,50,-22,-20,4
34319,9.59,Z,45,0,336,0,29,77,164,2,P,33,0,296,0,1,129,62,2,0,-12,0,-40,0,-28,52,-102,0
34320,8.2,Z,39,0,353,0,0,30,172,0,T,76,3,570,0,38,121,89,3,1,37,3,217,0,38,91,-83,3
34321,9.59,T,92,0,479,0,75,137,126,14,Z,82,6,410,0,182,204,283,0,0,-10,6,-69,0,107,67,157,-14
34322,1.35,P,6,0,100,0,79,24,83,2,P,5,1,12,0,44,15,4,0,0,-1,1,-88,0,-35,-9,-79,-2
34323,10.36,P,67,8,455,0,53,474,72,7,T,101,0,631,0,25,181,178,5,1,34,-8,176,0,-28,-293,106,-2
34324,2.57,Z,10,0,76,0,52,48,66,2,P,11,0,133,0,35,62,38,1,0,1,0,57,0,-17,14,-28,-1
34325,9.59,T,64,5,806,0,127,325,266,5,T,92,8,438,5,633,288,129,0,1,28,3,-368,5,506,-37,-137,-5
34326,9.59,P,48,0,579,0,17,192,77,4,T,84,4,606,3,386,279,128,5,1,36,4,27,3,369,87,51,1
34327,9.59,Z,89,5,451,0,393,394,270,8,T,107,0,419,0,687,204,198,16,1,18,-5,-32,0,294,-190,-72,8
34328,8.29,P,47,5,276,0,25,127,66,5,T,44,0,289,0,4,76,105,2,0,-3,-5,13,0,-21,-51,39,-3
34329,9.46,T,84,7,633,0,346,421,125,3,T,61,0,581,0,58,203,167,7,0,-23,-7,-52,0,-288,-218,42,4
34330,8.38,T,108,0,768,0,150,203,167,13,Z,60,0,558,0,20,130,158,7,0,-48,0,-210,0,-130,-73,-9,-6
34331,9.57,P,60,0,316,0,116,163,93,5,T,64,5,685,0,68,181,94,6,1,4,5,369,0,-48,18,1,1
34332,3.38,Z,12,1,147,0,10,40,29,1,T,19,0,267,1,1,69,41,0,0,7,-1,120,1,-9,29,12,-1
34333,3.3,Z,11,2,70,0,28,7,29,3,Z,17,1,89,0,4,21,51,0,1,6,-1,19,0,-24,14,22,-3
34334,4.09,P,16,0,109,0,12,98,14,1,Z,16,3,131,0,10,43,70,0,1,0,3,22,0,-2,-55,56,-1
34335,9.59,T,73,0,243,0,468,214,73,8,P,68,0,293,0,41,200,77,15,1,-5,0,50,0,-427,-14,4,7
34336,9.59,P,105,0,415,0,220,253,218,13,T,69,5,929,0,29,189,138,0,0,-36,5,514,0,-191,-64,-80,-13
34337,10.36,Z,52,4,647,0,40,34,146,0,T,75,2,494,0,204,149,160,2,1,23,-2,-153,0,164,115,14,2
34338,7.53,P,31,8,615,0,18,272,88,1,Z,48,0,389,0,0,83,180,1,1,17,-8,-226,0,-18,-189,92,0
34339,3.34,T,19,2,113,0,22,60,26,1,Z,30,8,180,0,215,119,88,4,0,11,6,67,0,193,59,62,3
34340,5.34,T,27,2,278,0,55,123,41,5,Z,25,3,221,0,88,130,243,4,1,-2,1,-57,0,33,7,202,-1
34341,10.54,P,83,0,536,0,179,164,88,18,P,65,2,819,0,297,131,141,1,0,-18,2,283,0,118,-33,53,-17
34342,7.57,T,96,0,382,0,355,145,150,13,Z,58,0,550,17,328,165,287,1,0,-38,0,168,17,-27,20,137,-12
34343,10.2,Z,75,11,566,0,184,271,316,11,P,110,0,785,0,239,364,86,18,1,35,-11,219,0,55,93,-230,7
34344,7.09,Z,44,5,382,0,130,289,232,0,Z,41,1,257,0,8,63,149,4,0,-3,-4,-125,0,-122,-226,-83,4
34345,6.28,Z,27,5,237,0,59,61,70,1,T,20,0,407,0,0,55,45,0,0,-7,-5,170,0,-59,-6,-25,-1
34346,5.09,Z,20,0,380,0,459,107,277,6,P,27,0,446,0,264,83,64,8,0,7,0,66,0,-195,-24,-213,2
34347,9.59,T,63,0,755,0,4,56,101,5,T,39,2,1358,0,0,68,91,0,0,-24,2,603,0,-4,12,-10,-5
34348,4.3,T,30,0,192,0,6,104,26,4,Z,22,3,360,0,224,48,95,1,1,-8,3,168,0,218,-56,69,-3
34349,5.18,T,32,0,175,0,24,71,40,3,Z,20,0,183,0,27,60,94,4,0,-12,0,8,0,3,-11,54,1
34350,4.33,Z,18,1,191,0,69,64,126,0,Z,22,0,193,4,415,42,94,0,1,4,-1,2,4,346,-22,-32,0
34351,2.3,Z,10,4,27,0,233,56,56,4,Z,9,0,183,5,134,53,73,0,0,-1,-4,156,5,-99,-3,17,-4
34352,8.28,P,15,0,315,0,0,21,27,0,P,41,0,537,0,0,96,67,0,1,26,0,222,0,0,75,40,0
34353,6.53,P,33,0,437,0,0,175,72,0,Z,36,6,476,0,35,97,136,1,1,3,6,39,0,35,-78,64,1
34354,7.41,T,33,0,511,0,3,112,75,1,T,47,6,691,0,14,52,69,5,1,14,6,180,0,11,-60,-6,4
34355,7.49,P,97,0,346,0,186,280,154,11,T,112,4,685,0,105,290,121,7,0,15,4,339,0,-81,10,-33,-4
34356,7.06,P,36,3,419,0,55,68,63,0,T,35,0,335,0,9,56,79,4,1,-1,-3,-84,0,-46,-12,16,4
34357,6.37,Z,36,0,222,0,0,47,121,0,Z,38,0,156,0,170,147,318,3,1,2,0,-66,0,170,100,197,3
34358,6.28,T,29,0,411,0,0,46,56,0,T,28,0,400,0,19,93,58,2,1,-1,0,-11,0,19,47,2,2
34359,9.06,T,132,0,509,4,554,360,184,10,P,79,12,675,0,79,370,276,8,0,-53,12,166,-4,-475,10,92,-2
34360,4.22,Z,17,0,290,0,13,71,57,3,Z,15,1,85,0,3,18,54,0,0,-2,1,-205,0,-10,-53,-3,-3
34361,10.1,P,117,2,566,0,162,386,155,13,Z,121,0,678,19,284,407,438,14,1,4,-2,112,19,122,21,283,1
34362,1.22,P,5,0,113,0,8,36,9,2,T,5,0,91,0,0,7,6,0,0,0,0,-22,0,-8,-29,-3,-2
34363,9.57,Z,53,2,699,0,22,82,159,0,T,56,0,910,0,4,65,82,3,0,3,-2,211,0,-18,-17,-77,3
34364,8.25,T,56,0,530,0,27,163,52,4,P,28,0,330,0,9,50,42,0,0,-28,0,-200,0,-18,-113,-10,-4
34365,6.01,T,38,0,172,0,223,152,112,6,P,57,0,326,0,242,167,76,11,0,19,0,154,0,19,15,-36,5
34366,9.03,T,100,5,653,0,89,285,85,13,T,69,1,532,0,293,216,75,14,0,-31,-4,-121,0,204,-69,-10,1
34367,7.1,Z,42,4,275,0,142,242,334,1,T,68,0,306,0,69,315,68,6,1,26,-4,31,0,-73,73,-266,5
34368,8.2,Z,55,2,255,0,27,181,189,3,P,71,0,747,0,39,219,174,7,0,16,-2,492,0,12,38,-15,4
34369,3.5,P,27,0,91,0,37,168,88,4,T,29,1,226,0,283,123,44,8,1,2,1,135,0,246,-45,-44,4
34370,9.59,Z,82,0,404,0,264,179,282,7,P,57,1,763,0,25,278,217,4,1,-25,1,359,0,-239,99,-65,-3
34371,10.51,Z,123,10,568,0,376,432,401,1,T,144,4,478,0,370,460,296,10,0,21,-6,-90,0,-6,28,-105,9
34372,9.59,T,64,2,619,0,26,165,89,11,T,42,0,573,0,10,78,115,5,0,-22,-2,-46,0,-16,-87,26,-6
34373,3.13,Z,16,0,172,0,146,24,31,2,T,15,1,314,0,222,42,44,5,0,-1,1,142,0,76,18,13,3
34374,9.57,Z,40,1,512,0,36,109,175,0,T,40,0,215,0,19,128,47,4,0,0,-1,-297,0,-17,19,-128,4
34375,8.36,Z,57,13,414,2,326,365,238,1,T,94,7,299,0,805,214,101,8,1,37,-6,-115,-2,479,-151,-137,7
34376,6.58,P,34,3,508,0,25,124,50,2,P,20,0,352,0,0,52,27,0,0,-14,-3,-156,0,-25,-72,-23,-2
34377,4.33,Z,18,0,390,0,15,63,48,2,T,18,0,354,0,5,29,17,2,0,0,0,-36,0,-10,-34,-31,0
34378,9.58,T,112,0,464,0,59,209,197,10,Z,96,7,425,0,182,279,344,13,1,-16,7,-39,0,123,70,147,3
34379,8.26,Z,56,2,606,0,63,220,202,6,P,44,3,516,0,10,128,65,2,0,-12,1,-90,0,-53,-92,-137,-4
34380,10.06,P,73,1,664,0,32,346,162,6,Z,75,4,426,0,322,346,230,10,0,2,3,-238,0,290,0,68,4
34381,4.49,T,33,5,287,0,306,109,45,3,P,33,2,297,0,372,59,19,6,1,0,-3,10,0,66,-50,-26,3
34382,5.5,T,61,0,350,0,123,168,86,8,T,61,3,162,1,363,112,142,7,1,0,3,-188,1,240,-56,56,-1
34383,6.18,P,21,0,125,0,0,43,45,0,Z,29,2,164,0,373,83,76,3,1,8,2,39,0,373,40,31,3
34384,9.54,Z,48,3,638,0,33,218,162,0,Z,72,0,366,0,63,218,207,10,0,24,-3,-272,0,30,0,45,10
34385,9.59,T,58,0,507,0,0,215,107,0,Z,39,0,617,0,50,158,161,6,1,-19,0,110,0,50,-57,54,6
34386,9.59,P,69,3,674,0,109,309,78,6,T,83,0,878,0,36,357,82,9,1,14,-3,204,0,-73,48,4,3
34387,9.59,T,121,5,455,0,137,421,122,5,T,75,3,909,0,31,247,97,4,0,-46,-2,454,0,-106,-174,-25,-1
34388,8.19,Z,45,0,431,0,130,153,276,6,P,51,0,457,0,16,114,48,7,1,6,0,26,0,-114,-39,-228,1
34389,9.56,P,26,0,421,0,0,15,39,0,Z,42,0,487,0,30,102,105,7,1,16,0,66,0,30,87,66,7
34390,9.58,T,83,4,388,0,150,253,77,7,T,85,0,619,0,335,215,109,14,1,2,-4,231,0,185,-38,32,7
34391,5.34,Z,20,4,443,0,15,119,88,0,P,31,1,286,0,261,108,169,4,1,11,-3,-157,0,246,-11,81,4
34392,4.14,P,21,7,161,0,14,99,53,0,T,18,6,325,0,7,77,50,4,0,-3,-1,164,0,-7,-22,-3,4
34393,9.58,P,49,0,300,0,16,68,86,5,P,58,1,431,0,23,142,54,6,0,9,1,131,0,7,74,-32,1
34394,10.23,T,76,3,758,0,337,87,121,15,T,92,0,781,0,329,195,187,9,0,16,-3,23,0,-8,108,66,-6
34395,9.58,P,46,4,440,0,25,65,42,2,Z,52,0,868,2,33,187,150,0,1,6,-4,428,2,8,122,108,-2
34396,9.59,T,91,0,523,0,10,344,120,7,Z,83,0,552,0,110,143,254,4,1,-8,0,29,0,100,-201,134,-3
34397,10.16,T,73,0,472,11,50,69,139,1,Z,66,2,750,0,95,98,253,1,1,-7,2,278,-11,45,29,114,0
34398,9.59,P,41,7,464,0,64,183,56,0,P,31,1,426,0,2,225,88,1,0,-10,-6,-38,0,-62,42,32,1
34399,9.59,Z,54,0,511,0,0,43,182,0,T,61,1,540,0,60,119,124,14,1,7,1,29,0,60,76,-58,14
34400,9.58,P,50,0,413,0,6,273,104,3,T,64,4,504,8,71,113,136,0,0,14,4,91,8,65,-160,32,-3
34401,9.55,T,98,5,644,0,781,320,160,8,Z,77,0,622,0,72,236,241,5,0,-21,-5,-22,0,-709,-84,81,-3
34402,7.56,P,46,1,523,0,20,69,64,4,Z,59,13,581,0,265,223,181,3,1,13,12,58,0,245,154,117,-1
34403,9.15,P,80,0,701,0,440,235,144,13,Z,84,16,745,4,250,306,372,10,1,4,16,44,4,-190,71,228,-3
34404,9.48,Z,71,9,599,0,84,345,196,12,Z,69,0,394,0,344,216,225,12,1,-2,-9,-205,0,260,-129,29,0
34405,9.59,Z,56,0,518,0,28,339,208,4,Z,60,13,764,0,100,278,213,2,0,4,13,246,0,72,-61,5,-2
34406,9.59,T,78,0,455,0,19,255,112,4,P,36,0,479,0,0,115,68,1,1,-42,0,24,0,-19,-140,-44,-3
34407,8.03,P,45,0,562,0,7,198,54,3,Z,42,2,246,0,48,280,230,0,0,-3,2,-316,0,41,82,176,-3
34408,9.58,T,76,0,542,0,101,223,176,20,Z,93,0,395,0,72,129,222,10,1,17,0,-147,0,-29,-94,46,-10
34409,3.39,T,19,0,168,0,175,122,44,16,Z,17,3,128,0,253,64,150,1,0,-2,3,-40,0,78,-58,106,-15
34410,7.09,P,30,0,285,0,0,87,63,1,P,32,0,519,0,2,273,54,2,1,2,0,234,0,2,186,-9,1
34411,5.02,Z,32,0,133,0,37,74,78,4,T,31,0,193,0,13,36,34,0,1,-1,0,60,0,-24,-38,-44,-4
34412,8.03,Z,62,7,431,0,209,172,257,2,T,84,14,456,2,355,240,224,1,1,22,7,25,2,146,68,-33,-1
34413,9.59,Z,79,0,543,21,488,268,425,2,P,106,13,474,0,695,299,143,9,0,27,13,-69,-21,207,31,-282,7
34414,9.59,T,82,0,418,0,530,197,225,12,T,96,3,474,0,476,292,270,11,1,14,3,56,0,-54,95,45,-1
34415,3.43,P,11,0,250,0,1,79,26,3,Z,11,3,87,0,24,22,36,0,0,0,3,-163,0,23,-57,10,-3
34416,9.59,Z,55,1,538,0,111,336,238,9,Z,41,0,268,0,21,263,176,5,0,-14,-1,-270,0,-90,-73,-62,-4
34417,9.14,P,27,0,514,0,6,56,40,2,T,65,3,710,0,16,137,116,0,0,38,3,196,0,10,81,76,-2
34418,9.57,P,43,5,468,0,243,253,141,8,T,72,0,857,0,3,53,98,1,0,29,-5,389,0,-240,-200,-43,-7
34419,7.06,T,45,4,454,0,29,32,29,0,T,21,0,335,0,35,32,102,1,0,-24,-4,-119,0,6,0,73,1
34420,10.5,Z,76,3,744,0,67,124,215,0,P,57,9,759,0,173,139,79,3,1,-19,6,15,0,106,15,-136,3
34421,9.58,T,83,4,385,14,932,144,97,2,T,71,4,695,0,43,248,90,2,0,-12,0,310,-14,-889,104,-7,0
34422,9.59,P,35,0,727,0,0,126,117,0,T,60,6,526,0,28,86,116,1,1,25,6,-201,0,28,-40,-1,1
34423,0.26,Z,3,0,21,0,4,9,6,4,Z,0,0,0,0,0,1,1,0,0,-3,0,-21,0,-4,-8,-5,-4
34424,8.11,Z,80,11,513,0,260,176,264,3,T,80,5,328,1,504,160,125,5,0,0,-6,-185,1,244,-16,-139,2
34425,4.34,Z,25,1,164,0,369,111,86,4,T,42,0,149,0,14,117,114,4,1,17,-1,-15,0,-355,6,28,0
34426,10.44,Z,62,6,276,0,64,176,268,1,T,57,0,515,0,18,130,127,3,0,-5,-6,239,0,-46,-46,-141,2
34427,10.36,T,66,0,624,0,257,172,177,6,P,63,0,362,0,51,118,98,21,1,-3,0,-262,0,-206,-54,-79,15
34428,9.58,Z,70,0,493,0,15,196,180,9,P,60,0,394,0,37,296,84,3,0,-10,0,-99,0,22,100,-96,-6
34429,7.26,Z,37,0,172,0,34,103,194,8,Z,30,0,425,0,15,93,126,3,0,-7,0,253,0,-19,-10,-68,-5
34430,7,P,22,0,476,0,0,161,55,0,P,24,0,109,0,9,57,52,3,1,2,0,-367,0,9,-104,-3,3
34431,7.51,T,91,3,380,0,89,224,68,0,Z,59,6,391,0,341,138,208,12,0,-32,3,11,0,252,-86,140,12
34432,7.16,T,64,2,273,0,452,246,92,4,Z,38,0,415,0,26,212,125,1,0,-26,-2,142,0,-426,-34,33,-3
34433,10.46,P,77,14,1099,0,538,257,88,10,T,109,7,376,0,345,265,193,12,1,32,-7,-723,0,-193,8,105,2
34434,2.1,T,7,0,99,0,165,79,44,4,T,8,0,82,0,226,22,45,3,0,1,0,-17,0,61,-57,1,-1
34435,5.46,P,48,1,365,0,247,73,163,11,T,41,1,192,0,52,72,110,5,0,-7,0,-173,0,-195,-1,-53,-6
34436,6.53,T,44,2,448,0,175,251,106,4,T,40,5,199,0,10,177,91,1,0,-4,3,-249,0,-165,-74,-15,-3
34437,6.05,Z,19,0,443,0,14,46,94,2,T,33,0,423,0,1,46,65,3,1,14,0,-20,0,-13,0,-29,1
34438,0.27,T,2,0,23,0,9,13,8,1,T,2,0,33,0,13,3,15,2,1,0,0,10,0,4,-10,7,1
34439,7.23,T,20,0,397,0,0,37,43,0,T,63,1,387,0,87,135,93,4,1,43,1,-10,0,87,98,50,4
34440,6.21,P,78,0,274,0,246,292,55,11,Z,36,13,272,5,216,275,160,1,1,-42,13,-2,5,-30,-17,105,-10
34441,5.03,P,44,0,165,0,605,197,182,6,P,38,1,128,0,274,181,48,4,0,-6,1,-37,0,-331,-16,-134,-2
34442,9.59,T,77,0,463,0,177,233,231,6,P,47,0,841,0,150,285,254,9,0,-30,0,378,0,-27,52,23,3
34443,10.37,P,64,9,504,0,26,182,84,2,P,68,5,478,0,23,300,138,0,0,4,-4,-26,0,-3,118,54,-2
34444,9.1,Z,50,0,546,0,70,126,141,5,T,49,0,496,0,2,95,82,4,0,-1,0,-50,0,-68,-31,-59,-1
34445,6.18,Z,62,3,325,0,464,167,212,12,P,83,4,345,0,426,300,121,13,1,21,1,20,0,-38,133,-91,1
34446,9.57,P,34,0,484,0,9,18,45,2,P,25,0,322,0,0,9,25,0,1,-9,0,-162,0,-9,-9,-20,-2
34447,8.17,P,39,1,402,0,31,231,76,4,T,42,3,239,0,1,55,63,0,0,3,2,-163,0,-30,-176,-13,-4
34448,9.59,Z,45,0,453,0,21,54,122,5,T,63,0,339,0,28,86,113,4,0,18,0,-114,0,7,32,-9,-1
34449,3.23,Z,14,0,95,0,78,32,71,5,Z,18,3,201,0,91,45,156,0,0,4,3,106,0,13,13,85,-5
34450,4.16,P,25,2,106,0,281,150,60,3,T,20,4,388,2,305,77,80,0,0,-5,2,282,2,24,-73,20,-3
34451,6.06,Z,57,2,353,8,145,206,184,7,Z,41,2,189,0,452,181,263,6,0,-16,0,-164,-8,307,-25,79,-1
34452,9.58,T,100,5,325,0,352,277,168,20,T,105,30,832,0,534,198,164,9,0,5,25,507,0,182,-79,-4,-11
34453,3.08,T,21,1,407,0,88,107,67,4,P,16,0,153,0,144,84,23,2,1,-5,-1,-254,0,56,-23,-44,-2
34454,8.11,P,43,2,459,0,22,80,59,4,P,37,0,232,0,23,178,39,3,1,-6,-2,-227,0,1,98,-20,-1
34455,5.24,P,25,0,310,0,0,77,26,0,Z,29,2,401,0,20,78,69,4,0,4,2,91,0,20,1,43,4
34456,3.31,Z,12,3,173,0,5,10,43,1,P,13,0,215,0,0,7,20,2,0,1,-3,42,0,-5,-3,-23,1
34457,9.59,Z,48,0,1442,0,38,113,167,5,T,58,0,664,0,24,59,58,4,1,10,0,-778,0,-14,-54,-109,-1
34458,9.58,T,60,0,809,0,26,63,74,1,P,46,0,678,0,1,197,66,2,1,-14,0,-131,0,-25,134,-8,1
34459,9.02,T,86,7,612,0,36,151,68,4,P,61,0,197,1,36,130,95,4,0,-25,-7,-415,1,0,-21,27,0
34460,8.31,Z,61,0,213,0,21,206,244,3,P,46,3,321,0,43,149,92,5,0,-15,3,108,0,22,-57,-152,2
34461,5.3,P,39,4,223,0,187,129,123,6,T,45,0,404,0,266,157,109,7,1,6,-4,181,0,79,28,-14,1
34462,4.19,P,19,0,105,0,0,223,44,3,T,32,0,111,0,7,78,135,4,1,13,0,6,0,7,-145,91,1
34463,3.4,T,10,0,217,0,102,30,22,2,Z,13,0,134,0,8,27,41,0,1,3,0,-83,0,-94,-3,19,-2
34464,9.59,T,77,0,590,0,77,246,125,10,T,73,2,695,0,37,245,97,7,1,-4,2,105,0,-40,-1,-28,-3
34465,10.26,P,48,3,604,0,16,128,110,0,T,63,4,887,0,31,67,46,0,1,15,1,283,0,15,-61,-64,0
34466,4.19,P,21,3,334,0,55,110,28,5,Z,26,1,133,0,103,54,133,4,1,5,-2,-201,0,48,-56,105,-1
34467,8.32,T,65,3,494,0,224,232,158,6,T,82,0,555,0,502,286,105,8,0,17,-3,61,0,278,54,-53,2
34468,8.04,Z,39,0,501,0,7,105,153,1,P,49,1,420,0,279,260,111,6,1,10,1,-81,0,272,155,-42,5
34469,8.1,Z,45,1,786,0,32,118,129,1,P,65,8,264,0,321,217,80,4,0,20,7,-522,0,289,99,-49,3
34470,9.59,T,97,6,314,0,94,152,99,1,Z,63,7,606,0,64,111,220,0,0,-34,1,292,0,-30,-41,121,-1
34471,9.34,Z,54,0,795,0,113,252,323,1,P,56,0,355,0,17,169,95,3,1,2,0,-440,0,-96,-83,-228,2
34472,7.49,T,82,5,229,1,568,179,111,9,P,37,5,610,0,63,161,96,2,0,-45,0,381,-1,-505,-18,-15,-7
34473,6.28,T,30,0,235,0,7,82,64,2,P,32,5,323,0,88,48,126,1,0,2,5,88,0,81,-34,62,-1
34474,5.29,T,51,1,143,0,31,111,37,8,Z,24,1,249,0,26,127,88,4,0,-27,0,106,0,-5,16,51,-4
34475,9.59,Z,61,7,1107,1,57,288,173,0,T,79,10,523,0,23,88,89,1,1,18,3,-584,-1,-34,-200,-84,1
34476,8.48,Z,60,11,757,0,500,311,344,1,T,75,0,1250,0,454,305,113,8,1,15,-11,493,0,-46,-6,-231,7
34477,9.59,P,70,1,734,0,45,328,109,2,T,86,0,382,0,152,286,120,4,1,16,-1,-352,0,107,-42,11,2
34478,9.58,P,40,2,305,0,45,200,74,3,T,62,5,666,0,18,117,89,1,0,22,3,361,0,-27,-83,15,-2
34479,8.31,Z,73,0,512,0,108,144,227,9,T,72,0,716,0,9,99,200,2,0,-1,0,204,0,-99,-45,-27,-7
34480,9.55,T,85,0,743,0,173,312,103,17,T,96,2,557,0,400,170,121,22,0,11,2,-186,0,227,-142,18,5
34481,9.58,T,42,0,503,0,0,21,61,0,T,27,0,639,0,1,120,65,1,0,-15,0,136,0,1,99,4,1
34482,9.59,Z,86,10,522,0,531,324,280,0,Z,78,6,559,0,60,108,194,2,0,-8,-4,37,0,-471,-216,-86,2
34483,7.15,Z,31,0,448,0,23,165,143,2,T,52,0,617,0,18,143,89,3,1,21,0,169,0,-5,-22,-54,1
34484,8.42,T,41,0,413,0,1,86,100,3,P,38,2,520,0,2,170,85,0,0,-3,2,107,0,1,84,-15,-3
34485,10.52,T,99,0,562,0,53,359,153,5,T,110,0,641,0,145,312,109,18,1,11,0,79,0,92,-47,-44,13
34486,9.55,T,26,0,301,0,0,36,69,0,Z,60,0,494,0,40,145,212,3,1,34,0,193,0,40,109,143,3
34487,10.36,Z,71,4,437,0,306,372,244,2,Z,61,4,554,0,516,194,215,1,1,-10,0,117,0,210,-178,-29,-1
34488,5.34,T,26,3,369,0,19,125,46,2,T,37,0,344,0,0,50,71,0,1,11,-3,-25,0,-19,-75,25,-2
34489,8.14,P,64,5,651,0,97,269,85,7,Z,45,8,297,0,558,221,253,4,0,-19,3,-354,0,461,-48,168,-3
34490,9.59,Z,70,0,676,0,10,113,205,1,T,86,2,579,0,107,166,97,2,1,16,2,-97,0,97,53,-108,1
34491,9.26,Z,61,3,557,0,32,223,183,6,Z,63,7,503,0,109,260,164,0,1,2,4,-54,0,77,37,-19,-6
34492,9.59,P,71,6,574,0,531,209,94,10,T,44,0,462,0,2,38,85,3,0,-27,-6,-112,0,-529,-171,-9,-7
34493,8.25,Z,37,4,505,0,48,194,185,3,Z,46,4,402,0,48,85,126,4,0,9,0,-103,0,0,-109,-59,1
34494,9.58,P,43,0,43,0,4,37,49,2,T,48,0,1052,0,16,166,91,0,0,5,0,1009,0,12,129,42,-2
34495,9.57,P,25,0,645,0,0,40,23,0,T,43,0,448,0,2,56,69,1,1,18,0,-197,0,2,16,46,1
34496,5.58,T,57,4,323,0,342,87,133,16,P,55,0,218,0,386,273,154,12,0,-2,-4,-105,0,44,186,21,-4
34497,9.59,P,67,0,649,0,24,190,78,7,Z,62,6,531,0,155,571,347,4,0,-5,6,-118,0,131,381,269,-3
34498,7.27,T,74,0,449,0,110,222,130,7,T,51,2,430,0,105,204,90,5,0,-23,2,-19,0,-5,-18,-40,-2
34499,8.28,Z,49,0,333,0,14,212,216,1,T,55,0,752,0,1,130,128,2,1,6,0,419,0,-13,-82,-88,1
34500,6.06,T,65,3,259,0,598,158,121,8,Z,43,5,346,0,233,165,259,3,0,-22,2,87,0,-365,7,138,-5
34501,9.59,Z,50,1,490,0,75,258,352,1,Z,50,5,557,0,49,164,213,1,0,0,4,67,0,-26,-94,-139,0
34502,4.14,P,31,0,205,0,13,90,45,2,Z,21,0,126,0,13,87,107,1,0,-10,0,-79,0,0,-3,62,-1
34503,9.02,T,28,0,232,0,0,65,47,0,P,49,0,877,0,14,114,76,5,1,21,0,645,0,14,49,29,5
34504,9.59,T,151,7,471,0,172,369,163,1,P,92,1,648,0,62,327,77,19,0,-59,-6,177,0,-110,-42,-86,18
34505,10.21,P,62,0,1198,0,29,155,77,4,Z,59,5,659,0,42,120,155,2,1,-3,5,-539,0,13,-35,78,-2
34506,7.21,P,37,0,454,0,11,97,42,0,T,47,0,397,0,18,103,51,5,1,10,0,-57,0,7,6,9,5
34507,7.13,P,45,0,340,0,26,133,43,6,T,32,0,393,0,11,135,46,7,0,-13,0,53,0,-15,2,3,1
34508,5.14,T,22,2,363,0,91,105,42,5,P,12,0,176,0,0,73,42,0,0,-10,-2,-187,0,-91,-32,0,-5
34509,3.58,Z,22,1,167,0,19,34,43,0,Z,12,1,126,0,2,62,61,1,0,-10,0,-41,0,-17,28,18,1
34510,7.47,T,40,0,759,0,0,71,78,4,T,44,2,564,0,7,67,138,3,1,4,2,-195,0,7,-4,60,-1
34511,5.28,P,34,1,231,0,132,259,43,17,P,32,5,278,0,144,93,35,4,1,-2,4,47,0,12,-166,-8,-13
34512,9.59,P,75,0,516,0,537,310,145,19,T,83,6,586,0,80,107,76,0,0,8,6,70,0,-457,-203,-69,-19
34513,9.58,T,91,6,297,0,138,191,156,12,T,109,2,721,0,69,321,96,11,1,18,-4,424,0,-69,130,-60,-1
34514,9.59,Z,93,3,255,0,42,263,261,1,Z,79,11,512,0,473,384,466,5,1,-14,8,257,0,431,121,205,4
34515,6.14,T,44,0,292,0,52,44,35,6,T,35,3,193,0,24,22,38,0,1,-9,3,-99,0,-28,-22,3,-6
34516,9.59,Z,74,0,504,0,471,257,519,6,Z,70,10,802,0,88,273,214,0,1,-4,10,298,0,-383,16,-305,-6
34517,5.03,P,12,0,188,0,3,86,42,0,T,18,0,299,0,0,68,47,0,0,6,0,111,0,-3,-18,5,0
34518,7.09,Z,19,0,451,0,12,170,80,3,P,21,0,478,0,0,83,21,0,1,2,0,27,0,-12,-87,-59,-3
34519,10.07,P,33,0,600,0,72,166,75,7,Z,45,6,561,0,14,129,176,0,0,12,6,-39,0,-58,-37,101,-7
34520,4.09,Z,21,4,61,0,24,19,50,0,P,17,0,253,0,47,92,7,3,0,-4,-4,192,0,23,73,-43,3
34521,10.28,T,63,4,610,0,416,246,134,6,Z,61,2,765,0,39,199,229,7,0,-2,-2,155,0,-377,-47,95,1
34522,9.59,P,47,0,257,6,20,60,53,0,T,74,0,581,0,5,538,150,3,0,27,0,324,-6,-15,478,97,3
34523,10.08,Z,57,8,225,1,439,141,217,4,Z,52,4,466,0,60,113,180,4,1,-5,-4,241,-1,-379,-28,-37,0
34524,7.03,T,53,6,615,0,693,162,74,1,T,75,0,440,0,457,141,90,15,1,22,-6,-175,0,-236,-21,16,14
34525,9.59,Z,58,5,464,0,462,152,277,0,T,87,2,465,0,41,292,150,5,1,29,-3,1,0,-421,140,-127,5
34526,9.59,T,89,3,305,0,808,231,106,7,T,91,3,450,0,438,250,146,19,1,2,0,145,0,-370,19,40,12
34527,9.59,T,37,0,307,0,0,108,74,0,P,37,0,893,0,25,143,57,6,1,0,0,586,0,25,35,-17,6
34528,7.17,T,36,0,352,0,75,128,125,2,T,54,0,555,0,69,50,33,6,1,18,0,203,0,-6,-78,-92,4
34529,4.23,T,16,0,165,0,77,47,49,18,Z,18,2,197,0,37,29,55,0,0,2,2,32,0,-40,-18,6,-18
34530,7.34,P,30,7,456,0,18,38,51,1,T,37,4,514,0,9,33,69,0,0,7,-3,58,0,-9,-5,18,-1
34531,6.41,Z,21,0,339,0,14,67,92,5,P,39,0,464,0,0,58,73,0,1,18,0,125,0,-14,-9,-19,-5
34532,4.19,T,7,0,210,0,4,30,24,7,T,21,0,164,0,55,28,23,3,0,14,0,-46,0,51,-2,-1,-4
34533,9.59,Z,56,2,367,0,307,184,249,5,P,60,0,339,0,45,114,81,7,0,4,-2,-28,0,-262,-70,-168,2
34534,9.11,Z,35,0,274,0,52,104,140,2,P,28,8,474,0,12,93,45,0,1,-7,8,200,0,-40,-11,-95,-2
34535,2.11,P,6,0,106,0,0,9,4,0,Z,7,1,55,0,171,45,83,2,0,1,1,-51,0,171,36,79,2
34536,8.59,T,134,3,360,0,294,247,185,43,Z,81,0,445,0,222,348,335,16,0,-53,-3,85,0,-72,101,150,-27
34537,9.59,T,61,4,758,0,11,77,111,0,Z,83,10,930,0,302,220,225,4,0,22,6,172,0,291,143,114,4
34538,5.3,Z,41,5,295,0,40,90,111,2,Z,42,7,121,0,216,209,149,2,1,1,2,-174,0,176,119,38,0
34539,10.51,T,108,0,695,0,325,222,146,17,Z,69,0,507,0,329,115,184,7,1,-39,0,-188,0,4,-107,38,-10
34540,10.28,Z,71,0,642,0,45,192,248,5,P,61,1,382,0,125,215,163,5,1,-10,1,-260,0,80,23,-85,0
34541,8.57,T,77,3,624,0,10,182,147,0,Z,38,2,635,0,22,250,242,3,0,-39,-1,11,0,12,68,95,3
34542,8.08,T,66,2,467,0,33,326,103,4,P,39,0,547,0,6,199,64,2,0,-27,-2,80,0,-27,-127,-39,-2
34543,5.49,Z,22,0,325,0,19,18,70,2,T,42,10,199,0,49,135,43,2,0,20,10,-126,0,30,117,-27,0
34544,5.47,T,43,0,254,0,65,128,94,8,P,35,1,271,0,26,203,42,1,1,-8,1,17,0,-39,75,-52,-7
34545,10.04,Z,72,5,629,0,91,351,225,4,T,72,0,331,62,373,245,373,1,0,0,-5,-298,62,282,-106,148,-3
34546,9.59,T,86,0,302,0,550,235,165,9,T,95,2,687,0,169,388,365,3,0,9,2,385,0,-381,153,200,-6
34547,10.47,P,45,0,758,0,1,127,88,2,T,80,0,593,0,299,179,149,9,0,35,0,-165,0,298,52,61,7
34548,6.25,T,14,0,429,0,11,185,44,5,P,27,0,356,0,0,79,52,0,1,13,0,-73,0,-11,-106,8,-5
34549,9.21,T,76,0,787,0,27,142,90,4,T,93,0,787,0,298,269,303,11,1,17,0,0,0,271,127,213,7
34550,3.51,Z,17,0,151,0,5,75,56,4,T,18,2,218,0,112,99,31,1,0,1,2,67,0,107,24,-25,-3
34551,7.54,P,125,0,333,0,272,300,83,13,Z,59,7,372,0,77,167,206,3,0,-66,7,39,0,-195,-133,123,-10
34552,9.59,T,71,4,516,2,80,141,98,5,P,39,0,499,0,15,67,31,7,0,-32,-4,-17,-2,-65,-74,-67,2
34553,5.59,P,22,2,432,0,5,102,78,1,T,32,5,361,0,10,115,32,0,0,10,3,-71,0,5,13,-46,-1
34554,3.25,P,21,0,132,0,39,144,44,9,T,25,12,143,0,66,79,102,1,1,4,12,11,0,27,-65,58,-8
34555,7.35,Z,30,0,270,0,0,36,98,0,Z,27,0,309,0,17,172,103,2,1,-3,0,39,0,17,136,5,2
34556,7.41,Z,43,2,572,0,42,102,102,6,T,63,0,246,0,384,290,106,9,1,20,-2,-326,0,342,188,4,3
34557,10.13,T,87,9,811,0,232,93,125,7,P,73,0,681,0,685,342,220,15,0,-14,-9,-130,0,453,249,95,8
34558,9.44,Z,80,7,514,1,504,312,250,5,Z,52,7,310,0,76,202,279,3,1,-28,0,-204,-1,-428,-110,29,-2
34559,4.34,P,25,0,387,0,153,149,115,3,T,22,0,310,0,29,53,60,5,1,-3,0,-77,0,-124,-96,-55,2
34560,4.47,T,21,0,385,0,162,67,39,3,T,31,1,360,0,58,122,49,3,0,10,1,-25,0,-104,55,10,0
34561,7,T,66,0,269,0,718,260,174,16,P,72,0,285,0,395,257,60,15,0,6,0,16,0,-323,-3,-114,-1
34562,6.55,P,33,0,418,0,9,218,201,3,Z,40,1,438,0,94,115,171,7,0,7,1,20,0,85,-103,-30,4
34563,9.56,T,78,0,1031,0,54,202,128,11,P,53,12,381,0,45,65,41,0,0,-25,12,-650,0,-9,-137,-87,-11
34564,8.2,Z,49,4,749,0,39,160,152,4,T,59,2,537,0,242,50,88,9,1,10,-2,-212,0,203,-110,-64,5
34565,9.59,T,54,3,852,0,49,52,64,0,P,31,0,643,0,0,135,95,0,0,-23,-3,-209,0,-49,83,31,0
34566,6.09,T,40,5,401,0,238,91,43,0,P,20,2,604,0,9,84,36,4,0,-20,-3,203,0,-229,-7,-7,4
34567,8.36,T,85,1,379,0,114,294,260,5,T,96,0,441,0,628,287,122,16,1,11,-1,62,0,514,-7,-138,11
34568,8,T,40,0,614,0,3,215,58,4,P,51,1,377,0,25,263,173,6,1,11,1,-237,0,22,48,115,2
34569,6.54,T,70,5,313,0,76,251,69,3,P,21,2,309,0,4,87,63,0,0,-49,-3,-4,0,-72,-164,-6,-3
34570,8.22,P,53,0,437,0,119,398,84,12,P,60,4,668,0,116,259,134,9,0,7,4,231,0,-3,-139,50,-3
34571,4.34,Z,28,2,285,0,23,61,63,5,T,21,1,246,0,7,39,40,2,0,-7,-1,-39,0,-16,-22,-23,-3
34572,8.46,P,70,0,612,0,19,107,64,4,Z,46,3,545,0,35,132,145,3,1,-24,3,-67,0,16,25,81,-1
34573,9.1,T,59,0,342,0,2,302,230,2,P,44,0,431,0,47,443,214,11,0,-15,0,89,0,45,141,-16,9
34574,6.56,Z,39,4,341,0,163,202,132,6,P,51,0,409,0,23,239,140,2,0,12,-4,68,0,-140,37,8,-4
34575,9.58,T,63,0,284,0,0,80,103,1,T,60,0,598,0,18,80,78,10,1,-3,0,314,0,18,0,-25,9
34576,8.38,T,123,9,328,0,549,252,218,9,Z,79,0,517,0,82,208,249,16,0,-44,-9,189,0,-467,-44,31,7
34577,4.17,T,14,2,218,0,1,61,29,0,P,19,0,116,0,1,43,21,2,1,5,-2,-102,0,0,-18,-8,2
34578,4.06,T,29,1,196,0,401,58,45,6,T,33,5,162,0,521,87,77,4,0,4,4,-34,0,120,29,32,-2
34579,9.59,T,61,0,431,0,26,154,76,3,Z,53,3,535,0,50,314,236,3,1,-8,3,104,0,24,160,160,0
34580,9.59,Z,58,0,972,0,38,202,222,1,T,87,1,669,0,1155,260,148,10,1,29,1,-303,0,1117,58,-74,9
34581,9.58,T,73,0,579,0,36,111,105,14,P,32,0,320,0,0,141,57,0,1,-41,0,-259,0,-36,30,-48,-14
34582,4.09,P,27,2,105,4,78,62,31,3,T,15,4,205,0,0,21,23,0,0,-12,2,100,-4,-78,-41,-8,-3
34583,6.53,P,30,5,598,0,8,149,45,1,P,25,0,120,0,0,44,36,2,0,-5,-5,-478,0,-8,-105,-9,1
34584,7.4,T,60,3,630,0,20,216,127,8,T,40,0,368,0,7,94,76,3,0,-20,-3,-262,0,-13,-122,-51,-5
34585,9.59,P,77,7,644,4,71,353,262,3,Z,83,6,496,0,231,185,201,1,0,6,-1,-148,-4,160,-168,-61,-2
34586,9.59,T,45,0,757,0,0,154,104,0,T,55,0,898,0,0,177,78,1,1,10,0,141,0,0,23,-26,1
34587,4.15,P,18,0,345,0,42,159,67,2,T,19,0,88,0,0,29,23,0,1,1,0,-257,0,-42,-130,-44,-2
34588,6.16,P,32,3,360,0,317,207,134,4,Z,30,5,186,0,451,147,207,5,0,-2,2,-174,0,134,-60,73,1
34589,9.59,P,36,4,828,0,14,36,48,0,T,51,7,607,1,9,282,111,1,0,15,3,-221,1,-5,246,63,1
34590,10.12,T,31,0,558,0,1,111,58,3,P,34,0,653,0,0,62,53,0,1,3,0,95,0,-1,-49,-5,-3
34591,9.58,T,64,0,568,0,160,89,57,3,Z,54,7,715,0,55,217,230,3,0,-10,7,147,0,-105,128,173,0
34592,7.15,Z,33,0,581,0,25,94,103,9,T,68,2,319,0,139,264,119,7,1,35,2,-262,0,114,170,16,-2
34593,2.38,P,12,0,74,0,38,123,21,7,T,14,0,166,0,137,40,61,3,0,2,0,92,0,99,-83,40,-4
34594,6.58,P,29,2,377,0,11,118,40,1,T,20,0,470,0,0,113,41,0,0,-9,-2,93,0,-11,-5,1,-1
34595,9.08,T,74,0,401,0,45,132,80,8,T,74,0,498,0,47,166,80,9,0,0,0,97,0,2,34,0,1
34596,3.06,Z,13,0,161,0,68,39,97,4,Z,13,1,27,0,246,89,99,0,0,0,1,-134,0,178,50,2,-4
34597,7.34,Z,54,7,453,0,356,260,247,11,P,54,0,596,0,5,233,80,3,1,0,-7,143,0,-351,-27,-167,-8
34598,9.59,P,44,0,461,0,11,145,173,2,T,55,0,1110,0,12,149,71,6,0,11,0,649,0,1,4,-102,4
34599,9.59,T,81,0,630,5,60,201,105,0,Z,63,0,651,0,32,200,217,13,0,-18,0,21,-5,-28,-1,112,13
34600,9.2,Z,61,0,524,0,46,54,180,3,T,113,9,704,5,169,176,101,1,0,52,9,180,5,123,122,-79,-2
34601,8.57,T,79,0,503,0,711,211,288,13,P,47,0,360,0,5,107,113,9,1,-32,0,-143,0,-706,-104,-175,-4
34602,9.55,Z,71,5,343,0,38,356,207,5,Z,78,2,550,0,338,346,256,8,1,7,-3,207,0,300,-10,49,3
34603,6.02,Z,32,5,361,0,56,242,116,7,Z,32,0,425,0,26,112,94,3,1,0,-5,64,0,-30,-130,-22,-4
34604,2.22,Z,9,0,163,0,10,28,34,0,Z,5,0,71,0,0,13,19,1,0,-4,0,-92,0,-10,-15,-15,1
34605,0.26,T,2,0,29,0,4,7,1,2,T,3,0,14,0,6,5,6,2,1,1,0,-15,0,2,-2,5,0
34606,0.47,T,2,0,110,0,0,4,4,0,P,3,1,35,0,0,6,6,0,1,1,1,-75,0,0,2,2,0
34607,6.34,T,69,0,267,0,40,86,102,3,P,19,0,342,0,0,82,63,2,0,-50,0,75,0,-40,-4,-39,-1
34608,9.45,T,70,0,444,0,24,149,116,4,P,43,0,997,0,206,315,72,3,0,-27,0,553,0,182,166,-44,-1
34609,5.1,T,36,3,410,0,3,19,56,0,Z,21,2,272,0,12,48,59,0,0,-15,-1,-138,0,9,29,3,0
34610,6.19,T,48,5,337,1,556,112,149,3,T,46,0,240,0,168,162,83,5,0,-2,-5,-97,-1,-388,50,-66,2
34611,9.59,T,54,0,559,0,1,271,134,1,T,70,0,651,0,229,141,99,12,0,16,0,92,0,228,-130,-35,11
34612,9.58,P,37,0,630,0,0,71,43,0,T,58,6,387,0,17,65,110,0,0,21,6,-243,0,17,-6,67,0
34613,9.59,T,117,6,508,0,179,164,193,5,Z,69,3,732,0,44,180,240,0,1,-48,-3,224,0,-135,16,47,-5
34614,9.59,Z,58,7,466,1,688,274,204,3,P,34,0,717,0,16,128,64,8,1,-24,-7,251,-1,-672,-146,-140,5
34615,9.58,T,81,7,339,0,72,157,84,1,Z,63,1,253,0,47,112,223,6,1,-18,-6,-86,0,-25,-45,139,5
34616,10.24,T,121,0,738,0,228,454,234,24,T,153,0,555,1,462,305,250,27,1,32,0,-183,1,234,-149,16,3
34617,10.01,Z,95,1,593,0,895,347,409,9,T,100,8,546,0,128,367,140,8,0,5,7,-47,0,-767,20,-269,-1
34618,9.59,P,51,1,700,0,26,191,73,7,P,33,0,336,0,0,88,46,4,1,-18,-1,-364,0,-26,-103,-27,-3
34619,9.16,Z,87,18,476,0,146,172,312,0,T,99,6,767,0,8,129,131,0,1,12,-12,291,0,-138,-43,-181,0
34620,9.58,P,22,0,724,0,10,21,22,3,Z,52,2,292,0,9,30,165,0,1,30,2,-432,0,-1,9,143,-3
34621,9.32,P,34,0,296,0,0,114,57,0,T,40,0,413,0,0,131,145,0,0,6,0,117,0,0,17,88,0
34622,8.12,T,108,0,292,0,768,175,90,9,Z,40,1,648,11,83,85,168,1,0,-68,1,356,11,-685,-90,78,-8
34623,7.31,P,37,1,444,0,12,141,53,0,Z,32,0,233,0,6,153,91,4,1,-5,-1,-211,0,-6,12,38,4
34624,5.2,T,21,4,371,0,10,13,37,0,T,23,0,412,0,0,38,46,0,0,2,-4,41,0,-10,25,9,0
34625,7.13,Z,36,5,333,0,274,106,125,2,Z,33,0,449,0,35,33,103,2,0,-3,-5,116,0,-239,-73,-22,0
34626,7.28,T,90,0,343,0,150,251,251,9,P,59,1,393,0,479,206,89,12,0,-31,1,50,0,329,-45,-162,3
34627,7.02,P,34,5,230,0,8,102,48,5,P,36,2,185,0,1,64,34,0,1,2,-3,-45,0,-7,-38,-14,-5
34628,9.25,P,25,0,124,0,4,27,23,2,Z,53,4,225,0,46,169,179,0,1,28,4,101,0,42,142,156,-2
34629,9.59,Z,62,10,417,0,59,199,221,7,T,70,5,458,0,22,135,102,0,1,8,-5,41,0,-37,-64,-119,-7
34630,9.59,T,59,6,620,0,31,174,99,0,P,49,5,420,0,22,231,85,0,1,-10,-1,-200,0,-9,57,-14,0
34631,5.23,Z,14,0,378,0,9,78,71,2,Z,28,2,338,0,3,52,96,0,1,14,2,-40,0,-6,-26,25,-2
34632,7.24,P,45,0,584,0,19,69,65,2,T,48,0,348,0,211,194,114,9,1,3,0,-236,0,192,125,49,7
34633,9.43,Z,53,0,262,0,84,159,227,9,Z,71,2,630,0,81,135,177,4,1,18,2,368,0,-3,-24,-50,-5
34634,9.59,P,61,0,531,0,33,204,86,1,P,45,1,351,0,16,182,66,3,1,-16,1,-180,0,-17,-22,-20,2
34635,7.45,T,91,0,434,0,31,174,91,5,Z,37,8,382,0,61,218,130,1,1,-54,8,-52,0,30,44,39,-4
34636,9.59,P,49,2,572,0,25,330,115,5,P,42,0,764,0,0,142,81,0,1,-7,-2,192,0,-25,-188,-34,-5
34637,2.21,Z,8,3,39,0,12,27,28,0,Z,9,1,158,1,167,23,54,2,0,1,-2,119,1,155,-4,26,2
34638,6.57,Z,28,2,332,0,12,117,112,3,T,28,0,785,0,2,44,46,2,1,0,-2,453,0,-10,-73,-66,-1
34639,7.28,Z,42,1,271,0,136,185,205,9,T,66,4,476,0,424,148,121,10,1,24,3,205,0,288,-37,-84,1
34640,5.5,T,39,4,144,0,335,137,154,6,P,46,0,325,0,55,196,44,9,1,7,-4,181,0,-280,59,-110,3
34641,9.01,T,71,3,537,0,111,122,93,10,P,30,0,231,0,2,61,45,3,0,-41,-3,-306,0,-109,-61,-48,-7
34642,10.06,T,78,0,740,10,58,131,98,2,T,73,6,502,0,87,125,93,2,1,-5,6,-238,-10,29,-6,-5,0
34643,3.09,T,18,2,162,0,230,77,47,3,Z,14,0,58,0,412,47,114,2,1,-4,-2,-104,0,182,-30,67,-1
34644,4.16,T,37,3,212,0,154,74,135,6,P,21,0,145,0,39,88,44,0,1,-16,-3,-67,0,-115,14,-91,-6
34645,0.36,T,3,0,24,0,9,15,5,3,P,3,0,27,0,20,13,9,3,1,0,0,3,0,11,-2,4,0
34646,4.58,P,21,0,314,0,1,42,31,1,Z,21,0,218,0,100,161,74,7,0,0,0,-96,0,99,119,43,6
34647,7.25,P,68,0,327,0,270,335,110,6,T,56,0,239,0,162,141,179,7,0,-12,0,-88,0,-108,-194,69,1
34648,5.59,T,35,0,274,0,15,125,50,4,P,28,2,169,0,2,118,69,0,1,-7,2,-105,0,-13,-7,19,-4
34649,2.47,T,18,0,211,0,208,78,65,7,Z,12,1,147,0,88,43,66,1,1,-6,1,-64,0,-120,-35,1,-6
34650,9.25,T,80,0,614,0,301,291,127,14,P,76,0,684,0,55,264,190,16,1,-4,0,70,0,-246,-27,63,2
34651,6.3,T,51,0,379,0,19,162,85,13,T,30,0,353,0,48,175,42,5,0,-21,0,-26,0,29,13,-43,-8
34652,9.56,P,38,0,213,0,11,23,28,3,T,40,0,681,0,0,28,74,0,1,2,0,468,0,-11,5,46,-3
34653,9.58,T,100,10,672,0,868,249,189,4,Z,73,0,904,0,245,199,505,13,1,-27,-10,232,0,-623,-50,316,9
34654,7.41,Z,41,0,434,0,26,127,143,1,T,69,1,445,0,97,221,172,5,1,28,1,11,0,71,94,29,4
34655,9.59,T,133,5,489,0,702,307,114,11,Z,77,12,563,0,138,205,290,0,0,-56,7,74,0,-564,-102,176,-11
34656,5.4,Z,29,0,135,0,297,190,141,5,T,51,1,186,0,38,222,57,9,0,22,1,51,0,-259,32,-84,4
34657,5.33,P,16,0,394,0,15,72,27,3,P,34,0,244,0,20,68,69,6,1,18,0,-150,0,5,-4,42,3
34658,9.59,T,101,4,352,0,206,305,120,3,Z,85,13,480,0,321,366,468,15,0,-16,9,128,0,115,61,348,12
34659,3.46,P,21,1,168,0,177,81,19,6,T,36,2,185,0,349,57,29,6,0,15,1,17,0,172,-24,10,0
34660,10.24,Z,54,9,378,0,55,242,196,6,P,51,3,808,0,13,210,59,1,1,-3,-6,430,0,-42,-32,-137,-5
34661,9.59,T,94,0,580,0,392,262,198,5,Z,78,8,244,1,398,191,461,3,0,-16,8,-336,1,6,-71,263,-2
34662,7.59,Z,35,7,253,0,25,44,97,1,P,27,0,465,0,13,57,34,5,0,-8,-7,212,0,-12,13,-63,4
34663,6.58,Z,36,5,271,0,45,139,119,4,Z,36,7,340,0,422,129,172,0,1,0,2,69,0,377,-10,53,-4
34664,9.59,T,83,0,577,0,5,264,183,10,P,49,0,849,0,18,229,72,4,0,-34,0,272,0,13,-35,-111,-6
34665,9.59,T,76,6,633,0,871,122,168,11,T,71,0,805,0,0,88,122,0,0,-5,-6,172,0,-871,-34,-46,-11
34666,9.06,P,53,0,794,0,26,302,194,2,Z,57,0,713,0,81,225,248,6,1,4,0,-81,0,55,-77,54,4
34667,6.23,T,58,1,198,0,547,187,121,14,T,57,1,340,0,205,246,110,11,0,-1,0,142,0,-342,59,-11,-3
34668,3.34,T,9,0,23,0,0,4,16,0,T,15,0,297,0,5,25,28,3,1,6,0,274,0,5,21,12,3
34669,7.37,T,80,3,400,0,1024,155,175,16,T,57,1,608,0,399,192,120,11,0,-23,-2,208,0,-625,37,-55,-5
34670,9.59,P,77,3,538,0,430,200,98,14,T,126,5,349,0,472,386,185,2,1,49,2,-189,0,42,186,87,-12
34671,9.58,Z,52,4,265,0,91,86,170,2,T,60,4,400,4,17,143,138,0,0,8,0,135,4,-74,57,-32,-2
34672,5.15,P,21,0,208,0,1,67,40,2,T,29,4,384,0,23,95,49,2,0,8,4,176,0,22,28,9,0
34673,4.03,P,24,1,372,0,42,106,78,2,P,22,0,144,0,231,218,70,4,0,-2,-1,-228,0,189,112,-8,2
34674,6.57,T,54,0,482,0,0,87,77,0,Z,25,0,608,0,7,26,101,2,0,-29,0,126,0,7,-61,24,2
34675,8.08,T,80,2,290,0,306,190,93,13,Z,48,5,296,0,190,152,161,2,1,-32,3,6,0,-116,-38,68,-11
34676,8.1,T,76,5,209,0,142,135,133,7,P,48,3,246,0,29,137,51,0,0,-28,-2,37,0,-113,2,-82,-7
34677,9.59,Z,63,0,344,0,37,99,259,5,P,60,4,595,0,272,213,218,1,0,-3,4,251,0,235,114,-41,-4
34678,6.01,T,42,6,421,0,75,67,67,1,P,31,1,291,0,14,84,75,6,1,-11,-5,-130,0,-61,17,8,5
34679,6.09,P,28,3,92,0,16,204,29,0,Z,36,0,222,0,323,88,358,6,1,8,-3,130,0,307,-116,329,6
34680,10.11,Z,62,8,603,0,44,67,150,0,P,49,8,681,0,21,103,79,1,0,-13,0,78,0,-23,36,-71,1
34681,6.49,Z,40,1,519,0,164,123,262,5,P,30,0,371,0,9,124,95,4,0,-10,-1,-148,0,-155,1,-167,-1
34682,4.46,Z,26,0,117,10,44,125,94,0,T,17,0,95,0,11,66,34,3,0,-9,0,-22,-10,-33,-59,-60,3
34683,9.57,T,79,9,771,0,122,248,129,9,P,81,7,367,0,225,246,178,2,1,2,-2,-404,0,103,-2,49,-7
34684,9.31,Z,65,15,419,2,384,283,358,8,Z,82,10,462,0,800,337,326,9,1,17,-5,43,-2,416,54,-32,1
34685,4.49,T,15,0,262,0,211,89,59,1,P,20,0,203,0,0,73,33,0,0,5,0,-59,0,-211,-16,-26,-1
34686,9.59,T,84,5,797,0,13,167,123,5,Z,52,10,675,0,65,176,164,2,0,-32,5,-122,0,52,9,41,-3
34687,10.53,P,67,0,550,0,51,215,69,10,Z,55,4,410,0,56,186,216,0,1,-12,4,-140,0,5,-29,147,-10
34688,3.46,P,21,3,160,0,67,75,50,9,P,18,1,163,2,2,43,27,0,0,-3,-2,3,2,-65,-32,-23,-9
34689,10.21,T,95,4,751,0,227,229,167,9,T,91,0,519,0,35,171,187,15,1,-4,-4,-232,0,-192,-58,20,6
34690,9.59,Z,73,0,346,0,186,139,378,5,Z,78,3,368,0,193,225,414,3,1,5,3,22,0,7,86,36,-2
34691,9.59,Z,53,0,401,2,660,207,174,2,Z,53,5,702,0,17,42,158,1,0,0,5,301,-2,-643,-165,-16,-1
34692,6.04,Z,24,0,306,6,58,314,162,2,T,50,0,196,0,281,245,190,8,1,26,0,-110,-6,223,-69,28,6
34693,9.59,Z,71,7,809,0,1024,229,270,8,T,137,2,464,0,117,303,177,11,0,66,-5,-345,0,-907,74,-93,3
34694,1.18,Z,4,0,35,0,10,8,16,0,P,5,0,85,0,107,36,30,10,1,1,0,50,0,97,28,14,10
34695,8.57,Z,51,4,227,0,59,130,188,0,T,69,4,476,0,15,285,225,3,0,18,0,249,0,-44,155,37,3
34696,8.55,Z,71,15,529,0,240,214,246,0,P,61,0,736,0,33,281,80,6,0,-10,-15,207,0,-207,67,-166,6
34697,7.15,T,25,0,235,0,0,14,26,0,T,27,0,293,0,0,41,51,0,0,2,0,58,0,0,27,25,0
34698,6.59,P,48,0,330,0,140,107,92,4,P,47,0,323,0,31,187,67,15,1,-1,0,-7,0,-109,80,-25,11
34699,6.52,T,48,0,402,0,25,111,72,5,T,49,0,327,0,243,58,61,4,1,1,0,-75,0,218,-53,-11,-1
34700,7.51,Z,34,0,249,0,49,108,119,4,T,51,0,456,0,74,216,103,7,1,17,0,207,0,25,108,-16,3
34701,8.06,Z,36,3,495,0,4,70,97,11,T,61,0,858,0,51,113,86,11,1,25,-3,363,0,47,43,-11,0
34702,9.59,Z,76,0,572,26,118,329,289,2,Z,87,6,322,0,220,156,298,1,1,11,6,-250,-26,102,-173,9,-1
34703,10.06,T,93,0,575,0,579,273,127,11,T,97,5,432,0,541,205,164,16,0,4,5,-143,0,-38,-68,37,5
34704,9.06,P,51,6,346,0,547,187,67,2,Z,46,2,213,0,105,102,251,1,0,-5,-4,-133,0,-442,-85,184,-1
34705,6.22,P,34,2,317,0,383,169,216,3,P,27,0,345,0,2,127,54,1,0,-7,-2,28,0,-381,-42,-162,-2
34706,4.5,Z,27,4,208,0,286,96,152,7,Z,24,0,302,11,175,64,151,0,1,-3,-4,94,11,-111,-32,-1,-7
34707,2.57,T,21,1,108,0,174,38,62,2,Z,11,0,52,0,12,43,72,1,0,-10,-1,-56,0,-162,5,10,-1
34708,1.57,P,7,0,147,5,119,35,18,0,T,5,0,121,0,24,16,8,4,0,-2,0,-26,-5,-95,-19,-10,4
34709,9.59,P,84,2,398,0,106,233,136,8,T,90,7,445,0,335,207,184,12,1,6,5,47,0,229,-26,48,4
34710,2.55,Z,12,1,128,0,11,28,42,3,Z,15,1,85,0,9,8,28,0,1,3,0,-43,0,-2,-20,-14,-3
34711,9.58,T,61,0,626,0,21,161,100,6,T,59,4,509,0,41,133,93,0,0,-2,4,-117,0,20,-28,-7,-6
34712,3.21,T,12,0,307,0,0,62,25,0,T,14,0,78,0,202,20,60,8,1,2,0,-229,0,202,-42,35,8
34713,7.25,P,32,0,217,0,0,119,54,0,T,55,4,242,0,230,244,229,8,1,23,4,25,0,230,125,175,8
34714,9.58,P,107,0,431,0,442,335,136,14,T,65,2,483,0,121,276,121,2,0,-42,2,52,0,-321,-59,-15,-12
34715,7.08,T,43,0,290,0,6,303,50,4,P,28,0,400,0,0,107,45,0,0,-15,0,110,0,-6,-196,-5,-4
34716,9.58,Z,77,5,1101,0,95,205,272,4,T,141,4,412,0,744,274,136,11,1,64,-1,-689,0,649,69,-136,7
34717,6.47,P,23,0,431,0,2,36,45,1,T,38,3,417,0,8,119,48,0,0,15,3,-14,0,6,83,3,-1
34718,5.03,Z,22,0,178,0,382,78,76,5,T,28,0,292,0,38,92,45,4,1,6,0,114,0,-344,14,-31,-1
34719,8.01,Z,54,0,630,0,204,174,142,2,Z,58,0,475,0,33,189,196,1,0,4,0,-155,0,-171,15,54,-1
34720,9.59,T,165,4,461,0,544,341,264,11,P,96,0,526,0,465,334,97,18,0,-69,-4,65,0,-79,-7,-167,7
34721,4.38,T,28,3,288,0,40,100,65,3,T,26,1,176,0,26,55,47,3,0,-2,-2,-112,0,-14,-45,-18,0
34722,9.59,Z,91,18,444,0,107,125,288,8,Z,76,11,366,0,143,205,346,0,0,-15,-7,-78,0,36,80,58,-8
34723,6.58,P,49,1,725,0,259,167,69,5,Z,39,6,370,0,114,211,209,3,0,-10,5,-355,0,-145,44,140,-2
34724,3.21,Z,14,4,60,0,101,29,115,0,Z,14,1,57,0,7,10,42,1,0,0,-3,-3,0,-94,-19,-73,1
34725,9.59,T,160,0,502,0,754,418,231,20,Z,110,0,509,0,338,210,483,6,0,-50,0,7,0,-416,-208,252,-14
34726,10.08,T,114,4,330,5,78,216,165,7,Z,74,10,394,0,143,111,191,1,0,-40,6,64,-5,65,-105,26,-6
34727,5.59,P,42,0,263,0,166,215,99,6,Z,20,0,254,0,0,43,90,1,0,-22,0,-9,0,-166,-172,-9,-5
34728,9.58,Z,36,0,435,0,18,108,154,0,T,74,3,738,0,661,306,162,13,1,38,3,303,0,643,198,8,13
34729,4.56,Z,22,0,359,0,29,48,77,5,P,33,3,321,0,45,179,87,1,1,11,3,-38,0,16,131,10,-4
34730,4.18,T,19,0,241,0,1,30,42,1,P,19,0,330,0,0,116,30,0,0,0,0,89,0,-1,86,-12,-1
34731,7.52,T,56,4,467,0,28,110,79,0,Z,37,4,441,0,40,134,133,0,0,-19,0,-26,0,12,24,54,0
34732,0.34,T,3,0,39,0,2,16,3,5,T,2,0,56,0,0,4,1,0,1,-1,0,17,0,-2,-12,-2,-5
34733,7.02,T,48,2,474,0,120,281,60,15,T,46,0,385,0,21,201,55,11,0,-2,-2,-89,0,-99,-80,-5,-4
34734,7.34,Z,41,5,503,0,47,104,116,1,Z,44,4,354,0,25,122,141,4,0,3,-1,-149,0,-22,18,25,3
34735,9.59,Z,79,2,360,0,40,150,316,2,P,77,0,551,0,233,163,89,4,0,-2,-2,191,0,193,13,-227,2
34736,9.56,T,67,8,522,0,13,68,92,10,P,62,20,351,0,48,120,69,1,1,-5,12,-171,0,35,52,-23,-9
34737,2.2,Z,10,0,103,0,169,53,49,4,Z,9,1,13,0,2,45,34,0,1,-1,1,-90,0,-167,-8,-15,-4
34738,8.28,P,53,1,380,0,53,265,85,7,T,86,11,581,0,86,250,126,11,1,33,10,201,0,33,-15,41,4
34739,2.5,P,12,0,95,0,0,31,28,0,T,8,0,160,0,106,42,44,4,0,-4,0,65,0,106,11,16,4
34740,6.59,P,31,0,565,3,15,38,48,0,Z,26,2,217,0,32,24,78,0,1,-5,2,-348,-3,17,-14,30,0
34741,8.04,T,83,1,558,0,150,315,102,11,Z,50,0,640,0,51,161,215,5,0,-33,-1,82,0,-99,-154,113,-6
34742,4.25,T,34,0,234,0,42,114,28,6,Z,29,2,173,0,188,105,102,2,0,-5,2,-61,0,146,-9,74,-4
34743,9.15,T,58,0,379,0,8,71,71,9,Z,49,4,322,0,34,128,124,0,0,-9,4,-57,0,26,57,53,-9
34744,1.46,P,8,0,111,0,178,49,27,5,Z,4,0,143,0,134,57,81,4,0,-4,0,32,0,-44,8,54,-1
34745,3.15,T,7,4,131,0,33,50,20,0,P,9,0,62,0,0,12,9,1,0,2,-4,-69,0,-33,-38,-11,1
34746,5.55,T,68,0,426,0,32,187,56,3,P,49,0,223,0,194,212,42,19,1,-19,0,-203,0,162,25,-14,16
34747,7.34,T,46,0,466,0,19,168,82,10,T,38,0,696,0,205,125,119,7,1,-8,0,230,0,186,-43,37,-3
34748,9.57,T,62,4,935,0,8,184,109,0,Z,42,0,200,0,9,253,170,1,0,-20,-4,-735,0,1,69,61,1
34749,9.59,P,70,0,656,0,130,334,324,9,Z,80,2,275,0,98,173,186,0,1,10,2,-381,0,-32,-161,-138,-9
34750,7.38,T,62,1,274,0,190,120,123,9,P,47,2,283,0,302,195,122,18,1,-15,1,9,0,112,75,-1,9
34751,9.1,Z,57,0,622,10,92,189,222,1,P,40,0,487,0,6,132,83,7,1,-17,0,-135,-10,-86,-57,-139,6
34752,5.32,T,45,10,206,0,315,150,81,7,T,39,7,253,0,286,119,59,1,0,-6,-3,47,0,-29,-31,-22,-6
34753,8.21,P,47,4,360,0,44,64,34,5,P,19,1,349,0,6,17,36,0,1,-28,-3,-11,0,-38,-47,2,-5
34754,9.59,P,98,5,670,0,933,336,180,10,Z,88,0,549,19,556,278,343,3,0,-10,-5,-121,19,-377,-58,163,-7
34755,5.2,T,39,2,409,0,28,137,49,3,Z,29,0,306,0,20,138,70,5,1,-10,-2,-103,0,-8,1,21,2
34756,5.55,P,6,0,495,1,0,30,28,0,P,24,0,242,0,23,52,20,2,1,18,0,-253,-1,23,22,-8,2
34757,1.12,P,4,0,86,0,0,10,5,1,Z,3,2,84,0,0,11,20,0,0,-1,2,-2,0,0,1,15,-1
34758,9.59,T,78,2,510,0,491,145,192,9,Z,53,3,478,0,82,140,221,0,1,-25,1,-32,0,-409,-5,29,-9
34759,1.37,P,3,0,147,0,0,23,11,0,Z,5,0,55,0,1,17,42,1,0,2,0,-92,0,1,-6,31,1
34760,4,T,15,0,128,0,25,67,26,5,T,16,0,326,0,0,41,32,0,1,1,0,198,0,-25,-26,6,-5
34761,9.59,T,60,6,500,0,40,172,101,2,T,59,0,674,0,9,124,113,2,0,-1,-6,174,0,-31,-48,12,0
34762,7.15,P,45,1,520,0,18,205,54,0,P,37,5,321,0,8,138,93,0,1,-8,4,-199,0,-10,-67,39,0
34763,4.16,P,27,0,201,0,5,66,27,2,T,20,0,236,0,2,34,37,2,0,-7,0,35,0,-3,-32,10,0
34764,8.33,T,66,0,571,17,478,110,159,3,P,67,0,778,0,34,223,221,5,1,1,0,207,-17,-444,113,62,2
34765,9.59,P,53,0,547,0,0,163,115,1,T,33,0,519,0,0,26,66,2,0,-20,0,-28,0,0,-137,-49,1
34766,9.24,T,124,0,745,0,589,299,209,13,Z,58,0,562,0,72,265,294,8,0,-66,0,-183,0,-517,-34,85,-5
34767,6.44,P,28,0,248,0,9,77,48,3,Z,39,1,475,0,58,41,88,5,0,11,1,227,0,49,-36,40,2
34768,6.37,P,32,0,307,0,22,188,96,3,T,67,0,284,16,378,224,208,5,1,35,0,-23,16,356,36,112,2
34769,8.16,T,81,0,484,0,734,240,165,19,Z,50,2,339,0,83,303,230,6,0,-31,2,-145,0,-651,63,65,-13
34770,6.12,Z,17,0,680,0,0,126,107,0,P,12,0,172,0,0,23,16,0,1,-5,0,-508,0,0,-103,-91,0
34771,9.59,T,102,0,702,0,118,135,135,9,Z,118,1,471,0,238,184,318,16,0,16,1,-231,0,120,49,183,7
34772,9.59,T,31,0,829,0,5,81,83,8,T,89,10,615,0,49,112,107,7,1,58,10,-214,0,44,31,24,-1
34773,5.31,T,45,3,287,0,309,144,140,0,P,61,1,354,0,149,142,95,11,1,16,-2,67,0,-160,-2,-45,11
34774,9.59,P,57,0,254,5,19,80,80,2,Z,61,0,246,0,34,101,162,14,0,4,0,-8,-5,15,21,82,12
34775,3.24,Z,9,0,74,3,23,13,40,0,Z,15,0,50,0,157,60,71,10,1,6,0,-24,-3,134,47,31,10
34776,3.4,P,13,0,190,0,116,82,32,1,Z,14,0,283,0,0,24,64,0,0,1,0,93,0,-116,-58,32,-1
34777,9.59,T,101,0,627,0,161,195,149,10,Z,98,16,479,0,594,289,514,5,0,-3,16,-148,0,433,94,365,-5
34778,9.03,Z,71,1,397,0,60,197,264,2,P,46,3,690,0,24,121,75,1,0,-25,2,293,0,-36,-76,-189,-1
34779,9.59,T,74,0,293,0,57,155,91,7,T,51,0,364,0,2,75,79,2,0,-23,0,71,0,-55,-80,-12,-5
34780,10.56,Z,85,9,530,2,181,195,357,5,Z,96,1,626,0,69,259,272,24,1,11,-8,96,-2,-112,64,-85,19
34781,7.13,P,40,0,557,0,8,99,77,4,Z,28,0,445,0,1,51,141,1,1,-12,0,-112,0,-7,-48,64,-3
34782,8.17,P,49,8,449,0,184,157,89,3,T,40,1,735,0,6,21,54,0,0,-9,-7,286,0,-178,-136,-35,-3
34783,8.26,Z,45,0,360,0,49,99,154,4,P,54,0,475,0,20,192,75,3,0,9,0,115,0,-29,93,-79,-1
34784,9.59,T,52,0,623,0,3,94,84,1,Z,30,0,517,0,1,74,128,1,0,-22,0,-106,0,-2,-20,44,0
34785,10.05,T,80,0,480,11,170,141,135,0,P,70,9,907,0,71,243,109,2,1,-10,9,427,-11,-99,102,-26,2
34786,6.14,T,24,0,577,0,0,53,81,0,T,49,0,259,0,64,128,199,6,1,25,0,-318,0,64,75,118,6
34787,1.35,P,7,1,60,0,2,27,12,0,P,4,0,13,0,146,13,31,2,0,-3,-1,-47,0,144,-14,19,2
34788,6.57,T,28,0,611,0,1,70,53,0,Z,25,0,300,0,0,25,91,0,1,-3,0,-311,0,-1,-45,38,0
34789,9.3,T,74,0,969,0,163,47,78,3,Z,66,11,343,0,125,136,274,0,0,-8,11,-626,0,-38,89,196,-3
34790,9.59,T,84,0,1020,0,18,190,133,4,Z,56,0,513,0,6,185,214,5,1,-28,0,-507,0,-12,-5,81,1
34791,8.11,T,55,0,501,0,41,328,93,4,T,74,9,376,26,417,202,160,1,1,19,9,-125,26,376,-126,67,-3
34792,8.51,Z,55,0,716,0,35,174,196,2,P,37,0,359,0,830,111,74,4,0,-18,0,-357,0,795,-63,-122,2
34793,9.59,P,35,0,639,0,32,211,72,8,Z,55,4,458,0,46,257,288,1,1,20,4,-181,0,14,46,216,-7
34794,5.37,Z,21,3,159,0,21,59,57,0,P,23,0,286,0,1,32,34,2,1,2,-3,127,0,-20,-27,-23,2
34795,7.21,P,43,0,514,0,336,243,74,10,Z,30,7,519,0,25,75,104,0,0,-13,7,5,0,-311,-168,30,-10
34796,9.17,P,52,5,514,0,39,68,42,4,Z,68,6,402,0,173,130,199,0,0,16,1,-112,0,134,62,157,-4
34797,6.47,T,54,0,549,0,319,118,142,9,T,42,7,654,0,47,125,44,0,0,-12,7,105,0,-272,7,-98,-9
34798,8.31,Z,45,4,251,0,555,74,216,0,T,41,8,422,0,18,91,93,1,0,-4,4,171,0,-537,17,-123,1
34799,10.19,Z,82,8,405,0,216,491,517,0,Z,88,5,540,0,321,219,300,7,1,6,-3,135,0,105,-272,-217,7
34800,8.36,T,98,0,495,0,402,234,99,15,Z,76,5,873,0,272,327,296,8,0,-22,5,378,0,-130,93,197,-7
34801,8.42,P,53,0,390,0,47,133,49,6,T,123,2,549,0,178,370,104,11,0,70,2,159,0,131,237,55,5
34802,0.15,Z,0,0,8,0,7,3,17,1,P,2,0,2,0,0,15,1,0,0,2,0,-6,0,-7,12,-16,-1
34803,9.59,P,48,0,608,0,12,236,164,4,T,59,0,579,0,19,146,107,5,0,11,0,-29,0,7,-90,-57,1
34804,10.27,Z,61,10,1017,0,65,266,166,0,Z,72,20,409,8,214,293,297,13,1,11,10,-608,8,149,27,131,13
34805,6.18,P,42,3,160,0,28,121,41,6,T,38,1,197,0,73,76,45,2,1,-4,-2,37,0,45,-45,4,-4
34806,9.59,P,80,6,425,0,130,314,166,11,T,103,7,449,3,311,153,166,4,1,23,1,24,3,181,-161,0,-7
34807,4.12,Z,17,1,198,0,81,150,237,7,P,18,2,185,0,21,234,47,1,0,1,1,-13,0,-60,84,-190,-6
34808,5.12,T,23,0,246,0,83,71,25,4,T,12,0,212,0,0,11,19,0,0,-11,0,-34,0,-83,-60,-6,-4
34809,5.43,P,19,0,103,0,0,46,31,0,P,26,0,293,0,12,114,52,4,1,7,0,190,0,12,68,21,4
34810,8.33,Z,48,0,317,0,93,195,216,2,T,102,6,383,0,438,293,115,3,1,54,6,66,0,345,98,-101,1
34811,5.05,T,40,0,296,0,188,198,90,7,Z,33,0,134,0,176,143,125,5,1,-7,0,-162,0,-12,-55,35,-2
34812,7.02,P,31,4,396,0,380,79,31,2,T,44,0,388,0,12,207,89,7,0,13,-4,-8,0,-368,128,58,5
34813,9.59,Z,55,0,373,0,32,139,245,5,P,53,0,391,0,240,381,121,14,0,-2,0,18,0,208,242,-124,9
34814,9.58,Z,67,11,268,1,75,114,222,3,Z,58,0,315,0,138,77,245,4,0,-9,-11,47,-1,63,-37,23,1
34815,9.59,P,40,0,685,0,19,271,108,11,Z,41,0,227,0,7,63,191,3,0,1,0,-458,0,-12,-208,83,-8
34816,7.43,P,30,0,641,0,0,66,61,1,Z,26,0,102,0,6,19,77,2,1,-4,0,-539,0,6,-47,16,1
34817,8.45,Z,66,0,412,0,48,170,174,3,Z,44,0,286,0,80,172,189,15,1,-22,0,-126,0,32,2,15,12
34818,6.07,Z,42,0,136,0,62,75,124,2,Z,35,3,529,0,530,247,294,1,1,-7,3,393,0,468,172,170,-1
34819,9.06,P,55,8,459,0,308,152,103,3,P,65,3,386,0,55,208,154,8,1,10,-5,-73,0,-253,56,51,5
34820,1.02,T,7,0,30,0,11,27,37,1,Z,8,0,22,0,0,23,22,1,0,1,0,-8,0,-11,-4,-15,0
34821,3.45,Z,15,2,243,0,10,26,106,3,P,17,0,167,6,86,122,110,2,0,2,-2,-76,6,76,96,4,-1
34822,7.01,T,36,1,379,0,28,135,87,4,P,26,0,370,0,7,41,32,2,0,-10,-1,-9,0,-21,-94,-55,-2
34823,9.1,P,26,6,734,0,81,165,57,1,T,51,4,431,0,3,83,94,0,0,25,-2,-303,0,-78,-82,37,-1
34824,9.21,Z,64,4,260,0,47,83,173,0,Z,49,0,500,0,65,144,172,4,0,-15,-4,240,0,18,61,-1,4
34825,9.59,P,44,0,342,0,0,121,226,0,P,51,0,408,0,93,217,504,10,1,7,0,66,0,93,96,278,10
34826,9.59,T,104,0,752,0,820,564,82,10,T,94,2,428,5,207,468,207,5,0,-10,2,-324,5,-613,-96,125,-5
34827,8.49,Z,53,8,506,0,34,120,239,1,T,54,4,434,1,383,202,123,0,1,1,-4,-72,1,349,82,-116,-1
34828,9.59,T,55,0,401,0,1,183,126,3,P,39,0,278,0,0,48,58,1,1,-16,0,-123,0,-1,-135,-68,-2
34829,7.31,Z,45,0,33,0,20,38,107,3,P,47,0,402,11,101,181,116,0,1,2,0,369,11,81,143,9,-3
34830,9.59,T,129,7,399,0,24,454,156,4,Z,97,0,543,0,110,441,292,3,1,-32,-7,144,0,86,-13,136,-1
34831,9.59,Z,51,3,285,1,22,119,151,0,P,51,1,787,0,52,245,93,5,1,0,-2,502,-1,30,126,-58,5
34832,10.31,P,121,7,622,0,375,326,138,28,P,142,10,564,0,333,411,174,16,0,21,3,-58,0,-42,85,36,-12
34833,0.12,Z,0,0,7,0,0,9,5,0,Z,2,0,17,0,2,3,5,2,1,2,0,10,0,2,-6,0,2
34834,3.48,T,17,0,334,0,182,51,48,6,T,14,0,319,0,403,56,57,4,0,-3,0,-15,0,221,5,9,-2
34835,4.29,T,32,0,133,0,512,155,45,11,T,41,1,372,0,131,135,90,8,0,9,1,239,0,-381,-20,45,-3
34836,3.53,Z,11,0,126,0,12,32,50,1,T,24,11,116,0,449,39,24,2,0,13,11,-10,0,437,7,-26,1
34837,6.08,Z,33,2,260,0,29,183,116,6,T,52,0,331,0,46,99,51,3,1,19,-2,71,0,17,-84,-65,-3
34838,8.15,Z,57,6,321,0,465,146,320,6,T,52,0,472,0,20,83,107,11,0,-5,-6,151,0,-445,-63,-213,5
34839,4.38,Z,25,0,235,0,44,112,73,5,P,34,0,175,0,16,71,43,2,0,9,0,-60,0,-28,-41,-30,-3
34840,4.13,T,18,0,282,0,3,15,25,4,T,19,0,409,0,18,16,15,2,0,1,0,127,0,15,1,-10,-2
34841,8.28,Z,51,0,258,0,2,80,146,4,T,69,1,665,0,551,200,68,6,1,18,1,407,0,549,120,-78,2
34842,8.35,T,80,7,349,0,31,112,98,1,T,37,0,310,0,2,67,80,7,0,-43,-7,-39,0,-29,-45,-18,6
34843,1.15,T,5,0,38,0,3,5,4,1,Z,4,0,0,0,0,13,20,0,0,-1,0,-38,0,-3,8,16,-1
34844,9.16,Z,65,5,357,0,188,268,235,4,T,90,3,295,0,66,207,121,2,0,25,-2,-62,0,-122,-61,-114,-2
34845,5.47,P,25,0,281,0,3,209,53,4,Z,24,0,330,0,29,72,123,1,0,-1,0,49,0,26,-137,70,-3
34846,9.59,T,43,0,188,0,0,63,63,3,T,59,1,916,2,35,175,97,0,1,16,1,728,2,35,112,34,-3
34847,6.34,Z,36,5,226,0,79,184,120,1,T,28,0,389,0,0,181,113,3,0,-8,-5,163,0,-79,-3,-7,2
34848,2.01,T,6,2,59,0,126,57,21,4,T,6,1,65,0,25,14,55,0,0,0,-1,6,0,-101,-43,34,-4
34849,9.13,P,31,0,686,0,2,119,79,5,T,80,8,587,0,19,195,142,2,1,49,8,-99,0,17,76,63,-3
34850,10.48,Z,42,1,671,0,10,137,184,0,T,68,2,893,0,5,113,144,0,0,26,1,222,0,-5,-24,-40,0
34851,10.55,Z,50,2,706,0,19,106,243,2,T,59,0,652,0,12,68,88,8,0,9,-2,-54,0,-7,-38,-155,6
34852,9.59,Z,73,0,422,0,144,222,286,1,T,96,4,460,0,728,387,202,12,0,23,4,38,0,584,165,-84,11
34853,9.58,P,73,7,379,0,217,346,98,7,P,59,0,399,0,23,231,115,12,1,-14,-7,20,0,-194,-115,17,5
34854,7.34,P,57,0,431,0,215,156,59,7,P,60,1,442,0,350,166,92,18,1,3,1,11,0,135,10,33,11
34855,3.53,P,13,0,202,0,75,116,111,4,P,19,3,169,0,208,61,112,1,1,6,3,-33,0,133,-55,1,-3
34856,4.01,Z,14,0,308,0,246,59,47,2,Z,17,0,221,0,24,47,117,2,1,3,0,-87,0,-222,-12,70,0
34857,10.14,T,98,0,539,0,794,282,201,11,Z,112,0,683,0,184,216,291,19,1,14,0,144,0,-610,-66,90,8
34858,9.04,T,101,0,833,0,72,399,230,11,T,127,5,383,0,725,219,348,8,1,26,5,-450,0,653,-180,118,-3
34859,10.03,T,145,0,542,0,486,294,159,39,Z,117,0,585,39,752,233,517,2,1,-28,0,43,39,266,-61,358,-37
34860,2.08,T,14,0,216,0,2,8,13,4,T,11,0,116,0,7,22,11,1,0,-3,0,-100,0,5,14,-2,-3
34861,9.48,Z,48,0,458,0,32,163,282,6,T,81,10,683,0,297,182,110,4,1,33,10,225,0,265,19,-172,-2
34862,6.26,P,32,0,434,0,0,123,60,0,T,40,2,456,0,66,61,87,0,0,8,2,22,0,66,-62,27,0
34863,3.33,Z,15,0,55,0,59,51,97,2,Z,14,0,253,0,28,23,52,3,0,-1,0,198,0,-31,-28,-45,1
34864,9.59,Z,42,2,105,0,13,66,162,4,T,18,0,274,0,0,26,44,0,0,-24,-2,169,0,-13,-40,-118,-4
34865,6.07,T,33,0,320,0,4,63,63,4,T,43,1,298,0,9,83,57,9,0,10,1,-22,0,5,20,-6,5
34866,10.52,P,43,0,746,0,9,71,58,2,Z,70,9,590,0,192,312,288,16,1,27,9,-156,0,183,241,230,14
34867,9.59,T,109,0,707,0,505,385,166,10,P,31,0,977,0,0,181,80,0,0,-78,0,270,0,-505,-204,-86,-10
34868,10.58,Z,83,0,692,0,52,67,259,2,T,68,4,445,0,34,94,78,3,0,-15,4,-247,0,-18,27,-181,1
34869,8.17,T,56,0,796,0,43,163,111,6,T,53,0,651,0,0,196,143,1,1,-3,0,-145,0,-43,33,32,-5
34870,9.59,Z,97,0,334,0,106,236,438,7,T,122,0,550,0,347,364,126,12,1,25,0,216,0,241,128,-312,5
34871,9.59,T,116,4,280,0,669,132,130,4,Z,68,9,343,0,121,186,328,5,0,-48,5,63,0,-548,54,198,1
34872,6.28,Z,26,8,110,0,87,90,128,0,Z,26,2,356,0,5,219,163,0,1,0,-6,246,0,-82,129,35,0
34873,6.37,T,45,0,475,5,59,230,72,2,P,25,4,325,0,4,26,35,0,0,-20,4,-150,-5,-55,-204,-37,-2
34874,6.08,T,21,1,299,0,0,82,68,0,P,21,0,189,0,0,80,51,0,0,0,-1,-110,0,0,-2,-17,0
34875,9.58,Z,37,0,199,0,4,45,179,2,T,30,7,744,0,3,32,79,0,1,-7,7,545,0,-1,-13,-100,-2
34876,7.39,P,77,5,326,0,118,258,149,8,Z,67,1,415,0,217,182,262,9,0,-10,-4,89,0,99,-76,113,1
34877,7.24,T,73,5,462,0,328,248,120,5,T,71,0,322,0,282,281,153,15,1,-2,-5,-140,0,-46,33,33,10
34878,7.1,T,28,0,284,0,2,78,60,3,P,64,1,271,0,43,78,96,6,1,36,1,-13,0,41,0,36,3
34879,4.37,T,33,0,123,0,67,102,83,6,P,25,4,178,0,10,189,79,0,0,-8,4,55,0,-57,87,-4,-6
34880,5.35,T,48,0,365,0,180,193,216,15,T,71,0,232,0,338,149,105,9,1,23,0,-133,0,158,-44,-111,-6
34881,10.52,Z,66,9,556,2,40,91,183,7,T,88,0,649,0,175,362,125,7,1,22,-9,93,-2,135,271,-58,0
34882,9.59,P,72,6,617,0,184,303,84,5,Z,69,0,675,0,99,230,198,11,1,-3,-6,58,0,-85,-73,114,6
34883,9.58,Z,62,6,653,0,221,102,268,0,T,68,0,116,0,25,74,94,5,0,6,-6,-537,0,-196,-28,-174,5
34884,8.47,T,91,0,321,0,130,312,135,34,T,66,5,677,2,269,237,77,0,1,-25,5,356,2,139,-75,-58,-34
34885,8.15,Z,48,2,375,0,650,321,310,5,Z,48,10,415,0,72,213,194,1,0,0,8,40,0,-578,-108,-116,-4
34886,9.58,T,28,0,624,0,3,56,52,3,Z,56,10,572,0,138,217,228,2,1,28,10,-52,0,135,161,176,-1
34887,4.08,T,27,3,168,0,51,25,44,0,T,24,0,169,0,1,66,41,0,1,-3,-3,1,0,-50,41,-3,0
34888,5.52,T,29,0,369,0,0,68,80,1,Z,18,0,172,0,4,45,80,2,0,-11,0,-197,0,4,-23,0,1
34889,4.1,Z,21,1,208,0,6,17,67,0,Z,12,0,152,0,0,24,60,0,0,-9,-1,-56,0,-6,7,-7,0
34890,6.56,Z,50,0,410,0,103,154,330,11,T,70,3,400,0,373,147,79,7,1,20,3,-10,0,270,-7,-251,-4
34891,9.58,T,99,0,550,0,240,390,124,17,T,152,0,636,0,458,322,174,27,1,53,0,86,0,218,-68,50,10
34892,6.33,T,48,0,439,0,28,125,112,7,T,51,0,552,0,295,191,65,8,1,3,0,113,0,267,66,-47,1
34893,10.48,Z,69,0,1101,0,0,177,196,0,P,80,0,235,0,26,197,92,6,0,11,0,-866,0,26,20,-104,6
34894,9.59,T,116,5,698,0,459,247,166,8,P,68,0,491,0,36,334,98,8,0,-48,-5,-207,0,-423,87,-68,0
34895,9.58,T,63,2,464,0,9,79,105,4,T,40,0,983,0,2,77,69,1,1,-23,-2,519,0,-7,-2,-36,-3
34896,9.59,P,73,0,524,0,433,286,219,16,P,59,0,388,0,1025,173,76,12,0,-14,0,-136,0,592,-113,-143,-4
34897,9,Z,51,3,400,0,11,201,207,3,P,81,0,651,0,27,243,96,4,1,30,-3,251,0,16,42,-111,1
34898,4.31,Z,15,4,126,0,89,81,64,0,P,19,0,156,0,22,62,74,1,0,4,-4,30,0,-67,-19,10,1
34899,3.54,T,19,0,184,0,0,14,28,0,P,15,0,269,0,0,82,24,0,0,-4,0,85,0,0,68,-4,0
34900,9.28,Z,54,0,484,0,0,140,162,2,T,48,0,453,0,0,114,131,1,1,-6,0,-31,0,0,-26,-31,-1
34901,9.58,T,75,5,514,0,48,192,108,4,Z,48,0,240,0,543,178,684,2,0,-27,-5,-274,0,495,-14,576,-2
34902,8.16,P,96,5,506,0,422,343,191,7,Z,53,0,313,0,278,146,223,8,0,-43,-5,-193,0,-144,-197,32,1
34903,9.59,P,63,0,690,0,50,354,108,11,T,83,0,837,0,29,141,114,4,0,20,0,147,0,-21,-213,6,-7
34904,9.58,T,54,0,415,0,38,47,54,3,Z,82,1,320,0,86,269,286,7,0,28,1,-95,0,48,222,232,4
34905,3.56,P,19,0,197,0,45,129,18,7,P,18,1,131,0,12,66,53,2,0,-1,1,-66,0,-33,-63,35,-5
34906,9.59,T,91,8,428,0,627,139,127,6,P,88,9,450,0,194,290,221,9,0,-3,1,22,0,-433,151,94,3
34907,6.3,P,35,3,167,0,172,118,284,1,P,40,0,360,0,1,137,96,1,0,5,-3,193,0,-171,19,-188,0
34908,6.01,T,21,0,144,0,7,40,39,0,T,29,0,127,0,0,40,57,0,0,8,0,-17,0,-7,0,18,0
34909,5.21,T,32,1,262,0,275,98,73,11,T,34,2,136,0,749,126,56,6,1,2,1,-126,0,474,28,-17,-5
34910,9.57,Z,54,1,450,0,48,315,163,1,P,29,0,499,0,0,152,55,0,0,-25,-1,49,0,-48,-163,-108,-1
34911,10.59,P,74,0,660,0,205,334,96,16,Z,75,0,730,0,28,206,244,19,0,1,0,70,0,-177,-128,148,3
34912,4.38,P,20,1,319,0,27,154,22,3,Z,28,3,128,0,172,128,162,2,0,8,2,-191,0,145,-26,140,-1
34913,7.09,P,53,0,374,24,224,202,126,5,T,68,2,592,0,245,208,89,6,1,15,2,218,-24,21,6,-37,1
34914,7.25,Z,32,7,550,0,47,35,97,2,T,53,0,347,0,151,148,197,4,0,21,-7,-203,0,104,113,100,2
34915,4.38,P,19,0,423,0,0,69,30,0,P,20,0,424,0,0,101,56,0,1,1,0,1,0,0,32,26,0
34916,9.59,T,58,5,642,0,35,105,96,1,P,47,0,562,0,21,218,58,10,0,-11,-5,-80,0,-14,113,-38,9
34917,6.08,P,27,0,310,0,520,102,91,9,P,26,3,241,0,47,120,96,10,0,-1,3,-69,0,-473,18,5,1
34918,1.39,P,5,2,31,0,7,25,3,0,T,8,0,69,0,22,18,6,4,0,3,-2,38,0,15,-7,3,4
34919,9.37,Z,58,7,512,0,38,216,202,1,T,92,0,946,0,25,192,139,6,0,34,-7,434,0,-13,-24,-63,5
34920,3.48,T,16,0,142,0,0,38,39,4,Z,14,0,180,0,163,92,79,1,1,-2,0,38,0,163,54,40,-3
34921,9.59,T,96,0,589,0,531,315,199,20,T,98,5,629,0,527,287,267,18,0,2,5,40,0,-4,-28,68,-2
34922,10.02,T,96,0,237,0,810,176,178,34,Z,67,0,889,0,26,183,223,4,0,-29,0,652,0,-784,7,45,-30
34923,9.59,Z,51,0,653,0,96,45,172,3,T,49,1,1118,0,0,80,78,0,1,-2,1,465,0,-96,35,-94,-3
34924,9.47,T,89,3,472,0,26,246,93,5,P,48,3,649,0,11,164,91,0,0,-41,0,177,0,-15,-82,-2,-5
34925,9.59,P,67,2,783,0,32,116,93,6,Z,71,12,465,0,207,149,209,2,1,4,10,-318,0,175,33,116,-4
34926,2.51,Z,9,0,63,0,12,29,94,1,Z,10,0,38,0,34,13,99,2,0,1,0,-25,0,22,-16,5,1
34927,9.57,T,81,2,621,0,38,258,102,4,T,77,5,885,0,76,352,111,0,0,-4,3,264,0,38,94,9,-4
34928,2.3,P,7,0,204,0,2,29,17,2,P,7,0,94,0,41,34,59,3,1,0,0,-110,0,39,5,42,1
34929,10.33,T,101,0,709,0,18,140,336,5,T,100,0,776,0,487,222,218,6,0,-1,0,67,0,469,82,-118,1
34930,10.01,P,40,4,426,0,7,88,66,1,Z,45,0,495,0,0,170,144,0,1,5,-4,69,0,-7,82,78,-1
34931,9.59,Z,55,5,563,0,41,189,329,5,T,59,0,1062,0,939,134,142,6,0,4,-5,499,0,898,-55,-187,1
34932,3.05,P,10,0,81,0,5,23,9,3,Z,10,0,118,0,19,24,38,2,1,0,0,37,0,14,1,29,-1
34933,5.34,Z,55,4,361,0,479,124,213,5,P,22,0,359,0,117,128,102,4,0,-33,-4,-2,0,-362,4,-111,-1
34934,4.43,P,27,1,421,0,11,75,34,0,Z,14,1,213,0,254,79,62,3,0,-13,0,-208,0,243,4,28,3
34935,5.36,P,27,4,449,1,3,156,68,1,Z,20,2,291,0,26,48,80,0,1,-7,-2,-158,-1,23,-108,12,-1
34936,10.29,Z,44,8,705,0,287,221,404,5,T,68,6,724,0,188,238,94,5,1,24,-2,19,0,-99,17,-310,0
34937,9.56,T,28,4,571,0,25,7,18,4,T,41,3,469,0,1,45,61,0,1,13,-1,-102,0,-24,38,43,-4
34938,5.32,T,25,0,408,0,1,46,33,0,P,9,0,301,0,0,24,19,0,0,-16,0,-107,0,-1,-22,-14,0
34939,10.37,Z,55,0,834,0,15,213,224,3,Z,43,0,395,0,0,89,175,0,0,-12,0,-439,0,-15,-124,-49,-3
34940,7.33,Z,57,3,472,0,382,319,224,7,Z,60,0,259,18,242,222,224,4,0,3,-3,-213,18,-140,-97,0,-3
34941,7.26,T,98,3,342,0,394,242,143,19,P,78,6,372,0,604,182,110,3,0,-20,3,30,0,210,-60,-33,-16
34942,8.53,T,108,0,648,0,29,346,133,6,Z,61,11,523,4,75,439,319,0,1,-47,11,-125,4,46,93,186,-6
34943,5.31,T,35,3,124,0,1,46,56,0,T,29,1,175,2,7,41,63,0,1,-6,-2,51,2,6,-5,7,0
34944,9.59,T,160,0,479,0,421,419,197,18,T,101,4,389,35,164,219,236,2,1,-59,4,-90,35,-257,-200,39,-16
34945,10.35,P,147,11,454,0,879,477,263,8,T,106,15,337,0,537,326,149,14,0,-41,4,-117,0,-342,-151,-114,6
34946,9.59,P,98,0,383,0,42,124,162,9,T,97,3,608,0,53,165,88,8,0,-1,3,225,0,11,41,-74,-1
34947,9.47,Z,82,0,372,0,221,315,456,7,Z,88,19,653,0,230,306,356,9,0,6,19,281,0,9,-9,-100,2
34948,10.12,P,46,0,650,2,26,106,54,0,P,44,0,766,0,12,171,82,13,0,-2,0,116,-2,-14,65,28,13
34949,8.44,T,80,8,412,0,206,198,129,4,Z,44,0,679,0,90,230,170,8,0,-36,-8,267,0,-116,32,41,4
34950,9.56,Z,46,1,586,0,26,198,154,5,T,72,0,345,0,238,274,199,17,1,26,-1,-241,0,212,76,45,12
34951,9.09,Z,63,2,453,0,320,378,472,5,Z,47,5,307,0,300,199,181,2,1,-16,3,-146,0,-20,-179,-291,-3
34952,3.06,Z,15,0,166,0,186,40,77,2,P,9,4,137,0,136,82,24,4,1,-6,4,-29,0,-50,42,-53,2
34953,10.13,Z,45,0,718,0,0,221,144,0,P,43,3,602,0,19,97,56,0,0,-2,3,-116,0,19,-124,-88,0
34954,5.18,Z,34,1,233,0,194,113,86,4,P,29,3,248,0,33,201,64,0,1,-5,2,15,0,-161,88,-22,-4
34955,3.52,T,24,2,201,0,0,77,41,4,P,16,0,77,0,79,41,93,1,0,-8,-2,-124,0,79,-36,52,-3
34956,9.57,Z,43,0,314,0,0,54,146,0,T,57,0,839,0,17,85,91,8,1,14,0,525,0,17,31,-55,8
34957,2.53,Z,12,1,35,38,66,31,96,2,P,16,0,59,0,7,40,11,3,1,4,-1,24,-38,-59,9,-85,1
34958,2.59,T,20,0,235,0,62,50,19,3,Z,7,0,209,0,51,90,46,4,0,-13,0,-26,0,-11,40,27,1
34959,9.59,Z,59,0,575,0,61,166,270,5,T,87,6,623,0,87,193,107,4,1,28,6,48,0,26,27,-163,-1
34960,1.42,Z,8,0,42,0,14,30,57,7,Z,2,0,37,0,15,26,9,2,0,-6,0,-5,0,1,-4,-48,-5
34961,9.55,T,118,0,835,0,649,236,136,9,P,77,3,405,0,127,303,78,13,1,-41,3,-430,0,-522,67,-58,4
34962,9.59,Z,77,0,480,0,100,152,272,3,T,74,4,1254,0,277,169,137,0,0,-3,4,774,0,177,17,-135,-3
34963,4.14,P,21,0,143,0,96,134,60,8,P,16,0,110,0,16,57,20,5,0,-5,0,-33,0,-80,-77,-40,-3
34964,6.48,Z,42,5,138,0,52,342,128,1,P,50,0,233,0,300,208,110,11,1,8,-5,95,0,248,-134,-18,10
34965,9.59,T,62,1,688,0,78,186,285,1,Z,60,0,309,0,117,200,262,9,1,-2,-1,-379,0,39,14,-23,8
34966,9.59,T,126,0,1084,0,32,573,114,18,Z,38,0,538,0,21,56,143,1,0,-88,0,-546,0,-11,-517,29,-17
34967,6.38,Z,47,0,243,0,24,145,145,6,P,58,11,558,0,134,181,89,4,1,11,11,315,0,110,36,-56,-2
34968,7.18,P,50,4,272,0,442,170,118,9,T,70,2,411,0,257,258,72,9,1,20,-2,139,0,-185,88,-46,0
34969,2.06,T,12,0,60,0,0,52,54,1,Z,8,0,58,0,119,54,58,2,0,-4,0,-2,0,119,2,4,1
34970,10.16,P,62,0,503,0,15,277,96,7,T,68,3,354,0,176,279,194,7,0,6,3,-149,0,161,2,98,0
34971,9.59,P,81,0,528,0,238,349,201,7,Z,61,0,526,0,42,283,208,4,0,-20,0,-2,0,-196,-66,7,-3
34972,4.52,P,21,0,246,0,274,49,26,6,T,26,0,434,0,18,57,94,2,0,5,0,188,0,-256,8,68,-4
34973,7.4,P,67,4,507,3,327,226,123,8,T,94,0,304,0,486,170,96,19,1,27,-4,-203,-3,159,-56,-27,11
34974,9.59,P,68,0,646,0,64,174,157,7,Z,62,5,467,0,77,182,168,5,0,-6,5,-179,0,13,8,11,-2
34975,9.58,T,90,2,528,0,13,114,150,4,T,71,0,569,0,229,318,121,6,0,-19,-2,41,0,216,204,-29,2
34976,9.29,Z,75,2,401,0,161,247,265,7,T,75,0,979,0,24,232,143,6,1,0,-2,578,0,-137,-15,-122,-1
34977,7.32,Z,54,5,563,0,73,190,169,12,Z,38,0,544,0,61,201,159,5,0,-16,-5,-19,0,-12,11,-10,-7
34978,9.59,Z,58,5,458,0,68,94,219,2,T,87,0,527,0,21,136,123,8,1,29,-5,69,0,-47,42,-96,6
34979,9.59,P,59,0,800,0,9,258,106,15,T,79,0,993,0,127,143,122,9,0,20,0,193,0,118,-115,16,-6
34980,9.59,T,96,3,882,0,314,354,148,2,P,89,17,531,0,1333,219,145,7,1,-7,14,-351,0,1019,-135,-3,5
34981,4.36,Z,19,0,211,0,12,37,45,3,Z,22,0,133,0,131,134,186,3,0,3,0,-78,0,119,97,141,0
34982,9.43,Z,76,13,468,0,82,231,302,3,P,72,0,570,10,127,199,107,1,1,-4,-13,102,10,45,-32,-195,-2
34983,9.59,T,54,0,462,0,13,138,97,5,P,48,0,863,0,8,101,78,1,1,-6,0,401,0,-5,-37,-19,-4
34984,7.51,P,58,0,507,0,21,260,75,4,Z,39,1,277,0,13,114,211,1,1,-19,1,-230,0,-8,-146,136,-3
34985,9.58,Z,36,0,509,0,0,25,115,0,P,34,0,992,0,0,84,84,0,1,-2,0,483,0,0,59,-31,0
34986,6.32,Z,59,5,472,0,31,198,173,5,P,43,0,346,0,30,234,68,2,0,-16,-5,-126,0,-1,36,-105,-3
34987,9.59,Z,62,16,590,0,503,123,216,0,T,90,0,565,0,20,273,127,1,0,28,-16,-25,0,-483,150,-89,1
34988,10.09,P,54,5,653,0,36,255,62,0,P,52,1,671,0,31,433,60,5,0,-2,-4,18,0,-5,178,-2,5
34989,7.43,Z,23,0,287,0,1,32,101,2,T,56,1,385,0,57,85,72,9,1,33,1,98,0,56,53,-29,7
34990,6.56,P,41,0,280,0,322,174,56,6,Z,58,1,498,0,347,276,301,4,1,17,1,218,0,25,102,245,-2
34991,9.58,T,59,0,439,0,12,213,111,4,P,61,0,490,0,263,290,146,6,1,2,0,51,0,251,77,35,2
34992,8.28,T,48,0,535,0,9,48,77,8,P,30,0,566,0,12,29,43,3,0,-18,0,31,0,3,-19,-34,-5
34993,5.18,Z,17,0,124,0,14,53,82,3,Z,18,2,156,0,13,20,44,0,1,1,2,32,0,-1,-33,-38,-3
34994,6.31,P,29,0,254,0,7,151,148,1,P,20,0,430,0,0,58,24,0,0,-9,0,176,0,-7,-93,-124,-1
34995,1.16,P,0,0,21,0,0,4,2,1,T,5,0,71,0,0,6,4,1,1,5,0,50,0,0,2,2,0
34996,4.35,T,45,0,149,0,351,175,111,17,T,37,0,132,0,457,75,110,9,0,-8,0,-17,0,106,-100,-1,-8
34997,7.02,T,54,0,487,0,19,156,144,5,P,53,5,249,0,144,158,52,2,1,-1,5,-238,0,125,2,-92,-3
34998,9.59,Z,72,2,553,0,215,234,345,11,T,85,0,830,0,51,184,164,13,0,13,-2,277,0,-164,-50,-181,2
34999,7.09,T,104,2,455,0,264,323,117,4,T,64,0,138,0,24,217,179,7,0,-40,-2,-317,0,-240,-106,62,3
35000,10.45,P,60,0,1034,0,497,210,113,9,P,67,0,875,0,11,306,172,1,1,7,0,-159,0,-486,96,59,-8
35001,6.51,P,36,0,266,0,0,33,36,0,T,36,0,118,0,31,41,55,6,1,0,0,-148,0,31,8,19,6
35002,5.14,Z,31,5,182,0,566,99,139,23,T,46,0,226,0,351,118,77,7,0,15,-5,44,0,-215,19,-62,-16
35003,9.58,P,58,2,413,0,13,237,105,1,P,85,0,476,0,64,512,125,6,1,27,-2,63,0,51,275,20,5
35004,5.4,Z,31,1,150,0,96,118,92,13,T,40,0,429,0,239,155,108,6,0,9,-1,279,0,143,37,16,-7
35005,4.4,T,32,0,302,0,179,76,100,4,Z,25,0,162,12,238,98,103,0,1,-7,0,-140,12,59,22,3,-4
35006,5.02,P,27,0,173,0,8,121,42,1,Z,25,0,331,0,1,70,91,1,0,-2,0,158,0,-7,-51,49,0
35007,9.59,P,60,4,579,0,18,267,148,2,T,76,7,567,0,74,105,71,5,1,16,3,-12,0,56,-162,-77,3
35008,9.59,Z,56,4,563,0,49,211,175,4,T,64,1,593,0,2,142,104,3,1,8,-3,30,0,-47,-69,-71,-1
35009,9.59,T,57,0,743,0,27,126,102,4,P,62,2,756,0,171,228,169,3,0,5,2,13,0,144,102,67,-1
35010,9.58,Z,62,3,672,0,38,176,190,0,T,104,0,565,0,64,374,281,11,1,42,-3,-107,0,26,198,91,11
35011,7.43,T,41,5,376,0,0,122,85,0,Z,45,3,219,0,13,70,142,2,1,4,-2,-157,0,13,-52,57,2
35012,4.29,Z,23,0,273,0,95,60,54,3,P,25,1,212,0,68,96,59,4,1,2,1,-61,0,-27,36,5,1
35013,1.05,P,4,1,22,0,0,11,4,0,T,4,0,69,0,0,2,2,0,0,0,-1,47,0,0,-9,-2,0
35014,9.03,Z,42,0,478,0,0,133,175,2,T,61,3,564,0,229,224,172,11,1,19,3,86,0,229,91,-3,9
35015,7.28,Z,34,2,319,0,16,53,78,0,T,57,0,302,0,308,151,58,13,1,23,-2,-17,0,292,98,-20,13
35016,9.59,T,130,4,378,0,710,396,193,3,Z,78,1,591,0,118,305,288,5,1,-52,-3,213,0,-592,-91,95,2
35017,6.47,Z,38,2,208,0,328,143,156,2,Z,41,0,167,17,315,252,181,1,0,3,-2,-41,17,-13,109,25,-1
35018,1.54,Z,8,2,137,0,5,54,23,0,T,6,0,93,0,4,70,24,1,0,-2,-2,-44,0,-1,16,1,1
35019,1.35,P,7,2,68,0,73,42,9,1,P,6,0,69,0,11,38,9,2,0,-1,-2,1,0,-62,-4,0,1
35020,7.18,P,55,4,500,0,152,249,128,4,Z,64,0,412,0,96,247,167,18,1,9,-4,-88,0,-56,-2,39,14
35021,9.59,T,100,0,512,0,423,194,261,12,P,70,0,920,0,92,214,160,2,1,-30,0,408,0,-331,20,-101,-10
35022,5.3,T,29,2,266,0,38,31,57,0,Z,20,2,257,0,2,31,82,2,0,-9,0,-9,0,-36,0,25,2
35023,9.08,Z,42,0,476,0,55,94,160,0,Z,43,12,379,0,78,81,153,2,1,1,12,-97,0,23,-13,-7,2
35024,8.01,P,50,0,638,0,43,137,49,5,Z,42,4,393,0,221,187,326,0,1,-8,4,-245,0,178,50,277,-5
35025,5.3,T,27,0,226,6,214,78,105,0,P,38,1,268,0,54,101,42,6,0,11,1,42,-6,-160,23,-63,6
35026,10.22,P,52,0,551,0,395,119,92,6,T,83,5,296,0,48,176,113,2,1,31,5,-255,0,-347,57,21,-4
35027,4.49,T,19,0,173,0,0,74,38,0,Z,18,1,106,0,53,38,66,3,1,-1,1,-67,0,53,-36,28,3
35028,9.59,T,58,4,740,0,30,147,108,1,T,87,0,579,0,0,532,178,0,1,29,-4,-161,0,-30,385,70,-1
35029,5.14,T,25,6,278,0,16,29,40,0,Z,19,4,451,0,26,35,78,0,1,-6,-2,173,0,10,6,38,0
35030,6.58,P,38,0,280,0,1,226,59,2,T,58,0,407,0,9,78,75,2,1,20,0,127,0,8,-148,16,0
35031,0.34,Z,5,0,42,0,0,5,13,0,Z,0,0,1,0,0,0,0,0,0,-5,0,-41,0,0,-5,-13,0
35032,8.2,Z,47,11,383,0,48,223,182,1,Z,54,2,439,0,40,182,166,5,1,7,-9,56,0,-8,-41,-16,4
35033,9.59,P,46,0,712,1,13,116,72,4,T,70,4,748,0,55,231,114,0,1,24,4,36,-1,42,115,42,-4
35034,5.58,T,50,1,228,0,135,195,130,6,T,61,0,260,0,70,141,93,21,0,11,-1,32,0,-65,-54,-37,15
35035,1.21,P,3,1,27,0,1,46,8,0,P,5,0,24,0,0,6,7,0,1,2,-1,-3,0,-1,-40,-1,0
35036,0.45,Z,3,0,74,0,17,10,6,3,T,6,0,11,0,17,23,19,1,0,3,0,-63,0,0,13,13,-2
35037,8.07,T,75,0,482,0,42,118,125,12,Z,39,0,822,0,9,137,174,5,0,-36,0,340,0,-33,19,49,-7
35038,5.04,T,28,2,329,0,15,46,36,0,Z,21,2,160,0,10,77,68,2,1,-7,0,-169,0,-5,31,32,2
35039,8.19,Z,48,7,572,0,31,110,124,0,Z,40,0,375,4,15,92,138,0,0,-8,-7,-197,4,-16,-18,14,0
35040,6.45,Z,44,0,486,0,413,163,162,4,Z,54,1,427,0,284,142,122,9,1,10,1,-59,0,-129,-21,-40,5
35041,9.1,P,50,7,607,0,43,364,71,3,P,37,0,622,0,18,101,56,6,1,-13,-7,15,0,-25,-263,-15,3
35042,7.08,P,19,0,319,0,0,13,19,0,P,32,2,236,0,1,30,60,0,0,13,2,-83,0,1,17,41,0
35043,7.11,T,54,0,222,0,186,160,149,19,Z,29,0,196,0,4,111,419,6,0,-25,0,-26,0,-182,-49,270,-13
35044,9.55,T,32,1,426,0,2,68,63,0,P,31,0,83,0,1,46,48,2,1,-1,-1,-343,0,-1,-22,-15,2
35045,9.58,Z,82,4,397,0,99,295,260,1,T,78,0,779,0,21,176,99,12,1,-4,-4,382,0,-78,-119,-161,11
35046,9.27,T,59,0,1018,0,827,170,246,15,T,82,3,534,0,129,166,140,4,1,23,3,-484,0,-698,-4,-106,-11
35047,10.1,Z,64,0,666,0,71,310,161,9,P,48,0,570,0,14,376,175,5,1,-16,0,-96,0,-57,66,14,-4
35048,0,T,0,0,1,0,0,0,0,0,Z,9,0,55,0,27,21,42,1,1,9,0,54,0,27,21,42,1
35049,6.09,T,20,0,437,0,0,14,38,0,T,32,4,393,0,1,22,60,1,0,12,4,-44,0,1,8,22,1
35050,2.45,T,12,0,76,0,190,84,11,14,T,14,0,209,0,31,44,19,3,0,2,0,133,0,-159,-40,8,-11
35051,8.42,P,58,0,312,0,4,233,76,4,T,111,0,361,0,149,255,151,6,1,53,0,49,0,145,22,75,2
35052,2.28,P,6,0,140,0,4,110,59,4,Z,7,0,128,0,331,29,111,4,1,1,0,-12,0,327,-81,52,0
35053,9.54,T,71,0,891,0,16,191,94,3,Z,56,9,441,0,110,152,178,0,0,-15,9,-450,0,94,-39,84,-3
35054,4.56,Z,24,0,137,2,24,174,97,3,P,39,3,252,0,84,122,159,4,1,15,3,115,-2,60,-52,62,1
35055,8.15,P,53,1,477,0,174,281,92,14,Z,49,1,556,0,38,196,124,3,0,-4,0,79,0,-136,-85,32,-11
35056,3.56,Z,19,0,97,0,15,34,65,3,Z,18,0,133,0,165,86,231,2,1,-1,0,36,0,150,52,166,-1
35057,9.32,Z,109,2,447,0,887,252,346,6,T,113,0,506,0,508,256,161,17,0,4,-2,59,0,-379,4,-185,11
35058,6.32,Z,37,3,460,0,115,161,251,0,Z,48,0,364,0,283,188,200,8,0,11,-3,-96,0,168,27,-51,8
35059,1.16,P,4,0,47,0,79,41,36,4,T,8,0,75,0,131,12,52,8,1,4,0,28,0,52,-29,16,4
35060,7.59,P,55,0,589,0,186,221,158,9,P,42,0,445,0,619,170,188,17,1,-13,0,-144,0,433,-51,30,8
35061,8.06,T,51,5,618,1,185,181,104,0,P,73,4,585,0,352,102,172,2,0,22,-1,-33,-1,167,-79,68,2
35062,9.58,Z,140,13,322,2,545,299,289,14,Z,127,0,403,34,565,473,652,17,0,-13,-13,81,32,20,174,363,3
35063,6.45,P,51,0,515,0,217,228,64,3,Z,51,6,135,0,59,142,116,4,0,0,6,-380,0,-158,-86,52,1
35064,0.37,Z,6,0,1,0,0,7,14,0,Z,3,0,28,0,0,4,12,0,0,-3,0,27,0,0,-3,-2,0
35065,9.58,T,73,0,534,0,515,89,120,7,P,64,0,549,0,33,150,90,3,1,-9,0,15,0,-482,61,-30,-4
35066,10.27,P,125,0,534,0,640,375,220,32,T,172,0,474,0,790,338,237,22,1,47,0,-60,0,150,-37,17,-10
35067,4.25,P,22,0,308,0,7,100,79,4,Z,23,3,109,0,30,61,134,2,1,1,3,-199,0,23,-39,55,-2
35068,8.3,Z,59,0,382,0,89,90,231,14,Z,39,0,382,0,31,39,108,2,0,-20,0,0,0,-58,-51,-123,-12
35069,4.45,T,19,2,297,0,2,30,34,1,T,19,0,102,0,0,40,24,0,1,0,-2,-195,0,-2,10,-10,-1
35070,4.08,P,16,0,125,0,77,105,40,6,T,27,2,183,0,7,74,98,5,0,11,2,58,0,-70,-31,58,-1
35071,9.59,Z,35,0,413,0,35,88,120,3,P,58,4,378,0,29,194,63,1,1,23,4,-35,0,-6,106,-57,-2
35072,8.35,Z,41,6,624,0,6,90,183,0,P,45,3,781,0,33,271,104,3,0,4,-3,157,0,27,181,-79,3
35073,9.1,Z,46,9,167,0,67,92,143,0,T,68,0,299,0,220,243,81,7,1,22,-9,132,0,153,151,-62,7
35074,6.58,Z,33,2,243,0,59,63,136,2,T,72,2,399,0,133,135,121,4,1,39,0,156,0,74,72,-15,2
35075,9.42,P,118,0,407,0,329,492,124,14,Z,105,8,359,0,350,239,260,3,1,-13,8,-48,0,21,-253,136,-11
35076,9.59,P,59,3,515,0,66,176,71,11,T,77,0,534,0,36,87,89,5,1,18,-3,19,0,-30,-89,18,-6
35077,10.47,Z,73,1,859,0,111,307,297,2,Z,113,2,643,0,236,320,310,13,1,40,1,-216,0,125,13,13,11
35078,9.22,Z,61,4,429,0,70,189,161,2,T,33,0,444,0,0,95,50,0,0,-28,-4,15,0,-70,-94,-111,-2
35079,3.44,T,21,0,534,0,503,35,90,2,Z,11,3,120,0,30,89,58,0,0,-10,3,-414,0,-473,54,-32,-2
35080,3.05,T,18,0,135,0,65,27,70,1,P,23,0,47,0,13,40,20,3,0,5,0,-88,0,-52,13,-50,2
35081,9.59,Z,64,0,495,0,490,283,411,10,T,51,0,600,0,0,197,240,0,0,-13,0,105,0,-490,-86,-171,-10
35082,7.21,Z,58,3,274,0,147,214,154,5,Z,37,0,535,0,248,157,111,7,0,-21,-3,261,0,101,-57,-43,2
35083,6.12,T,31,0,382,0,5,78,77,2,T,22,0,208,0,0,18,22,0,0,-9,0,-174,0,-5,-60,-55,-2
35084,9.59,Z,64,3,770,0,250,264,326,2,T,61,0,685,0,81,142,176,6,0,-3,-3,-85,0,-169,-122,-150,4
35085,9.14,T,80,0,684,0,146,162,153,6,Z,71,0,503,0,181,162,174,12,1,-9,0,-181,0,35,0,21,6
35086,10.15,P,56,0,493,0,7,169,71,1,T,55,8,600,0,34,160,78,4,0,-1,8,107,0,27,-9,7,3
35087,8.44,T,60,0,998,0,54,145,140,4,P,56,0,416,0,50,126,237,4,1,-4,0,-582,0,-4,-19,97,0
35088,10.37,Z,69,2,523,0,237,253,331,0,P,65,11,412,0,47,259,138,7,1,-4,9,-111,0,-190,6,-193,7
35089,8.44,Z,49,1,227,0,40,100,150,7,P,24,4,386,0,1,114,47,0,0,-25,3,159,0,-39,14,-103,-7
35090,6.57,T,33,4,498,0,8,34,48,0,T,40,8,411,0,16,122,74,1,0,7,4,-87,0,8,88,26,1
35091,9.59,P,35,0,197,0,0,77,84,0,Z,40,3,573,0,12,133,155,1,0,5,3,376,0,12,56,71,1
35092,8.41,T,81,0,364,0,435,247,231,13,Z,62,0,406,0,20,187,164,4,1,-19,0,42,0,-415,-60,-67,-9
35093,6.52,P,80,4,337,0,576,350,119,13,T,65,3,358,0,310,315,132,4,0,-15,-1,21,0,-266,-35,13,-9
35094,5.59,Z,40,3,315,0,342,150,159,10,P,51,3,434,0,291,184,93,9,1,11,0,119,0,-51,34,-66,-1
35095,10.12,P,84,0,380,0,266,231,115,20,Z,73,9,449,0,379,295,352,3,0,-11,9,69,0,113,64,237,-17
35096,9.59,P,50,2,410,0,12,167,92,3,T,21,0,788,0,0,29,85,0,0,-29,-2,378,0,-12,-138,-7,-3
35097,9.59,T,39,0,352,0,0,25,68,0,T,35,0,734,0,0,34,69,1,1,-4,0,382,0,0,9,1,1
35098,6.57,P,28,0,322,0,0,103,68,0,Z,26,2,300,0,9,102,124,1,1,-2,2,-22,0,9,-1,56,1
35099,10.2,T,34,0,332,0,0,138,67,0,P,41,0,456,0,0,43,73,1,1,7,0,124,0,0,-95,6,1
35100,8.06,Z,36,6,87,0,20,106,131,1,P,44,5,269,3,167,167,72,0,1,8,-1,182,3,147,61,-59,-1
35101,9.59,Z,52,0,568,0,9,282,284,3,Z,52,0,503,0,34,249,205,13,1,0,0,-65,0,25,-33,-79,10
35102,9.59,T,86,0,589,0,54,150,99,4,T,82,0,979,0,50,264,243,10,1,-4,0,390,0,-4,114,144,6
35103,7.44,P,36,0,514,0,2,148,92,3,T,57,0,613,0,23,119,112,6,1,21,0,99,0,21,-29,20,3
35104,10.37,P,51,0,945,0,0,192,109,2,T,108,0,602,0,179,169,101,21,1,57,0,-343,0,179,-23,-8,19
35105,9.59,T,112,8,500,0,924,288,302,7,P,82,0,440,0,815,314,125,16,1,-30,-8,-60,0,-109,26,-177,9
35106,6.14,T,34,4,441,0,135,83,43,0,P,31,0,306,0,67,203,62,2,0,-3,-4,-135,0,-68,120,19,2
35107,9.59,T,28,0,553,0,3,223,79,0,T,58,0,809,0,19,199,100,9,0,30,0,256,0,16,-24,21,9
35108,9.58,P,50,0,379,0,5,260,100,1,Z,68,0,393,0,122,150,179,15,1,18,0,14,0,117,-110,79,14
35109,2.11,T,9,3,43,0,96,39,34,0,T,9,0,93,0,582,34,8,4,0,0,-3,50,0,486,-5,-26,4
35110,8.06,Z,46,3,642,0,59,134,201,1,P,44,3,406,0,70,66,43,1,1,-2,0,-236,0,11,-68,-158,0
35111,9.59,P,79,3,579,0,24,357,111,0,T,65,2,539,0,49,126,74,3,0,-14,-1,-40,0,25,-231,-37,3
35112,3.44,P,33,0,87,0,27,169,32,3,T,26,1,252,0,192,105,81,6,0,-7,1,165,0,165,-64,49,3
35113,3.53,T,17,2,110,0,68,129,25,7,P,20,0,155,0,45,151,101,1,1,3,-2,45,0,-23,22,76,-6
35114,5.44,T,22,0,160,0,11,9,28,2,Z,0,0,1,0,0,0,0,0,0,-22,0,-159,0,-11,-9,-28,-2
35115,5.52,P,24,0,277,0,1,97,31,2,Z,21,9,79,1,285,142,114,14,0,-3,9,-198,1,284,45,83,12
35116,6.38,P,45,1,658,0,53,208,160,2,Z,38,0,301,7,1024,147,218,0,0,-7,-1,-357,7,971,-61,58,-2
35117,7.51,T,79,3,391,0,241,231,215,7,Z,60,4,206,0,138,198,368,1,1,-19,1,-185,0,-103,-33,153,-6
35118,7.19,Z,64,6,239,0,377,252,254,8,Z,89,8,432,0,276,212,227,6,1,25,2,193,0,-101,-40,-27,-2
35119,9.59,Z,98,4,336,0,310,232,341,11,T,131,0,892,0,347,302,219,18,0,33,-4,556,0,37,70,-122,7
35120,3.01,Z,17,1,103,0,219,77,119,6,P,13,0,153,0,10,78,15,0,0,-4,-1,50,0,-209,1,-104,-6
35121,9.02,P,63,4,584,0,61,75,97,10,Z,50,1,337,0,92,351,156,10,0,-13,-3,-247,0,31,276,59,0
35122,0,P,0,0,1,0,0,0,0,0,P,6,0,21,0,45,27,47,3,1,6,0,20,0,45,27,47,3
35123,9.59,Z,47,6,501,0,12,77,144,3,P,34,1,436,0,18,83,44,4,1,-13,-5,-65,0,6,6,-100,1
35124,9.57,P,44,0,689,0,0,58,66,0,P,42,0,238,0,0,71,66,0,1,-2,0,-451,0,0,13,0,0
35125,9.58,P,31,6,440,0,10,95,50,0,Z,55,7,397,0,51,146,171,0,1,24,1,-43,0,41,51,121,0
35126,9.59,P,57,0,439,0,7,298,255,4,T,60,0,648,0,13,135,85,3,0,3,0,209,0,6,-163,-170,-1
35127,3.49,Z,9,0,157,0,12,22,77,3,T,12,0,262,0,0,39,36,2,0,3,0,105,0,-12,17,-41,-1
35128,5.3,T,30,0,220,0,87,115,57,6,T,55,0,335,0,23,162,42,3,1,25,0,115,0,-64,47,-15,-3
35129,9.57,P,79,0,512,0,15,292,122,7,T,88,0,539,39,95,224,201,0,0,9,0,27,39,80,-68,79,-7
35130,6.48,Z,36,2,189,0,24,66,110,0,P,27,0,147,0,9,38,62,2,0,-9,-2,-42,0,-15,-28,-48,2
35131,7.47,P,19,6,395,0,1,39,30,0,P,13,0,572,0,0,21,28,0,0,-6,-6,177,0,-1,-18,-2,0
35132,9.59,P,63,7,411,0,49,137,64,2,Z,47,0,763,0,26,118,182,4,0,-16,-7,352,0,-23,-19,118,2
35133,9.59,T,72,2,894,0,7,178,219,2,P,84,0,480,0,26,377,156,3,1,12,-2,-414,0,19,199,-63,1
35134,10.04,T,87,5,522,0,181,442,157,2,T,76,0,585,0,765,325,165,12,1,-11,-5,63,0,584,-117,8,10
35135,7.48,P,27,0,207,0,2,185,67,0,Z,32,0,124,0,7,80,87,0,0,5,0,-83,0,5,-105,20,0
35136,0.36,Z,4,0,39,0,7,12,15,1,Z,3,0,9,0,33,3,6,2,0,-1,0,-30,0,26,-9,-9,1
35137,3.18,T,23,0,273,0,1,18,41,4,Z,13,0,74,0,0,30,59,1,1,-10,0,-199,0,-1,12,18,-3
35138,6.3,T,35,1,442,0,219,148,86,4,P,35,0,274,0,185,90,212,10,0,0,-1,-168,0,-34,-58,126,6
35139,4.21,T,30,2,277,0,147,67,61,7,Z,25,2,152,0,96,31,117,1,0,-5,0,-125,0,-51,-36,56,-6
35140,9.05,Z,64,1,348,0,294,215,492,10,Z,56,2,303,0,50,292,253,13,1,-8,1,-45,0,-244,77,-239,3
35141,10.26,T,116,0,956,0,118,190,90,13,T,84,1,762,0,235,177,165,6,1,-32,1,-194,0,117,-13,75,-7
35142,10.02,T,60,0,412,0,5,91,81,5,T,60,0,466,0,0,86,88,0,1,0,0,54,0,-5,-5,7,-5
35143,9.59,Z,41,0,265,0,14,32,143,2,T,64,1,660,0,9,70,127,3,0,23,1,395,0,-5,38,-16,1
35144,9.59,T,56,0,523,0,19,111,90,1,T,54,0,248,20,85,145,109,0,0,-2,0,-275,20,66,34,19,-1
35145,9.51,T,48,0,468,0,0,234,94,1,T,87,4,687,0,18,376,126,5,1,39,4,219,0,18,142,32,4
35146,6,Z,21,0,193,0,10,84,83,4,T,27,2,229,0,0,105,66,0,0,6,2,36,0,-10,21,-17,-4
35147,4.06,T,22,0,129,0,84,86,51,4,P,17,0,155,0,8,14,17,1,0,-5,0,26,0,-76,-72,-34,-3
35148,9.58,Z,51,0,411,0,21,29,186,0,P,55,0,632,0,0,91,78,0,1,4,0,221,0,-21,62,-108,0
35149,7.13,P,23,4,255,0,8,95,76,6,Z,23,2,441,0,27,64,113,6,0,0,-2,186,0,19,-31,37,0
35150,7.19,T,43,2,506,0,61,170,224,6,Z,34,7,354,0,47,116,128,2,0,-9,5,-152,0,-14,-54,-96,-4
35151,5.23,P,40,0,258,0,437,195,154,11,P,34,0,196,0,138,100,53,7,0,-6,0,-62,0,-299,-95,-101,-4
35152,9.58,T,52,0,651,0,19,79,79,4,T,51,0,641,0,0,52,110,2,1,-1,0,-10,0,-19,-27,31,-2
35153,9.59,T,76,1,712,0,320,206,153,13,T,65,3,729,0,42,136,83,1,0,-11,2,17,0,-278,-70,-70,-12
35154,10.34,T,66,7,585,0,334,224,98,1,T,80,7,542,0,36,144,95,5,1,14,0,-43,0,-298,-80,-3,4
35155,7.2,T,57,4,484,0,40,110,88,3,Z,60,2,838,0,618,102,194,0,1,3,-2,354,0,578,-8,106,-3
35156,9.59,Z,84,9,425,5,77,153,250,2,T,94,1,430,0,58,184,266,2,0,10,-8,5,-5,-19,31,16,0
35157,3.01,Z,13,0,44,0,68,93,89,2,Z,13,0,134,0,69,77,71,2,0,0,0,90,0,1,-16,-18,0
35158,9.07,P,44,4,222,0,17,270,97,5,P,30,0,434,0,7,115,55,2,1,-14,-4,212,0,-10,-155,-42,-3
35159,10.15,P,106,0,417,0,173,251,85,6,P,81,4,529,0,56,281,105,4,0,-25,4,112,0,-117,30,20,-2
35160,9.55,T,104,0,664,0,575,383,213,10,P,71,0,533,0,182,180,95,9,0,-33,0,-131,0,-393,-203,-118,-1
35161,5.41,Z,34,2,185,0,75,107,137,3,Z,27,1,248,0,30,80,120,0,0,-7,-1,63,0,-45,-27,-17,-3
35162,10.29,T,55,0,861,0,0,157,103,0,Z,69,0,651,0,71,272,237,12,1,14,0,-210,0,71,115,134,12
35163,9.58,T,46,0,529,0,0,124,79,0,P,47,0,793,0,10,150,90,0,1,1,0,264,0,10,26,11,0
35164,6.44,P,42,1,307,0,245,242,182,13,P,32,5,282,0,32,285,130,0,1,-10,4,-25,0,-213,43,-52,-13
35165,10.03,P,42,0,412,0,26,158,98,7,P,68,0,608,0,551,159,130,6,1,26,0,196,0,525,1,32,-1
35166,6.59,T,64,0,259,0,523,164,138,16,P,48,6,511,0,320,188,90,5,0,-16,6,252,0,-203,24,-48,-11
35167,4.26,P,21,1,501,0,0,34,21,0,Z,22,5,217,0,75,115,137,4,1,1,4,-284,0,75,81,116,4
35168,4.03,Z,18,2,230,0,9,87,61,0,P,18,0,134,0,0,48,12,0,1,0,-2,-96,0,-9,-39,-49,0
35169,6.4,P,44,0,338,0,57,192,44,5,T,38,4,290,1,139,222,184,0,0,-6,4,-48,1,82,30,140,-5
35170,9.59,T,109,0,697,0,85,252,160,6,P,95,2,600,0,247,190,190,9,0,-14,2,-97,0,162,-62,30,3
35171,6.31,P,56,0,504,0,37,219,42,10,Z,36,5,304,0,120,98,255,0,1,-20,5,-200,0,83,-121,213,-10
35172,10.18,P,92,10,388,6,348,330,278,2,P,79,3,461,0,145,477,185,4,1,-13,-7,73,-6,-203,147,-93,2
35173,10.42,T,61,0,729,0,28,129,85,12,P,56,0,412,9,48,193,106,2,1,-5,0,-317,9,20,64,21,-10
35174,4.5,P,23,0,113,0,4,86,34,1,P,30,0,424,0,8,87,32,1,1,7,0,311,0,4,1,-2,0
35175,5.59,T,37,0,517,0,73,125,50,4,T,40,0,516,0,23,168,132,7,0,3,0,-1,0,-50,43,82,3
35176,4.38,T,23,2,329,0,0,61,47,0,T,21,0,116,0,6,67,39,3,0,-2,-2,-213,0,6,6,-8,3
35177,6.43,Z,49,0,282,22,166,169,182,0,Z,36,5,502,14,174,224,157,5,1,-13,5,220,-8,8,55,-25,5
35178,9.59,Z,61,0,633,0,40,248,267,8,P,67,2,772,0,22,212,111,0,0,6,2,139,0,-18,-36,-156,-8
35179,7.51,Z,42,0,995,0,35,62,336,2,T,58,4,638,0,4,128,171,2,0,16,4,-357,0,-31,66,-165,0
35180,9.26,P,36,0,430,0,1,64,61,1,P,67,5,909,0,85,287,153,6,1,31,5,479,0,84,223,92,5
35181,9.59,T,138,0,352,0,323,202,133,10,Z,96,9,643,2,322,191,248,5,0,-42,9,291,2,-1,-11,115,-5
35182,10.35,P,35,0,558,0,0,78,53,0,P,35,0,657,0,0,73,63,1,1,0,0,99,0,0,-5,10,1
35183,4.47,T,25,3,188,0,4,93,56,0,P,24,0,301,0,6,75,49,3,0,-1,-3,113,0,2,-18,-7,3
35184,2.17,T,9,2,149,0,123,41,108,0,P,6,0,113,0,0,14,10,0,0,-3,-2,-36,0,-123,-27,-98,0
35185,10.15,Z,70,10,504,0,415,188,331,1,P,64,3,517,0,81,245,151,6,0,-6,-7,13,0,-334,57,-180,5
35186,7.31,Z,33,1,452,0,46,123,108,4,P,46,2,346,0,58,336,97,6,0,13,1,-106,0,12,213,-11,2
35187,3.54,Z,14,0,61,0,47,45,239,1,T,14,3,247,0,20,69,19,0,0,0,3,186,0,-27,24,-220,-1
35188,9.59,T,64,0,668,0,2,45,86,3,T,53,0,788,0,1,57,65,1,0,-11,0,120,0,-1,12,-21,-2
35189,6.02,T,30,0,353,0,0,31,38,0,T,36,0,694,0,0,41,86,0,1,6,0,341,0,0,10,48,0
35190,1.03,Z,3,0,11,0,10,20,26,1,P,3,1,131,0,3,16,9,3,1,0,1,120,0,-7,-4,-17,2
35191,3.3,T,18,1,146,0,1,44,37,0,T,16,0,67,0,3,45,244,6,0,-2,-1,-79,0,2,1,207,6
35192,2.37,Z,8,0,25,0,0,6,44,1,Z,8,0,87,0,0,9,40,1,0,0,0,62,0,0,3,-4,0
35193,9.59,T,42,1,582,0,27,61,46,2,T,26,0,188,0,0,20,46,0,1,-16,-1,-394,0,-27,-41,0,-2
35194,6.59,P,41,0,582,0,10,278,101,3,Z,36,5,267,0,17,173,105,0,0,-5,5,-315,0,7,-105,4,-3
35195,9.59,P,96,4,530,0,615,309,118,6,Z,62,5,662,0,634,160,762,0,0,-34,1,132,0,19,-149,644,-6
35196,8.1,P,80,0,403,0,310,339,102,12,T,96,0,455,5,353,261,245,11,0,16,0,52,5,43,-78,143,-1
35197,7.44,T,76,0,509,0,747,299,267,6,P,85,2,515,0,932,214,166,27,1,9,2,6,0,185,-85,-101,21
35198,7.53,T,51,0,639,0,17,110,206,4,P,46,0,604,0,252,162,129,4,0,-5,0,-35,0,235,52,-77,0
35199,5.31,P,24,6,249,0,14,90,95,0,P,25,3,178,0,8,154,42,0,1,1,-3,-71,0,-6,64,-53,0
35200,3.57,P,32,0,195,0,189,103,98,3,Z,13,0,247,0,208,44,200,4,0,-19,0,52,0,19,-59,102,1
35201,8.27,Z,46,0,372,0,20,139,148,0,Z,34,1,573,0,23,259,177,0,1,-12,1,201,0,3,120,29,0
35202,7.21,P,25,2,263,0,385,79,75,9,T,40,0,189,0,10,103,69,4,1,15,-2,-74,0,-375,24,-6,-5
35203,8.57,Z,59,0,611,0,30,72,202,1,P,57,1,387,0,39,160,86,3,0,-2,1,-224,0,9,88,-116,2
35204,9.59,P,71,0,466,0,212,307,141,12,T,72,0,677,0,0,203,220,1,0,1,0,211,0,-212,-104,79,-11
35205,9.59,P,82,0,629,0,55,324,143,24,T,107,0,505,0,433,219,195,6,1,25,0,-124,0,378,-105,52,-18
35206,4.44,Z,26,2,430,0,271,103,111,4,T,32,1,274,0,180,115,85,7,0,6,-1,-156,0,-91,12,-26,3
35207,10.39,P,73,5,347,0,169,378,351,6,T,70,0,1040,0,6,308,110,3,1,-3,-5,693,0,-163,-70,-241,-3
35208,8.3,Z,48,2,387,0,25,401,138,0,Z,46,4,360,0,259,356,262,10,1,-2,2,-27,0,234,-45,124,10
35209,4.59,Z,24,6,183,0,79,104,98,1,Z,22,7,160,0,32,78,115,1,0,-2,1,-23,0,-47,-26,17,0
35210,8.29,T,75,0,416,0,437,318,92,6,T,83,0,239,0,264,288,183,13,0,8,0,-177,0,-173,-30,91,7
35211,8.59,Z,33,0,406,0,40,21,131,3,T,53,6,948,0,93,81,60,0,1,20,6,542,0,53,60,-71,-3
35212,1.47,P,5,0,26,0,179,21,25,1,P,9,2,66,0,8,51,13,0,1,4,2,40,0,-171,30,-12,-1
35213,6.03,P,18,0,579,0,1,77,54,2,P,33,0,235,0,109,216,51,11,1,15,0,-344,0,108,139,-3,9
35214,7.29,T,57,0,498,0,158,203,68,6,Z,54,0,200,0,141,96,115,7,0,-3,0,-298,0,-17,-107,47,1
35215,4.2,Z,6,0,203,0,0,36,30,0,T,15,0,281,0,0,17,24,0,1,9,0,78,0,0,-19,-6,0
35216,9.02,P,33,0,484,0,7,259,233,3,P,43,0,604,0,21,128,44,6,1,10,0,120,0,14,-131,-189,3
35217,9.59,T,54,6,930,0,25,203,127,2,T,65,0,543,0,2,138,120,4,1,11,-6,-387,0,-23,-65,-7,2
35218,4.04,P,16,0,149,0,10,175,38,1,T,18,0,220,0,3,133,43,4,0,2,0,71,0,-7,-42,5,3
35219,6.4,Z,51,0,225,0,331,154,207,10,Z,55,0,494,0,150,267,186,5,0,4,0,269,0,-181,113,-21,-5
35220,9.57,P,41,0,250,0,61,309,120,3,Z,52,4,688,0,34,82,160,0,0,11,4,438,0,-27,-227,40,-3
35221,4.4,T,26,0,275,0,9,126,87,3,Z,17,2,185,0,67,100,98,1,1,-9,2,-90,0,58,-26,11,-2
35222,9.26,T,117,8,606,0,697,329,289,15,T,104,10,575,0,554,144,135,9,1,-13,2,-31,0,-143,-185,-154,-6
35223,9.59,Z,62,2,546,0,143,199,293,5,P,90,0,470,0,281,327,141,13,0,28,-2,-76,0,138,128,-152,8
35224,9.59,T,58,4,1019,0,32,166,90,0,T,46,0,842,0,0,199,87,1,0,-12,-4,-177,0,-32,33,-3,1
35225,7.17,T,91,2,338,0,220,179,219,5,T,58,1,570,0,225,160,83,18,0,-33,-1,232,0,5,-19,-136,13
35226,9.59,T,76,5,591,0,155,209,92,9,Z,60,2,382,0,89,173,245,4,1,-16,-3,-209,0,-66,-36,153,-5
35227,9.59,P,55,0,610,9,187,328,129,9,T,66,3,406,0,164,156,116,3,0,11,3,-204,-9,-23,-172,-13,-6
35228,9.59,T,106,0,418,0,351,243,166,12,P,46,7,285,0,23,166,56,1,0,-60,7,-133,0,-328,-77,-110,-11
35229,5,Z,19,0,201,0,0,112,102,2,Z,22,0,236,0,49,101,71,1,0,3,0,35,0,49,-11,-31,-1
35230,9.59,Z,93,3,366,0,585,250,346,9,T,113,0,569,0,683,240,341,10,0,20,-3,203,0,98,-10,-5,1
35231,9.58,T,76,0,495,0,24,108,141,2,P,64,6,523,0,468,273,160,11,1,-12,6,28,0,444,165,19,9
35232,9.59,P,87,0,749,0,73,197,93,13,Z,81,1,687,0,231,267,346,9,1,-6,1,-62,0,158,70,253,-4
35233,9.19,Z,40,1,211,0,11,33,101,2,Z,34,0,132,0,14,46,133,0,1,-6,-1,-79,0,3,13,32,-2
35234,10.07,T,80,0,735,0,103,355,115,8,T,83,0,479,0,68,148,127,9,1,3,0,-256,0,-35,-207,12,1
35235,7.39,T,55,0,398,0,114,191,73,12,P,30,0,899,0,3,128,61,2,0,-25,0,501,0,-111,-63,-12,-10
35236,9.59,P,58,0,208,0,7,136,80,8,Z,56,0,791,0,46,226,167,4,1,-2,0,583,0,39,90,87,-4
35237,9.58,P,59,0,544,0,0,100,113,2,T,48,3,452,0,20,119,79,0,0,-11,3,-92,0,20,19,-34,-2
35238,9.58,Z,61,0,763,0,8,58,182,2,P,31,0,631,0,0,24,40,0,0,-30,0,-132,0,-8,-34,-142,-2
35239,3.58,T,26,0,234,0,3,88,41,3,T,23,0,318,0,31,94,23,7,1,-3,0,84,0,28,6,-18,4
35240,9.58,Z,61,9,762,0,51,129,177,14,T,69,3,396,0,12,108,97,1,0,8,-6,-366,0,-39,-21,-80,-13
35241,9.58,T,33,0,392,0,0,50,49,0,T,58,1,427,0,9,94,107,1,1,25,1,35,0,9,44,58,1
35242,9.59,Z,71,6,685,0,524,187,203,6,P,48,1,819,0,321,373,123,6,1,-23,-5,134,0,-203,186,-80,0
35243,9.59,P,69,3,503,0,30,225,53,0,Z,52,4,260,0,48,83,150,0,1,-17,1,-243,0,18,-142,97,0
35244,9.58,Z,78,2,448,0,476,437,424,11,T,156,5,739,0,390,400,190,40,1,78,3,291,0,-86,-37,-234,29
35245,9.59,Z,48,0,441,0,0,69,193,0,T,44,0,696,0,0,156,99,2,0,-4,0,255,0,0,87,-94,2
35246,9.27,T,68,0,937,0,33,82,79,5,T,65,0,717,0,11,92,93,6,0,-3,0,-220,0,-22,10,14,1
35247,9.59,P,52,3,607,0,24,117,90,1,P,30,0,447,0,1,97,40,1,0,-22,-3,-160,0,-23,-20,-50,0
35248,9.59,Z,85,0,577,0,174,271,284,4,P,57,2,341,0,216,235,107,7,0,-28,2,-236,0,42,-36,-177,3
35249,7.5,Z,59,2,410,0,86,188,189,0,T,77,3,396,0,444,233,166,9,0,18,1,-14,0,358,45,-23,9
35250,6.3,Z,29,0,177,0,650,144,96,24,Z,35,2,315,0,29,44,112,4,0,6,2,138,0,-621,-100,16,-20
35251,4.02,Z,22,1,226,0,188,97,191,6,T,32,0,180,0,197,88,109,6,1,10,-1,-46,0,9,-9,-82,0
35252,5.59,T,26,0,139,0,10,23,25,2,T,26,0,508,0,16,55,50,0,0,0,0,369,0,6,32,25,-2
35253,9.43,T,114,0,333,0,82,278,184,11,Z,82,8,751,0,161,319,327,4,1,-32,8,418,0,79,41,143,-7
35254,5.58,T,24,0,154,0,199,123,88,5,Z,22,0,627,0,16,76,78,3,0,-2,0,473,0,-183,-47,-10,-2
35255,9.59,Z,63,3,489,0,51,74,188,0,Z,62,0,502,0,45,55,196,2,0,-1,-3,13,0,-6,-19,8,2
35256,3.27,Z,15,0,124,0,40,72,93,2,Z,23,3,92,0,53,86,67,8,1,8,3,-32,0,13,14,-26,6
35257,4.12,P,15,0,141,0,6,24,22,2,Z,18,0,284,0,106,31,79,5,1,3,0,143,0,100,7,57,3
35258,3.27,T,16,1,153,0,343,56,42,7,T,21,0,93,0,218,68,134,5,1,5,-1,-60,0,-125,12,92,-2
35259,9.59,P,39,1,596,0,6,166,146,1,P,46,7,688,0,16,554,130,8,0,7,6,92,0,10,388,-16,7
35260,9.53,T,55,0,291,0,0,57,90,2,P,38,0,719,0,14,108,44,4,1,-17,0,428,0,14,51,-46,2
35261,7.14,Z,45,6,415,0,45,257,189,0,Z,34,4,229,0,70,83,131,1,0,-11,-2,-186,0,25,-174,-58,1
35262,5.01,T,28,2,422,0,38,106,42,2,P,21,0,87,0,6,88,44,1,0,-7,-2,-335,0,-32,-18,2,-1
35263,9.57,T,43,0,352,0,0,42,77,0,P,25,5,650,0,1,67,39,0,1,-18,5,298,0,1,25,-38,0
35264,9.06,T,109,8,513,0,378,260,140,3,Z,63,7,413,0,79,312,175,0,0,-46,-1,-100,0,-299,52,35,-3
35265,10.16,Z,75,7,786,0,319,434,281,7,T,87,1,353,0,496,318,94,3,0,12,-6,-433,0,177,-116,-187,-4
35266,2.23,T,10,0,60,0,59,32,82,3,Z,11,2,46,0,3,20,33,1,1,1,2,-14,0,-56,-12,-49,-2
35267,9.59,Z,56,2,619,0,15,60,143,0,Z,57,3,603,0,28,95,184,0,0,1,1,-16,0,13,35,41,0
35268,7.15,Z,49,3,248,0,13,236,170,0,Z,44,1,176,0,42,332,133,1,0,-5,-2,-72,0,29,96,-37,1
35269,9.59,T,79,7,490,12,963,106,193,3,P,51,4,406,0,21,219,76,1,0,-28,-3,-84,-12,-942,113,-117,-2
35270,9.58,P,41,0,568,0,12,190,115,2,P,37,2,490,2,14,84,65,4,0,-4,2,-78,2,2,-106,-50,2
35271,6.18,P,23,0,272,0,11,92,34,4,P,32,1,203,0,482,105,160,4,1,9,1,-69,0,471,13,126,0
35272,6.45,T,43,0,320,0,0,145,64,0,P,34,0,120,0,469,182,51,5,1,-9,0,-200,0,469,37,-13,5
35273,9.59,T,116,7,373,22,140,201,238,16,T,102,7,441,0,480,264,306,11,1,-14,0,68,-22,340,63,68,-5
35274,10.03,P,51,0,757,0,643,159,65,5,P,20,0,183,0,0,66,28,0,0,-31,0,-574,0,-643,-93,-37,-5
35275,7.18,T,22,0,434,0,11,42,34,2,P,29,4,276,0,5,55,67,2,1,7,4,-158,0,-6,13,33,0
35276,9.59,Z,64,4,503,0,406,321,205,7,T,89,6,549,0,658,278,157,3,1,25,2,46,0,252,-43,-48,-4
35277,9.58,Z,44,0,358,0,1,106,179,4,P,31,0,657,0,7,38,52,4,1,-13,0,299,0,6,-68,-127,0
35278,9.59,Z,42,0,692,0,14,206,162,0,T,69,4,603,0,29,110,99,0,1,27,4,-89,0,15,-96,-63,0
35279,4.06,Z,29,0,191,11,205,171,161,4,Z,20,0,132,0,9,54,44,2,0,-9,0,-59,-11,-196,-117,-117,-2
35280,9.39,T,91,0,895,0,290,265,229,15,Z,46,1,603,0,19,86,130,5,0,-45,1,-292,0,-271,-179,-99,-10
35281,10.14,Z,107,7,539,0,668,277,318,4,T,45,0,735,0,6,88,123,7,0,-62,-7,196,0,-662,-189,-195,3
35282,6.58,Z,49,9,278,0,84,145,112,3,T,56,2,186,0,6,218,105,0,0,7,-7,-92,0,-78,73,-7,-3
35283,9.59,Z,58,0,383,0,45,249,267,7,T,58,5,454,0,183,174,209,0,1,0,5,71,0,138,-75,-58,-7
35284,10.49,T,81,0,921,0,15,238,171,4,Z,109,0,573,0,40,275,296,7,1,28,0,-348,0,25,37,125,3
35285,9.56,P,44,0,634,0,4,151,78,2,Z,43,1,184,0,15,41,185,1,1,-1,1,-450,0,11,-110,107,-1
35286,6.13,T,41,1,250,0,605,110,88,5,T,46,0,417,0,448,96,106,7,1,5,-1,167,0,-157,-14,18,2
35287,6.34,T,21,3,453,0,0,76,49,0,P,29,0,452,0,22,205,71,1,1,8,-3,-1,0,22,129,22,1
35288,0.15,P,1,0,0,0,0,0,1,0,P,2,1,56,0,0,0,1,0,0,1,1,56,0,0,0,0,0
35289,2.49,P,13,0,90,0,2,43,12,1,T,15,0,124,3,14,30,26,0,1,2,0,34,3,12,-13,14,-1
35290,10.57,Z,90,0,453,0,221,281,379,7,T,109,1,625,0,252,414,211,17,1,19,1,172,0,31,133,-168,10
35291,7.38,P,48,0,710,0,24,72,86,4,T,52,0,304,0,0,122,117,0,0,4,0,-406,0,-24,50,31,-4
35292,9.58,Z,55,0,506,0,71,156,154,3,P,30,0,608,0,0,70,44,0,1,-25,0,102,0,-71,-86,-110,-3
35293,9.59,T,105,3,668,0,462,299,160,8,Z,75,7,516,2,121,360,404,13,1,-30,4,-152,2,-341,61,244,5
35294,6.44,Z,43,4,413,0,319,119,136,5,P,53,7,292,3,292,135,84,0,1,10,3,-121,3,-27,16,-52,-5
35295,9.58,T,96,0,813,0,602,196,189,15,Z,69,0,290,0,81,278,338,2,1,-27,0,-523,0,-521,82,149,-13
35296,9.26,T,64,8,1155,0,28,94,100,1,T,53,5,733,0,39,181,93,2,1,-11,-3,-422,0,11,87,-7,1
35297,9.59,T,62,1,325,0,9,133,76,5,Z,68,0,559,0,279,146,204,13,1,6,-1,234,0,270,13,128,8
35298,6.28,P,28,0,467,0,42,165,34,7,P,27,0,385,0,3,111,55,1,0,-1,0,-82,0,-39,-54,21,-6
35299,4.04,T,22,0,172,0,147,80,78,4,Z,22,0,222,2,32,73,77,0,1,0,0,50,2,-115,-7,-1,-4
35300,10.3,P,125,2,773,0,622,241,111,11,Z,102,9,586,0,198,305,414,6,0,-23,7,-187,0,-424,64,303,-5
35301,9.35,T,95,7,404,0,368,407,188,10,P,95,0,550,0,361,251,178,22,0,0,-7,146,0,-7,-156,-10,12
35302,8.55,P,38,5,442,0,9,49,61,2,Z,38,0,238,0,6,55,179,9,1,0,-5,-204,0,-3,6,118,7
35303,7.56,T,52,0,363,0,248,218,254,5,P,60,0,434,0,173,146,69,9,1,8,0,71,0,-75,-72,-185,4
35304,6.25,Z,43,0,331,0,344,115,261,7,Z,31,1,227,0,112,99,86,2,1,-12,1,-104,0,-232,-16,-175,-5
35305,5.54,P,22,0,242,0,8,108,38,3,T,51,0,236,0,24,137,141,13,1,29,0,-6,0,16,29,103,10
35306,9.24,Z,59,16,263,0,83,59,145,3,Z,54,7,288,0,57,125,178,0,0,-5,-9,25,0,-26,66,33,-3
35307,9.59,Z,54,0,392,0,121,121,187,7,T,50,1,550,0,23,147,124,4,0,-4,1,158,0,-98,26,-63,-3
35308,7.15,T,48,0,345,0,31,55,64,3,P,44,0,581,0,35,216,85,3,0,-4,0,236,0,4,161,21,0
35309,6.21,Z,24,0,118,0,20,35,105,2,T,44,0,196,0,27,118,50,6,1,20,0,78,0,7,83,-55,4
35310,3.55,P,30,0,308,0,566,148,86,10,P,19,0,138,0,98,153,83,8,1,-11,0,-170,0,-468,5,-3,-2
35311,9.59,P,54,5,681,0,60,146,106,5,T,63,0,1010,0,150,187,109,3,1,9,-5,329,0,90,41,3,-2
35312,9.59,P,49,4,509,0,55,117,43,3,Z,72,1,603,0,322,168,205,12,0,23,-3,94,0,267,51,162,9
35313,8.11,Z,46,0,332,0,88,93,155,7,Z,33,0,401,0,203,102,157,1,0,-13,0,69,0,115,9,2,-6
35314,7.45,P,48,7,417,0,109,162,58,9,T,39,0,638,0,63,139,99,5,0,-9,-7,221,0,-46,-23,41,-4
35315,9.59,T,45,1,578,0,28,157,81,2,P,42,2,443,0,7,145,86,0,1,-3,1,-135,0,-21,-12,5,-2
35316,2.18,Z,6,0,68,0,15,78,31,4,Z,4,0,67,0,12,25,29,1,1,-2,0,-1,0,-3,-53,-2,-3
35317,10,Z,50,2,647,0,92,190,247,5,P,46,1,876,0,15,218,63,2,1,-4,-1,229,0,-77,28,-184,-3
35318,8.27,T,53,0,239,0,16,64,73,6,P,52,4,491,0,12,69,84,5,1,-1,4,252,0,-4,5,11,-1
35319,10.05,Z,60,1,641,0,698,190,259,14,T,104,8,567,0,257,221,135,11,0,44,7,-74,0,-441,31,-124,-3
35320,9.59,T,64,2,567,0,45,208,109,7,Z,59,10,133,0,136,273,317,3,1,-5,8,-434,0,91,65,208,-4
35321,3.59,Z,10,0,254,0,20,88,35,3,T,31,1,162,0,221,110,33,11,0,21,1,-92,0,201,22,-2,8
35322,9.59,T,46,0,551,0,0,172,86,2,Z,56,3,531,0,57,135,194,1,1,10,3,-20,0,57,-37,108,-1
35323,8.55,T,48,2,534,0,68,136,198,0,P,46,1,616,0,131,323,95,8,1,-2,-1,82,0,63,187,-103,8
35324,9.59,T,65,0,314,0,0,28,116,0,Z,72,6,450,0,47,163,237,3,0,7,6,136,0,47,135,121,3
35325,6.09,P,37,0,303,0,241,131,32,5,Z,34,0,355,0,0,87,168,0,1,-3,0,52,0,-241,-44,136,-5
35326,9.2,P,37,0,479,0,0,159,84,0,P,42,1,436,0,44,133,96,3,1,5,1,-43,0,44,-26,12,3
35327,3.07,Z,10,0,219,0,25,52,49,1,Z,5,0,85,0,33,17,66,1,0,-5,0,-134,0,8,-35,17,0
35328,3.08,Z,12,1,79,0,167,107,160,3,Z,22,0,203,0,276,66,74,4,0,10,-1,124,0,109,-41,-86,1
35329,9.59,T,133,7,479,0,146,339,104,10,Z,101,12,551,1,490,428,316,25,1,-32,5,72,1,344,89,212,15
35330,5.17,T,40,0,265,0,162,194,34,7,T,43,0,367,0,18,99,135,3,0,3,0,102,0,-144,-95,101,-4
35331,8.18,Z,42,5,364,0,311,221,260,0,Z,71,1,238,0,199,168,340,4,1,29,-4,-126,0,-112,-53,80,4
35332,7.16,Z,48,5,127,0,50,397,133,2,T,55,4,432,0,264,137,68,5,1,7,-1,305,0,214,-260,-65,3
35333,9.59,T,38,0,348,0,1,146,53,1,T,46,0,1105,0,2,146,108,2,0,8,0,757,0,1,0,55,1
35334,1.3,Z,6,0,44,0,2,6,14,2,T,4,0,128,0,16,12,20,2,1,-2,0,84,0,14,6,6,0
35335,10.46,Z,61,5,389,0,171,347,462,0,Z,49,0,505,0,27,225,202,4,0,-12,-5,116,0,-144,-122,-260,4
35336,3.28,Z,8,0,34,0,1,82,68,0,P,13,0,202,0,4,90,22,2,0,5,0,168,0,3,8,-46,2
35337,5.03,Z,25,1,496,0,138,98,181,3,T,43,5,448,0,77,92,53,2,1,18,4,-48,0,-61,-6,-128,-1
35338,7.35,Z,49,13,294,0,221,237,193,5,Z,43,2,300,0,47,90,133,3,1,-6,-11,6,0,-174,-147,-60,-2
35339,1.58,T,5,0,138,0,193,9,7,5,Z,5,0,192,0,8,5,22,2,0,0,0,54,0,-185,-4,15,-3
35340,7.42,T,44,0,519,0,40,214,77,11,P,30,0,279,0,26,92,232,6,1,-14,0,-240,0,-14,-122,155,-5
35341,9.59,T,46,0,359,0,5,40,81,1,T,35,0,383,0,0,21,70,0,0,-11,0,24,0,-5,-19,-11,-1
35342,6.49,P,28,0,274,0,891,78,36,5,T,23,0,398,0,0,36,46,4,1,-5,0,124,0,-891,-42,10,-1
35343,10.56,T,113,6,404,0,158,227,151,8,Z,88,8,515,0,103,283,263,5,0,-25,2,111,0,-55,56,112,-3
35344,4.3,T,26,1,259,0,16,41,19,2,T,36,1,249,0,67,92,72,2,1,10,0,-10,0,51,51,53,0
35345,7.15,T,34,0,271,0,2,58,84,1,T,50,7,518,0,186,88,57,7,1,16,7,247,0,184,30,-27,6
35346,3.18,Z,12,0,30,0,24,44,73,6,Z,10,3,87,0,27,21,72,0,0,-2,3,57,0,3,-23,-1,-6
35347,5.12,T,35,4,194,0,122,67,32,0,T,33,0,289,0,135,167,68,2,0,-2,-4,95,0,13,100,36,2
35348,2.17,Z,6,0,83,0,0,19,28,0,P,10,0,110,0,11,46,7,8,1,4,0,27,0,11,27,-21,8
35349,5.15,T,31,1,419,0,354,54,168,5,T,36,2,287,0,0,49,48,0,0,5,1,-132,0,-354,-5,-120,-5
35350,4.47,T,26,0,168,0,271,150,105,6,P,26,0,158,0,0,42,60,0,0,0,0,-10,0,-271,-108,-45,-6
35351,8.21,Z,50,0,343,0,75,204,164,9,P,45,0,465,0,25,76,43,4,0,-5,0,122,0,-50,-128,-121,-5
35352,3.58,P,23,0,193,0,35,95,167,2,P,20,0,225,0,135,85,103,4,1,-3,0,32,0,100,-10,-64,2
35353,2.18,Z,8,0,75,0,19,50,76,3,Z,13,1,55,0,249,48,83,1,0,5,1,-20,0,230,-2,7,-2
35354,6.4,T,34,0,360,0,109,255,75,21,T,62,0,308,0,418,215,209,2,1,28,0,-52,0,309,-40,134,-19
35355,7.08,T,42,3,523,0,264,192,150,0,Z,36,1,237,0,245,144,128,6,1,-6,-2,-286,0,-19,-48,-22,6
35356,3.56,P,22,0,114,0,410,128,101,5,P,22,0,128,0,144,149,44,5,0,0,0,14,0,-266,21,-57,0
35357,8.25,P,39,9,233,0,10,212,252,0,P,44,6,594,0,25,130,41,0,1,5,-3,361,0,15,-82,-211,0
35358,5.27,P,17,1,254,0,13,94,33,6,T,19,0,229,0,48,40,52,6,0,2,-1,-25,0,35,-54,19,0
35359,9.59,Z,26,0,432,0,2,52,111,1,T,50,0,539,1,9,42,67,3,1,24,0,107,1,7,-10,-44,2
35360,0.04,P,1,0,1,0,0,1,2,0,T,1,0,42,0,0,1,0,0,1,0,0,41,0,0,0,-2,0
35361,6.37,T,36,0,364,0,7,128,90,14,T,56,0,323,0,13,219,122,4,1,20,0,-41,0,6,91,32,-10
35362,4.24,T,27,2,158,0,127,131,100,4,P,24,0,171,0,8,71,29,2,1,-3,-2,13,0,-119,-60,-71,-2
35363,8.05,T,72,4,353,0,28,294,231,5,P,38,0,325,0,40,95,66,6,0,-34,-4,-28,0,12,-199,-165,1
35364,2.55,P,13,0,100,0,5,27,15,1,T,0,0,1,0,0,0,0,0,0,-13,0,-99,0,-5,-27,-15,-1
35365,5.21,T,28,0,92,0,1,54,50,7,T,24,3,189,0,362,121,162,8,0,-4,3,97,0,361,67,112,1
35366,6.26,Z,24,7,271,0,4,68,97,0,Z,35,8,144,0,18,140,215,0,1,11,1,-127,0,14,72,118,0
35367,4.32,Z,19,2,191,0,7,44,100,1,T,26,1,227,0,2,36,35,0,1,7,-1,36,0,-5,-8,-65,-1
35368,5.12,P,16,0,201,0,53,113,68,2,Z,19,1,65,0,8,32,112,1,1,3,1,-136,0,-45,-81,44,-1
35369,1.31,P,5,0,29,0,5,12,8,1,P,4,0,51,0,0,11,4,0,0,-1,0,22,0,-5,-1,-4,-1
35370,7.22,Z,45,1,361,0,226,131,214,12,T,60,0,323,0,889,207,59,10,1,15,-1,-38,0,663,76,-155,-2
35371,10.19,P,92,6,653,0,265,205,110,9,P,52,1,290,0,28,115,90,3,0,-40,-5,-363,0,-237,-90,-20,-6
35372,4.16,P,27,1,105,0,2,85,28,0,Z,19,0,251,0,10,79,42,3,1,-8,-1,146,0,8,-6,14,3
35373,4.01,T,25,0,334,0,9,137,55,1,P,35,0,235,0,0,106,38,0,1,10,0,-99,0,-9,-31,-17,-1
35374,8.29,Z,81,0,328,0,415,430,236,7,T,131,0,549,0,391,323,124,20,1,50,0,221,0,-24,-107,-112,13
35375,2.24,T,5,0,97,0,0,4,11,0,P,9,0,122,0,0,86,37,1,1,4,0,25,0,0,82,26,1
35376,7.1,P,41,0,493,0,10,153,63,6,T,54,2,498,0,42,99,75,3,0,13,2,5,0,32,-54,12,-3
35377,8.36,P,55,0,532,0,17,271,95,2,T,46,0,364,0,0,117,96,2,1,-9,0,-168,0,-17,-154,1,0
35378,10.34,T,71,0,757,0,216,269,155,3,T,70,0,824,0,68,281,75,7,0,-1,0,67,0,-148,12,-80,4
35379,9.59,T,118,0,646,0,745,366,221,19,T,117,4,757,0,977,486,181,10,0,-1,4,111,0,232,120,-40,-9
35380,9.58,Z,61,1,359,0,132,172,214,3,P,49,0,501,0,0,185,117,0,0,-12,-1,142,0,-132,13,-97,-3
35381,5.51,Z,21,4,371,0,21,183,98,0,P,33,0,401,0,299,183,38,7,1,12,-4,30,0,278,0,-60,7
35382,5.16,Z,32,7,339,0,46,111,166,0,Z,27,4,200,0,22,68,68,0,0,-5,-3,-139,0,-24,-43,-98,0
35383,9.46,P,54,0,660,0,5,135,61,1,P,69,0,651,0,31,156,78,4,1,15,0,-9,0,26,21,17,3
35384,8.45,T,76,0,403,0,85,254,146,6,Z,67,2,357,0,243,205,321,6,0,-9,2,-46,0,158,-49,175,0
35385,7.58,P,21,0,573,0,0,68,40,0,P,23,0,613,0,0,49,39,0,1,2,0,40,0,0,-19,-1,0
35386,5.08,Z,28,0,352,0,270,124,203,5,T,42,3,160,0,222,102,111,3,0,14,3,-192,0,-48,-22,-92,-2
35387,3.38,P,15,0,221,0,182,104,37,5,Z,17,2,119,0,20,58,96,1,1,2,2,-102,0,-162,-46,59,-4
35388,7.35,P,37,0,388,0,11,75,74,5,T,52,0,577,0,0,163,93,2,0,15,0,189,0,-11,88,19,-3
35389,9.58,P,61,13,401,8,177,399,281,0,P,53,0,666,0,21,328,123,11,1,-8,-13,265,-8,-156,-71,-158,11
35390,9.59,Z,42,6,909,0,33,148,137,0,Z,36,3,308,0,8,45,146,0,0,-6,-3,-601,0,-25,-103,9,0
35391,9.59,Z,77,5,273,0,49,280,273,0,T,85,4,460,0,83,184,135,2,1,8,-1,187,0,34,-96,-138,2
35392,9.59,P,61,0,421,0,8,196,88,7,T,71,0,592,0,200,154,146,7,1,10,0,171,0,192,-42,58,0
35393,9.1,T,47,0,453,0,2,117,142,3,P,77,10,666,0,21,151,91,6,1,30,10,213,0,19,34,-51,3
35394,0.29,Z,2,1,15,0,20,3,24,0,Z,2,2,18,0,28,2,11,0,0,0,1,3,0,8,-1,-13,0
35395,9.59,Z,69,5,585,0,54,262,272,1,T,55,3,978,0,28,117,78,3,0,-14,-2,393,0,-26,-145,-194,2
35396,10.23,Z,80,4,464,0,402,215,308,6,T,91,5,716,0,30,174,234,2,1,11,1,252,0,-372,-41,-74,-4
35397,6,P,20,3,279,0,25,147,44,0,T,30,7,227,0,12,48,59,0,1,10,4,-52,0,-13,-99,15,0
35398,8.03,T,41,0,479,0,0,132,131,0,T,51,0,494,0,14,61,62,3,1,10,0,15,0,14,-71,-69,3
35399,9.58,Z,36,0,70,0,7,45,143,7,P,53,0,550,0,36,145,106,4,1,17,0,480,0,29,100,-37,-3
35400,6.14,P,29,1,233,0,12,59,56,0,Z,28,4,267,0,38,114,108,0,1,-1,3,34,0,26,55,52,0
35401,4.59,P,22,1,349,0,9,41,24,5,P,20,2,245,0,21,48,28,0,0,-2,1,-104,0,12,7,4,-5
35402,9.59,Z,51,10,318,2,97,270,172,4,Z,57,7,514,0,62,254,199,6,0,6,-3,196,-2,-35,-16,27,2
35403,9.02,T,81,7,432,0,185,233,172,8,T,60,11,394,0,314,378,103,5,0,-21,4,-38,0,129,145,-69,-3
35404,8.5,T,79,4,427,0,525,102,164,6,Z,60,0,694,0,62,183,272,4,0,-19,-4,267,0,-463,81,108,-2
35405,4.58,P,27,5,136,0,39,64,67,1,T,31,0,176,0,80,66,48,3,0,4,-5,40,0,41,2,-19,2
35406,7.31,P,50,0,379,19,194,175,113,0,P,50,0,353,0,46,199,215,5,1,0,0,-26,-19,-148,24,102,5
35407,9.59,P,40,0,495,0,0,45,71,0,T,56,0,321,0,23,97,117,4,1,16,0,-174,0,23,52,46,4
35408,9.01,P,73,0,572,0,158,221,90,6,Z,61,1,376,3,232,252,234,11,1,-12,1,-196,3,74,31,144,5
35409,7.41,P,56,0,413,0,224,260,145,4,T,56,0,395,0,729,120,115,3,1,0,0,-18,0,505,-140,-30,-1
35410,6.26,P,34,6,326,0,24,102,70,1,P,34,2,244,0,23,55,48,4,0,0,-4,-82,0,-1,-47,-22,3
35411,9.57,T,67,0,573,0,2,198,112,2,Z,48,4,667,0,201,191,317,2,1,-19,4,94,0,199,-7,205,0
35412,9.06,P,29,0,361,0,0,38,37,0,T,34,0,472,0,4,56,61,1,0,5,0,111,0,4,18,24,1
35413,7.1,P,78,2,385,0,85,217,165,6,Z,50,3,366,0,39,210,171,4,1,-28,1,-19,0,-46,-7,6,-2
35414,6.04,Z,34,6,382,0,16,104,129,0,Z,19,0,163,0,0,54,67,1,0,-15,-6,-219,0,-16,-50,-62,1
35415,8.28,P,57,8,447,0,49,149,67,5,Z,51,5,427,0,213,149,209,4,0,-6,-3,-20,0,164,0,142,-1
35416,10,T,95,6,330,0,679,251,235,5,T,114,0,361,0,614,300,138,17,1,19,-6,31,0,-65,49,-97,12
35417,9.59,P,55,10,583,0,45,107,50,1,P,51,0,479,0,4,137,89,4,1,-4,-10,-104,0,-41,30,39,3
35418,3.17,T,12,1,136,0,9,26,32,1,T,14,0,125,0,157,56,110,2,1,2,-1,-11,0,148,30,78,1
35419,6.52,Z,41,1,422,0,45,150,142,1,Z,46,0,350,0,10,73,150,3,1,5,-1,-72,0,-35,-77,8,2
35420,3.1,Z,11,0,93,0,26,38,90,1,T,13,0,68,0,15,51,161,3,0,2,0,-25,0,-11,13,71,2
35421,6.46,Z,37,4,269,0,37,84,129,0,Z,38,1,292,0,25,94,119,3,0,1,-3,23,0,-12,10,-10,3
35422,5.44,Z,28,7,354,3,362,111,94,0,T,39,0,247,0,19,94,69,6,1,11,-7,-107,-3,-343,-17,-25,6
35423,6.13,Z,31,7,256,0,85,97,267,2,Z,29,0,309,0,23,92,98,4,1,-2,-7,53,0,-62,-5,-169,2
35424,9.54,Z,80,0,386,5,175,211,391,13,Z,73,6,340,0,209,212,395,3,0,-7,6,-46,-5,34,1,4,-10
35425,9.59,Z,70,2,356,0,48,149,244,1,T,117,12,738,0,9,165,135,1,1,47,10,382,0,-39,16,-109,0
35426,7.27,T,53,5,386,0,471,147,137,13,P,55,3,329,0,750,126,44,5,0,2,-2,-57,0,279,-21,-93,-8
35427,9.59,Z,68,5,433,0,55,281,209,6,T,88,0,621,0,181,384,153,18,1,20,-5,188,0,126,103,-56,12
35428,9.59,Z,43,1,694,0,3,54,129,1,T,36,3,700,0,191,134,90,6,1,-7,2,6,0,188,80,-39,5
35429,9.55,T,98,0,406,0,79,289,155,7,Z,53,0,490,0,11,211,305,9,0,-45,0,84,0,-68,-78,150,2
35430,8.11,T,35,0,361,0,0,69,78,3,P,47,2,187,0,1,242,107,0,1,12,2,-174,0,1,173,29,-3
35431,8.03,T,53,5,588,0,2,216,172,1,Z,53,0,288,0,19,97,117,2,1,0,-5,-300,0,17,-119,-55,1
35432,4.2,T,17,2,287,0,27,62,30,5,Z,17,1,212,0,22,85,165,6,1,0,-1,-75,0,-5,23,135,1
35433,9.43,P,47,0,434,0,3,316,98,2,P,56,4,651,0,110,298,77,7,1,9,4,217,0,107,-18,-21,5
35434,6.42,T,78,0,309,0,81,251,70,7,P,47,1,435,0,118,131,56,7,1,-31,1,126,0,37,-120,-14,0
35435,9.59,T,81,6,469,0,311,312,129,3,Z,66,0,433,0,21,142,172,3,0,-15,-6,-36,0,-290,-170,43,0
35436,10.22,Z,75,0,466,0,76,282,315,2,T,93,6,643,0,328,187,136,5,1,18,6,177,0,252,-95,-179,3
35437,9.59,Z,65,12,482,0,56,139,231,6,P,48,0,791,0,7,213,89,6,0,-17,-12,309,0,-49,74,-142,0
35438,9.59,Z,63,0,563,0,52,152,219,8,P,60,3,718,0,830,213,89,7,1,-3,3,155,0,778,61,-130,-1
35439,8.43,P,48,0,488,0,17,282,73,6,Z,36,0,479,0,14,92,175,1,0,-12,0,-9,0,-3,-190,102,-5
35440,8,P,34,0,319,0,97,124,62,11,P,52,3,420,0,148,229,181,6,0,18,3,101,0,51,105,119,-5
35441,9.59,T,67,5,597,0,38,62,67,6,T,81,0,594,0,53,86,86,4,0,14,-5,-3,0,15,24,19,-2
35442,6.33,T,41,0,224,0,1,105,74,4,Z,24,3,530,0,34,57,92,0,0,-17,3,306,0,33,-48,18,-4
35443,5.32,P,20,0,401,0,49,140,81,2,P,23,0,293,0,1,94,31,1,0,3,0,-108,0,-48,-46,-50,-1
35444,9.59,P,103,4,528,0,171,325,213,6,Z,112,0,656,0,509,329,325,29,0,9,-4,128,0,338,4,112,23
35445,5.55,T,11,0,115,0,0,24,28,0,P,36,0,483,0,47,165,90,4,1,25,0,368,0,47,141,62,4
35446,10.25,T,103,1,453,0,876,363,144,20,T,52,0,518,0,9,89,70,8,0,-51,-1,65,0,-867,-274,-74,-12
35447,6.01,P,17,0,410,0,82,127,53,7,P,25,0,584,0,101,71,47,4,1,8,0,174,0,19,-56,-6,-3
35448,6.3,Z,32,0,367,0,12,58,92,3,P,19,0,294,0,0,78,25,0,0,-13,0,-73,0,-12,20,-67,-3
35449,6.17,P,35,0,243,4,138,115,45,0,Z,22,3,168,0,37,132,66,3,0,-13,3,-75,-4,-101,17,21,3
35450,3.38,T,15,4,212,0,0,79,58,1,T,16,2,300,0,2,17,27,0,0,1,-2,88,0,2,-62,-31,-1
35451,2.5,Z,10,0,97,0,52,46,110,3,Z,9,0,146,0,60,51,99,6,1,-1,0,49,0,8,5,-11,3
35452,5.01,Z,29,0,231,0,52,43,96,1,Z,16,3,179,0,12,59,73,11,1,-13,3,-52,0,-40,16,-23,10
35453,9.59,T,105,0,773,20,207,276,249,5,T,76,11,599,0,61,213,115,1,1,-29,11,-174,-20,-146,-63,-134,-4
35454,4.38,T,26,0,199,0,47,55,75,3,Z,22,0,275,0,28,109,59,10,1,-4,0,76,0,-19,54,-16,7
35455,10,T,120,3,670,0,749,489,181,5,Z,74,0,605,0,179,171,315,3,0,-46,-3,-65,0,-570,-318,134,-2
35456,4.17,Z,18,1,242,0,205,79,70,4,T,34,1,224,0,62,135,116,4,0,16,0,-18,0,-143,56,46,0
35457,9.58,T,111,2,693,0,38,233,127,9,Z,77,6,296,0,88,141,170,1,1,-34,4,-397,0,50,-92,43,-8
35458,6.15,P,56,8,375,0,47,238,228,6,T,51,0,325,0,581,93,69,17,0,-5,-8,-50,0,534,-145,-159,11
35459,4.18,T,24,0,107,0,3,77,65,10,T,20,2,176,0,363,70,150,4,0,-4,2,69,0,360,-7,85,-6
35460,9.59,Z,63,4,822,0,37,285,266,7,T,77,4,871,2,26,274,148,0,0,14,0,49,2,-11,-11,-118,-7
35461,6.29,T,44,0,513,0,1,94,85,2,T,26,1,449,0,3,36,45,3,0,-18,1,-64,0,2,-58,-40,1
35462,4,Z,15,0,139,0,12,26,46,6,Z,18,1,127,0,30,91,56,0,0,3,1,-12,0,18,65,10,-6
35463,9.59,Z,86,0,367,0,175,213,366,13,T,95,0,646,0,229,188,209,12,0,9,0,279,0,54,-25,-157,-1
35464,5.05,Z,30,0,151,0,10,78,96,3,P,34,0,379,0,1,122,47,1,1,4,0,228,0,-9,44,-49,-2
35465,9.59,Z,102,6,441,0,261,252,270,6,P,83,10,391,0,201,272,81,6,1,-19,4,-50,0,-60,20,-189,0
35466,3.04,Z,14,0,150,0,31,46,50,6,P,14,2,159,0,70,131,24,3,0,0,2,9,0,39,85,-26,-3
35467,9.59,P,96,2,412,0,464,290,110,18,T,119,3,309,1,630,298,173,11,0,23,1,-103,1,166,8,63,-7
35468,9.59,T,51,11,474,0,386,251,126,1,P,50,0,489,0,22,207,39,9,0,-1,-11,15,0,-364,-44,-87,8
35469,8.07,Z,58,0,332,0,468,238,264,7,T,97,5,467,0,719,234,218,11,1,39,5,135,0,251,-4,-46,4
35470,6.17,Z,28,0,192,0,15,105,90,5,P,31,0,341,0,18,131,68,5,1,3,0,149,0,3,26,-22,0
35471,9.56,T,43,0,599,0,1,75,117,2,Z,31,1,485,0,8,128,139,0,1,-12,1,-114,0,7,53,22,-2
35472,9.59,T,37,0,122,0,0,23,67,0,Z,32,2,563,0,11,107,149,0,1,-5,2,441,0,11,84,82,0
35473,10.26,P,46,7,791,0,173,124,67,6,P,29,0,882,0,2,133,70,2,0,-17,-7,91,0,-171,9,3,-4
35474,8.33,Z,36,0,413,6,24,159,131,0,Z,41,0,521,0,34,101,123,2,0,5,0,108,-6,10,-58,-8,2
35475,9.28,Z,34,0,1036,0,0,62,154,0,Z,27,4,502,0,12,221,138,0,0,-7,4,-534,0,12,159,-16,0
35476,4.24,Z,28,0,72,0,37,38,89,2,T,30,0,158,0,235,128,52,4,1,2,0,86,0,198,90,-37,2
35477,10.06,T,77,6,664,0,658,231,263,4,T,99,14,333,0,390,310,132,12,1,22,8,-331,0,-268,79,-131,8
35478,10.02,Z,70,5,687,0,395,235,252,9,P,54,0,1107,0,29,129,95,3,0,-16,-5,420,0,-366,-106,-157,-6
35479,9.59,P,95,10,585,0,179,236,122,2,T,71,3,494,0,23,236,101,5,0,-24,-7,-91,0,-156,0,-21,3
35480,9.59,Z,102,0,621,0,464,254,313,20,T,104,0,486,0,350,281,123,9,0,2,0,-135,0,-114,27,-190,-11
35481,7.19,P,45,1,199,0,31,110,54,3,P,29,2,389,0,2,192,52,0,0,-16,1,190,0,-29,82,-2,-3
35482,9.59,T,61,4,596,0,374,175,105,5,P,77,0,552,0,365,512,68,9,0,16,-4,-44,0,-9,337,-37,4
35483,4.39,P,20,0,86,0,0,60,26,0,T,21,2,272,0,15,92,50,0,1,1,2,186,0,15,32,24,0
35484,9.58,P,85,13,627,0,408,207,228,2,T,86,0,1185,0,91,132,109,10,0,1,-13,558,0,-317,-75,-119,8
35485,8.36,T,80,0,652,0,159,336,116,9,Z,72,2,354,0,54,219,220,1,1,-8,2,-298,0,-105,-117,104,-8
35486,7.26,P,40,0,235,0,6,80,58,5,Z,45,0,314,0,282,230,238,11,0,5,0,79,0,276,150,180,6
35487,3.3,T,11,0,311,0,59,64,55,3,T,12,0,224,0,0,40,29,1,1,1,0,-87,0,-59,-24,-26,-2
35488,9.58,P,31,0,146,0,12,40,43,1,Z,51,0,1024,0,34,79,188,3,1,20,0,878,0,22,39,145,2
35489,7.22,T,100,0,476,0,129,408,95,29,Z,48,9,457,0,58,122,140,0,1,-52,9,-19,0,-71,-286,45,-29
35490,1.58,P,8,0,148,0,0,34,8,1,Z,0,0,93,0,0,85,10,0,1,-8,0,-55,0,0,51,2,-1
35491,9.59,Z,72,5,459,0,493,210,250,8,Z,52,9,326,0,196,125,163,6,0,-20,4,-133,0,-297,-85,-87,-2
35492,10.58,P,59,0,790,0,5,233,92,2,Z,59,2,435,0,240,324,343,5,0,0,2,-355,0,235,91,251,3
35493,5.24,T,53,4,283,0,159,133,52,7,Z,36,0,178,5,37,106,93,0,1,-17,-4,-105,5,-122,-27,41,-7
35494,9.59,P,76,3,1017,0,154,242,67,8,T,84,6,438,0,327,243,142,1,0,8,3,-579,0,173,1,75,-7
35495,7.19,Z,68,12,403,0,654,222,240,10,Z,64,1,517,0,456,206,177,11,1,-4,-11,114,0,-198,-16,-63,1
35496,5.21,T,44,0,275,1,101,164,103,6,T,26,1,294,0,162,89,151,11,1,-18,1,19,-1,61,-75,48,5
35497,9.52,P,40,0,330,0,19,56,57,4,T,35,0,265,0,0,22,80,0,0,-5,0,-65,0,-19,-34,23,-4
35498,6.31,T,36,0,317,0,96,76,41,8,T,66,1,288,0,55,218,67,6,1,30,1,-29,0,-41,142,26,-2
35499,4.03,T,9,0,194,0,0,44,24,0,T,16,6,335,0,0,54,67,0,1,7,6,141,0,0,10,43,0
35500,9.59,T,73,0,519,0,97,139,114,5,T,105,0,602,0,153,215,155,13,1,32,0,83,0,56,76,41,8
35501,6.11,Z,24,0,233,0,34,114,100,4,P,24,4,434,0,2,92,37,0,0,0,4,201,0,-32,-22,-63,-4
35502,8.47,P,46,0,279,0,24,115,51,2,P,39,4,459,0,22,141,55,6,0,-7,4,180,0,-2,26,4,4
35503,4.32,T,33,5,173,0,141,86,206,2,Z,18,1,273,0,106,81,72,0,1,-15,-4,100,0,-35,-5,-134,-2
35504,2.02,Z,5,0,15,0,54,38,143,1,Z,7,0,60,0,0,11,31,1,0,2,0,45,0,-54,-27,-112,0
35505,8.01,P,51,2,192,0,41,222,74,4,P,53,0,157,0,29,203,98,2,0,2,-2,-35,0,-12,-19,24,-2
35506,4.56,P,25,2,411,0,21,72,35,3,T,27,3,361,0,22,88,39,0,0,2,1,-50,0,1,16,4,-3
35507,9.59,P,76,0,500,0,711,221,198,15,T,91,7,1020,0,182,224,129,4,0,15,7,520,0,-529,3,-69,-11
35508,10.28,Z,93,0,468,0,162,208,266,14,P,72,7,633,0,133,219,140,0,0,-21,7,165,0,-29,11,-126,-14
35509,5.49,Z,24,2,132,0,17,42,80,1,T,30,3,172,0,16,52,33,0,1,6,1,40,0,-1,10,-47,-1
35510,8.16,T,46,0,498,0,45,132,77,10,P,39,1,489,0,7,148,62,1,1,-7,1,-9,0,-38,16,-15,-9
35511,3.18,Z,16,0,85,0,0,31,46,0,P,11,1,255,0,0,16,16,0,0,-5,1,170,0,0,-15,-30,0
35512,3.23,T,20,2,170,0,46,130,36,4,T,16,3,224,0,2,38,26,0,0,-4,1,54,0,-44,-92,-10,-4
35513,8.5,T,51,0,493,0,3,84,86,3,T,53,0,510,0,25,132,103,5,0,2,0,17,0,22,48,17,2
35514,9.55,T,57,1,358,0,19,83,86,2,T,24,0,450,0,0,12,44,0,0,-33,-1,92,0,-19,-71,-42,-2
35515,9.59,P,65,6,663,0,51,283,54,9,P,61,0,523,0,42,136,162,5,0,-4,-6,-140,0,-9,-147,108,-4
35516,2.44,P,15,1,130,0,221,67,19,9,Z,12,0,354,0,130,83,45,3,1,-3,-1,224,0,-91,16,26,-6
35517,9.41,P,84,0,946,0,38,168,115,12,T,60,9,474,0,54,83,80,2,1,-24,9,-472,0,16,-85,-35,-10
35518,6.03,P,41,1,368,0,29,76,151,2,T,39,0,358,0,20,53,64,3,1,-2,-1,-10,0,-9,-23,-87,1
35519,8.48,T,100,3,406,0,327,410,95,3,Z,70,0,331,0,237,366,270,24,1,-30,-3,-75,0,-90,-44,175,21
35520,7.13,P,59,0,487,0,345,127,65,3,T,52,0,290,0,16,262,199,12,0,-7,0,-197,0,-329,135,134,9
35521,4.1,T,27,4,172,0,464,32,107,1,Z,21,1,151,0,3,23,51,0,0,-6,-3,-21,0,-461,-9,-56,-1
35522,3.27,T,17,0,241,0,111,51,53,10,P,13,0,193,0,31,98,27,6,1,-4,0,-48,0,-80,47,-26,-4
35523,10.27,T,143,6,669,35,623,324,313,1,Z,85,0,546,0,548,241,314,14,1,-58,-6,-123,-35,-75,-83,1,13
35524,5.33,P,21,0,268,0,13,152,41,3,P,25,5,351,0,11,44,26,0,0,4,5,83,0,-2,-108,-15,-3
35525,8.27,Z,35,6,414,1,7,146,120,1,P,32,2,607,0,12,149,49,0,1,-3,-4,193,-1,5,3,-71,-1
35526,10.01,P,72,1,452,0,76,361,96,15,T,63,0,654,0,15,252,129,5,0,-9,-1,202,0,-61,-109,33,-10
35527,6.09,T,47,0,209,0,778,102,169,12,Z,48,1,198,1,159,46,209,5,0,1,1,-11,1,-619,-56,40,-7
35528,9.57,T,20,0,388,0,0,15,38,0,Z,41,0,363,0,0,39,155,0,1,21,0,-25,0,0,24,117,0
35529,7.37,P,76,0,574,0,341,194,78,20,Z,74,7,274,5,818,199,319,27,1,-2,7,-300,5,477,5,241,7
35530,6.26,P,41,0,613,0,31,99,71,5,Z,39,0,335,0,128,178,114,9,1,-2,0,-278,0,97,79,43,4
35531,3.46,P,20,0,141,0,131,152,90,3,T,23,0,146,0,9,160,151,3,1,3,0,5,0,-122,8,61,0
35532,9.59,T,94,28,751,0,654,190,181,6,T,104,14,555,0,463,215,129,17,0,10,-14,-196,0,-191,25,-52,11
35533,9.59,P,59,0,477,0,195,167,107,8,Z,74,7,385,0,72,52,174,0,0,15,7,-92,0,-123,-115,67,-8
35534,9.59,Z,42,0,489,0,0,31,137,1,T,28,0,275,0,0,49,64,4,0,-14,0,-214,0,0,18,-73,3
35535,7.25,Z,34,0,228,0,23,197,155,6,Z,56,6,301,0,128,266,174,6,1,22,6,73,0,105,69,19,0
35536,4.01,Z,17,2,188,0,17,179,61,2,Z,16,0,100,0,106,86,137,1,1,-1,-2,-88,0,89,-93,76,-1
35537,8.59,P,46,6,533,0,34,207,133,1,T,83,0,567,0,0,332,210,1,0,37,-6,34,0,-34,125,77,0
35538,6.01,P,41,4,514,0,26,162,66,1,T,49,7,378,0,393,125,109,3,1,8,3,-136,0,367,-37,43,2
35539,6.23,T,41,0,275,0,416,132,81,5,Z,39,1,193,0,86,143,138,12,0,-2,1,-82,0,-330,11,57,7
35540,5.24,Z,32,0,397,0,49,74,126,1,T,29,3,363,0,14,64,46,1,0,-3,3,-34,0,-35,-10,-80,0
35541,9.05,P,51,0,398,0,18,263,56,5,Z,43,7,871,0,93,78,155,5,1,-8,7,473,0,75,-185,99,0
35542,9.14,Z,52,8,237,0,54,75,147,0,P,65,0,394,0,38,101,41,5,0,13,-8,157,0,-16,26,-106,5
35543,3.1,T,12,4,203,0,44,38,21,0,P,13,3,100,0,34,30,38,6,0,1,-1,-103,0,-10,-8,17,6
35544,4.35,P,24,2,184,0,47,72,48,4,P,13,3,279,0,0,77,34,0,1,-11,1,95,0,-47,5,-14,-4
35545,9.49,P,21,0,494,0,0,100,27,0,P,49,0,543,0,0,159,70,0,1,28,0,49,0,0,59,43,0
35546,6.49,Z,42,11,400,0,339,144,299,1,P,42,2,530,0,11,181,88,9,1,0,-9,130,0,-328,37,-211,8
35547,3.14,P,16,3,80,0,8,198,10,2,T,27,2,79,0,0,65,35,0,0,11,-1,-1,0,-8,-133,25,-2
35548,9.59,P,57,0,408,0,1,58,80,1,T,58,4,465,0,14,227,101,1,0,1,4,57,0,13,169,21,0
35549,4.47,P,23,0,357,0,14,50,23,3,P,22,1,177,0,6,55,36,0,1,-1,1,-180,0,-8,5,13,-3
35550,4.29,T,27,0,203,0,0,112,37,0,Z,24,0,197,0,99,86,91,3,1,-3,0,-6,0,99,-26,54,3
35551,9,Z,61,5,415,0,492,140,228,9,Z,55,0,192,0,104,121,154,2,0,-6,-5,-223,0,-388,-19,-74,-7
35552,9.59,T,87,0,675,0,45,147,100,7,P,41,0,538,0,0,143,85,1,0,-46,0,-137,0,-45,-4,-15,-6
35553,7.3,P,40,0,304,0,0,123,141,0,Z,35,0,664,0,2,96,117,6,0,-5,0,360,0,2,-27,-24,6
35554,9.54,T,91,0,750,0,12,255,77,8,Z,43,0,664,0,24,155,139,5,1,-48,0,-86,0,12,-100,62,-3
35555,3.58,P,13,0,177,0,157,42,148,2,P,24,0,151,0,61,99,17,1,0,11,0,-26,0,-96,57,-131,-1
35556,3.36,T,19,0,220,0,17,100,28,11,Z,10,0,151,0,259,86,80,4,1,-9,0,-69,0,242,-14,52,-7
35557,10.37,Z,74,14,238,0,95,582,249,0,T,66,1,297,0,37,221,349,2,0,-8,-13,59,0,-58,-361,100,2
35558,10.57,T,23,0,691,0,0,43,54,0,T,68,2,515,0,49,179,125,4,1,45,2,-176,0,49,136,71,4
35559,7.16,Z,44,3,750,0,49,69,174,0,P,49,0,444,0,85,134,41,5,0,5,-3,-306,0,36,65,-133,5
35560,9.59,P,89,0,379,0,522,272,145,16,T,118,11,501,0,961,250,196,16,0,29,11,122,0,439,-22,51,0
35561,5.1,Z,25,6,144,0,361,103,147,2,Z,25,2,268,0,76,111,179,0,1,0,-4,124,0,-285,8,32,-2
35562,9.29,Z,82,2,547,0,249,309,358,2,T,96,0,467,0,302,181,180,6,1,14,-2,-80,0,53,-128,-178,4
35563,9.58,T,81,0,620,0,11,326,162,10,Z,93,0,461,0,69,79,275,4,1,12,0,-159,0,58,-247,113,-6
35564,6.34,T,49,0,364,0,327,280,134,7,T,57,1,244,0,464,184,76,13,1,8,1,-120,0,137,-96,-58,6
35565,1.53,Z,4,2,33,0,5,88,16,2,T,8,0,90,0,97,15,9,4,1,4,-2,57,0,92,-73,-7,2
35566,7.3,P,44,1,387,0,454,129,77,7,Z,46,4,321,0,21,73,181,0,1,2,3,-66,0,-433,-56,104,-7
35567,10.3,Z,66,7,1009,0,121,289,236,1,P,81,2,306,0,502,359,156,9,0,15,-5,-703,0,381,70,-80,8
35568,9.58,Z,56,7,546,0,35,160,242,0,P,76,11,483,0,299,335,178,3,1,20,4,-63,0,264,175,-64,3
35569,7.57,Z,53,10,443,1,710,194,248,6,T,76,0,489,0,213,208,91,12,0,23,-10,46,-1,-497,14,-157,6
35570,10.05,Z,41,0,379,0,14,37,153,1,T,85,0,515,0,243,108,148,15,1,44,0,136,0,229,71,-5,14
35571,8.35,Z,63,6,435,0,96,159,200,4,T,68,0,509,0,354,149,104,10,0,5,-6,74,0,258,-10,-96,6
35572,10.06,Z,63,0,872,0,0,94,192,0,T,55,0,535,0,6,209,123,3,1,-8,0,-337,0,6,115,-69,3
35573,4.53,Z,22,1,56,0,4,90,71,1,Z,25,1,135,0,56,216,70,4,1,3,0,79,0,52,126,-1,3
35574,4.57,T,24,0,481,0,6,268,192,4,T,28,0,189,0,17,55,39,1,0,4,0,-292,0,11,-213,-153,-3
35575,9.58,T,64,0,590,0,12,148,109,6,Z,50,3,870,0,7,136,209,0,0,-14,3,280,0,-5,-12,100,-6
35576,8.09,Z,49,0,559,0,15,172,180,5,P,64,1,745,0,62,197,121,3,1,15,1,186,0,47,25,-59,-2
35577,9.59,Z,76,3,688,0,67,353,303,5,P,52,0,490,0,58,163,89,9,0,-24,-3,-198,0,-9,-190,-214,4
35578,6.5,Z,39,10,241,3,110,105,177,8,Z,47,0,481,0,101,222,169,7,0,8,-10,240,-3,-9,117,-8,-1
35579,9.59,T,70,0,229,0,150,86,98,11,T,59,0,430,0,19,133,86,3,0,-11,0,201,0,-131,47,-12,-8
35580,9.21,T,59,0,583,0,1346,155,100,6,T,71,5,595,0,777,124,87,4,1,12,5,12,0,-569,-31,-13,-2
35581,9.59,T,68,0,435,0,39,112,96,8,Z,47,5,305,0,220,103,421,0,1,-21,5,-130,0,181,-9,325,-8
35582,4.27,Z,18,3,438,0,11,33,49,0,Z,16,1,102,0,16,64,68,7,0,-2,-2,-336,0,5,31,19,7
35583,5.18,P,34,0,389,0,27,84,48,4,Z,36,1,272,0,464,122,146,8,1,2,1,-117,0,437,38,98,4
35584,9.59,P,54,1,480,0,10,172,78,0,T,71,3,1051,0,24,145,200,2,1,17,2,571,0,14,-27,122,2
35585,3.57,T,23,0,281,0,205,79,121,3,T,21,0,238,0,0,45,29,3,0,-2,0,-43,0,-205,-34,-92,0
35586,6.3,T,36,0,279,0,1,89,61,1,Z,30,0,459,0,11,65,101,1,0,-6,0,180,0,10,-24,40,0
35587,7.58,Z,52,2,393,0,45,216,198,2,P,68,3,486,0,26,265,106,9,0,16,1,93,0,-19,49,-92,7
35588,9.59,T,76,2,729,0,103,461,163,6,T,105,3,261,0,148,359,129,8,1,29,1,-468,0,45,-102,-34,2
35589,6.45,Z,43,0,348,0,35,30,242,2,P,36,0,128,0,11,59,51,2,0,-7,0,-220,0,-24,29,-191,0
35590,4.09,P,22,0,287,0,216,135,29,7,T,42,0,210,0,183,211,92,10,1,20,0,-77,0,-33,76,63,3
35591,9.59,T,84,0,865,0,11,103,149,5,T,58,4,764,0,9,131,175,0,0,-26,4,-101,0,-2,28,26,-5
35592,8.29,T,117,1,522,0,474,244,147,13,Z,75,4,497,1,556,176,246,3,0,-42,3,-25,1,82,-68,99,-10
35593,9.59,Z,52,0,384,0,20,72,161,6,T,82,0,341,0,41,180,126,16,0,30,0,-43,0,21,108,-35,10
35594,9.39,Z,44,0,326,0,54,80,159,2,Z,54,10,306,0,25,138,130,0,1,10,10,-20,0,-29,58,-29,-2
35595,10.11,P,30,2,654,0,7,143,54,0,T,55,0,1146,6,80,41,60,0,1,25,-2,492,6,73,-102,6,0
35596,2.56,P,15,0,104,0,69,50,57,3,Z,12,0,112,0,324,48,114,4,1,-3,0,8,0,255,-2,57,1
35597,5.32,P,19,0,132,0,0,439,8,2,P,27,0,375,0,14,59,42,3,1,8,0,243,0,14,-380,34,1
35598,7.02,P,75,1,223,0,355,214,116,20,Z,45,0,200,0,161,194,195,4,0,-30,-1,-23,0,-194,-20,79,-16
35599,9.59,P,108,7,475,8,144,253,130,1,T,97,2,579,0,114,368,271,8,0,-11,-5,104,-8,-30,115,141,7
35600,9.59,Z,51,2,576,0,4,164,214,1,Z,45,1,393,0,6,81,184,0,0,-6,-1,-183,0,2,-83,-30,-1
35601,9.59,Z,58,0,865,0,59,187,165,8,T,108,3,688,0,313,311,265,7,0,50,3,-177,0,254,124,100,-1
35602,7.28,T,79,3,384,0,262,308,91,10,P,70,0,637,0,337,194,97,12,0,-9,-3,253,0,75,-114,6,2
35603,10.58,P,81,0,672,0,92,445,110,27,T,109,6,616,1,121,261,144,6,1,28,6,-56,1,29,-184,34,-21
35604,7.44,T,76,0,320,0,508,317,172,18,T,64,7,358,0,717,126,198,12,0,-12,7,38,0,209,-191,26,-6
35605,4.34,Z,17,4,171,0,23,25,50,0,T,21,0,222,0,8,102,44,4,0,4,-4,51,0,-15,77,-6,4
35606,9.58,P,57,0,379,0,41,134,74,5,Z,58,2,838,0,30,203,215,0,0,1,2,459,0,-11,69,141,-5
35607,6.04,T,43,3,341,0,58,160,61,1,T,32,1,251,0,337,106,146,8,1,-11,-2,-90,0,279,-54,85,7
35608,3.49,P,16,0,401,0,0,54,23,0,T,16,1,195,0,25,75,119,4,1,0,1,-206,0,25,21,96,4
35609,7.46,P,42,0,466,0,24,132,40,3,P,47,4,200,0,95,141,139,4,1,5,4,-266,0,71,9,99,1
35610,1.55,Z,8,3,8,0,242,26,72,0,Z,11,2,24,0,250,17,20,1,0,3,-1,16,0,8,-9,-52,1
35611,4.32,T,27,1,299,0,262,108,114,3,P,21,0,108,0,27,82,80,12,0,-6,-1,-191,0,-235,-26,-34,9
35612,2.36,T,12,0,212,0,0,59,26,0,T,15,0,323,0,10,34,23,7,1,3,0,111,0,10,-25,-3,7
35613,10.32,T,71,0,377,0,0,225,416,2,T,73,0,510,0,75,341,225,10,1,2,0,133,0,75,116,-191,8
35614,8.05,Z,42,5,176,0,566,162,160,3,T,62,0,423,0,496,158,113,11,0,20,-5,247,0,-70,-4,-47,8
35615,6.43,T,69,3,464,0,888,198,241,21,T,75,0,250,13,434,168,229,6,0,6,-3,-214,13,-454,-30,-12,-15
35616,9.59,P,55,4,408,0,36,97,94,3,T,71,0,899,0,104,193,138,7,0,16,-4,491,0,68,96,44,4
35617,9.57,P,65,0,340,0,42,206,73,6,Z,65,0,505,0,38,182,201,11,1,0,0,165,0,-4,-24,128,5
35618,9.59,P,53,0,465,1,1,163,71,0,Z,70,7,489,0,202,213,300,5,1,17,7,24,-1,201,50,229,5
35619,2.25,P,13,0,92,0,30,40,36,2,T,6,0,74,0,0,19,11,0,1,-7,0,-18,0,-30,-21,-25,-2
35620,8.37,Z,63,0,382,0,737,132,446,9,P,65,7,381,4,100,266,73,3,1,2,7,-1,4,-637,134,-373,-6
35621,9.59,T,90,4,758,0,523,200,140,12,P,84,2,466,0,634,387,143,17,0,-6,-2,-292,0,111,187,3,5
35622,9.59,T,51,3,625,0,19,168,69,0,P,45,0,612,0,408,245,64,10,1,-6,-3,-13,0,389,77,-5,10
35623,5,P,37,0,183,0,266,129,38,9,Z,19,0,286,0,147,53,192,4,0,-18,0,103,0,-119,-76,154,-5
35624,7.21,T,21,2,192,0,6,62,52,0,P,28,0,495,0,0,107,75,0,0,7,-2,303,0,-6,45,23,0
35625,8.13,T,64,2,656,0,460,206,216,2,Z,53,0,393,0,16,182,145,3,0,-11,-2,-263,0,-444,-24,-71,1
35626,9.59,T,72,0,390,0,210,125,177,9,T,45,4,685,0,76,129,70,0,0,-27,4,295,0,-134,4,-107,-9
35627,7.47,Z,64,2,419,0,138,150,251,5,Z,58,0,342,0,53,93,150,14,1,-6,-2,-77,0,-85,-57,-101,9
35628,8.04,Z,42,0,404,0,33,59,106,5,P,44,0,799,0,9,89,48,4,0,2,0,395,0,-24,30,-58,-1
35629,6.22,P,42,0,461,0,14,203,64,3,Z,40,0,356,0,81,141,108,6,1,-2,0,-105,0,67,-62,44,3
35630,8.58,Z,60,0,225,0,31,117,204,4,P,59,1,466,10,120,209,103,2,0,-1,1,241,10,89,92,-101,-2
35631,5.22,T,41,5,160,0,38,128,104,2,Z,28,0,528,0,32,95,66,4,0,-13,-5,368,0,-6,-33,-38,2
35632,8.37,T,61,7,423,0,193,154,134,21,T,20,0,824,0,0,69,52,1,0,-41,-7,401,0,-193,-85,-82,-20
35633,8.03,T,91,0,501,0,73,185,155,11,Z,65,0,187,0,41,183,172,6,0,-26,0,-314,0,-32,-2,17,-5
35634,9.58,P,63,0,441,0,0,249,162,0,Z,48,7,552,0,99,253,256,2,0,-15,7,111,0,99,4,94,2
35635,5.42,P,12,0,96,0,0,20,15,0,P,25,0,311,0,0,59,36,0,0,13,0,215,0,0,39,21,0
35636,8.52,Z,59,0,636,0,317,246,353,12,T,76,0,476,0,589,206,184,20,0,17,0,-160,0,272,-40,-169,8
35637,7.12,T,49,0,496,0,26,74,59,3,P,36,0,457,0,8,85,69,6,0,-13,0,-39,0,-18,11,10,3
35638,5.44,P,30,0,263,0,37,89,49,1,Z,42,8,332,0,58,221,173,1,0,12,8,69,0,21,132,124,0
35639,5.08,T,22,0,288,0,0,29,32,0,T,12,0,109,0,3,10,24,1,0,-10,0,-179,0,3,-19,-8,1
35640,8.12,P,61,6,484,0,459,227,152,7,P,75,4,392,0,195,240,127,25,0,14,-2,-92,0,-264,13,-25,18
35641,9.59,P,76,0,537,0,19,336,205,5,T,94,5,516,0,754,190,122,10,1,18,5,-21,0,735,-146,-83,5
35642,4.45,P,14,0,233,0,1,132,61,3,T,23,0,345,0,1,99,60,1,0,9,0,112,0,0,-33,-1,-2
35643,9.59,T,85,0,585,0,161,323,162,9,Z,54,5,541,0,77,116,211,1,0,-31,5,-44,0,-84,-207,49,-8
35644,7,T,51,5,306,0,499,134,162,15,Z,66,0,320,0,106,198,276,5,0,15,-5,14,0,-393,64,114,-10
35645,7.02,Z,31,0,560,0,9,195,125,1,Z,22,2,143,0,13,27,56,3,0,-9,2,-417,0,4,-168,-69,2
35646,5.46,T,35,0,258,0,8,57,45,5,T,28,0,191,0,10,69,41,4,0,-7,0,-67,0,2,12,-4,-1
35647,10.15,T,84,12,369,2,67,177,98,1,Z,77,6,586,0,575,230,623,6,0,-7,-6,217,-2,508,53,525,5
35648,9.59,Z,77,5,824,0,392,162,342,6,P,79,8,401,0,134,340,132,7,1,2,3,-423,0,-258,178,-210,1
35649,0.29,P,2,0,6,0,1,3,2,1,T,2,0,23,0,2,7,9,1,0,0,0,17,0,1,4,7,0
35650,6.17,T,40,1,721,0,63,61,122,0,T,45,2,668,0,18,89,86,0,1,5,1,-53,0,-45,28,-36,0
35651,3.59,T,25,0,155,0,32,55,26,4,T,19,0,156,0,0,8,22,0,0,-6,0,1,0,-32,-47,-4,-4
35652,9.59,T,90,8,764,0,99,246,113,2,Z,80,2,404,0,86,159,260,1,0,-10,-6,-360,0,-13,-87,147,-1
35653,9.28,T,62,4,618,0,11,129,97,14,Z,56,0,583,0,27,163,165,2,0,-6,-4,-35,0,16,34,68,-12
35654,9.56,Z,59,7,437,5,88,214,242,10,P,33,0,682,0,25,93,55,9,0,-26,-7,245,-5,-63,-121,-187,-1
35655,3.57,P,19,4,83,0,17,19,12,0,T,13,0,274,0,10,24,23,4,1,-6,-4,191,0,-7,5,11,4
35656,9.12,Z,50,0,276,7,46,107,235,1,P,28,0,610,0,7,50,49,7,0,-22,0,334,-7,-39,-57,-186,6
35657,9.27,T,57,0,750,0,5,107,79,5,P,36,0,854,0,0,34,56,0,0,-21,0,104,0,-5,-73,-23,-5
35658,2.45,T,8,2,123,0,426,7,11,0,T,12,1,81,0,0,31,21,0,1,4,-1,-42,0,-426,24,10,0
35659,7.41,P,39,0,355,0,18,63,30,7,T,54,1,451,0,24,121,99,1,0,15,1,96,0,6,58,69,-6
35660,0.01,Z,0,0,1,0,0,0,0,0,T,24,0,275,0,191,64,55,4,1,24,0,274,0,191,64,55,4
35661,10.04,Z,93,0,556,0,509,285,295,18,Z,70,1,453,5,114,276,284,10,0,-23,1,-103,5,-395,-9,-11,-8
35662,9.59,T,80,0,601,0,44,410,124,3,Z,69,0,508,0,298,251,464,3,1,-11,0,-93,0,254,-159,340,0
35663,4.42,Z,27,3,277,0,25,110,121,3,Z,29,2,283,0,142,89,110,4,1,2,-1,6,0,117,-21,-11,1
35664,10.07,Z,81,3,528,0,523,298,256,11,T,107,2,610,0,204,256,147,7,0,26,-1,82,0,-319,-42,-109,-4
35665,9.08,T,76,1,753,0,177,407,266,17,T,89,0,477,0,430,290,182,21,1,13,-1,-276,0,253,-117,-84,4
35666,7.04,Z,41,0,177,0,6,107,156,1,T,63,4,562,0,124,131,92,4,1,22,4,385,0,118,24,-64,3
35667,9.59,T,59,0,884,0,80,191,111,6,T,50,5,538,0,22,312,42,1,0,-9,5,-346,0,-58,121,-69,-5
35668,9.59,P,54,0,500,0,238,165,96,8,T,85,0,811,0,80,204,105,13,0,31,0,311,0,-158,39,9,5
35669,9.59,T,78,0,579,0,40,240,253,2,Z,54,8,856,0,68,202,205,1,1,-24,8,277,0,28,-38,-48,-1
35670,2.59,T,7,0,258,0,0,28,18,0,T,12,3,117,0,59,29,13,0,1,5,3,-141,0,59,1,-5,0
35671,6.19,T,62,0,278,0,580,201,48,9,Z,69,3,310,0,789,220,205,9,1,7,3,32,0,209,19,157,0
35672,6.12,Z,42,3,253,0,24,173,99,0,Z,33,2,155,0,12,153,113,2,0,-9,-1,-98,0,-12,-20,14,2
35673,9.59,Z,41,2,494,0,12,131,176,0,P,41,2,633,0,15,126,68,5,1,0,0,139,0,3,-5,-108,5
35674,6.3,T,52,0,233,0,64,269,58,4,P,44,2,281,0,326,137,186,5,0,-8,2,48,0,262,-132,128,1
35675,7.48,P,50,6,374,0,101,222,216,12,P,63,8,274,0,432,181,205,1,0,13,2,-100,0,331,-41,-11,-11
35676,9.59,T,64,0,484,0,0,125,125,0,P,53,0,651,1,3,96,84,1,0,-11,0,167,1,3,-29,-41,1
35677,7.3,Z,38,7,246,0,44,81,135,0,P,40,0,296,0,166,196,151,12,1,2,-7,50,0,122,115,16,12
35678,2.47,Z,8,0,170,0,32,43,52,1,T,5,0,212,0,43,37,115,1,0,-3,0,42,0,11,-6,63,0
35679,7.5,Z,36,0,543,0,22,38,95,1,T,52,4,672,0,49,109,56,2,1,16,4,129,0,27,71,-39,1
35680,4.46,Z,20,2,150,0,67,83,114,0,P,19,3,333,0,6,67,47,2,0,-1,1,183,0,-61,-16,-67,2
35681,6.18,Z,32,2,159,0,11,61,88,1,Z,24,6,342,0,27,83,55,1,0,-8,4,183,0,16,22,-33,0
35682,8.11,T,54,2,452,0,20,334,90,3,T,65,1,659,0,421,164,94,8,1,11,-1,207,0,401,-170,4,5
35683,10.55,T,114,0,567,0,114,342,112,14,Z,67,2,595,0,74,284,299,2,0,-47,2,28,0,-40,-58,187,-12
35684,3.42,T,16,0,172,0,17,43,26,1,T,20,1,144,0,19,88,28,2,1,4,1,-28,0,2,45,2,1
35685,9.59,Z,54,0,725,0,0,100,211,0,T,56,4,448,0,1,189,85,3,0,2,4,-277,0,1,89,-126,3
35686,9.59,P,55,3,642,0,18,331,117,5,P,68,9,456,1,337,273,89,7,1,13,6,-186,1,319,-58,-28,2
35687,9.59,P,50,6,378,0,40,178,96,3,Z,55,2,351,0,220,112,157,2,1,5,-4,-27,0,180,-66,61,-1
35688,5.45,Z,32,6,177,0,35,133,101,2,T,85,0,191,0,247,189,72,6,1,53,-6,14,0,212,56,-29,4
35689,9.59,T,94,6,425,0,87,108,161,0,P,55,12,742,0,231,223,129,6,0,-39,6,317,0,144,115,-32,6
35690,5.06,Z,24,0,137,0,0,51,104,1,Z,20,0,150,0,28,21,57,2,1,-4,0,13,0,28,-30,-47,1
35691,9.38,P,83,0,398,0,586,119,218,8,T,64,5,702,0,25,217,200,1,0,-19,5,304,0,-561,98,-18,-7
35692,8.01,P,29,0,356,0,0,172,59,2,P,23,0,588,0,0,89,45,2,0,-6,0,232,0,0,-83,-14,0
35693,9.59,T,102,0,384,0,344,364,75,20,Z,58,3,375,4,316,138,192,4,0,-44,3,-9,4,-28,-226,117,-16
35694,5.17,T,25,1,335,1,124,79,77,8,T,21,0,379,0,17,94,37,4,0,-4,-1,44,-1,-107,15,-40,-4
35695,9.59,T,80,8,901,0,53,232,103,11,P,74,5,884,0,28,280,94,4,0,-6,-3,-17,0,-25,48,-9,-7
35696,6.29,P,42,0,287,0,26,241,138,7,Z,37,1,340,0,539,47,79,3,0,-5,1,53,0,513,-194,-59,-4
35697,9.59,T,36,3,786,0,1,64,116,0,T,62,0,769,0,27,73,67,8,0,26,-3,-17,0,26,9,-49,8
35698,2.58,P,13,0,106,0,0,30,24,0,T,14,0,357,0,0,44,35,1,0,1,0,251,0,0,14,11,1
35699,8.2,Z,45,1,335,0,4,58,162,0,T,54,0,567,0,27,158,70,6,1,9,-1,232,0,23,100,-92,6
35700,5.14,T,26,0,160,0,0,16,50,2,Z,24,6,140,0,54,59,150,2,0,-2,6,-20,0,54,43,100,0
35701,7.09,P,34,0,333,0,0,128,49,1,Z,52,0,339,0,2,163,151,8,1,18,0,6,0,2,35,102,7
35702,4.52,Z,29,0,207,0,46,45,103,2,P,23,0,380,0,84,185,68,7,0,-6,0,173,0,38,140,-35,5
35703,6.06,T,46,0,298,0,27,194,188,6,T,38,4,283,0,112,146,126,1,0,-8,4,-15,0,85,-48,-62,-5
35704,10.24,Z,86,16,558,0,448,256,379,0,Z,77,0,1003,0,113,262,204,13,1,-9,-16,445,0,-335,6,-175,13
35705,10.11,Z,46,0,205,0,28,32,169,5,P,23,0,289,0,10,22,14,5,0,-23,0,84,0,-18,-10,-155,0
35706,9.59,Z,51,0,831,4,29,305,182,0,P,40,3,607,0,6,155,78,0,0,-11,3,-224,-4,-23,-150,-104,0
35707,2.33,T,9,0,30,0,271,36,41,6,Z,8,0,194,0,11,12,30,1,0,-1,0,164,0,-260,-24,-11,-5
35708,8.46,T,61,2,285,0,521,299,300,4,T,49,0,467,0,8,122,71,1,0,-12,-2,182,0,-513,-177,-229,-3
35709,1.43,P,11,0,138,0,84,60,33,4,P,8,1,115,0,66,62,36,3,1,-3,1,-23,0,-18,2,3,-1
35710,10.17,T,105,15,805,1,123,392,153,10,T,69,0,569,0,22,238,117,11,0,-36,-15,-236,-1,-101,-154,-36,1
35711,5.47,T,41,4,148,0,95,136,115,3,T,34,1,237,0,141,199,184,4,1,-7,-3,89,0,46,63,69,1
35712,3.29,T,13,0,187,0,1,22,20,1,Z,11,1,190,0,2,31,72,0,1,-2,1,3,0,1,9,52,-1
35713,7.48,Z,42,0,425,0,49,151,153,3,Z,36,1,665,0,31,52,126,0,0,-6,1,240,0,-18,-99,-27,-3
35714,6.52,P,31,0,429,0,0,29,97,1,P,33,1,356,0,39,263,69,4,0,2,1,-73,0,39,234,-28,3
35715,9.59,T,89,0,665,0,301,266,258,17,T,100,0,536,0,550,294,170,13,1,11,0,-129,0,249,28,-88,-4
35716,5.19,T,32,0,252,0,1,57,54,1,Z,32,0,114,0,33,138,78,1,1,0,0,-138,0,32,81,24,0
35717,9.59,T,36,0,800,0,0,102,80,0,Z,36,10,579,0,438,69,308,6,1,0,10,-221,0,438,-33,228,6
35718,9.58,T,60,0,513,0,11,91,118,3,T,47,0,490,0,14,29,67,3,0,-13,0,-23,0,3,-62,-51,0
35719,8.38,P,59,2,454,0,31,155,107,11,Z,58,6,261,0,3,78,242,1,0,-1,4,-193,0,-28,-77,135,-10
35720,6.57,Z,56,4,431,0,273,177,238,5,T,66,1,293,0,648,191,228,17,1,10,-3,-138,0,375,14,-10,12
35721,9.59,P,31,0,669,0,4,102,82,2,Z,38,0,578,0,21,113,117,0,1,7,0,-91,0,17,11,35,-2
35722,4.38,P,38,0,274,0,213,147,124,8,T,39,0,256,0,232,144,95,5,1,1,0,-18,0,19,-3,-29,-3
35723,9.35,Z,58,1,521,0,32,277,217,4,T,88,0,341,0,94,386,99,10,1,30,-1,-180,0,62,109,-118,6
35724,7.25,Z,45,0,356,0,58,109,154,5,P,44,4,338,0,54,202,75,1,0,-1,4,-18,0,-4,93,-79,-4
35725,8.11,Z,52,1,440,0,209,202,245,3,P,59,2,699,0,27,190,62,1,1,7,1,259,0,-182,-12,-183,-2
35726,9.59,P,44,0,285,0,13,73,67,2,P,65,8,462,2,35,253,105,0,1,21,8,177,2,22,180,38,-2
35727,6.52,T,62,0,194,0,239,158,47,8,T,68,7,426,1,364,182,114,3,0,6,7,232,1,125,24,67,-5
35728,7.17,T,61,0,214,0,136,135,235,7,T,58,0,351,0,395,200,125,2,0,-3,0,137,0,259,65,-110,-5
35729,2.57,T,11,0,100,0,20,43,37,2,P,11,0,161,2,13,61,17,0,1,0,0,61,2,-7,18,-20,-2
35730,3.14,P,10,0,212,0,3,22,21,3,T,19,3,128,0,10,35,21,5,1,9,3,-84,0,7,13,0,2
35731,3.51,P,17,3,249,0,7,59,13,0,T,15,1,337,0,55,43,31,10,1,-2,-2,88,0,48,-16,18,10
35732,9.49,Z,62,0,410,0,138,174,404,8,T,87,0,685,0,158,145,294,10,1,25,0,275,0,20,-29,-110,2
35733,4.04,Z,15,0,233,0,13,25,39,3,Z,17,6,129,0,236,83,186,0,0,2,6,-104,0,223,58,147,-3
35734,9.58,T,58,1,616,0,204,177,97,2,P,34,0,411,0,15,93,35,3,1,-24,-1,-205,0,-189,-84,-62,1
35735,9.59,T,62,0,979,0,97,203,172,10,P,79,5,511,3,78,324,100,1,1,17,5,-468,3,-19,121,-72,-9
35736,9.59,T,109,3,700,0,33,131,119,2,Z,87,8,499,0,525,333,287,14,1,-22,5,-201,0,492,202,168,12
35737,9.59,P,35,0,428,0,0,68,74,2,T,46,0,656,0,14,131,100,2,0,11,0,228,0,14,63,26,0
35738,9.59,Z,60,6,522,0,169,533,338,5,T,86,0,408,0,390,194,231,12,0,26,-6,-114,0,221,-339,-107,7
35739,5.23,Z,8,0,329,0,0,10,21,0,Z,28,0,243,0,12,43,77,1,1,20,0,-86,0,12,33,56,1
35740,6.16,Z,33,14,325,10,402,232,179,1,P,60,3,386,0,273,209,61,7,0,27,-11,61,-10,-129,-23,-118,6
35741,4.07,T,14,0,131,0,163,77,221,0,T,15,0,330,0,2,77,30,3,0,1,0,199,0,-161,0,-191,3
35742,4.47,T,49,0,193,0,211,110,215,3,T,26,1,417,0,148,81,82,8,0,-23,1,224,0,-63,-29,-133,5
35743,9.59,Z,68,0,358,0,0,131,180,2,P,53,3,561,0,128,142,196,0,1,-15,3,203,0,128,11,16,-2
35744,2.14,P,5,0,11,0,0,49,65,1,P,6,0,77,0,3,23,16,2,1,1,0,66,0,3,-26,-49,1
35745,7.24,P,40,6,549,0,32,229,150,3,Z,55,2,142,0,35,67,209,0,1,15,-4,-407,0,3,-162,59,-3
35746,7.23,T,53,0,484,0,201,109,101,11,Z,46,0,739,0,27,96,122,10,1,-7,0,255,0,-174,-13,21,-1
35747,2.26,P,11,0,245,0,3,64,13,1,Z,3,1,113,0,9,58,27,2,0,-8,1,-132,0,6,-6,14,1
35748,9.01,Z,54,1,377,0,27,201,150,1,P,33,0,532,0,0,45,46,1,1,-21,-1,155,0,-27,-156,-104,0
35749,8.29,P,63,0,379,0,72,309,59,11,Z,57,9,363,2,55,252,230,0,1,-6,9,-16,2,-17,-57,171,-11
35750,10.29,P,57,5,723,0,20,279,82,0,T,88,8,644,0,34,440,275,16,0,31,3,-79,0,14,161,193,16
35751,9.59,T,93,3,380,0,17,274,167,0,T,84,0,559,0,156,175,179,9,1,-9,-3,179,0,139,-99,12,9
35752,6.03,Z,23,1,351,0,30,107,178,2,P,35,0,390,0,9,121,112,5,1,12,-1,39,0,-21,14,-66,3
35753,10.1,P,60,0,745,0,13,286,95,5,Z,48,5,397,0,87,134,228,3,0,-12,5,-348,0,74,-152,133,-2
35754,8.02,P,59,4,378,0,225,255,182,5,T,108,0,504,0,166,353,121,21,1,49,-4,126,0,-59,98,-61,16
35755,9.59,T,113,4,403,0,266,387,116,4,Z,101,10,222,0,67,212,242,1,1,-12,6,-181,0,-199,-175,126,-3
35756,0.12,T,1,0,27,0,0,7,1,1,T,1,0,17,0,7,1,8,2,1,0,0,-10,0,7,-6,7,1
35757,8.05,Z,73,0,566,0,723,200,232,8,T,43,0,412,0,160,148,144,11,1,-30,0,-154,0,-563,-52,-88,3
35758,2.5,P,11,0,177,0,1,51,23,0,P,14,4,119,0,393,57,102,2,1,3,4,-58,0,392,6,79,2
35759,9.59,T,83,2,426,0,21,91,141,2,Z,71,4,639,0,69,286,208,6,1,-12,2,213,0,48,195,67,4
35760,9.58,T,59,0,450,8,26,96,141,0,P,66,4,512,0,107,150,82,6,1,7,4,62,-8,81,54,-59,6
35761,10.21,T,70,0,997,0,27,225,128,5,Z,68,10,634,0,70,60,186,3,1,-2,10,-363,0,43,-165,58,-2
35762,9.59,T,81,6,687,4,59,136,127,3,T,88,7,304,0,148,310,118,7,1,7,1,-383,-4,89,174,-9,4
35763,9.59,Z,46,6,493,0,15,113,168,3,P,69,0,818,0,119,237,89,4,1,23,-6,325,0,104,124,-79,1
35764,9.59,T,67,0,540,0,461,214,119,7,T,68,4,603,0,84,287,195,1,0,1,4,63,0,-377,73,76,-6
35765,8.03,T,81,3,317,0,689,132,131,3,T,77,5,434,0,368,176,207,5,0,-4,2,117,0,-321,44,76,2
35766,9.59,P,78,6,551,0,449,322,295,0,T,87,3,581,0,191,176,161,7,0,9,-3,30,0,-258,-146,-134,7
35767,6.04,P,43,1,365,0,86,163,22,7,T,52,4,400,0,185,158,90,6,1,9,3,35,0,99,-5,68,-1
35768,5.48,T,35,0,384,0,0,50,72,5,Z,29,2,209,0,209,42,84,7,0,-6,2,-175,0,209,-8,12,2
35769,9.59,T,77,0,1115,0,3,240,194,2,P,59,0,999,0,19,91,77,8,0,-18,0,-116,0,16,-149,-117,6
35770,9.59,T,125,9,642,0,138,210,175,9,Z,94,0,493,16,446,317,367,0,1,-31,-9,-149,16,308,107,192,-9
35771,7.41,T,32,0,520,0,0,149,87,1,T,63,7,404,0,56,162,104,0,1,31,7,-116,0,56,13,17,-1
35772,0.46,P,4,0,28,0,0,11,4,1,P,3,1,6,0,29,2,6,1,0,-1,1,-22,0,29,-9,2,0
35773,9.59,T,67,3,591,0,41,298,129,1,T,83,0,749,0,366,216,131,8,1,16,-3,158,0,325,-82,2,7
35774,7.52,Z,41,5,199,0,327,86,130,0,T,34,0,242,0,0,28,59,0,0,-7,-5,43,0,-327,-58,-71,0
35775,2.44,P,15,0,124,0,5,91,33,7,P,6,3,102,0,37,41,96,5,0,-9,3,-22,0,32,-50,63,-2
35776,1.59,P,10,0,57,0,10,31,35,2,P,7,4,162,0,4,104,11,0,1,-3,4,105,0,-6,73,-24,-2
35777,4.46,T,23,0,155,0,10,25,55,3,P,22,2,245,0,13,89,33,0,0,-1,2,90,0,3,64,-22,-3
35778,5.58,T,60,4,314,0,341,180,103,8,P,61,0,294,0,277,238,111,18,1,1,-4,-20,0,-64,58,8,10
35779,3.44,P,27,0,196,0,15,98,52,2,P,18,1,175,0,1,55,41,0,0,-9,1,-21,0,-14,-43,-11,-2
35780,9.58,T,53,0,349,0,10,92,200,0,T,56,0,360,0,15,94,102,2,0,3,0,11,0,5,2,-98,2
35781,9.38,Z,92,0,630,0,23,291,305,5,P,68,3,342,0,57,228,125,0,0,-24,3,-288,0,34,-63,-180,-5
35782,0.37,Z,5,0,33,0,2,6,12,0,Z,1,0,15,0,0,3,8,2,0,-4,0,-18,0,-2,-3,-4,2
35783,0.56,Z,3,0,70,0,0,5,9,0,P,0,0,57,0,0,2,1,0,0,-3,0,-13,0,0,-3,-8,0
35784,9.59,T,176,2,355,0,314,350,122,14,Z,87,0,457,0,209,447,367,14,1,-89,-2,102,0,-105,97,245,0
35785,9.59,T,40,0,627,0,3,170,98,1,T,79,0,363,12,454,154,146,3,1,39,0,-264,12,451,-16,48,2
35786,9.59,Z,57,0,525,0,20,141,154,5,P,40,0,409,0,11,110,37,4,0,-17,0,-116,0,-9,-31,-117,-1
35787,7.44,T,71,5,384,0,125,139,126,6,Z,54,0,243,0,143,112,257,8,0,-17,-5,-141,0,18,-27,131,2
35788,5.54,P,22,0,326,0,8,128,36,1,T,30,0,448,0,0,118,61,0,0,8,0,122,0,-8,-10,25,-1
35789,4.11,P,17,0,92,0,13,40,13,2,T,17,0,351,0,6,30,30,5,0,0,0,259,0,-7,-10,17,3
35790,7.38,T,98,0,533,17,551,186,150,0,P,63,6,457,0,178,238,147,4,0,-35,6,-76,-17,-373,52,-3,4
35791,9.56,P,46,0,756,0,34,260,85,1,Z,35,0,1064,0,0,152,144,2,0,-11,0,308,0,-34,-108,59,1
35792,2.27,Z,8,2,43,0,63,20,77,0,P,13,0,160,0,272,52,23,4,1,5,-2,117,0,209,32,-54,4
35793,7.16,Z,47,0,418,0,51,276,140,5,P,64,0,419,0,58,289,60,7,1,17,0,1,0,7,13,-80,2
35794,3.05,T,9,0,103,0,298,59,13,3,T,18,0,225,0,147,73,124,2,0,9,0,122,0,-151,14,111,-1
35795,6.31,T,60,0,496,0,689,135,78,4,Z,44,1,345,0,242,173,285,4,1,-16,1,-151,0,-447,38,207,0
35796,6.02,P,30,1,153,0,279,114,85,7,P,27,0,444,0,4,104,65,2,1,-3,-1,291,0,-275,-10,-20,-5
35797,8.19,T,108,3,634,0,146,303,124,13,T,76,0,722,0,453,128,206,10,1,-32,-3,88,0,307,-175,82,-3
35798,9.59,T,83,0,577,0,280,309,235,12,P,59,1,412,0,957,239,90,16,1,-24,1,-165,0,677,-70,-145,4
35799,7.1,P,53,0,423,0,36,246,86,8,Z,49,10,260,0,269,316,172,2,1,-4,10,-163,0,233,70,86,-6
35800,3.34,P,18,0,189,0,0,72,28,1,P,10,1,325,0,10,39,20,2,1,-8,1,136,0,10,-33,-8,1
35801,10.36,P,111,0,348,0,331,413,206,17,P,61,5,391,0,128,328,164,11,0,-50,5,43,0,-203,-85,-42,-6
35802,9.58,T,64,3,504,0,26,31,64,2,Z,31,0,452,0,0,189,118,0,0,-33,-3,-52,0,-26,158,54,-2
35803,8.54,T,36,0,309,0,0,104,106,0,Z,70,0,504,0,276,212,147,19,1,34,0,195,0,276,108,41,19
35804,10.26,T,109,4,633,0,65,275,110,5,Z,65,0,506,0,153,153,283,1,0,-44,-4,-127,0,88,-122,173,-4
35805,5.52,T,31,0,269,0,464,148,71,5,P,24,0,488,3,123,82,40,0,0,-7,0,219,3,-341,-66,-31,-5
35806,3.2,T,7,1,167,0,353,106,65,5,T,15,0,158,0,4,37,62,4,0,8,-1,-9,0,-349,-69,-3,-1
35807,3.56,Z,17,3,163,0,399,91,62,2,T,17,2,278,0,0,42,49,1,1,0,-1,115,0,-399,-49,-13,-1
35808,8.43,P,56,2,256,0,13,294,95,3,P,63,5,371,0,15,117,63,2,1,7,3,115,0,2,-177,-32,-1
35809,9.59,T,92,0,1155,0,54,143,293,4,Z,85,1,344,0,634,420,319,9,0,-7,1,-811,0,580,277,26,5
35810,8.33,P,49,0,577,0,38,149,62,8,Z,47,2,776,0,19,41,119,2,0,-2,2,199,0,-19,-108,57,-6
35811,8.51,Z,63,1,636,0,715,117,148,2,Z,38,1,207,0,116,128,272,1,0,-25,0,-429,0,-599,11,124,-1
35812,9.58,Z,37,1,255,0,2,71,132,0,P,33,0,832,0,0,30,47,0,1,-4,-1,577,0,-2,-41,-85,0
35813,7.4,T,122,0,299,0,893,189,169,10,Z,57,5,492,0,32,279,218,13,0,-65,5,193,0,-861,90,49,3
35814,9.34,Z,64,1,344,0,303,205,421,4,Z,76,1,212,0,135,168,255,1,0,12,0,-132,0,-168,-37,-166,-3
35815,8.25,Z,36,4,235,0,36,53,78,0,P,31,0,239,0,11,50,40,4,0,-5,-4,4,0,-25,-3,-38,4
35816,9.59,T,158,0,607,0,566,447,246,24,Z,127,0,1188,0,227,332,308,13,1,-31,0,581,0,-339,-115,62,-11
35817,9.13,Z,64,5,859,0,48,139,200,0,P,63,5,391,0,121,233,101,9,0,-1,0,-468,0,73,94,-99,9
35818,9.59,T,105,0,697,0,67,340,212,10,T,83,4,976,4,257,228,93,1,0,-22,4,279,4,190,-112,-119,-9
35819,3.15,Z,15,0,39,0,0,42,29,1,Z,13,0,201,0,0,7,29,0,1,-2,0,162,0,0,-35,0,-1
35820,4.07,P,17,0,133,0,12,98,35,0,T,21,1,137,0,310,25,76,7,1,4,1,4,0,298,-73,41,7
35821,4.56,T,29,3,136,0,253,77,119,1,T,37,2,104,0,171,94,81,3,0,8,-1,-32,0,-82,17,-38,2
35822,3.45,P,20,0,281,0,324,145,45,9,Z,18,2,112,0,65,104,108,2,1,-2,2,-169,0,-259,-41,63,-7
35823,9.24,T,78,11,487,0,693,204,179,5,T,89,2,754,0,447,253,166,5,1,11,-9,267,0,-246,49,-13,0
35824,9.59,T,72,0,581,0,72,331,114,8,T,78,0,436,0,175,117,103,7,0,6,0,-145,0,103,-214,-11,-1
35825,5.33,Z,26,4,235,0,22,115,122,0,T,40,0,303,0,357,88,66,8,1,14,-4,68,0,335,-27,-56,8
35826,9.48,P,112,12,1021,0,81,317,105,1,T,85,5,529,0,90,264,160,3,0,-27,-7,-492,0,9,-53,55,2
35827,7.01,Z,44,0,288,0,51,105,148,4,P,35,0,345,0,8,149,57,3,0,-9,0,57,0,-43,44,-91,-1
35828,10.25,Z,54,0,763,0,20,84,142,6,T,77,5,729,0,25,105,97,0,1,23,5,-34,0,5,21,-45,-6
35829,3.45,P,11,0,109,0,0,53,81,0,Z,9,0,242,0,12,57,63,5,0,-2,0,133,0,12,4,-18,5
35830,4.12,P,13,1,377,0,0,42,38,0,T,18,0,340,0,0,33,44,0,1,5,-1,-37,0,0,-9,6,0
35831,8.59,T,65,1,492,0,17,152,109,5,T,58,1,314,0,7,193,132,3,1,-7,0,-178,0,-10,41,23,-2
35832,10.06,P,52,6,553,0,8,254,71,0,Z,42,7,408,0,64,91,182,1,1,-10,1,-145,0,56,-163,111,1
35833,10.51,T,71,3,366,0,17,173,122,2,P,73,0,850,0,30,342,212,6,1,2,-3,484,0,13,169,90,4
35834,10.03,P,42,0,470,0,0,155,68,0,T,70,2,492,0,130,323,163,6,1,28,2,22,0,130,168,95,6
35835,9.44,Z,48,0,513,0,13,246,194,4,T,96,0,652,0,81,239,120,11,0,48,0,139,0,68,-7,-74,7
35836,6.52,Z,39,3,120,0,32,67,115,0,P,32,0,457,0,0,57,50,0,0,-7,-3,337,0,-32,-10,-65,0
35837,9.59,P,48,5,579,0,34,174,70,3,P,57,6,264,0,21,74,94,0,1,9,1,-315,0,-13,-100,24,-3
35838,9.59,Z,51,8,334,2,89,216,272,6,P,50,0,404,0,11,83,74,3,1,-1,-8,70,-2,-78,-133,-198,-3
35839,9.56,T,38,0,380,0,0,23,73,0,Z,42,0,410,0,63,65,171,2,1,4,0,30,0,63,42,98,2
35840,8.14,T,91,0,289,0,298,327,220,14,P,65,4,320,0,502,218,94,9,1,-26,4,31,0,204,-109,-126,-5
35841,9.59,T,105,0,718,0,45,165,128,11,Z,71,11,564,2,216,258,325,15,0,-34,11,-154,2,171,93,197,4
35842,3.49,Z,17,1,150,0,72,64,83,11,T,18,4,156,0,44,46,38,0,0,1,3,6,0,-28,-18,-45,-11
35843,5.26,P,25,3,370,0,30,107,77,1,Z,22,6,217,0,25,38,71,2,0,-3,3,-153,0,-5,-69,-6,1
35844,8.01,Z,45,1,191,0,20,286,160,1,Z,54,8,479,0,145,272,217,0,0,9,7,288,0,125,-14,57,-1
35845,6.31,Z,21,4,376,6,63,94,96,1,Z,26,0,333,0,8,48,87,2,0,5,-4,-43,-6,-55,-46,-9,1
35846,9.59,T,67,0,303,0,959,187,544,7,P,55,0,290,0,16,131,77,23,1,-12,0,-13,0,-943,-56,-467,16
35847,9.59,Z,55,3,536,0,263,62,419,2,T,35,4,769,0,12,58,78,1,0,-20,1,233,0,-251,-4,-341,-1
35848,3.19,T,21,0,151,0,207,79,92,4,P,12,1,166,0,0,88,141,0,0,-9,1,15,0,-207,9,49,-4
35849,8.12,Z,69,6,352,0,344,211,366,4,P,69,2,379,0,585,174,117,9,0,0,-4,27,0,241,-37,-249,5
35850,9.58,T,74,0,839,0,43,161,150,5,P,60,0,555,0,28,161,68,2,1,-14,0,-284,0,-15,0,-82,-3
35851,10.03,Z,67,6,546,0,148,459,326,3,P,69,2,405,0,41,253,96,12,0,2,-4,-141,0,-107,-206,-230,9
35852,8.05,Z,75,2,499,0,286,163,274,9,P,73,1,524,0,173,261,116,9,1,-2,-1,25,0,-113,98,-158,0
35853,8.47,T,61,5,474,0,13,109,85,0,T,58,0,581,2,0,239,84,0,0,-3,-5,107,2,-13,130,-1,0
35854,7.11,Z,47,2,285,0,63,161,120,4,P,27,2,642,0,1,117,80,0,0,-20,0,357,0,-62,-44,-40,-4
35855,9.59,P,26,0,385,0,0,35,31,0,Z,41,0,1064,0,0,169,216,1,1,15,0,679,0,0,134,185,1
35856,2.06,P,9,0,95,0,37,66,31,6,P,12,0,75,0,16,73,19,1,0,3,0,-20,0,-21,7,-12,-5
35857,3.18,Z,15,2,255,0,109,57,107,3,P,15,0,245,0,48,88,22,2,0,0,-2,-10,0,-61,31,-85,-1
35858,9.11,P,56,3,430,0,20,148,68,4,T,59,5,400,0,20,101,74,0,1,3,2,-30,0,0,-47,6,-4
35859,5.5,Z,32,2,213,0,26,196,130,1,Z,37,5,191,0,297,170,181,1,0,5,3,-22,0,271,-26,51,0
35860,9.59,T,47,0,271,0,8,153,113,11,Z,38,0,512,0,4,131,179,1,1,-9,0,241,0,-4,-22,66,-10
35861,8,P,66,0,246,0,167,298,133,9,T,92,5,568,0,81,156,90,6,1,26,5,322,0,-86,-142,-43,-3
35862,9.45,T,63,4,821,0,18,98,105,1,Z,61,10,369,0,200,92,229,6,1,-2,6,-452,0,182,-6,124,5
35863,2.41,T,9,0,262,0,72,40,36,3,T,14,0,142,0,2,26,20,1,0,5,0,-120,0,-70,-14,-16,-2
35864,9.33,T,98,0,464,0,451,240,225,9,T,90,0,411,0,956,312,220,25,1,-8,0,-53,0,505,72,-5,16
35865,4.5,T,23,2,367,0,182,73,31,7,Z,17,4,152,0,13,34,53,1,0,-6,2,-215,0,-169,-39,22,-6
35866,7.38,P,37,2,432,0,28,229,70,0,T,45,2,547,0,196,131,109,7,0,8,0,115,0,168,-98,39,7
35867,4.33,P,32,1,242,0,122,208,87,7,Z,28,0,244,0,83,165,79,3,1,-4,-1,2,0,-39,-43,-8,-4
35868,9.59,Z,63,2,376,0,642,194,222,2,Z,59,1,493,0,258,202,175,10,0,-4,-1,117,0,-384,8,-47,8
35869,7.53,T,83,0,275,0,335,224,224,9,Z,64,0,304,32,245,237,315,1,1,-19,0,29,32,-90,13,91,-8
35870,5.27,Z,28,0,331,0,651,113,81,9,P,30,2,338,0,92,130,147,2,0,2,2,7,0,-559,17,66,-7
35871,0.41,T,1,0,28,0,0,2,3,0,Z,4,0,1,0,1,6,13,1,1,3,0,-27,0,1,4,10,1
35872,4.48,P,22,0,218,0,17,178,28,2,P,9,1,335,0,1,169,47,0,1,-13,1,117,0,-16,-9,19,-2
35873,7.08,P,37,6,516,1,36,54,42,2,Z,47,7,343,0,38,103,153,0,0,10,1,-173,-1,2,49,111,-2
35874,9.59,T,67,0,442,0,229,197,138,6,P,73,4,464,0,72,105,68,8,1,6,4,22,0,-157,-92,-70,2
35875,9.59,Z,55,2,737,0,53,75,156,7,Z,59,0,404,0,48,91,193,11,0,4,-2,-333,0,-5,16,37,4
35876,3.01,T,13,0,94,0,1,23,25,3,T,13,0,263,0,0,18,21,3,0,0,0,169,0,-1,-5,-4,0
35877,9.58,Z,60,0,694,0,72,130,240,2,T,64,0,290,0,4,105,115,4,0,4,0,-404,0,-68,-25,-125,2
35878,3.46,P,21,0,137,0,334,78,76,6,T,35,3,87,0,491,63,89,3,0,14,3,-50,0,157,-15,13,-3
35879,3.29,P,16,6,167,0,114,72,124,1,Z,11,0,106,0,4,19,118,2,0,-5,-6,-61,0,-110,-53,-6,1
35880,7.15,P,57,2,408,0,285,163,65,4,Z,43,11,407,0,96,102,188,7,0,-14,9,-1,0,-189,-61,123,3
35881,9.59,Z,76,5,430,0,387,286,600,8,T,90,0,716,0,883,284,178,11,0,14,-5,286,0,496,-2,-422,3
35882,8.41,Z,60,0,710,0,59,202,251,8,T,63,2,653,0,15,175,155,6,0,3,2,-57,0,-44,-27,-96,-2
35883,9.59,T,88,0,608,0,315,199,117,9,T,66,6,625,0,32,89,73,1,1,-22,6,17,0,-283,-110,-44,-8
35884,8.21,T,66,0,630,0,17,309,111,6,T,61,0,361,0,58,133,97,7,1,-5,0,-269,0,41,-176,-14,1
35885,9.53,P,79,6,386,0,216,152,81,6,T,153,12,525,0,556,252,182,11,1,74,6,139,0,340,100,101,5
35886,2.52,T,14,0,156,0,2,37,21,2,T,12,1,98,0,7,12,10,1,0,-2,1,-58,0,5,-25,-11,-1
35887,10.43,T,63,2,611,0,4,62,111,1,P,68,2,551,0,23,230,101,0,1,5,0,-60,0,19,168,-10,-1
35888,7.12,T,72,4,252,0,75,230,92,18,T,67,2,379,0,322,190,80,3,0,-5,-2,127,0,247,-40,-12,-15
35889,9.36,Z,61,0,223,0,9,193,265,4,T,62,0,604,0,2,102,93,1,0,1,0,381,0,-7,-91,-172,-3
35890,4.48,Z,21,0,426,0,10,46,60,2,T,41,2,157,0,332,104,219,11,1,20,2,-269,0,322,58,159,9
35891,9.59,T,96,5,657,0,179,268,165,1,T,116,0,503,0,414,315,131,17,0,20,-5,-154,0,235,47,-34,16
35892,7.16,T,50,0,382,0,556,134,168,12,P,28,0,236,0,0,42,49,1,0,-22,0,-146,0,-556,-92,-119,-11
35893,9.05,P,83,0,418,0,78,142,93,11,T,79,0,455,0,53,218,153,13,0,-4,0,37,0,-25,76,60,2
35894,9.59,T,88,0,999,0,10,148,144,9,T,58,0,385,0,229,175,205,5,0,-30,0,-614,0,219,27,61,-4
35895,5.16,T,29,0,346,0,1,66,116,3,Z,27,0,166,0,31,29,78,2,1,-2,0,-180,0,30,-37,-38,-1
35896,7.37,T,68,4,401,4,85,170,131,0,P,45,4,474,1,352,253,174,3,0,-23,0,73,-3,267,83,43,3
35897,9.23,T,75,0,656,0,128,247,237,13,Z,66,5,502,0,149,183,230,2,1,-9,5,-154,0,21,-64,-7,-11
35898,8.54,T,141,3,492,0,105,233,226,6,Z,71,5,436,0,320,352,234,9,0,-70,2,-56,0,215,119,8,3
35899,7.01,P,32,0,404,0,138,271,60,10,Z,66,2,372,2,424,215,177,6,1,34,2,-32,2,286,-56,117,-4
35900,9.59,Z,64,0,190,16,377,70,382,4,T,82,4,862,0,58,93,94,3,0,18,4,672,-16,-319,23,-288,-1
35901,9.56,T,46,1,613,0,1,102,69,4,Z,59,3,789,0,4,69,192,2,0,13,2,176,0,3,-33,123,-2
35902,4.34,Z,16,0,99,0,6,155,101,3,T,29,10,193,0,28,92,30,0,1,13,10,94,0,22,-63,-71,-3
35903,8.59,P,28,0,470,0,2,76,39,0,P,40,0,341,0,0,51,64,0,1,12,0,-129,0,-2,-25,25,0
35904,8.59,P,39,0,806,0,26,175,70,3,T,57,0,628,0,8,177,86,2,1,18,0,-178,0,-18,2,16,-1
35905,4.02,P,14,0,230,0,40,101,46,2,T,28,0,249,0,15,98,82,5,1,14,0,19,0,-25,-3,36,3
35906,6.42,Z,42,9,292,0,759,109,171,3,P,61,7,295,0,307,156,71,3,1,19,-2,3,0,-452,47,-100,0
35907,8.02,T,68,3,342,0,27,160,96,0,P,47,6,222,0,255,234,129,4,0,-21,3,-120,0,228,74,33,4
35908,6.57,P,37,1,464,0,4,103,60,3,P,38,0,391,0,69,141,63,11,1,1,-1,-73,0,65,38,3,8
35909,9.59,Z,58,5,368,0,138,215,236,4,T,92,5,513,0,26,230,230,3,0,34,0,145,0,-112,15,-6,-1
35910,9.59,Z,50,2,495,9,16,120,178,0,Z,52,5,441,0,11,193,269,6,1,2,3,-54,-9,-5,73,91,6
35911,8.07,Z,34,0,290,0,25,154,139,3,P,45,0,759,0,2,158,98,2,0,11,0,469,0,-23,4,-41,-1
35912,2.31,Z,7,1,233,0,17,29,42,1,P,7,0,193,0,1,47,13,1,1,0,-1,-40,0,-16,18,-29,0
35913,8.4,T,55,3,896,0,276,173,88,9,P,44,2,654,0,1,179,79,6,1,-11,-1,-242,0,-275,6,-9,-3
35914,8.1,Z,45,0,464,0,138,296,147,4,T,52,5,455,0,5,93,72,0,1,7,5,-9,0,-133,-203,-75,-4
35915,2.07,Z,8,0,68,0,0,29,20,0,P,8,0,28,0,0,23,12,0,1,0,0,-40,0,0,-6,-8,0
35916,9.58,T,119,1,511,0,185,218,132,16,Z,94,26,516,0,436,258,273,7,1,-25,25,5,0,251,40,141,-9
35917,2.5,Z,6,0,84,0,28,22,47,1,T,20,4,136,0,12,53,25,1,1,14,4,52,0,-16,31,-22,0
35918,9.59,T,48,2,563,0,34,173,64,4,T,55,3,884,0,15,173,124,1,1,7,1,321,0,-19,0,60,-3
35919,9.57,Z,71,3,247,0,115,220,264,3,Z,49,0,525,0,128,126,210,6,0,-22,-3,278,0,13,-94,-54,3
35920,9.09,Z,62,16,307,3,204,433,280,8,Z,78,10,490,0,427,199,278,9,1,16,-6,183,-3,223,-234,-2,1
35921,7.45,T,73,3,309,0,59,201,118,4,T,80,0,277,0,553,246,138,12,0,7,-3,-32,0,494,45,20,8
35922,4.27,T,25,4,160,0,28,104,48,0,Z,19,0,73,0,4,60,62,1,1,-6,-4,-87,0,-24,-44,14,1
35923,2.35,T,8,2,40,0,208,73,36,10,T,11,1,51,0,0,13,73,1,0,3,-1,11,0,-208,-60,37,-9
35924,9.59,P,30,0,459,0,0,69,67,0,P,47,0,596,0,2,88,63,9,1,17,0,137,0,2,19,-4,9
35925,6.01,P,42,6,333,0,135,109,70,1,T,38,0,255,0,8,101,54,6,0,-4,-6,-78,0,-127,-8,-16,5
35926,7.48,Z,44,0,316,0,27,93,129,6,P,19,0,348,0,0,20,29,0,0,-25,0,32,0,-27,-73,-100,-6
35927,5.34,Z,22,0,160,0,20,147,84,7,T,46,0,280,0,21,192,36,9,1,24,0,120,0,1,45,-48,2
35928,6.01,T,45,0,260,0,427,133,107,13,P,43,0,211,0,26,86,39,4,0,-2,0,-49,0,-401,-47,-68,-9
35929,4.41,P,24,1,203,0,555,89,27,11,T,31,3,191,0,339,151,79,8,0,7,2,-12,0,-216,62,52,-3
35930,9.58,T,59,3,697,0,26,168,111,0,P,51,0,614,0,33,250,75,9,0,-8,-3,-83,0,7,82,-36,9
35931,3.09,P,16,0,138,0,82,88,66,2,T,16,0,305,0,0,59,18,1,0,0,0,167,0,-82,-29,-48,-1
35932,9.59,Z,69,0,248,0,101,241,204,4,T,56,5,366,0,370,135,75,9,0,-13,5,118,0,269,-106,-129,5
35933,9.59,Z,64,0,429,0,443,384,298,21,T,162,0,647,0,204,431,215,32,1,98,0,218,0,-239,47,-83,11
35934,2.34,T,8,0,104,0,0,3,7,0,T,14,2,77,0,47,26,11,1,1,6,2,-27,0,47,23,4,1
35935,3.36,T,15,2,198,0,1,83,39,0,T,14,0,207,0,2,28,20,2,0,-1,-2,9,0,1,-55,-19,2
35936,4.04,P,20,0,189,2,1,65,46,0,P,23,1,209,0,12,199,38,0,0,3,1,20,-2,11,134,-8,0
35937,9.59,T,79,4,484,0,569,239,175,15,Z,80,11,505,1,186,422,364,3,1,1,7,21,1,-383,183,189,-12
35938,9.59,T,78,0,408,0,18,328,153,7,P,51,0,432,0,11,182,91,0,1,-27,0,24,0,-7,-146,-62,-7
35939,5.46,T,24,0,413,0,0,27,40,8,T,20,0,261,0,0,18,35,0,0,-4,0,-152,0,0,-9,-5,-8
35940,9.59,Z,81,2,614,0,60,209,245,1,T,117,7,532,0,107,348,110,3,1,36,5,-82,0,47,139,-135,2
35941,9.53,T,65,0,665,0,43,298,55,4,P,35,0,762,0,0,42,55,0,0,-30,0,97,0,-43,-256,0,-4
35942,7.23,Z,42,6,283,0,130,306,227,0,Z,44,2,173,0,491,107,159,4,1,2,-4,-110,0,361,-199,-68,4
35943,9.59,T,54,0,425,0,25,304,68,1,T,43,3,1034,0,78,154,102,1,1,-11,3,609,0,53,-150,34,0
35944,9.59,Z,73,9,314,0,609,204,284,2,T,54,0,512,0,7,81,118,2,1,-19,-9,198,0,-602,-123,-166,0
35945,9.59,P,46,6,317,0,20,98,96,0,Z,55,0,298,0,1,226,169,5,1,9,-6,-19,0,-19,128,73,5
35946,10.5,Z,57,10,601,2,382,301,255,0,T,109,0,535,0,433,475,211,18,1,52,-10,-66,-2,51,174,-44,18
35947,5.43,T,32,2,344,2,310,46,63,7,Z,35,0,519,0,22,22,64,2,0,3,-2,175,-2,-288,-24,1,-5
35948,8.37,T,94,0,347,0,89,162,84,10,Z,49,0,515,21,114,192,219,3,0,-45,0,168,21,25,30,135,-7
35949,9.59,T,215,0,721,0,629,318,198,17,Z,159,5,432,0,362,462,437,20,1,-56,5,-289,0,-267,144,239,3
35950,1.54,P,7,0,86,0,0,10,9,3,Z,5,0,1,0,0,3,12,0,1,-2,0,-85,0,0,-7,3,-3
35951,3.35,P,7,0,96,0,0,10,5,0,Z,9,4,280,0,0,33,35,0,1,2,4,184,0,0,23,30,0
35952,5.32,Z,27,0,281,0,20,131,96,5,Z,32,0,204,0,128,185,144,3,0,5,0,-77,0,108,54,48,-2
35953,3.28,T,11,0,417,0,0,82,77,0,Z,13,0,269,0,17,94,57,4,1,2,0,-148,0,17,12,-20,4
35954,5.17,Z,22,0,593,0,22,104,87,7,Z,27,0,263,0,76,50,110,5,1,5,0,-330,0,54,-54,23,-2
35955,10.12,T,81,1,383,0,510,305,121,14,T,78,0,747,0,0,40,102,1,0,-3,-1,364,0,-510,-265,-19,-13
35956,4.4,Z,37,3,263,0,286,187,162,4,T,38,4,290,0,142,118,91,4,0,1,1,27,0,-144,-69,-71,0
35957,6.54,T,46,4,315,0,15,99,50,2,T,27,0,193,0,0,76,97,1,1,-19,-4,-122,0,-15,-23,47,-1
35958,7.24,T,44,0,761,0,12,70,83,3,P,34,0,324,0,0,116,55,0,0,-10,0,-437,0,-12,46,-28,-3
35959,9.59,P,53,0,279,0,330,140,79,4,T,53,1,387,0,1,197,136,5,0,0,1,108,0,-329,57,57,1
35960,9.59,Z,33,1,446,0,8,59,138,1,P,32,0,624,0,0,62,47,0,0,-1,-1,178,0,-8,3,-91,-1
35961,3.51,Z,19,0,166,0,29,17,80,0,Z,16,0,53,0,14,9,47,0,1,-3,0,-113,0,-15,-8,-33,0
35962,9.01,T,82,4,591,0,835,195,294,5,Z,54,10,544,0,27,145,166,0,1,-28,6,-47,0,-808,-50,-128,-5
35963,7.2,Z,27,0,425,0,30,87,103,0,Z,21,3,332,0,28,46,94,0,0,-6,3,-93,0,-2,-41,-9,0
35964,9.59,P,52,1,687,0,14,228,67,0,T,79,0,766,0,59,184,182,8,1,27,-1,79,0,45,-44,115,8
35965,4.14,P,25,0,202,0,0,37,24,1,Z,13,1,127,0,279,62,47,2,0,-12,1,-75,0,279,25,23,1
35966,5.51,Z,30,0,183,0,12,43,111,3,Z,25,0,78,0,2,80,91,2,0,-5,0,-105,0,-10,37,-20,-1
35967,2.16,Z,8,0,132,0,119,46,49,0,P,6,0,160,0,28,96,15,3,0,-2,0,28,0,-91,50,-34,3
35968,5.27,Z,26,1,173,0,21,131,171,2,P,25,0,261,0,94,141,76,5,0,-1,-1,88,0,73,10,-95,3
35969,8.21,Z,82,2,343,0,127,178,332,10,P,57,0,385,0,420,254,141,11,0,-25,-2,42,0,293,76,-191,1
35970,5.28,Z,22,0,198,0,3,124,137,1,P,19,0,36,0,2,26,24,3,1,-3,0,-162,0,-1,-98,-113,2
35971,6.49,Z,44,8,574,0,12,213,116,4,P,54,0,481,0,29,233,104,8,1,10,-8,-93,0,17,20,-12,4
35972,9.14,P,83,3,497,0,149,292,187,7,Z,67,5,279,0,53,140,240,1,0,-16,2,-218,0,-96,-152,53,-6
35973,7.15,T,43,0,242,0,4,57,63,2,T,56,3,376,0,254,155,290,1,1,13,3,134,0,250,98,227,-1
35974,9.59,T,113,0,534,0,598,246,149,23,Z,105,9,669,0,199,220,356,7,0,-8,9,135,0,-399,-26,207,-16
35975,8.46,Z,51,1,631,0,26,92,221,1,P,46,4,953,0,21,97,67,0,0,-5,3,322,0,-5,5,-154,-1
35976,4.45,P,20,0,247,0,6,85,33,2,T,25,5,237,0,154,65,42,2,0,5,5,-10,0,148,-20,9,0
35977,4.15,T,18,0,265,0,202,68,25,8,T,24,1,327,0,14,33,80,6,1,6,1,62,0,-188,-35,55,-2
35978,7.57,P,43,1,480,0,9,193,66,0,Z,44,0,390,0,32,52,147,2,1,1,-1,-90,0,23,-141,81,2
35979,8.12,Z,42,0,458,0,17,171,157,3,Z,58,3,400,0,6,24,149,0,0,16,3,-58,0,-11,-147,-8,-3
35980,10.46,P,59,0,757,0,0,316,104,0,T,79,4,540,0,75,213,124,3,0,20,4,-217,0,75,-103,20,3
35981,9.59,Z,56,9,378,0,570,94,257,3,T,59,3,349,0,22,81,76,4,1,3,-6,-29,0,-548,-13,-181,1
35982,4.3,Z,15,0,77,0,163,61,101,2,T,24,0,251,0,31,164,24,5,0,9,0,174,0,-132,103,-77,3
35983,10.33,Z,63,0,399,0,5,188,171,2,Z,46,1,361,0,12,52,163,0,0,-17,1,-38,0,7,-136,-8,-2
35984,8.58,T,107,0,372,0,738,190,262,15,P,97,0,557,0,962,342,161,20,0,-10,0,185,0,224,152,-101,5
35985,9.59,T,79,7,757,0,111,189,158,4,T,67,0,364,0,146,255,248,4,1,-12,-7,-393,0,35,66,90,0
35986,6.47,Z,40,0,383,0,138,152,152,6,T,61,0,459,0,422,174,112,4,0,21,0,76,0,284,22,-40,-2
35987,5.54,P,39,0,209,18,125,139,100,0,P,45,2,356,0,79,115,60,11,1,6,2,147,-18,-46,-24,-40,11
35988,9.59,Z,83,2,459,0,394,370,387,9,P,57,0,586,0,11,170,146,8,0,-26,-2,127,0,-383,-200,-241,-1
35989,2.54,T,17,0,167,0,0,53,34,0,P,12,0,144,0,36,85,98,2,1,-5,0,-23,0,36,32,64,2
35990,7.54,T,31,1,516,0,2,162,97,0,P,52,6,601,0,97,185,63,3,1,21,5,85,0,95,23,-34,3
35991,9.27,Z,50,5,390,0,64,158,154,0,T,57,2,511,0,12,127,99,0,0,7,-3,121,0,-52,-31,-55,0
35992,9.59,P,51,3,311,0,12,192,88,4,T,80,6,390,0,12,108,123,6,1,29,3,79,0,0,-84,35,2
35993,9.59,Z,96,16,422,0,539,277,351,0,Z,58,15,370,3,96,208,214,3,0,-38,-1,-52,3,-443,-69,-137,3
35994,2.26,T,7,1,114,0,70,87,42,3,Z,9,1,73,0,204,54,44,0,0,2,0,-41,0,134,-33,2,-3
35995,9.59,Z,60,7,560,0,192,150,307,0,P,58,0,667,0,24,113,66,9,1,-2,-7,107,0,-168,-37,-241,9
35996,9.58,T,59,0,763,0,14,213,103,3,P,50,1,400,0,1,290,173,1,1,-9,1,-363,0,-13,77,70,-2
35997,5.32,Z,30,1,456,0,378,137,92,4,T,45,4,330,0,56,108,33,2,1,15,3,-126,0,-322,-29,-59,-2
35998,4.36,Z,17,0,217,0,65,85,243,5,T,23,0,245,0,55,66,85,3,0,6,0,28,0,-10,-19,-158,-2
35999,9.59,T,79,0,390,0,101,222,116,7,Z,33,2,301,0,16,102,122,2,1,-46,2,-89,0,-85,-120,6,-5
36000,6.36,T,62,3,505,0,33,97,74,5,P,33,6,410,0,7,251,51,2,0,-29,3,-95,0,-26,154,-23,-3
36001,4.19,Z,21,2,147,0,316,64,88,0,T,21,0,312,0,47,72,59,6,1,0,-2,165,0,-269,8,-29,6
36002,8.25,Z,47,0,292,7,79,139,166,0,Z,51,2,612,0,25,120,172,1,1,4,2,320,-7,-54,-19,6,1
36003,9.59,T,131,0,366,0,481,276,195,13,Z,110,11,523,1,262,207,268,2,1,-21,11,157,1,-219,-69,73,-11
36004,9.59,P,79,1,411,0,61,248,115,1,T,125,0,528,0,319,354,208,22,0,46,-1,117,0,258,106,93,21
36005,2.29,T,6,0,186,0,0,12,15,0,P,11,0,62,0,1,17,16,2,0,5,0,-124,0,1,5,1,2
36006,9.59,T,62,0,987,0,6,105,124,1,Z,78,7,874,0,34,210,291,3,0,16,7,-113,0,28,105,167,2
36007,4.49,Z,9,0,105,0,0,38,50,0,Z,18,0,177,0,11,25,59,1,1,9,0,72,0,11,-13,9,1
36008,9.58,Z,56,3,350,0,604,127,199,13,T,78,0,455,0,166,213,288,8,1,22,-3,105,0,-438,86,89,-5
36009,9.59,T,48,0,559,0,0,126,74,0,T,73,0,844,0,136,164,305,5,1,25,0,285,0,136,38,231,5
36010,4.22,Z,17,0,180,0,0,56,85,1,P,19,0,218,0,12,102,41,6,1,2,0,38,0,12,46,-44,5
36011,9.58,Z,49,15,395,0,89,107,203,7,T,62,3,706,0,28,156,97,0,0,13,-12,311,0,-61,49,-106,-7
36012,8.25,T,113,0,551,0,35,280,159,10,T,53,0,572,0,49,271,126,2,1,-60,0,21,0,14,-9,-33,-8
36013,9.17,P,88,6,451,0,63,253,120,7,Z,64,6,320,0,66,130,180,3,0,-24,0,-131,0,3,-123,60,-4
36014,7.59,T,56,0,626,0,62,218,133,2,Z,38,6,418,0,46,132,158,1,1,-18,6,-208,0,-16,-86,25,-1
36015,9.58,P,64,6,606,0,72,75,71,6,Z,52,4,430,0,51,87,159,0,0,-12,-2,-176,0,-21,12,88,-6
36016,9.33,P,45,0,607,0,41,234,76,3,Z,46,0,255,0,46,146,218,8,0,1,0,-352,0,5,-88,142,5
36017,3.41,Z,16,6,239,0,326,104,172,9,Z,11,0,115,0,123,72,71,3,0,-5,-6,-124,0,-203,-32,-101,-6
36018,8.48,P,47,0,589,0,0,60,68,0,T,59,3,873,0,325,160,81,5,1,12,3,284,0,325,100,13,5
36019,9.59,T,103,2,621,0,373,272,103,19,P,87,0,505,0,92,336,149,6,1,-16,-2,-116,0,-281,64,46,-13
36020,8.24,T,64,4,657,0,9,247,106,2,T,48,0,300,0,53,164,71,6,0,-16,-4,-357,0,44,-83,-35,4
36021,6.55,Z,41,1,171,0,45,165,203,10,Z,43,0,436,0,35,279,280,11,1,2,-1,265,0,-10,114,77,1
36022,9.54,T,91,3,507,0,24,208,128,0,P,49,3,508,0,12,200,124,0,0,-42,0,1,0,-12,-8,-4,0
36023,6.42,T,48,3,527,0,5,124,108,4,P,47,0,363,0,211,326,60,6,0,-1,-3,-164,0,206,202,-48,2
36024,1.34,P,10,0,58,0,53,48,41,2,P,5,2,153,0,2,13,1,0,1,-5,2,95,0,-51,-35,-40,-2
36025,5.25,T,31,4,375,0,10,73,75,0,P,26,3,325,0,22,106,56,1,0,-5,-1,-50,0,12,33,-19,1
36026,9.57,T,82,5,629,0,36,124,185,2,P,74,6,884,0,560,116,218,3,1,-8,1,255,0,524,-8,33,1
36027,8.35,Z,42,0,479,0,12,104,143,2,P,62,3,452,0,40,194,98,6,0,20,3,-27,0,28,90,-45,4
36028,7.14,T,34,6,588,0,759,36,46,0,Z,21,0,296,0,0,95,91,0,0,-13,-6,-292,0,-759,59,45,0
36029,9.59,Z,69,0,569,0,67,243,265,10,T,84,5,588,0,221,263,242,5,1,15,5,19,0,154,20,-23,-5
36030,9.58,P,38,0,603,0,0,63,56,0,Z,47,3,917,0,40,124,155,2,1,9,3,314,0,40,61,99,2
36031,3.41,T,19,0,271,0,11,70,128,2,T,13,1,285,0,4,65,19,3,0,-6,1,14,0,-7,-5,-109,1
36032,4.03,Z,22,0,288,0,93,11,46,1,Z,17,0,544,0,526,52,66,5,0,-5,0,256,0,433,41,20,4
36033,9.59,P,60,0,405,0,17,139,102,20,Z,66,0,324,0,61,171,407,13,0,6,0,-81,0,44,32,305,-7
36034,9.15,T,81,6,522,0,54,50,77,1,P,52,2,574,0,29,106,187,2,0,-29,-4,52,0,-25,56,110,1
36035,9.59,P,91,0,481,0,173,432,456,14,T,104,0,621,0,113,132,165,7,1,13,0,140,0,-60,-300,-291,-7
36036,5.26,T,38,0,403,0,0,105,42,1,T,37,0,329,0,18,118,47,4,0,-1,0,-74,0,18,13,5,3
36037,7.18,T,59,6,308,0,327,87,212,0,Z,55,0,265,32,284,137,299,0,0,-4,-6,-43,32,-43,50,87,0
36038,8.07,P,71,0,217,0,36,342,157,6,Z,48,8,405,0,43,115,137,0,1,-23,8,188,0,7,-227,-20,-6
36039,9.39,P,123,0,489,0,307,351,102,25,Z,100,8,435,17,216,339,376,0,1,-23,8,-54,17,-91,-12,274,-25
36040,5.13,P,32,0,308,0,27,144,36,9,T,30,0,386,0,44,56,37,4,1,-2,0,78,0,17,-88,1,-5
36041,9.59,T,88,0,529,0,84,213,92,9,P,47,0,415,0,95,245,66,6,1,-41,0,-114,0,11,32,-26,-3
36042,5.33,Z,31,0,200,0,39,182,99,11,T,34,0,389,0,52,48,55,3,0,3,0,189,0,13,-134,-44,-8
36043,7.15,P,28,4,313,0,44,48,43,0,Z,43,0,333,0,12,207,169,1,1,15,-4,20,0,-32,159,126,1
36044,5.34,P,38,0,336,0,481,299,133,9,Z,30,2,167,0,331,104,168,10,1,-8,2,-169,0,-150,-195,35,1
36045,9.51,Z,51,0,822,0,65,280,214,9,T,67,0,462,0,10,171,104,2,0,16,0,-360,0,-55,-109,-110,-7
36046,0.42,T,1,1,87,0,9,9,2,0,T,0,0,1,0,0,0,0,0,0,-1,-1,-86,0,-9,-9,-2,0
36047,9.59,P,36,0,268,0,0,111,79,0,T,44,7,582,0,0,48,100,3,0,8,7,314,0,0,-63,21,3
36048,1.58,P,7,0,59,0,0,3,3,0,P,12,0,75,0,1,30,12,2,1,5,0,16,0,1,27,9,2
36049,4.24,T,19,0,259,0,17,112,28,2,T,24,0,269,0,404,39,58,8,1,5,0,10,0,387,-73,30,6
36050,9.59,T,69,0,586,0,4,161,158,1,Z,45,2,547,0,18,222,225,5,0,-24,2,-39,0,14,61,67,4
36051,9.57,P,67,3,748,0,31,250,102,0,Z,57,1,579,0,36,211,231,3,0,-10,-2,-169,0,5,-39,129,3
36052,5.34,P,18,4,149,0,37,61,31,1,P,21,0,197,0,7,65,52,1,0,3,-4,48,0,-30,4,21,0
36053,6.16,T,18,0,334,0,0,78,31,1,Z,18,0,75,0,0,35,83,0,1,0,0,-259,0,0,-43,52,-1
36054,9.08,T,63,6,903,0,1016,147,226,7,P,49,2,564,0,23,92,246,1,0,-14,-4,-339,0,-993,-55,20,-6
36055,9.59,P,92,0,448,0,106,425,130,11,T,111,7,759,0,735,288,126,5,0,19,7,311,0,629,-137,-4,-6
36056,8.16,Z,86,5,299,0,220,335,317,3,T,100,11,377,0,606,234,151,5,1,14,6,78,0,386,-101,-166,2
36057,7.06,Z,58,0,554,0,533,389,317,14,P,56,3,374,0,63,104,43,6,0,-2,3,-180,0,-470,-285,-274,-8
36058,5.11,P,14,0,154,0,1,51,30,1,P,17,0,597,0,0,58,30,1,0,3,0,443,0,-1,7,0,0
36059,2.49,P,10,2,300,0,180,84,33,2,Z,15,4,52,0,16,78,43,0,0,5,2,-248,0,-164,-6,10,-2
36060,1.58,T,13,1,41,0,41,34,41,2,P,5,0,212,0,3,37,8,1,1,-8,-1,171,0,-38,3,-33,-1
36061,6.59,Z,58,3,348,0,627,288,239,3,T,73,3,406,0,322,297,147,9,0,15,0,58,0,-305,9,-92,6
36062,8.49,T,65,0,487,0,42,279,97,8,Z,43,0,548,0,15,187,172,6,1,-22,0,61,0,-27,-92,75,-2
36063,10.29,Z,87,0,435,0,658,293,307,14,P,67,0,407,0,105,334,125,13,1,-20,0,-28,0,-553,41,-182,-1
36064,9.59,Z,78,0,756,0,6,129,294,1,Z,63,0,162,0,139,99,237,2,0,-15,0,-594,0,133,-30,-57,1
36065,3.44,T,17,0,279,0,2,52,46,4,P,15,1,248,0,1,86,17,0,0,-2,1,-31,0,-1,34,-29,-4
36066,5.49,T,39,1,350,0,80,148,66,4,T,49,3,272,0,22,147,65,5,0,10,2,-78,0,-58,-1,-1,1
36067,10.25,P,51,8,611,0,20,231,87,1,Z,63,0,608,0,48,180,166,4,0,12,-8,-3,0,28,-51,79,3
36068,9.58,T,58,0,813,0,24,166,78,11,Z,38,1,269,0,30,129,148,6,0,-20,1,-544,0,6,-37,70,-5
36069,8.06,Z,35,2,171,0,12,52,125,1,T,75,7,416,0,85,220,89,3,1,40,5,245,0,73,168,-36,2
36070,9.57,Z,50,0,476,0,48,101,147,4,T,39,0,501,0,7,50,60,3,0,-11,0,25,0,-41,-51,-87,-1
36071,9.59,T,51,0,1807,0,0,75,92,0,T,44,0,312,0,0,28,93,0,1,-7,0,-1495,0,0,-47,1,0
36072,9.33,Z,44,0,951,0,67,343,220,8,P,63,0,476,15,118,143,108,0,0,19,0,-475,15,51,-200,-112,-8
36073,9.56,P,58,0,509,0,2,101,81,1,P,37,0,344,0,4,83,63,5,0,-21,0,-165,0,2,-18,-18,4
36074,4.46,P,13,0,104,0,0,49,106,0,T,27,0,251,61,182,73,154,0,1,14,0,147,61,182,24,48,0
36075,8.48,Z,52,0,189,0,8,137,165,1,Z,49,0,461,23,87,207,231,3,0,-3,0,272,23,79,70,66,2
36076,6.2,Z,26,2,256,0,10,120,156,1,P,31,0,281,0,11,238,26,2,0,5,-2,25,0,1,118,-130,1
36077,5.58,T,44,0,697,0,12,203,46,3,T,56,1,527,0,4,83,52,0,0,12,1,-170,0,-8,-120,6,-3
36078,9.57,Z,54,4,417,0,23,42,150,5,P,39,2,845,0,166,118,109,1,1,-15,-2,428,0,143,76,-41,-4
36079,7.42,Z,91,0,404,0,178,254,304,8,Z,36,9,381,5,112,177,284,12,0,-55,9,-23,5,-66,-77,-20,4
36080,8.26,Z,68,10,530,0,317,129,298,4,T,72,0,645,0,86,252,94,5,0,4,-10,115,0,-231,123,-204,1
36081,6.16,P,31,4,378,0,8,61,29,3,T,17,2,450,0,26,185,29,1,0,-14,-2,72,0,18,124,0,-2
36082,6,T,27,0,351,0,15,47,58,4,Z,29,0,226,0,63,66,104,2,1,2,0,-125,0,48,19,46,-2
36083,9.59,P,70,0,667,0,61,213,66,11,T,59,0,1105,0,608,152,94,6,0,-11,0,438,0,547,-61,28,-5
36084,6.05,T,34,0,413,0,222,99,113,6,T,43,10,370,0,65,230,74,10,1,9,10,-43,0,-157,131,-39,4
36085,4.3,T,24,3,180,0,21,54,41,0,P,19,0,86,0,7,107,16,2,1,-5,-3,-94,0,-14,53,-25,2
36086,10.34,P,78,0,849,0,32,298,118,6,Z,50,0,678,0,180,312,232,3,0,-28,0,-171,0,148,14,114,-3
36087,8.5,T,37,0,759,0,1,45,64,1,T,42,0,526,0,7,61,70,4,0,5,0,-233,0,6,16,6,3
36088,2.07,P,5,0,59,0,28,43,11,3,P,8,0,143,0,59,50,30,2,1,3,0,84,0,31,7,19,-1
36089,9.59,Z,55,1,341,0,78,191,198,4,T,58,0,457,0,83,395,76,3,1,3,-1,116,0,5,204,-122,-1
36090,9.08,Z,49,1,149,0,57,21,154,0,T,43,5,501,0,0,63,100,0,0,-6,4,352,0,-57,42,-54,0
36091,7.43,T,49,0,453,0,7,119,70,3,P,20,0,162,0,0,70,40,0,0,-29,0,-291,0,-7,-49,-30,-3
36092,8.03,Z,90,0,456,0,371,216,222,23,Z,69,3,357,0,522,125,262,5,0,-21,3,-99,0,151,-91,40,-18
36093,3.45,T,21,0,146,0,251,51,43,4,T,18,2,233,0,11,66,41,4,0,-3,2,87,0,-240,15,-2,0
36094,8.07,P,39,1,273,0,128,126,107,0,T,77,0,378,0,7,168,215,4,1,38,-1,105,0,-121,42,108,4
36095,7.21,P,77,10,469,0,215,257,107,1,Z,39,0,272,7,32,112,156,0,0,-38,-10,-197,7,-183,-145,49,-1
36096,6.59,T,57,1,303,12,351,90,76,0,Z,36,1,253,0,315,104,377,4,0,-21,0,-50,-12,-36,14,301,4
36097,9.58,T,72,0,349,0,205,107,78,12,T,73,0,666,0,14,169,71,7,1,1,0,317,0,-191,62,-7,-5
36098,6.32,Z,41,4,263,0,52,77,92,2,Z,34,2,455,0,62,85,126,2,0,-7,-2,192,0,10,8,34,0
36099,7.2,P,83,3,365,0,280,237,118,27,T,87,6,408,0,452,172,195,4,1,4,3,43,0,172,-65,77,-23
36100,9.5,P,64,0,576,0,0,279,106,0,Z,69,9,605,0,165,187,160,2,1,5,9,29,0,165,-92,54,2
36101,9.58,P,52,0,614,0,0,193,92,1,Z,67,0,420,0,40,160,242,3,0,15,0,-194,0,40,-33,150,2
36102,6.04,Z,37,6,249,0,89,127,159,0,P,31,5,449,0,71,144,58,0,0,-6,-1,200,0,-18,17,-101,0
36103,8.07,Z,67,8,387,1,510,187,211,5,P,61,0,338,0,70,280,101,10,0,-6,-8,-49,-1,-440,93,-110,5
36104,9.3,P,56,7,595,0,166,245,130,11,P,66,7,526,0,695,357,132,4,1,10,0,-69,0,529,112,2,-7
36105,7.03,P,39,0,249,0,140,212,96,9,P,34,1,445,0,1,86,55,0,1,-5,1,196,0,-139,-126,-41,-9
36106,4.51,T,37,6,171,0,82,90,45,0,T,25,4,269,0,170,80,62,0,1,-12,-2,98,0,88,-10,17,0
36107,1.42,P,9,0,63,0,3,22,14,1,Z,3,1,72,0,33,17,32,2,1,-6,1,9,0,30,-5,18,1
36108,4.35,Z,21,0,185,0,509,63,150,3,Z,16,0,262,0,110,172,44,4,1,-5,0,77,0,-399,109,-106,1
36109,9.59,Z,56,0,698,0,47,90,155,5,P,36,0,386,0,1,144,59,1,0,-20,0,-312,0,-46,54,-96,-4
36110,9.59,T,103,8,705,1,553,259,309,4,Z,64,0,767,0,622,173,347,6,0,-39,-8,62,-1,69,-86,38,2
36111,7.12,T,71,2,289,0,184,214,130,2,Z,59,9,434,0,174,191,154,0,1,-12,7,145,0,-10,-23,24,-2
36112,10.19,Z,54,6,609,0,75,169,151,1,P,91,9,832,0,142,300,79,7,1,37,3,223,0,67,131,-72,6
36113,9.55,P,41,0,366,0,0,469,67,0,P,45,0,482,0,5,230,174,2,1,4,0,116,0,5,-239,107,2
36114,9.59,T,79,2,794,0,269,104,94,1,T,76,1,488,0,307,195,116,13,1,-3,-1,-306,0,38,91,22,12
36115,9.59,T,108,0,256,0,152,434,299,13,Z,73,2,519,0,83,325,308,10,0,-35,2,263,0,-69,-109,9,-3
36116,9.58,T,86,0,563,0,110,249,200,8,T,83,0,400,0,15,249,412,3,0,-3,0,-163,0,-95,0,212,-5
36117,6.08,T,93,0,255,0,726,218,134,43,P,45,0,227,0,473,178,52,7,0,-48,0,-28,0,-253,-40,-82,-36
36118,4.05,Z,15,0,231,0,3,26,44,3,P,12,4,317,0,19,110,31,0,0,-3,4,86,0,16,84,-13,-3
36119,8.52,Z,46,2,503,0,34,115,150,0,P,41,2,727,0,18,107,76,2,0,-5,0,224,0,-16,-8,-74,2
36120,10.22,Z,60,12,527,0,89,154,179,0,T,78,3,731,0,4,130,125,0,0,18,-9,204,0,-85,-24,-54,0
36121,5.58,P,33,0,381,0,524,129,34,15,P,23,0,340,0,12,87,38,8,0,-10,0,-41,0,-512,-42,4,-7
36122,7.28,T,45,4,375,0,76,128,104,5,P,30,0,324,0,10,184,34,5,1,-15,-4,-51,0,-66,56,-70,0
36123,9.59,P,65,7,408,0,48,176,115,0,T,72,0,525,0,42,166,74,5,1,7,-7,117,0,-6,-10,-41,5
36124,6.34,T,34,1,342,0,118,163,149,7,T,60,0,172,0,65,133,70,5,1,26,-1,-170,0,-53,-30,-79,-2
36125,0.34,T,3,0,9,0,0,6,14,0,P,0,0,17,0,70,15,2,1,1,-3,0,8,0,70,9,-12,1
36126,9.59,Z,60,9,372,0,416,282,282,1,Z,73,0,792,0,101,202,233,3,0,13,-9,420,0,-315,-80,-49,2
36127,9.59,P,69,0,338,0,0,272,290,0,T,83,0,395,0,376,361,138,6,1,14,0,57,0,376,89,-152,6
36128,5.34,Z,47,0,227,0,60,189,125,4,P,27,1,253,0,165,74,85,8,1,-20,1,26,0,105,-115,-40,4
36129,7.41,Z,55,2,346,0,386,281,306,8,T,79,2,574,7,59,132,86,9,0,24,0,228,7,-327,-149,-220,1
36130,8.02,T,58,0,612,0,49,156,111,6,Z,38,0,641,0,45,155,147,1,1,-20,0,29,0,-4,-1,36,-5
36131,5.56,T,29,0,342,0,5,67,36,5,Z,29,1,218,0,15,112,85,1,0,0,1,-124,0,10,45,49,-4
36132,5.2,Z,25,1,134,0,133,159,188,4,P,34,2,194,0,22,136,114,4,1,9,1,60,0,-111,-23,-74,0
36133,4.06,Z,15,4,134,0,27,20,54,1,P,15,3,248,0,5,29,11,0,0,0,-1,114,0,-22,9,-43,-1
36134,7.03,Z,32,0,311,0,0,127,138,0,Z,38,0,259,54,128,86,178,0,0,6,0,-52,54,128,-41,40,0
36135,9.57,Z,36,0,473,0,34,72,128,6,T,56,15,1082,0,23,84,79,1,1,20,15,609,0,-11,12,-49,-5
36136,8.17,P,35,6,627,0,53,55,28,6,P,30,0,552,0,0,182,65,0,0,-5,-6,-75,0,-53,127,37,-6
36137,7.36,T,49,0,430,0,378,127,82,6,Z,35,1,1192,0,29,121,117,4,0,-14,1,762,0,-349,-6,35,-2
36138,5.14,Z,22,1,68,0,14,15,50,0,Z,18,0,278,0,16,69,63,2,1,-4,-1,210,0,2,54,13,2
36139,7.37,P,42,0,471,0,9,244,161,4,T,61,0,810,0,0,248,143,3,0,19,0,339,0,-9,4,-18,-1
36140,6.43,P,25,0,310,0,0,63,40,0,T,37,0,553,0,13,69,34,4,1,12,0,243,0,13,6,-6,4
36141,6.51,P,29,0,264,0,4,192,56,1,Z,32,0,439,0,53,154,97,2,1,3,0,175,0,49,-38,41,1
36142,3.57,P,17,0,227,0,71,92,43,3,T,0,0,1,0,0,0,0,0,0,-17,0,-226,0,-71,-92,-43,-3
36143,1.47,T,5,0,135,0,166,29,33,2,P,7,0,67,0,36,117,13,5,1,2,0,-68,0,-130,88,-20,3
36144,8.12,T,87,2,363,0,195,271,107,3,Z,68,7,635,0,293,169,374,1,0,-19,5,272,0,98,-102,267,-2
36145,9.59,T,43,0,907,0,0,59,82,0,Z,63,0,751,0,0,184,196,1,1,20,0,-156,0,0,125,114,1
36146,9.57,Z,60,0,225,0,0,81,208,0,P,73,0,451,0,843,240,234,12,1,13,0,226,0,843,159,26,12
36147,5.42,P,24,0,170,0,13,70,30,2,P,14,0,416,0,1,24,26,1,0,-10,0,246,0,-12,-46,-4,-1
36148,6.32,Z,40,0,256,0,49,156,153,9,Z,43,0,502,18,154,156,199,2,0,3,0,246,18,105,0,46,-7
36149,8.07,Z,45,0,293,16,103,246,228,6,P,38,0,489,0,16,121,33,6,1,-7,0,196,-16,-87,-125,-195,0
36150,4.27,T,27,0,174,0,0,71,79,1,Z,17,0,236,0,38,91,80,3,0,-10,0,62,0,38,20,1,2
36151,9.59,T,90,0,488,0,49,146,65,14,Z,43,9,284,0,293,356,487,1,1,-47,9,-204,0,244,210,422,-13
36152,8.26,Z,46,0,592,0,77,258,183,7,P,60,0,413,0,46,166,51,5,1,14,0,-179,0,-31,-92,-132,-2
36153,5.58,Z,37,0,350,0,170,182,151,9,Z,46,0,178,0,70,133,135,3,1,9,0,-172,0,-100,-49,-16,-6
36154,5.38,P,27,0,557,0,7,93,43,6,P,21,6,333,0,79,131,68,1,0,-6,6,-224,0,72,38,25,-5
36155,6.37,T,10,0,679,0,0,102,35,0,Z,38,13,537,0,22,147,88,0,1,28,13,-142,0,22,45,53,0
36156,9.37,T,79,0,614,0,655,156,141,10,P,57,0,384,16,58,106,80,0,1,-22,0,-230,16,-597,-50,-61,-10
36157,10.29,P,39,1,446,0,8,208,72,1,P,67,5,746,0,36,247,109,4,1,28,4,300,0,28,39,37,3
36158,10.54,Z,110,0,365,0,65,138,325,5,Z,84,14,558,0,135,357,310,6,0,-26,14,193,0,70,219,-15,1
36159,7.1,P,21,0,222,0,2,30,29,3,Z,34,0,434,0,35,109,164,2,1,13,0,212,0,33,79,135,-1
36160,9.58,Z,31,0,629,0,0,143,252,6,T,71,1,309,0,9,252,125,0,0,40,1,-320,0,9,109,-127,-6
36161,6,P,30,5,339,0,22,109,84,1,P,31,1,408,0,56,151,29,8,0,1,-4,69,0,34,42,-55,7
36162,4.37,Z,28,1,248,0,6,58,105,3,T,39,0,324,0,316,176,47,7,0,11,-1,76,0,310,118,-58,4
36163,9.59,Z,52,0,350,0,61,141,176,6,T,102,0,775,0,10,302,215,7,0,50,0,425,0,-51,161,39,1
36164,9.16,T,99,2,460,0,661,311,262,14,T,141,0,525,0,263,583,220,11,1,42,-2,65,0,-398,272,-42,-3
36165,6.08,Z,41,2,182,0,431,121,230,6,T,52,0,530,0,260,89,136,5,1,11,-2,348,0,-171,-32,-94,-1
36166,3.07,T,17,1,156,0,95,75,43,2,T,20,0,85,0,36,44,43,7,1,3,-1,-71,0,-59,-31,0,5
36167,9.59,P,58,3,610,0,53,207,90,8,P,56,0,530,0,98,221,70,17,0,-2,-3,-80,0,45,14,-20,9
36168,8.48,T,59,0,521,0,6,416,183,3,T,61,0,694,0,72,195,93,7,1,2,0,173,0,66,-221,-90,4
36169,9.59,T,74,0,627,5,38,186,127,0,T,67,0,576,0,105,146,117,3,0,-7,0,-51,-5,67,-40,-10,3
36170,10.48,T,56,0,706,0,21,180,106,3,T,101,0,882,0,32,376,137,16,1,45,0,176,0,11,196,31,13
36171,9.26,Z,66,0,477,0,66,179,316,5,P,45,0,348,0,24,140,249,9,0,-21,0,-129,0,-42,-39,-67,4
36172,5.02,P,23,0,299,0,0,25,29,0,T,11,0,266,0,1,10,21,3,0,-12,0,-33,0,1,-15,-8,3
36173,9.59,T,69,0,951,0,100,209,153,9,Z,87,20,442,2,154,167,281,9,0,18,20,-509,2,54,-42,128,0
36174,3.29,T,13,0,279,0,0,13,32,0,T,11,0,280,0,0,40,22,1,0,-2,0,1,0,0,27,-10,1
36175,10.13,P,48,0,844,0,0,134,62,0,P,33,0,475,0,0,161,64,0,0,-15,0,-369,0,0,27,2,0
36176,7.09,P,30,3,197,0,191,78,39,5,T,72,0,278,0,171,65,119,29,1,42,-3,81,0,-20,-13,80,24
36177,8.16,P,40,1,496,0,8,198,58,2,Z,41,4,386,0,82,85,162,0,0,1,3,-110,0,74,-113,104,-2
36178,9.59,Z,67,9,470,0,59,210,297,3,T,95,5,520,0,121,221,108,11,1,28,-4,50,0,62,11,-189,8
36179,3.5,T,20,0,112,0,0,30,31,1,P,20,0,227,0,3,72,22,1,0,0,0,115,0,3,42,-9,0
36180,9.59,P,62,0,591,0,633,345,91,11,T,67,3,676,0,516,160,82,3,1,5,3,85,0,-117,-185,-9,-8
36181,3.46,Z,10,0,217,0,6,61,63,1,P,14,0,178,0,2,68,31,4,0,4,0,-39,0,-4,7,-32,3
36182,3.4,P,13,0,165,0,155,88,62,3,Z,14,1,112,0,31,41,80,3,1,1,1,-53,0,-124,-47,18,0
36183,8.2,T,53,0,566,0,25,316,125,4,P,29,0,321,0,0,156,100,0,0,-24,0,-245,0,-25,-160,-25,-4
36184,9.59,Z,35,0,775,0,44,94,176,1,T,66,0,727,0,10,53,106,2,1,31,0,-48,0,-34,-41,-70,1
36185,9.24,T,67,7,969,0,189,344,110,5,T,78,5,550,0,99,328,117,1,0,11,-2,-419,0,-90,-16,7,-4
36186,9.58,Z,51,0,623,0,10,136,178,2,T,46,9,631,2,10,263,87,1,1,-5,9,8,2,0,127,-91,-1
36187,5,P,22,0,183,0,3,49,46,6,T,17,0,345,0,8,25,13,0,1,-5,0,162,0,5,-24,-33,-6
36188,6.49,Z,45,3,213,0,114,123,188,5,P,27,0,797,0,0,61,35,1,1,-18,-3,584,0,-114,-62,-153,-4
36189,8.19,T,39,1,694,0,0,115,77,0,T,36,1,591,0,2,62,68,0,1,-3,0,-103,0,2,-53,-9,0
36190,9.59,Z,76,0,453,8,146,157,417,8,P,62,6,411,0,121,293,132,7,0,-14,6,-42,-8,-25,136,-285,-1
36191,5.46,Z,26,3,113,0,229,161,268,1,P,22,0,93,0,4,138,44,2,1,-4,-3,-20,0,-225,-23,-224,1
36192,8.52,T,102,6,519,0,353,214,155,1,P,42,1,305,0,244,159,94,2,1,-60,-5,-214,0,-109,-55,-61,1
36193,7.2,T,55,0,667,0,4,144,101,2,Z,29,1,246,0,146,172,125,5,0,-26,1,-421,0,142,28,24,3
36194,4.55,Z,21,7,136,0,365,96,109,1,Z,20,1,337,0,22,112,132,0,0,-1,-6,201,0,-343,16,23,-1
36195,6.15,Z,35,1,197,0,87,146,160,4,P,43,0,459,0,28,145,44,4,1,8,-1,262,0,-59,-1,-116,0
36196,10,Z,63,8,290,0,222,301,392,7,T,93,5,621,0,311,273,138,6,0,30,-3,331,0,89,-28,-254,-1
36197,4.16,Z,24,6,147,0,125,57,88,0,T,18,2,304,0,50,31,69,1,0,-6,-4,157,0,-75,-26,-19,1
36198,9.26,P,44,2,506,0,37,396,292,10,P,61,0,312,0,409,232,237,10,1,17,-2,-194,0,372,-164,-55,0
36199,7.16,T,12,0,232,0,0,14,24,0,P,37,0,512,0,6,111,71,10,1,25,0,280,0,6,97,47,10
36200,3.4,Z,22,2,104,0,36,98,55,5,Z,21,3,177,1,252,36,72,1,0,-1,1,73,1,216,-62,17,-4
36201,6.54,Z,36,0,581,0,35,75,81,9,P,40,4,439,0,29,60,42,0,1,4,4,-142,0,-6,-15,-39,-9
36202,5.35,Z,25,0,399,0,0,75,88,0,T,35,1,649,0,24,100,71,1,1,10,1,250,0,24,25,-17,1
36203,3.38,P,14,2,261,0,8,50,15,0,P,18,0,171,0,294,82,24,6,1,4,-2,-90,0,286,32,9,6
36204,9.59,P,52,4,554,0,22,146,101,0,Z,48,0,764,0,8,111,164,2,0,-4,-4,210,0,-14,-35,63,2
36205,10.37,T,120,0,399,0,67,341,120,4,P,93,0,612,0,48,349,199,9,0,-27,0,213,0,-19,8,79,5
36206,8.43,T,69,0,424,0,49,66,82,6,P,66,0,946,0,38,98,78,6,1,-3,0,522,0,-11,32,-4,0
36207,3.1,T,12,0,158,0,9,27,56,1,T,17,0,186,0,66,81,142,3,1,5,0,28,0,57,54,86,2
36208,9.59,T,82,3,515,0,50,341,120,11,T,60,3,829,0,2,231,139,0,0,-22,0,314,0,-48,-110,19,-11
36209,9.59,Z,63,1,284,0,32,205,204,0,T,81,2,800,0,21,272,185,5,0,18,1,516,0,-11,67,-19,5
36210,9.59,T,49,4,796,0,36,134,73,0,T,48,10,722,0,6,66,99,1,1,-1,6,-74,0,-30,-68,26,1
36211,4.29,Z,30,1,430,0,51,96,114,1,Z,26,5,169,0,20,112,117,2,1,-4,4,-261,0,-31,16,3,1
36212,4.35,Z,20,2,517,0,22,40,49,0,T,25,1,279,0,50,144,61,2,1,5,-1,-238,0,28,104,12,2
36213,4.39,Z,23,0,210,0,46,103,95,2,P,31,5,313,0,50,150,55,4,1,8,5,103,0,4,47,-40,2
36214,9.23,Z,47,0,476,2,75,273,227,13,T,64,3,661,0,65,349,135,3,1,17,3,185,-2,-10,76,-92,-10
36215,3.22,Z,18,2,109,0,77,135,119,3,Z,17,0,113,0,1,50,81,1,1,-1,-2,4,0,-76,-85,-38,-2
36216,2.59,Z,6,1,112,0,3,10,31,0,T,12,2,188,0,7,20,27,1,0,6,1,76,0,4,10,-4,1
36217,10.4,T,91,0,628,0,0,301,175,3,T,94,3,571,0,259,399,166,4,1,3,3,-57,0,259,98,-9,1
36218,7.5,Z,48,0,420,0,396,145,258,17,T,96,0,379,0,963,232,227,14,0,48,0,-41,0,567,87,-31,-3
36219,4.57,T,33,4,153,0,7,23,33,1,Z,20,0,179,0,19,15,55,4,1,-13,-4,26,0,12,-8,22,3
36220,10.41,P,65,1,541,0,16,163,100,3,T,64,1,460,0,29,183,80,3,1,-1,0,-81,0,13,20,-20,0
36221,8.42,T,64,7,700,0,87,148,144,5,T,63,5,674,0,196,233,121,6,1,-1,-2,-26,0,109,85,-23,1
36222,3.5,T,28,0,215,0,22,24,33,4,T,17,5,111,3,261,28,26,0,1,-11,5,-104,3,239,4,-7,-4
36223,3.29,Z,14,0,32,0,30,29,48,0,Z,13,0,168,0,4,65,98,2,1,-1,0,136,0,-26,36,50,2
36224,9.21,T,66,11,510,0,97,144,178,6,P,57,2,257,0,9,249,123,2,1,-9,-9,-253,0,-88,105,-55,-4
36225,9.59,Z,75,0,207,0,50,115,243,8,T,83,0,817,0,27,224,126,9,1,8,0,610,0,-23,109,-117,1
36226,8.52,Z,55,1,414,0,289,233,238,13,T,112,5,662,0,802,238,110,5,0,57,4,248,0,513,5,-128,-8
36227,7.03,Z,52,4,586,0,41,183,150,8,P,31,1,454,0,6,133,147,0,0,-21,-3,-132,0,-35,-50,-3,-8
36228,3.11,Z,13,1,173,0,9,49,37,3,Z,10,0,40,0,61,30,90,2,1,-3,-1,-133,0,52,-19,53,-1
36229,4.17,Z,19,0,151,0,12,20,76,2,Z,14,3,351,0,6,35,58,0,0,-5,3,200,0,-6,15,-18,-2
36230,5.02,P,35,3,301,0,193,130,118,1,Z,26,0,213,0,8,95,85,1,0,-9,-3,-88,0,-185,-35,-33,0
36231,6.05,Z,37,0,311,0,11,45,115,1,T,37,0,392,0,454,82,87,6,1,0,0,81,0,443,37,-28,5
36232,5.42,T,17,0,733,0,0,31,25,0,Z,12,0,193,0,0,20,44,0,0,-5,0,-540,0,0,-11,19,0
36233,9.59,P,69,6,715,0,266,349,183,5,P,85,2,688,0,512,215,155,10,1,16,-4,-27,0,246,-134,-28,5
36234,9.59,T,73,3,828,0,704,246,185,11,T,60,7,866,0,10,129,97,0,0,-13,4,38,0,-694,-117,-88,-11
36235,7.44,P,47,0,730,0,25,241,50,2,T,61,2,518,0,695,189,132,21,1,14,2,-212,0,670,-52,82,19
36236,3.12,P,16,4,162,2,36,69,26,0,Z,17,2,96,0,144,97,62,0,1,1,-2,-66,-2,108,28,36,0
36237,3.06,P,17,0,102,0,0,23,22,0,P,12,2,44,0,110,10,49,0,1,-5,2,-58,0,110,-13,27,0
36238,5.08,T,33,0,213,0,294,79,146,6,T,40,0,261,0,241,126,119,9,0,7,0,48,0,-53,47,-27,3
36239,4.38,P,30,0,234,0,0,149,85,3,T,28,0,105,0,588,121,187,7,0,-2,0,-129,0,588,-28,102,4
36240,3.39,T,25,0,209,0,78,111,22,3,P,20,0,20,0,107,58,156,1,1,-5,0,-189,0,29,-53,134,-2
36241,9.5,T,76,7,500,0,394,141,90,1,Z,48,0,723,0,246,236,302,4,0,-28,-7,223,0,-148,95,212,3
36242,9.05,Z,34,2,417,0,13,131,138,0,T,68,0,533,0,23,281,118,5,1,34,-2,116,0,10,150,-20,5
36243,9.59,P,69,0,490,0,29,290,126,4,T,96,0,466,0,243,373,182,8,1,27,0,-24,0,214,83,56,4
36244,9.59,P,68,3,775,0,41,258,78,1,Z,63,0,418,0,38,306,206,9,0,-5,-3,-357,0,-3,48,128,8
36245,7.21,P,35,0,584,0,0,56,64,0,Z,51,1,328,0,44,162,160,2,1,16,1,-256,0,44,106,96,2
36246,9.51,Z,76,0,778,0,79,134,238,3,Z,53,1,329,0,41,205,287,1,0,-23,1,-449,0,-38,71,49,-2
36247,3.06,T,13,0,280,0,70,43,68,5,Z,12,0,169,0,27,75,164,2,1,-1,0,-111,0,-43,32,96,-3
36248,8.25,P,72,10,487,0,196,263,108,2,T,56,0,667,0,70,201,141,8,1,-16,-10,180,0,-126,-62,33,6
36249,0.25,Z,0,1,13,0,14,5,8,1,T,2,1,28,0,3,4,2,0,1,2,0,15,0,-11,-1,-6,-1
36250,9.55,P,56,0,423,10,260,91,139,0,P,59,0,769,0,723,284,67,11,0,3,0,346,-10,463,193,-72,11
36251,2.17,Z,7,1,109,0,181,54,71,2,Z,12,0,90,0,0,52,44,0,0,5,-1,-19,0,-181,-2,-27,-2
36252,5.2,T,40,0,279,0,134,101,63,6,Z,24,4,234,0,5,44,102,0,0,-16,4,-45,0,-129,-57,39,-6
36253,9.59,T,90,0,416,0,82,275,176,14,P,47,0,565,0,0,139,91,1,0,-43,0,149,0,-82,-136,-85,-13
36254,8.02,Z,57,0,577,0,386,145,156,6,T,65,5,796,0,164,124,90,7,0,8,5,219,0,-222,-21,-66,1
36255,9.47,Z,52,2,428,0,99,77,215,1,T,50,0,611,0,4,73,108,2,1,-2,-2,183,0,-95,-4,-107,1
36256,3.03,T,18,0,67,0,13,33,17,5,P,15,0,121,0,285,69,41,5,1,-3,0,54,0,272,36,24,0
36257,3.25,T,10,0,52,0,1,13,14,2,P,14,3,83,0,381,147,77,0,0,4,3,31,0,380,134,63,-2
36258,9.51,Z,76,13,497,0,117,270,396,9,Z,72,0,859,0,47,309,196,3,0,-4,-13,362,0,-70,39,-200,-6
36259,9.07,T,50,0,842,0,1,98,76,1,T,57,0,517,0,7,181,77,3,0,7,0,-325,0,6,83,1,2
36260,9.29,T,135,0,532,0,203,272,204,9,Z,81,5,366,0,91,196,214,3,0,-54,5,-166,0,-112,-76,10,-6
36261,2.5,P,9,0,120,0,0,36,16,0,Z,9,1,115,0,150,54,148,3,1,0,1,-5,0,150,18,132,3
36262,10.22,P,62,6,709,0,189,293,107,3,Z,67,8,143,0,29,156,239,1,0,5,2,-566,0,-160,-137,132,-2
36263,5.39,T,21,0,174,0,0,20,32,2,Z,26,3,346,0,54,90,261,0,0,5,3,172,0,54,70,229,-2
36264,2.49,Z,14,2,83,0,16,75,58,2,T,10,1,133,0,35,51,50,2,1,-4,-1,50,0,19,-24,-8,0
36265,7.04,T,64,1,242,0,220,142,210,4,P,35,0,370,0,10,231,101,1,0,-29,-1,128,0,-210,89,-109,-3
36266,5.29,P,38,0,161,0,191,128,65,15,Z,40,0,236,0,259,140,148,8,1,2,0,75,0,68,12,83,-7
36267,9.59,P,69,0,470,0,45,206,126,3,T,84,0,388,0,70,280,172,9,1,15,0,-82,0,25,74,46,6
36268,6.08,Z,28,0,312,0,40,42,118,1,P,23,3,313,0,6,78,40,0,1,-5,3,1,0,-34,36,-78,-1
36269,9.59,T,78,0,532,0,180,333,95,13,T,75,0,658,0,324,274,111,10,0,-3,0,126,0,144,-59,16,-3
36270,9.59,Z,53,0,362,0,24,179,271,3,T,75,0,485,0,74,189,90,9,1,22,0,123,0,50,10,-181,6
36271,7.38,Z,51,0,260,0,152,123,271,11,Z,50,6,212,0,21,125,255,0,1,-1,6,-48,0,-131,2,-16,-11
36272,7.36,P,29,0,396,0,3,58,37,2,Z,38,3,566,0,7,112,128,0,1,9,3,170,0,4,54,91,-2
36273,7.36,T,60,9,501,0,664,197,96,2,T,75,0,459,0,267,127,92,16,0,15,-9,-42,0,-397,-70,-4,14
36274,6.52,T,37,1,511,0,40,160,49,7,T,59,0,394,0,53,300,93,7,1,22,-1,-117,0,13,140,44,0
36275,4.53,Z,23,0,132,0,16,33,43,1,Z,24,0,372,0,96,185,121,8,0,1,0,240,0,80,152,78,7
36276,9.59,Z,68,2,426,0,56,178,234,3,P,55,9,497,0,126,391,106,0,1,-13,7,71,0,70,213,-128,-3
36277,1.56,Z,5,0,61,0,34,44,39,2,T,10,2,88,0,137,26,40,3,0,5,2,27,0,103,-18,1,1
36278,9.59,P,49,9,709,0,13,147,76,0,P,53,10,286,0,54,71,67,0,1,4,1,-423,0,41,-76,-9,0
36279,8.11,P,31,0,90,0,1,140,49,0,P,32,0,412,0,0,115,69,1,0,1,0,322,0,-1,-25,20,1
36280,2.54,P,14,0,67,0,52,88,149,3,T,14,0,220,0,16,27,49,1,1,0,0,153,0,-36,-61,-100,-2
36281,4.24,Z,24,0,229,0,60,67,109,5,T,40,3,230,0,358,175,105,5,1,16,3,1,0,298,108,-4,0
36282,3.26,P,15,3,44,0,85,72,26,0,T,12,0,243,0,505,75,70,7,1,-3,-3,199,0,420,3,44,7
36283,3.29,T,24,0,224,17,60,31,40,0,T,22,0,150,0,217,90,51,10,0,-2,0,-74,-17,157,59,11,10
36284,9.59,Z,39,5,981,0,36,128,170,2,P,54,0,469,0,18,85,67,3,1,15,-5,-512,0,-18,-43,-103,1
36285,1.03,Z,1,0,30,0,4,11,29,1,T,3,0,96,0,0,14,6,0,0,2,0,66,0,-4,3,-23,-1
36286,1.47,T,7,0,119,0,4,19,6,2,T,7,0,105,0,1,17,10,1,1,0,0,-14,0,-3,-2,4,-1
36287,9.4,T,119,4,353,0,772,263,198,16,T,89,0,828,0,21,228,138,5,0,-30,-4,475,0,-751,-35,-60,-11
36288,9.58,P,70,0,451,0,377,422,218,13,T,115,0,558,0,279,273,213,11,1,45,0,107,0,-98,-149,-5,-2
36289,8.44,P,58,0,347,0,552,282,221,11,Z,57,0,287,0,57,121,197,4,1,-1,0,-60,0,-495,-161,-24,-7
36290,7.26,T,45,2,492,0,14,228,136,3,T,44,4,418,0,512,164,97,7,1,-1,2,-74,0,498,-64,-39,4
36291,4.58,T,36,0,276,0,17,99,56,5,P,36,1,333,0,63,249,68,6,1,0,1,57,0,46,150,12,1
36292,9.27,T,48,0,425,0,29,20,37,4,Z,67,0,408,0,206,198,392,2,1,19,0,-17,0,177,178,355,-2
36293,9.58,P,38,0,302,0,7,172,67,10,T,71,1,584,0,297,166,101,5,1,33,1,282,0,290,-6,34,-5
36294,5.04,P,22,0,233,0,2,59,31,0,P,15,0,131,0,0,32,9,0,0,-7,0,-102,0,-2,-27,-22,0
36295,9.32,P,33,1,839,0,1,155,67,0,Z,45,0,532,0,9,45,154,0,0,12,-1,-307,0,8,-110,87,0
36296,10.1,Z,50,2,673,0,25,118,149,3,Z,42,1,190,0,37,59,111,11,0,-8,-1,-483,0,12,-59,-38,8
36297,8.33,Z,54,1,601,0,131,73,168,6,T,65,0,509,0,324,170,108,8,0,11,-1,-92,0,193,97,-60,2
36298,3.19,P,14,3,134,0,2,45,26,0,Z,9,0,190,0,151,58,115,3,1,-5,-3,56,0,149,13,89,3
36299,9.59,T,61,0,317,0,25,125,106,21,T,39,1,466,0,17,88,69,4,1,-22,1,149,0,-8,-37,-37,-17
36300,7.3,P,41,5,714,0,570,127,91,3,T,55,0,332,0,313,202,123,10,1,14,-5,-382,0,-257,75,32,7
36301,0,Z,0,0,1,0,0,0,0,0,T,10,0,111,0,7,23,35,3,1,10,0,110,0,7,23,35,3
36302,7.34,Z,42,2,476,0,38,173,114,3,T,94,0,337,0,45,254,117,11,1,52,-2,-139,0,7,81,3,8
36303,9.58,Z,25,0,235,0,12,27,96,1,T,61,0,1162,0,4,123,146,2,0,36,0,927,0,-8,96,50,1
36304,4.26,T,37,0,128,0,130,113,44,10,Z,31,1,101,0,297,49,129,7,1,-6,1,-27,0,167,-64,85,-3
36305,9.59,Z,80,0,572,0,280,292,262,8,Z,58,0,820,0,58,180,238,12,0,-22,0,248,0,-222,-112,-24,4
36306,9.59,Z,44,0,527,0,30,85,130,2,Z,52,0,760,0,35,191,163,1,0,8,0,233,0,5,106,33,-1
36307,4.3,T,46,4,188,0,27,107,151,1,P,30,0,404,0,222,102,34,4,0,-16,-4,216,0,195,-5,-117,3
36308,9.59,Z,45,0,405,0,51,211,165,4,Z,48,1,714,0,108,187,233,5,0,3,1,309,0,57,-24,68,1
36309,2.04,T,8,2,72,0,71,66,26,1,Z,7,0,55,0,0,33,105,3,1,-1,-2,-17,0,-71,-33,79,2
36310,5.37,Z,29,6,141,0,300,93,125,4,T,31,3,307,0,28,65,47,0,0,2,-3,166,0,-272,-28,-78,-4
36311,9.04,T,47,0,1001,0,894,190,98,19,T,74,0,708,0,33,110,149,4,1,27,0,-293,0,-861,-80,51,-15
36312,6.54,P,46,3,266,0,76,168,61,8,P,35,0,211,0,77,166,153,5,1,-11,-3,-55,0,1,-2,92,-3
36313,7.42,Z,32,0,582,0,37,43,101,2,T,49,0,445,0,27,123,68,8,1,17,0,-137,0,-10,80,-33,6
36314,5.41,Z,25,5,129,3,38,76,74,2,Z,26,1,249,0,177,131,175,8,1,1,-4,120,-3,139,55,101,6
36315,1.19,T,2,0,61,0,0,18,8,0,P,4,2,23,0,0,8,8,0,1,2,2,-38,0,0,-10,0,0
36316,9.59,Z,39,0,846,0,16,98,113,1,T,47,0,493,0,3,46,79,2,0,8,0,-353,0,-13,-52,-34,1
36317,7.37,T,63,5,493,0,249,124,83,1,Z,45,0,466,0,0,26,119,0,1,-18,-5,-27,0,-249,-98,36,-1
36318,5.51,P,45,1,350,0,253,240,58,0,Z,36,1,468,0,284,250,132,9,1,-9,0,118,0,31,10,74,9
36319,8.38,T,76,0,507,0,95,322,112,18,P,65,3,473,0,346,310,109,10,1,-11,3,-34,0,251,-12,-3,-8
36320,9.58,Z,76,0,259,0,249,150,357,9,T,68,0,674,0,50,80,80,7,0,-8,0,415,0,-199,-70,-277,-2
36321,9.58,P,56,0,233,0,0,334,109,6,P,69,2,582,0,95,330,225,11,1,13,2,349,0,95,-4,116,5
36322,9.59,T,69,2,130,0,24,71,68,3,T,49,0,465,0,3,38,70,3,0,-20,-2,335,0,-21,-33,2,0
36323,10.02,T,124,0,425,0,240,308,290,16,Z,106,9,654,0,305,183,285,10,0,-18,9,229,0,65,-125,-5,-6
36324,4.43,P,32,0,297,0,313,156,39,9,Z,24,2,194,0,33,103,80,0,0,-8,2,-103,0,-280,-53,41,-9
36325,8.06,Z,47,5,243,0,65,75,211,1,P,27,4,118,0,11,95,45,0,0,-20,-1,-125,0,-54,20,-166,-1
36326,7.56,P,45,0,588,0,29,167,45,4,Z,39,5,716,0,8,110,170,0,1,-6,5,128,0,-21,-57,125,-4
36327,2.57,T,14,0,86,0,186,21,16,7,T,12,0,110,0,296,36,54,4,1,-2,0,24,0,110,15,38,-3
36328,9.58,Z,39,0,413,0,29,54,131,3,T,47,0,509,0,3,35,103,5,0,8,0,96,0,-26,-19,-28,2
36329,8.35,P,59,2,458,0,950,280,54,8,Z,62,1,525,0,57,125,163,1,0,3,-1,67,0,-893,-155,109,-7
36330,9.59,T,57,3,661,0,14,362,131,0,T,62,8,368,0,60,354,242,3,0,5,5,-293,0,46,-8,111,3
36331,1.26,P,3,0,31,0,3,7,5,3,T,4,0,36,0,112,27,17,8,1,1,0,5,0,109,20,12,5
36332,9.59,P,66,5,653,0,271,417,54,12,P,90,4,363,0,366,318,110,8,0,24,-1,-290,0,95,-99,56,-4
36333,7.53,P,40,0,289,0,0,108,92,1,P,61,0,603,8,46,198,68,0,1,21,0,314,8,46,90,-24,-1
36334,2.5,Z,13,4,85,0,257,74,62,0,P,15,1,108,0,255,64,29,4,0,2,-3,23,0,-2,-10,-33,4
36335,7.57,P,30,0,248,0,11,49,60,5,T,36,0,586,0,3,55,88,3,1,6,0,338,0,-8,6,28,-2
36336,7.35,Z,41,1,362,0,46,150,169,2,P,30,0,167,0,6,68,65,0,0,-11,-1,-195,0,-40,-82,-104,-2
36337,8.21,Z,56,0,398,0,7,78,177,2,T,49,2,284,0,33,54,43,7,1,-7,2,-114,0,26,-24,-134,5
36338,9.02,T,79,0,402,0,61,125,218,13,P,52,0,391,0,79,231,142,15,0,-27,0,-11,0,18,106,-76,2
36339,5.23,T,28,0,335,0,150,78,67,5,P,19,2,150,0,0,13,20,0,0,-9,2,-185,0,-150,-65,-47,-5
36340,9.59,T,94,5,696,0,141,269,146,1,Z,94,7,561,0,255,239,314,5,0,0,2,-135,0,114,-30,168,4
36341,6.23,T,34,0,382,0,94,87,130,6,T,45,0,155,0,14,200,141,5,0,11,0,-227,0,-80,113,11,-1
36342,9.59,P,74,7,424,4,495,212,177,0,T,54,0,272,0,420,209,274,14,0,-20,-7,-152,-4,-75,-3,97,14
36343,1.01,T,5,1,58,0,2,20,7,0,Z,3,0,48,0,19,9,13,3,0,-2,-1,-10,0,17,-11,6,3
36344,10.57,T,97,2,549,0,47,336,130,5,Z,81,18,345,0,508,201,377,2,1,-16,16,-204,0,461,-135,247,-3
36345,9.59,Z,92,0,1090,0,210,290,330,4,T,106,0,610,0,771,286,181,15,1,14,0,-480,0,561,-4,-149,11
36346,7.5,Z,52,3,306,0,182,325,214,9,Z,51,3,300,0,55,268,202,3,1,-1,0,-6,0,-127,-57,-12,-6
36347,4.54,T,21,0,335,0,0,17,27,0,P,24,3,121,0,3,52,38,0,1,3,3,-214,0,3,35,11,0
36348,7.3,Z,39,7,389,0,31,35,112,0,T,62,0,275,0,557,92,62,3,1,23,-7,-114,0,526,57,-50,3
36349,9.49,T,90,0,616,0,189,108,258,13,T,51,0,624,0,11,109,83,5,0,-39,0,8,0,-178,1,-175,-8
36350,3.58,T,19,4,209,0,37,40,26,1,P,23,0,133,0,0,39,29,0,1,4,-4,-76,0,-37,-1,3,-1
36351,9.59,T,148,0,420,0,551,215,216,23,Z,118,8,798,0,476,403,348,13,1,-30,8,378,0,-75,188,132,-10
36352,9.11,T,111,8,480,0,525,220,225,0,T,129,0,389,0,165,260,133,22,1,18,-8,-91,0,-360,40,-92,22
36353,4.29,Z,27,0,281,0,185,181,128,6,P,27,0,242,0,82,77,45,5,1,0,0,-39,0,-103,-104,-83,-1
36354,3.03,T,15,2,154,0,106,22,26,0,T,6,0,117,0,2,8,15,3,0,-9,-2,-37,0,-104,-14,-11,3
36355,10.13,T,49,3,619,0,0,131,111,0,T,55,0,809,0,12,84,112,6,0,6,-3,190,0,12,-47,1,6
36356,8.46,P,32,4,101,0,10,61,27,0,Z,53,3,288,0,92,164,147,0,1,21,-1,187,0,82,103,120,0
36357,9.59,Z,52,0,176,0,5,55,169,4,T,56,0,1066,0,5,98,132,3,0,4,0,890,0,0,43,-37,-1
36358,6.48,P,12,0,229,0,0,14,7,0,P,22,0,381,0,0,49,41,0,0,10,0,152,0,0,35,34,0
36359,9.56,T,99,0,652,0,453,284,270,7,Z,72,2,417,0,175,340,363,8,0,-27,2,-235,0,-278,56,93,1
36360,9.59,P,92,0,558,0,172,353,148,16,Z,79,3,498,0,50,98,191,2,0,-13,3,-60,0,-122,-255,43,-14
36361,4.52,T,18,0,199,0,9,48,41,4,T,25,2,151,0,0,41,64,0,1,7,2,-48,0,-9,-7,23,-4
36362,9.59,T,56,6,928,0,13,117,80,2,P,53,3,657,0,15,143,70,0,0,-3,-3,-271,0,2,26,-10,-2
36363,9.46,T,30,1,573,0,3,122,82,4,P,33,2,496,0,14,384,60,0,1,3,1,-77,0,11,262,-22,-4
36364,3.29,T,13,0,67,0,125,30,129,5,Z,13,0,58,0,0,24,131,2,1,0,0,-9,0,-125,-6,2,-3
36365,9.59,Z,46,5,434,0,30,139,130,0,Z,33,0,209,0,0,148,131,0,0,-13,-5,-225,0,-30,9,1,0
36366,9.35,T,103,1,372,0,838,377,202,9,P,93,5,498,0,46,263,100,15,1,-10,4,126,0,-792,-114,-102,6
36367,9.59,T,121,2,772,0,235,262,248,9,Z,95,7,368,0,264,325,444,13,1,-26,5,-404,0,29,63,196,4
36368,9.56,Z,36,0,390,0,31,102,160,7,P,76,0,432,0,84,452,93,6,1,40,0,42,0,53,350,-67,-1
36369,9.58,T,122,0,530,0,872,620,282,17,T,130,0,370,0,806,413,201,24,1,8,0,-160,0,-66,-207,-81,7
36370,7.56,Z,37,8,384,0,317,146,412,4,T,69,0,409,0,38,78,75,10,1,32,-8,25,0,-279,-68,-337,6
36371,7.32,P,32,0,447,0,7,139,47,0,T,42,4,517,0,30,89,67,0,1,10,4,70,0,23,-50,20,0
36372,1.02,T,4,0,47,0,1,9,3,1,T,3,0,41,0,0,12,10,1,1,-1,0,-6,0,-1,3,7,0
36373,7.39,Z,58,3,263,0,33,149,181,0,Z,49,1,386,0,60,226,123,4,1,-9,-2,123,0,27,77,-58,4
36374,9.59,Z,81,1,683,0,200,287,298,9,P,92,3,598,0,40,208,86,3,1,11,2,-85,0,-160,-79,-212,-6
36375,3.17,P,11,0,23,0,5,9,17,1,T,12,0,134,0,0,14,28,1,0,1,0,111,0,-5,5,11,0
36376,9.59,T,87,0,564,0,643,362,159,11,T,66,5,675,0,8,224,139,3,1,-21,5,111,0,-635,-138,-20,-8
36377,9.57,Z,81,11,436,0,224,365,482,2,T,102,1,417,0,396,199,118,12,1,21,-10,-19,0,172,-166,-364,10
36378,8.56,Z,66,3,374,0,374,259,245,6,Z,49,0,258,0,357,127,507,5,0,-17,-3,-116,0,-17,-132,262,-1
36379,2.07,P,9,0,102,0,0,27,9,0,P,7,0,58,0,0,21,3,0,1,-2,0,-44,0,0,-6,-6,0
36380,4.04,Z,11,0,243,4,16,129,62,3,P,25,0,292,14,53,141,44,0,1,14,0,49,10,37,12,-18,-3
36381,5.17,P,18,0,270,0,2,16,38,2,P,30,0,297,0,498,151,62,3,0,12,0,27,0,496,135,24,1
36382,9.58,T,62,4,587,0,549,187,168,0,Z,49,0,512,0,24,77,153,4,1,-13,-4,-75,0,-525,-110,-15,4
36383,7.27,Z,54,3,248,0,303,135,160,2,T,87,4,254,0,52,213,82,7,1,33,1,6,0,-251,78,-78,5
36384,7.4,T,76,1,471,0,235,338,112,7,P,67,3,400,0,453,265,139,0,1,-9,2,-71,0,218,-73,27,-7
36385,9.28,T,80,2,453,0,471,329,261,2,T,99,0,384,0,95,369,109,5,0,19,-2,-69,0,-376,40,-152,3
36386,9.08,Z,31,2,415,0,8,63,154,2,Z,31,0,714,0,15,70,127,3,1,0,-2,299,0,7,7,-27,1
36387,9.59,Z,30,0,290,0,29,39,144,5,P,22,1,745,0,0,32,76,0,0,-8,1,455,0,-29,-7,-68,-5
36388,8.13,P,69,0,523,0,712,170,58,14,Z,71,5,588,0,706,286,352,12,0,2,5,65,0,-6,116,294,-2
36389,7.38,P,38,0,252,0,15,101,49,4,T,22,2,517,0,1,119,38,2,1,-16,2,265,0,-14,18,-11,-2
36390,9.58,T,77,0,573,0,0,171,104,0,Z,62,3,382,0,112,120,239,1,1,-15,3,-191,0,112,-51,135,1
36391,9.59,Z,58,9,232,0,510,193,299,4,T,91,7,350,0,267,282,154,7,1,33,-2,118,0,-243,89,-145,3
36392,9.59,P,62,5,544,0,33,187,71,7,T,56,5,535,0,57,128,88,2,1,-6,0,-9,0,24,-59,17,-5
36393,7.45,P,38,0,796,0,19,120,45,5,Z,42,7,462,0,36,59,148,0,1,4,7,-334,0,17,-61,103,-5
36394,9.01,T,62,5,731,0,37,65,44,0,P,57,0,572,0,719,262,119,9,1,-5,-5,-159,0,682,197,75,9
36395,9.59,P,82,7,308,0,123,150,102,11,Z,86,11,203,0,103,137,396,0,1,4,4,-105,0,-20,-13,294,-11
36396,4.03,P,18,0,205,0,210,157,67,9,T,22,3,220,0,326,76,119,2,0,4,3,15,0,116,-81,52,-7
36397,5.19,T,28,0,327,0,16,94,65,13,P,35,3,334,0,71,108,35,0,1,7,3,7,0,55,14,-30,-13
36398,4.42,T,24,4,321,0,3,65,55,0,Z,17,0,281,0,2,73,62,1,1,-7,-4,-40,0,-1,8,7,1
36399,9.57,Z,54,0,271,0,0,46,156,0,Z,38,0,687,0,12,113,164,3,1,-16,0,416,0,12,67,8,3
36400,6.48,T,63,3,322,0,65,92,59,4,Z,21,0,518,0,16,60,105,3,1,-42,-3,196,0,-49,-32,46,-1
36401,8.33,T,74,1,288,0,964,225,191,12,T,90,1,321,0,409,251,162,11,0,16,0,33,0,-555,26,-29,-1
36402,8.48,T,56,0,436,0,32,50,69,5,P,37,7,448,0,43,74,42,1,1,-19,7,12,0,11,24,-27,-4
36403,4.27,T,14,0,234,0,0,4,27,0,T,16,0,225,0,2,20,35,2,0,2,0,-9,0,2,16,8,2
36404,4.27,P,21,0,224,0,0,30,56,0,P,20,0,181,0,21,76,21,1,1,-1,0,-43,0,21,46,-35,1
36405,9.59,T,66,10,667,0,207,170,175,1,Z,65,4,426,0,29,126,206,0,1,-1,-6,-241,0,-178,-44,31,-1
36406,7.25,P,40,3,652,0,19,95,58,0,P,31,0,384,0,1,37,49,1,0,-9,-3,-268,0,-18,-58,-9,1
36407,4.57,T,33,2,501,0,439,64,51,2,Z,11,5,109,6,529,49,124,0,0,-22,3,-392,6,90,-15,73,-2
36408,6.58,Z,35,4,193,0,13,50,80,1,T,36,0,310,0,0,57,43,2,0,1,-4,117,0,-13,7,-37,1
36409,5.13,P,20,8,184,0,222,124,178,1,Z,33,3,190,0,18,76,144,0,0,13,-5,6,0,-204,-48,-34,-1
36410,10.58,T,117,9,838,0,161,168,125,3,T,141,0,625,0,287,527,245,16,1,24,-9,-213,0,126,359,120,13
36411,4.01,T,21,0,169,0,17,142,145,2,T,21,0,175,0,2,102,143,1,1,0,0,6,0,-15,-40,-2,-1
36412,9.58,Z,59,2,452,0,75,189,140,0,P,31,0,383,0,0,154,29,0,1,-28,-2,-69,0,-75,-35,-111,0
36413,9.59,T,64,0,570,0,2,269,135,2,Z,43,0,112,11,69,50,143,0,0,-21,0,-458,11,67,-219,8,-2
36414,4.12,T,15,0,247,0,0,38,30,2,Z,17,0,134,0,8,39,96,2,1,2,0,-113,0,8,1,66,0
36415,9.59,P,56,5,980,0,8,113,97,0,P,50,0,530,0,14,174,63,4,1,-6,-5,-450,0,6,61,-34,4
36416,10.12,Z,84,0,884,8,35,330,217,2,T,118,6,673,0,486,308,224,7,0,34,6,-211,-8,451,-22,7,5
36417,7.46,Z,44,0,762,0,38,46,100,6,T,54,0,316,0,37,171,238,7,1,10,0,-446,0,-1,125,138,1
36418,4.01,T,22,3,399,0,1,65,38,0,T,11,0,170,0,3,84,188,1,1,-11,-3,-229,0,2,19,150,1
36419,5.15,Z,41,0,238,0,470,151,214,1,T,49,0,279,0,116,253,191,10,0,8,0,41,0,-354,102,-23,9
36420,5.15,P,31,1,134,0,91,162,72,5,P,24,0,278,0,23,114,71,2,0,-7,-1,144,0,-68,-48,-1,-3
36421,6.22,T,45,5,409,0,50,49,66,0,Z,27,0,141,0,12,72,135,1,0,-18,-5,-268,0,-38,23,69,1
36422,9.39,Z,61,10,846,0,54,303,189,0,Z,62,3,695,0,88,136,221,0,0,1,-7,-151,0,34,-167,32,0
36423,9.59,T,38,0,636,0,5,83,113,3,T,47,0,627,0,4,76,126,2,1,9,0,-9,0,-1,-7,13,-1
36424,9.59,P,25,0,506,0,0,93,38,0,T,36,1,292,0,110,134,94,4,1,11,1,-214,0,110,41,56,4
36425,4.5,Z,32,1,68,0,87,230,208,9,T,41,3,176,0,818,116,39,5,1,9,2,108,0,731,-114,-169,-4
36426,9.59,T,130,11,520,0,591,219,214,9,P,80,13,421,0,302,164,96,9,0,-50,2,-99,0,-289,-55,-118,0
36427,0.57,Z,5,0,12,0,6,14,15,3,P,6,0,40,0,37,13,22,3,0,1,0,28,0,31,-1,7,0
36428,8.36,P,5,0,189,0,0,27,15,0,P,47,7,612,0,63,157,70,9,1,42,7,423,0,63,130,55,9
36429,9.58,Z,42,1,677,0,52,45,206,3,P,57,1,501,0,12,209,72,0,1,15,0,-176,0,-40,164,-134,-3
36430,9.59,Z,40,3,924,0,26,139,190,1,T,55,0,875,0,7,50,97,2,1,15,-3,-49,0,-19,-89,-93,1
36431,10.33,T,107,11,1011,0,25,113,113,3,Z,73,0,564,0,128,286,388,5,0,-34,-11,-447,0,103,173,275,2
36432,8.49,T,85,5,229,0,402,284,126,2,T,58,0,627,0,36,220,123,10,0,-27,-5,398,0,-366,-64,-3,8
36433,9.59,P,102,12,519,0,660,303,150,0,Z,69,11,653,0,301,143,443,1,0,-33,-1,134,0,-359,-160,293,1
36434,5.43,T,30,3,599,0,5,68,63,1,P,22,0,169,0,10,260,32,4,0,-8,-3,-430,0,5,192,-31,3
36435,7.04,P,37,0,726,0,5,175,84,2,Z,31,5,261,0,41,172,104,0,0,-6,5,-465,0,36,-3,20,-2
36436,9.59,P,62,0,633,0,58,162,244,3,Z,51,9,447,0,43,388,162,0,0,-11,9,-186,0,-15,226,-82,-3
36437,1.52,P,11,2,88,0,34,29,21,1,P,3,1,77,0,0,28,12,0,1,-8,-1,-11,0,-34,-1,-9,-1
36438,9.53,T,74,6,611,0,19,102,113,0,P,35,0,474,0,1,51,45,0,1,-39,-6,-137,0,-18,-51,-68,0
36439,6.18,Z,28,0,365,0,15,153,159,3,P,21,0,442,0,0,99,49,2,0,-7,0,77,0,-15,-54,-110,-1
36440,6.57,P,48,0,309,0,36,198,40,9,T,49,0,416,7,170,138,143,0,1,1,0,107,7,134,-60,103,-9
36441,3.14,Z,15,1,177,0,2,16,44,1,Z,11,0,154,0,0,15,43,0,0,-4,-1,-23,0,-2,-1,-1,-1
36442,8.26,Z,61,0,517,0,39,171,171,7,P,58,0,516,0,266,310,186,25,0,-3,0,-1,0,227,139,15,18
36443,7.56,T,92,0,604,0,18,356,135,7,T,45,5,431,0,13,320,120,1,0,-47,5,-173,0,-5,-36,-15,-6
36444,10.32,P,67,0,771,0,17,137,58,3,Z,87,0,509,0,77,160,302,14,1,20,0,-262,0,60,23,244,11
36445,9.59,P,53,8,393,0,54,204,82,1,T,83,0,540,0,16,203,132,5,1,30,-8,147,0,-38,-1,50,4
36446,9.59,T,100,2,357,0,131,273,140,7,Z,77,0,506,0,51,72,204,5,1,-23,-2,149,0,-80,-201,64,-2
36447,4.08,P,17,1,349,0,43,186,68,3,Z,20,2,121,0,219,69,211,5,1,3,1,-228,0,176,-117,143,2
36448,9.59,T,52,8,984,0,31,347,116,1,T,53,0,458,0,0,289,96,0,0,1,-8,-526,0,-31,-58,-20,-1
36449,9.55,T,71,0,693,0,21,125,128,3,Z,73,0,354,0,0,216,289,0,0,2,0,-339,0,-21,91,161,-3
36450,10.17,Z,63,0,491,0,143,333,304,15,Z,81,8,696,0,94,359,265,6,1,18,8,205,0,-49,26,-39,-9
36451,7.37,Z,50,8,76,0,36,89,147,0,Z,76,0,222,0,91,163,164,10,1,26,-8,146,0,55,74,17,10
36452,7.45,T,50,0,500,0,300,168,151,10,P,56,0,330,0,569,190,154,10,1,6,0,-170,0,269,22,3,0
36453,7.51,P,57,3,533,0,284,338,161,8,Z,72,3,589,0,219,291,330,8,1,15,0,56,0,-65,-47,169,0
36454,9.59,Z,50,0,763,0,34,161,158,8,Z,59,0,496,0,34,348,191,4,1,9,0,-267,0,0,187,33,-4
36455,9.59,Z,69,2,404,0,57,313,209,13,P,45,3,438,0,15,155,42,0,0,-24,1,34,0,-42,-158,-167,-13
36456,9.59,T,98,0,281,0,21,350,209,6,Z,64,3,660,0,413,345,228,3,1,-34,3,379,0,392,-5,19,-3
36457,9.58,T,79,1,666,0,65,274,163,4,P,45,0,491,0,89,247,127,4,1,-34,-1,-175,0,24,-27,-36,0
36458,1.17,T,4,0,33,0,52,51,7,3,Z,4,0,12,0,0,18,17,6,0,0,0,-21,0,-52,-33,10,3
36459,7.23,P,50,3,521,0,965,251,125,10,Z,54,4,407,0,120,178,253,2,1,4,1,-114,0,-845,-73,128,-8
36460,1.06,T,2,2,50,0,1,10,19,1,T,5,0,38,0,0,6,58,1,1,3,-2,-12,0,-1,-4,39,0
36461,8.11,T,72,3,484,0,154,177,72,5,Z,57,0,474,0,224,206,418,7,0,-15,-3,-10,0,70,29,346,2
36462,9.59,Z,79,0,577,0,91,182,263,2,T,46,0,967,0,13,187,111,5,0,-33,0,390,0,-78,5,-152,3
36463,3.26,Z,14,1,87,0,235,25,75,1,T,23,1,80,0,10,52,93,1,0,9,0,-7,0,-225,27,18,0
36464,8.28,T,77,5,495,0,481,261,204,14,T,83,7,556,0,269,283,102,6,1,6,2,61,0,-212,22,-102,-8
36465,5.42,T,52,1,205,0,223,166,112,3,Z,50,3,378,0,350,199,193,5,1,-2,2,173,0,127,33,81,2
36466,9.59,Z,75,2,427,0,463,223,417,2,T,109,4,491,0,549,332,251,15,1,34,2,64,0,86,109,-166,13
36467,7.48,Z,35,6,331,0,53,83,126,0,P,52,2,630,0,18,180,68,0,0,17,-4,299,0,-35,97,-58,0
36468,6.29,Z,43,6,193,0,375,120,116,6,Z,38,0,195,0,60,263,135,7,1,-5,-6,2,0,-315,143,19,1
36469,7.4,P,24,1,605,0,6,193,46,2,T,62,3,337,2,142,148,132,0,1,38,2,-268,2,136,-45,86,-2
36470,6.28,Z,27,0,431,0,47,116,109,4,Z,36,6,244,0,22,146,162,3,0,9,6,-187,0,-25,30,53,-1
36471,7.19,P,48,0,595,0,78,120,44,5,T,56,2,352,0,195,168,148,8,1,8,2,-243,0,117,48,104,3
36472,4.24,Z,23,0,155,0,50,60,56,3,Z,14,0,190,0,161,73,206,5,1,-9,0,35,0,111,13,150,2
36473,5.41,P,21,1,71,0,1,155,42,0,T,42,0,268,0,11,110,49,11,1,21,-1,197,0,10,-45,7,11
36474,10.29,T,97,1,854,0,7,204,149,2,T,93,17,995,0,68,143,104,14,1,-4,16,141,0,61,-61,-45,12
36475,7.59,T,62,0,317,0,367,161,96,9,T,57,5,652,0,87,175,89,5,0,-5,5,335,0,-280,14,-7,-4
36476,1.17,P,3,2,67,0,12,20,8,1,P,5,2,34,0,0,6,4,0,0,2,0,-33,0,-12,-14,-4,-1
36477,9.58,Z,65,0,667,0,52,192,296,5,Z,66,14,596,0,288,305,367,3,1,1,14,-71,0,236,113,71,-2
36478,7.26,Z,27,0,132,0,2,16,98,0,P,25,0,234,0,6,200,51,1,0,-2,0,102,0,4,184,-47,1
36479,3.35,T,18,0,169,0,109,49,20,2,T,25,2,87,0,151,96,166,2,0,7,2,-82,0,42,47,146,0
36480,2,P,7,0,49,0,1,89,20,7,P,6,0,84,0,31,24,6,2,1,-1,0,35,0,30,-65,-14,-5
36481,6.42,T,66,3,497,0,412,237,149,3,Z,25,0,441,0,30,205,108,2,0,-41,-3,-56,0,-382,-32,-41,-1
36482,8.28,T,72,6,533,0,51,189,92,0,Z,42,0,601,0,0,110,147,2,0,-30,-6,68,0,-51,-79,55,2
36483,10.01,P,70,3,823,0,8,180,123,0,Z,79,1,607,0,215,271,266,6,1,9,-2,-216,0,207,91,143,6
36484,9.59,P,87,0,570,0,57,307,246,5,T,114,5,946,0,49,299,111,3,0,27,5,376,0,-8,-8,-135,-2
36485,4.27,Z,25,1,185,0,79,59,86,4,T,34,1,202,0,142,95,45,6,1,9,0,17,0,63,36,-41,2
36486,0.44,T,4,0,7,0,99,17,22,4,T,3,0,15,0,1,8,8,2,1,-1,0,8,0,-98,-9,-14,-2
36487,9.14,T,38,0,387,0,0,28,58,0,P,40,0,146,0,0,34,59,0,1,2,0,-241,0,0,6,1,0
36488,6.55,T,64,0,351,0,592,157,189,13,T,64,0,349,2,63,114,89,10,1,0,0,-2,2,-529,-43,-100,-3
36489,9.03,Z,78,12,886,0,306,339,280,9,Z,97,14,347,1,468,204,297,3,0,19,2,-539,1,162,-135,17,-6
36490,10.56,Z,125,13,434,0,508,386,390,11,T,152,4,872,0,686,447,145,8,0,27,-9,438,0,178,61,-245,-3
36491,9.59,T,90,0,578,0,137,328,235,7,Z,86,2,402,0,85,243,254,4,0,-4,2,-176,0,-52,-85,19,-3
36492,9.56,P,55,0,480,0,2,163,115,1,Z,57,8,590,0,102,543,395,1,1,2,8,110,0,100,380,280,0
36493,5.51,Z,29,0,561,0,22,100,90,6,P,30,5,375,0,51,98,99,1,0,1,5,-186,0,29,-2,9,-5
36494,9.59,Z,87,0,713,0,148,151,256,11,T,94,10,641,0,53,160,125,0,0,7,10,-72,0,-95,9,-131,-11
36495,9.1,T,53,0,591,0,102,170,86,9,Z,69,2,356,0,190,169,264,6,1,16,2,-235,0,88,-1,178,-3
36496,10.15,T,105,0,797,0,592,175,132,11,P,73,0,424,0,607,304,244,19,1,-32,0,-373,0,15,129,112,8
36497,9.56,Z,63,6,910,0,31,178,209,6,P,82,0,736,0,57,178,101,12,1,19,-6,-174,0,26,0,-108,6
36498,6.03,Z,35,0,163,0,66,111,93,1,P,25,1,427,0,73,223,26,6,1,-10,1,264,0,7,112,-67,5
36499,9.58,Z,43,4,811,0,48,113,141,3,P,41,4,219,0,20,143,65,1,1,-2,0,-592,0,-28,30,-76,-2
36500,9.59,T,52,0,536,0,7,131,97,1,P,55,0,551,14,116,230,148,2,0,3,0,15,14,109,99,51,1
36501,5.06,T,30,0,482,0,38,86,86,4,Z,28,3,240,0,180,121,125,8,0,-2,3,-242,0,142,35,39,4
36502,10.34,T,51,0,705,0,221,222,202,5,P,51,1,444,0,119,262,74,15,0,0,1,-261,0,-102,40,-128,10
36503,9.59,T,74,0,591,0,237,173,274,5,P,69,0,615,0,5,260,90,1,1,-5,0,24,0,-232,87,-184,-4
36504,9.18,T,76,0,366,0,60,128,66,4,P,39,0,646,0,0,89,76,0,0,-37,0,280,0,-60,-39,10,-4
36505,5.06,P,20,4,448,0,10,28,12,2,Z,22,2,377,0,3,27,50,0,0,2,-2,-71,0,-7,-1,38,-2
36506,1.01,Z,4,0,66,0,1,5,25,2,Z,2,0,12,0,14,5,21,1,0,-2,0,-54,0,13,0,-4,-1
36507,9.59,P,37,0,851,0,0,84,77,0,T,70,0,959,0,30,92,129,4,1,33,0,108,0,30,8,52,4
36508,4.32,T,21,0,287,0,1,81,31,1,T,22,0,95,0,1,35,46,2,0,1,0,-192,0,0,-46,15,1
36509,10.25,T,119,6,508,0,838,314,209,15,Z,70,0,345,0,122,129,311,4,0,-49,-6,-163,0,-716,-185,102,-11
36510,9.57,T,54,0,407,0,9,193,83,4,T,73,3,419,0,49,386,118,2,1,19,3,12,0,40,193,35,-2
36511,3.15,T,17,0,115,0,104,30,57,4,Z,11,2,34,0,77,12,78,1,0,-6,2,-81,0,-27,-18,21,-3
36512,4.26,Z,21,3,212,0,122,78,56,3,P,13,0,234,0,5,74,40,3,0,-8,-3,22,0,-117,-4,-16,0
36513,7.32,T,72,7,365,0,649,151,149,17,P,65,3,336,0,797,173,96,10,0,-7,-4,-29,0,148,22,-53,-7
36514,9.59,P,44,0,268,0,15,302,86,4,P,59,8,506,7,92,271,143,1,1,15,8,238,7,77,-31,57,-3
36515,9.34,T,106,0,368,0,553,251,143,12,P,98,0,447,0,308,613,141,10,1,-8,0,79,0,-245,362,-2,-2
36516,9.58,Z,42,0,512,0,19,81,140,2,P,42,0,733,0,1,155,89,7,1,0,0,221,0,-18,74,-51,5
36517,7.05,Z,34,5,262,0,379,137,163,1,P,46,0,429,0,52,223,63,8,0,12,-5,167,0,-327,86,-100,7
36518,5.17,P,26,2,169,0,15,74,28,4,P,22,0,174,0,8,122,109,3,1,-4,-2,5,0,-7,48,81,-1
36519,9.59,T,87,0,609,0,12,182,108,1,Z,61,6,506,0,58,167,200,6,1,-26,6,-103,0,46,-15,92,5
36520,8.15,P,35,0,668,0,83,184,42,11,P,62,8,347,0,203,343,125,3,0,27,8,-321,0,120,159,83,-8
36521,3.5,Z,16,1,132,0,0,27,44,1,Z,12,0,29,0,13,15,37,1,1,-4,-1,-103,0,13,-12,-7,0
36522,5.48,P,20,0,390,0,0,74,25,0,Z,33,1,217,0,38,112,106,3,1,13,1,-173,0,38,38,81,3
36523,9.59,Z,67,0,458,0,37,162,228,8,T,146,0,706,0,212,246,98,7,0,79,0,248,0,175,84,-130,-1
36524,9.59,P,60,0,642,0,15,81,65,3,T,51,3,902,0,54,73,87,0,0,-9,3,260,0,39,-8,22,-3
36525,9.59,T,66,4,459,0,12,77,110,2,Z,59,0,750,0,31,79,147,4,1,-7,-4,291,0,19,2,37,2
36526,8.02,T,54,0,492,0,11,134,114,3,Z,33,0,637,0,0,157,138,0,0,-21,0,145,0,-11,23,24,-3
36527,9.57,T,74,0,534,0,131,178,136,9,P,95,0,422,0,339,283,137,14,1,21,0,-112,0,208,105,1,5
36528,3.09,P,7,0,68,0,0,28,16,0,P,14,0,66,0,30,63,59,4,0,7,0,-2,0,30,35,43,4
36529,9.58,P,55,0,1240,0,0,167,136,0,T,51,4,501,0,34,165,67,0,0,-4,4,-739,0,34,-2,-69,0
36530,9.59,T,67,0,465,0,167,209,81,6,P,35,1,356,0,3,37,52,0,0,-32,1,-109,0,-164,-172,-29,-6
36531,2.15,P,11,0,200,0,43,118,34,2,T,7,0,42,0,0,66,29,4,0,-4,0,-158,0,-43,-52,-5,2
36532,9.59,T,50,0,384,0,26,128,78,18,Z,63,0,274,0,52,66,167,3,1,13,0,-110,0,26,-62,89,-15
36533,5.02,Z,31,0,355,0,251,138,279,6,Z,42,2,188,0,202,241,223,5,1,11,2,-167,0,-49,103,-56,-1
36534,3.58,P,12,2,350,0,2,38,19,0,P,17,0,146,0,1,108,32,1,0,5,-2,-204,0,-1,70,13,1
36535,9.59,T,77,2,376,0,65,194,123,3,Z,62,8,582,1,98,133,314,1,0,-15,6,206,1,33,-61,191,-2
36536,6.19,T,37,3,218,0,339,144,151,9,T,47,0,390,0,68,209,124,6,0,10,-3,172,0,-271,65,-27,-3
36537,7.21,Z,73,0,386,0,34,185,151,4,T,80,5,509,0,35,169,80,0,0,7,5,123,0,1,-16,-71,-4
36538,1.56,P,10,0,44,0,15,61,26,2,P,4,0,147,0,3,37,8,5,1,-6,0,103,0,-12,-24,-18,3
36539,8.51,Z,52,3,739,0,51,135,159,7,T,89,1,509,0,423,214,78,8,1,37,-2,-230,0,372,79,-81,1
36540,9.59,T,83,8,876,0,13,131,115,0,T,76,5,1073,0,367,165,122,10,1,-7,-3,197,0,354,34,7,10
36541,9.24,Z,59,0,442,0,50,137,165,5,Z,70,3,413,0,353,232,236,4,1,11,3,-29,0,303,95,71,-1
36542,9.58,P,49,4,608,1,25,95,80,1,T,54,6,832,0,1,16,71,0,0,5,2,224,-1,-24,-79,-9,-1
36543,10.09,T,63,5,749,0,8,60,114,0,T,47,0,635,0,0,47,80,0,0,-16,-5,-114,0,-8,-13,-34,0
36544,5.31,T,55,1,185,0,277,160,51,2,Z,30,4,267,0,26,46,66,0,1,-25,3,82,0,-251,-114,15,-2
36545,9.59,P,103,0,347,0,70,517,174,6,Z,86,0,624,0,301,391,244,11,1,-17,0,277,0,231,-126,70,5
36546,10.14,Z,62,4,556,0,94,212,215,6,Z,63,0,788,0,67,287,171,5,0,1,-4,232,0,-27,75,-44,-1
36547,8.24,P,43,2,571,0,75,135,28,5,Z,63,2,517,0,38,99,146,0,1,20,0,-54,0,-37,-36,118,-5
36548,8.27,Z,41,0,589,0,19,161,184,5,P,51,0,482,0,59,139,56,12,1,10,0,-107,0,40,-22,-128,7
36549,2.29,P,16,0,30,0,10,51,13,3,T,13,1,124,0,224,20,84,2,0,-3,1,94,0,214,-31,71,-1
36550,4.56,P,7,1,151,0,6,44,29,1,P,25,0,210,0,20,119,122,0,1,18,-1,59,0,14,75,93,-1
36551,9.58,P,50,0,399,0,0,176,183,0,P,51,3,390,0,62,176,76,14,0,1,3,-9,0,62,0,-107,14
36552,7.18,P,40,0,396,0,55,141,42,3,T,43,0,180,0,1,55,121,4,1,3,0,-216,0,-54,-86,79,1
36553,6.51,Z,21,1,244,0,38,31,106,1,Z,42,2,161,0,68,83,172,0,0,21,1,-83,0,30,52,66,-1
36554,9.57,Z,54,9,520,3,84,183,207,4,T,81,6,493,0,93,276,171,0,1,27,-3,-27,-3,9,93,-36,-4
36555,3.39,Z,16,0,142,0,14,38,69,6,Z,15,0,134,0,0,39,31,0,0,-1,0,-8,0,-14,1,-38,-6
36556,7.26,T,47,0,355,0,5,94,73,4,P,22,2,314,0,9,60,30,1,0,-25,2,-41,0,4,-34,-43,-3
36557,5.49,T,21,0,726,0,0,52,72,0,Z,22,0,255,0,14,27,76,2,1,1,0,-471,0,14,-25,4,2
36558,8.19,P,80,7,594,0,269,439,105,8,T,90,0,499,0,247,286,217,14,1,10,-7,-95,0,-22,-153,112,6
36559,9.22,T,53,10,1180,0,85,151,75,2,P,64,6,562,4,71,257,86,2,1,11,-4,-618,4,-14,106,11,0
36560,9.44,T,63,1,411,0,19,221,111,5,P,46,0,649,0,18,195,67,8,0,-17,-1,238,0,-1,-26,-44,3
36561,8.1,T,69,0,674,0,631,154,63,7,P,52,0,349,0,130,197,123,6,0,-17,0,-325,0,-501,43,60,-1
36562,4.1,T,29,2,305,0,426,169,29,5,Z,18,0,85,0,87,133,128,3,1,-11,-2,-220,0,-339,-36,99,-2
36563,9.58,Z,45,4,496,0,28,84,155,1,Z,43,3,388,0,22,85,143,0,1,-2,-1,-108,0,-6,1,-12,-1
36564,9.17,T,97,4,505,0,468,248,172,7,T,60,7,877,0,69,195,134,0,0,-37,3,372,0,-399,-53,-38,-7
36565,9.59,Z,41,5,608,0,21,138,152,3,T,56,0,690,0,0,111,87,1,1,15,-5,82,0,-21,-27,-65,-2
36566,10.11,P,59,5,575,10,62,173,78,0,T,87,0,487,0,31,183,150,12,0,28,-5,-88,-10,-31,10,72,12
36567,9.59,T,85,6,739,0,90,113,150,3,Z,62,0,451,0,347,152,249,12,0,-23,-6,-288,0,257,39,99,9
36568,9.51,P,31,0,603,0,4,97,85,3,P,39,0,727,0,16,293,84,7,1,8,0,124,0,12,196,-1,4
36569,4.09,P,30,0,172,0,194,85,106,3,Z,18,0,392,0,18,25,45,4,0,-12,0,220,0,-176,-60,-61,1
36570,2.05,Z,17,0,29,0,22,35,64,2,Z,10,0,96,0,207,27,30,6,0,-7,0,67,0,185,-8,-34,4
36571,6.43,T,45,1,467,0,72,87,46,4,T,51,0,459,0,106,140,58,10,1,6,-1,-8,0,34,53,12,6
36572,10.05,P,47,0,253,0,6,128,85,8,T,73,0,927,0,44,217,147,7,1,26,0,674,0,38,89,62,-1
36573,7.28,P,58,1,298,0,15,308,71,7,Z,59,0,333,0,47,138,135,5,1,1,-1,35,0,32,-170,64,-2
36574,10.13,Z,99,0,604,10,160,392,400,0,T,146,0,545,15,575,275,302,9,1,47,0,-59,5,415,-117,-98,9
36575,5.46,Z,45,4,306,0,345,180,212,1,P,48,4,317,0,422,244,84,4,0,3,0,11,0,77,64,-128,3
36576,9.59,P,60,0,825,0,58,160,76,7,T,81,0,1056,0,52,261,106,12,1,21,0,231,0,-6,101,30,5
36577,6.11,P,60,5,227,0,379,268,110,8,T,45,1,336,0,151,266,87,6,0,-15,-4,109,0,-228,-2,-23,-2
36578,9.59,Z,38,6,556,1,77,432,188,1,Z,50,0,655,0,12,198,252,2,1,12,-6,99,-1,-65,-234,64,1
36579,9.57,Z,60,0,188,0,0,86,214,0,T,61,0,746,0,20,237,100,5,1,1,0,558,0,20,151,-114,5
36580,9.53,T,72,0,559,0,1,96,130,1,P,47,0,1025,0,25,170,81,1,0,-25,0,466,0,24,74,-49,0
36581,5.53,T,38,0,223,0,108,279,85,7,P,53,3,263,0,644,146,135,23,0,15,3,40,0,536,-133,50,16
36582,4.36,Z,18,0,224,0,150,36,147,3,P,21,0,221,0,17,84,22,1,0,3,0,-3,0,-133,48,-125,-2
36583,5.12,Z,15,0,270,0,13,57,66,0,Z,21,0,192,0,0,45,70,0,0,6,0,-78,0,-13,-12,4,0
36584,3.56,T,18,0,283,0,1,85,22,0,P,20,0,173,0,25,149,59,3,1,2,0,-110,0,24,64,37,3
36585,9.58,T,47,2,598,0,25,152,58,11,Z,67,5,238,0,59,192,217,4,1,20,3,-360,0,34,40,159,-7
36586,9.31,Z,80,5,585,0,137,256,223,12,T,42,0,552,0,15,104,78,3,0,-38,-5,-33,0,-122,-152,-145,-9
36587,9.59,T,56,2,640,0,14,103,88,1,T,52,0,454,0,14,87,55,1,1,-4,-2,-186,0,0,-16,-33,0
36588,8.12,Z,45,0,490,0,0,63,161,0,P,40,1,814,0,13,108,79,1,0,-5,1,324,0,13,45,-82,1
36589,9.59,Z,70,5,354,0,53,339,277,8,T,102,4,435,0,327,368,203,19,1,32,-1,81,0,274,29,-74,11
36590,9.13,T,116,0,552,26,638,306,168,4,T,115,8,359,0,816,213,162,24,0,-1,8,-193,-26,178,-93,-6,20
36591,2.27,T,8,0,109,0,1,10,7,1,T,17,0,141,0,0,26,37,1,1,9,0,32,0,-1,16,30,0
36592,2.56,Z,11,1,204,0,13,12,26,2,T,15,0,151,0,134,32,104,4,0,4,-1,-53,0,121,20,78,2
36593,9.58,Z,43,1,209,0,2,55,98,0,Z,55,0,925,0,3,59,176,4,1,12,-1,716,0,1,4,78,4
36594,9.39,T,91,6,641,4,445,215,108,7,P,99,8,617,0,85,168,59,5,0,8,2,-24,-4,-360,-47,-49,-2
36595,6.41,Z,38,0,329,12,378,101,277,1,T,40,0,436,0,728,176,126,10,0,2,0,107,-12,350,75,-151,9
36596,9.57,P,60,0,242,0,15,215,88,3,P,54,0,667,0,24,417,151,5,1,-6,0,425,0,9,202,63,2
36597,6.34,T,57,2,214,0,190,128,70,7,Z,49,2,378,0,35,63,120,1,0,-8,0,164,0,-155,-65,50,-6
36598,5.19,P,22,0,230,0,0,89,23,1,P,19,3,167,0,1,58,13,0,0,-3,3,-63,0,1,-31,-10,-1
36599,3.51,T,24,0,295,0,17,54,28,2,Z,18,2,132,0,216,121,81,10,0,-6,2,-163,0,199,67,53,8
36600,8.49,T,106,7,610,0,562,285,157,6,T,91,0,501,0,130,282,154,6,0,-15,-7,-109,0,-432,-3,-3,0
36601,9.52,Z,48,0,405,0,0,147,148,1,T,50,0,350,0,14,15,50,4,1,2,0,-55,0,14,-132,-98,3
36602,8.11,Z,58,2,614,0,10,70,220,1,P,34,0,349,0,43,197,63,8,1,-24,-2,-265,0,33,127,-157,7
36603,0.23,T,2,0,22,0,2,7,1,1,T,1,0,47,0,0,12,2,0,1,-1,0,25,0,-2,5,1,-1
36604,9.57,T,42,0,339,0,0,80,74,1,Z,28,0,517,0,1,42,114,0,1,-14,0,178,0,1,-38,40,-1
36605,9.59,Z,56,2,559,0,69,283,175,1,P,50,1,347,0,18,91,72,2,1,-6,-1,-212,0,-51,-192,-103,1
36606,10.08,T,161,0,463,0,891,255,228,21,P,135,7,377,0,726,373,183,16,0,-26,7,-86,0,-165,118,-45,-5
36607,5.04,T,13,0,335,0,0,40,30,0,T,23,0,571,0,2,45,55,4,1,10,0,236,0,2,5,25,4
36608,10.36,T,51,4,828,0,599,204,87,0,T,66,4,913,0,411,259,251,0,0,15,0,85,0,-188,55,164,0
36609,3.57,P,13,0,172,0,8,70,49,2,T,17,1,205,0,5,53,28,0,0,4,1,33,0,-3,-17,-21,-2
36610,2.11,P,13,0,43,0,7,13,15,1,P,8,0,149,0,8,50,5,2,1,-5,0,106,0,1,37,-10,1
36611,9.58,T,97,8,459,0,830,182,145,6,Z,88,1,737,0,783,370,307,11,1,-9,-7,278,0,-47,188,162,5
36612,5.15,Z,21,0,342,0,3,78,62,3,T,38,2,417,0,510,49,212,4,1,17,2,75,0,507,-29,150,1
36613,10.01,T,54,0,864,0,47,79,63,11,Z,36,0,498,0,5,119,131,0,0,-18,0,-366,0,-42,40,68,-11
36614,10.56,T,86,4,952,0,57,102,87,0,T,119,10,500,0,27,364,174,7,1,33,6,-452,0,-30,262,87,7
36615,9.59,T,85,4,473,1,448,302,210,5,T,73,0,870,0,26,207,134,2,0,-12,-4,397,-1,-422,-95,-76,-3
36616,9.59,T,77,1,947,0,41,106,92,8,P,66,3,649,0,52,196,63,1,1,-11,2,-298,0,11,90,-29,-7
36617,9.59,Z,74,0,572,0,2,117,243,2,P,60,0,804,0,19,246,123,2,0,-14,0,232,0,17,129,-120,0
36618,5.35,P,26,0,259,0,7,90,135,4,P,27,0,281,0,283,152,55,8,0,1,0,22,0,276,62,-80,4
36619,10.02,T,61,0,947,0,12,112,95,2,P,42,0,781,0,0,255,66,0,0,-19,0,-166,0,-12,143,-29,-2
36620,9.06,Z,69,0,582,3,259,182,251,12,T,109,5,447,0,429,291,162,21,1,40,5,-135,-3,170,109,-89,9
36621,9.2,T,67,2,657,0,46,127,94,4,P,53,1,488,0,15,141,56,2,1,-14,-1,-169,0,-31,14,-38,-2
36622,2.56,Z,12,1,130,0,1,16,38,0,T,11,0,181,0,7,20,27,2,1,-1,-1,51,0,6,4,-11,2
36623,9.56,T,82,3,729,0,99,131,123,3,T,81,1,622,0,59,103,69,8,0,-1,-2,-107,0,-40,-28,-54,5
36624,9.59,P,54,3,677,0,59,222,48,5,T,68,0,930,0,19,168,102,5,0,14,-3,253,0,-40,-54,54,0
36625,6.13,T,55,0,316,0,165,288,54,21,P,61,0,232,0,639,173,91,16,0,6,0,-84,0,474,-115,37,-5
36626,4.21,P,19,0,245,0,595,62,26,7,P,25,2,364,0,120,127,85,1,1,6,2,119,0,-475,65,59,-6
36627,8.27,Z,50,9,298,0,319,380,227,7,Z,41,3,227,0,53,284,132,10,1,-9,-6,-71,0,-266,-96,-95,3
36628,0.53,T,2,0,6,0,0,2,4,0,Z,1,2,48,0,1,28,13,0,1,-1,2,42,0,1,26,9,0
36629,7.43,Z,34,2,934,0,43,55,145,0,P,31,0,447,0,16,296,68,2,1,-3,-2,-487,0,-27,241,-77,2
36630,4.55,P,26,1,205,0,171,137,48,4,Z,22,3,436,0,41,114,77,0,0,-4,2,231,0,-130,-23,29,-4
36631,8.05,T,52,1,246,0,12,52,56,1,T,44,0,226,0,30,124,62,3,0,-8,-1,-20,0,18,72,6,2
36632,10.49,Z,76,13,639,0,166,235,379,11,T,97,11,712,0,209,226,154,10,1,21,-2,73,0,43,-9,-225,-1
36633,0.18,P,2,0,33,0,12,11,4,4,Z,0,0,17,0,3,10,4,1,0,-2,0,-16,0,-9,-1,0,-3
36634,6.03,P,39,6,526,0,98,158,79,1,Z,53,8,361,0,519,173,201,3,1,14,2,-165,0,421,15,122,2
36635,9.28,Z,83,9,372,0,47,229,186,0,Z,54,4,506,0,44,57,164,7,0,-29,-5,134,0,-3,-172,-22,7
36636,9.56,T,103,3,491,0,58,253,87,2,T,97,5,592,0,121,188,139,6,0,-6,2,101,0,63,-65,52,4
36637,10.44,Z,66,11,574,0,70,104,172,0,Z,47,0,441,0,2,26,140,1,0,-19,-11,-133,0,-68,-78,-32,1
36638,7.21,T,59,0,225,0,22,178,166,9,Z,38,0,322,0,21,130,91,0,0,-21,0,97,0,-1,-48,-75,-9
36639,7.01,Z,51,7,343,0,601,121,301,7,Z,58,3,430,0,101,200,129,6,0,7,-4,87,0,-500,79,-172,-1
36640,7.59,T,39,7,345,0,8,73,71,0,T,44,0,261,0,49,52,85,3,1,5,-7,-84,0,41,-21,14,3
36641,6.36,T,26,2,518,0,18,119,42,2,P,78,4,232,0,133,257,109,1,1,52,2,-286,0,115,138,67,-1
36642,10.22,Z,109,12,793,19,209,281,451,8,P,106,4,737,0,159,392,127,10,1,-3,-8,-56,-19,-50,111,-324,2
36643,5.23,P,35,2,341,0,225,173,115,5,Z,31,0,209,0,16,74,109,2,0,-4,-2,-132,0,-209,-99,-6,-3
36644,5.29,P,17,1,233,0,1,54,38,0,P,19,0,85,0,6,26,21,2,1,2,-1,-148,0,5,-28,-17,2
36645,9.58,Z,41,0,674,0,3,23,184,1,T,63,4,960,0,53,196,116,1,0,22,4,286,0,50,173,-68,0
36646,4.14,P,17,1,154,0,17,46,21,0,Z,15,1,142,0,70,60,97,1,1,-2,0,-12,0,53,14,76,1
36647,9.59,P,46,1,661,0,5,166,64,2,Z,49,0,888,0,5,143,203,8,1,3,-1,227,0,0,-23,139,6
36648,9.59,P,71,11,647,0,34,97,85,0,T,63,0,637,0,38,94,85,6,1,-8,-11,-10,0,4,-3,0,6
36649,9.59,Z,79,7,549,0,355,463,394,2,P,130,5,565,0,655,264,120,14,1,51,-2,16,0,300,-199,-274,12
36650,9.35,T,71,0,573,0,3,194,167,3,T,72,4,907,0,76,229,89,2,0,1,4,334,0,73,35,-78,-1
36651,9.52,T,97,10,888,0,461,220,157,5,T,71,0,460,0,141,227,77,8,0,-26,-10,-428,0,-320,7,-80,3
36652,9.59,T,85,0,750,0,138,197,242,4,Z,58,0,962,0,44,128,183,4,1,-27,0,212,0,-94,-69,-59,0
36653,2.18,T,7,0,61,0,87,12,125,4,T,7,0,91,0,0,18,16,5,1,0,0,30,0,-87,6,-109,1
36654,2.56,T,13,0,191,0,9,58,60,1,P,12,0,126,0,6,57,12,1,0,-1,0,-65,0,-3,-1,-48,0
36655,6.46,P,30,2,489,0,12,162,61,0,T,58,2,255,0,164,154,69,5,0,28,0,-234,0,152,-8,8,5
36656,9.59,P,77,6,590,0,93,387,92,3,Z,56,4,737,0,371,174,173,0,1,-21,-2,147,0,278,-213,81,-3
36657,3.14,P,14,0,121,0,289,201,89,7,T,16,2,409,0,39,91,27,5,1,2,2,288,0,-250,-110,-62,-2
36658,9.59,Z,53,1,374,0,50,293,292,11,Z,72,0,480,0,25,190,307,2,1,19,-1,106,0,-25,-103,15,-9
36659,7.14,Z,44,0,178,0,2,45,153,4,T,35,2,668,0,17,7,33,0,1,-9,2,490,0,15,-38,-120,-4
36660,4.05,T,20,3,248,0,82,64,115,3,T,18,0,176,8,22,53,63,1,0,-2,-3,-72,8,-60,-11,-52,-2
36661,3.56,Z,18,10,161,0,17,12,51,0,Z,17,0,258,0,7,67,63,2,0,-1,-10,97,0,-10,55,12,2
36662,5.57,Z,40,2,357,0,354,143,156,3,P,45,0,402,0,227,115,108,7,1,5,-2,45,0,-127,-28,-48,4
36663,9.59,Z,95,4,481,0,237,340,177,5,T,80,2,605,0,114,224,201,12,0,-15,-2,124,0,-123,-116,24,7
36664,9.58,T,74,0,614,5,125,258,106,0,T,59,0,551,0,276,197,82,7,0,-15,0,-63,-5,151,-61,-24,7
36665,7.45,Z,53,0,412,0,26,75,116,2,Z,28,0,395,0,34,79,116,3,0,-25,0,-17,0,8,4,0,1
36666,10.36,T,84,0,661,0,77,297,179,8,T,83,12,524,0,297,306,120,4,0,-1,12,-137,0,220,9,-59,-4
36667,3.52,Z,17,1,140,0,74,174,103,3,T,32,3,122,0,459,87,126,17,1,15,2,-18,0,385,-87,23,14
36668,7.57,T,51,1,337,0,23,276,114,4,P,62,2,211,0,938,215,109,3,0,11,1,-126,0,915,-61,-5,-1
36669,9.04,T,89,3,759,0,107,336,152,2,Z,55,12,515,0,36,310,199,2,0,-34,9,-244,0,-71,-26,47,0
36670,9.59,Z,73,0,285,0,12,255,404,12,Z,62,17,418,0,354,320,334,0,1,-11,17,133,0,342,65,-70,-12
36671,5.27,P,48,0,213,0,346,175,72,11,Z,27,0,290,1,116,200,244,10,1,-21,0,77,1,-230,25,172,-1
36672,9.59,Z,58,7,305,0,46,239,217,2,Z,63,0,521,0,25,90,154,8,1,5,-7,216,0,-21,-149,-63,6
36673,9.4,Z,62,11,598,0,351,290,327,1,P,68,0,621,0,51,111,59,13,0,6,-11,23,0,-300,-179,-268,12
36674,4.11,T,33,10,147,0,244,148,74,4,Z,26,0,98,0,143,77,65,4,1,-7,-10,-49,0,-101,-71,-9,0
36675,9.59,T,74,0,655,0,25,262,111,5,T,43,0,295,0,6,114,97,5,1,-31,0,-360,0,-19,-148,-14,0
36676,3.21,Z,14,2,239,0,5,29,48,1,P,17,0,166,0,107,100,116,6,0,3,-2,-73,0,102,71,68,5
36677,5.33,Z,23,0,212,0,8,26,83,4,T,33,1,388,0,14,33,39,4,0,10,1,176,0,6,7,-44,0
36678,9.54,T,47,0,481,0,0,14,81,0,Z,33,3,214,0,29,33,106,3,1,-14,3,-267,0,29,19,25,3
36679,9.58,P,65,3,409,0,26,273,98,1,P,76,8,575,0,131,322,122,4,1,11,5,166,0,105,49,24,3
36680,10.32,T,104,0,525,0,202,435,196,20,T,99,0,810,0,351,273,245,13,1,-5,0,285,0,149,-162,49,-7
36681,4.18,T,21,6,176,0,2,22,34,0,Z,16,0,428,0,20,39,53,2,1,-5,-6,252,0,18,17,19,2
36682,8.46,T,58,5,378,4,67,103,90,12,T,65,1,539,0,92,174,111,18,1,7,-4,161,-4,25,71,21,6
36683,9.59,T,120,10,465,0,577,262,119,8,P,76,0,430,0,133,293,324,17,1,-44,-10,-35,0,-444,31,205,9
36684,5.22,Z,23,2,441,0,99,172,115,3,P,27,3,376,0,14,136,65,0,1,4,1,-65,0,-85,-36,-50,-3
36685,5.16,Z,17,7,128,1,37,85,66,3,Z,19,0,213,0,61,48,115,2,0,2,-7,85,-1,24,-37,49,-1
36686,9.09,P,43,2,558,0,10,184,94,1,T,58,0,1111,0,26,121,69,2,1,15,-2,553,0,16,-63,-25,1
36687,6.11,T,30,3,369,0,5,100,53,0,T,26,0,296,0,91,59,51,4,1,-4,-3,-73,0,86,-41,-2,4
36688,4.26,T,20,0,296,0,297,73,145,5,T,24,4,61,0,20,43,38,0,1,4,4,-235,0,-277,-30,-107,-5
36689,9.33,T,37,4,666,0,1,67,77,0,P,35,0,113,0,17,57,50,2,1,-2,-4,-553,0,16,-10,-27,2
36690,5.26,T,81,0,263,0,541,237,127,37,T,49,0,316,0,704,193,130,23,0,-32,0,53,0,163,-44,3,-14
36691,5.27,P,46,0,245,6,243,198,105,11,T,49,0,400,0,137,305,67,11,0,3,0,155,-6,-106,107,-38,0
36692,7.38,P,65,0,469,0,261,371,90,8,Z,31,7,270,1,179,250,184,0,0,-34,7,-199,1,-82,-121,94,-8
36693,9.22,Z,58,0,621,0,27,240,192,2,P,71,5,358,0,122,331,137,7,1,13,5,-263,0,95,91,-55,5
36694,8.34,P,68,2,375,0,144,202,112,4,P,63,7,426,9,164,176,135,1,0,-5,5,51,9,20,-26,23,-3
36695,10.54,Z,98,0,437,0,198,321,341,14,Z,65,2,422,0,200,555,481,6,0,-33,2,-15,0,2,234,140,-8
36696,10.54,Z,64,2,525,0,6,96,192,0,T,101,12,792,0,604,216,119,2,1,37,10,267,0,598,120,-73,2
36697,3.57,T,25,0,239,0,60,39,49,8,T,13,3,213,0,48,61,63,1,0,-12,3,-26,0,-12,22,14,-7
36698,9.27,T,62,0,694,0,105,248,166,6,Z,49,0,735,0,3,63,141,0,0,-13,0,41,0,-102,-185,-25,-6
36699,9.59,P,61,0,865,0,16,245,86,3,Z,60,5,942,0,75,174,213,2,1,-1,5,77,0,59,-71,127,-1
36700,4.01,P,17,1,166,0,1,29,42,1,Z,24,3,215,0,192,73,65,3,0,7,2,49,0,191,44,23,2
36701,9.59,T,67,3,395,0,560,263,250,5,T,61,0,787,0,76,188,97,8,0,-6,-3,392,0,-484,-75,-153,3
36702,4.12,T,33,0,388,0,400,82,38,6,Z,18,1,96,0,33,107,76,4,0,-15,1,-292,0,-367,25,38,-2
36703,3.15,P,16,1,219,0,17,64,10,3,Z,14,0,94,0,32,65,144,2,1,-2,-1,-125,0,15,1,134,-1
36704,10.37,T,76,3,661,0,12,156,142,1,Z,63,0,825,3,30,111,172,0,0,-13,-3,164,3,18,-45,30,-1
36705,8.59,P,73,0,370,0,973,347,196,23,Z,78,1,392,0,83,119,242,9,1,5,1,22,0,-890,-228,46,-14
36706,7.38,P,33,0,433,0,8,102,30,2,Z,41,0,269,2,6,27,165,0,0,8,0,-164,2,-2,-75,135,-2
36707,8.11,Z,41,4,453,0,650,93,182,7,T,41,0,550,0,14,89,131,6,0,0,-4,97,0,-636,-4,-51,-1
36708,6.27,P,29,0,336,0,532,216,65,5,T,40,2,443,0,259,200,61,0,0,11,2,107,0,-273,-16,-4,-5
36709,7.52,T,58,0,460,0,554,257,190,9,P,80,1,554,0,80,292,135,3,0,22,1,94,0,-474,35,-55,-6
36710,2.55,Z,7,0,244,0,17,89,59,8,Z,12,2,66,0,7,20,51,1,1,5,2,-178,0,-10,-69,-8,-7
36711,9.59,T,61,1,699,0,160,146,54,6,P,56,10,729,0,13,207,140,2,1,-5,9,30,0,-147,61,86,-4
36712,9.59,Z,65,12,623,0,122,170,272,1,Z,65,6,183,0,46,134,206,0,0,0,-6,-440,0,-76,-36,-66,-1
36713,3.44,Z,12,0,118,0,7,67,138,2,Z,12,0,65,2,2,23,49,0,1,0,0,-53,2,-5,-44,-89,-2
36714,7.19,Z,34,0,341,0,0,134,85,0,T,33,0,392,0,0,157,86,1,1,-1,0,51,0,0,23,1,1
36715,10.06,Z,49,0,428,0,327,269,451,7,Z,49,0,432,0,422,214,187,7,1,0,0,4,0,95,-55,-264,0
36716,2.39,T,9,0,101,0,0,21,17,0,Z,3,0,73,1,0,14,34,0,0,-6,0,-28,1,0,-7,17,0
36717,9.58,Z,53,0,196,0,14,65,150,5,T,56,4,617,0,17,165,91,0,1,3,4,421,0,3,100,-59,-5
36718,9.58,P,33,0,1073,0,14,59,65,4,Z,50,0,625,0,18,184,175,0,1,17,0,-448,0,4,125,110,-4
36719,9.11,Z,45,0,234,1,21,114,121,4,T,80,0,446,0,12,231,87,4,1,35,0,212,-1,-9,117,-34,0
36720,9.12,Z,62,4,1091,0,38,158,164,0,P,53,9,390,0,38,271,78,0,0,-9,5,-701,0,0,113,-86,0
36721,8.58,Z,65,12,493,0,583,171,216,0,T,74,10,309,0,143,260,127,3,0,9,-2,-184,0,-440,89,-89,3
36722,6.3,P,23,0,403,0,0,114,57,1,T,32,2,517,0,4,67,84,1,1,9,2,114,0,4,-47,27,0
36723,6.31,T,38,0,436,0,2,89,97,2,T,44,6,330,0,80,215,69,0,1,6,6,-106,0,78,126,-28,-2
36724,7.52,Z,79,4,497,0,111,228,190,5,T,110,7,333,0,621,279,183,9,0,31,3,-164,0,510,51,-7,4
36725,6.32,Z,19,0,457,0,3,150,109,1,P,29,0,175,0,0,102,55,2,1,10,0,-282,0,-3,-48,-54,1
36726,6.58,Z,45,0,348,0,87,77,198,2,P,54,0,697,0,55,157,67,4,1,9,0,349,0,-32,80,-131,2
36727,4.25,Z,22,4,245,0,51,69,91,2,Z,21,0,95,0,25,31,52,3,1,-1,-4,-150,0,-26,-38,-39,1
36728,8.4,P,64,1,611,0,92,185,93,6,T,64,0,477,0,569,114,92,8,1,0,-1,-134,0,477,-71,-1,2
36729,8.58,T,80,0,509,0,331,236,112,15,Z,72,0,309,0,59,229,255,2,0,-8,0,-200,0,-272,-7,143,-13
36730,9.3,Z,64,0,381,0,135,361,276,7,Z,55,10,368,2,606,214,273,7,0,-9,10,-13,2,471,-147,-3,0
36731,9.59,P,62,0,632,0,195,350,119,3,Z,63,0,471,0,60,105,179,7,1,1,0,-161,0,-135,-245,60,4
36732,7.07,Z,50,6,457,0,80,114,187,6,Z,33,0,398,0,230,107,108,5,0,-17,-6,-59,0,150,-7,-79,-1
36733,9.59,T,127,0,576,0,852,445,223,14,Z,109,3,520,0,428,260,294,10,0,-18,3,-56,0,-424,-185,71,-4
36734,5.59,T,49,0,391,0,217,155,81,15,P,37,0,250,0,325,135,164,8,0,-12,0,-141,0,108,-20,83,-7
36735,4.21,P,21,0,321,0,0,127,68,0,Z,24,2,178,0,32,107,75,4,1,3,2,-143,0,32,-20,7,4
36736,8.26,Z,44,0,203,0,18,141,170,3,T,70,1,523,0,45,205,143,4,0,26,1,320,0,27,64,-27,1
36737,6.14,T,68,1,336,0,418,133,100,11,Z,46,0,256,0,294,132,177,6,0,-22,-1,-80,0,-124,-1,77,-5
36738,4.34,T,12,0,509,0,0,30,34,0,T,27,0,154,0,0,30,63,2,0,15,0,-355,0,0,0,29,2
36739,4,Z,16,0,359,0,266,135,83,4,P,23,3,162,0,82,268,66,1,1,7,3,-197,0,-184,133,-17,-3
36740,5.07,P,30,4,387,0,5,135,38,0,Z,28,1,229,0,365,85,173,7,1,-2,-3,-158,0,360,-50,135,7
36741,9.59,Z,60,4,874,0,109,201,175,9,P,67,2,466,0,52,194,109,11,1,7,-2,-408,0,-57,-7,-66,2
36742,4.47,P,21,0,234,3,179,161,76,0,Z,23,2,191,0,187,63,64,3,1,2,2,-43,-3,8,-98,-12,3
36743,9.59,T,75,8,602,0,484,194,99,8,T,76,10,509,0,74,156,113,4,1,1,2,-93,0,-410,-38,14,-4
36744,9.59,Z,51,11,193,0,43,108,186,0,Z,66,0,476,0,184,314,218,5,1,15,-11,283,0,141,206,32,5
36745,3.24,P,19,0,99,0,40,87,29,3,P,16,0,130,0,128,96,32,0,1,-3,0,31,0,88,9,3,-3
36746,7.07,P,27,0,263,7,184,46,86,0,T,56,0,454,0,77,187,81,5,0,29,0,191,-7,-107,141,-5,5
36747,9.58,P,50,1,575,0,49,198,62,4,Z,57,0,380,0,12,103,168,3,1,7,-1,-195,0,-37,-95,106,-1
36748,9.59,Z,53,7,496,1,55,273,236,5,P,55,0,524,0,0,92,103,0,0,2,-7,28,-1,-55,-181,-133,-5
36749,4.14,Z,20,1,87,0,0,62,133,0,Z,13,2,285,0,28,116,65,1,1,-7,1,198,0,28,54,-68,1
36750,3.46,Z,17,0,208,0,7,31,58,1,T,11,0,189,0,1,36,36,2,0,-6,0,-19,0,-6,5,-22,1
36751,9.58,P,50,3,441,0,37,138,67,4,P,32,0,722,0,16,211,70,5,1,-18,-3,281,0,-21,73,3,1
36752,9.59,Z,55,0,450,0,37,129,192,2,T,87,0,747,0,62,196,176,8,0,32,0,297,0,25,67,-16,6
36753,4.31,Z,22,0,242,0,30,49,58,2,Z,21,0,291,0,46,95,68,6,0,-1,0,49,0,16,46,10,4
36754,2.21,P,8,0,157,0,1,24,4,0,Z,6,2,34,0,18,27,61,0,1,-2,2,-123,0,17,3,57,0
36755,3.2,T,9,0,98,0,0,28,35,1,T,13,0,384,0,3,18,19,0,0,4,0,286,0,3,-10,-16,-1
36756,7.11,T,60,4,382,0,275,177,75,6,Z,38,1,529,0,12,100,102,3,0,-22,-3,147,0,-263,-77,27,-3
36757,8.44,Z,71,0,393,0,151,220,208,4,Z,62,0,345,0,15,253,266,1,0,-9,0,-48,0,-136,33,58,-3
36758,8.24,T,42,0,500,0,200,45,33,9,P,30,0,268,0,7,69,46,0,0,-12,0,-232,0,-193,24,13,-9
36759,9.58,P,75,0,427,0,122,524,373,6,T,99,10,458,0,532,155,199,8,1,24,10,31,0,410,-369,-174,2
36760,5.52,P,42,1,379,0,54,168,71,5,P,28,0,302,0,42,148,175,4,0,-14,-1,-77,0,-12,-20,104,-1
36761,7.55,P,45,0,192,0,0,259,94,2,P,39,0,234,0,6,173,101,3,1,-6,0,42,0,6,-86,7,1
36762,5.15,T,21,2,160,0,15,21,58,0,T,21,0,206,0,0,96,41,0,0,0,-2,46,0,-15,75,-17,0
36763,4.05,Z,12,0,318,0,0,35,77,0,P,11,0,247,0,0,36,6,0,0,-1,0,-71,0,0,1,-71,0
36764,3.42,P,20,0,194,0,5,62,28,2,Z,15,0,93,0,0,18,49,0,0,-5,0,-101,0,-5,-44,21,-2
36765,9.59,Z,66,2,740,0,33,155,151,0,T,66,0,681,0,4,55,83,1,1,0,-2,-59,0,-29,-100,-68,1
36766,9.59,T,111,0,561,0,597,373,157,7,Z,65,0,647,0,120,240,201,9,1,-46,0,86,0,-477,-133,44,2
36767,3.1,Z,8,1,384,0,17,41,34,1,P,15,3,230,0,35,86,51,1,0,7,2,-154,0,18,45,17,0
36768,9.28,Z,45,0,162,0,13,168,134,0,P,22,0,309,0,0,82,49,0,1,-23,0,147,0,-13,-86,-85,0
36769,9.29,Z,77,0,289,0,77,116,223,1,Z,72,5,677,0,24,170,254,0,1,-5,5,388,0,-53,54,31,-1
36770,3.19,Z,25,0,133,0,193,84,76,6,T,26,0,116,0,345,85,29,7,0,1,0,-17,0,152,1,-47,1
36771,6.18,P,35,2,150,0,18,47,43,5,Z,32,0,236,0,20,111,127,5,0,-3,-2,86,0,2,64,84,0
36772,9.56,P,31,0,787,0,0,302,130,1,T,88,0,423,0,50,185,165,12,1,57,0,-364,0,50,-117,35,11
36773,9.59,T,180,0,573,0,464,415,226,25,Z,147,9,439,3,390,354,434,21,0,-33,9,-134,3,-74,-61,208,-4
36774,2.46,P,17,1,130,2,177,65,84,7,T,12,0,158,0,318,52,75,11,1,-5,-1,28,-2,141,-13,-9,4
36775,8.44,T,56,4,742,0,52,120,62,1,P,64,3,382,0,42,204,42,5,1,8,-1,-360,0,-10,84,-20,4
36776,9.59,T,101,0,451,0,996,266,398,6,Z,45,1,396,0,17,166,202,0,0,-56,1,-55,0,-979,-100,-196,-6
36777,6.51,Z,43,10,247,0,615,203,182,6,Z,32,0,249,0,3,112,144,1,0,-11,-10,2,0,-612,-91,-38,-5
36778,9.59,Z,138,5,556,0,233,244,454,0,T,153,4,646,0,815,284,168,17,0,15,-1,90,0,582,40,-286,17
36779,4.5,P,25,2,159,0,6,61,263,5,P,22,1,265,0,15,40,16,2,0,-3,-1,106,0,9,-21,-247,-3
36780,7.57,T,70,4,543,0,61,100,90,0,Z,52,5,529,0,67,147,183,0,0,-18,1,-14,0,6,47,93,0
36781,9.59,P,76,0,493,0,326,232,62,5,Z,131,13,378,0,446,247,303,8,0,55,13,-115,0,120,15,241,3
36782,9.24,P,25,0,130,0,1,120,52,1,P,38,0,197,0,7,149,39,2,0,13,0,67,0,6,29,-13,1
36783,9.59,T,113,0,573,0,662,328,181,14,Z,71,7,372,1,391,177,265,5,0,-42,7,-201,1,-271,-151,84,-9
36784,9.59,T,46,0,724,0,0,72,84,0,P,37,0,493,0,29,235,52,6,0,-9,0,-231,0,29,163,-32,6
36785,9.59,T,84,3,690,0,59,232,91,6,Z,62,0,568,0,57,199,232,5,1,-22,-3,-122,0,-2,-33,141,-1
36786,9.58,T,105,0,702,0,100,155,202,10,Z,97,16,533,0,388,366,258,4,1,-8,16,-169,0,288,211,56,-6
36787,9.59,T,59,0,742,0,0,146,130,0,P,71,0,515,0,44,275,187,1,1,12,0,-227,0,44,129,57,1
36788,0.47,P,3,0,52,0,2,3,6,1,Z,4,0,4,0,0,6,14,1,1,1,0,-48,0,-2,3,8,0
36789,9.59,Z,87,0,416,0,209,300,404,2,T,151,14,667,0,732,412,182,5,1,64,14,251,0,523,112,-222,3
36790,9.21,P,47,0,596,0,5,67,54,1,P,39,0,766,0,22,166,55,2,1,-8,0,170,0,17,99,1,1
36791,9.32,P,32,1,567,0,0,97,104,0,P,40,0,663,0,45,264,57,2,0,8,-1,96,0,45,167,-47,2
36792,6.49,P,33,4,201,0,240,68,76,2,T,40,5,473,0,59,116,79,2,1,7,1,272,0,-181,48,3,0
36793,5.49,P,39,1,159,0,49,50,42,5,Z,25,3,186,0,60,158,158,3,1,-14,2,27,0,11,108,116,-2
36794,9,Z,65,0,330,0,576,252,334,10,P,33,0,398,0,0,73,29,0,1,-32,0,68,0,-576,-179,-305,-10
36795,6.13,Z,63,3,157,0,6,212,303,0,Z,37,2,403,0,695,289,186,7,1,-26,-1,246,0,689,77,-117,7
36796,8.16,Z,73,9,379,1,336,211,373,17,P,78,2,468,0,179,259,133,15,0,5,-7,89,-1,-157,48,-240,-2
36797,10.05,P,66,10,752,0,54,186,77,6,P,55,0,991,0,17,223,71,5,1,-11,-10,239,0,-37,37,-6,-1
36798,9.58,Z,53,0,426,0,28,128,195,2,Z,60,1,372,0,50,98,159,0,1,7,1,-54,0,22,-30,-36,-2
36799,10.21,T,75,0,597,0,57,93,89,6,Z,68,3,507,3,105,278,304,12,1,-7,3,-90,3,48,185,215,6
36800,3.36,P,10,0,109,0,15,41,106,1,Z,15,2,200,0,19,65,48,1,0,5,2,91,0,4,24,-58,0
36801,9.58,Z,39,6,728,0,44,98,153,6,T,53,0,820,0,0,90,87,0,0,14,-6,92,0,-44,-8,-66,-6
36802,9.59,Z,71,0,573,0,80,357,264,17,T,109,4,507,0,748,377,208,9,1,38,4,-66,0,668,20,-56,-8
36803,9.59,T,98,7,658,0,526,310,205,5,Z,93,5,364,0,123,226,406,1,1,-5,-2,-294,0,-403,-84,201,-4
36804,9.59,T,80,0,653,0,58,151,93,3,T,93,0,822,0,271,270,104,7,1,13,0,169,0,213,119,11,4
36805,9.07,P,54,0,315,0,21,156,133,10,T,80,5,926,0,58,117,114,0,0,26,5,611,0,37,-39,-19,-10
36806,5.42,P,29,4,316,0,27,83,32,2,Z,24,2,330,0,29,69,93,3,1,-5,-2,14,0,2,-14,61,1
36807,3.09,P,16,0,128,0,180,69,101,4,T,21,6,400,0,178,56,79,3,1,5,6,272,0,-2,-13,-22,-1
36808,9.58,P,44,0,882,0,0,144,106,0,T,91,0,610,0,45,156,118,5,1,47,0,-272,0,45,12,12,5
36809,9.56,P,39,0,730,0,10,377,69,4,P,36,5,242,0,5,229,124,5,1,-3,5,-488,0,-5,-148,55,1
36810,9.59,P,43,0,392,0,3,112,70,2,Z,59,0,478,0,125,272,212,11,1,16,0,86,0,122,160,142,9
36811,6.08,T,33,3,396,0,8,88,161,2,P,37,0,212,0,7,268,182,3,0,4,-3,-184,0,-1,180,21,1
36812,9.59,Z,53,6,508,0,30,172,182,0,T,69,3,493,0,48,274,95,5,1,16,-3,-15,0,18,102,-87,5
36813,9.15,Z,53,2,418,0,39,201,231,1,P,50,0,506,0,9,118,93,1,0,-3,-2,88,0,-30,-83,-138,0
36814,6.38,P,31,3,581,0,220,103,42,4,T,34,0,216,0,466,100,106,8,0,3,-3,-365,0,246,-3,64,4
36815,7.1,P,45,2,268,0,1,131,69,0,T,37,0,385,0,24,162,96,3,1,-8,-2,117,0,23,31,27,3
36816,0.3,P,3,0,21,0,4,2,2,0,Z,3,0,9,0,2,18,11,2,0,0,0,-12,0,-2,16,9,2
36817,9.59,T,90,0,524,7,58,227,86,0,Z,66,5,404,0,423,319,304,8,1,-24,5,-120,-7,365,92,218,8
36818,9.59,Z,71,0,503,0,73,295,250,9,T,100,0,712,0,728,434,333,8,0,29,0,209,0,655,139,83,-1
36819,10.58,Z,54,7,491,0,76,275,230,8,P,59,5,462,0,239,297,101,10,0,5,-2,-29,0,163,22,-129,2
36820,9.59,Z,65,2,737,0,93,224,222,2,P,75,0,530,0,30,287,152,7,1,10,-2,-207,0,-63,63,-70,5
36821,9.59,P,72,0,487,0,35,193,146,9,T,85,9,826,0,153,227,134,0,1,13,9,339,0,118,34,-12,-9
36822,7.11,Z,36,0,232,0,25,140,177,7,Z,48,3,278,0,57,147,143,0,1,12,3,46,0,32,7,-34,-7
36823,2.4,T,8,2,52,0,10,53,11,4,Z,9,1,45,0,198,29,75,2,0,1,-1,-7,0,188,-24,64,-2
36824,6.41,T,60,2,244,0,103,300,118,3,T,33,2,270,0,162,196,55,3,0,-27,0,26,0,59,-104,-63,0
36825,5.21,P,27,1,261,0,25,53,23,6,Z,22,3,315,0,3,62,96,0,0,-5,2,54,0,-22,9,73,-6
36826,9.59,T,75,6,409,0,19,151,148,0,T,45,0,891,0,0,67,107,1,0,-30,-6,482,0,-19,-84,-41,1
36827,9.56,T,64,1,556,0,22,128,89,1,P,41,0,410,0,10,104,66,9,0,-23,-1,-146,0,-12,-24,-23,8
36828,4.24,T,23,4,238,0,38,46,35,0,Z,12,0,45,0,0,18,78,0,1,-11,-4,-193,0,-38,-28,43,0
36829,9.59,P,65,0,654,0,74,153,91,5,Z,79,16,256,0,93,146,209,1,1,14,16,-398,0,19,-7,118,-4
36830,2.22,T,7,0,80,0,7,25,26,1,T,17,2,71,0,137,75,175,1,0,10,2,-9,0,130,50,149,0
36831,9.59,T,73,3,640,0,25,179,121,2,Z,76,0,717,0,181,244,321,7,1,3,-3,77,0,156,65,200,5
36832,3.35,T,26,0,425,0,3,54,57,3,T,25,3,282,0,17,119,90,0,0,-1,3,-143,0,14,65,33,-3
36833,3.32,T,15,0,114,0,14,35,30,6,Z,19,1,141,0,33,81,59,1,1,4,1,27,0,19,46,29,-5
36834,1.55,T,4,0,22,0,0,6,25,1,T,12,0,68,0,12,29,34,2,0,8,0,46,0,12,23,9,1
36835,0,T,0,0,1,0,0,0,0,0,P,21,2,167,0,12,89,24,0,1,21,2,166,0,12,89,24,0
36836,7.31,T,61,2,652,0,521,167,77,6,P,57,6,221,0,169,145,128,2,0,-4,4,-431,0,-352,-22,51,-4
36837,9.59,T,57,0,558,0,15,148,68,2,T,63,0,686,0,0,114,116,2,0,6,0,128,0,-15,-34,48,0
36838,10.49,T,106,2,600,0,481,264,222,6,P,72,0,632,0,7,285,186,4,1,-34,-2,32,0,-474,21,-36,-2
36839,4.39,P,15,0,341,0,0,59,15,0,T,20,1,487,0,9,48,41,2,1,5,1,146,0,9,-11,26,2
36840,2.07,T,10,0,94,0,158,17,28,5,T,10,0,98,0,107,41,15,3,0,0,0,4,0,-51,24,-13,-2
36841,8.15,T,54,0,672,0,21,172,87,8,P,32,0,545,0,2,107,93,2,0,-22,0,-127,0,-19,-65,6,-6
36842,9.55,T,85,11,500,0,282,224,249,8,T,40,2,870,0,8,208,141,0,0,-45,-9,370,0,-274,-16,-108,-8
36843,9.59,Z,73,2,589,0,74,82,217,6,P,72,0,651,0,162,196,77,9,1,-1,-2,62,0,88,114,-140,3
36844,9.59,P,57,0,607,0,7,214,93,5,T,53,5,602,0,69,230,84,0,1,-4,5,-5,0,62,16,-9,-5
36845,8.5,Z,44,0,442,0,12,89,174,3,P,42,1,463,0,5,39,78,0,1,-2,1,21,0,-7,-50,-96,-3
36846,7.59,P,41,0,628,0,36,174,56,7,T,73,4,367,0,50,153,146,7,0,32,4,-261,0,14,-21,90,0
36847,10.19,P,52,2,513,0,7,158,58,1,Z,61,4,383,0,33,170,158,1,0,9,2,-130,0,26,12,100,0
36848,5.23,Z,21,0,247,0,11,51,144,4,T,32,0,472,0,594,82,77,10,1,11,0,225,0,583,31,-67,6
36849,9.59,P,68,0,350,0,145,381,318,3,T,55,3,462,0,51,132,67,2,1,-13,3,112,0,-94,-249,-251,-1
36850,9.59,Z,85,11,564,0,602,252,443,8,T,100,0,845,0,41,162,144,14,1,15,-11,281,0,-561,-90,-299,6
36851,6.47,T,36,4,494,0,22,92,60,0,T,43,3,705,0,2,64,77,1,0,7,-1,211,0,-20,-28,17,1
36852,6.56,Z,40,0,325,0,82,130,289,3,P,55,5,327,0,524,216,102,10,1,15,5,2,0,442,86,-187,7
36853,9.07,Z,47,1,569,0,49,193,151,3,T,113,0,581,0,47,130,138,10,1,66,-1,12,0,-2,-63,-13,7
36854,9.59,T,73,0,574,0,55,143,135,7,T,56,0,386,0,80,175,157,4,0,-17,0,-188,0,25,32,22,-3
36855,5.52,P,60,0,173,0,119,106,74,8,Z,28,0,137,0,97,98,78,3,0,-32,0,-36,0,-22,-8,4,-5
36856,5,T,33,2,458,0,13,130,53,3,P,29,0,416,0,1,63,97,2,1,-4,-2,-42,0,-12,-67,44,-1
36857,6.53,Z,36,0,193,0,199,75,268,6,T,55,0,312,0,3,37,290,3,1,19,0,119,0,-196,-38,22,-3
36858,9.57,T,31,0,732,0,1,49,55,2,Z,48,0,419,0,0,50,130,0,1,17,0,-313,0,-1,1,75,-2
36859,9.59,T,34,0,447,0,5,92,49,3,Z,24,0,146,0,1,97,84,2,0,-10,0,-301,0,-4,5,35,-1
36860,9.07,T,62,0,791,0,44,152,108,7,Z,65,3,115,0,63,103,249,5,0,3,3,-676,0,19,-49,141,-2
36861,3.56,P,20,0,58,0,235,146,96,16,P,20,0,90,0,0,136,47,1,0,0,0,32,0,-235,-10,-49,-15
36862,9.31,T,103,0,347,0,248,265,204,22,Z,94,14,504,0,300,200,372,4,0,-9,14,157,0,52,-65,168,-18
36863,9.59,Z,88,1,508,0,143,252,307,10,P,72,5,636,0,42,138,118,10,0,-16,4,128,0,-101,-114,-189,0
36864,10.32,Z,71,2,411,0,207,269,296,7,Z,72,4,508,0,88,199,220,4,1,1,2,97,0,-119,-70,-76,-3
36865,5.19,P,13,0,151,0,254,225,100,3,P,20,0,353,0,0,77,31,0,0,7,0,202,0,-254,-148,-69,-3
36866,7.33,T,68,1,491,0,131,182,98,13,P,39,1,355,0,472,140,59,9,1,-29,0,-136,0,341,-42,-39,-4
36867,6.51,T,69,2,489,0,330,164,88,2,Z,34,0,508,0,153,169,243,2,1,-35,-2,19,0,-177,5,155,0
36868,8.41,P,72,1,222,0,36,220,137,0,P,56,0,343,0,28,196,75,7,1,-16,-1,121,0,-8,-24,-62,7
36869,2.06,T,9,0,104,0,236,32,28,7,P,9,0,89,0,14,75,19,1,1,0,0,-15,0,-222,43,-9,-6
36870,9.23,Z,67,5,582,0,88,302,301,4,P,64,0,508,0,0,156,347,0,0,-3,-5,-74,0,-88,-146,46,-4
36871,9.33,Z,77,2,401,0,247,270,440,7,Z,84,15,550,4,368,537,257,4,1,7,13,149,4,121,267,-183,-3
36872,4.16,T,25,2,235,0,67,63,32,1,P,20,1,175,0,39,69,88,2,0,-5,-1,-60,0,-28,6,56,1
36873,9.57,Z,49,4,798,1,24,56,140,0,T,63,0,602,0,6,75,84,2,0,14,-4,-196,-1,-18,19,-56,2
36874,9.59,T,78,4,631,0,18,212,136,1,P,83,0,498,0,281,309,150,17,0,5,-4,-133,0,263,97,14,16
36875,8.4,T,60,2,767,0,22,133,87,1,Z,51,2,527,0,45,195,185,1,1,-9,0,-240,0,23,62,98,0
36876,10.15,T,112,4,651,0,57,258,150,2,Z,68,0,594,0,58,231,220,9,0,-44,-4,-57,0,1,-27,70,7
36877,1.5,P,4,0,118,0,0,24,12,0,P,5,0,98,0,5,44,16,4,1,1,0,-20,0,5,20,4,4
36878,9.59,T,50,0,620,0,0,59,67,0,Z,49,0,388,0,11,143,302,5,1,-1,0,-232,0,11,84,235,5
36879,9.59,Z,56,0,271,0,97,291,228,15,P,67,2,615,0,13,240,86,1,1,11,2,344,0,-84,-51,-142,-14
36880,2.3,T,12,2,126,0,344,14,9,2,Z,7,0,20,0,18,6,34,1,1,-5,-2,-106,0,-326,-8,25,-1
36881,9.59,T,68,0,538,0,49,280,103,6,T,49,4,748,0,0,180,101,2,0,-19,4,210,0,-49,-100,-2,-4
36882,4.48,P,21,0,152,0,15,130,119,6,T,29,0,219,0,18,53,37,2,0,8,0,67,0,3,-77,-82,-4
36883,5.28,T,34,0,275,0,47,56,63,5,Z,26,3,562,0,37,70,84,2,0,-8,3,287,0,-10,14,21,-3
36884,1.45,Z,5,0,26,0,132,18,37,3,P,6,1,54,0,63,46,94,0,0,1,1,28,0,-69,28,57,-3
36885,2.07,T,9,1,127,0,205,28,19,5,T,10,0,23,0,151,33,16,3,0,1,-1,-104,0,-54,5,-3,-2
36886,9.59,P,58,0,436,9,105,236,101,0,T,75,3,610,0,56,115,94,3,0,17,3,174,-9,-49,-121,-7,3
36887,3.33,Z,16,1,68,0,140,36,151,0,T,16,0,254,4,17,26,23,0,0,0,-1,186,4,-123,-10,-128,0
36888,8.03,Z,58,0,499,0,321,197,245,9,T,93,1,469,0,193,281,136,19,1,35,1,-30,0,-128,84,-109,10
36889,6.59,T,50,0,282,0,7,46,72,0,Z,36,2,173,0,41,81,83,1,0,-14,2,-109,0,34,35,11,1
36890,3.37,Z,13,0,222,0,0,89,49,0,P,10,0,92,0,4,112,4,2,1,-3,0,-130,0,4,23,-45,2
36891,9.59,T,52,0,474,0,36,226,124,6,T,70,0,405,0,19,158,137,6,0,18,0,-69,0,-17,-68,13,0
36892,8.3,T,54,0,272,0,283,171,64,9,T,53,4,383,0,116,113,51,1,1,-1,4,111,0,-167,-58,-13,-8
36893,4.45,Z,24,7,162,0,281,124,184,5,Z,18,6,118,0,107,113,102,0,0,-6,-1,-44,0,-174,-11,-82,-5
36894,6.45,P,39,0,318,0,10,91,68,2,T,40,0,225,0,175,64,136,7,1,1,0,-93,0,165,-27,68,5
36895,10.38,T,51,0,455,0,0,115,110,4,Z,55,0,537,0,170,189,295,6,1,4,0,82,0,170,74,185,2
36896,10.1,T,40,0,685,0,0,52,80,2,T,80,0,629,0,45,215,122,4,1,40,0,-56,0,45,163,42,2
36897,9.59,P,58,0,595,0,3,187,92,4,Z,54,9,920,0,41,199,155,0,0,-4,9,325,0,38,12,63,-4
36898,5.57,T,55,3,285,0,300,289,176,4,T,55,0,450,0,267,214,185,5,0,0,-3,165,0,-33,-75,9,1
36899,9.58,Z,97,0,593,11,157,381,326,7,T,95,2,441,0,318,325,262,8,0,-2,2,-152,-11,161,-56,-64,1
36900,5.42,P,24,3,412,0,15,141,37,0,T,28,1,376,0,2,49,44,0,0,4,-2,-36,0,-13,-92,7,0
36901,4.51,T,40,0,141,0,16,115,64,9,T,32,0,160,0,37,63,50,4,1,-8,0,19,0,21,-52,-14,-5
36902,5.5,P,24,0,253,0,33,137,121,1,P,27,3,447,0,0,61,50,0,1,3,3,194,0,-33,-76,-71,-1
36903,9.57,T,96,5,403,0,509,234,143,8,Z,107,11,822,0,193,282,269,2,0,11,6,419,0,-316,48,126,-6
36904,7.44,P,67,3,442,0,320,204,182,7,Z,61,0,386,0,399,220,155,2,1,-6,-3,-56,0,79,16,-27,-5
36905,10.15,Z,34,2,457,0,20,45,138,0,T,46,3,752,0,6,34,92,0,0,12,1,295,0,-14,-11,-46,0
36906,6.26,T,35,3,410,0,11,88,60,2,P,41,0,353,0,142,169,163,3,1,6,-3,-57,0,131,81,103,1
36907,4.24,T,18,0,239,0,0,91,22,1,T,18,0,195,0,0,54,64,0,1,0,0,-44,0,0,-37,42,-1
36908,9.56,P,38,0,773,0,0,79,59,1,Z,46,0,402,0,27,90,203,4,1,8,0,-371,0,27,11,144,3
36909,5.3,Z,29,1,296,0,24,119,166,1,T,23,1,289,0,2,64,57,2,0,-6,0,-7,0,-22,-55,-109,1
36910,6.09,Z,30,0,322,0,19,109,81,2,Z,28,5,188,0,138,81,187,0,0,-2,5,-134,0,119,-28,106,-2
36911,2.18,Z,11,1,99,0,16,76,28,1,T,9,0,154,0,11,33,15,3,1,-2,-1,55,0,-5,-43,-13,2
36912,5.17,P,30,2,155,0,413,94,42,3,T,18,0,258,0,4,141,68,4,0,-12,-2,103,0,-409,47,26,1
36913,1.2,T,5,0,56,0,0,6,6,1,P,1,0,41,0,0,12,2,0,0,-4,0,-15,0,0,6,-4,-1
36914,1.3,P,10,0,60,0,28,50,33,8,T,8,0,27,0,80,28,45,5,0,-2,0,-33,0,52,-22,12,-3
36915,9.59,T,74,2,486,0,310,120,135,8,P,63,7,545,0,29,187,65,0,1,-11,5,59,0,-281,67,-70,-8
36916,9.59,Z,116,15,485,0,417,230,386,7,T,167,0,395,0,693,298,167,28,1,51,-15,-90,0,276,68,-219,21
36917,7.17,T,88,0,457,0,260,247,78,18,P,62,5,401,0,185,173,77,11,0,-26,5,-56,0,-75,-74,-1,-7
36918,8.09,T,63,5,617,0,75,129,48,0,T,39,0,395,9,207,212,84,0,1,-24,-5,-222,9,132,83,36,0
36919,5.1,T,34,0,236,0,108,76,42,7,P,26,4,324,0,91,94,129,10,1,-8,4,88,0,-17,18,87,3
36920,0.59,P,6,0,40,0,83,21,46,1,P,3,0,4,0,27,20,5,4,1,-3,0,-36,0,-56,-1,-41,3
36921,9.59,Z,53,0,817,0,38,129,179,3,P,71,5,639,0,97,196,97,5,0,18,5,-178,0,59,67,-82,2
36922,8.32,T,63,0,541,0,86,140,79,4,P,42,1,446,0,24,190,73,14,0,-21,1,-95,0,-62,50,-6,10
36923,9.58,T,84,0,756,0,0,143,130,0,Z,80,0,458,0,126,214,291,9,0,-4,0,-298,0,126,71,161,9
36924,9.5,Z,72,3,732,0,161,210,277,3,P,81,2,386,0,66,127,103,0,0,9,-1,-346,0,-95,-83,-174,-3
36925,10.2,P,53,3,333,0,26,31,48,1,Z,32,0,418,0,18,141,166,8,1,-21,-3,85,0,-8,110,118,7
36926,3.31,T,14,0,187,0,0,22,45,0,Z,19,2,185,0,13,39,73,0,1,5,2,-2,0,13,17,28,0
36927,7.25,T,54,3,284,0,32,57,45,0,T,54,0,358,0,548,139,53,5,0,0,-3,74,0,516,82,8,5
36928,9.58,T,101,5,486,2,739,279,107,12,Z,93,3,744,0,112,236,201,10,0,-8,-2,258,-2,-627,-43,94,-2
36929,9.4,P,45,0,484,0,345,152,77,2,P,43,0,356,0,0,70,52,0,0,-2,0,-128,0,-345,-82,-25,-2
36930,7.59,Z,37,1,472,0,55,96,131,2,Z,37,0,653,0,108,197,151,11,1,0,-1,181,0,53,101,20,9
36931,5.14,Z,31,0,220,0,16,24,76,0,P,17,0,178,0,3,99,138,1,0,-14,0,-42,0,-13,75,62,1
36932,4.42,Z,19,0,221,0,25,30,68,2,T,28,0,249,0,10,28,25,3,1,9,0,28,0,-15,-2,-43,1
36933,5.44,Z,33,5,228,0,58,181,95,5,Z,41,3,291,0,367,141,107,6,1,8,-2,63,0,309,-40,12,1
36934,2.09,P,6,2,86,0,5,36,13,2,T,6,0,88,0,0,0,5,0,0,0,-2,2,0,-5,-36,-8,-2
36935,8.15,T,48,0,301,0,4,76,88,3,T,48,0,463,0,22,46,64,4,1,0,0,162,0,18,-30,-24,1
36936,9.02,Z,51,9,190,0,52,364,222,6,Z,54,9,376,0,12,249,168,0,1,3,0,186,0,-40,-115,-54,-6
36937,9.08,T,87,5,1128,0,469,200,199,6,T,89,0,801,0,727,174,117,9,0,2,-5,-327,0,258,-26,-82,3
36938,9.3,T,80,3,513,0,137,151,182,11,P,61,5,387,0,252,250,181,4,0,-19,2,-126,0,115,99,-1,-7
36939,10.39,Z,97,0,527,0,283,229,436,7,T,128,3,615,0,155,297,260,9,0,31,3,88,0,-128,68,-176,2
36940,8.08,Z,28,2,538,0,21,215,131,0,Z,36,4,260,0,10,129,141,0,0,8,2,-278,0,-11,-86,10,0
36941,5.3,P,33,0,160,0,20,271,55,9,P,29,1,182,0,95,96,42,8,0,-4,1,22,0,75,-175,-13,-1
36942,9.45,P,80,10,509,0,116,385,143,1,Z,77,0,432,0,374,244,333,12,1,-3,-10,-77,0,258,-141,190,11
36943,9.14,P,44,0,592,0,117,128,113,5,T,70,0,234,0,76,110,89,13,1,26,0,-358,0,-41,-18,-24,8
36944,9.58,T,68,11,558,0,34,51,112,4,T,81,1,387,0,318,331,85,7,0,13,-10,-171,0,284,280,-27,3
36945,3.44,T,19,3,149,0,399,68,56,0,T,18,0,112,0,17,31,23,2,0,-1,-3,-37,0,-382,-37,-33,2
36946,9.54,P,33,0,164,0,0,120,49,0,P,41,0,498,0,0,182,78,0,0,8,0,334,0,0,62,29,0
36947,8.31,Z,59,1,414,0,330,243,224,5,P,60,1,682,0,53,291,63,7,1,1,0,268,0,-277,48,-161,2
36948,5.1,P,22,2,433,0,14,115,39,1,Z,23,0,470,0,70,83,77,1,0,1,-2,37,0,56,-32,38,0
36949,9.58,Z,97,3,454,6,256,312,401,16,Z,69,1,274,0,41,286,241,2,0,-28,-2,-180,-6,-215,-26,-160,-14
36950,8.4,T,41,0,350,0,0,40,63,0,P,47,0,674,0,0,61,91,0,0,6,0,324,0,0,21,28,0
36951,9.54,P,39,1,663,0,11,102,63,0,T,51,0,719,0,31,250,114,3,0,12,-1,56,0,20,148,51,3
36952,8.45,P,45,4,470,0,49,71,41,6,Z,44,0,355,0,0,166,153,0,0,-1,-4,-115,0,-49,95,112,-6
36953,9.59,T,74,0,869,0,1,279,199,2,P,40,0,686,0,4,205,90,2,0,-34,0,-183,0,3,-74,-109,0
36954,3.13,Z,13,4,42,0,145,45,131,0,Z,10,0,73,0,40,14,76,3,1,-3,-4,31,0,-105,-31,-55,3
36955,9.59,Z,104,8,434,0,158,168,343,4,T,142,2,561,0,603,316,169,12,1,38,-6,127,0,445,148,-174,8
36956,6.52,T,51,0,367,0,289,186,69,7,P,53,7,341,0,938,227,133,4,0,2,7,-26,0,649,41,64,-3
36957,7.57,Z,54,5,489,0,182,185,157,6,P,72,2,443,0,283,227,75,11,0,18,-3,-46,0,101,42,-82,5
36958,3.2,T,15,0,213,0,2,28,24,4,P,12,0,108,0,0,37,16,1,0,-3,0,-105,0,-2,9,-8,-3
36959,10.1,Z,79,0,529,0,220,360,347,14,T,114,5,474,0,573,452,273,7,1,35,5,-55,0,353,92,-74,-7
36960,7.11,Z,32,0,434,0,30,137,153,2,Z,48,0,276,0,79,185,178,2,0,16,0,-158,0,49,48,25,0
36961,10.5,Z,49,0,571,0,0,136,157,0,Z,53,0,620,0,110,317,210,2,0,4,0,49,0,110,181,53,2
36962,5.19,P,35,0,191,0,23,50,26,5,T,37,6,144,0,25,96,102,0,0,2,6,-47,0,2,46,76,-5
36963,3.42,P,16,0,117,0,16,51,34,2,Z,14,8,332,0,35,65,69,0,1,-2,8,215,0,19,14,35,-2
36964,7.27,T,43,0,346,0,159,143,82,6,P,22,0,274,0,0,82,27,1,0,-21,0,-72,0,-159,-61,-55,-5
36965,9.56,T,70,0,396,0,22,189,249,2,Z,68,0,958,0,81,113,203,0,1,-2,0,562,0,59,-76,-46,-2
36966,10.14,Z,100,8,422,0,397,450,302,13,Z,82,0,529,0,269,339,407,5,1,-18,-8,107,0,-128,-111,105,-8
36967,6.43,T,34,1,462,0,16,113,64,0,P,24,0,47,0,15,36,39,7,0,-10,-1,-415,0,-1,-77,-25,7
36968,9.57,P,42,1,462,0,1,132,57,1,Z,42,3,1100,0,34,109,162,2,1,0,2,638,0,33,-23,105,1
36969,10.22,T,150,6,619,0,278,261,251,9,Z,109,12,615,0,555,379,266,2,1,-41,6,-4,0,277,118,15,-7
36970,8.3,T,90,2,329,0,221,365,292,9,T,83,0,306,0,478,298,224,11,1,-7,-2,-23,0,257,-67,-68,2
36971,7.11,P,35,0,635,0,5,81,62,5,T,34,0,395,0,295,103,103,7,0,-1,0,-240,0,290,22,41,2
36972,2.28,T,8,0,150,0,10,8,17,3,T,11,0,132,0,1,50,16,3,0,3,0,-18,0,-9,42,-1,0
36973,9.59,P,51,0,659,0,53,206,64,7,P,51,0,742,0,17,251,119,7,1,0,0,83,0,-36,45,55,0
36974,0,T,0,0,1,0,0,0,0,0,P,26,0,145,0,44,85,34,3,1,26,0,144,0,44,85,34,3
36975,9.41,T,90,0,633,0,49,244,168,3,Z,58,9,340,2,143,189,203,5,0,-32,9,-293,2,94,-55,35,2
36976,6.44,T,60,3,243,0,92,206,181,0,Z,39,1,355,0,16,118,108,2,0,-21,-2,112,0,-76,-88,-73,2
36977,5.51,Z,35,3,201,0,49,64,118,7,P,22,0,444,0,1,41,31,0,1,-13,-3,243,0,-48,-23,-87,-7
36978,9.59,Z,30,1,747,1,17,254,105,0,P,32,1,591,0,16,86,78,1,0,2,0,-156,-1,-1,-168,-27,1
36979,9.59,P,67,0,737,0,43,223,122,6,Z,74,7,396,0,81,204,258,7,0,7,7,-341,0,38,-19,136,1
36980,3.4,T,18,0,220,0,45,57,40,4,T,16,3,268,0,16,42,30,2,0,-2,3,48,0,-29,-15,-10,-2
36981,4.05,P,30,0,118,0,19,67,17,5,T,22,0,163,0,211,106,76,6,0,-8,0,45,0,192,39,59,1
36982,3.58,Z,19,2,78,0,10,22,52,0,T,24,1,191,0,214,64,22,1,0,5,-1,113,0,204,42,-30,1
36983,2.19,P,9,0,136,0,0,48,14,0,P,6,0,99,0,5,15,3,1,1,-3,0,-37,0,5,-33,-11,1
36984,5.25,P,23,0,235,0,9,34,23,2,Z,23,0,272,0,30,15,75,3,0,0,0,37,0,21,-19,52,1
36985,9.57,Z,49,14,421,0,333,248,297,8,P,62,6,453,0,474,327,80,3,1,13,-8,32,0,141,79,-217,-5
36986,9.59,Z,61,1,740,0,20,122,221,2,T,63,5,934,0,9,201,90,0,1,2,4,194,0,-11,79,-131,-2
36987,5.47,Z,24,4,286,0,523,117,233,1,P,28,3,146,0,480,132,33,5,0,4,-1,-140,0,-43,15,-200,4
36988,6.21,P,33,3,440,0,0,118,66,1,T,43,0,527,0,0,182,46,0,0,10,-3,87,0,0,64,-20,-1
36989,9.38,P,69,14,407,0,19,231,78,0,T,76,0,242,0,138,162,128,7,1,7,-14,-165,0,119,-69,50,7
36990,9.59,T,33,2,1103,0,3,156,83,0,T,34,0,1011,0,7,126,76,3,0,1,-2,-92,0,4,-30,-7,3
36991,7.47,P,41,6,393,0,8,111,50,2,P,47,2,505,0,42,134,60,6,0,6,-4,112,0,34,23,10,4
36992,5.37,T,60,0,253,0,409,122,198,9,P,49,0,145,0,50,234,73,4,0,-11,0,-108,0,-359,112,-125,-5
36993,6.53,P,46,11,329,0,328,219,126,10,T,68,4,303,0,436,213,213,19,1,22,-7,-26,0,108,-6,87,9
36994,2.1,Z,8,1,36,0,1,7,26,0,Z,7,0,1,0,0,14,25,0,0,-1,-1,-35,0,-1,7,-1,0
36995,9.59,P,37,0,405,0,19,89,52,5,P,35,0,496,0,0,33,48,0,0,-2,0,91,0,-19,-56,-4,-5
36996,8.33,P,26,0,132,0,0,21,28,0,T,48,0,422,0,0,160,122,0,1,22,0,290,0,0,139,94,0
36997,8.46,T,71,3,383,0,682,340,172,9,Z,47,0,481,0,31,139,166,0,0,-24,-3,98,0,-651,-201,-6,-9
36998,9.59,P,75,0,498,0,181,305,76,12,P,83,2,259,0,55,310,161,0,0,8,2,-239,0,-126,5,85,-12
36999,5.41,T,34,0,407,0,115,48,90,8,T,29,0,400,0,14,113,43,4,0,-5,0,-7,0,-101,65,-47,-4
37000,9.59,T,89,3,685,0,260,364,117,8,T,78,1,566,0,265,299,150,7,0,-11,-2,-119,0,5,-65,33,-1
37001,7.43,P,37,0,585,0,0,175,63,0,T,34,0,374,0,6,89,86,2,1,-3,0,-211,0,6,-86,23,2
37002,5.37,T,23,2,197,0,1,71,36,0,T,45,0,332,4,60,195,51,1,1,22,-2,135,4,59,124,15,1
37003,9.59,T,81,0,802,0,370,113,113,13,P,43,4,838,0,18,83,52,0,0,-38,4,36,0,-352,-30,-61,-13
37004,8.19,T,76,3,738,0,141,126,110,19,P,68,0,480,0,113,241,124,3,0,-8,-3,-258,0,-28,115,14,-16
37005,6.34,T,32,0,461,0,12,110,56,7,Z,51,0,556,0,0,98,106,0,1,19,0,95,0,-12,-12,50,-7
37006,8.35,P,21,0,433,0,0,104,33,3,Z,42,0,578,0,25,74,131,5,1,21,0,145,0,25,-30,98,2
37007,5.28,Z,35,0,255,0,100,206,134,6,Z,38,8,214,0,134,138,93,0,1,3,8,-41,0,34,-68,-41,-6
37008,9.58,P,127,0,504,0,624,552,82,28,Z,118,3,496,0,492,296,336,11,0,-9,3,-8,0,-132,-256,254,-17
37009,8.08,T,63,0,636,0,1,168,147,3,Z,62,0,415,0,37,171,203,4,1,-1,0,-221,0,36,3,56,1
37010,9.59,P,56,0,679,0,23,210,88,5,T,98,10,305,0,594,148,140,3,1,42,10,-374,0,571,-62,52,-2
37011,10.57,P,130,3,798,0,729,487,104,18,T,135,4,525,0,304,342,294,16,0,5,1,-273,0,-425,-145,190,-2
37012,8.18,T,22,0,457,0,0,34,50,0,T,53,0,417,0,7,183,70,3,1,31,0,-40,0,7,149,20,3
37013,7.57,Z,42,1,509,0,9,189,138,0,Z,53,1,573,0,9,186,179,5,1,11,0,64,0,0,-3,41,5
37014,5.47,P,23,0,136,0,4,42,42,5,Z,21,2,327,0,10,33,81,0,0,-2,2,191,0,6,-9,39,-5
37015,5.52,P,21,0,130,0,0,122,44,0,T,22,0,364,0,1,85,71,1,0,1,0,234,0,1,-37,27,1
37016,7.07,T,26,1,852,0,6,96,57,1,T,32,0,635,0,40,72,95,1,1,6,-1,-217,0,34,-24,38,0
37017,4.32,Z,25,0,155,0,11,35,68,3,T,28,4,266,0,156,34,177,1,0,3,4,111,0,145,-1,109,-2
37018,4.58,P,23,0,265,0,9,22,14,2,T,22,0,269,0,2,16,30,2,1,-1,0,4,0,-7,-6,16,0
37019,7.21,P,21,0,450,0,0,13,26,0,T,38,4,266,0,19,56,59,0,1,17,4,-184,0,19,43,33,0
37020,9.59,Z,57,8,941,0,61,96,152,6,T,62,0,353,0,21,110,91,14,0,5,-8,-588,0,-40,14,-61,8
37021,6.37,P,55,6,307,0,492,156,107,10,T,48,0,507,0,324,174,138,10,1,-7,-6,200,0,-168,18,31,0
37022,5.54,Z,18,1,224,0,156,129,142,2,T,31,0,422,0,19,188,217,4,1,13,-1,198,0,-137,59,75,2
37023,1.41,T,12,0,112,0,12,20,51,0,P,9,0,55,0,4,14,5,2,1,-3,0,-57,0,-8,-6,-46,2
37024,9.5,P,104,5,723,0,403,246,197,11,Z,104,5,509,0,785,349,670,5,1,0,0,-214,0,382,103,473,-6
37025,2.48,P,14,1,105,0,16,36,34,0,T,10,0,141,0,0,25,22,2,1,-4,-1,36,0,-16,-11,-12,2
37026,7.22,T,28,0,257,0,3,163,53,2,P,24,0,542,0,0,22,44,0,1,-4,0,285,0,-3,-141,-9,-2
37027,2.47,Z,6,1,127,1,44,44,58,0,Z,11,0,85,0,286,34,112,5,1,5,-1,-42,-1,242,-10,54,5
37028,7.31,Z,29,4,286,0,20,106,138,1,Z,29,0,398,0,13,61,115,1,0,0,-4,112,0,-7,-45,-23,0
37029,7.37,P,45,0,206,0,0,110,89,3,T,69,3,186,0,44,240,95,0,0,24,3,-20,0,44,130,6,-3
37030,6.1,Z,32,3,446,0,37,94,94,4,Z,43,0,525,0,36,143,121,2,0,11,-3,79,0,-1,49,27,-2
37031,9.3,P,40,3,625,0,24,183,80,0,T,74,0,448,0,307,201,245,6,0,34,-3,-177,0,283,18,165,6
37032,8.18,Z,75,0,282,0,268,196,243,8,T,98,1,398,0,428,242,167,9,1,23,1,116,0,160,46,-76,1
37033,4.28,T,23,2,251,0,5,85,40,2,T,25,5,271,2,257,51,25,4,0,2,3,20,2,252,-34,-15,2
37034,2.5,P,7,0,166,0,48,46,14,3,T,12,0,187,0,0,44,36,0,1,5,0,21,0,-48,-2,22,-3
37035,2.59,P,14,0,186,0,10,75,15,0,T,10,2,117,0,64,118,28,1,1,-4,2,-69,0,54,43,13,1
37036,9.59,T,80,0,577,0,79,295,162,19,Z,66,0,611,0,25,154,161,0,1,-14,0,34,0,-54,-141,-1,-19
37037,9.59,T,73,1,503,0,58,195,70,5,T,87,0,721,0,137,183,192,12,1,14,-1,218,0,79,-12,122,7
37038,10.41,T,68,2,664,0,45,284,75,2,P,41,2,846,0,1,156,101,0,0,-27,0,182,0,-44,-128,26,-2
37039,9.59,Z,42,0,455,0,0,59,110,1,T,54,0,617,0,0,90,70,0,1,12,0,162,0,0,31,-40,-1
37040,2.47,Z,5,0,92,5,11,11,31,0,Z,11,1,39,0,7,12,25,1,1,6,1,-53,-5,-4,1,-6,1
37041,7.58,T,59,3,541,0,18,189,98,4,P,39,7,318,0,13,131,61,2,0,-20,4,-223,0,-5,-58,-37,-2
37042,8.45,P,52,0,172,0,17,221,73,4,Z,78,8,203,0,49,213,181,6,1,26,8,31,0,32,-8,108,2
37043,10.38,P,60,0,495,0,0,122,78,0,T,89,9,557,0,466,249,155,3,0,29,9,62,0,466,127,77,3
37044,9.59,Z,75,1,653,0,487,282,290,7,T,96,7,697,0,549,292,155,6,0,21,6,44,0,62,10,-135,-1
37045,10.14,T,69,1,739,0,378,138,156,4,Z,51,0,408,0,21,109,239,3,1,-18,-1,-331,0,-357,-29,83,-1
37046,9.32,T,130,8,466,0,610,269,203,10,P,78,4,454,6,126,281,126,1,0,-52,-4,-12,6,-484,12,-77,-9
37047,9.03,Z,46,1,498,0,17,141,179,3,T,83,0,531,0,261,261,92,3,1,37,-1,33,0,244,120,-87,0
37048,6.37,Z,45,9,359,0,32,177,168,0,P,60,1,352,0,52,199,77,6,1,15,-8,-7,0,20,22,-91,6
37049,9.57,P,64,14,416,0,84,183,70,2,T,56,0,596,0,1153,176,82,2,1,-8,-14,180,0,1069,-7,12,0
37050,9.55,Z,73,0,458,0,58,100,195,11,P,72,4,590,0,125,222,93,11,0,-1,4,132,0,67,122,-102,0
37051,9.41,P,69,9,249,0,166,256,297,4,Z,58,2,561,0,334,236,403,3,1,-11,-7,312,0,168,-20,106,-1
37052,9.59,T,64,0,753,0,18,84,113,4,Z,51,2,467,0,27,92,147,0,0,-13,2,-286,0,9,8,34,-4
37053,3.56,Z,19,3,277,0,10,27,74,0,P,14,0,164,0,77,99,12,5,1,-5,-3,-113,0,67,72,-62,5
37054,10.38,P,87,7,643,0,92,228,100,6,T,70,0,676,0,26,59,72,4,0,-17,-7,33,0,-66,-169,-28,-2
37055,3.14,Z,11,2,30,1,70,42,101,0,Z,17,0,199,0,41,109,77,1,1,6,-2,169,-1,-29,67,-24,1
37056,0.33,Z,2,0,10,0,19,16,16,2,Z,0,0,9,0,0,0,0,0,0,-2,0,-1,0,-19,-16,-16,-2
37057,9.59,T,115,2,985,0,5,263,197,4,Z,63,0,368,0,63,223,311,9,1,-52,-2,-617,0,58,-40,114,5
37058,4.01,Z,19,6,142,0,132,46,117,0,P,19,0,188,0,20,118,27,3,0,0,-6,46,0,-112,72,-90,3
37059,3.58,P,26,0,92,0,3,72,70,2,T,14,0,196,0,0,21,27,0,0,-12,0,104,0,-3,-51,-43,-2
37060,4.04,P,13,0,102,0,3,47,206,3,P,14,0,206,0,0,57,45,0,1,1,0,104,0,-3,10,-161,-3
37061,6.4,T,84,3,305,0,347,239,96,6,Z,32,7,296,0,122,303,159,4,0,-52,4,-9,0,-225,64,63,-2
37062,9.57,P,43,0,133,0,0,35,71,2,P,37,0,474,0,12,124,52,3,1,-6,0,341,0,12,89,-19,1
37063,6.28,T,36,0,189,0,283,142,99,8,T,46,4,305,1,378,72,56,2,0,10,4,116,1,95,-70,-43,-6
37064,6.42,T,36,0,164,0,37,147,268,2,Z,29,3,471,3,479,95,135,0,0,-7,3,307,3,442,-52,-133,-2
37065,8.57,T,48,1,1302,0,383,150,126,3,T,84,5,474,0,430,173,249,11,0,36,4,-828,0,47,23,123,8
37066,9.59,T,76,0,531,0,6,203,168,2,P,69,4,456,1,42,155,105,1,1,-7,4,-75,1,36,-48,-63,-1
37067,9.59,T,80,0,648,0,22,168,112,12,Z,60,8,499,0,237,196,224,1,1,-20,8,-149,0,215,28,112,-11
37068,8.05,Z,51,1,434,0,92,198,165,5,Z,67,1,327,0,56,184,271,17,1,16,0,-107,0,-36,-14,106,12
37069,6.37,T,58,0,287,0,343,158,63,5,P,33,3,177,0,22,147,46,3,0,-25,3,-110,0,-321,-11,-17,-2
37070,10.03,T,82,5,825,0,106,407,166,0,Z,70,1,638,0,13,140,203,3,1,-12,-4,-187,0,-93,-267,37,3
37071,9.59,Z,67,0,692,0,0,242,388,0,T,55,0,715,0,37,228,91,4,0,-12,0,23,0,37,-14,-297,4
37072,0.19,Z,0,0,3,0,3,10,9,3,Z,0,0,11,0,25,6,4,1,0,0,0,8,0,22,-4,-5,-2
37073,8.08,T,48,5,687,0,19,112,90,0,Z,47,3,501,0,26,234,147,0,1,-1,-2,-186,0,7,122,57,0
37074,0.3,Z,2,1,15,0,4,3,7,0,Z,1,0,4,0,24,5,25,0,1,-1,-1,-11,0,20,2,18,0
37075,8.41,T,116,3,478,0,826,263,188,2,T,104,0,588,0,282,222,168,16,0,-12,-3,110,0,-544,-41,-20,14
37076,10.3,T,79,4,580,0,93,166,75,0,T,88,0,499,0,24,125,141,10,1,9,-4,-81,0,-69,-41,66,10
37077,5,Z,22,6,219,0,520,60,196,5,T,32,0,254,0,15,40,97,7,0,10,-6,35,0,-505,-20,-99,2
37078,8.17,T,64,0,587,0,643,278,94,4,T,35,3,313,0,0,124,101,0,1,-29,3,-274,0,-643,-154,7,-4
37079,4.15,P,12,0,340,0,0,22,8,0,T,21,3,163,0,200,145,34,3,1,9,3,-177,0,200,123,26,3
37080,9.59,T,57,2,551,0,1,128,112,0,Z,57,2,538,0,3,132,220,2,1,0,0,-13,0,2,4,108,2
37081,8.06,T,70,0,469,0,471,142,301,9,Z,37,4,158,0,182,73,288,0,0,-33,4,-311,0,-289,-69,-13,-9
37082,0,P,0,0,1,0,0,0,0,0,P,12,0,117,0,61,47,58,2,1,12,0,116,0,61,47,58,2
37083,2.52,P,6,0,222,0,0,85,24,6,Z,10,1,166,0,66,56,35,2,1,4,1,-56,0,66,-29,11,-4
37084,5.27,T,33,4,527,1,167,101,38,0,Z,28,2,380,0,55,60,125,2,1,-5,-2,-147,-1,-112,-41,87,2
37085,9.52,Z,52,3,492,8,304,219,309,3,Z,57,5,633,0,229,354,351,7,1,5,2,141,-8,-75,135,42,4
37086,10.42,T,113,8,762,0,389,337,171,4,P,71,11,839,0,227,206,232,1,1,-42,3,77,0,-162,-131,61,-3
37087,9.58,P,72,2,428,0,104,114,167,1,T,85,0,587,0,12,127,137,5,0,13,-2,159,0,-92,13,-30,4
37088,3.56,Z,13,3,118,0,39,30,73,0,Z,22,1,109,0,10,48,87,1,1,9,-2,-9,0,-29,18,14,1
37089,3.53,P,23,0,104,0,425,78,27,5,T,15,0,25,0,3,6,25,1,1,-8,0,-79,0,-422,-72,-2,-4
37090,10.3,Z,77,0,786,0,93,308,218,4,P,57,12,558,0,23,83,55,0,0,-20,12,-228,0,-70,-225,-163,-4
37091,9.02,P,64,0,458,0,25,167,155,1,T,73,3,375,0,143,224,219,4,0,9,3,-83,0,118,57,64,3
37092,9.59,T,62,0,1031,0,0,104,101,0,P,38,0,343,0,21,121,71,4,1,-24,0,-688,0,21,17,-30,4
37093,5.04,P,26,3,370,0,16,56,26,0,Z,31,5,230,0,775,125,85,1,0,5,2,-140,0,759,69,59,1
37094,10.57,P,62,2,556,0,20,243,104,0,P,74,0,873,0,142,293,100,15,0,12,-2,317,0,122,50,-4,15
37095,9.12,Z,39,0,497,0,0,141,169,0,T,76,0,289,0,528,285,94,12,1,37,0,-208,0,528,144,-75,12
37096,6.3,Z,37,0,453,0,27,91,125,6,T,78,3,314,0,65,258,71,9,1,41,3,-139,0,38,167,-54,3
37097,1.23,Z,5,0,53,0,3,39,28,2,Z,4,0,89,0,3,35,36,2,1,-1,0,36,0,0,-4,8,0
37098,9.59,Z,81,15,484,0,278,253,292,3,T,52,0,516,0,0,142,124,1,0,-29,-15,32,0,-278,-111,-168,-2
37099,9.59,T,69,1,641,0,400,447,117,6,T,73,0,716,0,1,228,276,6,1,4,-1,75,0,-399,-219,159,0
37100,8.54,P,75,0,504,0,18,207,118,1,Z,65,7,375,0,171,184,207,8,1,-10,7,-129,0,153,-23,89,7
37101,8.38,P,36,0,581,0,4,114,71,1,T,48,3,249,0,2,57,86,0,0,12,3,-332,0,-2,-57,15,-1
37102,6.42,P,36,7,274,1,110,150,194,0,T,22,0,498,0,42,75,43,5,1,-14,-7,224,-1,-68,-75,-151,5
37103,9.58,Z,57,0,359,0,23,180,169,1,T,81,5,657,0,182,113,128,2,1,24,5,298,0,159,-67,-41,1
37104,9.59,T,108,3,577,0,478,212,177,8,T,126,12,336,0,585,307,151,16,1,18,9,-241,0,107,95,-26,8
37105,8.32,P,77,0,447,0,154,226,69,8,T,99,5,399,0,517,188,188,9,1,22,5,-48,0,363,-38,119,1
37106,3.16,Z,14,0,97,0,34,33,68,3,T,15,1,318,0,237,31,106,0,1,1,1,221,0,203,-2,38,-3
37107,6.36,Z,32,0,612,0,46,87,109,1,T,28,3,387,0,0,60,68,0,0,-4,3,-225,0,-46,-27,-41,-1
37108,7.5,P,63,0,233,0,222,145,127,8,T,94,0,485,0,748,148,196,15,1,31,0,252,0,526,3,69,7
37109,7.58,Z,48,7,301,0,27,89,128,0,Z,38,0,230,0,22,66,127,4,0,-10,-7,-71,0,-5,-23,-1,4
37110,7.27,Z,32,3,221,0,22,282,154,3,Z,39,7,295,0,66,245,211,14,1,7,4,74,0,44,-37,57,11
37111,8.2,Z,50,1,718,0,40,155,159,4,T,71,0,873,0,128,101,85,9,1,21,-1,155,0,88,-54,-74,5
37112,9.59,T,56,0,574,0,43,287,108,11,T,73,0,371,0,283,275,269,17,1,17,0,-203,0,240,-12,161,6
37113,8.35,P,32,0,557,0,0,103,56,0,T,51,0,518,0,3,105,113,4,0,19,0,-39,0,3,2,57,4
37114,9.59,T,54,0,942,0,1,112,98,2,P,65,0,497,0,121,141,111,19,0,11,0,-445,0,120,29,13,17
37115,7.58,Z,31,1,172,0,35,173,121,4,T,51,4,412,0,39,94,65,0,1,20,3,240,0,4,-79,-56,-4
37116,4.42,P,37,0,263,0,185,143,61,7,Z,30,0,371,0,58,145,100,5,0,-7,0,108,0,-127,2,39,-2
37117,2.53,P,12,1,112,0,115,66,73,2,T,11,0,238,0,3,28,29,3,1,-1,-1,126,0,-112,-38,-44,1
37118,3.27,Z,9,1,79,0,108,61,141,2,P,13,0,200,0,47,44,82,2,0,4,-1,121,0,-61,-17,-59,0
37119,7.04,Z,37,4,281,0,38,289,182,1,Z,35,0,589,0,373,199,150,4,1,-2,-4,308,0,335,-90,-32,3
37120,8.1,T,71,2,386,0,61,271,80,8,P,72,1,274,0,79,138,52,7,1,1,-1,-112,0,18,-133,-28,-1
37121,9.07,P,52,0,506,0,58,337,91,12,Z,58,0,416,0,2,188,243,1,0,6,0,-90,0,-56,-149,152,-11
37122,7.55,Z,56,7,633,0,301,145,200,3,P,72,2,394,0,258,196,108,2,1,16,-5,-239,0,-43,51,-92,-1
37123,2.09,T,7,0,114,0,30,19,54,6,Z,8,1,117,0,10,13,29,1,0,1,1,3,0,-20,-6,-25,-5
37124,4.42,P,17,0,109,0,7,81,32,2,Z,30,0,127,0,274,95,71,8,1,13,0,18,0,267,14,39,6
37125,4.47,P,16,0,245,0,14,91,17,1,P,20,2,215,0,1,39,23,0,1,4,2,-30,0,-13,-52,6,-1
37126,9.59,Z,72,12,673,0,56,77,220,0,T,90,5,676,0,127,171,150,8,0,18,-7,3,0,71,94,-70,8
37127,9.59,Z,61,4,787,0,41,110,222,2,T,76,3,943,0,10,157,103,0,0,15,-1,156,0,-31,47,-119,-2
37128,5.38,Z,31,4,335,0,19,100,67,0,Z,25,6,242,3,266,157,102,2,0,-6,2,-93,3,247,57,35,2
37129,7.41,Z,37,0,254,0,3,65,102,0,T,26,0,355,0,0,39,53,0,0,-11,0,101,0,-3,-26,-49,0
37130,5.05,T,31,2,176,0,12,171,37,1,P,27,0,70,0,5,74,42,3,1,-4,-2,-106,0,-7,-97,5,2
37131,5.48,T,43,0,223,0,146,223,67,5,T,58,4,449,2,77,159,66,3,1,15,4,226,2,-69,-64,-1,-2
37132,9.59,T,69,3,1119,0,51,92,78,1,P,59,3,540,0,32,192,77,7,0,-10,0,-579,0,-19,100,-1,6
37133,3.25,P,13,1,189,0,32,39,12,5,Z,13,0,286,0,278,13,49,4,1,0,-1,97,0,246,-26,37,-1
37134,8.55,T,47,0,368,0,3,13,76,0,P,36,0,551,0,0,147,81,1,1,-11,0,183,0,-3,134,5,1
37135,9.59,T,169,6,522,0,693,337,250,19,Z,91,11,819,0,576,333,313,13,0,-78,5,297,0,-117,-4,63,-6
37136,6.24,Z,26,0,595,0,33,59,93,2,Z,32,3,179,0,16,87,81,0,1,6,3,-416,0,-17,28,-12,-2
37137,9.14,P,48,5,336,0,36,131,97,4,P,53,0,393,20,157,181,132,1,1,5,-5,57,20,121,50,35,-3
37138,8.29,Z,54,8,539,0,987,218,217,10,Z,51,7,192,3,45,201,239,4,0,-3,-1,-347,3,-942,-17,22,-6
37139,3.5,T,18,0,632,0,0,33,49,5,P,18,2,131,0,0,51,49,0,1,0,2,-501,0,0,18,0,-5
37140,9.58,P,50,0,832,0,0,160,62,0,T,38,0,740,0,35,98,98,4,0,-12,0,-92,0,35,-62,36,4
37141,9.58,T,45,2,340,0,3,156,96,0,P,36,0,146,0,0,174,21,0,1,-9,-2,-194,0,-3,18,-75,0
37142,9.52,Z,92,10,329,0,494,263,298,0,T,117,0,541,0,147,287,106,17,0,25,-10,212,0,-347,24,-192,17
37143,5.48,P,41,6,337,3,229,204,150,2,Z,35,0,190,0,87,76,154,1,0,-6,-6,-147,-3,-142,-128,4,-1
37144,9.58,T,75,2,506,0,47,177,91,5,T,74,0,629,0,174,161,222,13,1,-1,-2,123,0,127,-16,131,8
37145,5.53,Z,20,0,236,0,0,112,67,0,Z,21,0,277,0,0,32,62,0,0,1,0,41,0,0,-80,-5,0
37146,10.02,Z,71,0,446,0,33,58,209,4,T,64,0,603,0,9,42,82,2,0,-7,0,157,0,-24,-16,-127,-2
37147,6.05,Z,33,24,115,0,19,148,225,0,Z,47,11,331,0,30,212,165,5,0,14,-13,216,0,11,64,-60,5
37148,9.58,Z,38,0,778,0,10,163,167,1,T,87,0,653,0,47,153,132,5,1,49,0,-125,0,37,-10,-35,4
37149,7.31,T,84,0,492,0,369,178,205,10,P,68,1,429,0,48,211,48,7,0,-16,1,-63,0,-321,33,-157,-3
37150,6.5,P,32,3,438,0,42,229,110,2,Z,40,2,449,0,361,68,339,3,1,8,-1,11,0,319,-161,229,1
37151,7.27,P,30,0,310,0,0,54,43,0,Z,31,0,188,0,2,39,95,2,0,1,0,-122,0,2,-15,52,2
37152,5.19,Z,16,0,152,0,0,67,61,0,T,28,0,615,0,18,119,68,10,0,12,0,463,0,18,52,7,10
37153,9.59,Z,42,0,557,0,11,140,154,4,T,55,3,628,0,12,139,108,5,1,13,3,71,0,1,-1,-46,1
37154,3.48,P,31,0,174,0,193,167,59,4,T,15,0,225,0,6,19,24,2,1,-16,0,51,0,-187,-148,-35,-2
37155,6.34,T,22,0,287,0,0,23,49,0,T,36,0,362,0,75,77,37,4,0,14,0,75,0,75,54,-12,4
37156,9.56,P,36,0,237,0,0,89,54,0,T,86,1,783,0,105,329,195,11,1,50,1,546,0,105,240,141,11
37157,7.09,Z,45,0,217,0,7,122,169,5,Z,46,1,312,0,244,183,226,8,1,1,1,95,0,237,61,57,3
37158,8.34,Z,33,3,372,1,17,79,118,0,Z,50,0,382,0,20,119,140,1,1,17,-3,10,-1,3,40,22,1
37159,7,Z,34,0,331,0,23,86,95,4,T,52,0,351,0,9,157,66,5,0,18,0,20,0,-14,71,-29,1
37160,2.35,Z,12,0,22,0,180,62,188,2,T,14,10,77,0,59,80,69,0,1,2,10,55,0,-121,18,-119,-2
37161,10.4,Z,43,0,805,0,0,302,214,0,T,43,0,579,0,0,255,116,0,0,0,0,-226,0,0,-47,-98,0
37162,6.3,Z,37,14,209,3,407,268,189,6,Z,32,3,522,0,24,237,176,0,0,-5,-11,313,-3,-383,-31,-13,-6
37163,6.5,T,27,0,378,0,0,140,40,0,Z,21,0,236,0,2,39,93,1,0,-6,0,-142,0,2,-101,53,1
37164,8.32,T,66,6,755,0,48,280,102,5,T,69,5,479,0,119,159,109,6,1,3,-1,-276,0,71,-121,7,1
37165,4.38,Z,32,2,163,0,242,193,220,13,Z,25,6,156,1,141,193,144,4,0,-7,4,-7,1,-101,0,-76,-9
37166,9.5,Z,46,4,646,0,54,72,140,0,P,22,0,407,0,0,64,62,0,0,-24,-4,-239,0,-54,-8,-78,0
37167,6.16,Z,38,4,314,0,194,122,268,3,T,45,3,222,0,1011,57,52,8,0,7,-1,-92,0,817,-65,-216,5
37168,10.53,Z,60,10,203,0,458,136,287,4,P,51,6,843,0,24,112,129,2,0,-9,-4,640,0,-434,-24,-158,-2
37169,9.59,Z,74,3,459,0,243,262,261,3,Z,77,6,489,0,142,116,203,3,0,3,3,30,0,-101,-146,-58,0
37170,10.41,T,107,6,698,0,63,292,134,1,T,116,0,907,0,229,169,96,9,1,9,-6,209,0,166,-123,-38,8
37171,1.38,Z,6,0,6,0,2,38,22,2,P,2,0,25,0,0,33,1,0,1,-4,0,19,0,-2,-5,-21,-2
37172,7.45,T,51,3,233,0,194,140,251,3,Z,41,0,451,0,81,320,237,4,0,-10,-3,218,0,-113,180,-14,1
37173,9.14,T,33,0,509,0,0,60,70,0,P,47,0,569,2,39,171,78,5,1,14,0,60,2,39,111,8,5
37174,4.49,T,28,0,163,0,4,55,66,3,Z,39,5,478,0,141,100,170,1,1,11,5,315,0,137,45,104,-2
37175,5.44,Z,40,2,181,0,23,170,105,0,Z,34,11,131,11,251,151,164,5,1,-6,9,-50,11,228,-19,59,5
37176,9.3,P,84,0,538,23,472,238,195,1,Z,68,4,339,0,500,243,282,13,0,-16,4,-199,-23,28,5,87,12
37177,9.59,Z,60,1,510,0,14,125,185,2,Z,38,0,399,0,27,135,126,3,0,-22,-1,-111,0,13,10,-59,1
37178,2.38,P,7,0,201,0,15,37,4,2,T,9,0,127,0,1,9,15,2,1,2,0,-74,0,-14,-28,11,0
37179,9.59,T,85,0,657,0,435,137,110,20,P,63,0,857,0,13,224,87,2,1,-22,0,200,0,-422,87,-23,-18
37180,7.47,Z,41,4,441,0,126,217,284,1,T,48,2,565,0,89,191,173,3,1,7,-2,124,0,-37,-26,-111,2
37181,9.52,Z,75,0,328,0,78,235,295,8,T,71,13,466,2,195,285,141,5,0,-4,13,138,2,117,50,-154,-3
37182,9.59,T,49,0,476,0,0,63,130,0,P,54,11,677,0,33,115,87,0,1,5,11,201,0,33,52,-43,0
37183,8.44,T,83,2,470,0,266,224,104,9,Z,55,0,650,0,132,160,294,5,1,-28,-2,180,0,-134,-64,190,-4
37184,9.59,T,30,0,410,0,0,48,59,0,P,40,0,524,0,0,114,77,5,1,10,0,114,0,0,66,18,5
37185,5.04,T,31,3,376,0,18,87,54,2,Z,28,3,316,0,12,103,104,0,0,-3,0,-60,0,-6,16,50,-2
37186,10.06,T,100,0,578,0,37,363,140,10,T,93,0,506,0,40,355,107,4,0,-7,0,-72,0,3,-8,-33,-6
37187,10.41,Z,79,0,857,17,124,307,246,2,T,120,5,444,0,253,286,198,1,1,41,5,-413,-17,129,-21,-48,-1
37188,6.3,T,60,5,314,36,162,158,172,11,Z,46,4,306,0,621,161,213,7,0,-14,-1,-8,-36,459,3,41,-4
37189,9.59,T,115,6,540,0,457,268,131,9,Z,82,0,575,20,338,174,264,0,1,-33,-6,35,20,-119,-94,133,-9
37190,6.17,Z,21,0,157,0,1,87,91,1,P,19,0,52,0,0,22,35,1,1,-2,0,-105,0,-1,-65,-56,0
37191,10.03,P,45,3,395,0,1,196,107,1,P,46,0,304,0,15,143,63,4,0,1,-3,-91,0,14,-53,-44,3
37192,6.51,T,37,0,283,0,5,158,127,2,T,63,2,485,0,482,195,272,15,1,26,2,202,0,477,37,145,13
37193,0.18,P,1,0,18,0,5,2,11,0,T,2,0,13,0,0,5,13,0,0,1,0,-5,0,-5,3,2,0
37194,9.59,P,48,0,600,0,0,225,88,0,P,44,2,737,0,7,142,63,3,1,-4,2,137,0,7,-83,-25,3
37195,3.04,Z,14,0,165,0,42,102,62,4,T,17,4,120,0,118,37,58,2,1,3,4,-45,0,76,-65,-4,-2
37196,4.04,P,17,2,194,0,146,50,17,3,T,16,3,256,0,101,47,29,0,1,-1,1,62,0,-45,-3,12,-3
37197,9.58,Z,42,0,669,0,48,215,174,3,T,74,0,597,0,21,169,146,8,1,32,0,-72,0,-27,-46,-28,5
37198,9.59,T,76,10,202,0,273,111,380,4,T,42,5,439,0,71,54,61,1,0,-34,-5,237,0,-202,-57,-319,-3
37199,8.01,Z,47,0,376,0,241,226,161,14,Z,46,5,297,0,269,152,207,0,1,-1,5,-79,0,28,-74,46,-14
37200,7.15,T,57,1,378,0,39,176,117,3,P,44,0,296,0,37,233,103,4,0,-13,-1,-82,0,-2,57,-14,1
37201,9.59,Z,66,9,519,0,364,504,293,1,T,112,0,557,0,680,274,72,9,0,46,-9,38,0,316,-230,-221,8
37202,9.59,Z,53,2,282,0,315,124,317,3,P,26,0,753,0,0,117,53,3,0,-27,-2,471,0,-315,-7,-264,0
37203,7.41,T,68,3,569,0,49,231,59,7,Z,51,2,670,0,203,268,161,5,0,-17,-1,101,0,154,37,102,-2
37204,5.32,Z,33,5,209,0,142,43,170,0,T,34,0,496,0,12,17,27,1,1,1,-5,287,0,-130,-26,-143,1
37205,9.57,P,68,2,400,0,136,226,60,8,T,70,1,741,0,15,214,132,3,1,2,-1,341,0,-121,-12,72,-5
37206,9.59,T,147,0,463,0,550,293,268,23,Z,74,10,591,0,72,198,268,5,0,-73,10,128,0,-478,-95,0,-18
37207,9.59,Z,76,0,579,0,0,82,288,3,T,82,0,730,0,4,169,170,2,0,6,0,151,0,4,87,-118,-1
37208,9.59,T,73,4,525,0,6,147,112,0,P,69,7,372,0,504,260,92,8,0,-4,3,-153,0,498,113,-20,8
37209,9.59,T,145,0,432,0,645,242,237,24,P,90,8,637,0,313,241,280,8,1,-55,8,205,0,-332,-1,43,-16
37210,0.37,T,3,0,6,0,0,5,2,0,Z,3,0,20,0,43,7,52,2,1,0,0,14,0,43,2,50,2
37211,9.58,T,98,6,578,0,474,252,144,16,T,124,0,372,0,316,249,185,15,0,26,-6,-206,0,-158,-3,41,-1
37212,9.59,T,41,0,475,0,18,49,71,5,Z,65,0,568,0,71,122,161,13,1,24,0,93,0,53,73,90,8
37213,9.56,Z,45,2,344,0,17,85,167,1,T,81,5,731,0,74,217,116,2,1,36,3,387,0,57,132,-51,1
37214,9.31,T,96,0,593,0,26,198,119,4,T,117,0,647,0,176,343,143,13,1,21,0,54,0,150,145,24,9
37215,2.41,T,9,2,64,0,96,47,39,1,T,4,0,244,0,2,31,9,1,1,-5,-2,180,0,-94,-16,-30,0
37216,6.48,T,57,5,527,0,363,226,111,0,Z,37,0,280,0,22,92,133,2,0,-20,-5,-247,0,-341,-134,22,2
37217,8.58,T,88,5,932,0,112,259,137,6,P,64,8,546,0,304,292,206,0,1,-24,3,-386,0,192,33,69,-6
37218,1.34,P,6,2,55,0,0,19,5,0,P,5,1,127,0,2,5,3,2,1,-1,-1,72,0,2,-14,-2,2
37219,5.32,T,28,0,140,0,1,111,95,1,Z,19,0,319,0,18,31,70,5,1,-9,0,179,0,17,-80,-25,4
37220,10.14,T,107,7,496,2,382,426,194,14,Z,102,0,361,0,373,245,286,25,0,-5,-7,-135,-2,-9,-181,92,11
37221,3.47,T,24,0,101,0,23,152,99,4,P,17,0,189,0,135,76,57,7,1,-7,0,88,0,112,-76,-42,3
37222,10.39,T,61,0,328,0,10,83,73,3,P,45,0,837,0,0,148,113,1,1,-16,0,509,0,-10,65,40,-2
37223,7.37,P,39,3,219,0,20,89,43,3,P,46,1,254,0,24,129,56,0,1,7,-2,35,0,4,40,13,-3
37224,7.45,P,29,0,230,0,0,46,53,1,P,30,9,334,0,37,46,40,2,0,1,9,104,0,37,0,-13,1
37225,10.57,T,84,0,800,0,394,197,101,9,T,99,0,644,0,211,160,263,10,0,15,0,-156,0,-183,-37,162,1
37226,9.17,P,41,4,621,0,63,118,70,4,Z,66,0,675,0,12,85,213,0,0,25,-4,54,0,-51,-33,143,-4
37227,7.42,Z,64,6,296,3,813,182,229,4,T,103,0,403,0,277,427,217,17,0,39,-6,107,-3,-536,245,-12,13
37228,9.59,P,123,6,575,1,265,362,174,8,P,135,0,488,0,553,398,315,29,0,12,-6,-87,-1,288,36,141,21
37229,9.59,T,129,0,600,0,250,297,105,22,Z,122,16,588,3,150,260,295,1,0,-7,16,-12,3,-100,-37,190,-21
37230,10.21,T,68,0,754,0,36,74,270,10,P,52,1,700,0,801,204,291,13,0,-16,1,-54,0,765,130,21,3
37231,9.59,Z,37,1,344,0,12,156,175,1,T,73,1,707,0,288,205,163,8,0,36,0,363,0,276,49,-12,7
37232,4.58,P,27,0,206,0,28,229,13,1,P,16,0,396,0,0,97,73,0,0,-11,0,190,0,-28,-132,60,-1
37233,8.48,Z,36,0,605,0,233,136,173,3,P,42,0,337,0,18,97,84,6,1,6,0,-268,0,-215,-39,-89,3
37234,2.26,P,12,0,125,4,2,45,25,0,Z,10,0,119,0,4,23,21,1,1,-2,0,-6,-4,2,-22,-4,1
37235,2.37,Z,10,0,93,0,0,25,23,1,P,14,1,99,0,0,37,19,0,0,4,1,6,0,0,12,-4,-1
37236,10.42,T,67,9,642,2,63,276,97,0,T,118,3,418,0,69,355,122,19,1,51,-6,-224,-2,6,79,25,19
37237,7.32,Z,41,0,314,0,20,139,116,1,Z,39,1,575,0,22,87,123,1,1,-2,1,261,0,2,-52,7,0
37238,9.59,T,58,1,777,0,9,224,117,7,T,58,2,310,0,5,211,65,0,1,0,1,-467,0,-4,-13,-52,-7
37239,2.39,Z,12,0,61,0,46,31,65,1,Z,6,0,128,0,13,44,118,17,1,-6,0,67,0,-33,13,53,16
37240,10.48,Z,69,0,525,0,41,114,269,4,P,64,11,445,0,50,304,123,7,0,-5,11,-80,0,9,190,-146,3
37241,6.43,P,31,0,626,0,32,155,44,6,Z,27,1,398,1,0,57,123,0,0,-4,1,-228,1,-32,-98,79,-6
37242,7.47,P,75,6,401,0,365,272,267,6,T,49,0,335,0,205,201,65,13,0,-26,-6,-66,0,-160,-71,-202,7
37243,9.59,T,51,2,500,0,11,61,77,0,P,38,0,818,0,0,97,78,0,1,-13,-2,318,0,-11,36,1,0
37244,9.58,T,48,2,432,0,4,108,76,0,T,60,0,412,0,2,100,127,0,1,12,-2,-20,0,-2,-8,51,0
37245,8.34,T,50,0,358,0,60,119,66,3,T,30,0,495,0,1,46,69,3,0,-20,0,137,0,-59,-73,3,0
37246,8.59,Z,65,2,942,0,641,118,155,3,T,57,0,534,0,1,121,84,0,0,-8,-2,-408,0,-640,3,-71,-3
37247,6.4,Z,54,0,583,0,89,171,176,7,T,66,0,257,0,548,152,185,9,0,12,0,-326,0,459,-19,9,2
37248,9.58,Z,62,7,766,0,46,146,255,0,P,42,0,703,0,19,165,58,7,1,-20,-7,-63,0,-27,19,-197,7
37249,4.38,P,23,0,215,0,356,157,79,10,Z,25,2,295,5,123,91,122,0,0,2,2,80,5,-233,-66,43,-10
37250,9.25,T,60,0,476,0,22,174,115,13,Z,50,0,300,0,11,92,209,2,0,-10,0,-176,0,-11,-82,94,-11
37251,10.42,P,59,4,820,0,119,287,92,8,T,63,3,701,0,841,113,97,3,0,4,-1,-119,0,722,-174,5,-5
37252,10.14,P,60,1,462,0,49,188,65,8,Z,52,1,460,1,73,235,308,4,0,-8,0,-2,1,24,47,243,-4
37253,9.58,P,72,0,309,0,28,286,90,8,P,46,0,675,0,9,184,138,2,0,-26,0,366,0,-19,-102,48,-6
37254,7.57,T,109,0,275,24,337,216,248,2,Z,53,3,167,0,19,151,130,0,0,-56,3,-108,-24,-318,-65,-118,-2
37255,6.52,Z,31,2,311,0,25,44,79,0,P,41,0,222,0,29,134,73,5,0,10,-2,-89,0,4,90,-6,5
37256,7.37,T,76,0,296,0,71,113,109,7,P,63,2,429,0,393,243,126,3,0,-13,2,133,0,322,130,17,-4
37257,7.16,T,47,3,211,0,84,214,142,0,T,52,5,320,0,454,148,136,11,1,5,2,109,0,370,-66,-6,11
37258,9.59,Z,46,0,234,0,0,54,120,0,P,36,1,491,0,126,187,85,5,0,-10,1,257,0,126,133,-35,5
37259,4.28,T,30,0,221,0,226,114,57,5,Z,23,2,268,0,20,66,86,2,0,-7,2,47,0,-206,-48,29,-3
37260,8.39,Z,93,8,584,0,86,321,184,12,T,87,2,431,0,42,218,106,4,0,-6,-6,-153,0,-44,-103,-78,-8
37261,9.59,T,26,0,468,0,1,321,53,1,T,42,1,356,0,3,273,96,0,1,16,1,-112,0,2,-48,43,-1
37262,9.59,T,43,0,523,0,0,165,135,0,T,62,0,257,0,10,81,86,10,1,19,0,-266,0,10,-84,-49,10
37263,9.31,P,52,6,722,1,47,174,73,0,T,42,5,569,0,5,25,52,0,0,-10,-1,-153,-1,-42,-149,-21,0
37264,5.13,P,24,0,370,0,6,37,22,3,Z,26,0,316,0,10,187,91,3,0,2,0,-54,0,4,150,69,0
37265,9.56,P,74,0,363,0,171,303,193,11,P,108,0,457,0,447,445,288,18,1,34,0,94,0,276,142,95,7
37266,9.59,T,144,0,546,0,154,222,161,8,Z,91,19,468,0,485,261,192,13,0,-53,19,-78,0,331,39,31,5
37267,3.16,Z,11,0,68,4,368,15,45,0,T,12,2,225,0,12,25,20,0,1,1,2,157,-4,-356,10,-25,0
37268,9.11,T,81,0,266,0,23,355,216,2,Z,58,4,284,0,226,188,207,3,0,-23,4,18,0,203,-167,-9,1
37269,8.05,P,33,0,311,0,0,99,56,2,T,47,2,591,0,5,189,77,0,1,14,2,280,0,5,90,21,-2
37270,4.19,T,33,0,157,0,452,99,30,5,P,21,0,105,0,256,147,127,4,1,-12,0,-52,0,-196,48,97,-1
37271,3.24,Z,12,0,153,0,20,27,48,2,T,16,0,71,0,13,19,16,1,1,4,0,-82,0,-7,-8,-32,-1
37272,9.59,T,106,0,356,0,75,313,168,7,T,107,3,336,0,1254,211,175,12,0,1,3,-20,0,1179,-102,7,5
37273,5.55,P,24,0,209,2,2,78,60,0,P,21,7,229,0,403,97,31,4,0,-3,7,20,-2,401,19,-29,4
37274,6.17,Z,36,1,389,0,54,47,102,0,P,30,0,480,0,104,234,61,7,1,-6,-1,91,0,50,187,-41,7
37275,1.08,T,5,0,19,0,16,29,8,3,Z,3,0,102,0,0,2,15,0,0,-2,0,83,0,-16,-27,7,-3
37276,9.59,P,66,0,451,0,698,194,57,8,Z,58,22,780,0,19,175,194,0,0,-8,22,329,0,-679,-19,137,-8
37277,5.35,P,45,0,229,0,215,203,44,12,Z,29,0,432,0,74,216,140,4,0,-16,0,203,0,-141,13,96,-8
37278,9.59,T,57,0,810,0,13,152,111,7,Z,52,2,545,0,39,209,159,3,0,-5,2,-265,0,26,57,48,-4
37279,9.27,T,55,3,449,0,56,181,129,0,Z,68,4,596,0,326,301,454,12,1,13,1,147,0,270,120,325,12
37280,9.11,Z,57,2,694,0,69,247,201,2,T,100,5,299,0,68,282,68,9,1,43,3,-395,0,-1,35,-133,7
37281,9.59,Z,32,0,400,0,5,58,124,2,Z,33,0,325,0,19,31,137,2,0,1,0,-75,0,14,-27,13,0
37282,5.12,Z,34,2,199,0,122,116,186,3,Z,34,0,238,0,85,181,218,3,1,0,-2,39,0,-37,65,32,0
37283,9.58,P,73,9,335,0,341,220,161,9,T,116,0,831,0,153,269,236,36,1,43,-9,496,0,-188,49,75,27
37284,9.58,T,63,0,629,0,19,286,102,5,T,45,0,421,0,1,78,83,2,0,-18,0,-208,0,-18,-208,-19,-3
37285,5.06,P,32,0,316,0,28,124,27,3,P,26,0,189,0,88,129,34,5,1,-6,0,-127,0,60,5,7,2
37286,10.55,Z,96,0,595,0,105,273,255,5,T,50,0,512,0,33,274,205,9,1,-46,0,-83,0,-72,1,-50,4
37287,9.58,T,104,6,536,1,144,249,199,11,T,117,11,544,0,153,302,252,15,1,13,5,8,-1,9,53,53,4
37288,4.59,T,30,0,191,0,8,108,46,2,Z,27,0,391,0,0,34,83,0,0,-3,0,200,0,-8,-74,37,-2
37289,9.59,Z,52,3,436,0,53,214,166,12,Z,55,3,330,0,20,394,183,13,0,3,0,-106,0,-33,180,17,1
37290,0.56,Z,2,0,73,0,51,28,28,2,P,4,0,37,0,27,14,11,7,0,2,0,-36,0,-24,-14,-17,5
37291,6.57,T,42,0,281,0,681,142,165,9,P,61,0,548,0,213,232,72,6,1,19,0,267,0,-468,90,-93,-3
37292,7.4,T,38,4,599,0,0,37,91,0,T,42,0,640,0,1,137,112,2,0,4,-4,41,0,1,100,21,2
37293,9.58,P,76,6,623,0,367,205,265,4,Z,95,0,539,0,63,225,256,5,1,19,-6,-84,0,-304,20,-9,1
37294,9.28,Z,45,0,521,0,445,310,167,13,Z,74,2,664,0,177,157,332,7,0,29,2,143,0,-268,-153,165,-6
37295,1.33,T,4,0,61,0,3,1,5,0,P,3,0,31,0,0,1,9,0,1,-1,0,-30,0,-3,0,4,0
37296,2.43,Z,8,0,60,0,211,47,101,2,Z,14,0,153,0,209,75,46,6,1,6,0,93,0,-2,28,-55,4
37297,10.16,T,89,0,281,0,234,250,257,12,P,72,1,751,0,548,293,109,28,0,-17,1,470,0,314,43,-148,16
37298,9.59,Z,72,11,450,0,130,237,226,2,T,71,0,495,0,64,219,81,9,0,-1,-11,45,0,-66,-18,-145,7
37299,7.51,Z,39,2,512,0,655,251,137,3,P,41,7,337,0,71,95,75,3,0,2,5,-175,0,-584,-156,-62,0
37300,6.54,T,43,0,230,0,3,143,85,0,Z,39,0,339,0,52,106,115,0,0,-4,0,109,0,49,-37,30,0
37301,9.57,T,45,0,789,0,7,27,60,3,P,34,0,261,0,0,74,51,0,1,-11,0,-528,0,-7,47,-9,-3
37302,7.5,T,85,7,479,0,550,222,118,8,T,91,3,426,0,174,244,229,9,0,6,-4,-53,0,-376,22,111,1
37303,10.46,T,50,2,589,0,40,97,82,1,T,67,0,708,0,8,200,150,8,1,17,-2,119,0,-32,103,68,7
37304,9.59,Z,93,15,661,0,120,157,265,6,T,150,8,458,0,912,291,172,16,0,57,-7,-203,0,792,134,-93,10
37305,2.57,T,14,1,156,0,8,85,23,2,P,21,3,115,0,162,122,31,2,1,7,2,-41,0,154,37,8,0
37306,8.3,T,87,4,554,0,353,334,188,2,P,101,0,746,0,308,281,154,9,1,14,-4,192,0,-45,-53,-34,7
37307,10.05,Z,83,9,286,0,294,196,331,3,P,59,0,502,0,48,243,125,7,0,-24,-9,216,0,-246,47,-206,4
37308,9.58,P,41,0,432,0,3,279,68,3,P,26,0,490,7,10,77,55,0,1,-15,0,58,7,7,-202,-13,-3
37309,6.57,P,30,0,320,0,0,72,86,0,P,32,1,170,0,25,263,45,11,1,2,1,-150,0,25,191,-41,11
37310,3.53,T,25,0,112,0,305,86,158,6,T,24,1,165,0,23,79,55,7,1,-1,1,53,0,-282,-7,-103,1
37311,8.58,T,89,0,621,0,291,397,140,24,T,64,0,349,0,102,352,134,13,0,-25,0,-272,0,-189,-45,-6,-11
37312,9.57,T,79,1,616,0,35,62,87,3,Z,44,3,394,0,28,120,137,1,1,-35,2,-222,0,-7,58,50,-2
37313,3.15,T,11,2,343,0,6,66,19,0,T,15,0,120,0,1,94,38,2,1,4,-2,-223,0,-5,28,19,2
37314,9.55,P,67,0,618,0,80,178,62,12,Z,67,0,502,0,132,208,191,6,1,0,0,-116,0,52,30,129,-6
37315,3.36,T,19,1,85,0,152,61,42,4,T,17,3,164,0,622,37,58,3,1,-2,2,79,0,470,-24,16,-1
37316,3.27,T,9,0,165,0,56,43,69,3,P,9,0,241,0,11,60,13,0,1,0,0,76,0,-45,17,-56,-3
37317,9.41,P,34,0,619,0,12,197,98,5,T,69,4,571,0,59,42,73,4,0,35,4,-48,0,47,-155,-25,-1
37318,9.59,Z,67,11,560,0,70,285,293,2,T,114,0,562,0,435,341,339,26,1,47,-11,2,0,365,56,46,24
37319,9.59,T,79,0,624,0,143,163,147,17,P,64,0,777,0,29,325,68,12,1,-15,0,153,0,-114,162,-79,-5
37320,10.28,Z,66,5,421,2,93,89,203,0,T,102,4,928,0,141,160,275,7,1,36,-1,507,-2,48,71,72,7
37321,9.59,T,40,0,291,0,0,20,59,0,T,40,0,439,0,0,65,69,0,0,0,0,148,0,0,45,10,0
37322,8.18,P,39,2,643,0,15,146,56,1,T,47,0,367,0,1,179,77,2,1,8,-2,-276,0,-14,33,21,1
37323,9.42,Z,48,0,445,0,18,103,135,5,T,61,0,337,0,0,164,129,1,0,13,0,-108,0,-18,61,-6,-4
37324,7.52,P,44,0,258,0,110,129,89,3,T,82,0,364,0,606,168,129,13,1,38,0,106,0,496,39,40,10
37325,9.46,P,62,0,463,0,16,216,140,4,T,50,5,485,0,14,288,175,0,0,-12,5,22,0,-2,72,35,-4
37326,7.2,T,51,2,343,0,50,191,138,3,T,29,6,524,0,14,31,46,2,0,-22,4,181,0,-36,-160,-92,-1
37327,4.05,T,28,1,174,0,122,85,52,1,Z,24,2,208,0,58,94,58,3,1,-4,1,34,0,-64,9,6,2
37328,8.46,Z,46,4,495,0,116,269,277,2,P,93,4,308,0,132,321,139,7,1,47,0,-187,0,16,52,-138,5
37329,9.59,Z,69,0,298,0,78,73,177,10,P,38,0,431,0,19,289,69,4,0,-31,0,133,0,-59,216,-108,-6
37330,9.24,P,65,1,607,0,17,167,221,1,T,94,0,620,0,324,353,106,11,0,29,-1,13,0,307,186,-115,10
37331,4.18,P,18,1,267,0,7,90,36,0,T,17,0,299,0,235,86,51,8,0,-1,-1,32,0,228,-4,15,8
37332,9.59,T,84,4,504,0,473,241,113,11,Z,89,15,437,0,313,470,557,0,1,5,11,-67,0,-160,229,444,-11
37333,4.46,P,21,0,140,0,8,45,28,2,T,25,0,306,0,84,161,36,2,1,4,0,166,0,76,116,8,0
37334,2.28,P,7,0,251,0,318,32,18,2,P,12,0,54,0,0,30,18,2,1,5,0,-197,0,-318,-2,0,0
37335,2.33,T,12,0,33,0,15,30,15,3,T,8,0,155,0,213,88,98,5,1,-4,0,122,0,198,58,83,2
37336,10.51,P,42,0,1050,0,0,47,79,0,Z,45,3,142,0,3,30,159,0,0,3,3,-908,0,3,-17,80,0
37337,6.41,P,59,5,281,0,117,217,99,11,Z,54,26,200,0,215,156,166,8,1,-5,21,-81,0,98,-61,67,-3
37338,8.04,P,41,1,275,0,53,235,112,0,P,43,0,412,0,6,190,95,2,0,2,-1,137,0,-47,-45,-17,2
37339,6.47,T,27,0,324,0,1,15,48,1,T,26,0,625,0,3,28,36,5,1,-1,0,301,0,2,13,-12,4
37340,4.01,P,16,0,145,0,4,37,24,3,P,14,0,163,0,0,43,28,0,1,-2,0,18,0,-4,6,4,-3
37341,5.41,T,38,5,449,0,3,38,211,0,Z,22,1,338,0,7,81,152,1,0,-16,-4,-111,0,4,43,-59,1
37342,9.17,P,31,8,754,0,21,198,69,0,P,48,0,529,0,6,218,78,2,1,17,-8,-225,0,-15,20,9,2
37343,9.58,Z,59,0,598,0,28,118,243,3,Z,61,5,633,0,44,84,148,4,1,2,5,35,0,16,-34,-95,1
37344,10.07,Z,53,9,366,0,154,310,313,6,P,57,3,659,0,42,142,54,2,1,4,-6,293,0,-112,-168,-259,-4
37345,6.06,Z,58,0,487,0,400,325,260,15,T,58,0,198,0,256,153,93,13,1,0,0,-289,0,-144,-172,-167,-2
37346,3.35,T,21,0,177,0,133,136,67,8,T,16,0,150,0,326,89,37,9,1,-5,0,-27,0,193,-47,-30,1
37347,2.46,P,10,0,257,0,6,59,12,0,P,13,0,208,0,115,16,21,1,1,3,0,-49,0,109,-43,9,1
37348,10.08,Z,116,10,389,0,791,210,316,11,T,164,3,565,0,945,218,186,18,0,48,-7,176,0,154,8,-130,7
37349,10.49,P,32,0,594,0,20,256,72,6,P,59,2,692,0,18,374,93,5,1,27,2,98,0,-2,118,21,-1
37350,9.59,T,74,4,644,1,327,160,177,2,Z,83,0,478,0,107,265,324,5,1,9,-4,-166,-1,-220,105,147,3
37351,5.28,P,23,0,318,0,0,87,45,0,Z,23,0,291,0,4,83,68,3,1,0,0,-27,0,4,-4,23,3
37352,8.32,T,50,0,535,0,4,66,49,2,P,37,0,492,0,18,34,42,2,0,-13,0,-43,0,14,-32,-7,0
37353,10.48,T,119,8,663,0,877,231,193,12,Z,92,0,528,13,125,286,304,4,1,-27,-8,-135,13,-752,55,111,-8
37354,0.31,T,3,0,32,0,0,5,4,1,Z,4,0,1,0,0,2,13,0,0,1,0,-31,0,0,-3,9,-1
37355,6.35,P,28,0,294,0,44,119,34,4,Z,22,3,309,0,65,39,118,0,0,-6,3,15,0,21,-80,84,-4
37356,9.58,T,65,0,568,0,10,205,176,5,Z,41,0,302,0,13,95,193,3,0,-24,0,-266,0,3,-110,17,-2
37357,9.59,P,68,0,504,0,44,259,155,10,T,114,2,538,0,185,328,190,3,0,46,2,34,0,141,69,35,-7
37358,9.59,P,57,3,699,8,54,245,119,0,T,93,6,753,0,55,275,121,3,1,36,3,54,-8,1,30,2,3
37359,9.11,T,45,5,328,0,415,139,55,1,P,43,0,431,0,851,254,124,6,1,-2,-5,103,0,436,115,69,5
37360,3.21,T,10,3,126,0,0,38,23,0,Z,13,2,80,0,10,26,36,1,0,3,-1,-46,0,10,-12,13,1
37361,10.02,Z,93,6,346,0,351,238,325,8,T,86,0,424,0,602,200,193,10,1,-7,-6,78,0,251,-38,-132,2
37362,9.59,T,101,0,520,0,63,154,169,10,Z,73,5,431,0,65,355,407,5,0,-28,5,-89,0,2,201,238,-5
37363,9.58,T,81,6,603,0,41,327,148,6,T,105,5,458,0,58,227,148,3,0,24,-1,-145,0,17,-100,0,-3
37364,8.02,P,26,0,642,0,0,26,44,0,T,38,0,524,0,104,52,40,9,0,12,0,-118,0,104,26,-4,9
37365,7,Z,33,3,233,2,168,116,208,0,P,48,5,691,0,357,166,83,3,1,15,2,458,-2,189,50,-125,3
37366,9.59,T,52,3,348,1,36,81,92,0,P,37,0,797,0,0,69,67,0,1,-15,-3,449,-1,-36,-12,-25,0
37367,9.13,T,70,0,916,0,57,123,91,6,T,83,0,406,0,318,265,352,10,0,13,0,-510,0,261,142,261,4
37368,9.59,Z,80,9,359,0,407,204,314,3,T,69,2,337,0,42,175,102,3,0,-11,-7,-22,0,-365,-29,-212,0
37369,8.45,P,37,0,738,0,1,67,66,2,Z,89,6,396,0,575,248,250,3,1,52,6,-342,0,574,181,184,1
37370,7.57,P,51,2,358,0,463,245,114,6,P,29,8,300,0,7,69,85,1,0,-22,6,-58,0,-456,-176,-29,-5
37371,9.59,Z,40,0,852,0,0,151,183,0,T,40,0,742,0,0,137,108,0,0,0,0,-110,0,0,-14,-75,0
37372,5.11,P,55,0,273,0,47,162,59,9,P,49,0,338,0,104,200,40,4,1,-6,0,65,0,57,38,-19,-5
37373,9.59,P,105,0,521,0,645,358,197,18,Z,116,15,608,0,555,338,378,10,1,11,15,87,0,-90,-20,181,-8
37374,7.11,Z,27,4,360,0,59,54,144,0,P,44,1,342,0,37,69,40,2,0,17,-3,-18,0,-22,15,-104,2
37375,8.05,T,82,6,585,0,289,223,110,8,P,62,1,490,0,10,222,125,1,0,-20,-5,-95,0,-279,-1,15,-7
37376,4.24,P,22,1,252,0,2,193,41,1,Z,21,0,229,0,52,111,113,6,1,-1,-1,-23,0,50,-82,72,5
37377,3.49,T,17,2,389,0,4,54,44,0,P,15,3,91,0,3,46,23,0,1,-2,1,-298,0,-1,-8,-21,0
37378,2.52,P,7,0,98,0,8,53,17,2,P,8,0,146,0,3,35,13,2,1,1,0,48,0,-5,-18,-4,0
37379,7.07,Z,33,0,235,0,0,66,114,0,P,23,0,707,3,15,122,42,2,1,-10,0,472,3,15,56,-72,2
37380,5.18,T,25,1,315,0,45,98,81,4,P,36,0,196,0,7,117,39,2,1,11,-1,-119,0,-38,19,-42,-2
37381,10.18,Z,77,5,518,0,438,264,195,8,Z,83,4,549,0,541,227,501,1,1,6,-1,31,0,103,-37,306,-7
37382,7.15,T,52,0,350,0,69,109,228,6,P,47,0,327,0,293,194,196,5,1,-5,0,-23,0,224,85,-32,-1
37383,9.59,Z,75,14,155,0,124,116,265,5,P,42,5,342,0,22,106,68,0,0,-33,-9,187,0,-102,-10,-197,-5
37384,1.42,P,8,0,31,0,0,26,67,2,P,5,0,200,0,3,33,8,2,1,-3,0,169,0,3,7,-59,0
37385,9.48,Z,63,0,754,0,90,153,213,8,T,69,2,420,0,282,293,92,12,0,6,2,-334,0,192,140,-121,4
37386,9.38,Z,49,1,763,0,36,167,211,0,T,69,9,401,0,284,180,366,7,1,20,8,-362,0,248,13,155,7
37387,9.56,T,52,0,667,0,0,90,122,0,P,56,2,391,0,26,83,53,4,1,4,2,-276,0,26,-7,-69,4
37388,7.57,T,58,8,435,2,59,110,53,1,T,57,2,339,0,1241,98,54,8,1,-1,-6,-96,-2,1182,-12,1,7
37389,9.22,P,59,6,328,0,214,182,85,4,P,68,0,482,0,44,255,74,17,0,9,-6,154,0,-170,73,-11,13
37390,9.59,Z,80,5,514,0,376,205,319,8,T,81,13,897,0,642,247,173,14,0,1,8,383,0,266,42,-146,6
37391,9.45,Z,56,0,449,0,40,136,182,20,Z,58,15,435,0,63,357,356,1,1,2,15,-14,0,23,221,174,-19
37392,3.11,T,19,0,207,0,8,118,62,3,Z,13,0,76,0,7,79,50,0,0,-6,0,-131,0,-1,-39,-12,-3
37393,1.5,P,4,0,42,0,57,38,17,4,T,8,0,174,0,866,20,11,5,0,4,0,132,0,809,-18,-6,1
37394,4.28,P,36,3,158,0,52,69,69,7,T,28,2,102,0,61,72,67,2,0,-8,-1,-56,0,9,3,-2,-5
37395,9.59,T,68,0,509,0,189,309,134,9,T,93,0,693,0,490,225,154,8,0,25,0,184,0,301,-84,20,-1
37396,9.59,T,101,0,425,0,36,256,148,8,P,61,5,366,0,34,256,75,2,0,-40,5,-59,0,-2,0,-73,-6
37397,9.59,T,71,5,570,0,40,270,103,4,P,67,4,389,0,84,135,58,5,1,-4,-1,-181,0,44,-135,-45,1
37398,9.59,P,45,3,407,0,36,208,77,2,Z,52,0,229,0,18,76,162,5,1,7,-3,-178,0,-18,-132,85,3
37399,3.56,Z,18,0,326,0,36,137,135,7,P,14,0,261,0,1,84,124,3,1,-4,0,-65,0,-35,-53,-11,-4
37400,3.5,T,13,0,257,0,2,73,28,2,T,24,3,196,0,14,28,16,0,1,11,3,-61,0,12,-45,-12,-2
37401,7.28,Z,42,3,229,0,12,209,136,0,T,47,0,359,0,21,172,77,4,1,5,-3,130,0,9,-37,-59,4
37402,3.5,T,22,2,90,0,268,137,70,3,Z,17,2,165,0,8,33,85,0,1,-5,0,75,0,-260,-104,15,-3
37403,8.17,P,37,1,475,0,8,134,55,2,Z,30,0,610,0,0,137,88,0,0,-7,-1,135,0,-8,3,33,-2
37404,9.59,T,86,10,776,0,39,182,122,1,Z,77,0,435,0,132,179,281,3,1,-9,-10,-341,0,93,-3,159,2
37405,6.44,Z,35,0,175,0,43,37,98,5,T,35,3,766,0,50,113,59,0,0,0,3,591,0,7,76,-39,-5
37406,6.05,T,19,0,226,0,0,23,27,0,T,41,0,298,0,9,56,49,3,1,22,0,72,0,9,33,22,3
37407,8.12,Z,55,10,261,0,93,187,195,2,Z,59,0,538,0,52,156,234,12,1,4,-10,277,0,-41,-31,39,10
37408,4,T,17,0,256,0,279,36,35,3,T,18,0,181,8,463,67,91,0,0,1,0,-75,8,184,31,56,-3
37409,9.59,P,57,0,680,0,20,146,80,15,T,69,9,628,0,17,226,119,0,0,12,9,-52,0,-3,80,39,-15
37410,9.58,P,50,4,534,0,16,137,116,0,Z,48,0,908,0,43,150,152,6,0,-2,-4,374,0,27,13,36,6
37411,9.59,Z,43,9,601,0,27,26,108,0,T,66,0,527,0,116,187,144,4,1,23,-9,-74,0,89,161,36,4
37412,9.59,T,63,0,788,0,47,140,113,19,T,63,15,513,0,14,143,92,0,1,0,15,-275,0,-33,3,-21,-19
37413,10.02,T,54,10,643,0,14,111,77,1,Z,59,0,706,0,23,79,136,1,0,5,-10,63,0,9,-32,59,0
37414,10.08,T,114,3,290,0,147,355,206,17,Z,86,0,449,0,171,124,254,6,0,-28,-3,159,0,24,-231,48,-11
37415,9.26,T,89,7,513,0,185,275,85,2,Z,57,0,426,0,29,256,189,6,1,-32,-7,-87,0,-156,-19,104,4
37416,3.18,T,17,2,303,0,2,48,78,0,T,12,0,165,0,8,26,24,4,0,-5,-2,-138,0,6,-22,-54,4
37417,4.55,T,30,0,432,0,188,71,30,5,P,21,0,306,0,0,165,47,0,0,-9,0,-126,0,-188,94,17,-5
37418,4.24,P,22,0,225,0,476,55,121,2,P,15,0,185,0,0,61,50,2,0,-7,0,-40,0,-476,6,-71,0
37419,9.58,P,37,0,1115,0,0,98,51,2,T,53,4,316,0,13,43,87,0,1,16,4,-799,0,13,-55,36,-2
37420,5.46,Z,32,3,202,0,52,130,83,6,P,35,1,215,0,398,133,51,8,1,3,-2,13,0,346,3,-32,2
37421,5.43,P,21,2,224,0,2,179,42,0,P,19,0,89,0,0,34,35,2,0,-2,-2,-135,0,-2,-145,-7,2
37422,9.59,P,70,2,594,1,33,224,94,2,Z,50,2,403,0,62,144,250,7,1,-20,0,-191,-1,29,-80,156,5
37423,9.59,P,42,3,660,0,8,100,66,2,Z,61,4,437,0,72,303,154,4,1,19,1,-223,0,64,203,88,2
37424,9.59,T,72,0,654,0,121,215,154,7,Z,64,0,752,0,170,170,188,11,1,-8,0,98,0,49,-45,34,4
37425,5.5,P,25,0,190,0,1,62,118,2,T,25,0,182,0,0,51,51,2,1,0,0,-8,0,-1,-11,-67,0
37426,2.19,Z,11,0,31,0,0,36,215,1,P,11,0,81,0,44,49,41,5,1,0,0,50,0,44,13,-174,4
37427,8.58,T,79,5,797,0,61,282,136,3,T,44,0,550,0,0,107,96,1,0,-35,-5,-247,0,-61,-175,-40,-2
37428,8.59,T,71,3,458,0,22,331,356,7,P,53,0,366,0,275,217,206,8,1,-18,-3,-92,0,253,-114,-150,1
37429,6.25,T,29,0,460,0,0,104,63,1,T,24,0,180,0,17,103,53,3,0,-5,0,-280,0,17,-1,-10,2
37430,9.58,T,80,6,642,0,54,204,76,4,T,48,5,512,0,55,175,92,3,0,-32,-1,-130,0,1,-29,16,-1
37431,3.42,P,20,0,222,0,45,163,48,6,T,22,0,132,0,68,66,68,6,0,2,0,-90,0,23,-97,20,0
37432,6.24,T,47,1,607,0,12,81,86,3,Z,39,8,246,0,47,153,148,0,0,-8,7,-361,0,35,72,62,-3
37433,9.59,Z,55,0,390,15,108,245,227,6,P,77,0,533,0,344,381,103,7,1,22,0,143,-15,236,136,-124,1
37434,7.42,T,42,0,528,0,13,63,79,2,Z,35,11,264,0,46,82,124,9,1,-7,11,-264,0,33,19,45,7
37435,9.59,Z,68,0,292,0,2,58,216,3,T,69,0,358,0,54,114,114,9,0,1,0,66,0,52,56,-102,6
37436,9.59,T,119,0,436,0,466,212,190,17,Z,87,13,347,0,534,205,373,3,1,-32,13,-89,0,68,-7,183,-14
37437,1.5,Z,4,0,142,0,4,31,30,2,P,5,1,69,0,14,52,18,0,0,1,1,-73,0,10,21,-12,-2
37438,6.07,Z,23,1,281,0,287,112,140,4,P,19,0,173,0,0,103,49,3,0,-4,-1,-108,0,-287,-9,-91,-1
37439,5.02,T,60,0,264,0,375,243,126,6,P,57,0,175,0,539,142,66,18,0,-3,0,-89,0,164,-101,-60,12
37440,8.01,P,38,0,364,0,8,50,48,2,T,56,0,266,0,15,189,135,10,1,18,0,-98,0,7,139,87,8
37441,1.38,P,3,0,53,0,1,8,4,0,Z,5,1,23,0,25,27,36,0,0,2,1,-30,0,24,19,32,0
37442,8.31,Z,33,3,700,0,14,54,110,1,T,38,0,394,0,146,77,59,4,1,5,-3,-306,0,132,23,-51,3
37443,4.02,Z,15,0,177,0,4,80,62,2,P,20,1,276,0,12,94,43,1,0,5,1,99,0,8,14,-19,-1
37444,6.41,Z,28,0,236,0,65,176,156,4,T,53,0,334,0,225,174,261,3,1,25,0,98,0,160,-2,105,-1
37445,9.57,Z,82,2,499,0,126,333,272,10,Z,58,0,423,0,24,157,281,10,0,-24,-2,-76,0,-102,-176,9,0
37446,9.59,Z,47,0,889,0,42,397,182,7,Z,75,11,422,9,129,204,242,3,1,28,11,-467,9,87,-193,60,-4
37447,6.47,T,27,0,186,0,3,26,60,5,Z,28,7,300,0,37,104,125,0,1,1,7,114,0,34,78,65,-5
37448,3.47,T,22,4,230,0,56,89,26,5,Z,14,1,263,0,53,80,58,4,1,-8,-3,33,0,-3,-9,32,-1
37449,9.14,T,129,9,448,0,621,273,239,6,T,101,4,540,0,635,90,167,12,1,-28,-5,92,0,14,-183,-72,6
37450,6.21,P,35,2,358,0,39,117,45,2,P,19,0,348,0,1,21,19,0,0,-16,-2,-10,0,-38,-96,-26,-2
37451,9.59,P,71,6,344,2,280,337,228,9,P,60,0,499,0,290,214,300,8,0,-11,-6,155,-2,10,-123,72,-1
37452,8.5,Z,84,7,546,0,262,183,411,1,Z,63,1,276,0,405,222,453,6,0,-21,-6,-270,0,143,39,42,5
37453,5.19,T,55,2,190,0,351,173,48,3,Z,39,2,196,0,81,123,260,7,0,-16,0,6,0,-270,-50,212,4
37454,9.59,P,51,6,365,0,54,319,94,2,T,20,0,474,0,250,182,60,1,0,-31,-6,109,0,196,-137,-34,-1
37455,6.43,Z,42,1,298,0,17,140,87,0,T,38,0,135,0,9,50,61,2,0,-4,-1,-163,0,-8,-90,-26,2
37456,6.09,T,28,0,402,0,72,128,78,3,T,57,1,279,0,378,401,90,13,1,29,1,-123,0,306,273,12,10
37457,9.03,T,66,0,841,0,31,121,67,2,T,72,1,489,0,108,174,171,8,0,6,1,-352,0,77,53,104,6
37458,9.59,T,80,7,502,0,263,125,124,0,Z,60,6,158,0,56,210,420,3,1,-20,-1,-344,0,-207,85,296,3
37459,9.59,Z,60,5,443,0,59,187,290,6,T,82,0,475,0,499,225,157,7,0,22,-5,32,0,440,38,-133,1
37460,4.12,P,15,0,167,0,0,92,15,2,P,16,0,116,0,0,68,26,1,0,1,0,-51,0,0,-24,11,-1
37461,10.32,T,89,0,897,0,1,171,176,1,P,70,8,322,0,67,202,106,8,1,-19,8,-575,0,66,31,-70,7
37462,5.41,P,16,3,263,0,20,27,22,2,Z,29,2,252,0,10,32,68,1,0,13,-1,-11,0,-10,5,46,-1
37463,9.38,Z,60,0,322,0,255,201,265,8,Z,69,0,529,0,107,370,360,15,1,9,0,207,0,-148,169,95,7
37464,6.13,T,39,2,552,0,19,143,68,5,P,42,1,392,0,22,125,63,5,0,3,-1,-160,0,3,-18,-5,0
37465,5.24,Z,29,1,256,0,56,158,145,4,P,34,3,357,0,297,137,49,1,1,5,2,101,0,241,-21,-96,-3
37466,9.59,P,121,0,458,0,161,435,154,16,T,113,1,577,0,159,313,204,6,0,-8,1,119,0,-2,-122,50,-10
37467,9.58,Z,43,1,564,0,66,219,245,2,P,52,5,614,0,315,174,79,11,0,9,4,50,0,249,-45,-166,9
37468,8.42,T,137,0,404,0,750,290,181,18,Z,49,1,288,0,77,276,224,0,0,-88,1,-116,0,-673,-14,43,-18
37469,9.59,Z,54,6,230,1,417,183,549,3,T,70,0,637,0,275,102,66,7,1,16,-6,407,-1,-142,-81,-483,4
37470,4.56,Z,27,0,212,0,104,112,108,3,Z,20,0,280,0,190,87,135,6,1,-7,0,68,0,86,-25,27,3
37471,9.01,T,67,8,447,0,441,239,189,13,P,52,0,334,0,38,131,428,11,1,-15,-8,-113,0,-403,-108,239,-2
37472,3.01,P,9,0,67,5,29,147,34,0,T,16,0,167,0,0,35,31,3,0,7,0,100,-5,-29,-112,-3,3
37473,4.43,P,24,0,74,0,24,120,63,10,T,33,0,218,0,211,104,70,4,0,9,0,144,0,187,-16,7,-6
37474,9.58,Z,54,0,455,0,49,86,199,4,T,50,0,931,0,0,128,128,0,1,-4,0,476,0,-49,42,-71,-4
37475,9.56,Z,66,11,438,0,510,219,266,12,Z,78,16,508,3,110,154,293,9,0,12,5,70,3,-400,-65,27,-3
37476,8.3,Z,53,0,652,0,66,161,318,34,T,78,0,334,0,5,145,318,3,0,25,0,-318,0,-61,-16,0,-31
37477,2.12,P,7,1,118,0,0,76,20,0,Z,8,0,65,0,0,34,27,0,1,1,-1,-53,0,0,-42,7,0
37478,9.59,T,100,4,711,0,562,297,234,8,T,73,6,451,0,319,263,138,4,1,-27,2,-260,0,-243,-34,-96,-4
37479,6.01,Z,40,1,364,0,75,96,183,2,Z,38,2,347,0,65,153,158,3,1,-2,1,-17,0,-10,57,-25,1
37480,9.59,Z,82,6,761,0,110,240,246,7,P,74,0,418,0,68,195,105,8,0,-8,-6,-343,0,-42,-45,-141,1
37481,7.45,P,43,0,209,0,28,104,57,8,T,39,3,560,0,7,117,53,0,0,-4,3,351,0,-21,13,-4,-8
37482,2.53,T,14,2,122,0,0,40,136,0,T,13,0,151,0,201,20,99,3,1,-1,-2,29,0,201,-20,-37,3
37483,9.26,T,68,0,472,0,39,307,130,9,Z,71,2,402,0,9,283,197,0,1,3,2,-70,0,-30,-24,67,-9
37484,9.59,P,36,0,417,0,12,83,54,8,T,66,11,754,0,77,258,105,1,0,30,11,337,0,65,175,51,-7
37485,9.59,T,80,5,395,0,9,323,191,1,Z,60,6,532,0,48,247,244,2,1,-20,1,137,0,39,-76,53,1
37486,3.59,P,10,0,86,0,5,6,5,2,T,17,0,310,0,0,74,27,2,1,7,0,224,0,-5,68,22,0
37487,6.08,T,50,1,371,0,554,124,136,5,P,31,1,427,0,8,103,45,0,0,-19,0,56,0,-546,-21,-91,-5
37488,3.16,P,17,0,148,0,131,140,101,4,Z,14,0,169,0,6,42,62,2,1,-3,0,21,0,-125,-98,-39,-2
37489,8.26,P,99,7,453,0,323,312,116,9,Z,45,1,193,0,107,170,248,8,1,-54,-6,-260,0,-216,-142,132,-1
37490,8.3,P,62,0,516,0,326,248,91,9,T,82,0,359,0,247,317,215,7,1,20,0,-157,0,-79,69,124,-2
37491,9.3,T,110,6,758,0,167,206,137,5,Z,51,0,503,6,45,119,198,0,0,-59,-6,-255,6,-122,-87,61,-5
37492,3.14,T,18,1,267,0,0,31,31,0,Z,18,1,103,0,19,87,46,0,1,0,0,-164,0,19,56,15,0
37493,8.57,T,54,3,785,0,10,157,36,0,Z,35,0,490,0,20,179,168,2,1,-19,-3,-295,0,10,22,132,2
37494,5,P,19,0,222,0,31,120,91,2,T,41,2,278,0,196,164,51,9,0,22,2,56,0,165,44,-40,7
37495,10.01,Z,52,3,594,0,21,196,228,1,P,69,1,204,0,15,209,120,5,0,17,-2,-390,0,-6,13,-108,4
37496,9.52,P,30,0,222,0,13,91,37,5,T,48,2,657,0,25,145,99,4,1,18,2,435,0,12,54,62,-1
37497,10.59,Z,47,0,229,0,52,191,290,10,T,85,2,476,0,37,244,123,4,1,38,2,247,0,-15,53,-167,-6
37498,10.3,P,58,0,1035,0,13,406,129,5,Z,48,0,276,0,85,191,259,5,0,-10,0,-759,0,72,-215,130,0
37499,9.21,T,65,5,992,0,158,230,151,0,T,67,0,827,0,71,148,126,5,1,2,-5,-165,0,-87,-82,-25,5
37500,9.59,T,77,0,740,0,489,153,255,4,T,102,4,520,0,200,292,162,5,0,25,4,-220,0,-289,139,-93,1
37501,6.06,T,74,3,328,0,306,250,108,11,T,62,8,172,0,52,239,140,0,0,-12,5,-156,0,-254,-11,32,-11
37502,6.34,T,61,5,267,0,141,263,68,1,P,34,0,248,0,1,341,82,4,0,-27,-5,-19,0,-140,78,14,3
37503,3.43,Z,27,3,58,0,19,37,61,0,Z,29,6,84,0,34,177,55,5,1,2,3,26,0,15,140,-6,5
37504,3.37,T,12,0,117,0,0,8,18,0,P,9,0,128,0,0,48,27,0,1,-3,0,11,0,0,40,9,0
37505,5.01,Z,31,3,131,0,143,71,186,6,T,24,0,300,0,1,21,64,3,1,-7,-3,169,0,-142,-50,-122,-3
37506,8.54,Z,52,0,384,0,30,116,146,2,Z,66,0,346,0,37,243,241,2,1,14,0,-38,0,7,127,95,0
37507,1.46,P,5,0,44,0,0,13,4,0,P,8,0,142,0,1,19,11,1,0,3,0,98,0,1,6,7,1
37508,7.07,P,39,1,253,0,34,218,187,4,Z,43,0,324,0,86,90,148,17,0,4,-1,71,0,52,-128,-39,13
37509,7.4,T,60,0,418,0,392,186,68,5,P,33,0,216,0,18,172,102,1,0,-27,0,-202,0,-374,-14,34,-4
37510,9.59,Z,97,8,305,0,176,302,225,5,T,64,10,829,0,447,249,93,5,0,-33,2,524,0,271,-53,-132,0
37511,9.05,T,61,0,534,0,55,179,84,6,Z,51,0,449,0,43,126,238,3,1,-10,0,-85,0,-12,-53,154,-3
37512,9.59,T,87,2,593,0,168,181,82,2,Z,47,2,736,0,27,161,270,0,0,-40,0,143,0,-141,-20,188,-2
37513,7.1,T,54,2,419,0,3,112,71,0,T,38,0,508,0,46,225,55,6,0,-16,-2,89,0,43,113,-16,6
37514,7.17,T,74,2,184,0,400,193,85,11,Z,80,0,428,0,111,195,185,13,1,6,-2,244,0,-289,2,100,2
37515,6.36,Z,29,0,298,0,29,48,77,4,P,32,5,275,0,16,100,86,2,0,3,5,-23,0,-13,52,9,-2
37516,7.14,P,32,0,473,0,13,131,54,2,P,21,0,462,0,6,45,33,5,1,-11,0,-11,0,-7,-86,-21,3
37517,7.47,Z,51,6,470,0,19,115,130,0,T,65,0,597,0,415,102,74,18,0,14,-6,127,0,396,-13,-56,18
37518,9.58,P,41,2,706,0,4,122,61,0,T,80,0,416,0,581,248,343,13,1,39,-2,-290,0,577,126,282,13
37519,8.43,P,40,0,291,0,52,202,75,5,P,35,4,265,0,43,90,47,3,1,-5,4,-26,0,-9,-112,-28,-2
37520,8.37,Z,60,6,256,0,19,182,259,0,Z,61,0,239,0,27,65,166,5,1,1,-6,-17,0,8,-117,-93,5
37521,10.01,Z,105,2,570,0,350,403,447,13,T,112,7,609,0,619,238,322,10,1,7,5,39,0,269,-165,-125,-3
37522,0.38,Z,2,0,14,0,0,1,14,0,Z,1,2,16,0,2,7,6,0,1,-1,2,2,0,2,6,-8,0
37523,10.53,T,48,0,536,0,26,96,101,5,P,61,0,566,0,0,245,83,0,0,13,0,30,0,-26,149,-18,-5
37524,8.13,T,49,8,531,0,575,254,105,12,P,41,8,658,0,63,149,34,0,0,-8,0,127,0,-512,-105,-71,-12
37525,6.4,P,34,0,199,0,11,121,39,4,P,29,0,468,0,13,95,33,4,1,-5,0,269,0,2,-26,-6,0
37526,3.22,Z,15,1,31,0,304,46,139,8,Z,15,2,168,16,108,89,81,0,1,0,1,137,16,-196,43,-58,-8
37527,9.59,T,68,2,737,0,17,332,113,3,T,88,11,624,0,186,111,101,4,1,20,9,-113,0,169,-221,-12,1
37528,7.48,P,26,7,297,0,6,120,55,0,P,34,0,405,0,10,147,37,3,0,8,-7,108,0,4,27,-18,3
37529,9.04,P,42,1,823,0,137,239,157,7,Z,44,3,626,0,24,100,141,2,1,2,2,-197,0,-113,-139,-16,-5
37530,5.49,P,27,2,245,0,22,182,54,1,T,29,0,253,0,21,54,38,3,0,2,-2,8,0,-1,-128,-16,2
37531,5.43,P,27,0,142,0,29,113,48,4,P,30,0,198,0,2,37,47,0,0,3,0,56,0,-27,-76,-1,-4
37532,9.59,Z,51,0,591,0,32,151,238,7,T,77,7,623,0,48,147,122,0,1,26,7,32,0,16,-4,-116,-7
37533,6.43,Z,37,0,412,0,0,147,162,1,Z,38,0,834,0,32,20,95,1,0,1,0,422,0,32,-127,-67,0
37534,7.32,Z,53,0,356,0,168,202,205,12,P,47,0,458,0,39,124,94,4,0,-6,0,102,0,-129,-78,-111,-8
37535,9.59,P,83,9,512,0,482,306,90,5,T,66,0,633,0,139,178,103,12,0,-17,-9,121,0,-343,-128,13,7
37536,9.58,T,69,0,470,0,2,237,311,2,T,76,2,712,0,64,374,142,16,0,7,2,242,0,62,137,-169,14
37537,10.43,T,103,6,585,0,295,223,160,1,T,119,7,717,0,131,198,139,5,1,16,1,132,0,-164,-25,-21,4
37538,2.08,T,8,0,164,0,23,16,11,1,T,8,0,33,0,27,12,22,1,0,0,0,-131,0,4,-4,11,0
37539,7.3,T,101,0,437,0,219,346,114,17,T,84,0,415,0,750,254,167,12,1,-17,0,-22,0,531,-92,53,-5
37540,9.59,T,90,3,697,0,317,270,215,3,P,57,0,445,0,20,167,122,6,1,-33,-3,-252,0,-297,-103,-93,3
37541,6.16,T,46,0,362,0,276,214,48,5,T,37,0,389,0,78,128,58,4,1,-9,0,27,0,-198,-86,10,-1
37542,9.59,Z,67,5,355,0,487,261,356,8,P,69,8,425,2,59,172,172,1,0,2,3,70,2,-428,-89,-184,-7
37543,2.56,Z,8,4,76,0,51,36,86,0,P,14,3,136,6,108,88,81,1,0,6,-1,60,6,57,52,-5,1
37544,9.59,P,66,0,416,0,120,413,92,12,T,56,0,371,0,0,37,121,0,0,-10,0,-45,0,-120,-376,29,-12
37545,3.3,Z,18,0,304,0,148,74,103,3,P,17,2,36,0,23,58,43,2,0,-1,2,-268,0,-125,-16,-60,-1
37546,8.06,Z,50,4,488,0,169,243,165,9,T,73,0,603,0,457,211,129,6,0,23,-4,115,0,288,-32,-36,-3
37547,9.59,Z,96,0,568,0,274,282,375,10,T,82,0,932,0,97,236,98,12,1,-14,0,364,0,-177,-46,-277,2
37548,5.4,P,36,0,226,0,145,102,60,9,T,33,0,148,0,3,138,156,3,0,-3,0,-78,0,-142,36,96,-6
37549,7.41,T,84,6,298,0,482,242,216,3,Z,48,0,856,0,165,113,115,9,0,-36,-6,558,0,-317,-129,-101,6
37550,9.58,T,74,3,508,0,9,106,113,3,Z,47,0,457,0,5,116,182,4,0,-27,-3,-51,0,-4,10,69,1
37551,9.17,Z,75,5,578,0,224,184,209,3,T,95,13,373,0,70,185,193,4,0,20,8,-205,0,-154,1,-16,1
37552,10.11,P,40,0,626,0,32,147,44,5,T,78,0,881,0,39,168,114,11,1,38,0,255,0,7,21,70,6
37553,9.58,T,52,0,581,0,16,245,98,5,T,67,0,787,0,3,211,139,4,0,15,0,206,0,-13,-34,41,-1
37554,6.5,T,93,0,289,0,433,169,174,18,Z,48,6,352,0,321,155,222,3,0,-45,6,63,0,-112,-14,48,-15
37555,9.59,P,41,0,671,0,0,35,34,0,Z,25,2,512,0,0,28,200,0,0,-16,2,-159,0,0,-7,166,0
37556,7.48,Z,45,2,333,0,289,185,266,3,Z,65,2,476,0,40,114,164,7,1,20,0,143,0,-249,-71,-102,4
37557,5.56,T,39,2,222,0,225,226,77,6,P,38,0,191,0,7,142,246,2,1,-1,-2,-31,0,-218,-84,169,-4
37558,8.35,Z,59,0,980,0,42,149,155,4,T,76,0,509,0,585,170,201,9,1,17,0,-471,0,543,21,46,5
37559,7.15,T,41,0,280,0,72,98,60,7,P,46,7,316,0,39,359,60,3,0,5,7,36,0,-33,261,0,-4
37560,9.58,P,51,0,908,0,1,174,89,1,P,44,0,808,0,0,63,79,0,0,-7,0,-100,0,-1,-111,-10,-1
37561,9.57,Z,44,0,418,0,42,62,195,3,T,51,2,512,0,44,44,72,3,0,7,2,94,0,2,-18,-123,0
37562,9.59,Z,63,2,851,0,16,160,189,1,T,58,0,421,0,1,172,104,0,1,-5,-2,-430,0,-15,12,-85,-1
37563,8.53,T,65,0,606,0,15,184,250,2,P,35,0,658,0,0,94,54,0,1,-30,0,52,0,-15,-90,-196,-2
37564,3.5,P,16,0,122,0,6,54,47,0,P,16,0,138,0,0,80,27,1,0,0,0,16,0,-6,26,-20,1
37565,9.59,T,79,6,721,0,65,282,121,0,P,66,0,400,0,20,325,95,8,0,-13,-6,-321,0,-45,43,-26,8
37566,7.52,P,44,4,531,0,27,212,57,0,Z,49,0,336,0,55,372,169,5,1,5,-4,-195,0,28,160,112,5
37567,7.1,T,54,1,544,0,46,169,78,4,Z,26,0,268,0,191,113,372,2,0,-28,-1,-276,0,145,-56,294,-2
37568,8.23,T,45,0,481,0,0,106,106,2,Z,57,0,693,0,26,94,165,2,1,12,0,212,0,26,-12,59,0
37569,0.52,Z,2,0,5,0,0,8,20,1,T,4,0,66,0,2,4,33,7,1,2,0,61,0,2,-4,13,6
37570,6.55,Z,30,1,515,2,1,98,113,0,P,31,2,396,0,9,91,75,6,1,1,1,-119,-2,8,-7,-38,6
37571,9.59,Z,67,0,367,0,46,206,243,7,T,91,8,451,0,15,207,135,0,1,24,8,84,0,-31,1,-108,-7
37572,8.34,T,77,0,594,0,437,238,129,9,P,57,5,523,0,65,254,81,5,0,-20,5,-71,0,-372,16,-48,-4
37573,9.59,P,47,13,612,0,37,248,106,0,T,67,0,531,0,119,151,135,5,1,20,-13,-81,0,82,-97,29,5
37574,7.28,T,76,0,572,19,588,189,131,0,T,91,2,589,20,426,352,146,3,0,15,2,17,1,-162,163,15,3
37575,10.25,P,31,2,718,0,4,102,64,0,P,27,0,476,0,6,286,33,3,0,-4,-2,-242,0,2,184,-31,3
37576,10.52,T,163,0,462,0,251,403,243,20,T,91,1,528,0,47,229,179,4,0,-72,1,66,0,-204,-174,-64,-16
37577,9.27,P,48,7,651,0,8,168,79,2,T,66,4,588,0,15,332,184,3,0,18,-3,-63,0,7,164,105,1
37578,9.59,Z,70,5,332,1,326,143,300,5,T,128,23,767,0,584,200,169,8,1,58,18,435,-1,258,57,-131,3
37579,8.57,Z,41,0,244,0,43,68,173,1,T,62,0,734,0,95,203,112,7,0,21,0,490,0,52,135,-61,6
37580,8.4,P,50,0,585,0,27,130,76,4,Z,36,3,361,0,37,26,109,0,0,-14,3,-224,0,10,-104,33,-4
37581,9.59,T,70,3,659,0,123,131,122,3,P,52,5,737,0,49,145,85,4,1,-18,2,78,0,-74,14,-37,1
37582,3.1,T,16,0,168,0,182,37,43,3,P,15,0,85,0,14,57,38,2,1,-1,0,-83,0,-168,20,-5,-1
37583,9.58,T,32,0,248,0,3,43,53,2,P,37,0,266,0,0,25,60,0,1,5,0,18,0,-3,-18,7,-2
37584,5.1,T,22,0,260,0,5,73,45,0,Z,17,0,38,0,12,9,43,1,1,-5,0,-222,0,7,-64,-2,1
37585,8.49,P,44,0,675,0,0,92,64,1,P,34,5,1262,0,32,267,70,2,0,-10,5,587,0,32,175,6,1
37586,3.5,P,15,4,166,0,30,74,69,0,T,22,0,140,0,361,52,51,4,1,7,-4,-26,0,331,-22,-18,4
37587,9.59,Z,76,0,416,11,170,343,272,1,T,109,0,607,0,640,225,190,16,0,33,0,191,-11,470,-118,-82,15
37588,10.28,Z,73,0,931,0,97,117,163,8,P,58,5,216,0,179,97,65,5,0,-15,5,-715,0,82,-20,-98,-3
37589,3.33,Z,14,0,108,0,91,91,59,5,T,17,0,79,0,9,42,31,3,1,3,0,-29,0,-82,-49,-28,-2
37590,2.55,Z,9,1,85,1,10,10,30,0,Z,12,0,85,0,1,9,31,1,1,3,-1,0,-1,-9,-1,1,1
37591,7.58,T,68,4,592,0,30,123,102,1,P,46,0,639,0,13,143,75,6,0,-22,-4,47,0,-17,20,-27,5
37592,10.11,T,72,0,370,0,0,248,141,0,Z,62,2,672,3,135,200,382,0,1,-10,2,302,3,135,-48,241,0
37593,1.2,P,3,0,26,0,55,19,12,1,P,4,0,3,0,0,3,6,0,0,1,0,-23,0,-55,-16,-6,-1
37594,7.36,T,69,0,212,0,196,399,74,11,Z,52,2,176,0,0,121,151,0,1,-17,2,-36,0,-196,-278,77,-11
37595,8.4,Z,49,4,521,0,82,262,147,6,T,111,0,412,21,475,297,204,3,1,62,-4,-109,21,393,35,57,-3
37596,9.59,Z,68,8,518,0,374,325,226,4,T,98,0,626,0,183,309,128,9,1,30,-8,108,0,-191,-16,-98,5
37597,10.29,Z,58,3,337,0,35,78,164,1,P,36,0,553,0,26,109,71,2,0,-22,-3,216,0,-9,31,-93,1
37598,3.34,Z,12,0,133,0,11,11,35,1,Z,9,5,407,0,18,28,36,0,0,-3,5,274,0,7,17,1,-1
37599,1.4,P,6,0,140,0,0,25,10,0,T,9,0,52,0,37,23,34,2,1,3,0,-88,0,37,-2,24,2
37600,9.59,P,102,11,430,0,131,300,86,8,T,124,14,533,0,825,257,256,16,0,22,3,103,0,694,-43,170,8
37601,5.03,Z,26,2,395,0,68,61,109,4,P,28,0,289,0,136,241,114,2,1,2,-2,-106,0,68,180,5,-2
37602,9.02,Z,30,6,579,0,21,135,153,0,T,86,4,739,0,26,276,130,5,0,56,-2,160,0,5,141,-23,5
37603,9.59,Z,48,4,426,0,29,92,202,0,P,62,0,729,0,51,278,159,11,1,14,-4,303,0,22,186,-43,11
37604,3.31,P,24,0,85,0,10,143,49,0,Z,8,0,345,0,0,62,75,2,1,-16,0,260,0,-10,-81,26,2
37605,6.31,Z,25,6,397,1,78,90,136,1,Z,39,9,325,0,323,112,202,1,1,14,3,-72,-1,245,22,66,0
37606,9.58,Z,70,5,627,0,10,100,171,0,T,79,0,414,0,51,150,129,8,0,9,-5,-213,0,41,50,-42,8
37607,10.39,Z,89,0,579,0,143,277,292,13,T,153,2,828,0,252,304,126,16,1,64,2,249,0,109,27,-166,3
37608,3.1,Z,14,0,109,0,21,20,52,2,P,7,0,172,0,0,32,16,1,0,-7,0,63,0,-21,12,-36,-1
37609,3.27,Z,14,0,104,0,0,23,35,0,P,12,0,149,0,0,55,25,0,0,-2,0,45,0,0,32,-10,0
37610,10.42,P,40,0,691,0,4,134,55,0,T,48,0,775,0,5,166,80,3,0,8,0,84,0,1,32,25,3
37611,7.17,P,39,0,264,0,11,159,74,13,Z,45,1,304,0,160,206,158,6,1,6,1,40,0,149,47,84,-7
37612,9.29,Z,98,15,502,0,505,368,340,1,T,95,7,562,0,580,250,160,7,0,-3,-8,60,0,75,-118,-180,6
37613,8.12,T,40,0,226,0,0,85,99,0,Z,37,0,568,0,22,111,117,4,0,-3,0,342,0,22,26,18,4
37614,9.53,T,69,11,323,0,192,229,238,10,Z,60,1,463,0,33,147,181,8,1,-9,-10,140,0,-159,-82,-57,-2
37615,5.08,T,34,1,165,0,269,118,279,3,Z,25,0,169,0,392,64,168,5,0,-9,-1,4,0,123,-54,-111,2
37616,9.57,Z,58,0,836,8,72,111,190,0,T,66,0,555,0,2,151,97,2,0,8,0,-281,-8,-70,40,-93,2
37617,5.23,T,45,1,396,0,76,138,34,9,T,32,0,306,0,13,83,206,8,1,-13,-1,-90,0,-63,-55,172,-1
37618,9.59,P,62,0,556,0,44,277,91,5,T,43,0,702,0,32,99,73,5,0,-19,0,146,0,-12,-178,-18,0
37619,9.56,P,67,0,290,0,39,198,68,3,T,91,5,694,0,63,148,101,0,1,24,5,404,0,24,-50,33,-3
37620,7.25,P,44,1,281,0,8,59,66,3,T,57,0,299,0,196,220,72,6,1,13,-1,18,0,188,161,6,3
37621,7.07,T,77,2,447,0,432,300,137,6,Z,61,6,307,0,86,199,151,7,0,-16,4,-140,0,-346,-101,14,1
37622,6.14,T,72,2,263,0,553,143,78,11,T,62,1,315,0,678,197,143,13,0,-10,-1,52,0,125,54,65,2
37623,10.27,P,64,0,490,0,7,582,138,7,T,89,0,459,0,33,208,119,3,0,25,0,-31,0,26,-374,-19,-4
37624,9.59,P,78,4,534,0,377,338,78,9,P,65,0,638,0,23,271,62,7,1,-13,-4,104,0,-354,-67,-16,-2
37625,3.2,T,10,0,134,0,0,24,21,0,P,14,0,298,0,3,20,16,1,0,4,0,164,0,3,-4,-5,1
37626,9.58,P,70,2,733,0,12,203,113,3,T,61,0,438,0,18,113,129,3,0,-9,-2,-295,0,6,-90,16,0
37627,8.1,T,40,0,208,0,1,67,91,1,P,30,0,179,0,1,56,59,2,0,-10,0,-29,0,0,-11,-32,1
37628,9.59,P,70,0,315,19,444,407,211,0,P,84,0,569,0,67,269,104,15,1,14,0,254,-19,-377,-138,-107,15
37629,8.08,T,67,0,596,0,233,175,67,5,Z,40,0,496,0,23,173,95,3,0,-27,0,-100,0,-210,-2,28,-2
37630,7.18,Z,50,2,362,0,60,122,212,1,Z,47,0,297,0,88,147,208,4,0,-3,-2,-65,0,28,25,-4,3
37631,7,Z,45,2,265,0,40,104,329,6,P,27,0,490,0,0,152,45,0,0,-18,-2,225,0,-40,48,-284,-6
37632,7.31,P,35,0,465,0,264,133,154,9,Z,37,0,197,0,0,58,153,0,0,2,0,-268,0,-264,-75,-1,-9
37633,9.56,T,70,5,793,0,13,256,112,1,Z,63,0,538,0,28,153,161,4,1,-7,-5,-255,0,15,-103,49,3
37634,9.19,P,54,0,824,0,141,159,169,3,Z,34,2,585,0,31,144,125,0,0,-20,2,-239,0,-110,-15,-44,-3
37635,5.25,P,21,0,598,0,1,36,31,1,Z,24,4,158,0,8,10,62,0,0,3,4,-440,0,7,-26,31,-1
37636,9.59,T,47,0,522,0,8,73,63,4,Z,43,2,418,0,13,102,177,0,1,-4,2,-104,0,5,29,114,-4
37637,10.12,T,95,3,546,0,68,187,153,10,Z,89,16,445,6,467,217,308,9,1,-6,13,-101,6,399,30,155,-1
37638,4.44,Z,26,0,290,0,340,67,139,6,Z,22,3,313,0,45,97,74,1,0,-4,3,23,0,-295,30,-65,-5
37639,9.08,T,70,0,660,0,68,178,112,9,Z,69,0,285,0,10,102,332,3,1,-1,0,-375,0,-58,-76,220,-6
37640,4.12,T,15,2,308,0,0,48,33,0,P,15,0,194,0,3,130,13,2,0,0,-2,-114,0,3,82,-20,2
37641,9.59,Z,50,1,418,0,55,202,181,6,P,61,0,643,0,6,269,118,8,1,11,-1,225,0,-49,67,-63,2
37642,8.51,P,32,0,757,0,0,58,57,3,T,28,0,320,0,0,44,61,0,0,-4,0,-437,0,0,-14,4,-3
37643,6.35,P,40,0,343,0,80,148,70,7,Z,47,2,525,0,44,85,140,3,1,7,2,182,0,-36,-63,70,-4
37644,4.47,T,26,3,312,0,32,72,83,2,P,32,0,268,9,35,119,42,0,1,6,-3,-44,9,3,47,-41,-2
37645,8.2,Z,59,0,301,0,416,130,247,8,T,44,3,413,0,59,132,89,3,0,-15,3,112,0,-357,2,-158,-5
37646,9.48,Z,67,1,468,0,168,475,291,6,T,59,0,472,0,15,241,135,4,0,-8,-1,4,0,-153,-234,-156,-2
37647,9.58,T,81,0,402,0,22,203,146,14,Z,50,0,344,0,27,142,195,1,0,-31,0,-58,0,5,-61,49,-13
37648,10.08,T,105,4,571,0,110,232,171,4,T,74,1,730,0,4,238,113,0,0,-31,-3,159,0,-106,6,-58,-4
37649,9.58,P,57,4,552,0,153,217,51,4,T,86,0,493,0,67,185,251,18,1,29,-4,-59,0,-86,-32,200,14
37650,9.59,T,75,0,595,0,258,152,91,9,Z,58,0,892,0,156,285,242,11,0,-17,0,297,0,-102,133,151,2
37651,9.19,P,64,3,443,0,159,220,82,8,T,85,29,637,0,302,199,110,1,1,21,26,194,0,143,-21,28,-7
37652,9.59,T,86,0,332,0,198,258,215,13,Z,71,0,726,0,52,142,210,4,0,-15,0,394,0,-146,-116,-5,-9
37653,9.58,Z,57,0,604,0,49,154,186,2,T,65,0,868,0,4,114,139,7,0,8,0,264,0,-45,-40,-47,5
37654,9.58,P,59,0,465,0,9,112,75,4,T,51,0,617,0,158,101,50,9,1,-8,0,152,0,149,-11,-25,5
37655,1.11,P,7,0,4,0,0,11,43,0,T,4,0,27,0,94,47,19,2,0,-3,0,23,0,94,36,-24,2
37656,9.58,Z,72,1,556,0,574,297,404,2,Z,63,6,485,0,75,181,162,2,1,-9,5,-71,0,-499,-116,-242,0
37657,9.59,T,44,0,508,0,4,55,61,6,Z,65,0,240,0,0,52,220,0,1,21,0,-268,0,-4,-3,159,-6
37658,3.02,Z,13,1,143,0,2,24,45,0,T,17,0,63,0,131,44,45,2,1,4,-1,-80,0,129,20,0,2
37659,3.24,T,21,0,53,0,46,84,28,8,T,13,0,73,0,5,38,27,3,1,-8,0,20,0,-41,-46,-1,-5
37660,8.02,P,44,2,394,0,29,198,67,3,Z,54,0,494,0,37,95,212,2,1,10,-2,100,0,8,-103,145,-1
37661,9.59,Z,55,5,429,0,118,204,351,1,T,53,0,628,0,8,212,157,9,0,-2,-5,199,0,-110,8,-194,8
37662,6.22,T,43,3,332,0,245,165,237,2,P,26,1,237,0,1,93,62,0,0,-17,-2,-95,0,-244,-72,-175,-2
37663,6.12,P,23,0,357,0,4,152,34,7,P,24,1,352,0,0,50,51,2,0,1,1,-5,0,-4,-102,17,-5
37664,9.59,T,85,0,595,0,91,273,124,13,T,60,0,614,0,61,405,121,2,0,-25,0,19,0,-30,132,-3,-11
37665,9.55,P,54,2,438,0,35,171,76,4,T,71,0,417,0,109,255,85,7,1,17,-2,-21,0,74,84,9,3
37666,4.38,T,23,4,267,0,59,88,52,0,P,28,0,243,0,6,142,83,1,1,5,-4,-24,0,-53,54,31,1
37667,4.59,Z,20,0,156,1,6,36,65,0,T,37,0,328,0,16,82,27,4,0,17,0,172,-1,10,46,-38,4
37668,9.58,T,25,0,378,0,0,10,36,0,Z,35,0,367,0,27,29,134,4,0,10,0,-11,0,27,19,98,4
37669,9.59,P,56,0,492,0,16,270,105,12,T,71,0,576,0,155,226,98,3,1,15,0,84,0,139,-44,-7,-9
37670,9.59,P,34,0,662,0,0,112,71,0,T,87,4,288,0,38,166,123,16,1,53,4,-374,0,38,54,52,16
37671,3.46,P,10,0,124,0,0,108,31,1,T,19,0,79,0,392,60,110,4,1,9,0,-45,0,392,-48,79,3
37672,6.04,P,26,2,415,0,12,107,24,1,Z,34,0,319,0,92,90,227,6,1,8,-2,-96,0,80,-17,203,5
37673,9.43,T,61,2,378,0,62,193,156,2,P,74,0,635,0,62,244,53,16,0,13,-2,257,0,0,51,-103,14
37674,7.25,T,95,0,277,0,532,274,206,6,Z,48,0,313,0,267,146,242,3,0,-47,0,36,0,-265,-128,36,-3
37675,6.09,Z,23,1,85,0,0,16,88,0,Z,30,4,378,0,13,22,87,0,1,7,3,293,0,13,6,-1,0
37676,10.24,P,110,4,428,0,437,243,154,13,T,145,0,330,0,655,261,346,20,1,35,-4,-98,0,218,18,192,7
37677,9.59,Z,78,1,425,0,87,171,225,2,T,68,0,801,0,235,249,137,9,0,-10,-1,376,0,148,78,-88,7
37678,9.58,P,58,9,479,0,35,219,71,3,P,78,0,597,0,69,154,88,17,1,20,-9,118,0,34,-65,17,14
37679,9.59,T,35,0,675,0,0,41,92,1,T,46,0,661,0,0,15,69,0,1,11,0,-14,0,0,-26,-23,-1
37680,10.08,T,52,3,674,14,22,78,98,0,Z,47,7,725,0,24,20,121,0,1,-5,4,51,-14,2,-58,23,0
37681,9.58,T,88,6,485,0,371,481,187,9,T,107,0,454,0,286,109,124,17,0,19,-6,-31,0,-85,-372,-63,8
37682,9.57,Z,46,0,256,0,36,99,142,5,T,48,0,597,0,0,54,89,2,1,2,0,341,0,-36,-45,-53,-3
37683,7.13,T,56,0,300,0,8,38,97,6,Z,28,1,120,0,8,56,102,1,0,-28,1,-180,0,0,18,5,-5
37684,9.59,Z,63,0,674,0,44,103,151,2,P,36,1,504,0,4,119,59,0,0,-27,1,-170,0,-40,16,-92,-2
37685,6.56,T,32,0,445,0,0,75,73,1,Z,29,3,138,0,256,45,96,4,1,-3,3,-307,0,256,-30,23,3
37686,8.42,Z,29,4,634,0,45,25,90,0,Z,44,8,261,0,44,152,155,4,1,15,4,-373,0,-1,127,65,4
37687,5.26,T,32,0,172,0,1,48,132,1,Z,17,0,367,0,9,94,97,2,0,-15,0,195,0,8,46,-35,1
37688,5.59,T,51,0,408,0,523,258,238,4,T,46,2,325,0,153,169,51,13,0,-5,2,-83,0,-370,-89,-187,9
37689,10.08,Z,61,0,446,0,20,111,166,4,Z,65,4,317,0,69,218,188,2,1,4,4,-129,0,49,107,22,-2
37690,8.43,T,104,3,267,0,666,201,119,17,Z,59,6,171,0,491,292,272,3,0,-45,3,-96,0,-175,91,153,-14
37691,9.59,T,74,0,655,0,478,138,118,5,T,74,3,581,0,70,137,152,4,1,0,3,-74,0,-408,-1,34,-1
37692,9.58,Z,54,0,408,0,84,321,329,13,Z,72,3,848,0,12,179,236,3,0,18,3,440,0,-72,-142,-93,-10
37693,5.15,Z,17,5,127,0,7,103,98,3,Z,26,0,204,0,0,59,84,0,0,9,-5,77,0,-7,-44,-14,-3
37694,7.33,P,38,1,514,0,17,124,65,2,Z,28,1,178,0,19,144,106,0,0,-10,0,-336,0,2,20,41,-2
37695,7.51,Z,71,6,469,0,272,160,228,9,P,48,4,657,0,606,192,95,5,0,-23,-2,188,0,334,32,-133,-4
37696,3.4,P,30,1,99,0,61,77,63,8,Z,15,0,129,0,0,66,58,0,0,-15,-1,30,0,-61,-11,-5,-8
37697,9.45,T,61,0,416,0,4,167,99,2,T,75,0,518,0,26,376,136,4,1,14,0,102,0,22,209,37,2
37698,9.59,T,50,0,623,0,16,26,53,5,T,67,5,439,0,33,104,111,11,1,17,5,-184,0,17,78,58,6
37699,9.59,P,61,6,517,0,39,169,66,6,Z,56,8,250,0,46,110,122,3,0,-5,2,-267,0,7,-59,56,-3
37700,7.13,Z,40,0,537,0,609,104,181,4,P,63,5,488,0,91,66,63,3,1,23,5,-49,0,-518,-38,-118,-1
37701,9.53,T,84,8,519,0,115,273,129,4,T,68,1,610,0,24,107,120,1,1,-16,-7,91,0,-91,-166,-9,-3
37702,9.59,P,29,0,538,0,0,20,44,0,T,20,0,350,0,0,17,33,0,0,-9,0,-188,0,0,-3,-11,0
37703,10.59,T,117,1,676,0,544,254,194,10,Z,87,9,603,0,68,173,256,0,1,-30,8,-73,0,-476,-81,62,-10
37704,5.38,P,17,2,515,0,0,105,40,0,P,20,0,231,0,0,86,126,0,1,3,-2,-284,0,0,-19,86,0
37705,5.37,P,31,0,364,0,27,74,45,4,Z,32,2,206,0,334,69,130,3,0,1,2,-158,0,307,-5,85,-1
37706,10.16,P,53,5,550,0,38,149,76,2,T,71,3,814,0,36,66,81,3,0,18,-2,264,0,-2,-83,5,1
37707,9.47,P,75,5,564,6,494,148,104,9,T,70,3,662,0,265,88,103,4,0,-5,-2,98,-6,-229,-60,-1,-5
37708,9.59,P,72,0,520,0,569,308,121,17,T,72,0,694,0,42,157,153,11,1,0,0,174,0,-527,-151,32,-6
37709,8.35,P,68,3,434,0,77,384,62,8,Z,40,5,506,0,43,147,159,2,1,-28,2,72,0,-34,-237,97,-6
37710,3.11,P,18,0,149,0,9,97,27,5,P,16,0,119,0,26,75,53,1,1,-2,0,-30,0,17,-22,26,-4
37711,8.28,Z,36,0,355,0,26,129,167,7,P,55,6,537,0,45,192,63,0,1,19,6,182,0,19,63,-104,-7
37712,9.48,T,86,0,670,0,235,291,231,8,T,89,2,823,0,234,376,317,24,1,3,2,153,0,-1,85,86,16
37713,4.14,T,17,2,158,0,0,27,33,0,Z,21,0,240,0,0,67,61,0,1,4,-2,82,0,0,40,28,0
37714,9.2,P,54,0,519,0,107,133,215,7,T,96,2,319,0,666,297,178,5,1,42,2,-200,0,559,164,-37,-2
37715,8.22,T,78,0,498,0,146,338,112,11,P,70,7,356,0,224,190,237,7,1,-8,7,-142,0,78,-148,125,-4
37716,10.29,P,43,0,600,0,0,166,73,0,Z,50,0,1059,0,25,102,178,3,0,7,0,459,0,25,-64,105,3
37717,10.31,P,75,2,852,0,89,354,49,4,T,40,0,899,0,7,109,83,5,0,-35,-2,47,0,-82,-245,34,1
37718,10.35,T,137,9,665,0,660,402,217,12,Z,95,8,603,0,138,251,277,3,1,-42,-1,-62,0,-522,-151,60,-9
37719,4.06,P,17,1,121,0,17,204,29,3,T,30,0,109,0,80,105,73,5,0,13,-1,-12,0,63,-99,44,2
37720,10.38,Z,77,0,408,0,38,263,211,12,Z,102,0,613,0,330,204,321,8,0,25,0,205,0,292,-59,110,-4
37721,8.09,P,34,1,417,0,1,113,68,0,T,63,5,549,0,71,196,97,0,1,29,4,132,0,70,83,29,0
37722,4.06,Z,13,0,81,0,62,68,94,4,Z,21,4,77,0,139,60,58,4,1,8,4,-4,0,77,-8,-36,0
37723,5.53,Z,35,0,408,0,0,74,136,0,T,10,0,269,0,0,12,24,0,0,-25,0,-139,0,0,-62,-112,0
37724,7.02,Z,65,0,319,0,268,283,233,13,Z,32,13,317,4,461,330,252,8,0,-33,13,-2,4,193,47,19,-5
37725,9.49,Z,58,0,139,0,34,103,161,2,Z,37,0,232,0,20,30,114,1,0,-21,0,93,0,-14,-73,-47,-1
37726,9.59,Z,57,0,407,0,40,138,247,6,P,55,0,777,0,39,154,69,5,0,-2,0,370,0,-1,16,-178,-1
37727,10.26,Z,87,0,439,0,308,362,393,20,T,99,7,696,0,809,272,213,2,0,12,7,257,0,501,-90,-180,-18
37728,8.45,P,61,0,351,0,703,212,415,16,T,79,0,546,0,69,103,198,7,1,18,0,195,0,-634,-109,-217,-9
37729,6.34,Z,34,0,304,0,0,49,108,1,Z,29,3,265,0,17,19,66,0,0,-5,3,-39,0,17,-30,-42,-1
37730,9.34,P,74,0,607,0,76,195,59,5,T,81,0,546,0,363,174,90,8,0,7,0,-61,0,287,-21,31,3
37731,9.58,T,82,0,503,0,45,240,115,5,Z,70,17,335,0,77,245,295,0,1,-12,17,-168,0,32,5,180,-5
37732,4.36,P,21,5,302,0,161,89,121,1,T,25,0,112,0,173,84,83,6,1,4,-5,-190,0,12,-5,-38,5
37733,6.5,Z,26,1,226,0,143,148,120,11,T,44,3,330,0,11,41,67,1,0,18,2,104,0,-132,-107,-53,-10
37734,7.54,T,66,0,575,0,582,416,69,6,T,93,0,426,0,598,343,135,12,1,27,0,-149,0,16,-73,66,6
37735,5.02,Z,25,1,335,0,10,115,138,3,Z,17,0,76,0,0,8,51,0,0,-8,-1,-259,0,-10,-107,-87,-3
37736,6.35,P,29,0,388,0,50,98,53,6,P,35,0,254,0,189,129,210,10,1,6,0,-134,0,139,31,157,4
37737,9.59,Z,56,0,411,0,36,276,210,8,T,69,0,382,0,23,125,92,5,0,13,0,-29,0,-13,-151,-118,-3
37738,6.34,T,65,7,357,0,404,180,146,6,P,59,2,398,0,154,181,62,7,1,-6,-5,41,0,-250,1,-84,1
37739,6.18,P,58,3,254,0,540,212,123,10,Z,49,2,206,0,38,143,136,7,1,-9,-1,-48,0,-502,-69,13,-3
37740,9.58,P,53,0,638,0,10,95,58,3,P,40,0,591,0,0,158,80,1,0,-13,0,-47,0,-10,63,22,-2
37741,6.09,T,33,3,308,0,1,143,66,0,P,27,0,286,0,0,121,61,0,1,-6,-3,-22,0,-1,-22,-5,0
37742,3.35,P,20,0,219,0,1,67,70,0,T,15,0,282,0,44,38,60,2,0,-5,0,63,0,43,-29,-10,2
37743,2.25,P,7,0,209,0,11,58,9,5,T,11,0,134,0,55,46,7,3,0,4,0,-75,0,44,-12,-2,-2
37744,6.17,Z,26,4,490,0,30,157,80,0,Z,27,0,540,0,40,98,100,5,1,1,-4,50,0,10,-59,20,5
37745,4.06,P,19,0,278,0,0,86,26,0,T,19,0,230,0,3,49,29,5,1,0,0,-48,0,3,-37,3,5
37746,7.25,Z,34,3,107,0,61,65,187,1,Z,38,1,301,0,278,80,234,4,1,4,-2,194,0,217,15,47,3
37747,7.52,P,49,0,573,0,301,176,139,6,Z,45,0,237,0,165,137,252,11,0,-4,0,-336,0,-136,-39,113,5
37748,6.52,Z,39,3,321,0,74,52,128,0,T,40,1,826,0,3,56,56,0,1,1,-2,505,0,-71,4,-72,0
37749,9.59,Z,63,0,213,0,55,856,263,13,T,75,0,634,0,0,230,142,4,1,12,0,421,0,-55,-626,-121,-9
37750,4.16,Z,18,3,163,0,4,25,60,0,T,15,0,198,0,0,46,42,0,1,-3,-3,35,0,-4,21,-18,0
37751,7.51,Z,54,11,410,0,282,233,250,11,T,79,5,439,0,192,228,112,3,0,25,-6,29,0,-90,-5,-138,-8
37752,9.27,Z,82,6,520,0,63,265,250,6,T,77,3,712,0,42,242,119,7,0,-5,-3,192,0,-21,-23,-131,1
37753,4.18,T,22,0,267,0,33,66,54,5,Z,24,3,126,0,363,104,123,7,0,2,3,-141,0,330,38,69,2
37754,9.59,T,93,10,600,0,1023,282,275,5,P,49,10,327,0,54,267,84,2,0,-44,0,-273,0,-969,-15,-191,-3
37755,9.59,P,53,0,353,0,23,140,62,6,Z,58,4,510,0,3,276,286,0,1,5,4,157,0,-20,136,224,-6
37756,4.55,T,26,0,81,0,0,31,69,0,P,27,0,356,0,15,53,24,2,0,1,0,275,0,15,22,-45,2
37757,9.59,T,64,0,737,0,114,263,221,8,T,75,1,686,0,65,220,185,6,1,11,1,-51,0,-49,-43,-36,-2
37758,9.44,P,44,4,837,0,44,115,43,2,Z,46,4,781,0,36,46,129,0,0,2,0,-56,0,-8,-69,86,-2
37759,9.57,T,112,5,656,0,116,263,264,1,P,67,4,602,0,153,190,187,2,0,-45,-1,-54,0,37,-73,-77,1
37760,6.46,P,37,0,332,0,96,161,46,8,T,54,0,528,0,36,252,75,6,0,17,0,196,0,-60,91,29,-2
37761,7.09,Z,55,0,393,0,88,177,250,3,T,44,7,396,0,204,142,99,0,0,-11,7,3,0,116,-35,-151,-3
37762,9.49,T,101,6,598,0,716,238,340,19,T,106,7,412,0,618,331,125,8,0,5,1,-186,0,-98,93,-215,-11
37763,10.11,T,85,0,982,0,126,236,171,10,Z,50,1,594,0,51,222,236,4,0,-35,1,-388,0,-75,-14,65,-6
37764,0.56,P,3,0,32,0,12,4,16,7,P,2,1,14,0,0,10,6,0,1,-1,1,-18,0,-12,6,-10,-7
37765,4.17,T,37,0,256,0,129,116,117,5,T,20,1,127,0,331,132,172,18,0,-17,1,-129,0,202,16,55,13
37766,9.43,T,80,0,961,0,12,196,107,2,T,91,0,450,0,258,316,102,11,1,11,0,-511,0,246,120,-5,9
37767,9.59,T,99,0,395,0,274,331,103,18,Z,83,9,484,0,620,486,395,6,0,-16,9,89,0,346,155,292,-12
37768,9.59,T,116,4,444,0,507,384,201,8,Z,79,4,438,0,70,257,206,15,1,-37,0,-6,0,-437,-127,5,7
37769,5.53,P,23,0,221,0,9,27,32,1,T,41,0,324,0,15,121,53,3,1,18,0,103,0,6,94,21,2
37770,8.03,Z,29,0,330,0,1,120,126,4,Z,30,0,276,0,3,50,104,2,1,1,0,-54,0,2,-70,-22,-2
37771,6.59,T,54,3,312,0,126,153,59,5,T,56,8,342,1,680,148,191,3,0,2,5,30,1,554,-5,132,-2
37772,7.37,P,64,4,463,0,460,264,95,13,P,52,1,573,0,65,234,72,4,0,-12,-3,110,0,-395,-30,-23,-9
37773,8.22,T,94,0,527,0,608,255,214,16,P,89,4,488,0,537,283,62,21,0,-5,4,-39,0,-71,28,-152,5
37774,9.59,P,56,0,543,0,36,96,71,9,T,46,0,571,0,0,118,92,1,0,-10,0,28,0,-36,22,21,-8
37775,3.56,Z,14,3,63,0,31,32,64,0,Z,23,1,100,0,176,26,142,1,0,9,-2,37,0,145,-6,78,1
37776,9.58,Z,36,0,347,0,0,98,144,0,T,59,0,609,0,24,138,65,2,1,23,0,262,0,24,40,-79,2
37777,2.49,P,13,0,84,0,0,47,16,1,Z,8,0,26,0,0,20,41,0,1,-5,0,-58,0,0,-27,25,-1
37778,9.59,P,65,0,915,0,15,393,74,4,Z,51,2,563,0,0,189,208,0,0,-14,2,-352,0,-15,-204,134,-4
37779,9.33,T,72,4,427,0,34,122,164,4,P,63,9,498,0,36,213,101,4,1,-9,5,71,0,2,91,-63,0
37780,7.16,Z,37,0,627,0,21,56,203,2,P,49,0,795,0,682,174,116,11,0,12,0,168,0,661,118,-87,9
37781,5.13,P,29,0,282,0,109,163,138,7,T,31,3,302,0,12,176,77,1,0,2,3,20,0,-97,13,-61,-6
37782,3.55,Z,14,2,150,0,16,143,80,4,P,15,0,247,0,9,47,19,3,1,1,-2,97,0,-7,-96,-61,-1
37783,5.09,T,37,4,199,0,3,48,186,0,T,32,1,134,0,45,43,65,0,0,-5,-3,-65,0,42,-5,-121,0
37784,9.58,T,34,0,493,0,0,20,78,0,P,33,0,309,0,9,46,37,2,1,-1,0,-184,0,9,26,-41,2
37785,7.42,Z,60,2,444,0,409,164,197,11,T,83,0,355,0,837,193,169,12,0,23,-2,-89,0,428,29,-28,1
37786,6.39,Z,63,3,321,0,123,99,95,4,T,57,4,365,2,197,165,164,6,0,-6,1,44,2,74,66,69,2
37787,9.58,T,61,0,419,0,28,132,100,14,P,31,0,482,0,1,94,70,1,0,-30,0,63,0,-27,-38,-30,-13
37788,4.32,T,19,0,166,0,173,26,121,4,T,21,3,110,0,7,19,36,0,0,2,3,-56,0,-166,-7,-85,-4
37789,9.59,T,20,0,165,0,4,20,39,3,Z,48,0,229,0,124,98,266,7,1,28,0,64,0,120,78,227,4
37790,10.21,P,44,0,1230,0,0,149,128,0,P,52,0,463,0,0,122,62,2,0,8,0,-767,0,0,-27,-66,2
37791,9.59,Z,48,1,522,0,20,166,155,6,P,62,0,763,0,19,295,87,6,1,14,-1,241,0,-1,129,-68,0
37792,9.58,T,29,0,367,0,0,20,43,0,P,32,0,551,0,1,34,25,3,1,3,0,184,0,1,14,-18,3
37793,10.04,Z,65,12,698,1,81,126,357,1,T,85,6,508,0,103,113,90,0,0,20,-6,-190,-1,22,-13,-267,-1
37794,10.04,Z,63,4,510,0,66,173,235,5,Z,78,0,541,13,203,412,424,19,0,15,-4,31,13,137,239,189,14
37795,9.43,T,102,8,633,0,517,174,263,1,Z,82,1,748,0,70,206,198,1,1,-20,-7,115,0,-447,32,-65,0
37796,4.07,T,17,0,364,0,2,34,19,2,P,13,0,200,0,3,71,25,5,0,-4,0,-164,0,1,37,6,3
37797,6.17,Z,57,0,188,0,242,199,278,12,Z,59,6,178,0,374,335,190,4,1,2,6,-10,0,132,136,-88,-8
37798,8.21,Z,40,0,626,0,0,22,125,0,T,50,3,373,0,176,69,72,2,1,10,3,-253,0,176,47,-53,2
37799,8.02,T,81,15,423,0,279,310,66,6,P,65,0,725,0,354,332,187,19,1,-16,-15,302,0,75,22,121,13
37800,9.27,Z,48,1,304,0,109,166,227,8,T,48,0,1597,0,0,92,87,0,0,0,-1,1293,0,-109,-74,-140,-8
37801,9.59,Z,67,0,605,0,71,209,273,9,T,87,1,577,0,789,193,105,14,0,20,1,-28,0,718,-16,-168,5
37802,9.59,T,141,0,571,0,935,268,231,12,Z,124,9,411,4,326,249,252,11,0,-17,9,-160,4,-609,-19,21,-1
37803,4.54,Z,49,2,199,0,307,150,93,4,P,33,2,258,0,279,156,61,11,1,-16,0,59,0,-28,6,-32,7
37804,9.59,Z,73,0,390,0,125,213,294,7,Z,58,0,244,0,55,184,236,4,0,-15,0,-146,0,-70,-29,-58,-3
37805,9.57,Z,69,2,865,0,87,267,189,8,T,112,0,611,0,63,225,87,10,0,43,-2,-254,0,-24,-42,-102,2
37806,3.36,T,20,0,103,0,3,65,24,7,T,7,0,64,0,0,61,61,0,0,-13,0,-39,0,-3,-4,37,-7
37807,5.49,T,49,1,171,0,162,205,94,7,T,48,0,185,0,639,156,151,21,1,-1,-1,14,0,477,-49,57,14
37808,10.48,T,99,0,877,0,120,222,130,8,P,98,0,575,0,520,470,138,10,1,-1,0,-302,0,400,248,8,2
37809,4.58,T,23,0,348,0,16,68,39,2,T,17,0,272,0,1,89,51,2,1,-6,0,-76,0,-15,21,12,0
37810,8.24,Z,65,0,573,2,971,173,186,10,T,63,5,417,0,302,201,113,3,0,-2,5,-156,-2,-669,28,-73,-7
37811,7.21,T,54,0,318,0,18,103,96,6,Z,39,1,255,0,20,171,106,1,1,-15,1,-63,0,2,68,10,-5
37812,10.07,T,93,0,914,0,51,166,110,8,Z,67,2,533,0,155,173,291,5,1,-26,2,-381,0,104,7,181,-3
37813,6.27,T,27,2,275,0,1,24,42,0,T,34,0,523,0,0,33,63,3,1,7,-2,248,0,-1,9,21,3
37814,9.58,T,113,8,505,0,716,350,184,13,Z,85,0,785,0,343,314,304,11,1,-28,-8,280,0,-373,-36,120,-2
37815,7.04,Z,32,3,154,0,80,39,102,3,P,34,5,262,0,72,86,46,1,1,2,2,108,0,-8,47,-56,-2
37816,10.16,Z,61,0,228,0,0,151,511,0,T,94,0,554,0,58,211,244,12,1,33,0,326,0,58,60,-267,12
37817,4,T,30,0,124,0,551,42,34,5,Z,20,2,157,0,18,53,61,0,1,-10,2,33,0,-533,11,27,-5
37818,9.55,Z,54,2,366,0,21,224,210,4,Z,67,2,584,0,592,302,633,3,0,13,0,218,0,571,78,423,-1
37819,6.41,P,24,0,502,0,0,16,25,1,T,25,1,305,0,0,33,30,2,0,1,1,-197,0,0,17,5,1
37820,8.43,Z,38,2,776,0,98,152,156,5,T,74,0,437,0,428,226,147,12,1,36,-2,-339,0,330,74,-9,7
37821,2.33,T,9,0,88,0,142,33,34,1,T,10,2,66,0,267,118,53,8,1,1,2,-22,0,125,85,19,7
37822,9.1,Z,53,8,355,0,42,96,191,0,P,44,1,479,0,12,180,67,2,0,-9,-7,124,0,-30,84,-124,2
37823,0.4,T,4,0,12,0,37,3,4,2,Z,2,1,18,0,3,7,17,1,1,-2,1,6,0,-34,4,13,-1
37824,9.59,T,62,0,605,0,86,140,83,13,Z,76,0,800,0,76,206,224,9,1,14,0,195,0,-10,66,141,-4
37825,9.59,T,87,4,789,0,72,238,122,3,T,82,0,451,0,63,290,144,10,0,-5,-4,-338,0,-9,52,22,7
37826,9.59,Z,49,3,706,0,29,156,126,0,P,56,2,669,0,40,239,101,4,1,7,-1,-37,0,11,83,-25,4
37827,9.59,P,42,12,536,0,57,56,47,0,Z,33,0,115,0,0,41,121,0,1,-9,-12,-421,0,-57,-15,74,0
37828,9.52,T,113,0,371,0,565,367,338,7,Z,74,3,387,0,101,197,262,12,0,-39,3,16,0,-464,-170,-76,5
37829,9.59,T,112,7,371,0,286,255,169,9,Z,75,7,710,2,152,253,333,11,1,-37,0,339,2,-134,-2,164,2
37830,2.43,P,9,0,208,0,83,111,26,7,P,18,0,69,0,232,131,44,5,1,9,0,-139,0,149,20,18,-2
37831,2.13,T,9,0,139,0,17,19,15,3,T,9,0,101,0,62,20,111,3,1,0,0,-38,0,45,1,96,0
37832,6.02,T,20,0,169,0,0,126,85,0,T,45,1,297,0,121,260,81,9,1,25,1,128,0,121,134,-4,9
37833,3.15,P,12,0,251,0,238,68,119,2,P,13,3,63,0,2,62,10,0,0,1,3,-188,0,-236,-6,-109,-2
37834,10.55,Z,75,0,709,0,44,132,277,10,P,66,0,567,0,44,182,100,14,0,-9,0,-142,0,0,50,-177,4
37835,9.59,P,99,0,539,0,184,369,121,14,T,90,0,481,0,929,270,260,8,0,-9,0,-58,0,745,-99,139,-6
37836,3.39,Z,18,0,304,0,25,55,54,2,P,15,0,122,0,91,52,25,8,0,-3,0,-182,0,66,-3,-29,6
37837,3.23,T,12,1,120,0,12,37,17,0,T,23,0,98,0,37,76,88,2,1,11,-1,-22,0,25,39,71,2
37838,6.49,Z,39,1,258,0,200,140,193,9,P,42,0,302,0,46,168,49,15,1,3,-1,44,0,-154,28,-144,6
37839,10.15,T,107,0,739,0,193,204,172,9,Z,58,0,402,7,42,103,239,0,0,-49,0,-337,7,-151,-101,67,-9
37840,9.59,P,67,0,666,0,11,167,96,15,T,66,0,608,0,99,170,90,8,1,-1,0,-58,0,88,3,-6,-7
37841,9.59,Z,63,0,213,0,197,210,368,5,Z,51,0,444,0,53,388,266,11,1,-12,0,231,0,-144,178,-102,6
37842,5.5,T,37,2,243,0,43,148,71,0,T,33,3,424,0,94,93,28,9,0,-4,1,181,0,51,-55,-43,9
37843,7.42,Z,36,4,273,0,18,66,127,0,T,51,5,577,0,32,130,193,0,1,15,1,304,0,14,64,66,0
37844,8.29,Z,57,0,509,0,203,215,200,6,Z,61,0,484,0,26,153,212,3,1,4,0,-25,0,-177,-62,12,-3
37845,9.59,Z,56,0,378,0,10,176,152,6,T,41,1,318,0,6,241,118,2,1,-15,1,-60,0,-4,65,-34,-4
37846,9.59,T,76,8,635,1,471,147,117,12,T,95,5,623,0,324,171,283,8,1,19,-3,-12,-1,-147,24,166,-4
37847,4.12,Z,18,0,78,0,194,91,118,4,Z,14,0,151,0,9,73,86,3,0,-4,0,73,0,-185,-18,-32,-1
37848,9.59,Z,80,11,739,0,616,295,298,3,P,107,8,453,0,491,410,142,4,1,27,-3,-286,0,-125,115,-156,1
37849,9.51,T,47,0,314,0,0,22,76,0,P,21,0,248,0,3,20,27,2,1,-26,0,-66,0,3,-2,-49,2
37850,3.57,P,26,0,331,0,56,110,46,6,T,15,0,132,0,0,36,44,0,1,-11,0,-199,0,-56,-74,-2,-6
37851,8.59,T,69,4,626,0,45,84,90,0,P,61,11,325,0,49,103,77,4,1,-8,7,-301,0,4,19,-13,4
37852,10.31,Z,64,0,461,0,33,201,303,6,T,65,0,1003,0,29,195,123,10,0,1,0,542,0,-4,-6,-180,4
37853,9.59,T,52,0,311,0,0,108,79,0,T,53,3,648,0,9,165,71,2,1,1,3,337,0,9,57,-8,2
37854,9.59,P,38,3,531,0,3,224,66,0,P,63,1,841,0,30,314,114,9,1,25,-2,310,0,27,90,48,9
37855,5.43,P,39,0,228,0,260,170,62,0,Z,40,3,307,0,64,170,162,5,0,1,3,79,0,-196,0,100,5
37856,10.22,Z,75,9,466,0,406,299,275,2,P,99,0,1140,0,476,207,105,10,1,24,-9,674,0,70,-92,-170,8
37857,10.36,T,89,8,449,0,656,258,255,7,Z,65,4,637,0,39,170,152,0,1,-24,-4,188,0,-617,-88,-103,-7
37858,7.16,Z,64,0,449,7,104,314,248,0,Z,81,12,299,0,382,192,283,7,1,17,12,-150,-7,278,-122,35,7
37859,5.55,P,47,0,280,0,144,222,87,7,Z,55,4,233,0,280,179,199,5,1,8,4,-47,0,136,-43,112,-2
37860,10.33,T,154,0,460,0,363,251,197,21,T,168,3,538,0,469,347,210,14,1,14,3,78,0,106,96,13,-7
37861,9.26,P,57,3,505,0,37,144,42,7,T,56,0,455,0,24,254,94,11,0,-1,-3,-50,0,-13,110,52,4
37862,5.1,Z,33,1,280,0,180,72,213,3,T,31,7,358,0,10,114,38,0,0,-2,6,78,0,-170,42,-175,-3
37863,9.59,P,99,0,499,0,123,413,161,14,P,94,9,700,0,169,366,209,1,1,-5,9,201,0,46,-47,48,-13
37864,9.59,T,98,0,602,0,172,294,105,15,Z,68,9,1036,0,71,258,197,0,1,-30,9,434,0,-101,-36,92,-15
37865,4.39,T,16,0,502,0,0,24,25,1,P,9,0,252,0,0,19,12,0,0,-7,0,-250,0,0,-5,-13,-1
37866,7.22,T,48,0,261,0,2,132,151,4,T,45,8,415,0,49,212,83,0,0,-3,8,154,0,47,80,-68,-4
37867,9.58,T,72,5,489,0,81,228,118,4,T,73,3,535,0,38,178,73,10,0,1,-2,46,0,-43,-50,-45,6
37868,7,Z,37,0,221,0,44,53,143,5,P,31,3,111,0,3,143,60,1,1,-6,3,-110,0,-41,90,-83,-4
37869,9.59,Z,47,0,598,0,48,178,164,4,T,109,8,448,0,53,351,137,6,1,62,8,-150,0,5,173,-27,2
37870,7.45,T,48,0,535,0,352,286,250,16,P,56,0,472,0,417,230,140,11,0,8,0,-63,0,65,-56,-110,-5
37871,8.5,Z,85,6,640,0,111,211,248,3,Z,40,7,192,3,47,119,142,2,0,-45,1,-448,3,-64,-92,-106,-1
37872,6.51,T,48,3,349,0,675,123,64,11,P,58,0,236,0,370,391,148,14,1,10,-3,-113,0,-305,268,84,3
37873,9.58,T,87,7,551,0,59,141,96,2,P,100,2,482,0,63,277,91,8,1,13,-5,-69,0,4,136,-5,6
37874,7.18,P,42,0,454,0,23,195,47,2,P,42,2,416,0,5,152,61,1,1,0,2,-38,0,-18,-43,14,-1
37875,6.57,P,26,7,468,0,19,70,27,0,T,35,1,474,0,1,126,50,3,1,9,-6,6,0,-18,56,23,3
37876,5.08,P,28,4,287,9,114,154,143,0,Z,32,2,220,0,30,93,110,1,0,4,-2,-67,-9,-84,-61,-33,1
37877,10.1,T,100,0,558,0,25,365,169,4,Z,56,0,802,0,43,114,165,6,1,-44,0,244,0,18,-251,-4,2
37878,9.36,T,86,2,439,0,168,245,212,4,T,89,10,549,0,107,340,168,7,0,3,8,110,0,-61,95,-44,3
37879,5.19,Z,23,3,477,0,20,52,88,5,P,40,1,300,2,298,168,92,2,0,17,-2,-177,2,278,116,4,-3
37880,9.59,T,49,0,847,0,2,297,103,2,T,68,1,461,0,5,249,177,4,1,19,1,-386,0,3,-48,74,2
37881,8.55,Z,55,11,507,3,268,296,179,2,Z,51,0,472,15,121,311,234,4,0,-4,-11,-35,12,-147,15,55,2
37882,4.21,T,18,0,260,0,0,52,22,1,Z,16,0,334,0,0,55,50,0,0,-2,0,74,0,0,3,28,-1
37883,10.09,Z,76,0,253,0,90,263,255,24,P,91,9,798,0,209,316,112,10,0,15,9,545,0,119,53,-143,-14
37884,6.03,Z,23,1,304,0,36,44,93,1,P,24,4,190,0,23,51,86,0,1,1,3,-114,0,-13,7,-7,-1
37885,9.59,Z,92,0,389,0,66,221,301,9,T,145,6,590,0,78,252,157,0,0,53,6,201,0,12,31,-144,-9
37886,6.23,Z,59,2,302,0,60,224,268,6,Z,31,0,401,0,19,153,150,3,1,-28,-2,99,0,-41,-71,-118,-3
37887,5.59,Z,34,0,179,0,6,44,77,1,T,28,2,275,0,3,134,40,1,1,-6,2,96,0,-3,90,-37,0
37888,9.58,T,40,0,386,0,30,40,47,4,T,48,0,319,0,0,78,86,0,0,8,0,-67,0,-30,38,39,-4
37889,3.03,T,13,0,94,0,108,45,119,4,T,15,2,139,0,150,9,20,1,0,2,2,45,0,42,-36,-99,-3
37890,9.11,Z,49,1,535,0,37,101,175,2,T,75,0,1007,0,28,213,89,6,1,26,-1,472,0,-9,112,-86,4
37891,5.53,P,28,1,254,0,1,63,50,1,T,40,6,398,0,334,89,42,0,0,12,5,144,0,333,26,-8,-1
37892,10.25,Z,87,12,490,0,167,431,433,10,T,159,0,355,0,331,355,262,12,1,72,-12,-135,0,164,-76,-171,2
37893,8.41,Z,60,8,359,2,272,290,232,2,T,67,0,421,0,284,245,208,4,0,7,-8,62,-2,12,-45,-24,2
37894,10.41,P,66,0,885,0,0,337,136,0,T,48,3,599,0,4,43,103,1,0,-18,3,-286,0,4,-294,-33,1
37895,10.35,Z,62,2,614,0,48,210,205,6,P,72,7,553,0,40,165,84,0,0,10,5,-61,0,-8,-45,-121,-6
37896,5.11,T,33,0,167,0,106,60,42,6,P,17,0,141,0,6,574,41,3,0,-16,0,-26,0,-100,514,-1,-3
37897,10.33,T,74,0,649,0,0,100,155,0,Z,60,0,287,0,88,76,213,1,0,-14,0,-362,0,88,-24,58,1
37898,9.59,T,109,3,891,0,246,366,170,9,P,77,0,570,0,88,293,127,22,1,-32,-3,-321,0,-158,-73,-43,13
37899,9.29,T,80,4,516,0,85,235,107,0,Z,55,2,354,0,38,118,164,1,0,-25,-2,-162,0,-47,-117,57,1
37900,9.59,Z,93,0,486,0,155,309,322,7,P,112,1,432,0,362,341,132,16,1,19,1,-54,0,207,32,-190,9
37901,6,Z,32,1,349,0,233,55,130,7,P,49,3,322,0,24,141,50,2,1,17,2,-27,0,-209,86,-80,-5
37902,2.32,T,9,3,103,0,39,52,16,4,Z,8,0,123,0,73,33,124,3,0,-1,-3,20,0,34,-19,108,-1
37903,5.49,P,54,1,186,0,65,259,57,4,Z,28,0,108,0,140,62,61,4,0,-26,-1,-78,0,75,-197,4,0
37904,9.58,Z,65,3,598,0,32,227,202,0,T,91,0,699,0,502,192,252,6,0,26,-3,101,0,470,-35,50,6
37905,3.57,T,19,3,168,0,3,46,36,0,T,17,0,201,0,0,9,21,1,0,-2,-3,33,0,-3,-37,-15,1
37906,9.59,P,59,0,630,0,261,262,85,3,P,93,10,309,0,215,249,70,4,1,34,10,-321,0,-46,-13,-15,1
37907,9.59,P,37,3,481,0,16,82,46,0,T,39,0,901,0,0,77,67,1,0,2,-3,420,0,-16,-5,21,1
37908,10.23,P,57,0,400,0,129,172,142,10,T,82,16,629,0,315,151,141,1,0,25,16,229,0,186,-21,-1,-9
37909,9.59,T,99,5,318,0,375,222,220,3,P,98,10,670,0,195,418,79,12,0,-1,5,352,0,-180,196,-141,9
37910,1.16,Z,2,0,39,0,0,37,19,0,P,4,0,53,0,1,23,14,1,0,2,0,14,0,1,-14,-5,1
37911,4.29,T,26,0,271,0,286,172,30,5,Z,27,0,158,0,201,40,139,22,0,1,0,-113,0,-85,-132,109,17
37912,6.18,T,15,0,315,0,7,47,42,3,T,47,5,330,0,32,135,71,8,1,32,5,15,0,25,88,29,5
37913,4.24,Z,19,0,294,0,25,70,74,1,P,27,2,262,0,29,117,68,3,1,8,2,-32,0,4,47,-6,2
37914,9.59,T,119,2,622,0,155,445,263,8,Z,93,0,277,17,129,180,241,8,1,-26,-2,-345,17,-26,-265,-22,0
37915,7.28,Z,39,0,401,0,31,145,148,12,Z,34,2,467,0,29,58,123,0,0,-5,2,66,0,-2,-87,-25,-12
37916,9.59,T,43,0,279,0,0,31,121,0,T,42,0,445,0,21,52,73,2,0,-1,0,166,0,21,21,-48,2
37917,4.36,T,38,1,216,0,167,97,101,7,Z,23,0,463,0,21,29,57,5,0,-15,-1,247,0,-146,-68,-44,-2
37918,7.07,P,67,0,287,0,213,252,129,11,T,50,3,277,0,402,155,73,17,1,-17,3,-10,0,189,-97,-56,6
37919,6.38,T,36,0,379,0,0,27,57,0,T,39,0,333,0,61,179,69,8,1,3,0,-46,0,61,152,12,8
37920,8.22,T,76,0,903,0,46,223,105,6,Z,43,2,254,0,476,153,166,10,1,-33,2,-649,0,430,-70,61,4
37921,10.38,T,90,0,499,0,176,256,129,11,Z,66,8,252,2,47,353,477,8,0,-24,8,-247,2,-129,97,348,-3
37922,9.58,T,62,0,582,0,2,47,82,2,P,39,2,593,0,4,118,67,1,1,-23,2,11,0,2,71,-15,-1
37923,3.05,T,6,0,229,0,96,14,12,3,Z,13,0,183,0,25,32,70,4,1,7,0,-46,0,-71,18,58,1
37924,6.45,P,47,0,421,0,23,223,60,15,Z,43,2,298,0,192,199,243,3,0,-4,2,-123,0,169,-24,183,-12
37925,9.59,T,88,5,457,0,53,227,201,4,P,27,0,693,0,12,39,58,2,0,-61,-5,236,0,-41,-188,-143,-2
37926,7.42,Z,27,5,190,0,25,173,183,3,Z,46,15,400,0,81,88,145,1,1,19,10,210,0,56,-85,-38,-2
37927,8.5,T,80,4,393,0,463,177,221,5,T,63,0,905,0,35,83,59,5,0,-17,-4,512,0,-428,-94,-162,0
37928,6.5,T,30,0,362,0,12,172,88,1,Z,44,0,311,0,375,82,145,3,1,14,0,-51,0,363,-90,57,2
37929,3.07,T,12,0,60,0,0,9,18,0,T,18,0,65,0,279,19,146,5,0,6,0,5,0,279,10,128,5
37930,8.47,Z,48,0,499,0,9,133,195,5,P,40,4,579,0,18,49,48,0,0,-8,4,80,0,9,-84,-147,-5
37931,9.58,T,51,3,457,0,4,72,82,0,Z,39,1,602,1,4,97,216,0,0,-12,-2,145,1,0,25,134,0
37932,9.59,P,74,0,793,0,135,204,122,5,T,49,0,443,0,0,92,83,0,0,-25,0,-350,0,-135,-112,-39,-5
37933,4.51,T,41,0,239,0,532,134,117,17,Z,34,3,157,0,473,163,91,9,0,-7,3,-82,0,-59,29,-26,-8
37934,9.59,T,39,2,353,0,2,42,48,0,T,37,3,872,2,21,154,146,4,0,-2,1,519,2,19,112,98,4
37935,10.5,T,97,8,386,0,588,347,113,5,T,90,0,730,0,178,315,258,10,1,-7,-8,344,0,-410,-32,145,5
37936,9.59,P,67,1,531,0,53,291,80,4,P,66,4,590,0,43,258,86,8,1,-1,3,59,0,-10,-33,6,4
37937,4.29,Z,22,0,101,0,242,105,99,9,T,41,3,247,0,39,134,54,5,1,19,3,146,0,-203,29,-45,-4
37938,4.38,Z,29,0,183,0,57,76,132,5,T,21,3,358,0,15,68,39,2,1,-8,3,175,0,-42,-8,-93,-3
37939,9.59,Z,60,2,660,0,13,234,186,1,T,59,0,326,0,0,134,100,1,0,-1,-2,-334,0,-13,-100,-86,0
37940,9.59,Z,65,15,451,0,89,75,174,1,T,76,0,475,0,70,160,130,13,0,11,-15,24,0,-19,85,-44,12
37941,2.19,T,9,0,61,0,195,32,38,1,Z,7,0,73,0,9,11,25,1,1,-2,0,12,0,-186,-21,-13,0
37942,10.52,T,137,4,873,0,536,238,153,3,Z,100,7,379,0,121,255,231,0,1,-37,3,-494,0,-415,17,78,-3
37943,6.03,T,33,0,422,0,0,42,64,1,P,27,0,344,0,6,32,43,3,1,-6,0,-78,0,6,-10,-21,2
37944,9.59,Z,66,0,423,0,143,209,350,5,T,85,0,509,0,39,246,125,14,1,19,0,86,0,-104,37,-225,9
37945,7.38,P,50,0,397,0,286,259,167,17,T,70,4,427,0,369,126,83,4,0,20,4,30,0,83,-133,-84,-13
37946,9.58,P,88,3,431,0,71,300,94,7,T,99,0,407,0,183,349,137,25,1,11,-3,-24,0,112,49,43,18
37947,3.3,P,9,0,133,0,184,50,47,3,Z,16,0,166,0,238,48,103,4,0,7,0,33,0,54,-2,56,1
37948,7.52,Z,63,0,459,0,161,187,240,6,Z,61,7,393,0,347,256,240,4,0,-2,7,-66,0,186,69,0,-2
37949,9.59,T,84,0,369,0,212,238,251,10,P,85,1,561,0,555,539,280,11,1,1,1,192,0,343,301,29,1
37950,2.31,T,17,0,145,0,10,40,39,2,P,13,0,55,0,37,75,129,4,0,-4,0,-90,0,27,35,90,2
37951,9.57,T,67,0,720,0,7,103,102,1,T,86,10,684,0,326,184,194,4,1,19,10,-36,0,319,81,92,3
37952,9.59,T,67,4,863,0,22,185,113,3,T,68,4,694,0,71,300,253,5,1,1,0,-169,0,49,115,140,2
37953,9.2,Z,90,1,562,0,150,391,276,10,Z,83,0,498,45,286,469,442,13,1,-7,-1,-64,45,136,78,166,3
37954,7.42,T,82,0,263,0,217,215,223,13,Z,46,0,329,0,18,162,235,8,0,-36,0,66,0,-199,-53,12,-5
37955,0.23,Z,1,0,22,0,23,5,3,2,P,0,0,14,0,0,3,2,0,1,-1,0,-8,0,-23,-2,-1,-2
37956,9.13,T,99,0,501,0,664,243,133,12,Z,61,6,748,0,113,174,193,1,0,-38,6,247,0,-551,-69,60,-11
37957,9.59,T,82,0,656,0,17,126,154,4,Z,58,1,353,0,111,87,195,3,0,-24,1,-303,0,94,-39,41,-1
37958,9.59,P,36,0,518,0,0,178,62,0,Z,88,5,474,0,614,218,318,2,1,52,5,-44,0,614,40,256,2
37959,9.51,T,59,2,485,0,30,150,125,3,Z,69,8,374,0,69,52,139,0,0,10,6,-111,0,39,-98,14,-3
37960,10.33,Z,84,1,559,0,301,365,545,6,T,100,0,671,0,144,268,107,16,0,16,-1,112,0,-157,-97,-438,10
37961,4.57,T,17,0,271,0,10,63,62,4,T,31,0,326,0,350,70,70,6,1,14,0,55,0,340,7,8,2
37962,5.06,P,18,0,131,0,1,20,25,3,T,29,0,549,0,2,55,66,3,0,11,0,418,0,1,35,41,0
37963,9.58,Z,86,0,530,20,169,234,396,1,T,96,11,257,0,107,174,95,2,0,10,11,-273,-20,-62,-60,-301,1
37964,8.04,Z,42,1,518,0,11,122,187,0,Z,31,0,817,0,21,73,134,2,1,-11,-1,299,0,10,-49,-53,2
37965,5.18,T,43,2,402,0,302,124,86,8,Z,34,0,343,0,92,139,96,1,0,-9,-2,-59,0,-210,15,10,-7
37966,9.59,T,103,0,481,0,52,441,128,15,T,95,0,604,0,118,379,149,26,0,-8,0,123,0,66,-62,21,11
37967,0.3,Z,2,1,33,0,2,6,7,1,Z,0,0,0,0,0,0,1,0,0,-2,-1,-33,0,-2,-6,-6,-1
37968,9.59,P,58,0,316,0,104,155,196,5,T,80,0,496,0,49,122,84,4,0,22,0,180,0,-55,-33,-112,-1
37969,6.48,Z,52,0,388,0,56,131,235,4,T,40,5,436,0,21,79,65,0,0,-12,5,48,0,-35,-52,-170,-4
37970,9.55,T,45,6,492,0,44,31,47,1,P,52,0,502,0,15,43,47,3,0,7,-6,10,0,-29,12,0,2
37971,7.08,T,35,0,336,0,283,89,70,2,T,50,0,180,0,555,105,58,6,0,15,0,-156,0,272,16,-12,4
37972,6.03,T,50,8,338,0,369,119,211,2,T,46,3,243,0,168,196,91,7,0,-4,-5,-95,0,-201,77,-120,5
37973,9.59,T,87,6,1099,2,51,85,94,0,Z,83,0,439,0,54,181,212,4,1,-4,-6,-660,-2,3,96,118,4
37974,9.59,T,70,0,600,0,100,238,254,7,T,78,2,698,0,23,141,260,1,0,8,2,98,0,-77,-97,6,-6
37975,7.42,Z,38,6,505,0,46,110,140,1,P,37,0,429,0,0,318,43,0,0,-1,-6,-76,0,-46,208,-97,-1
37976,5,P,23,0,377,0,373,125,50,8,Z,18,2,194,0,125,83,117,5,0,-5,2,-183,0,-248,-42,67,-3
37977,6.52,T,73,0,242,0,227,241,123,5,Z,39,2,333,0,87,230,151,12,0,-34,2,91,0,-140,-11,28,7
37978,9.58,P,26,0,444,0,0,58,51,0,T,44,0,447,0,0,15,47,0,1,18,0,3,0,0,-43,-4,0
37979,8.17,Z,55,0,329,0,219,249,269,4,P,57,0,428,0,492,165,78,16,0,2,0,99,0,273,-84,-191,12
37980,10.24,T,91,2,747,0,233,489,114,2,Z,88,4,720,0,92,142,259,1,0,-3,2,-27,0,-141,-347,145,-1
37981,9.58,P,48,3,341,0,7,110,83,0,T,85,3,724,0,116,275,115,4,0,37,0,383,0,109,165,32,4
37982,9.06,Z,60,0,400,0,631,237,250,10,Z,71,12,533,0,323,344,491,0,1,11,12,133,0,-308,107,241,-10
37983,9.2,Z,80,0,478,0,172,314,311,5,Z,68,9,300,0,94,216,205,8,0,-12,9,-178,0,-78,-98,-106,3
37984,9.59,P,68,0,647,0,37,202,65,11,Z,101,0,373,0,1076,233,428,13,1,33,0,-274,0,1039,31,363,2
37985,1.59,T,6,0,146,0,0,5,12,0,Z,5,0,18,0,0,8,28,0,1,-1,0,-128,0,0,3,16,0
37986,9.58,P,56,0,645,0,33,275,56,9,T,79,0,910,0,7,147,144,6,0,23,0,265,0,-26,-128,88,-3
37987,9.32,P,55,0,463,0,33,153,80,3,T,69,3,815,0,26,86,92,0,0,14,3,352,0,-7,-67,12,-3
37988,9.5,Z,57,1,290,0,137,170,195,4,T,75,0,572,0,18,154,123,18,1,18,-1,282,0,-119,-16,-72,14
37989,9.58,T,93,0,450,0,7,240,179,2,Z,47,3,644,0,73,135,237,3,1,-46,3,194,0,66,-105,58,1
37990,5.28,T,29,3,373,0,522,109,30,3,T,25,3,150,0,22,68,39,1,0,-4,0,-223,0,-500,-41,9,-2
37991,4.37,Z,22,1,177,0,74,67,140,5,T,27,0,248,0,373,94,190,4,1,5,-1,71,0,299,27,50,-1
37992,9.14,Z,48,6,316,0,75,145,150,2,T,98,3,526,0,239,295,80,11,1,50,-3,210,0,164,150,-70,9
37993,2.25,T,8,0,55,0,10,46,19,1,T,10,0,133,0,0,10,19,0,1,2,0,78,0,-10,-36,0,-1
37994,10.35,Z,72,0,306,0,152,102,199,5,Z,79,3,911,0,90,131,198,0,0,7,3,605,0,-62,29,-1,-5
37995,9.31,Z,99,15,531,2,500,251,313,11,P,98,2,623,0,622,227,115,12,0,-1,-13,92,-2,122,-24,-198,1
37996,9.59,T,101,0,498,0,26,180,107,7,Z,60,6,497,0,58,229,185,5,1,-41,6,-1,0,32,49,78,-2
37997,7.04,T,65,3,361,0,346,126,86,6,Z,53,3,252,0,204,122,205,5,1,-12,0,-109,0,-142,-4,119,-1
37998,6.16,Z,34,0,254,0,19,25,84,2,P,19,1,118,0,1,78,51,0,0,-15,1,-136,0,-18,53,-33,-2
37999,3.18,Z,10,1,129,0,16,17,34,1,T,14,0,166,0,5,12,16,2,1,4,-1,37,0,-11,-5,-18,1
38000,4.5,P,23,1,336,0,666,81,73,2,Z,35,3,137,0,13,93,228,1,0,12,2,-199,0,-653,12,155,-1
38001,8.49,Z,51,8,344,0,78,149,245,0,Z,54,4,263,0,31,114,163,0,0,3,-4,-81,0,-47,-35,-82,0
38002,9.5,Z,33,0,147,0,0,36,127,0,P,26,0,496,0,5,51,49,1,0,-7,0,349,0,5,15,-78,1
38003,2.41,P,15,1,147,0,21,101,25,0,Z,9,0,226,0,0,39,39,0,0,-6,-1,79,0,-21,-62,14,0
38004,2.3,Z,11,1,61,0,1,51,28,0,T,7,0,124,0,0,21,15,0,1,-4,-1,63,0,-1,-30,-13,0
38005,8.43,P,51,1,282,0,545,138,40,8,T,115,0,425,0,277,166,89,27,1,64,-1,143,0,-268,28,49,19
38006,9.59,T,89,0,526,0,54,346,382,14,Z,68,6,486,0,628,233,251,6,1,-21,6,-40,0,574,-113,-131,-8
38007,9.56,Z,72,5,540,15,86,176,216,0,T,109,5,562,0,757,281,188,9,1,37,0,22,-15,671,105,-28,9
38008,8.57,P,75,0,723,0,592,215,153,9,T,91,5,386,0,288,186,117,3,1,16,5,-337,0,-304,-29,-36,-6
38009,7.27,Z,48,1,361,0,85,169,211,3,P,31,8,480,0,484,190,251,0,0,-17,7,119,0,399,21,40,-3
38010,10,Z,65,4,472,0,603,177,351,3,T,39,0,556,0,0,64,72,0,0,-26,-4,84,0,-603,-113,-279,-3
38011,3.15,Z,12,1,192,0,19,45,59,1,P,16,0,94,0,19,55,30,1,0,4,-1,-98,0,0,10,-29,0
38012,4.05,Z,19,3,210,0,30,81,88,0,Z,17,3,20,0,46,41,60,0,0,-2,0,-190,0,16,-40,-28,0
38013,9.59,P,50,0,519,0,0,274,122,3,Z,76,0,434,0,70,146,245,8,1,26,0,-85,0,70,-128,123,5
38014,9.59,T,71,6,516,0,173,228,111,0,P,81,5,350,0,68,196,69,11,1,10,-1,-166,0,-105,-32,-42,11
38015,5.04,Z,26,0,277,0,114,101,116,6,P,53,3,271,0,265,230,140,4,0,27,3,-6,0,151,129,24,-2
38016,8.05,P,66,3,397,0,84,211,52,8,Z,61,11,265,0,495,290,251,3,1,-5,8,-132,0,411,79,199,-5
38017,9.59,T,74,0,700,0,12,203,296,5,Z,74,5,528,0,221,202,374,0,0,0,5,-172,0,209,-1,78,-5
38018,9.59,T,62,2,631,0,57,132,112,7,T,69,0,596,0,201,216,189,8,0,7,-2,-35,0,144,84,77,1
38019,4.05,Z,14,0,149,3,18,21,62,0,T,15,0,169,0,110,28,29,5,1,1,0,20,-3,92,7,-33,5
38020,9.59,T,67,7,565,0,6,88,151,0,P,40,1,494,0,15,125,66,7,1,-27,-6,-71,0,9,37,-85,7
38021,5.43,Z,27,0,291,0,291,132,158,9,P,30,0,373,0,308,140,117,9,1,3,0,82,0,17,8,-41,0
38022,9.59,Z,68,2,410,0,54,254,276,4,T,75,3,926,0,15,90,87,0,0,7,1,516,0,-39,-164,-189,-4
38023,9.59,Z,40,0,506,0,3,105,146,3,Z,39,0,346,0,0,153,142,0,0,-1,0,-160,0,-3,48,-4,-3
38024,8.49,T,78,5,441,0,178,163,206,1,P,75,2,381,0,48,159,77,5,0,-3,-3,-60,0,-130,-4,-129,4
38025,8.55,P,58,3,539,0,154,204,51,4,T,82,4,602,0,176,290,137,0,1,24,1,63,0,22,86,86,-4
38026,9.59,Z,79,3,645,0,277,219,386,4,P,88,1,551,0,777,240,144,19,0,9,-2,-94,0,500,21,-242,15
38027,9.59,P,67,7,346,0,47,287,101,0,T,112,11,468,0,108,232,195,3,0,45,4,122,0,61,-55,94,3
38028,8.24,P,39,3,214,0,8,184,87,1,Z,41,0,266,2,73,60,147,0,1,2,-3,52,2,65,-124,60,-1
38029,9.59,Z,67,9,607,0,27,204,219,2,T,109,3,358,0,88,364,99,24,1,42,-6,-249,0,61,160,-120,22
38030,9.58,Z,63,4,581,0,95,98,227,1,P,49,1,463,0,19,231,209,3,1,-14,-3,-118,0,-76,133,-18,2
38031,2.39,T,12,1,28,0,16,35,14,3,T,12,0,157,0,6,61,20,2,1,0,-1,129,0,-10,26,6,-1
38032,10.52,Z,54,12,518,0,33,99,180,2,Z,61,4,279,0,35,77,193,9,1,7,-8,-239,0,2,-22,13,7
38033,10.06,P,44,0,677,0,17,196,79,0,Z,48,0,705,0,8,131,254,2,1,4,0,28,0,-9,-65,175,2
38034,4.47,T,40,0,197,0,162,160,50,11,T,36,0,197,0,374,82,149,5,0,-4,0,0,0,212,-78,99,-6
38035,4.15,T,18,3,106,0,285,55,140,1,P,20,3,240,0,3,60,32,0,1,2,0,134,0,-282,5,-108,-1
38036,3.28,P,9,0,110,0,95,33,117,2,T,21,0,163,0,284,38,38,3,0,12,0,53,0,189,5,-79,1
38037,9.59,T,74,0,662,0,33,168,124,8,Z,51,7,557,0,36,100,146,2,1,-23,7,-105,0,3,-68,22,-6
38038,9.57,T,100,5,963,2,79,239,152,12,T,81,0,932,0,41,274,169,16,0,-19,-5,-31,-2,-38,35,17,4
38039,9.59,P,60,0,459,0,19,302,85,5,T,71,0,687,0,0,192,131,1,0,11,0,228,0,-19,-110,46,-4
38040,9.58,T,64,3,854,0,300,193,105,13,Z,64,0,799,0,62,137,211,5,0,0,-3,-55,0,-238,-56,106,-8
38041,6.43,Z,44,2,568,0,21,72,125,2,T,20,0,76,0,0,28,46,0,1,-24,-2,-492,0,-21,-44,-79,-2
38042,9.57,P,51,0,311,0,6,135,103,2,T,83,3,493,0,451,139,112,4,1,32,3,182,0,445,4,9,2
38043,9.59,P,85,10,551,1,74,292,101,6,Z,56,9,183,0,38,62,203,0,0,-29,-1,-368,-1,-36,-230,102,-6
38044,8.27,Z,42,7,619,0,120,200,251,0,Z,38,6,633,0,564,157,188,6,1,-4,-1,14,0,444,-43,-63,6
38045,9.59,T,73,3,758,0,5,153,109,3,Z,38,4,182,0,32,61,126,0,0,-35,1,-576,0,27,-92,17,-3
38046,6.42,Z,29,5,376,0,48,202,140,0,Z,5,0,98,0,1,38,64,1,0,-24,-5,-278,0,-47,-164,-76,1
38047,9.59,P,57,0,829,0,10,198,185,2,T,65,3,684,0,299,156,196,8,0,8,3,-145,0,289,-42,11,6
38048,10.1,T,105,0,319,0,687,358,292,23,Z,91,14,607,0,747,306,499,0,0,-14,14,288,0,60,-52,207,-23
38049,3.5,Z,21,0,205,0,226,60,103,5,P,19,0,143,3,204,91,40,0,0,-2,0,-62,3,-22,31,-63,-5
38050,5.27,Z,24,4,314,0,1164,105,71,6,P,33,4,494,0,372,116,68,1,1,9,0,180,0,-792,11,-3,-5
38051,6.03,T,34,2,419,0,138,146,59,2,T,41,3,367,0,24,152,91,0,0,7,1,-52,0,-114,6,32,-2
38052,10.27,P,43,9,381,0,27,211,82,0,P,33,0,347,0,21,231,71,9,1,-10,-9,-34,0,-6,20,-11,9
38053,8.35,Z,40,5,522,0,30,60,115,2,P,45,1,370,0,59,129,61,3,0,5,-4,-152,0,29,69,-54,1
38054,9.22,P,62,6,560,0,22,271,74,1,T,71,9,818,0,51,258,91,7,1,9,3,258,0,29,-13,17,6
38055,9.01,Z,61,8,1057,0,534,172,315,4,P,73,1,740,0,43,271,60,8,1,12,-7,-317,0,-491,99,-255,4
38056,9.59,Z,53,3,355,0,170,192,253,0,T,63,0,741,0,17,143,166,5,0,10,-3,386,0,-153,-49,-87,5
38057,5.36,Z,33,0,255,0,13,105,95,2,P,32,0,88,0,0,31,51,2,1,-1,0,-167,0,-13,-74,-44,0
38058,4.1,T,27,3,239,0,46,52,31,0,Z,21,1,321,0,11,44,62,0,1,-6,-2,82,0,-35,-8,31,0
38059,9.58,T,75,6,481,0,363,261,185,7,T,71,2,376,0,406,220,144,8,0,-4,-4,-105,0,43,-41,-41,1
38060,10.23,P,65,6,899,0,48,261,164,2,P,64,0,555,0,74,316,215,17,1,-1,-6,-344,0,26,55,51,15
38061,2,T,8,0,70,0,57,52,31,2,T,6,0,166,0,153,23,13,2,0,-2,0,96,0,96,-29,-18,0
38062,10.04,Z,89,18,566,0,357,211,370,5,T,104,0,685,0,163,341,136,8,1,15,-18,119,0,-194,130,-234,3
38063,3.51,P,21,2,61,0,89,55,85,0,T,24,4,186,0,282,62,75,1,0,3,2,125,0,193,7,-10,1
38064,3.14,T,13,0,169,0,73,75,34,5,Z,16,1,42,0,298,74,183,2,1,3,1,-127,0,225,-1,149,-3
38065,9.59,T,72,0,691,0,54,107,114,10,Z,54,0,619,0,36,70,223,4,0,-18,0,-72,0,-18,-37,109,-6
38066,5.22,P,19,2,177,0,1,59,30,0,P,26,4,166,0,75,151,33,4,0,7,2,-11,0,74,92,3,4
38067,7.29,Z,40,3,243,0,38,29,119,0,P,46,2,431,0,36,81,98,5,0,6,-1,188,0,-2,52,-21,5
38068,6.59,P,23,0,335,0,150,96,75,1,P,32,1,564,0,1,136,58,1,0,9,1,229,0,-149,40,-17,0
38069,9.59,Z,66,0,431,19,175,169,286,2,P,75,2,638,0,30,220,74,2,1,9,2,207,-19,-145,51,-212,0
38070,9.59,T,98,3,386,0,54,243,131,8,Z,62,2,557,0,64,152,220,5,0,-36,-1,171,0,10,-91,89,-3
38071,6.25,T,35,5,211,0,216,114,48,3,Z,35,0,180,0,25,121,83,2,0,0,-5,-31,0,-191,7,35,-1
38072,10,P,47,0,757,0,32,281,87,6,P,49,0,718,0,39,99,49,7,1,2,0,-39,0,7,-182,-38,1
38073,6.5,Z,48,0,510,0,50,149,134,8,Z,41,2,278,0,184,141,279,4,0,-7,2,-232,0,134,-8,145,-4
38074,8.17,P,53,0,500,0,48,282,112,5,P,39,1,499,3,20,287,109,0,0,-14,1,-1,3,-28,5,-3,-5
38075,6.29,T,33,0,401,0,6,77,38,1,T,30,1,189,0,6,38,89,3,1,-3,1,-212,0,0,-39,51,2
38076,6.43,Z,32,11,452,0,47,160,92,0,Z,34,2,428,0,53,126,110,0,0,2,-9,-24,0,6,-34,18,0
38077,6.02,T,32,4,243,0,21,61,47,1,P,37,0,327,0,610,164,141,13,1,5,-4,84,0,589,103,94,12
38078,8.08,Z,69,0,312,0,190,316,256,12,T,93,2,423,0,166,329,78,9,1,24,2,111,0,-24,13,-178,-3
38079,2.06,Z,13,3,7,0,16,23,36,0,Z,10,1,148,0,224,40,63,3,1,-3,-2,141,0,208,17,27,3
38080,9.58,Z,48,2,930,0,18,170,221,0,T,43,0,420,0,2,101,91,5,0,-5,-2,-510,0,-16,-69,-130,5
38081,10.13,Z,45,1,442,0,12,45,119,5,P,47,0,798,0,15,104,69,2,1,2,-1,356,0,3,59,-50,-3
38082,3.24,Z,10,1,244,0,0,81,40,1,P,9,1,55,0,4,38,15,0,0,-1,0,-189,0,4,-43,-25,-1
38083,9.59,T,78,0,548,0,3,189,241,3,Z,79,4,397,0,469,213,412,7,1,1,4,-151,0,466,24,171,4
38084,9.57,T,55,4,756,0,151,139,65,7,T,61,2,848,0,428,318,240,2,1,6,-2,92,0,277,179,175,-5
38085,7.02,Z,45,0,341,0,28,34,173,2,P,46,0,519,0,38,214,124,3,1,1,0,178,0,10,180,-49,1
38086,8.51,Z,78,0,390,16,443,114,383,1,P,77,0,366,0,203,183,99,12,1,-1,0,-24,-16,-240,69,-284,11
38087,9.59,Z,67,0,525,0,40,146,473,2,T,76,0,891,0,97,186,174,2,0,9,0,366,0,57,40,-299,0
38088,6.51,Z,40,4,241,0,16,148,132,0,T,33,0,418,0,2,104,85,2,1,-7,-4,177,0,-14,-44,-47,2
38089,9.59,P,38,0,290,0,1,252,110,3,P,39,1,737,0,3,51,50,0,1,1,1,447,0,2,-201,-60,-3
38090,9.4,P,42,0,513,0,17,226,69,2,Z,75,2,413,0,187,242,279,22,1,33,2,-100,0,170,16,210,20
38091,8.07,Z,60,2,531,0,118,132,242,0,P,67,0,417,0,259,291,192,11,1,7,-2,-114,0,141,159,-50,11
38092,9.59,P,75,2,663,0,425,332,84,12,Z,67,0,425,0,254,259,231,7,1,-8,-2,-238,0,-171,-73,147,-5
38093,4.25,T,33,0,162,0,345,71,28,5,Z,22,0,129,0,73,90,117,2,1,-11,0,-33,0,-272,19,89,-3
38094,10.19,Z,54,0,702,0,0,68,183,0,Z,60,0,477,0,91,316,340,8,0,6,0,-225,0,91,248,157,8
38095,7.26,P,48,0,372,0,143,170,124,15,T,56,4,502,0,28,174,150,1,1,8,4,130,0,-115,4,26,-14
38096,9.59,T,77,3,423,0,105,249,95,5,Z,64,2,596,3,34,238,288,0,1,-13,-1,173,3,-71,-11,193,-5
38097,10.1,T,105,0,424,0,470,380,176,16,T,122,0,349,0,316,266,135,12,1,17,0,-75,0,-154,-114,-41,-4
38098,9.59,T,73,0,415,0,41,137,94,8,T,69,2,898,0,15,198,146,10,0,-4,2,483,0,-26,61,52,2
38099,4.07,T,19,2,164,0,292,82,107,2,T,38,6,186,0,249,90,67,1,0,19,4,22,0,-43,8,-40,-1
38100,6.28,T,37,4,466,0,4,57,73,0,Z,16,0,184,0,16,30,72,2,0,-21,-4,-282,0,12,-27,-1,2
38101,9.59,P,45,0,908,0,0,248,69,0,Z,59,0,642,0,43,138,173,5,1,14,0,-266,0,43,-110,104,5
38102,4.53,Z,19,3,97,0,20,30,69,0,P,19,0,564,0,0,141,93,0,1,0,-3,467,0,-20,111,24,0
38103,7.57,T,37,0,599,0,0,105,87,1,T,64,6,483,0,56,312,68,9,1,27,6,-116,0,56,207,-19,8
38104,8.39,Z,49,2,427,0,62,34,166,3,T,69,6,488,0,96,184,81,0,1,20,4,61,0,34,150,-85,-3
38105,6.52,P,53,4,281,0,189,262,126,9,T,71,5,269,0,721,245,243,8,1,18,1,-12,0,532,-17,117,-1
38106,7.22,T,84,4,229,0,264,260,72,7,Z,54,0,308,0,280,231,139,6,1,-30,-4,79,0,16,-29,67,-1
38107,9.37,Z,70,11,506,0,131,208,352,5,Z,65,7,396,0,258,78,215,2,0,-5,-4,-110,0,127,-130,-137,-3
38108,9.59,T,68,0,475,0,21,122,131,17,Z,62,0,717,0,58,101,193,3,1,-6,0,242,0,37,-21,62,-14
38109,4.57,P,31,0,188,0,193,126,121,2,P,25,0,277,0,6,54,53,0,1,-6,0,89,0,-187,-72,-68,-2
38110,10.05,T,129,7,376,0,368,236,208,9,Z,92,0,927,0,34,158,362,12,0,-37,-7,551,0,-334,-78,154,3
38111,9.58,T,73,3,520,0,282,128,133,2,Z,58,9,694,0,51,83,165,1,0,-15,6,174,0,-231,-45,32,-1
38112,9.59,T,89,0,375,0,208,224,90,4,Z,67,9,522,0,194,587,408,8,1,-22,9,147,0,-14,363,318,4
38113,5.46,Z,34,0,227,0,278,229,144,10,P,43,0,301,0,107,291,108,6,1,9,0,74,0,-171,62,-36,-4
38114,7.48,P,36,0,259,0,0,49,49,2,P,30,0,191,0,6,54,52,3,0,-6,0,-68,0,6,5,3,1
38115,8.41,P,54,1,444,0,36,115,67,0,P,59,0,496,0,216,341,94,19,1,5,-1,52,0,180,226,27,19
38116,7.09,P,35,1,529,0,67,109,43,0,T,29,0,501,0,22,232,23,7,1,-6,-1,-28,0,-45,123,-20,7
38117,9.59,T,131,0,241,0,585,240,146,7,Z,93,1,349,0,255,315,369,2,1,-38,1,108,0,-330,75,223,-5
38118,9.59,T,94,4,623,0,176,475,137,4,T,80,7,416,0,290,194,96,9,1,-14,3,-207,0,114,-281,-41,5
38119,7.34,T,22,0,463,0,0,150,58,3,Z,19,0,202,0,0,55,72,0,1,-3,0,-261,0,0,-95,14,-3
38120,9.59,P,60,4,310,0,92,322,151,2,P,88,0,350,0,154,286,209,6,1,28,-4,40,0,62,-36,58,4
38121,9.59,P,75,5,586,0,21,254,97,0,Z,62,0,899,0,70,274,220,2,0,-13,-5,313,0,49,20,123,2
38122,4.11,Z,19,0,126,0,8,63,40,1,T,23,0,197,0,4,73,33,4,0,4,0,71,0,-4,10,-7,3
38123,5.22,Z,17,0,165,0,0,27,52,0,T,23,7,307,0,96,107,38,1,1,6,7,142,0,96,80,-14,1
38124,9.59,T,101,0,735,0,48,155,170,21,T,80,0,430,0,303,183,289,6,0,-21,0,-305,0,255,28,119,-15
38125,8.52,T,56,0,384,0,16,189,77,8,P,50,8,617,0,26,138,76,2,0,-6,8,233,0,10,-51,-1,-6
38126,4.59,T,20,0,399,0,0,34,33,1,Z,21,0,141,0,0,27,73,0,0,1,0,-258,0,0,-7,40,-1
38127,9.59,Z,79,0,536,0,20,219,383,6,T,83,0,559,0,171,305,231,6,1,4,0,23,0,151,86,-152,0
38128,3.52,T,21,0,77,0,7,83,27,4,Z,27,0,119,0,112,121,143,2,1,6,0,42,0,105,38,116,-2
38129,9.59,T,68,0,305,0,4,192,108,2,T,43,0,254,0,6,141,106,1,1,-25,0,-51,0,2,-51,-2,-1
38130,3.49,T,18,1,253,0,0,26,36,0,T,15,0,157,0,9,32,29,1,0,-3,-1,-96,0,9,6,-7,1
38131,9.45,T,74,0,325,0,109,185,298,9,P,37,0,1006,0,0,104,94,0,0,-37,0,681,0,-109,-81,-204,-9
38132,2.43,Z,12,0,30,0,0,10,41,0,Z,11,0,57,0,143,28,184,2,0,-1,0,27,0,143,18,143,2
38133,8.04,T,78,3,688,0,149,237,97,1,Z,53,0,461,0,28,50,113,4,1,-25,-3,-227,0,-121,-187,16,3
38134,0.12,Z,0,1,6,0,2,4,6,0,Z,2,2,9,0,4,10,15,0,0,2,1,3,0,2,6,9,0
38135,9.59,T,56,2,370,0,20,77,77,2,Z,60,3,182,0,17,136,181,2,1,4,1,-188,0,-3,59,104,0
38136,4.11,Z,21,0,157,0,9,62,59,3,P,22,0,148,0,27,130,26,3,1,1,0,-9,0,18,68,-33,0
38137,3.07,Z,17,0,186,0,17,73,57,1,P,14,0,78,0,2,94,42,2,0,-3,0,-108,0,-15,21,-15,1
38138,4.02,P,18,0,140,0,33,107,24,4,T,5,0,334,0,0,36,8,0,0,-13,0,194,0,-33,-71,-16,-4
38139,5.26,Z,15,0,95,0,0,75,110,0,P,14,0,295,0,0,161,33,0,0,-1,0,200,0,0,86,-77,0
38140,6.32,P,36,0,362,0,8,104,121,4,P,26,0,337,0,58,175,69,2,0,-10,0,-25,0,50,71,-52,-2
38141,4.41,Z,27,0,95,0,9,74,204,7,Z,11,0,131,0,63,39,103,4,1,-16,0,36,0,54,-35,-101,-3
38142,9.57,Z,40,0,254,0,4,68,168,1,P,31,0,322,0,0,29,39,0,0,-9,0,68,0,-4,-39,-129,-1
38143,9.58,Z,70,7,399,0,75,206,248,2,T,95,6,665,0,505,200,139,16,1,25,-1,266,0,430,-6,-109,14
38144,10.34,P,69,2,606,0,29,263,85,1,Z,80,12,438,0,678,229,277,3,0,11,10,-168,0,649,-34,192,2
38145,9.59,T,70,0,541,1,25,127,131,0,Z,48,11,769,0,45,50,160,1,1,-22,11,228,-1,20,-77,29,1
38146,3.21,T,8,0,251,0,0,8,19,0,T,10,0,150,0,0,6,19,0,1,2,0,-101,0,0,-2,0,0
38147,5.29,P,42,0,361,0,362,225,56,10,T,57,7,288,0,165,187,158,12,1,15,7,-73,0,-197,-38,102,2
38148,9.59,T,61,3,456,0,1467,134,87,7,P,51,5,540,0,18,155,159,8,1,-10,2,84,0,-1449,21,72,1
38149,10.38,P,69,0,383,0,458,170,248,13,P,58,2,371,0,375,308,130,11,0,-11,2,-12,0,-83,138,-118,-2
38150,7.52,Z,52,2,323,0,211,156,230,4,Z,61,3,482,0,444,301,276,12,1,9,1,159,0,233,145,46,8
38151,10.22,T,47,0,748,0,5,80,95,7,P,28,0,475,0,0,74,51,0,0,-19,0,-273,0,-5,-6,-44,-7
38152,7.32,Z,35,0,353,0,35,92,137,3,Z,25,0,337,0,0,181,97,0,0,-10,0,-16,0,-35,89,-40,-3
38153,0.21,Z,2,0,25,0,2,9,6,3,Z,2,0,3,0,2,4,17,5,1,0,0,-22,0,0,-5,11,2
38154,2.37,Z,9,2,30,0,323,10,47,0,Z,11,2,174,0,115,16,82,0,0,2,0,144,0,-208,6,35,0
38155,2.04,Z,10,1,32,0,2,26,47,3,Z,7,0,65,0,141,62,64,4,1,-3,-1,33,0,139,36,17,1
38156,9.18,P,44,0,753,0,29,234,106,4,T,90,0,456,0,119,207,123,3,1,46,0,-297,0,90,-27,17,-1
38157,6.43,Z,30,2,320,0,81,18,162,1,T,47,0,340,0,140,56,153,7,0,17,-2,20,0,59,38,-9,6
38158,9.59,Z,41,3,356,0,23,102,167,0,P,51,7,755,0,120,80,88,1,1,10,4,399,0,97,-22,-79,1
38159,7.12,T,49,6,398,0,766,127,126,1,T,70,6,188,0,131,200,58,3,1,21,0,-210,0,-635,73,-68,2
38160,5.25,P,11,0,168,0,0,83,33,1,P,19,0,264,0,4,129,22,2,0,8,0,96,0,4,46,-11,1
38161,7,P,22,0,321,0,0,43,34,4,P,36,4,619,0,14,118,74,0,1,14,4,298,0,14,75,40,-4
38162,5.5,T,26,1,366,0,4,69,61,4,P,26,1,268,0,10,120,107,3,1,0,0,-98,0,6,51,46,-1
38163,9.59,Z,102,2,448,0,73,236,263,3,T,76,4,695,0,60,190,81,6,0,-26,2,247,0,-13,-46,-182,3
38164,10.37,T,73,0,499,18,131,280,175,1,Z,72,0,565,9,289,244,383,1,1,-1,0,66,-9,158,-36,208,0
38165,8.17,T,24,0,487,0,414,134,40,1,P,37,0,226,0,5,117,81,2,0,13,0,-261,0,-409,-17,41,1
38166,10.44,T,148,0,677,2,918,401,282,15,Z,128,13,449,2,1145,296,456,22,1,-20,13,-228,0,227,-105,174,7
38167,9.19,T,80,0,227,0,208,219,197,9,Z,60,7,574,0,249,225,257,4,0,-20,7,347,0,41,6,60,-5
38168,9.58,Z,49,0,658,0,3,70,135,3,P,50,0,507,0,0,190,81,0,0,1,0,-151,0,-3,120,-54,-3
38169,9.59,T,82,6,770,0,47,360,186,4,P,71,9,521,0,52,289,190,7,1,-11,3,-249,0,5,-71,4,3
38170,6,T,26,0,426,0,7,80,31,1,P,27,0,276,0,0,174,70,1,1,1,0,-150,0,-7,94,39,0
38171,8.51,P,53,1,792,0,46,123,112,10,P,60,0,262,0,51,118,83,9,1,7,-1,-530,0,5,-5,-29,-1
38172,6.3,T,42,0,403,0,434,277,72,5,T,47,0,220,0,127,140,70,9,1,5,0,-183,0,-307,-137,-2,4
38173,6.56,T,58,4,263,0,160,161,57,4,T,45,0,650,0,22,90,51,8,0,-13,-4,387,0,-138,-71,-6,4
38174,3.34,Z,10,0,93,0,58,50,112,4,P,19,0,138,0,204,83,81,0,1,9,0,45,0,146,33,-31,-4
38175,6.13,T,32,0,504,0,14,57,35,2,P,12,0,396,0,0,7,13,0,0,-20,0,-108,0,-14,-50,-22,-2
38176,9.53,P,129,2,657,0,142,461,150,8,T,94,0,478,0,186,366,85,17,1,-35,-2,-179,0,44,-95,-65,9
38177,10.39,T,63,0,665,0,40,234,116,11,Z,58,3,722,0,11,139,220,0,0,-5,3,57,0,-29,-95,104,-11
38178,7.55,Z,49,8,607,0,26,111,122,0,P,43,1,435,0,13,109,64,3,0,-6,-7,-172,0,-13,-2,-58,3
38179,2.48,T,8,1,77,0,97,24,20,0,T,13,0,60,0,451,30,14,8,1,5,-1,-17,0,354,6,-6,8
38180,9.59,T,65,2,524,0,43,109,68,3,Z,46,0,755,0,44,163,176,10,1,-19,-2,231,0,1,54,108,7
38181,3.57,T,8,0,82,0,2,18,13,1,Z,10,0,23,0,0,4,35,0,0,2,0,-59,0,-2,-14,22,-1
38182,4.14,T,20,1,144,0,16,84,49,0,Z,19,0,207,0,0,115,82,0,1,-1,-1,63,0,-16,31,33,0
38183,2.55,Z,7,0,58,0,25,117,33,1,Z,19,0,107,0,26,24,175,1,0,12,0,49,0,1,-93,142,0
38184,7.36,Z,40,2,529,0,43,96,127,5,T,62,0,370,0,323,267,206,10,1,22,-2,-159,0,280,171,79,5
38185,9.58,T,47,4,642,0,11,237,94,1,P,30,0,394,0,0,85,37,0,0,-17,-4,-248,0,-11,-152,-57,-1
38186,4.51,P,45,0,188,0,451,149,82,8,T,54,0,214,0,220,115,171,11,0,9,0,26,0,-231,-34,89,3
38187,9.05,Z,53,2,457,5,109,103,237,0,T,88,2,648,0,11,191,131,1,0,35,0,191,-5,-98,88,-106,1
38188,9.54,Z,64,6,640,0,31,160,201,4,Z,51,0,322,0,22,28,156,0,1,-13,-6,-318,0,-9,-132,-45,-4
38189,9.58,Z,62,0,449,0,44,95,181,1,Z,46,0,395,0,1,109,165,2,0,-16,0,-54,0,-43,14,-16,1
38190,5.14,T,13,0,261,0,0,67,61,0,T,28,3,269,0,4,70,42,1,1,15,3,8,0,4,3,-19,1
38191,2.51,Z,11,0,86,0,0,320,42,0,P,10,0,180,0,14,32,25,1,1,-1,0,94,0,14,-288,-17,1
38192,7.13,T,60,0,348,0,446,171,180,19,T,59,9,452,0,273,135,119,7,1,-1,9,104,0,-173,-36,-61,-12
38193,2.32,P,9,0,238,0,15,60,20,1,Z,9,0,120,2,272,57,114,3,1,0,0,-118,2,257,-3,94,2
38194,9.58,T,54,0,812,0,30,239,109,7,T,60,0,675,0,47,203,63,9,1,6,0,-137,0,17,-36,-46,2
38195,9.59,P,80,3,490,0,41,195,89,9,T,121,0,399,0,176,372,214,14,0,41,-3,-91,0,135,177,125,5
38196,6.43,T,29,1,356,0,2,74,68,2,P,37,2,374,0,47,200,39,3,1,8,1,18,0,45,126,-29,1
38197,7.39,T,50,5,420,0,166,147,101,7,P,59,0,164,0,267,82,71,9,1,9,-5,-256,0,101,-65,-30,2
38198,5.57,Z,25,5,227,0,12,57,75,2,T,56,1,233,0,118,162,104,4,1,31,-4,6,0,106,105,29,2
38199,7.25,Z,36,5,367,0,66,137,205,3,Z,44,0,307,0,4,127,224,3,0,8,-5,-60,0,-62,-10,19,0
38200,4.42,T,26,0,235,0,14,54,45,4,P,20,0,259,0,263,104,35,3,1,-6,0,24,0,249,50,-10,-1
38201,6.5,T,32,0,350,0,14,50,79,4,Z,22,0,546,0,11,50,98,1,0,-10,0,196,0,-3,0,19,-3
38202,9.58,T,78,1,498,0,31,200,96,3,Z,67,5,979,0,52,71,208,0,1,-11,4,481,0,21,-129,112,-3
38203,9.36,P,46,0,905,0,23,80,36,4,T,38,0,757,0,23,42,64,8,0,-8,0,-148,0,0,-38,28,4
38204,3.25,Z,14,0,52,0,29,44,55,2,P,22,0,195,0,196,106,30,9,0,8,0,143,0,167,62,-25,7
38205,1.49,P,7,0,68,0,9,20,7,2,P,6,0,84,0,3,18,8,3,0,-1,0,16,0,-6,-2,1,1
38206,9.59,Z,73,3,242,0,31,33,217,0,P,59,0,452,0,25,157,78,7,0,-14,-3,210,0,-6,124,-139,7
38207,6.25,P,20,0,242,0,10,21,29,3,T,28,0,160,0,1,21,39,2,0,8,0,-82,0,-9,0,10,-1
38208,9.55,P,77,8,680,0,232,180,101,15,T,101,8,814,0,89,227,118,2,0,24,0,134,0,-143,47,17,-13
38209,9.59,Z,65,2,714,0,29,122,284,0,P,83,1,674,0,392,385,123,18,1,18,-1,-40,0,363,263,-161,18
38210,4.03,T,25,1,180,0,255,58,39,10,P,18,0,112,0,16,35,24,9,1,-7,-1,-68,0,-239,-23,-15,-1
38211,5.3,Z,38,2,329,0,95,137,118,1,T,55,1,200,0,420,217,100,4,0,17,-1,-129,0,325,80,-18,3
38212,9.59,P,78,4,820,0,38,253,86,0,T,53,4,599,0,8,218,125,0,1,-25,0,-221,0,-30,-35,39,0
38213,1.38,T,7,0,67,0,189,23,6,10,Z,7,1,86,0,13,11,29,1,1,0,1,19,0,-176,-12,23,-9
38214,3.12,Z,13,0,178,0,51,73,74,5,P,13,1,166,0,132,26,13,4,0,0,1,-12,0,81,-47,-61,-1
38215,2.14,T,5,0,147,0,2,15,13,2,Z,9,3,99,0,187,57,95,0,1,4,3,-48,0,185,42,82,-2
38216,7.17,T,26,0,323,0,0,23,37,0,P,21,0,515,0,0,19,14,0,0,-5,0,192,0,0,-4,-23,0
38217,9.59,T,79,7,493,0,215,261,114,0,T,99,3,454,0,280,378,143,16,1,20,-4,-39,0,65,117,29,16
38218,10.14,Z,62,1,324,0,532,106,175,6,T,72,0,271,0,49,191,318,3,0,10,-1,-53,0,-483,85,143,-3
38219,6.25,P,42,3,367,0,15,126,53,8,T,42,0,377,0,216,140,53,5,1,0,-3,10,0,201,14,0,-3
38220,5.14,P,36,0,224,0,423,149,47,12,P,54,0,238,0,355,197,156,12,0,18,0,14,0,-68,48,109,0
38221,4.04,P,26,0,223,0,10,100,42,4,P,16,0,182,0,4,61,31,2,1,-10,0,-41,0,-6,-39,-11,-2
38222,10.08,T,90,0,706,0,25,225,121,9,Z,57,13,578,0,76,155,192,1,0,-33,13,-128,0,51,-70,71,-8
38223,9.58,T,89,0,418,0,649,374,422,12,T,93,3,402,0,115,218,125,12,0,4,3,-16,0,-534,-156,-297,0
38224,9.59,T,72,7,474,0,202,203,114,0,T,91,3,420,0,388,209,174,1,1,19,-4,-54,0,186,6,60,1
38225,10.15,Z,66,0,995,0,31,231,208,3,Z,58,0,757,0,17,146,231,2,0,-8,0,-238,0,-14,-85,23,-1
38226,9.59,T,61,1,738,0,20,108,96,6,P,48,4,418,0,13,190,72,0,1,-13,3,-320,0,-7,82,-24,-6
38227,10.07,T,143,0,476,0,565,287,165,15,Z,77,0,415,0,64,204,306,3,0,-66,0,-61,0,-501,-83,141,-12
38228,9.59,T,55,0,406,0,26,164,67,5,Z,50,0,660,0,0,163,153,2,0,-5,0,254,0,-26,-1,86,-3
38229,9.59,Z,105,11,486,0,226,279,308,1,P,96,3,851,0,100,480,172,4,0,-9,-8,365,0,-126,201,-136,3
38230,8.26,Z,48,7,394,0,66,202,194,0,Z,44,4,279,0,432,183,495,0,1,-4,-3,-115,0,366,-19,301,0
38231,4.4,T,38,4,215,0,164,123,56,1,P,28,3,205,0,294,150,42,4,0,-10,-1,-10,0,130,27,-14,3
38232,9.59,Z,67,0,545,0,21,148,216,19,T,116,2,525,0,86,315,82,4,1,49,2,-20,0,65,167,-134,-15
38233,9.39,Z,52,0,672,0,1,103,190,1,T,55,0,321,0,4,116,108,10,1,3,0,-351,0,3,13,-82,9
38234,9.59,T,40,0,366,0,0,84,67,0,Z,47,2,566,0,0,84,144,3,0,7,2,200,0,0,0,77,3
38235,9.59,P,61,5,431,0,452,249,98,5,T,64,1,306,0,9,110,96,1,0,3,-4,-125,0,-443,-139,-2,-4
38236,8.36,Z,64,4,365,0,431,324,253,7,Z,77,11,320,0,380,341,207,3,0,13,7,-45,0,-51,17,-46,-4
38237,5.18,P,22,2,410,0,1,152,65,0,Z,24,3,695,0,21,70,76,0,0,2,1,285,0,20,-82,11,0
38238,8.47,T,82,0,609,0,96,273,101,14,P,106,4,503,0,300,325,112,29,1,24,4,-106,0,204,52,11,15
38239,3.4,T,12,0,230,0,0,55,43,0,Z,19,0,264,0,30,103,112,3,0,7,0,34,0,30,48,69,3
38240,9.04,P,46,6,338,2,32,112,63,2,Z,26,0,760,0,0,158,134,1,0,-20,-6,422,-2,-32,46,71,-1
38241,4.2,Z,12,2,126,3,53,43,82,6,Z,21,0,114,6,239,78,210,0,0,9,-2,-12,3,186,35,128,-6
38242,2.23,P,3,0,60,0,9,83,6,3,Z,7,0,31,0,0,33,31,2,1,4,0,-29,0,-9,-50,25,-1
38243,9.05,T,71,0,597,0,67,165,142,11,T,48,3,502,0,11,154,78,0,0,-23,3,-95,0,-56,-11,-64,-11
38244,9.59,T,60,2,1015,0,14,374,68,1,P,47,0,728,0,2,115,80,0,0,-13,-2,-287,0,-12,-259,12,-1
38245,9.08,T,82,0,383,0,93,275,116,12,T,88,0,367,19,660,297,187,1,1,6,0,-16,19,567,22,71,-11
38246,8.04,T,61,1,476,0,71,140,87,4,T,67,0,281,0,407,219,189,11,1,6,-1,-195,0,336,79,102,7
38247,2.03,Z,6,0,66,0,32,25,71,2,Z,9,1,229,0,22,31,48,1,0,3,1,163,0,-10,6,-23,-1
38248,9.14,Z,88,8,303,0,87,125,302,1,P,61,3,383,0,102,205,109,13,1,-27,-5,80,0,15,80,-193,12
38249,5.24,T,26,0,362,0,108,74,18,5,P,25,0,453,0,4,62,41,1,0,-1,0,91,0,-104,-12,23,-4
38250,9.59,P,105,0,680,0,989,314,234,7,Z,89,1,379,0,268,227,295,1,0,-16,1,-301,0,-721,-87,61,-6
38251,3.45,Z,22,4,148,0,144,93,158,0,T,17,0,119,0,73,64,62,12,0,-5,-4,-29,0,-71,-29,-96,12
38252,4.55,Z,40,2,212,0,380,95,207,3,T,50,4,252,8,457,153,154,4,1,10,2,40,8,77,58,-53,1
38253,9.46,T,84,4,264,0,122,278,104,7,Z,86,0,493,0,194,198,308,5,1,2,-4,229,0,72,-80,204,-2
38254,7.31,Z,47,3,464,0,168,327,282,2,T,69,0,430,0,390,180,152,8,0,22,-3,-34,0,222,-147,-130,6
38255,7.17,T,108,5,394,0,649,186,164,9,P,67,6,421,0,472,151,169,14,0,-41,1,27,0,-177,-35,5,5
38256,9.56,Z,63,5,385,0,76,196,280,3,T,143,5,546,0,120,259,244,3,1,80,0,161,0,44,63,-36,0
38257,7.17,T,64,4,497,0,41,46,70,0,T,58,6,579,0,413,154,151,4,0,-6,2,82,0,372,108,81,4
38258,2.16,P,15,0,127,0,126,81,38,1,P,10,0,97,0,32,62,85,1,1,-5,0,-30,0,-94,-19,47,0
38259,7.21,P,45,1,443,0,22,341,68,6,Z,27,0,352,0,3,77,102,8,0,-18,-1,-91,0,-19,-264,34,2
38260,9.59,P,64,5,624,0,16,189,83,0,T,62,0,784,0,21,127,95,2,0,-2,-5,160,0,5,-62,12,2
38261,6.32,Z,30,2,286,0,27,58,78,0,Z,30,2,157,0,39,16,74,0,0,0,0,-129,0,12,-42,-4,0
38262,8.18,T,69,0,765,0,93,224,101,6,T,106,5,442,0,754,325,79,18,1,37,5,-323,0,661,101,-22,12
38263,6.46,P,33,0,148,0,16,44,26,2,T,29,0,366,0,0,33,65,0,1,-4,0,218,0,-16,-11,39,-2
38264,9.57,Z,114,34,479,0,346,347,365,16,Z,102,16,254,0,464,379,394,4,1,-12,-18,-225,0,118,32,29,-12
38265,9.59,Z,62,2,877,0,62,201,254,3,T,87,11,624,0,44,175,138,2,1,25,9,-253,0,-18,-26,-116,-1
38266,3.02,P,14,0,48,5,11,34,30,0,P,19,2,50,0,17,102,43,0,0,5,2,2,-5,6,68,13,0
38267,5.58,Z,39,2,408,0,234,102,232,3,P,50,0,534,9,119,123,95,0,1,11,-2,126,9,-115,21,-137,-3
38268,8.39,T,58,1,425,2,38,93,68,4,Z,51,0,470,0,22,87,141,1,1,-7,-1,45,-2,-16,-6,73,-3
38269,8.1,Z,43,4,478,0,18,199,156,0,Z,36,0,642,0,35,358,154,8,0,-7,-4,164,0,17,159,-2,8
38270,7.13,Z,51,0,193,0,195,162,118,10,Z,48,9,515,0,45,126,183,2,0,-3,9,322,0,-150,-36,65,-8
38271,8.11,P,44,7,594,0,10,74,58,3,T,56,6,867,0,46,90,75,0,1,12,-1,273,0,36,16,17,-3
38272,9.2,P,40,7,340,0,31,119,60,0,Z,61,0,550,0,37,138,211,3,1,21,-7,210,0,6,19,151,3
38273,9.59,P,55,5,688,0,25,302,80,0,Z,46,5,559,0,29,52,139,0,1,-9,0,-129,0,4,-250,59,0
38274,9.59,Z,52,0,249,0,33,146,124,1,T,58,0,781,0,26,263,141,2,0,6,0,532,0,-7,117,17,1
38275,2.58,Z,9,2,176,0,13,29,32,0,T,14,0,103,0,205,42,51,4,1,5,-2,-73,0,192,13,19,4
38276,7.03,P,52,0,528,0,287,190,78,8,T,78,4,492,0,78,152,85,6,1,26,4,-36,0,-209,-38,7,-2
38277,10.3,P,79,1,600,0,109,151,105,8,Z,79,5,612,0,429,201,266,16,1,0,4,12,0,320,50,161,8
38278,8.08,T,47,4,668,0,64,127,80,1,T,78,6,527,0,396,138,150,7,1,31,2,-141,0,332,11,70,6
38279,7.2,P,36,0,512,0,0,190,71,0,P,27,6,297,0,30,242,44,0,1,-9,6,-215,0,30,52,-27,0
38280,10.52,Z,78,0,1000,0,0,109,199,0,T,84,8,721,0,158,122,105,0,1,6,8,-279,0,158,13,-94,0
38281,8.46,P,51,0,616,0,49,85,119,3,T,76,5,366,0,220,196,123,15,0,25,5,-250,0,171,111,4,12
38282,3.44,Z,13,0,282,0,39,22,42,5,Z,13,1,98,0,11,22,29,0,0,0,1,-184,0,-28,0,-13,-5
38283,6.08,P,37,0,320,0,277,230,157,17,Z,41,6,269,0,121,149,102,0,1,4,6,-51,0,-156,-81,-55,-17
38284,2.52,Z,10,0,84,0,0,7,35,0,Z,11,0,45,0,16,15,45,2,1,1,0,-39,0,16,8,10,2
38285,2.49,T,10,0,112,0,267,54,92,1,T,14,0,239,0,2,15,18,2,1,4,0,127,0,-265,-39,-74,1
38286,6.47,Z,51,7,310,0,177,120,171,5,Z,39,0,207,0,206,211,182,18,0,-12,-7,-103,0,29,91,11,13
38287,9.59,Z,75,10,421,0,676,318,269,21,Z,67,7,575,0,790,173,265,3,1,-8,-3,154,0,114,-145,-4,-18
38288,1.42,P,4,0,38,0,0,11,9,0,P,7,0,45,0,1,30,12,1,1,3,0,7,0,1,19,3,1
38289,3.03,P,8,0,168,0,0,22,5,0,Z,11,2,89,0,20,60,38,1,1,3,2,-79,0,20,38,33,1
38290,7.55,P,38,0,347,0,9,167,63,2,T,47,8,492,0,42,208,99,0,1,9,8,145,0,33,41,36,-2
38291,9.35,T,84,2,385,0,658,170,190,6,P,31,0,217,0,2,80,72,1,0,-53,-2,-168,0,-656,-90,-118,-5
38292,9.57,P,33,0,592,0,0,51,40,0,P,37,0,609,0,9,238,97,4,0,4,0,17,0,9,187,57,4
38293,2.57,P,16,1,144,0,163,79,72,0,T,17,0,127,0,111,77,50,2,1,1,-1,-17,0,-52,-2,-22,2
38294,2.03,T,16,0,97,0,6,16,11,1,P,9,2,98,0,9,83,6,0,1,-7,2,1,0,3,67,-5,-1
38295,9.59,Z,53,0,365,0,37,151,189,1,T,69,0,867,0,19,260,175,3,0,16,0,502,0,-18,109,-14,2
38296,5.21,Z,17,4,100,0,20,55,74,1,Z,0,0,1,0,0,0,0,0,0,-17,-4,-99,0,-20,-55,-74,-1
38297,9.59,Z,87,14,418,4,250,527,327,2,P,117,0,412,0,248,325,160,20,1,30,-14,-6,-4,-2,-202,-167,18
38298,9.59,T,86,6,586,0,136,222,159,3,P,64,1,569,0,21,240,203,1,1,-22,-5,-17,0,-115,18,44,-2
38299,6.44,P,36,0,442,0,429,241,79,10,P,34,6,361,0,558,141,132,1,0,-2,6,-81,0,129,-100,53,-9
38300,3.36,Z,11,0,261,0,10,13,44,2,T,10,0,253,0,2,14,16,1,0,-1,0,-8,0,-8,1,-28,-1
38301,4.09,Z,14,1,105,0,107,67,171,3,Z,14,3,75,0,33,45,50,5,1,0,2,-30,0,-74,-22,-121,2
38302,9.59,P,32,0,265,0,4,104,51,4,T,40,2,914,0,24,132,81,3,0,8,2,649,0,20,28,30,-1
38303,9.59,Z,30,3,563,0,15,90,128,0,Z,34,1,483,0,8,75,123,1,1,4,-2,-80,0,-7,-15,-5,1
38304,4.07,Z,17,1,185,0,88,82,90,1,T,25,0,157,7,40,38,30,0,1,8,-1,-28,7,-48,-44,-60,-1
38305,8.3,Z,53,0,627,0,378,537,254,5,Z,61,1,587,15,173,399,268,1,0,8,1,-40,15,-205,-138,14,-4
38306,10.14,Z,37,0,668,0,3,185,216,2,P,54,0,653,0,9,271,105,2,1,17,0,-15,0,6,86,-111,0
38307,9.57,P,42,0,688,0,0,122,88,1,T,88,6,437,3,187,220,70,3,0,46,6,-251,3,187,98,-18,2
38308,4.53,T,27,3,375,0,14,239,45,7,T,36,3,199,0,190,122,112,2,1,9,0,-176,0,176,-117,67,-5
38309,9.59,P,26,0,348,0,0,170,57,0,Z,30,0,537,0,0,182,170,0,0,4,0,189,0,0,12,113,0
38310,9.57,T,45,0,625,0,42,45,69,4,T,62,0,712,0,55,149,85,4,0,17,0,87,0,13,104,16,0
38311,9.53,T,46,0,521,0,23,75,61,5,T,40,2,944,0,2,38,73,3,1,-6,2,423,0,-21,-37,12,-2
38312,7.21,T,50,0,384,0,59,189,125,9,T,48,0,608,0,13,142,238,3,1,-2,0,224,0,-46,-47,113,-6
38313,7.37,P,25,0,580,0,11,99,29,2,T,27,0,401,0,12,59,71,3,0,2,0,-179,0,1,-40,42,1
38314,9.55,T,43,0,467,0,0,49,75,0,T,25,0,409,0,0,22,56,0,0,-18,0,-58,0,0,-27,-19,0
38315,5.51,T,34,1,146,0,69,87,156,4,T,34,0,403,0,54,145,44,4,0,0,-1,257,0,-15,58,-112,0
38316,8.47,Z,72,0,538,0,81,188,263,3,P,71,8,538,0,43,356,143,5,0,-1,8,0,0,-38,168,-120,2
38317,5.57,P,55,3,165,0,264,175,52,7,P,37,2,274,0,39,158,86,6,0,-18,-1,109,0,-225,-17,34,-1
38318,6.1,T,35,0,597,0,26,74,195,2,P,31,0,220,0,85,124,44,9,0,-4,0,-377,0,59,50,-151,7
38319,9.59,Z,54,0,648,0,90,378,165,10,T,78,1,539,0,75,180,93,14,1,24,1,-109,0,-15,-198,-72,4
38320,7.26,T,67,0,450,0,70,171,157,4,P,39,0,516,0,7,88,51,4,0,-28,0,66,0,-63,-83,-106,0
38321,3.43,T,20,0,119,0,282,49,118,7,P,16,4,337,0,5,42,14,0,0,-4,4,218,0,-277,-7,-104,-7
38322,9.58,T,80,5,514,0,134,328,192,7,P,42,0,326,0,1,226,59,2,1,-38,-5,-188,0,-133,-102,-133,-5
38323,8.35,T,75,3,592,0,71,166,95,3,P,56,2,252,0,37,238,212,7,1,-19,-1,-340,0,-34,72,117,4
38324,9.59,Z,34,0,444,0,1,55,96,0,Z,35,1,307,0,2,96,143,0,1,1,1,-137,0,1,41,47,0
38325,6.29,T,51,3,217,0,350,183,215,6,T,24,0,206,0,27,256,98,2,1,-27,-3,-11,0,-323,73,-117,-4
38326,10.13,Z,60,4,631,0,33,369,212,0,P,73,0,571,0,191,155,69,16,1,13,-4,-60,0,158,-214,-143,16
38327,9.24,T,61,5,313,0,382,245,218,15,P,78,4,523,0,44,157,56,0,1,17,-1,210,0,-338,-88,-162,-15
38328,9.59,Z,60,3,318,0,52,168,177,9,T,126,1,696,0,454,497,261,10,1,66,-2,378,0,402,329,84,1
38329,10.34,Z,66,7,383,0,57,135,147,1,Z,57,0,513,0,12,118,185,2,0,-9,-7,130,0,-45,-17,38,1
38330,9.59,T,153,7,620,0,435,284,196,9,Z,94,0,578,18,575,331,330,4,0,-59,-7,-42,18,140,47,134,-5
38331,7.1,Z,43,3,471,0,97,111,210,2,P,46,0,225,0,289,222,105,12,0,3,-3,-246,0,192,111,-105,10
38332,5.09,T,33,0,243,0,92,194,94,3,T,52,0,248,0,21,114,72,12,1,19,0,5,0,-71,-80,-22,9
38333,2.16,T,9,0,106,0,0,21,123,0,Z,10,2,51,0,18,4,34,0,1,1,2,-55,0,18,-17,-89,0
38334,8.33,Z,40,0,394,0,145,212,163,7,Z,41,0,339,0,40,231,170,4,1,1,0,-55,0,-105,19,7,-3
38335,1.54,P,7,0,135,0,17,61,10,6,T,9,0,126,0,16,26,21,3,1,2,0,-9,0,-1,-35,11,-3
38336,5.55,T,27,0,229,0,47,82,35,2,P,41,0,251,0,16,105,44,3,0,14,0,22,0,-31,23,9,1
38337,8.42,P,55,0,400,0,177,192,264,5,P,38,0,236,0,20,45,77,10,0,-17,0,-164,0,-157,-147,-187,5
38338,9.59,P,44,1,677,0,10,65,87,1,T,56,0,436,0,72,191,77,7,1,12,-1,-241,0,62,126,-10,6
38339,9.12,Z,49,0,157,0,5,113,160,8,P,47,0,621,0,13,232,68,3,1,-2,0,464,0,8,119,-92,-5
38340,8.02,P,65,0,354,0,459,188,279,8,P,59,6,488,0,62,167,132,0,0,-6,6,134,0,-397,-21,-147,-8
38341,3.01,T,25,0,118,0,28,57,92,1,P,10,0,43,0,0,49,13,0,1,-15,0,-75,0,-28,-8,-79,-1
38342,4.55,T,38,1,176,1,188,65,51,3,Z,22,4,535,0,265,119,54,4,1,-16,3,359,-1,77,54,3,1
38343,10.36,P,39,0,911,0,6,126,80,2,T,78,0,500,0,42,108,66,5,1,39,0,-411,0,36,-18,-14,3
38344,3.16,P,21,0,163,0,131,180,44,5,Z,16,0,88,0,58,78,100,2,0,-5,0,-75,0,-73,-102,56,-3
38345,6.3,Z,34,4,392,0,73,126,124,1,T,58,4,337,0,593,220,154,13,1,24,0,-55,0,520,94,30,12
38346,4.44,Z,15,0,160,0,0,22,47,0,P,25,0,269,0,151,175,42,4,1,10,0,109,0,151,153,-5,4
38347,9.36,T,113,0,679,0,30,150,139,9,P,75,3,644,0,27,201,84,1,1,-38,3,-35,0,-3,51,-55,-8
38348,6.22,T,54,0,677,0,50,121,56,6,Z,39,6,412,2,286,157,184,2,0,-15,6,-265,2,236,36,128,-4
38349,5.13,Z,28,8,157,0,45,79,88,2,P,24,1,272,0,96,136,110,2,1,-4,-7,115,0,51,57,22,0
38350,9.59,P,78,3,512,0,62,197,91,5,T,97,4,340,0,280,296,118,16,1,19,1,-172,0,218,99,27,11
38351,9.56,Z,74,2,494,0,72,399,221,2,P,69,2,1002,0,175,287,97,5,1,-5,0,508,0,103,-112,-124,3
38352,3.51,P,23,0,190,0,4,206,78,5,P,19,0,110,0,21,77,17,3,1,-4,0,-80,0,17,-129,-61,-2
38353,9.59,Z,56,1,340,0,90,156,193,11,T,87,1,410,0,81,213,120,5,1,31,0,70,0,-9,57,-73,-6
38354,9.59,P,44,6,537,0,7,119,57,2,P,46,0,531,0,1,108,63,1,0,2,-6,-6,0,-6,-11,6,-1
38355,6.48,P,23,0,265,0,1193,85,32,4,T,35,0,347,0,59,67,114,15,1,12,0,82,0,-1134,-18,82,11
38356,9.52,T,46,0,712,0,18,38,62,6,Z,54,2,263,0,27,110,140,3,1,8,2,-449,0,9,72,78,-3
38357,9.58,P,47,1,547,0,30,259,87,4,Z,55,3,237,0,156,171,268,1,1,8,2,-310,0,126,-88,181,-3
38358,9.55,T,79,0,414,4,759,158,266,6,T,110,13,390,7,824,85,226,3,0,31,13,-24,3,65,-73,-40,-3
38359,7.09,Z,81,0,145,19,281,204,309,4,Z,58,0,292,15,389,265,241,11,1,-23,0,147,-4,108,61,-68,7
38360,7.43,T,55,0,336,2,696,144,79,5,T,59,2,442,0,537,174,133,0,1,4,2,106,-2,-159,30,54,-5
38361,4.29,P,23,0,226,0,6,236,21,2,P,17,0,95,0,113,102,142,2,0,-6,0,-131,0,107,-134,121,0
38362,9.59,T,56,0,605,0,92,103,53,6,P,44,0,207,0,3,36,60,4,1,-12,0,-398,0,-89,-67,7,-2
38363,9.27,T,96,0,560,0,106,188,117,15,T,93,3,769,0,158,186,132,7,0,-3,3,209,0,52,-2,15,-8
38364,10.4,P,78,1,519,0,280,261,120,7,T,104,3,991,0,51,262,152,3,1,26,2,472,0,-229,1,32,-4
38365,3.56,T,32,0,186,0,202,151,87,5,T,20,0,154,0,35,31,24,7,1,-12,0,-32,0,-167,-120,-63,2
38366,7.47,Z,59,0,311,0,51,57,159,12,T,91,0,451,0,582,211,63,7,1,32,0,140,0,531,154,-96,-5
38367,9.59,P,64,0,476,0,399,197,165,7,T,75,0,674,0,159,108,155,3,0,11,0,198,0,-240,-89,-10,-4
38368,8.5,Z,54,10,645,3,319,230,239,4,Z,62,8,448,0,347,281,243,10,0,8,-2,-197,-3,28,51,4,6
38369,9.59,Z,87,2,532,0,258,216,385,6,P,65,0,334,0,10,207,115,1,0,-22,-2,-198,0,-248,-9,-270,-5
38370,6.04,T,30,0,274,0,346,70,249,4,T,42,0,281,0,0,57,109,0,0,12,0,7,0,-346,-13,-140,-4
38371,9.53,T,54,3,589,0,95,153,112,7,T,43,0,606,0,6,37,78,4,0,-11,-3,17,0,-89,-116,-34,-3
38372,6.17,Z,51,0,256,16,168,195,245,0,Z,61,6,253,1,210,214,116,8,0,10,6,-3,-15,42,19,-129,8
38373,9.12,Z,42,0,271,0,35,130,176,5,T,59,0,872,0,0,96,76,0,1,17,0,601,0,-35,-34,-100,-5
38374,9.13,Z,42,3,1101,0,22,105,137,0,Z,50,5,770,0,43,139,153,2,0,8,2,-331,0,21,34,16,2
38375,9.59,T,74,9,568,7,98,150,89,1,Z,83,10,624,1,274,234,364,9,0,9,1,56,-6,176,84,275,8
38376,3.07,T,8,0,174,0,0,31,40,0,T,14,0,119,0,0,41,41,3,1,6,0,-55,0,0,10,1,3
38377,2.26,Z,8,0,82,0,58,96,82,1,T,11,0,183,0,166,36,95,6,0,3,0,101,0,108,-60,13,5
38378,10.23,P,84,8,473,0,510,416,324,6,P,48,0,573,0,30,180,205,4,0,-36,-8,100,0,-480,-236,-119,-2
38379,8.16,Z,26,0,397,0,0,70,92,0,T,47,1,553,0,162,93,87,2,1,21,1,156,0,162,23,-5,2
38380,2.34,T,20,0,140,0,0,71,65,0,P,10,0,123,0,23,51,10,5,1,-10,0,-17,0,23,-20,-55,5
38381,9.09,P,57,0,625,0,18,82,52,7,T,67,0,760,0,27,179,147,9,1,10,0,135,0,9,97,95,2
38382,9.59,Z,50,0,372,0,0,203,319,0,Z,38,1,286,0,21,254,272,3,1,-12,1,-86,0,21,51,-47,3
38383,4.48,T,22,0,422,0,0,35,39,0,P,25,0,301,0,1,89,45,1,1,3,0,-121,0,1,54,6,1
38384,7.37,T,64,0,623,0,308,153,171,8,Z,66,7,304,0,249,184,309,2,1,2,7,-319,0,-59,31,138,-6
38385,9.58,Z,68,7,578,0,73,186,239,6,T,123,6,855,0,484,269,162,14,0,55,-1,277,0,411,83,-77,8
38386,10.36,P,93,0,490,27,316,264,192,1,T,129,0,590,0,361,238,180,18,0,36,0,100,-27,45,-26,-12,17
38387,3.44,T,20,0,131,0,98,46,53,4,T,18,0,183,0,168,30,54,6,0,-2,0,52,0,70,-16,1,2
38388,10.3,T,45,6,515,0,125,156,86,0,P,70,7,609,0,35,147,92,5,1,25,1,94,0,-90,-9,6,5
38389,4.5,T,29,1,117,0,52,112,53,2,P,25,1,86,0,4,222,36,2,1,-4,0,-31,0,-48,110,-17,0
38390,6.08,T,62,0,306,0,477,229,73,8,T,57,5,240,0,262,122,143,0,0,-5,5,-66,0,-215,-107,70,-8
38391,8.01,P,33,0,354,0,11,96,32,1,P,14,0,174,0,6,40,27,6,0,-19,0,-180,0,-5,-56,-5,5
38392,5.3,T,22,1,465,0,4,39,123,3,T,24,0,425,0,288,41,77,6,1,2,-1,-40,0,284,2,-46,3
38393,0.48,P,3,0,56,0,0,17,4,1,P,2,0,10,0,0,7,13,0,1,-1,0,-46,0,0,-10,9,-1
38394,5.25,T,24,0,373,0,7,58,55,1,P,36,6,240,3,268,112,144,6,1,12,6,-133,3,261,54,89,5
38395,9.59,T,101,4,484,0,26,175,206,1,P,70,3,802,0,83,286,135,8,1,-31,-1,318,0,57,111,-71,7
38396,9.59,T,62,0,786,0,16,179,122,3,T,53,5,670,0,17,161,100,1,1,-9,5,-116,0,1,-18,-22,-2
38397,4.33,T,33,2,217,0,232,96,156,15,Z,23,4,305,0,245,126,208,2,0,-10,2,88,0,13,30,52,-13
38398,3.18,T,14,2,132,0,57,50,38,6,T,15,0,98,0,332,50,83,4,1,1,-2,-34,0,275,0,45,-2
38399,2.43,T,10,0,59,0,65,65,12,5,Z,13,6,29,0,23,73,46,0,1,3,6,-30,0,-42,8,34,-5
38400,9.59,Z,107,0,527,0,226,430,420,13,Z,78,10,858,0,61,341,217,5,0,-29,10,331,0,-165,-89,-203,-8
38401,1.04,T,5,2,31,0,95,12,19,2,T,6,0,50,0,0,11,11,1,0,1,-2,19,0,-95,-1,-8,-1
38402,9.59,T,61,4,870,0,13,157,101,0,Z,79,0,336,0,47,290,229,6,1,18,-4,-534,0,34,133,128,6
38403,4.13,Z,19,0,227,0,19,35,48,3,Z,24,6,243,0,218,119,186,4,0,5,6,16,0,199,84,138,1
38404,8.13,T,65,5,489,0,552,122,60,5,P,69,3,281,0,281,269,194,15,0,4,-2,-208,0,-271,147,134,10
38405,7.49,Z,48,14,181,0,78,128,152,0,Z,42,3,803,0,41,143,120,0,1,-6,-11,622,0,-37,15,-32,0
38406,7.05,P,32,0,167,0,0,40,41,0,T,24,4,352,0,1,144,120,1,0,-8,4,185,0,1,104,79,1
38407,4.12,T,38,2,261,0,423,75,58,11,P,21,0,218,0,5,76,42,3,1,-17,-2,-43,0,-418,1,-16,-8
38408,10.07,P,77,6,485,0,253,223,87,7,Z,56,4,906,0,42,182,174,0,0,-21,-2,421,0,-211,-41,87,-7
38409,4.27,P,35,3,113,0,5,81,58,0,T,29,2,258,0,57,74,49,0,1,-6,-1,145,0,52,-7,-9,0
38410,6.59,T,77,0,373,0,285,336,124,11,T,56,1,619,0,380,190,114,6,1,-21,1,246,0,95,-146,-10,-5
38411,9.59,T,62,0,405,0,1,334,333,2,T,49,0,193,0,0,43,92,0,0,-13,0,-212,0,-1,-291,-241,-2
38412,2.19,T,12,0,124,0,1,55,13,2,Z,3,0,134,0,49,19,49,2,0,-9,0,10,0,48,-36,36,0
38413,9.57,T,47,4,446,0,8,39,78,0,T,33,0,367,0,0,25,94,0,1,-14,-4,-79,0,-8,-14,16,0
38414,9.57,T,37,0,750,0,1,57,67,1,P,46,0,631,0,4,97,73,1,1,9,0,-119,0,3,40,6,0
38415,6.47,Z,43,3,159,0,33,57,121,3,Z,50,5,382,0,136,118,214,1,0,7,2,223,0,103,61,93,-2
38416,9.59,Z,51,2,628,0,53,194,110,0,P,38,0,511,0,10,198,101,3,1,-13,-2,-117,0,-43,4,-9,3
38417,5.37,Z,50,3,327,0,182,262,164,19,P,35,0,323,0,49,152,89,5,0,-15,-3,-4,0,-133,-110,-75,-14
38418,1.13,T,4,0,34,0,5,30,16,1,Z,5,0,80,0,4,14,26,0,0,1,0,46,0,-1,-16,10,-1
38419,6.28,P,51,5,387,0,117,178,100,3,Z,44,0,290,0,73,110,118,3,0,-7,-5,-97,0,-44,-68,18,0
38420,10.4,T,67,4,595,0,12,229,118,0,Z,59,0,428,0,84,391,299,7,1,-8,-4,-167,0,72,162,181,7
38421,7.45,P,65,3,571,0,280,145,68,5,Z,56,5,363,0,1028,165,208,28,0,-9,2,-208,0,748,20,140,23
38422,9.53,P,101,0,503,19,594,260,192,0,Z,91,4,771,0,172,286,381,5,0,-10,4,268,-19,-422,26,189,5
38423,9.58,T,71,4,605,0,405,301,201,6,P,96,0,475,0,658,486,127,17,0,25,-4,-130,0,253,185,-74,11
38424,9.59,P,51,8,536,0,12,216,73,2,P,74,0,541,0,36,327,91,8,1,23,-8,5,0,24,111,18,6
38425,4.04,Z,12,0,222,0,70,48,113,2,T,21,0,128,0,81,45,68,5,1,9,0,-94,0,11,-3,-45,3
38426,6.34,Z,44,0,422,0,113,210,242,7,Z,30,6,464,0,242,105,170,0,1,-14,6,42,0,129,-105,-72,-7
38427,8.53,T,71,0,490,0,8,203,113,3,Z,51,1,331,0,73,123,188,3,0,-20,1,-159,0,65,-80,75,0
38428,5.2,P,65,1,352,0,537,188,110,6,Z,37,1,319,7,111,206,147,5,1,-28,0,-33,7,-426,18,37,-1
38429,6.32,P,38,0,326,0,143,165,84,3,Z,28,1,354,0,21,136,115,1,0,-10,1,28,0,-122,-29,31,-2
38430,9.59,T,85,0,477,0,47,95,95,4,T,88,0,611,0,136,241,152,16,0,3,0,134,0,89,146,57,12
38431,9.59,P,82,0,504,0,46,277,89,7,T,68,4,453,0,634,243,353,6,0,-14,4,-51,0,588,-34,264,-1
38432,9.22,Z,58,0,584,0,64,240,298,2,T,71,0,798,0,53,119,123,13,1,13,0,214,0,-11,-121,-175,11
38433,2.5,T,14,0,214,0,12,46,24,4,T,11,0,137,0,112,45,98,7,1,-3,0,-77,0,100,-1,74,3
38434,7.21,Z,43,13,363,0,102,177,168,0,Z,43,0,141,0,13,170,179,11,0,0,-13,-222,0,-89,-7,11,11
38435,1.52,P,6,0,54,0,0,74,30,2,P,5,0,38,0,54,38,36,4,0,-1,0,-16,0,54,-36,6,2
38436,9.57,P,37,1,528,0,2,44,45,0,P,25,0,923,0,0,67,58,0,0,-12,-1,395,0,-2,23,13,0
38437,5.15,Z,19,1,177,0,5,48,43,0,Z,22,3,251,0,33,76,144,1,1,3,2,74,0,28,28,101,1
38438,5.49,T,29,4,217,0,20,30,53,1,T,15,0,664,0,0,41,41,0,0,-14,-4,447,0,-20,11,-12,-1
38439,9.58,Z,51,2,417,0,598,182,226,3,T,74,0,727,8,32,118,119,0,1,23,-2,310,8,-566,-64,-107,-3
38440,10.24,P,44,5,444,0,33,118,95,0,P,37,0,1018,0,0,284,115,1,0,-7,-5,574,0,-33,166,20,1
38441,7.37,Z,68,13,408,0,278,283,157,2,P,91,2,236,0,248,251,78,9,1,23,-11,-172,0,-30,-32,-79,7
38442,9.59,T,129,1,1076,0,327,342,201,3,T,110,3,519,0,78,307,120,5,1,-19,2,-557,0,-249,-35,-81,2
38443,4.05,Z,16,0,202,0,446,65,94,8,Z,15,4,173,0,276,51,117,0,1,-1,4,-29,0,-170,-14,23,-8
38444,4.48,P,26,0,155,0,26,116,39,3,P,18,0,255,0,14,49,26,3,0,-8,0,100,0,-12,-67,-13,0
38445,0.14,T,0,0,1,0,0,4,1,0,T,1,0,18,0,0,31,0,1,1,1,0,17,0,0,27,-1,1
38446,6.59,P,28,0,269,0,0,148,79,0,T,29,0,661,0,1,91,64,3,1,1,0,392,0,1,-57,-15,3
38447,9.57,P,36,1,349,0,25,157,75,6,T,67,4,551,0,27,234,140,2,1,31,3,202,0,2,77,65,-4
38448,6.55,T,24,0,678,0,0,66,34,0,Z,27,0,168,0,0,19,79,0,0,3,0,-510,0,0,-47,45,0
38449,5.05,P,20,2,88,0,0,15,40,0,T,27,0,254,0,4,39,34,4,1,7,-2,166,0,4,24,-6,4
38450,9.59,Z,72,0,866,0,75,268,299,6,T,105,5,634,0,163,181,114,10,1,33,5,-232,0,88,-87,-185,4
38451,3.06,T,16,0,30,0,0,18,18,0,T,11,0,188,0,108,34,228,4,0,-5,0,158,0,108,16,210,4
38452,4.36,Z,14,2,239,0,2,75,53,0,T,37,0,189,0,144,114,51,6,1,23,-2,-50,0,142,39,-2,6
38453,10.32,T,97,0,640,0,287,375,158,15,P,71,1,426,0,61,319,162,9,0,-26,1,-214,0,-226,-56,4,-6
38454,9.3,T,90,0,537,0,422,320,114,10,T,123,0,651,0,252,366,224,24,0,33,0,114,0,-170,46,110,14
38455,8.42,P,58,5,461,0,31,354,100,8,T,76,5,473,0,354,287,162,6,1,18,0,12,0,323,-67,62,-2
38456,9.59,T,117,8,481,0,458,349,72,0,T,33,0,446,0,3,268,75,1,0,-84,-8,-35,0,-455,-81,3,1
38457,6.5,Z,33,2,607,0,22,127,131,0,Z,34,0,241,0,50,161,129,3,1,1,-2,-366,0,28,34,-2,3
38458,9.59,P,65,3,806,0,39,250,127,7,Z,78,0,616,0,74,135,215,2,1,13,-3,-190,0,35,-115,88,-5
38459,9.09,Z,44,3,930,0,57,45,157,0,P,44,0,442,0,29,36,50,7,0,0,-3,-488,0,-28,-9,-107,7
38460,8.52,Z,38,0,378,0,0,34,106,0,P,31,0,617,0,2,220,53,1,1,-7,0,239,0,2,186,-53,1
38461,1.39,P,7,0,84,0,46,69,58,4,P,7,0,9,0,1,19,102,1,0,0,0,-75,0,-45,-50,44,-3
38462,9.59,T,85,0,749,0,201,259,99,13,Z,83,12,464,0,423,192,399,4,1,-2,12,-285,0,222,-67,300,-9
38463,10.56,Z,75,0,308,0,69,215,371,13,T,101,0,400,0,48,288,204,11,1,26,0,92,0,-21,73,-167,-2
38464,9.58,T,67,0,553,0,23,160,116,4,Z,64,9,600,0,89,163,216,0,1,-3,9,47,0,66,3,100,-4
38465,0,Z,0,0,1,0,0,0,0,0,Z,2,0,24,0,8,11,13,0,1,2,0,23,0,8,11,13,0
38466,2.21,Z,8,1,62,0,44,28,60,3,Z,9,2,96,0,372,39,128,0,0,1,1,34,0,328,11,68,-3
38467,9.22,P,89,0,578,0,80,255,78,11,Z,68,3,471,0,34,112,182,0,1,-21,3,-107,0,-46,-143,104,-11
38468,8.36,T,61,0,647,0,834,147,46,5,P,49,0,265,0,22,183,222,5,1,-12,0,-382,0,-812,36,176,0
38469,9.59,Z,52,12,708,0,108,253,152,2,P,81,9,511,0,43,290,96,1,0,29,-3,-197,0,-65,37,-56,-1
38470,9.59,P,54,3,325,0,3,189,105,0,T,54,2,352,0,24,145,85,1,0,0,-1,27,0,21,-44,-20,1
38471,9.58,T,24,0,403,0,0,8,39,0,P,33,0,714,0,0,31,50,0,1,9,0,311,0,0,23,11,0
38472,4.56,P,27,1,346,0,149,97,51,6,Z,19,1,120,0,30,86,66,2,0,-8,0,-226,0,-119,-11,15,-4
38473,6.06,Z,28,0,284,0,281,161,184,10,T,40,1,159,0,153,154,154,1,1,12,1,-125,0,-128,-7,-30,-9
38474,9.58,Z,59,2,445,0,124,235,169,9,Z,64,0,393,0,0,249,207,0,0,5,-2,-52,0,-124,14,38,-9
38475,4.45,P,23,0,315,0,21,153,32,3,Z,19,0,240,0,13,67,75,2,0,-4,0,-75,0,-8,-86,43,-1
38476,9.58,Z,83,1,462,0,41,332,296,12,P,80,0,590,1,106,379,110,6,0,-3,-1,128,1,65,47,-186,-6
38477,9.59,T,65,2,310,0,843,247,117,6,P,49,0,818,0,34,201,76,5,1,-16,-2,508,0,-809,-46,-41,-1
38478,9.57,P,20,0,367,0,0,85,47,0,P,24,0,556,0,0,51,40,1,1,4,0,189,0,0,-34,-7,1
38479,7.48,T,84,3,285,0,676,311,229,11,Z,72,0,499,0,95,245,197,8,0,-12,-3,214,0,-581,-66,-32,-3
38480,9.56,T,52,0,972,0,0,181,109,0,T,83,2,702,0,46,265,148,5,1,31,2,-270,0,46,84,39,5
38481,4.17,P,19,0,252,0,38,96,33,2,P,16,0,121,0,0,40,132,0,1,-3,0,-131,0,-38,-56,99,-2
38482,10.25,Z,59,0,657,0,11,125,200,0,T,83,4,631,0,61,360,107,0,1,24,4,-26,0,50,235,-93,0
38483,5.36,T,45,0,462,0,15,96,75,3,T,43,1,418,0,214,173,86,7,1,-2,1,-44,0,199,77,11,4
38484,9.25,P,61,0,455,0,471,197,130,18,P,36,3,731,0,8,101,84,0,1,-25,3,276,0,-463,-96,-46,-18
38485,2.05,T,8,0,141,0,93,21,11,2,T,7,0,119,0,3,25,16,4,1,-1,0,-22,0,-90,4,5,2
38486,9.55,T,68,4,727,0,299,218,139,10,P,68,13,504,5,263,219,150,0,1,0,9,-223,5,-36,1,11,-10
38487,7.49,Z,48,7,481,1,74,197,164,1,Z,44,6,443,0,44,119,147,0,0,-4,-1,-38,-1,-30,-78,-17,-1
38488,4.43,P,20,0,262,0,6,98,101,2,P,24,0,340,0,4,93,34,2,0,4,0,78,0,-2,-5,-67,0
38489,8.18,P,41,1,474,0,8,105,61,0,T,65,4,694,0,339,122,85,1,1,24,3,220,0,331,17,24,1
38490,7.18,P,37,0,489,0,25,191,52,8,T,24,1,470,0,7,78,43,6,0,-13,1,-19,0,-18,-113,-9,-2
38491,9.2,T,84,0,614,0,25,157,112,5,T,81,0,491,0,581,209,209,14,0,-3,0,-123,0,556,52,97,9
38492,6.37,T,50,0,448,0,99,142,106,5,Z,36,7,284,0,486,105,167,8,1,-14,7,-164,0,387,-37,61,3
38493,4.57,P,20,0,176,2,15,88,27,0,Z,20,1,278,0,51,43,80,2,1,0,1,102,-2,36,-45,53,2
38494,4.23,T,35,0,156,0,315,59,32,8,P,22,0,96,0,118,120,122,12,1,-13,0,-60,0,-197,61,90,4
38495,6.32,T,62,1,229,0,529,255,182,8,T,37,6,298,0,278,207,73,5,1,-25,5,69,0,-251,-48,-109,-3
38496,3.55,P,15,0,46,0,0,23,13,0,P,15,1,299,0,37,88,14,2,0,0,1,253,0,37,65,1,2
38497,9.23,P,89,2,345,0,105,176,88,10,Z,76,0,513,8,80,302,273,3,0,-13,-2,168,8,-25,126,185,-7
38498,9.58,P,44,0,885,0,0,152,59,0,T,70,7,727,0,17,171,128,3,1,26,7,-158,0,17,19,69,3
38499,9.59,T,33,0,650,0,0,27,51,0,T,29,0,322,0,26,27,42,2,0,-4,0,-328,0,26,0,-9,2
38500,6.06,P,24,0,413,0,1,35,22,1,T,43,2,324,0,303,172,199,4,1,19,2,-89,0,302,137,177,3
38501,9.59,T,85,0,431,0,414,463,307,15,P,71,0,651,0,36,298,157,5,1,-14,0,220,0,-378,-165,-150,-10
38502,10.28,T,79,5,675,0,123,252,119,7,T,76,0,364,0,25,259,197,4,0,-3,-5,-311,0,-98,7,78,-3
38503,6.02,P,38,0,307,0,104,176,112,6,T,45,3,417,0,8,107,85,1,0,7,3,110,0,-96,-69,-27,-5
38504,7.05,P,38,0,478,0,10,56,48,1,Z,36,0,348,0,12,102,102,2,0,-2,0,-130,0,2,46,54,1
38505,7.39,T,44,0,398,0,149,145,127,9,Z,49,0,294,0,491,103,155,4,0,5,0,-104,0,342,-42,28,-5
38506,4.23,P,18,0,78,0,41,36,27,1,T,14,3,226,0,4,41,29,0,0,-4,3,148,0,-37,5,2,-1
38507,8.37,T,58,1,539,0,583,155,122,4,T,51,0,529,0,26,161,102,8,0,-7,-1,-10,0,-557,6,-20,4
38508,9.39,T,61,3,712,0,16,184,108,1,P,43,0,634,0,0,220,112,1,1,-18,-3,-78,0,-16,36,4,0
38509,8.23,T,50,0,336,0,14,204,85,9,Z,35,2,77,0,12,55,108,0,0,-15,2,-259,0,-2,-149,23,-9
38510,7.04,P,59,0,541,0,249,182,79,6,Z,71,1,248,0,236,153,186,7,1,12,1,-293,0,-13,-29,107,1
38511,6,Z,35,0,370,0,100,63,110,10,P,42,1,208,0,305,99,58,7,1,7,1,-162,0,205,36,-52,-3
38512,9.58,T,77,1,612,0,95,301,122,5,P,63,0,827,0,19,114,77,12,1,-14,-1,215,0,-76,-187,-45,7
38513,5.32,P,26,6,361,0,8,107,41,1,T,29,1,270,0,332,81,45,4,0,3,-5,-91,0,324,-26,4,3
38514,7.44,Z,38,9,221,0,49,139,177,1,T,38,0,241,0,12,140,78,5,0,0,-9,20,0,-37,1,-99,4
38515,9.58,T,88,2,360,0,296,230,126,9,Z,81,14,503,0,153,243,314,7,1,-7,12,143,0,-143,13,188,-2
38516,10.53,T,74,2,519,0,28,162,81,0,P,81,0,546,0,9,373,112,1,0,7,-2,27,0,-19,211,31,1
38517,4.09,T,26,0,316,0,26,53,33,7,Z,15,3,68,0,196,70,240,0,0,-11,3,-248,0,170,17,207,-7
38518,3.22,T,13,1,160,0,0,13,24,0,T,7,0,50,0,0,3,9,1,0,-6,-1,-110,0,0,-10,-15,1
38519,9.59,Z,86,1,474,0,430,268,300,2,Z,60,0,830,0,50,70,220,7,1,-26,-1,356,0,-380,-198,-80,5
38520,7.23,T,62,2,837,0,905,228,90,4,T,64,2,292,0,632,133,69,11,0,2,0,-545,0,-273,-95,-21,7
38521,9.59,Z,45,4,355,0,30,108,210,6,P,34,0,289,0,0,51,46,0,0,-11,-4,-66,0,-30,-57,-164,-6
38522,8.24,Z,61,0,271,0,154,350,267,8,Z,67,5,255,0,126,101,224,1,0,6,5,-16,0,-28,-249,-43,-7
38523,7.43,T,38,0,423,0,17,148,83,2,Z,57,0,405,0,26,98,177,3,0,19,0,-18,0,9,-50,94,1
38524,10.54,T,81,0,890,0,2,201,181,3,T,74,6,435,0,72,201,97,10,1,-7,6,-455,0,70,0,-84,7
38525,5.04,T,40,0,312,0,109,78,51,4,T,70,0,140,0,34,191,34,3,1,30,0,-172,0,-75,113,-17,-1
38526,5.21,P,28,3,286,8,99,160,132,0,Z,24,4,139,4,76,35,106,0,0,-4,1,-147,-4,-23,-125,-26,0
38527,6.04,T,65,0,270,0,568,198,173,27,P,88,0,314,0,454,174,135,18,1,23,0,44,0,-114,-24,-38,-9
38528,9.22,T,85,3,256,0,308,174,126,4,P,98,0,615,0,397,428,149,19,1,13,-3,359,0,89,254,23,15
38529,5.52,Z,29,0,291,0,175,140,263,4,Z,29,1,254,0,15,58,106,0,1,0,1,-37,0,-160,-82,-157,-4
38530,10.23,Z,54,1,697,0,10,122,247,0,T,66,0,380,0,29,95,155,14,0,12,-1,-317,0,19,-27,-92,14
38531,6.43,T,33,0,424,0,2,35,75,1,P,39,2,485,0,9,113,61,2,1,6,2,61,0,7,78,-14,1
38532,9.57,Z,52,0,440,0,29,115,166,3,P,51,0,288,0,6,252,95,1,0,-1,0,-152,0,-23,137,-71,-2
38533,9.59,Z,76,11,522,0,83,377,343,3,Z,69,0,330,30,209,307,343,7,0,-7,-11,-192,30,126,-70,0,4
38534,5.13,T,35,0,217,0,379,123,114,11,T,31,0,121,0,4,58,45,9,1,-4,0,-96,0,-375,-65,-69,-2
38535,7.21,Z,32,0,398,9,246,107,172,2,Z,36,0,254,0,305,135,190,3,0,4,0,-144,-9,59,28,18,1
38536,9.59,P,54,0,988,0,21,223,108,9,T,62,2,501,0,60,213,116,5,0,8,2,-487,0,39,-10,8,-4
38537,4.18,T,18,0,202,0,0,28,34,0,P,13,0,246,0,0,96,28,1,0,-5,0,44,0,0,68,-6,1
38538,9.59,Z,39,0,474,0,13,85,110,2,T,55,0,397,0,12,233,87,8,1,16,0,-77,0,-1,148,-23,6
38539,10.22,T,90,0,481,0,455,242,274,11,Z,58,7,908,0,47,118,161,0,0,-32,7,427,0,-408,-124,-113,-11
38540,3.49,T,20,2,343,0,6,58,41,0,T,26,0,260,0,61,88,62,4,1,6,-2,-83,0,55,30,21,4
38541,7.58,Z,68,11,236,0,64,124,164,0,P,72,1,312,0,108,348,73,5,0,4,-10,76,0,44,224,-91,5
38542,2.01,T,6,0,62,0,115,32,40,6,T,8,2,24,0,11,26,13,2,0,2,2,-38,0,-104,-6,-27,-4
38543,6.39,P,30,1,567,0,9,109,40,3,Z,32,4,561,0,31,69,91,0,1,2,3,-6,0,22,-40,51,-3
38544,4.45,Z,27,0,102,0,384,99,81,3,P,26,1,390,0,19,80,51,2,1,-1,1,288,0,-365,-19,-30,-1
38545,5.06,Z,35,0,262,0,296,57,128,7,Z,32,0,280,0,307,123,100,3,1,-3,0,18,0,11,66,-28,-4
38546,2.39,T,8,0,179,0,90,32,32,3,Z,7,2,111,0,112,82,70,0,0,-1,2,-68,0,22,50,38,-3
38547,4.57,Z,24,0,274,0,22,161,124,4,T,29,0,175,0,24,90,46,3,0,5,0,-99,0,2,-71,-78,-1
38548,9.55,T,61,0,167,0,41,50,50,3,T,46,0,479,0,0,49,74,0,0,-15,0,312,0,-41,-1,24,-3
38549,2.25,Z,6,3,53,0,148,27,45,3,Z,11,0,52,0,220,28,42,6,0,5,-3,-1,0,72,1,-3,3
38550,10.16,Z,85,13,539,0,121,366,257,1,Z,72,11,391,0,85,413,289,2,1,-13,-2,-148,0,-36,47,32,1
38551,8.4,T,66,0,205,0,218,228,246,3,Z,56,8,360,0,58,225,163,4,1,-10,8,155,0,-160,-3,-83,1
38552,8.01,P,45,1,692,0,138,194,64,4,Z,64,1,434,0,197,161,207,9,0,19,0,-258,0,59,-33,143,5
38553,5.06,Z,21,2,228,0,21,30,54,0,Z,26,0,197,0,0,43,73,0,1,5,-2,-31,0,-21,13,19,0
38554,4.11,P,24,0,244,0,124,89,94,4,P,26,0,220,0,13,136,72,7,0,2,0,-24,0,-111,47,-22,3
38555,9.59,P,58,0,655,0,5,217,157,4,T,63,3,737,0,23,146,110,0,0,5,3,82,0,18,-71,-47,-4
38556,6.26,T,23,0,395,0,0,75,58,0,T,18,0,383,0,0,10,44,0,1,-5,0,-12,0,0,-65,-14,0
38557,10.47,P,35,0,616,0,2,125,60,3,T,54,0,661,0,5,180,107,3,0,19,0,45,0,3,55,47,0
38558,3.59,P,14,1,229,0,16,98,39,0,T,13,3,106,0,50,108,73,0,0,-1,2,-123,0,34,10,34,0
38559,8.22,T,116,0,415,12,384,218,226,5,P,87,5,376,0,163,205,54,12,0,-29,5,-39,-12,-221,-13,-172,7
38560,8.07,P,57,0,643,0,13,134,52,5,Z,43,0,466,0,215,241,299,11,1,-14,0,-177,0,202,107,247,6
38561,9.59,T,81,0,573,0,126,363,153,18,T,67,1,698,0,5,173,120,1,1,-14,1,125,0,-121,-190,-33,-17
38562,9.1,T,77,4,412,0,168,358,200,7,T,94,0,788,0,192,293,126,10,1,17,-4,376,0,24,-65,-74,3
38563,8.32,P,83,5,555,0,408,268,148,9,T,102,1,420,0,496,229,208,10,0,19,-4,-135,0,88,-39,60,1
38564,8.16,T,78,0,699,0,344,267,114,7,P,57,9,476,6,72,245,95,0,1,-21,9,-223,6,-272,-22,-19,-7
38565,9.57,T,118,4,525,0,254,243,325,8,Z,100,8,662,0,417,208,369,7,1,-18,4,137,0,163,-35,44,-1
38566,5.55,Z,21,2,320,0,43,52,101,3,T,31,4,363,0,5,83,55,0,0,10,2,43,0,-38,31,-46,-3
38567,1.5,Z,6,0,37,0,0,30,31,2,Z,4,0,80,0,35,31,12,2,0,-2,0,43,0,35,1,-19,0
38568,5.29,T,55,0,255,0,231,128,183,3,P,21,0,148,0,76,68,89,2,0,-34,0,-107,0,-155,-60,-94,-1
38569,7.4,T,66,0,450,0,562,167,111,8,Z,60,0,288,0,424,160,252,13,1,-6,0,-162,0,-138,-7,141,5
38570,9.59,T,72,0,981,0,0,278,163,0,P,47,3,610,0,5,177,59,0,0,-25,3,-371,0,5,-101,-104,0
38571,6.19,Z,34,7,199,0,24,53,152,0,P,28,0,317,0,17,173,79,2,0,-6,-7,118,0,-7,120,-73,2
38572,7.08,Z,51,2,537,1,43,110,160,3,P,47,0,387,0,172,176,110,7,0,-4,-2,-150,-1,129,66,-50,4
38573,8.59,P,60,0,462,0,118,300,134,9,Z,59,0,339,0,133,153,267,2,1,-1,0,-123,0,15,-147,133,-7
38574,2.52,T,14,0,173,0,10,36,14,2,T,10,0,154,0,154,30,44,8,0,-4,0,-19,0,144,-6,30,6
38575,9.56,T,134,0,697,0,28,282,97,5,P,55,1,429,0,0,302,104,1,0,-79,1,-268,0,-28,20,7,-4
38576,6,P,24,5,216,0,9,89,45,2,P,26,0,399,0,11,138,50,3,0,2,-5,183,0,2,49,5,1
38577,10.3,Z,51,6,853,0,37,84,175,2,P,53,2,1070,0,15,116,63,3,1,2,-4,217,0,-22,32,-112,1
38578,8.38,T,33,0,356,0,10,66,80,2,P,34,0,251,0,3,67,51,6,1,1,0,-105,0,-7,1,-29,4
38579,6.17,T,40,0,225,0,595,106,176,15,P,31,0,495,4,20,49,47,0,0,-9,0,270,4,-575,-57,-129,-15
38580,4.46,Z,32,5,211,0,161,118,74,2,T,32,3,319,0,234,112,119,1,1,0,-2,108,0,73,-6,45,-1
38581,7.14,T,76,0,389,0,319,231,183,3,T,58,1,441,0,99,244,69,5,0,-18,1,52,0,-220,13,-114,2
38582,3.03,Z,9,0,131,0,6,17,32,1,T,13,0,130,0,84,53,23,5,0,4,0,-1,0,78,36,-9,4
38583,10.48,T,91,0,531,0,46,239,128,6,Z,83,2,448,0,858,214,314,18,1,-8,2,-83,0,812,-25,186,12
38584,4.25,T,31,1,277,0,22,60,31,3,Z,18,0,146,0,0,45,70,0,1,-13,-1,-131,0,-22,-15,39,-3
38585,6.42,Z,48,0,274,0,289,218,161,8,Z,45,1,277,0,347,239,224,14,0,-3,1,3,0,58,21,63,6
38586,9.58,Z,51,6,420,0,47,145,190,0,P,47,1,722,0,17,132,79,2,1,-4,-5,302,0,-30,-13,-111,2
38587,9.59,P,75,0,511,0,56,307,97,16,Z,88,0,399,0,76,114,258,4,1,13,0,-112,0,20,-193,161,-12
38588,6.58,P,35,0,284,0,36,123,42,2,Z,39,0,520,0,3,67,195,1,1,4,0,236,0,-33,-56,153,-1
38589,8.5,Z,54,0,580,0,74,197,214,5,Z,43,2,781,0,39,92,148,0,0,-11,2,201,0,-35,-105,-66,-5
38590,9.59,Z,52,7,617,0,10,71,174,2,P,40,2,324,0,17,43,55,3,0,-12,-5,-293,0,7,-28,-119,1
38591,8.47,T,76,0,397,0,43,284,122,11,T,68,3,371,0,251,277,162,8,0,-8,3,-26,0,208,-7,40,-3
38592,6.29,T,24,0,280,0,0,63,57,0,T,40,3,307,0,83,21,43,0,0,16,3,27,0,83,-42,-14,0
38593,0.56,P,6,0,37,0,5,16,41,0,Z,2,0,23,0,25,5,47,1,0,-4,0,-14,0,20,-11,6,1
38594,9.59,T,87,0,662,0,453,191,102,21,Z,72,15,532,0,185,244,292,2,0,-15,15,-130,0,-268,53,190,-19
38595,5.32,P,22,0,350,0,13,63,36,3,Z,36,0,340,0,41,67,118,3,1,14,0,-10,0,28,4,82,0
38596,5.34,T,48,0,321,0,113,83,70,8,P,41,0,296,0,495,90,187,11,1,-7,0,-25,0,382,7,117,3
38597,9.58,P,60,9,371,0,95,278,96,8,P,78,11,657,0,41,102,69,0,1,18,2,286,0,-54,-176,-27,-8
38598,10.14,T,52,0,828,0,13,129,103,4,Z,46,2,333,0,169,226,135,7,0,-6,2,-495,0,156,97,32,3
38599,3.28,P,14,0,163,0,16,58,22,4,Z,13,0,118,0,0,16,29,0,1,-1,0,-45,0,-16,-42,7,-4
38600,4.53,T,27,1,242,0,99,154,53,4,P,22,2,143,0,87,149,152,0,1,-5,1,-99,0,-12,-5,99,-4
38601,5.09,T,31,2,295,0,50,57,69,5,T,36,0,287,0,140,104,96,5,1,5,-2,-8,0,90,47,27,0
38602,3.4,Z,16,0,204,0,192,28,51,2,T,21,0,88,0,326,36,32,10,0,5,0,-116,0,134,8,-19,8
38603,5.4,T,25,0,297,0,0,10,53,0,T,10,0,316,0,0,9,20,0,0,-15,0,19,0,0,-1,-33,0
38604,4.03,Z,11,1,124,0,11,29,81,1,Z,19,2,247,0,19,75,58,0,1,8,1,123,0,8,46,-23,-1
38605,6.33,P,15,0,156,0,0,69,20,0,P,35,1,440,0,164,155,50,6,1,20,1,284,0,164,86,30,6
38606,6.23,T,53,4,277,0,234,144,186,0,Z,59,9,302,0,111,182,192,0,1,6,5,25,0,-123,38,6,0
38607,8.26,P,60,0,596,0,115,303,121,3,P,49,0,441,0,67,132,101,10,1,-11,0,-155,0,-48,-171,-20,7
38608,5.33,T,36,0,213,0,37,77,73,2,T,34,1,509,0,53,65,44,5,0,-2,1,296,0,16,-12,-29,3
38609,9.59,T,126,0,658,0,31,465,166,13,Z,42,2,583,0,21,198,147,0,0,-84,2,-75,0,-10,-267,-19,-13
38610,9.59,T,49,0,630,0,10,213,88,7,Z,51,0,570,0,9,102,178,2,1,2,0,-60,0,-1,-111,90,-5
38611,8.18,T,54,0,619,0,0,90,118,0,P,37,3,397,0,303,135,109,7,1,-17,3,-222,0,303,45,-9,7
38612,9.01,P,23,0,537,0,1,41,41,0,Z,44,0,663,0,17,65,139,4,1,21,0,126,0,16,24,98,4
38613,9.58,T,35,0,325,0,2,37,78,0,T,49,0,479,0,2,118,69,5,1,14,0,154,0,0,81,-9,5
38614,3.47,T,24,0,160,0,302,99,150,9,T,22,1,121,0,20,40,106,4,0,-2,1,-39,0,-282,-59,-44,-5
38615,8.29,Z,61,0,268,0,33,114,213,4,P,61,5,335,0,151,149,73,6,0,0,5,67,0,118,35,-140,2
38616,5.42,P,19,2,219,0,12,30,16,2,Z,19,1,46,0,14,16,64,4,0,0,-1,-173,0,2,-14,48,2
38617,9.59,Z,83,4,602,0,36,275,232,1,Z,69,5,534,0,115,265,220,0,0,-14,1,-68,0,79,-10,-12,-1
38618,9.59,T,102,3,297,0,238,324,107,18,T,114,0,337,0,126,234,111,13,1,12,-3,40,0,-112,-90,4,-5
38619,9.29,P,45,0,462,0,2,269,96,2,T,75,0,475,0,35,267,117,9,1,30,0,13,0,33,-2,21,7
38620,9.59,T,80,0,383,3,305,276,129,3,P,47,0,664,0,22,45,70,0,1,-33,0,281,-3,-283,-231,-59,-3
38621,7.36,T,51,7,454,0,28,57,62,0,Z,51,0,372,5,298,115,347,0,0,0,-7,-82,5,270,58,285,0
38622,9.59,T,76,0,271,3,540,226,124,12,P,52,0,514,0,7,104,76,3,1,-24,0,243,-3,-533,-122,-48,-9
38623,9.59,T,31,0,594,0,4,44,65,0,Z,49,1,542,0,20,121,183,0,1,18,1,-52,0,16,77,118,0
38624,9.59,T,85,2,518,0,323,162,103,4,Z,89,0,450,0,73,272,280,14,0,4,-2,-68,0,-250,110,177,10
38625,10,T,114,4,454,0,620,389,189,11,Z,74,2,475,0,31,220,259,0,0,-40,-2,21,0,-589,-169,70,-11
38626,6.1,Z,34,2,290,0,49,81,107,0,T,47,0,423,0,2,92,63,1,1,13,-2,133,0,-47,11,-44,1
38627,7.58,Z,43,2,492,0,4,76,132,0,Z,41,0,375,0,11,167,230,4,1,-2,-2,-117,0,7,91,98,4
38628,9.59,Z,64,5,796,0,50,233,225,4,T,114,0,754,0,24,155,113,5,1,50,-5,-42,0,-26,-78,-112,1
38629,9.15,P,74,0,513,0,565,236,218,12,T,64,0,248,0,24,208,92,6,0,-10,0,-265,0,-541,-28,-126,-6
38630,4.5,P,22,1,219,0,7,92,68,0,T,22,0,261,0,0,87,103,7,1,0,-1,42,0,-7,-5,35,7
38631,5.42,Z,35,8,306,0,20,26,72,0,P,26,0,274,0,92,71,19,4,1,-9,-8,-32,0,72,45,-53,4
38632,3.02,P,11,1,207,0,53,70,95,9,P,11,0,110,0,20,91,22,3,1,0,-1,-97,0,-33,21,-73,-6
38633,10.4,T,67,0,858,2,7,315,129,1,Z,77,7,455,0,347,252,487,0,1,10,7,-403,-2,340,-63,358,-1
38634,9.45,Z,50,7,889,0,45,98,175,0,P,48,2,674,0,16,171,65,0,1,-2,-5,-215,0,-29,73,-110,0
38635,3.04,T,15,0,170,0,0,46,28,1,T,8,0,180,0,47,21,63,1,0,-7,0,10,0,47,-25,35,0
38636,5.01,Z,27,2,181,0,399,95,71,3,T,23,0,164,0,3,13,31,3,0,-4,-2,-17,0,-396,-82,-40,0
38637,6.35,Z,31,5,312,0,59,61,92,0,T,40,0,311,0,7,99,88,4,0,9,-5,-1,0,-52,38,-4,4
38638,1.5,T,7,0,46,0,55,108,12,2,Z,6,1,49,0,20,21,53,4,1,-1,1,3,0,-35,-87,41,2
38639,5.08,P,39,0,234,0,410,228,102,12,P,37,1,307,0,148,220,100,13,0,-2,1,73,0,-262,-8,-2,1
38640,7.36,Z,54,3,361,0,430,141,195,2,P,37,1,286,0,9,88,66,0,0,-17,-2,-75,0,-421,-53,-129,-2
38641,7.56,Z,31,1,232,0,9,23,93,1,Z,17,0,68,0,0,13,67,0,0,-14,-1,-164,0,-9,-10,-26,-1
38642,9.38,P,56,10,535,0,130,142,116,7,Z,51,8,423,0,195,97,291,1,1,-5,-2,-112,0,65,-45,175,-6
38643,9.59,Z,78,0,557,0,321,147,160,7,Z,71,0,556,0,61,165,190,7,0,-7,0,-1,0,-260,18,30,0
38644,2.29,P,10,2,110,0,7,56,21,0,P,12,0,186,0,0,99,16,0,0,2,-2,76,0,-7,43,-5,0
38645,9.59,T,55,0,622,0,3,26,95,7,T,46,1,658,0,21,67,76,2,1,-9,1,36,0,18,41,-19,-5
38646,9.59,P,52,13,600,0,15,120,74,0,T,86,1,584,0,37,285,120,7,0,34,-12,-16,0,22,165,46,7
38647,9.22,Z,79,5,247,1,144,157,320,3,T,88,4,409,0,88,246,122,1,0,9,-1,162,-1,-56,89,-198,-2
38648,3.25,P,16,0,145,0,51,71,61,4,Z,16,0,90,0,3,59,49,0,1,0,0,-55,0,-48,-12,-12,-4
38649,10.51,Z,101,14,663,4,225,358,347,3,T,176,12,502,0,1181,365,185,26,1,75,-2,-161,-4,956,7,-162,23
38650,9.59,P,48,0,872,0,45,260,133,5,Z,78,2,429,0,114,256,318,6,1,30,2,-443,0,69,-4,185,1
38651,4.36,Z,21,7,271,0,30,43,63,0,Z,22,1,99,0,171,71,152,3,1,1,-6,-172,0,141,28,89,3
38652,9.58,T,82,10,903,0,37,114,92,4,Z,71,0,456,0,312,172,286,15,1,-11,-10,-447,0,275,58,194,11
38653,9.13,T,89,0,447,0,105,197,125,8,Z,72,0,297,0,166,166,274,1,0,-17,0,-150,0,61,-31,149,-7
38654,8.38,T,67,11,365,0,501,117,189,5,Z,45,10,577,0,31,123,142,0,1,-22,-1,212,0,-470,6,-47,-5
38655,8.58,T,120,7,520,0,211,253,127,5,Z,63,9,354,0,97,249,302,6,0,-57,2,-166,0,-114,-4,175,1
38656,9.59,P,92,0,333,0,126,290,112,15,P,66,3,504,0,266,410,97,5,1,-26,3,171,0,140,120,-15,-10
38657,5.05,T,19,0,235,0,0,108,47,0,P,13,0,184,0,2,46,19,1,1,-6,0,-51,0,2,-62,-28,1
38658,6.41,Z,38,0,223,0,139,73,197,3,T,33,8,470,0,587,170,97,1,0,-5,8,247,0,448,97,-100,-2
38659,9.58,P,51,0,548,0,147,258,71,11,Z,53,0,451,0,100,119,206,2,0,2,0,-97,0,-47,-139,135,-9
38660,9.59,T,42,1,503,0,4,43,93,0,T,39,0,574,0,1,70,71,4,1,-3,-1,71,0,-3,27,-22,4
38661,9.59,T,74,5,493,0,217,115,134,0,T,51,4,489,0,8,57,73,0,1,-23,-1,-4,0,-209,-58,-61,0
38662,9.59,Z,85,9,465,0,309,374,266,7,T,111,5,846,0,111,323,119,9,1,26,-4,381,0,-198,-51,-147,2
38663,4.33,Z,16,0,390,0,0,61,84,0,P,16,0,254,0,15,129,24,1,0,0,0,-136,0,15,68,-60,1
38664,9.59,T,82,9,420,0,195,206,304,2,T,76,8,622,0,164,155,176,5,0,-6,-1,202,0,-31,-51,-128,3
38665,10.28,P,88,11,398,0,729,274,207,8,P,78,6,542,0,145,357,133,12,1,-10,-5,144,0,-584,83,-74,4
38666,9.57,P,71,4,656,0,186,189,91,9,Z,62,0,602,0,215,198,275,19,1,-9,-4,-54,0,29,9,184,10
38667,0.53,T,2,0,42,0,0,4,3,0,T,3,1,22,0,0,2,5,0,0,1,1,-20,0,0,-2,2,0
38668,6.55,T,70,0,309,0,241,329,188,7,Z,38,0,359,0,11,102,142,2,0,-32,0,50,0,-230,-227,-46,-5
38669,3.07,P,9,0,397,0,9,36,29,4,Z,8,1,77,0,3,26,43,0,1,-1,1,-320,0,-6,-10,14,-4
38670,7.06,P,33,0,228,0,12,115,38,5,T,28,2,466,0,0,103,62,0,1,-5,2,238,0,-12,-12,24,-5
38671,9.15,T,60,1,522,0,3,153,132,1,Z,41,0,322,0,0,28,185,0,0,-19,-1,-200,0,-3,-125,53,-1
38672,6.12,Z,46,0,373,0,88,199,164,9,P,42,2,402,5,63,118,61,0,1,-4,2,29,5,-25,-81,-103,-9
38673,9.25,P,69,2,594,0,278,364,100,13,T,55,2,551,0,88,199,61,8,0,-14,0,-43,0,-190,-165,-39,-5
38674,5.39,T,31,0,279,0,21,36,44,2,Z,21,0,190,0,77,85,135,1,0,-10,0,-89,0,56,49,91,-1
38675,6.47,T,51,0,337,11,39,226,138,9,P,60,0,278,0,261,162,70,23,0,9,0,-59,-11,222,-64,-68,14
38676,10.33,T,204,0,383,0,87,315,144,9,P,88,14,443,4,165,329,255,0,1,-116,14,60,4,78,14,111,-9
38677,10.15,T,92,0,713,0,358,386,159,9,Z,62,0,528,0,16,237,169,5,0,-30,0,-185,0,-342,-149,10,-4
38678,1.22,Z,5,0,90,0,6,13,28,3,P,4,0,75,0,269,33,3,3,0,-1,0,-15,0,263,20,-25,0
38679,9.58,T,38,0,731,0,0,53,70,0,T,35,0,509,0,1,27,67,3,0,-3,0,-222,0,1,-26,-3,3
38680,4.43,P,15,0,148,0,0,25,23,0,P,16,0,220,0,5,37,24,3,0,1,0,72,0,5,12,1,3
38681,6.04,T,50,5,263,0,552,122,81,1,Z,32,0,229,0,115,87,133,5,0,-18,-5,-34,0,-437,-35,52,4
38682,9.58,P,66,1,693,0,313,248,292,6,T,100,0,503,0,736,236,204,12,1,34,-1,-190,0,423,-12,-88,6
38683,9.59,T,81,7,332,0,402,140,86,2,T,78,0,781,0,71,230,95,6,1,-3,-7,449,0,-331,90,9,4
38684,10.11,P,46,4,546,0,111,360,51,10,T,78,0,658,0,607,282,231,6,1,32,-4,112,0,496,-78,180,-4
38685,10.17,T,118,7,369,0,341,224,184,8,P,61,0,529,0,46,175,116,19,0,-57,-7,160,0,-295,-49,-68,11
38686,8.13,T,46,0,571,0,27,133,87,8,P,31,0,364,0,12,81,42,0,0,-15,0,-207,0,-15,-52,-45,-8
38687,6.56,P,38,0,281,0,10,88,59,2,Z,33,1,225,0,13,49,116,0,0,-5,1,-56,0,3,-39,57,-2
38688,2.13,T,4,0,92,0,1,34,12,3,T,4,0,72,0,18,20,18,3,0,0,0,-20,0,17,-14,6,0
38689,9.59,T,76,0,841,0,39,255,82,13,Z,49,0,867,0,50,205,179,2,1,-27,0,26,0,11,-50,97,-11
38690,9.59,Z,49,19,343,0,305,110,518,5,T,78,10,640,0,289,116,138,4,1,29,-9,297,0,-16,6,-380,-1
38691,5.41,T,41,0,236,0,0,63,59,0,T,74,0,149,0,35,229,45,4,0,33,0,-87,0,35,166,-14,4
38692,7.43,T,56,4,293,0,63,192,93,1,T,38,0,233,0,8,153,51,5,0,-18,-4,-60,0,-55,-39,-42,4
38693,9.08,Z,49,0,635,0,11,124,177,2,T,82,8,593,0,246,248,126,6,1,33,8,-42,0,235,124,-51,4
38694,9.14,T,104,0,373,0,275,217,208,9,P,97,3,467,0,44,260,100,12,0,-7,3,94,0,-231,43,-108,3
38695,8.2,T,76,5,593,0,26,163,97,0,P,78,0,601,0,73,312,76,10,1,2,-5,8,0,47,149,-21,10
38696,5.59,Z,35,0,338,0,192,166,97,6,P,35,0,282,0,323,109,84,10,1,0,0,-56,0,131,-57,-13,4
38697,4.24,T,34,0,208,0,32,88,49,6,Z,18,3,298,0,15,36,47,0,1,-16,3,90,0,-17,-52,-2,-6
38698,10.33,T,108,4,739,0,296,318,149,6,T,148,2,410,0,215,322,164,14,1,40,-2,-329,0,-81,4,15,8
38699,9.59,Z,38,0,343,0,12,26,114,1,T,40,0,725,0,0,53,71,2,0,2,0,382,0,-12,27,-43,1
38700,4.1,T,15,0,176,0,321,62,42,7,Z,15,0,141,0,24,42,66,1,0,0,0,-35,0,-297,-20,24,-6
38701,9.25,T,65,7,516,0,202,100,135,0,P,39,9,511,0,15,274,78,0,0,-26,2,-5,0,-187,174,-57,0
38702,5.29,T,33,0,323,0,1,119,58,0,T,33,0,331,0,1,99,47,3,0,0,0,8,0,0,-20,-11,3
38703,5.44,T,32,0,300,1,10,188,86,6,Z,30,3,559,0,26,51,141,0,0,-2,3,259,-1,16,-137,55,-6
38704,6.2,T,34,9,274,0,303,54,162,1,T,36,0,196,0,5,30,74,3,0,2,-9,-78,0,-298,-24,-88,2
38705,10.05,T,86,0,489,0,16,211,118,10,T,70,14,426,0,53,235,111,0,0,-16,14,-63,0,37,24,-7,-10
38706,5.51,Z,26,3,302,0,34,74,106,0,T,22,0,425,0,19,78,41,2,0,-4,-3,123,0,-15,4,-65,2
38707,6.22,T,30,6,315,1,3,47,83,1,P,21,4,430,0,33,75,34,4,0,-9,-2,115,-1,30,28,-49,3
38708,10.29,Z,46,6,410,0,46,233,197,8,Z,55,3,477,3,63,233,179,8,0,9,-3,67,3,17,0,-18,0
38709,9.59,T,84,0,505,0,75,286,176,6,P,69,0,604,0,592,230,216,20,1,-15,0,99,0,517,-56,40,14
38710,6.09,Z,30,0,353,0,18,17,85,0,T,42,2,483,0,17,85,62,3,0,12,2,130,0,-1,68,-23,3
38711,3.22,P,13,0,70,0,0,32,16,0,Z,8,0,206,0,0,8,37,0,1,-5,0,136,0,0,-24,21,0
38712,8.37,Z,67,5,249,0,62,151,224,1,P,52,0,394,0,38,216,97,11,0,-15,-5,145,0,-24,65,-127,10
38713,5.25,Z,26,1,196,0,536,47,79,4,T,32,0,373,5,258,95,126,3,1,6,-1,177,5,-278,48,47,-1
38714,9.59,T,92,1,418,0,739,281,130,11,T,103,0,375,66,436,226,338,0,1,11,-1,-43,66,-303,-55,208,-11
38715,9.55,T,78,0,453,0,173,182,151,8,Z,60,4,1063,2,232,187,369,0,0,-18,4,610,2,59,5,218,-8
38716,2.01,T,7,0,23,0,8,7,18,3,T,8,0,34,0,67,11,6,6,0,1,0,11,0,59,4,-12,3
38717,9.56,P,56,0,1038,0,19,191,93,3,Z,43,0,751,0,507,144,306,9,0,-13,0,-287,0,488,-47,213,6
38718,9.58,P,63,0,458,0,9,159,77,3,T,35,0,712,0,0,158,83,0,0,-28,0,254,0,-9,-1,6,-3
38719,7.52,P,49,6,364,0,32,269,86,0,T,71,7,349,0,731,239,166,6,1,22,1,-15,0,699,-30,80,6
38720,7.19,P,78,1,476,0,301,249,92,6,Z,66,4,322,2,208,96,275,7,1,-12,3,-154,2,-93,-153,183,1
38721,9.59,T,77,0,379,0,527,145,176,9,Z,71,0,527,0,181,155,372,6,0,-6,0,148,0,-346,10,196,-3
38722,7.56,P,33,1,789,0,16,149,59,7,Z,35,1,616,0,11,83,119,1,1,2,0,-173,0,-5,-66,60,-6
38723,8.25,Z,74,1,533,0,338,253,298,12,Z,39,2,309,0,468,197,562,0,1,-35,1,-224,0,130,-56,264,-12
38724,5.43,P,23,0,292,0,0,47,41,0,T,16,0,323,0,0,14,31,0,0,-7,0,31,0,0,-33,-10,0
38725,7.21,P,44,0,443,0,48,142,54,11,Z,47,10,396,0,478,84,148,8,0,3,10,-47,0,430,-58,94,-3
38726,9.59,P,28,0,521,0,1,116,60,2,P,18,0,336,0,2,84,37,2,0,-10,0,-185,0,1,-32,-23,0
38727,8.18,Z,40,5,551,0,294,169,381,2,Z,55,7,489,0,608,239,242,7,1,15,2,-62,0,314,70,-139,5
38728,6.43,P,41,0,372,0,468,307,60,16,P,41,0,451,0,3,155,99,1,0,0,0,79,0,-465,-152,39,-15
38729,9.59,P,32,0,537,0,178,91,50,8,Z,70,0,380,0,63,115,136,5,0,38,0,-157,0,-115,24,86,-3
38730,9.58,T,125,0,494,0,323,506,135,19,Z,61,8,693,0,177,239,292,1,1,-64,8,199,0,-146,-267,157,-18
38731,8.15,T,59,0,500,0,101,139,196,15,T,49,0,531,0,26,68,73,3,1,-10,0,31,0,-75,-71,-123,-12
38732,7.13,T,29,1,741,0,10,31,51,0,P,35,1,504,0,6,81,52,0,1,6,0,-237,0,-4,50,1,0
38733,3.28,P,5,0,59,0,0,9,9,0,Z,5,0,50,0,0,2,27,0,1,0,0,-9,0,0,-7,18,0
38734,0.1,Z,1,1,17,0,0,6,4,1,P,0,0,12,0,0,3,3,1,1,-1,-1,-5,0,0,-3,-1,0
38735,9.59,T,77,3,518,0,780,177,111,4,Z,85,8,386,0,189,154,329,2,1,8,5,-132,0,-591,-23,218,-2
38736,6.26,P,45,6,388,0,350,152,100,6,Z,49,0,424,0,583,288,219,4,1,4,-6,36,0,233,136,119,-2
38737,8.55,P,69,5,461,0,129,281,82,9,T,76,0,435,0,244,412,289,15,0,7,-5,-26,0,115,131,207,6
38738,3.2,P,12,0,211,0,0,46,30,2,Z,11,2,252,0,5,49,35,1,1,-1,2,41,0,5,3,5,-1
38739,9.37,Z,63,0,491,0,33,100,195,2,Z,76,8,458,0,573,312,287,10,1,13,8,-33,0,540,212,92,8
38740,9.59,T,85,4,679,0,114,285,84,6,Z,73,7,547,0,43,266,233,0,1,-12,3,-132,0,-71,-19,149,-6
38741,8.26,T,88,0,387,0,503,224,171,10,Z,57,9,358,0,936,213,171,4,0,-31,9,-29,0,433,-11,0,-6
38742,8.45,T,99,1,587,0,307,360,156,18,P,74,0,642,0,483,227,144,11,1,-25,-1,55,0,176,-133,-12,-7
38743,9.57,T,56,0,561,0,28,229,206,10,T,56,0,850,0,15,250,127,2,1,0,0,289,0,-13,21,-79,-8
38744,5.46,Z,19,7,291,0,199,68,98,4,T,36,0,338,0,11,104,157,4,1,17,-7,47,0,-188,36,59,0
38745,9.58,T,68,0,573,0,12,273,119,12,Z,78,4,939,0,277,167,472,1,0,10,4,366,0,265,-106,353,-11
38746,0.46,Z,5,0,24,0,13,8,28,5,Z,2,0,14,0,1,6,17,0,1,-3,0,-10,0,-12,-2,-11,-5
38747,9.59,T,61,7,514,3,66,209,84,0,Z,61,3,495,0,190,321,314,6,1,0,-4,-19,-3,124,112,230,6
38748,9.58,Z,46,1,187,0,20,173,241,0,Z,47,2,440,0,77,74,142,4,0,1,1,253,0,57,-99,-99,4
38749,9.59,P,92,0,456,0,320,394,188,6,T,99,0,486,0,60,338,330,7,0,7,0,30,0,-260,-56,142,1
38750,3.51,Z,22,0,266,0,215,123,121,6,Z,23,4,89,0,203,148,172,5,0,1,4,-177,0,-12,25,51,-1
38751,4.35,P,23,1,172,0,6,131,25,1,T,23,0,47,0,3,28,40,2,1,0,-1,-125,0,-3,-103,15,1
38752,10.18,Z,65,0,428,0,484,237,496,14,T,86,0,750,0,43,130,116,3,0,21,0,322,0,-441,-107,-380,-11
38753,4.58,Z,18,3,193,0,15,11,50,1,Z,18,0,178,0,0,29,83,0,1,0,-3,-15,0,-15,18,33,-1
38754,8,Z,39,2,266,0,109,58,216,9,P,49,2,306,0,11,78,42,0,1,10,0,40,0,-98,20,-174,-9
38755,9.56,T,37,1,323,0,0,74,65,0,P,25,0,342,0,0,232,41,1,1,-12,-1,19,0,0,158,-24,1
38756,8.16,Z,55,0,247,0,37,141,155,3,Z,48,12,761,0,65,81,202,5,1,-7,12,514,0,28,-60,47,2
38757,9.59,T,81,5,545,0,54,243,147,5,Z,52,0,728,0,238,136,250,4,1,-29,-5,183,0,184,-107,103,-1
38758,9.04,Z,49,3,591,0,10,85,120,0,P,47,0,645,0,12,127,62,3,0,-2,-3,54,0,2,42,-58,3
38759,9.59,T,90,7,810,0,39,213,158,3,Z,66,2,697,0,56,131,261,3,0,-24,-5,-113,0,17,-82,103,0
38760,8.3,P,84,2,487,0,476,261,109,9,T,114,0,592,0,201,259,137,11,1,30,-2,105,0,-275,-2,28,2
38761,9.48,T,55,0,576,0,4,222,117,3,T,68,1,713,0,116,361,107,3,0,13,1,137,0,112,139,-10,0
38762,4.17,P,19,2,244,0,100,85,83,2,P,21,0,195,0,8,112,34,4,0,2,-2,-49,0,-92,27,-49,2
38763,4.26,Z,17,1,230,0,35,78,80,3,P,21,3,311,0,76,55,16,0,1,4,2,81,0,41,-23,-64,-3
38764,9.59,Z,85,0,1207,1,140,164,252,7,T,88,0,791,0,57,175,98,6,0,3,0,-416,-1,-83,11,-154,-1
38765,7.39,Z,39,0,202,0,123,164,201,3,T,50,2,304,0,21,182,87,5,0,11,2,102,0,-102,18,-114,2
38766,10.49,Z,124,0,580,0,763,342,412,14,T,156,0,717,0,1486,285,257,17,1,32,0,137,0,723,-57,-155,3
38767,3.45,T,18,0,261,0,10,73,27,3,T,14,0,186,0,2,84,65,2,0,-4,0,-75,0,-8,11,38,-1
38768,3.44,Z,13,2,85,0,236,22,33,2,Z,9,1,103,0,43,28,90,0,0,-4,-1,18,0,-193,6,57,-2
38769,4.2,T,31,1,189,0,156,118,30,10,T,30,0,216,0,37,68,18,4,1,-1,-1,27,0,-119,-50,-12,-6
38770,9.57,T,47,14,697,0,11,85,66,1,T,31,0,503,0,4,40,58,3,0,-16,-14,-194,0,-7,-45,-8,2
38771,8.22,T,66,0,315,0,172,236,139,7,P,62,5,427,8,103,247,105,1,0,-4,5,112,8,-69,11,-34,-6
38772,7.01,T,67,0,359,2,228,103,76,3,P,32,0,282,0,196,141,95,8,1,-35,0,-77,-2,-32,38,19,5
38773,9.58,P,92,0,662,0,785,241,159,15,T,67,0,274,0,37,173,107,8,0,-25,0,-388,0,-748,-68,-52,-7
38774,9.58,P,77,4,448,0,62,293,162,9,Z,109,13,431,1,166,215,294,2,1,32,9,-17,1,104,-78,132,-7
38775,9.59,P,71,2,742,0,141,233,71,11,Z,84,10,535,0,392,219,231,8,0,13,8,-207,0,251,-14,160,-3
38776,8.08,Z,40,0,328,0,154,193,255,3,P,44,4,513,0,14,253,134,0,1,4,4,185,0,-140,60,-121,-3
38777,8.53,Z,73,2,354,0,543,155,338,7,T,85,0,355,0,981,258,130,18,0,12,-2,1,0,438,103,-208,11
38778,0.21,T,2,0,7,0,0,0,3,0,P,2,0,18,0,17,2,3,2,0,0,0,11,0,17,2,0,2
38779,9.59,T,52,3,739,0,38,283,52,3,T,57,0,399,0,46,80,74,7,1,5,-3,-340,0,8,-203,22,4
38780,9.58,Z,50,2,142,0,1,89,201,0,T,54,0,646,0,34,94,66,10,0,4,-2,504,0,33,5,-135,10
38781,9.59,T,59,0,742,0,0,242,104,0,P,43,0,465,0,53,177,81,9,1,-16,0,-277,0,53,-65,-23,9
38782,9.26,T,103,4,392,0,416,221,270,4,P,61,0,795,0,114,156,77,4,0,-42,-4,403,0,-302,-65,-193,0
38783,9.59,P,51,0,408,0,8,270,122,4,T,64,0,580,0,2,218,114,7,0,13,0,172,0,-6,-52,-8,3
38784,6.41,P,20,0,541,0,0,69,54,2,T,37,0,452,0,24,129,41,6,0,17,0,-89,0,24,60,-13,4
38785,7.03,P,28,2,224,0,24,108,97,4,Z,41,0,527,0,66,91,143,3,1,13,-2,303,0,42,-17,46,-1
38786,4.15,Z,22,7,99,0,158,85,176,0,Z,18,1,116,8,29,37,67,0,1,-4,-6,17,8,-129,-48,-109,0
38787,5.17,Z,40,0,288,0,204,101,149,8,T,30,3,494,0,13,35,57,0,1,-10,3,206,0,-191,-66,-92,-8
38788,9.59,Z,69,0,419,0,135,312,349,7,T,58,10,300,0,904,173,78,3,0,-11,10,-119,0,769,-139,-271,-4
38789,4.18,T,18,3,279,0,27,82,36,0,P,16,0,363,0,0,65,23,0,1,-2,-3,84,0,-27,-17,-13,0
38790,8.39,Z,49,9,287,1,317,155,171,2,Z,63,5,216,0,531,290,278,7,0,14,-4,-71,-1,214,135,107,5
38791,9.59,Z,52,3,352,0,643,538,393,19,T,89,3,418,0,55,209,114,6,1,37,0,66,0,-588,-329,-279,-13
38792,7.54,Z,32,0,456,5,52,145,116,0,P,38,0,623,0,14,28,46,1,0,6,0,167,-5,-38,-117,-70,1
38793,9.58,T,82,4,565,0,111,155,84,0,Z,62,0,437,6,372,133,199,6,1,-20,-4,-128,6,261,-22,115,6
38794,5.06,T,33,10,388,0,25,55,61,2,P,35,2,222,0,34,22,66,0,0,2,-8,-166,0,9,-33,5,-2
38795,9.59,Z,76,1,540,0,65,161,196,2,T,62,0,794,0,28,161,126,3,0,-14,-1,254,0,-37,0,-70,1
38796,2.57,T,13,0,77,0,173,60,61,2,T,14,1,131,0,52,87,22,1,1,1,1,54,0,-121,27,-39,-1
38797,3.12,T,14,0,145,0,4,46,23,3,Z,11,1,88,0,21,33,43,0,1,-3,1,-57,0,17,-13,20,-3
38798,5.09,Z,21,3,278,0,17,16,50,1,Z,18,0,85,0,3,47,65,2,0,-3,-3,-193,0,-14,31,15,1
38799,9.56,T,68,0,506,0,18,237,75,6,P,61,7,402,0,469,252,201,7,0,-7,7,-104,0,451,15,126,1
38800,6.1,P,33,1,297,0,6,61,47,0,T,76,0,298,0,316,158,164,8,1,43,-1,1,0,310,97,117,8
38801,6.5,P,28,1,426,0,99,180,111,6,P,37,0,268,0,428,123,257,5,0,9,-1,-158,0,329,-57,146,-1
38802,10.22,T,33,0,463,0,0,95,82,0,Z,24,0,465,0,0,62,85,0,1,-9,0,2,0,0,-33,3,0
38803,9.39,P,84,0,443,0,762,318,139,24,Z,159,6,397,0,589,304,427,5,0,75,6,-46,0,-173,-14,288,-19
38804,7.51,T,34,0,242,0,0,33,52,0,Z,35,0,209,0,0,33,103,2,1,1,0,-33,0,0,0,51,2
38805,9.59,Z,61,0,347,0,36,183,159,6,Z,76,0,447,0,600,174,690,6,0,15,0,100,0,564,-9,531,0
38806,8.38,Z,42,7,613,0,40,242,164,5,P,44,4,369,0,460,188,43,6,0,2,-3,-244,0,420,-54,-121,1
38807,2.27,Z,7,0,39,0,0,5,31,1,Z,10,2,50,0,125,14,84,1,0,3,2,11,0,125,9,53,0
38808,7.24,T,60,0,472,0,51,128,86,7,P,41,0,193,0,35,105,52,9,0,-19,0,-279,0,-16,-23,-34,2
38809,5.58,Z,34,0,229,0,149,105,190,8,Z,27,3,165,0,27,75,108,0,1,-7,3,-64,0,-122,-30,-82,-8
38810,5.15,P,21,0,307,0,25,72,78,1,T,17,0,259,0,0,14,24,3,0,-4,0,-48,0,-25,-58,-54,2
38811,3.28,Z,19,0,187,0,56,70,82,11,Z,12,1,402,0,95,40,50,0,0,-7,1,215,0,39,-30,-32,-11
38812,5.38,Z,27,2,230,0,113,33,154,0,T,36,0,294,0,9,120,57,4,0,9,-2,64,0,-104,87,-97,4
38813,9.59,Z,43,4,469,0,66,64,161,0,P,41,0,429,0,0,87,76,0,0,-2,-4,-40,0,-66,23,-85,0
38814,9.58,P,49,0,169,0,25,197,73,5,T,71,0,753,0,68,308,96,10,1,22,0,584,0,43,111,23,5
38815,9.59,T,35,0,390,0,0,32,62,1,T,45,2,471,0,15,47,68,0,1,10,2,81,0,15,15,6,-1
38816,4.49,T,27,2,209,0,50,91,121,6,T,20,0,152,0,0,36,32,1,1,-7,-2,-57,0,-50,-55,-89,-5
38817,6.07,Z,46,0,325,0,114,292,165,5,T,35,0,404,0,31,85,48,10,1,-11,0,79,0,-83,-207,-117,5
38818,10.59,Z,59,7,367,0,42,109,199,1,P,54,0,701,0,35,226,83,6,0,-5,-7,334,0,-7,117,-116,5
38819,9.36,Z,39,0,398,0,33,65,112,6,T,35,0,458,0,0,27,59,0,0,-4,0,60,0,-33,-38,-53,-6
38820,6.54,T,32,0,223,0,834,143,50,8,Z,55,1,357,0,22,158,144,4,1,23,1,134,0,-812,15,94,-4
38821,9.59,T,151,0,472,0,585,271,253,19,T,111,7,393,0,165,456,187,6,0,-40,7,-79,0,-420,185,-66,-13
38822,9.59,T,69,1,446,0,50,80,79,2,P,49,0,613,0,12,279,79,10,0,-20,-1,167,0,-38,199,0,8
38823,9.59,T,70,1,1040,0,17,70,114,5,P,35,0,644,0,0,108,53,0,1,-35,-1,-396,0,-17,38,-61,-5
38824,2.52,T,7,3,64,0,394,43,16,0,Z,12,0,37,0,12,13,29,1,1,5,-3,-27,0,-382,-30,13,1
38825,6.08,Z,29,1,270,0,8,165,77,3,P,33,1,522,0,12,81,42,3,1,4,0,252,0,4,-84,-35,0
38826,4.09,P,28,0,214,0,287,173,60,4,P,25,0,295,0,41,79,38,2,1,-3,0,81,0,-246,-94,-22,-2
38827,1.45,T,6,0,68,0,0,6,11,0,T,6,0,46,0,155,12,40,3,0,0,0,-22,0,155,6,29,3
38828,8.31,T,80,0,464,0,468,208,184,8,P,62,0,338,0,56,296,114,14,0,-18,0,-126,0,-412,88,-70,6
38829,8.46,Z,67,0,462,0,166,240,270,8,T,123,5,561,0,394,306,236,15,1,56,5,99,0,228,66,-34,7
38830,9.01,Z,65,0,480,0,315,165,260,10,P,62,0,560,0,12,194,58,3,1,-3,0,80,0,-303,29,-202,-7
38831,3.51,P,46,1,146,0,117,277,71,5,T,33,0,114,2,55,139,16,1,0,-13,-1,-32,2,-62,-138,-55,-4
38832,9.59,T,123,5,421,0,547,421,158,7,Z,134,4,625,0,940,365,383,10,1,11,-1,204,0,393,-56,225,3
38833,9.59,Z,67,15,221,0,52,145,242,1,P,59,4,430,0,71,331,70,5,0,-8,-11,209,0,19,186,-172,4
38834,6.34,P,22,0,285,0,3,40,77,2,T,34,0,543,0,1,62,56,2,0,12,0,258,0,-2,22,-21,0
38835,8.41,T,96,10,448,0,762,194,139,6,P,51,0,380,0,89,185,98,10,0,-45,-10,-68,0,-673,-9,-41,4
38836,9.06,Z,68,4,534,0,52,168,215,1,P,47,0,537,0,14,150,124,2,0,-21,-4,3,0,-38,-18,-91,1
38837,7.05,T,34,0,420,0,2,252,134,4,P,47,0,450,0,27,192,91,3,0,13,0,30,0,25,-60,-43,-1
38838,9.58,P,47,5,527,0,474,236,184,8,P,45,4,536,0,28,97,65,1,0,-2,-1,9,0,-446,-139,-119,-7
38839,6.17,T,57,0,232,5,191,265,99,4,P,38,0,271,0,412,149,105,13,1,-19,0,39,-5,221,-116,6,9
38840,3.07,T,18,0,124,0,69,83,130,4,Z,8,0,81,0,0,23,30,0,0,-10,0,-43,0,-69,-60,-100,-4
38841,9.59,Z,56,5,574,0,795,243,347,1,P,84,0,524,0,572,228,101,14,0,28,-5,-50,0,-223,-15,-246,13
38842,4.27,T,25,0,154,0,24,41,18,3,T,25,0,109,0,202,159,135,3,0,0,0,-45,0,178,118,117,0
38843,9.59,T,54,6,665,0,14,107,92,0,Z,53,7,179,0,38,89,166,1,1,-1,1,-486,0,24,-18,74,1
38844,5.45,P,34,2,409,0,8,92,45,0,Z,38,9,272,0,24,133,147,3,1,4,7,-137,0,16,41,102,3
38845,4.18,T,23,0,145,0,143,110,185,5,T,21,0,173,0,4,94,32,3,1,-2,0,28,0,-139,-16,-153,-2
38846,9.39,P,59,0,414,0,13,232,133,2,T,88,5,582,0,91,285,149,5,1,29,5,168,0,78,53,16,3
38847,9.59,Z,77,13,399,6,482,179,250,2,T,92,4,533,0,106,312,102,1,0,15,-9,134,-6,-376,133,-148,-1
38848,7.04,P,75,5,247,0,149,212,65,13,P,59,0,200,0,564,189,326,12,1,-16,-5,-47,0,415,-23,261,-1
38849,9.58,Z,69,0,641,0,3,113,217,3,Z,54,0,311,0,0,183,236,0,0,-15,0,-330,0,-3,70,19,-3
38850,5.56,P,37,0,323,0,23,136,46,2,T,23,0,261,0,0,16,54,0,0,-14,0,-62,0,-23,-120,8,-2
38851,2.54,Z,12,1,38,0,14,40,68,3,Z,10,2,147,0,121,52,83,0,0,-2,1,109,0,107,12,15,-3
38852,4.44,P,28,0,217,0,8,222,64,2,P,20,0,110,0,17,45,17,6,1,-8,0,-107,0,9,-177,-47,4
38853,9.59,P,47,0,609,0,31,62,61,1,Z,41,0,622,0,43,54,145,3,1,-6,0,13,0,12,-8,84,2
38854,9.59,P,39,0,533,0,49,274,245,14,P,62,0,471,0,61,129,70,10,1,23,0,-62,0,12,-145,-175,-4
38855,9.59,Z,89,2,850,0,6,134,237,0,T,80,9,444,0,795,291,252,6,0,-9,7,-406,0,789,157,15,6
38856,6.1,T,45,2,317,0,68,128,122,6,Z,29,0,706,0,28,79,77,3,1,-16,-2,389,0,-40,-49,-45,-3
38857,5.14,P,18,0,309,0,2,48,47,2,Z,25,0,30,0,0,11,73,0,0,7,0,-279,0,-2,-37,26,-2
38858,9.58,T,98,3,649,0,46,152,250,7,Z,76,9,213,0,123,206,302,9,1,-22,6,-436,0,77,54,52,2
38859,7.03,Z,58,5,420,0,394,277,214,10,P,93,0,419,0,67,252,91,9,0,35,-5,-1,0,-327,-25,-123,-1
38860,4.04,P,17,0,130,0,28,55,33,5,T,11,0,388,0,0,11,17,0,0,-6,0,258,0,-28,-44,-16,-5
38861,6,T,21,0,147,0,1,79,61,2,P,31,0,225,0,0,28,57,1,0,10,0,78,0,-1,-51,-4,-1
38862,3,T,19,0,203,0,0,118,27,2,T,11,0,117,0,83,28,41,3,1,-8,0,-86,0,83,-90,14,1
38863,4.59,P,39,1,211,0,118,149,107,5,T,31,0,318,0,33,81,49,5,0,-8,-1,107,0,-85,-68,-58,0
38864,9.59,Z,105,8,555,0,422,242,321,3,T,76,0,868,0,45,122,99,10,0,-29,-8,313,0,-377,-120,-222,7
38865,0.33,P,4,0,80,0,1,1,1,1,Z,2,0,48,0,0,3,5,0,1,-2,0,-32,0,-1,2,4,-1
38866,0.36,T,2,3,23,0,20,12,3,0,T,4,0,29,0,24,13,7,2,1,2,-3,6,0,4,1,4,2
38867,8.22,T,43,0,639,0,0,95,53,1,P,32,0,324,0,0,43,58,0,1,-11,0,-315,0,0,-52,5,-1
38868,9.59,T,63,0,558,0,0,123,62,0,P,28,0,633,0,8,56,48,3,0,-35,0,75,0,8,-67,-14,3
38869,8.25,P,56,0,785,0,28,248,106,4,Z,53,2,330,0,89,167,191,6,0,-3,2,-455,0,61,-81,85,2
38870,5.55,P,20,1,321,0,11,28,24,1,P,36,0,385,0,43,60,64,5,1,16,-1,64,0,32,32,40,4
38871,8.52,Z,81,0,366,18,435,411,303,3,T,102,0,584,0,385,313,96,11,0,21,0,218,-18,-50,-98,-207,8
